             1. open   2. high    3. low  4. close  5. adjusted close  6. volume  7. dividend amount  8. split coefficient
date                                                                                                                      
2019-03-06  0.250000  0.270000  0.250000  0.250000           0.250000  1994520.0                 0.0                   1.0
2019-03-08  0.250000  0.250000  0.250000  0.250000           0.250000     1200.0                 0.0                   1.0
2019-03-11  0.250000  0.250000  0.250000  0.250000           0.250000     1010.0                 0.0                   1.0
2019-03-12  0.250000  0.250000  0.250000  0.250000           0.250000       20.0                 0.0                   1.0
2019-03-14  0.250000  0.250000  0.250000  0.250000           0.250000     2000.0                 0.0                   1.0
2019-03-15  0.260000  0.260000  0.260000  0.260000           0.260000      300.0                 0.0                   1.0
2019-03-18  0.260000  0.260000  0.260000  0.260000           0.260000      385.0                 0.0                   1.0
2019-03-19  0.260000  0.260000  0.260000  0.260000           0.260000      300.0                 0.0                   1.0
2019-03-20  0.260000  0.260000  0.260000  0.260000           0.260000     3500.0                 0.0                   1.0
2019-03-21  0.250000  0.549100  0.250000  0.300000           0.300000     1000.0                 0.0                   1.0
2019-03-22  0.300800  0.300800  0.225000  0.300000           0.300000     1097.0                 0.0                   1.0
2019-03-25  0.300000  0.300000  0.300000  0.300000           0.300000    30300.0                 0.0                   1.0
2019-03-26  0.300000  0.325000  0.220000  0.300000           0.300000    31511.0                 0.0                   1.0
2019-03-27  0.320000  0.416000  0.320000  0.350000           0.350000    13701.0                 0.0                   1.0
2019-03-28  0.350500  0.350500  0.350000  0.350000           0.350000     1300.0                 0.0                   1.0
2019-03-29  0.340000  0.340000  0.340000  0.340000           0.340000      157.0                 0.0                   1.0
2019-04-01  0.380000  0.380000  0.380000  0.380000           0.380000     1011.0                 0.0                   1.0
2019-04-02  0.380000  0.380000  0.380000  0.380000           0.380000      222.0                 0.0                   1.0
2019-04-03  0.350000  0.350000  0.348600  0.350000           0.350000     4100.0                 0.0                   1.0
2019-04-04  0.350000  0.350000  0.350000  0.350000           0.350000     1000.0                 0.0                   1.0
2019-04-05  0.340000  0.340000  0.340000  0.340000           0.340000      300.0                 0.0                   1.0
2019-04-08  0.330000  0.330000  0.330000  0.330000           0.330000      200.0                 0.0                   1.0
2019-04-09  0.350000  0.350000  0.350000  0.350000           0.350000    15000.0                 0.0                   1.0
2019-04-10  0.320000  0.330000  0.280000  0.330000           0.330000    36696.0                 0.0                   1.0
2019-04-12  0.320000  0.320000  0.320000  0.320000           0.320000     1400.0                 0.0                   1.0
2019-04-17  0.300000  0.320000  0.300000  0.320000           0.320000     1300.0                 0.0                   1.0
2019-04-18  0.280000  0.300000  0.280000  0.300000           0.300000     8500.0                 0.0                   1.0
2019-04-22  0.290000  0.330000  0.290000  0.330000           0.330000     1535.0                 0.0                   1.0
2019-04-23  0.300000  0.300000  0.300000  0.300000           0.300000     1200.0                 0.0                   1.0
2019-04-24  0.290000  0.290000  0.290000  0.290000           0.290000      200.0                 0.0                   1.0
2019-04-25  0.280000  0.280000  0.280000  0.280000           0.280000     1000.0                 0.0                   1.0
2019-04-26  0.270000  0.270000  0.250000  0.250000           0.250000    30200.0                 0.0                   1.0
2019-04-29  0.234500  0.250000  0.234500  0.250000           0.250000    13451.0                 0.0                   1.0
2019-04-30  0.250000  0.250000  0.240100  0.240100           0.240100    14000.0                 0.0                   1.0
2019-05-01  0.240000  0.240000  0.240000  0.240000           0.240000     1500.0                 0.0                   1.0
2019-05-02  0.240000  0.250000  0.240000  0.250000           0.250000    53000.0                 0.0                   1.0
2019-05-03  0.250000  0.250000  0.250000  0.250000           0.250000       10.0                 0.0                   1.0
2019-05-06  0.300000  0.300000  0.300000  0.300000           0.300000     1000.0                 0.0                   1.0
2019-05-07  0.290000  0.290000  0.290000  0.290000           0.290000      200.0                 0.0                   1.0
2019-05-08  0.290000  0.290000  0.290000  0.290000           0.290000      200.0                 0.0                   1.0
2019-05-09  0.280000  0.280000  0.280000  0.280000           0.280000      200.0                 0.0                   1.0
2019-05-15  0.260000  0.350000  0.260000  0.330000           0.330000     6602.0                 0.0                   1.0
2019-05-17  0.290000  0.330000  0.290000  0.330000           0.330000     2500.0                 0.0                   1.0
2019-05-20  0.310000  0.330000  0.310000  0.330000           0.330000      600.0                 0.0                   1.0
2019-05-21  0.320000  0.330000  0.260000  0.330000           0.330000     6900.0                 0.0                   1.0
2019-05-24  0.280000  0.280000  0.280000  0.280000           0.280000      500.0                 0.0                   1.0
2019-05-28  0.280000  0.280000  0.280000  0.280000           0.280000        1.0                 0.0                   1.0
2019-05-29  0.280000  0.280100  0.234600  0.280000           0.280000    24000.0                 0.0                   1.0
2019-05-30  0.270000  0.270000  0.270000  0.270000           0.270000      200.0                 0.0                   1.0
2019-05-31  0.260000  0.280000  0.234600  0.280000           0.280000     1400.0                 0.0                   1.0
2019-06-07  0.260000  0.260000  0.260000  0.260000           0.260000      200.0                 0.0                   1.0
2019-06-13  0.280000  0.280000  0.280000  0.280000           0.280000      100.0                 0.0                   1.0
2019-06-14  0.270000  0.270000  0.270000  0.270000           0.270000      200.0                 0.0                   1.0
2019-06-17  0.270000  0.270000  0.270000  0.270000           0.270000        1.0                 0.0                   1.0
2019-06-18  0.270000  0.270000  0.270000  0.270000           0.270000        1.0                 0.0                   1.0
2019-06-24  0.270000  0.270000  0.270000  0.270000           0.270000        6.0                 0.0                   1.0
2019-06-25  0.250000  0.260000  0.175000  0.260000           0.260000     3732.0                 0.0                   1.0
2019-06-27  0.250000  0.262800  0.210000  0.260000           0.260000     1900.0                 0.0                   1.0
2019-07-16  0.250000  0.250000  0.250000  0.250000           0.250000      300.0                 0.0                   1.0
2019-07-17  0.260000  0.270000  0.260000  0.260000           0.260000     9200.0                 0.0                   1.0
2019-07-19  0.270000  0.270000  0.270000  0.270000           0.270000     1700.0                 0.0                   1.0
2019-07-30  0.260000  0.280000  0.250000  0.280000           0.280000     2200.0                 0.0                   1.0
2019-07-31  0.270000  0.280000  0.270000  0.280000           0.280000     4100.0                 0.0                   1.0
2019-08-21  0.250000  0.280000  0.250000  0.280000           0.280000     2700.0                 0.0                   1.0
2019-08-22  0.260000  0.270000  0.250000  0.270000           0.270000     3644.0                 0.0                   1.0
2019-08-23  0.270000  0.270000  0.270000  0.270000           0.270000      300.0                 0.0                   1.0
2019-08-28  0.250000  0.280000  0.220100  0.280000           0.280000    13700.0                 0.0                   1.0
2019-08-29  0.280000  0.300000  0.250000  0.300000           0.300000    11056.0                 0.0                   1.0
2019-08-30  0.290000  0.330000  0.290000  0.330000           0.330000     5300.0                 0.0                   1.0
2019-09-03  0.330000  0.330000  0.330000  0.330000           0.330000      119.0                 0.0                   1.0
2019-09-06  0.250000  0.330000  0.250000  0.330000           0.330000     9800.0                 0.0                   1.0
2019-09-09  0.320000  0.320000  0.320000  0.320000           0.320000      262.0                 0.0                   1.0
2019-09-10  0.310000  0.310000  0.310000  0.310000           0.310000      358.0                 0.0                   1.0
2019-09-11  0.319900  0.319900  0.300000  0.300000           0.300000    10200.0                 0.0                   1.0
2019-09-17  0.300000  0.300000  0.300000  0.300000           0.300000      200.0                 0.0                   1.0
2019-09-20  0.310000  0.310000  0.310000  0.310000           0.310000      300.0                 0.0                   1.0
2019-09-24  0.300000  0.300000  0.300000  0.300000           0.300000    15000.0                 0.0                   1.0
2019-09-25  0.296999  0.300000  0.293000  0.293000           0.293000     1800.0                 0.0                   1.0
2019-09-26  0.300000  0.300000  0.300000  0.300000           0.300000      200.0                 0.0                   1.0
2019-09-27  0.300000  0.300000  0.300000  0.300000           0.300000     1000.0                 0.0                   1.0
2019-09-30  0.240000  0.319900  0.240000  0.300000           0.300000     5915.0                 0.0                   1.0
2019-10-11  0.300000  0.300000  0.300000  0.300000           0.300000    10000.0                 0.0                   1.0
2019-10-14  0.300000  0.300000  0.300000  0.300000           0.300000    14054.0                 0.0                   1.0
2019-10-15  0.300000  0.300000  0.300000  0.300000           0.300000     1000.0                 0.0                   1.0
2019-10-17  0.300000  0.300000  0.300000  0.300000           0.300000      200.0                 0.0                   1.0
2019-10-18  0.300000  0.300000  0.300000  0.300000           0.300000      134.0                 0.0                   1.0
2019-10-29  0.300000  0.300000  0.300000  0.300000           0.300000      561.0                 0.0                   1.0
2019-10-30  0.310000  0.323800  0.310000  0.323800           0.323800     7000.0                 0.0                   1.0
2019-10-31  0.330000  0.330000  0.320000  0.320000           0.320000      696.0                 0.0                   1.0
2019-11-01  0.310000  0.310000  0.310000  0.310000           0.310000      384.0                 0.0                   1.0
2019-11-04  0.310000  0.310000  0.310000  0.310000           0.310000       24.0                 0.0                   1.0
2019-11-06  0.300000  0.300000  0.300000  0.300000           0.300000      300.0                 0.0                   1.0
2019-11-11  0.320000  0.320000  0.310000  0.310000           0.310000      500.0                 0.0                   1.0
2019-11-12  0.300000  0.300000  0.300000  0.300000           0.300000      300.0                 0.0                   1.0
2019-11-13  0.300000  0.300000  0.300000  0.300000           0.300000      200.0                 0.0                   1.0
2019-11-18  0.300000  0.300000  0.300000  0.300000           0.300000      274.0                 0.0                   1.0
2019-11-29  0.290000  0.290000  0.290000  0.290000           0.290000      100.0                 0.0                   1.0
2019-12-06  0.300000  0.300000  0.290000  0.290000           0.290000      600.0                 0.0                   1.0
2019-12-18  0.260000  0.270000  0.230000  0.270000           0.270000     5001.0                 0.0                   1.0
2019-12-19  0.300000  0.300000  0.300000  0.300000           0.300000    10000.0                 0.0                   1.0
2019-12-31  0.280000  0.280000  0.280000  0.280000           0.280000      300.0                 0.0                   1.0
2020-01-03  0.290000  0.290000  0.280000  0.280000           0.280000      500.0                 0.0                   1.0
2020-01-08  0.260000  0.260000  0.260000  0.260000           0.260000      100.0                 0.0                   1.0
2020-01-09  0.290000  0.290000  0.290000  0.290000           0.290000      100.0                 0.0                   1.0
2020-01-30  0.295350  0.295350  0.295350  0.295350           0.295350      100.0                 0.0                   1.0
2020-01-31  0.280000  0.290000  0.270000  0.290000           0.290000   250500.0                 0.0                   1.0
2020-02-03  0.280000  0.280000  0.280000  0.280000           0.280000     1000.0                 0.0                   1.0
2020-02-05  0.280000  0.280000  0.280000  0.280000           0.280000      100.0                 0.0                   1.0
2020-02-07  0.299040  0.299040  0.299040  0.299040           0.299040      500.0                 0.0                   1.0
2020-02-24  0.280000  0.280000  0.280000  0.280000           0.280000     1000.0                 0.0                   1.0
2020-02-27  0.270000  0.270000  0.270000  0.270000           0.270000    19855.0                 0.0                   1.0
2020-02-28  0.280000  0.280000  0.280000  0.280000           0.280000      502.0                 0.0                   1.0
2020-03-06  0.230000  0.300000  0.230000  0.289899           0.289899     1300.0                 0.0                   1.0
2020-03-12  0.161000  0.280000  0.161000  0.230000           0.230000    26100.0                 0.0                   1.0
2020-03-16  0.196000  0.196000  0.111300  0.175000           0.175000     2700.0                 0.0                   1.0
2020-03-18  0.123500  0.123500  0.123500  0.123500           0.123500     1300.0                 0.0                   1.0
2020-03-25  0.123500  0.123500  0.123500  0.123500           0.123500       31.0                 0.0                   1.0
2020-04-06  0.111300  0.111300  0.111300  0.111300           0.111300      900.0                 0.0                   1.0
2020-04-07  0.111300  0.111300  0.111300  0.111300           0.111300        5.0                 0.0                   1.0
2020-04-08  0.166000  0.173000  0.165700  0.170000           0.170000   123059.0                 0.0                   1.0
2020-04-09  0.170000  0.170000  0.091000  0.170000           0.170000     2074.0                 0.0                   1.0
2020-04-13  0.170000  0.170000  0.170000  0.170000           0.170000      176.0                 0.0                   1.0
2020-04-16  0.170000  0.170000  0.170000  0.170000           0.170000      100.0                 0.0                   1.0
2020-04-17  0.095400  0.130000  0.080000  0.100000           0.100000    25700.0                 0.0                   1.0
2020-04-20  0.120000  0.120000  0.080000  0.080000           0.080000    53528.0                 0.0                   1.0
2020-04-21  0.080000  0.080000  0.080000  0.080000           0.080000      502.0                 0.0                   1.0
2020-04-22  0.080100  0.100000  0.080100  0.100000           0.100000   204085.0                 0.0                   1.0
2020-04-23  0.100000  0.100000  0.100000  0.100000           0.100000   407330.0                 0.0                   1.0
2020-04-24  0.100000  0.100000  0.100000  0.100000           0.100000       21.0                 0.0                   1.0
2020-04-28  0.117100  0.117100  0.116500  0.116500           0.116500      310.0                 0.0                   1.0
2020-04-29  0.160000  0.160000  0.110000  0.110000           0.110000    27401.0                 0.0                   1.0
2020-04-30  0.134999  0.135000  0.115000  0.115000           0.115000    30317.0                 0.0                   1.0
2020-05-01  0.115000  0.115000  0.115000  0.115000           0.115000       10.0                 0.0                   1.0
2020-05-04  0.150000  0.220000  0.138900  0.190200           0.190200    58166.0                 0.0                   1.0
2020-05-05  0.270000  0.270000  0.190200  0.190200           0.190200     8934.0                 0.0                   1.0
2020-05-06  0.250800  0.250800  0.061800  0.170000           0.170000     4148.0                 0.0                   1.0
2020-05-08  0.150000  0.220000  0.150000  0.170000           0.170000    15005.0                 0.0                   1.0
2020-05-11  0.150000  0.157373  0.150000  0.150000           0.150000     6404.0                 0.0                   1.0
2020-05-12  0.150000  0.170000  0.150000  0.150000           0.150000     3056.0                 0.0                   1.0
2020-05-13  0.150000  0.150000  0.150000  0.150000           0.150000        2.0                 0.0                   1.0
2020-05-14  0.150000  0.150100  0.150000  0.150100           0.150100     2000.0                 0.0                   1.0
2020-05-15  0.150000  0.150000  0.150000  0.150000           0.150000      260.0                 0.0                   1.0
2020-05-18  0.150000  0.150000  0.150000  0.150000           0.150000    28894.0                 0.0                   1.0
2020-05-19  0.150000  0.150000  0.150000  0.150000           0.150000        1.0                 0.0                   1.0
2020-05-20  0.150000  0.150000  0.150000  0.150000           0.150000        6.0                 0.0                   1.0
2020-05-21  0.150000  0.150000  0.150000  0.150000           0.150000    17557.0                 0.0                   1.0
2020-05-22  0.150000  0.150000  0.150000  0.150000           0.150000      350.0                 0.0                   1.0
2020-05-27  0.150000  0.150751  0.150000  0.150000           0.150000     3220.0                 0.0                   1.0
2020-05-28  0.165000  0.165000  0.165000  0.165000           0.165000      115.0                 0.0                   1.0
2020-05-29  0.159000  0.160000  0.158900  0.160000           0.160000     2750.0                 0.0                   1.0
2020-06-01  0.160000  0.171200  0.160000  0.171200           0.171200     1020.0                 0.0                   1.0
2020-06-02  0.159200  0.180000  0.150000  0.180000           0.180000      568.0                 0.0                   1.0
2020-06-03  0.180000  0.180000  0.180000  0.180000           0.180000      168.0                 0.0                   1.0
2020-06-04  0.180000  0.180000  0.180000  0.180000           0.180000    12876.0                 0.0                   1.0
2020-06-05  0.180000  0.180000  0.180000  0.180000           0.180000    31306.0                 0.0                   1.0
2020-06-08  0.206999  0.206999  0.190000  0.200000           0.200000    51506.0                 0.0                   1.0
2020-06-09  0.200000  0.200000  0.200000  0.200000           0.200000        2.0                 0.0                   1.0
2020-06-10  0.150000  0.300000  0.150000  0.290000           0.290000   118949.0                 0.0                   1.0
2020-06-11  0.300000  0.300000  0.220000  0.220100           0.220100    26385.0                 0.0                   1.0
2020-06-12  0.280000  0.300000  0.220100  0.220100           0.220100    14565.0                 0.0                   1.0
2020-06-15  0.200000  0.233300  0.200000  0.233300           0.233300     2492.0                 0.0                   1.0
2020-06-16  0.250000  0.250000  0.250000  0.250000           0.250000      421.0                 0.0                   1.0
2020-06-17  0.200000  0.250000  0.200000  0.250000           0.250000     7424.0                 0.0                   1.0
2020-06-18  0.250000  0.250000  0.250000  0.250000           0.250000      355.0                 0.0                   1.0
2020-06-19  0.171100  0.300000  0.171100  0.200100           0.200100     9023.0                 0.0                   1.0
2020-06-22  0.250000  0.250000  0.180100  0.190100           0.190100    93566.0                 0.0                   1.0
2020-06-23  0.220100  0.299900  0.210000  0.260000           0.260000    19606.0                 0.0                   1.0
2020-06-24  0.190600  0.299900  0.190600  0.290000           0.290000    63826.0                 0.0                   1.0
2020-06-25  0.171000  0.260000  0.171000  0.260000           0.260000    23703.0                 0.0                   1.0
2020-06-26  0.290000  0.290000  0.230000  0.240000           0.240000     6228.0                 0.0                   1.0
2020-06-29  0.250000  0.290000  0.250000  0.270000           0.270000    23855.0                 0.0                   1.0
2020-06-30  0.250000  0.250000  0.230000  0.250000           0.250000    57929.0                 0.0                   1.0
2020-07-01  0.250000  0.460000  0.250000  0.460000           0.460000   151200.0                 0.0                   1.0
2020-07-02  0.550000  0.619900  0.310000  0.550000           0.550000   137448.0                 0.0                   1.0
2020-07-06  0.570000  0.700000  0.440000  0.535000           0.535000    48357.0                 0.0                   1.0
2020-07-07  0.470000  0.650000  0.440000  0.440100           0.440100    52327.0                 0.0                   1.0
2020-07-08  0.440400  0.499900  0.440400  0.499799           0.499799     2939.0                 0.0                   1.0
2020-07-09  0.500000  0.599900  0.480000  0.499900           0.499900     9125.0                 0.0                   1.0
2020-07-10  0.599000  0.599000  0.459681  0.459681           0.459681    22795.0                 0.0                   1.0
2020-07-13  0.450000  0.510549  0.380000  0.380000           0.380000    31207.0                 0.0                   1.0
2020-07-14  0.380000  0.509900  0.359900  0.479000           0.479000   179144.0                 0.0                   1.0
2020-07-15  0.480000  0.512400  0.402100  0.480000           0.480000    30223.0                 0.0                   1.0
2020-07-16  0.480000  0.508600  0.400000  0.499800           0.499800    21118.0                 0.0                   1.0
2020-07-17  0.499800  0.499800  0.400000  0.450000           0.450000    61870.0                 0.0                   1.0
2020-07-20  0.410000  0.410200  0.400000  0.400000           0.400000    26172.0                 0.0                   1.0
2020-07-21  0.405000  0.411400  0.340000  0.380000           0.380000    20880.0                 0.0                   1.0
2020-07-22  0.410000  0.460000  0.360000  0.372000           0.372000  1084319.0                 0.0                   1.0
2020-07-23  0.400000  0.409899  0.350000  0.350000           0.350000    61563.0                 0.0                   1.0
2020-07-24  0.360000  0.420000  0.330000  0.405000           0.405000   159023.0                 0.0                   1.0
2020-07-27  0.370200  0.385000  0.370000  0.385000           0.385000    35602.0                 0.0                   1.0
2020-07-28  0.355000  0.360400  0.355000  0.360400           0.360400    26346.0                 0.0                   1.0
2020-07-29  0.360000  0.380000  0.360000  0.360100           0.360100     5620.0                 0.0                   1.0
2020-07-30  0.355000  0.355500  0.326900  0.326900           0.326900    18015.0                 0.0                   1.0
2020-07-31  0.306000  0.320000  0.300000  0.300000           0.300000     5245.0                 0.0                   1.0
2020-08-03  0.320000  0.370000  0.320000  0.370000           0.370000     7142.0                 0.0                   1.0
2020-08-04  0.370000  0.370000  0.294200  0.322100           0.322100    36993.0                 0.0                   1.0
2020-08-05  0.330000  0.330000  0.330000  0.330000           0.330000      500.0                 0.0                   1.0
2020-08-06  0.330000  0.330000  0.330000  0.330000           0.330000       50.0                 0.0                   1.0
2020-08-07  0.330000  0.380000  0.250000  0.273100           0.273100   263367.0                 0.0                   1.0
2020-08-10  0.320000  0.357900  0.320000  0.340000           0.340000    80369.0                 0.0                   1.0
2020-08-11  0.271101  0.330000  0.271101  0.306600           0.306600    76059.0                 0.0                   1.0
2020-08-12  0.370000  0.370000  0.271000  0.271000           0.271000     3243.0                 0.0                   1.0
2020-08-13  0.369900  0.369900  0.300100  0.320100           0.320100    10433.0                 0.0                   1.0
2020-08-14  0.349699  0.349700  0.330000  0.330000           0.330000     1059.0                 0.0                   1.0
2020-08-17  0.350000  0.351500  0.282100  0.282100           0.282100    25035.0                 0.0                   1.0
2020-08-18  0.282100  0.360000  0.282100  0.360000           0.360000     3400.0                 0.0                   1.0
2020-08-19  0.329700  0.364501  0.300000  0.359000           0.359000    53990.0                 0.0                   1.0
2020-08-20  0.359000  0.359000  0.359000  0.359000           0.359000      200.0                 0.0                   1.0
2020-08-21  0.350000  0.350000  0.350000  0.350000           0.350000     2505.0                 0.0                   1.0
2020-08-24  0.350000  0.350000  0.350000  0.350000           0.350000       55.0                 0.0                   1.0
2020-08-25  0.350000  0.350000  0.350000  0.350000           0.350000        0.0                 0.0                   1.0
2020-08-26  0.360000  0.362200  0.360000  0.362200           0.362200      665.0                 0.0                   1.0
2020-08-27  0.370000  0.380000  0.370000  0.370000           0.370000     5270.0                 0.0                   1.0
2020-08-28  0.380000  0.380000  0.380000  0.380000           0.380000     5200.0                 0.0                   1.0
2020-08-31  0.390000  0.390000  0.370000  0.389900           0.389900    13161.0                 0.0                   1.0
2020-09-01  0.390000  0.400000  0.310000  0.311200           0.311200    11534.0                 0.0                   1.0
2020-09-02  0.340000  0.350000  0.340000  0.350000           0.350000     2490.0                 0.0                   1.0
2020-09-03  0.340000  0.340000  0.340000  0.340000           0.340000      304.0                 0.0                   1.0
2020-09-04  0.367500  0.367600  0.315000  0.319851           0.319851    16920.0                 0.0                   1.0
2020-09-08  0.400000  0.400000  0.400000  0.400000           0.400000     5010.0                 0.0                   1.0
2020-09-09  0.320400  0.410000  0.320400  0.410000           0.410000    15235.0                 0.0                   1.0
2020-09-10  0.369900  0.409900  0.369900  0.400000           0.400000     7953.0                 0.0                   1.0
2020-09-11  0.410000  0.410000  0.410000  0.410000           0.410000      140.0                 0.0                   1.0
2020-09-14  0.400880  0.400880  0.400000  0.400151           0.400151     1448.0                 0.0                   1.0
2020-09-15  0.400151  0.400151  0.400151  0.400151           0.400151        0.0                 0.0                   1.0
2020-09-16  0.400101  0.438899  0.400101  0.413373           0.413373    32685.0                 0.0                   1.0
2020-09-17  0.404080  0.420000  0.370100  0.419251           0.419251    40501.0                 0.0                   1.0
2020-09-18  0.419251  0.419251  0.419251  0.419251           0.419251        0.0                 0.0                   1.0
2020-09-21  0.372200  0.372200  0.370000  0.370000           0.370000    14721.0                 0.0                   1.0
2020-09-22  0.370000  0.370000  0.300000  0.300000           0.300000   125722.0                 0.0                   1.0
2020-09-23  0.306100  0.440000  0.300000  0.300200           0.300200    63132.0                 0.0                   1.0
2020-09-24  0.300100  0.340000  0.290100  0.290100           0.290100    30271.0                 0.0                   1.0
2020-09-25  0.320001  0.321700  0.305600  0.305600           0.305600    20600.0                 0.0                   1.0
2020-09-28  0.305600  0.305600  0.305600  0.305600           0.305600       40.0                 0.0                   1.0
2020-09-29  0.290550  0.379800  0.285100  0.369700           0.369700    22813.0                 0.0                   1.0
2020-09-30  0.369700  0.369700  0.369700  0.369700           0.369700        9.0                 0.0                   1.0
2020-10-01  0.310000  0.340000  0.243700  0.340000           0.340000    35224.0                 0.0                   1.0
2020-10-02  0.340000  0.340000  0.340000  0.340000           0.340000        0.0                 0.0                   1.0
2020-10-05  0.261100  0.322200  0.261100  0.322200           0.322200      419.0                 0.0                   1.0
2020-10-06  0.322200  0.322200  0.322200  0.322200           0.322200       20.0                 0.0                   1.0
2020-10-07  0.322200  0.322200  0.322200  0.322200           0.322200        0.0                 0.0                   1.0
2020-10-08  0.322200  0.322200  0.322200  0.322200           0.322200        0.0                 0.0                   1.0
2020-10-09  0.322200  0.322200  0.322200  0.322200           0.322200     1010.0                 0.0                   1.0
2020-10-12  0.300000  0.388900  0.300000  0.388900           0.388900    47389.0                 0.0                   1.0
2020-10-13  0.390000  0.390000  0.270201  0.349899           0.349899      915.0                 0.0                   1.0
2020-10-14  0.369900  0.370000  0.310000  0.310100           0.310100    26380.0                 0.0                   1.0
2020-10-15  0.310000  0.310000  0.272100  0.300000           0.300000     5360.0                 0.0                   1.0
2020-10-16  0.300000  0.300000  0.290100  0.299851           0.299851    59614.0                 0.0                   1.0
2020-10-19  0.300000  0.300000  0.285000  0.300000           0.300000     5131.0                 0.0                   1.0
2020-10-20  0.300000  0.300000  0.300000  0.300000           0.300000    12872.0                 0.0                   1.0
2020-10-21  0.276800  0.286000  0.272100  0.286000           0.286000     7601.0                 0.0                   1.0
2020-10-22  0.284700  0.284700  0.270000  0.270000           0.270000     4833.0                 0.0                   1.0
2020-10-23  0.275000  0.300000  0.275000  0.300000           0.300000    10020.0                 0.0                   1.0
2020-10-26  0.300000  0.306800  0.280000  0.300000           0.300000    64800.0                 0.0                   1.0
2020-10-27  0.306500  0.306500  0.306500  0.306500           0.306500     2010.0                 0.0                   1.0
2020-10-28  0.260100  0.260100  0.240000  0.240000           0.240000    42460.0                 0.0                   1.0
2020-10-29  0.265700  0.280000  0.265700  0.280000           0.280000      903.0                 0.0                   1.0
2020-10-30  0.251000  0.251000  0.251000  0.251000           0.251000     1702.0                 0.0                   1.0
2020-11-02  0.310000  0.310000  0.290000  0.290000           0.290000    11129.0                 0.0                   1.0
2020-11-03  0.281000  0.281000  0.249565  0.249900           0.249900     9127.0                 0.0                   1.0
2020-11-04  0.220100  0.250000  0.180000  0.200000           0.200000   765293.0                 0.0                   1.0
2020-11-05  0.200000  0.214451  0.190000  0.214451           0.214451    16244.0                 0.0                   1.0
2020-11-06  0.190000  0.190000  0.160600  0.170100           0.170100    41001.0                 0.0                   1.0
2020-11-09  0.170700  0.170700  0.170000  0.170000           0.170000    40817.0                 0.0                   1.0
2020-11-10  0.170000  0.170000  0.170000  0.170000           0.170000        0.0                 0.0                   1.0
2020-11-11  0.170100  0.170101  0.170100  0.170101           0.170101    21731.0                 0.0                   1.0
2020-11-12  0.170000  0.170000  0.170000  0.170000           0.170000     3002.0                 0.0                   1.0
2020-11-13  0.170100  0.170800  0.170100  0.170800           0.170800    27700.0                 0.0                   1.0
2020-11-16  0.220000  0.240000  0.180000  0.180000           0.180000    22004.0                 0.0                   1.0
2020-11-17  0.180100  0.216900  0.180100  0.216900           0.216900    74667.0                 0.0                   1.0
2020-11-18  0.190100  0.230100  0.190100  0.190200           0.190200    21069.0                 0.0                   1.0
2020-11-19  0.259899  0.270000  0.229999  0.260000           0.260000     5373.0                 0.0                   1.0
2020-11-20  0.225000  0.260000  0.209900  0.260000           0.260000    10450.0                 0.0                   1.0
2020-11-23  0.260000  0.260000  0.260000  0.260000           0.260000        0.0                 0.0                   1.0
2020-11-24  0.204900  0.260000  0.204900  0.259250           0.259250     2976.0                 0.0                   1.0
2020-11-25  0.222300  0.261950  0.221800  0.261950           0.261950     2075.0                 0.0                   1.0
2020-11-27  0.261900  0.261900  0.261900  0.261900           0.261900     4419.0                 0.0                   1.0
2020-11-30  0.273900  0.312900  0.273767  0.310000           0.310000    19258.0                 0.0                   1.0
2020-12-01  0.320000  0.362500  0.305600  0.310000           0.310000   128921.0                 0.0                   1.0
2020-12-02  0.300000  0.300000  0.270000  0.273900           0.273900   105551.0                 0.0                   1.0
2020-12-03  0.273900  0.300000  0.261999  0.275100           0.275100    81090.0                 0.0                   1.0
2020-12-04  0.275100  0.275100  0.275100  0.275100           0.275100        0.0                 0.0                   1.0
2020-12-07  0.300000  0.300000  0.300000  0.300000           0.300000    25031.0                 0.0                   1.0
2020-12-08  0.300000  0.300000  0.300000  0.300000           0.300000     3002.0                 0.0                   1.0
2020-12-09  0.300000  0.350000  0.300000  0.310000           0.310000     1107.0                 0.0                   1.0
2020-12-10  0.320000  0.362500  0.320000  0.320100           0.320100    38886.0                 0.0                   1.0
2020-12-11  0.330100  0.365000  0.330100  0.340000           0.340000    15859.0                 0.0                   1.0
2020-12-14  0.365000  0.365000  0.365000  0.365000           0.365000     6049.0                 0.0                   1.0
2020-12-15  0.340000  0.340000  0.340000  0.340000           0.340000     9991.0                 0.0                   1.0
2020-12-16  0.363000  0.363000  0.330000  0.330000           0.330000     5124.0                 0.0                   1.0
2020-12-17  0.340000  0.394900  0.320000  0.394900           0.394900    42588.0                 0.0                   1.0
2020-12-18  0.350000  0.370000  0.320000  0.320000           0.320000    39412.0                 0.0                   1.0
2020-12-21  0.320000  0.359900  0.271000  0.300000           0.300000    90594.0                 0.0                   1.0
2020-12-22  0.300000  0.360000  0.300000  0.332500           0.332500   613051.0                 0.0                   1.0
2020-12-23  0.320000  0.361000  0.320000  0.350000           0.350000    18468.0                 0.0                   1.0
2020-12-24  0.350000  0.365700  0.349900  0.350000           0.350000   229332.0                 0.0                   1.0
2020-12-28  0.349900  0.363900  0.330000  0.330000           0.330000    61365.0                 0.0                   1.0
2020-12-29  0.340000  0.370000  0.300000  0.369900           0.369900    99246.0                 0.0                   1.0
2020-12-30  0.370000  0.389900  0.350000  0.360000           0.360000    15817.0                 0.0                   1.0
2020-12-31  0.357501  0.420000  0.333800  0.380000           0.380000   101885.0                 0.0                   1.0
2021-01-04  0.400000  0.400000  0.340100  0.398900           0.398900    29506.0                 0.0                   1.0
2021-01-05  0.350000  0.399000  0.340000  0.340000           0.340000    36109.0                 0.0                   1.0
2021-01-06  0.340000  0.389000  0.339866  0.389000           0.389000    48814.0                 0.0                   1.0
2021-01-07  0.380000  0.380000  0.363751  0.370100           0.370100    16547.0                 0.0                   1.0
2021-01-08  0.389000  0.389000  0.309868  0.339899           0.339899    71661.0                 0.0                   1.0
2021-01-11  0.370357  0.370357  0.313000  0.330000           0.330000    20064.0                 0.0                   1.0
2021-01-12  0.313000  0.360000  0.313000  0.339400           0.339400     1519.0                 0.0                   1.0
2021-01-13  0.389000  0.390150  0.350000  0.377395           0.377395     7930.0                 0.0                   1.0
2021-01-14  0.400000  0.586500  0.389000  0.490000           0.490000    65850.0                 0.0                   1.0
2021-01-15  0.649900  0.649900  0.380000  0.400000           0.400000    48517.0                 0.0                   1.0
2021-01-19  0.400000  0.400101  0.350000  0.370100           0.370100    48441.0                 0.0                   1.0
2021-01-20  0.400000  0.450000  0.395000  0.426600           0.426600    23059.0                 0.0                   1.0
2021-01-21  0.449000  0.449000  0.390000  0.420000           0.420000    65655.0                 0.0                   1.0
2021-01-22  0.510000  0.589600  0.490000  0.585900           0.585900   302431.0                 0.0                   1.0
2021-01-25  0.600000  0.688800  0.600000  0.610000           0.610000   297573.0                 0.0                   1.0
2021-01-26  0.650000  0.679900  0.639000  0.674900           0.674900    77900.0                 0.0                   1.0
2021-01-27  0.680000  0.689799  0.500000  0.619900           0.619900   198227.0                 0.0                   1.0
2021-01-28  0.800000  0.850000  0.670100  0.780000           0.780000   953419.0                 0.0                   1.0
2021-01-29  0.800000  0.820000  0.740000  0.770000           0.770000   527549.0                 0.0                   1.0
2021-02-01  0.840000  0.850000  0.750000  0.780000           0.780000   217990.0                 0.0                   1.0
2021-02-02  0.849899  0.880000  0.800000  0.870000           0.870000    95917.0                 0.0                   1.0
2021-02-03  0.890000  0.950000  0.857000  0.940000           0.940000   122455.0                 0.0                   1.0
2021-02-04  0.950000  1.000000  0.809000  0.885000           0.885000   611854.0                 0.0                   1.0
2021-02-05  0.950000  0.980000  0.860000  0.910000           0.910000   166681.0                 0.0                   1.0
2021-02-08  0.990000  0.990000  0.832700  0.875000           0.875000   160249.0                 0.0                   1.0
2021-02-09  0.900000  0.900000  0.830100  0.880000           0.880000    52481.0                 0.0                   1.0
2021-02-10  0.929800  0.929800  0.831100  0.880000           0.880000    49395.0                 0.0                   1.0
2021-02-11  0.880000  0.900000  0.767900  0.850000           0.850000   175364.0                 0.0                   1.0
2021-02-12  0.800500  0.860000  0.770500  0.845100           0.845100    50254.0                 0.0                   1.0
2021-02-16  0.840000  0.844200  0.790000  0.817000           0.817000    31027.0                 0.0                   1.0
2021-02-17  0.829900  0.829900  0.780000  0.799800           0.799800    40281.0                 0.0                   1.0
2021-02-18  0.798899  0.799900  0.761500  0.780000           0.780000    50595.0                 0.0                   1.0
2021-02-19  0.780000  0.810000  0.775000  0.775000           0.775000    55598.0                 0.0                   1.0