07/30/2020,1.3,1.3,1.3,1.3,100
08/05/2020,1.51,1.51,1.5,1.5,1600
08/10/2020,1.75,1.75,1.75,1.75,200
08/12/2020,2.1001,3,2.1,2.5,934
08/13/2020,3,3,2.1001,2.605,7802
08/14/2020,2,2,2,2,100
08/17/2020,1.77,2.05,1.77,2.05,2018
08/18/2020,2.105,2.16,2.1,2.1,6676
08/19/2020,2.13,2.15,2.1,2.1,12100
08/20/2020,2,2,1.81,1.9,966
08/21/2020,1.95,1.95,1.9,1.9,3497
08/24/2020,1.9,1.9,1.6,1.7,7145
08/25/2020,1.68,1.7,1.68,1.7,3177
08/26/2020,1.6002,1.68,1.6002,1.68,750
08/27/2020,1.65,1.65,1.63,1.63,7605
08/28/2020,1.6,1.85,1.6,1.63,30950
08/31/2020,1.66,1.8,1.66,1.68,26313
09/01/2020,1.9,2.4,1.9,2.3,19596
09/02/2020,2.3,2.3,2.18,2.1909,1290
09/03/2020,2.04,2.12,2,2.07,3916
09/04/2020,2,2.2,1.99,2.19,4950
09/08/2020,1.8,1.85,1.7,1.85,3533
09/09/2020,1.8,2.27,1.76,2,8200
09/10/2020,2.4899,2.4899,2.1,2.1,200
09/11/2020,2.05,2.05,2.0407,2.05,7600
09/14/2020,1.99,2.1,1.99,2.1,6000
09/15/2020,2,2.1999,1.78,2.16,22690
09/16/2020,2.26,2.71,2.26,2.7,5060
09/17/2020,2.82,2.97,2.19,2.19,9729
09/18/2020,2.25,2.5,2.11,2.333,11468
09/21/2020,2.3,2.3,2.14,2.14,2209
09/22/2020,2.05,2.18,2,2.18,1306
09/23/2020,2.03,2.1,1.9,2.1,1244
09/24/2020,1.94,1.94,1.94,1.94,200
09/25/2020,1.875,1.92,1.875,1.92,7182
09/28/2020,1.94,1.95,1.75,1.83,4912
09/29/2020,1.775,1.775,1.66,1.7,4155
09/30/2020,1.805,1.805,1.805,1.805,300
10/01/2020,1.91,2,1.85,1.9272,1724
10/05/2020,1.9499,1.95,1.853,1.853,14536
10/07/2020,1.9,2,1.9,1.99,1400
10/08/2020,1.94,1.96,1.94,1.95,3150
10/09/2020,1.97,1.97,1.95,1.95,1101
10/14/2020,1.85,1.92,1.85,1.85,4184
10/15/2020,1.85,1.85,1.85,1.85,12587
10/16/2020,1.85,1.99,1.75,1.79,59317
10/19/2020,1.775,1.775,1.725,1.725,5562
10/20/2020,1.7,1.71,1.5,1.65,66729
10/21/2020,1.61,1.61,1.61,1.61,100
10/22/2020,1.65,1.75,1.65,1.75,31839
10/23/2020,1.75,1.96,1.71,1.8,133970
10/26/2020,1.85,1.85,1.71,1.71,28040
10/27/2020,1.85,1.85,1.66,1.83,43578
