01/03/2005,27.29,27.53,26.59,27.14,434450
01/04/2005,27.2,27.2,26.75,26.78,368210
01/05/2005,26.73,26.78,25.57,25.73,690720
01/06/2005,25.73,26.23,25.73,26.01,453470
01/07/2005,26.12,26.41,25.93,26,303600
01/10/2005,26,26.16,25.6,25.66,145860
01/11/2005,25.7,25.73,25.46,25.63,387530
01/12/2005,25.59,25.63,25.09,25.53,419920
01/13/2005,25.53,25.97,25.4,25.5,419370
01/14/2005,25.39,25.87,25.35,25.71,344660
01/18/2005,25.55,26.09,25.48,26.09,228710
01/19/2005,26.14,26.49,25.99,26.18,168120
01/20/2005,26.15,26.18,25.45,25.91,238830
01/21/2005,25.91,26.06,25.8,25.88,200840
01/24/2005,25.91,25.99,25.65,25.7,367270
01/25/2005,25.7,25.74,25.18,25.23,589840
01/26/2005,25.2,25.41,25.16,25.28,605150
01/27/2005,25.26,25.43,25.14,25.29,391970
01/28/2005,25.36,25.45,25.2,25.27,321690
01/31/2005,25.33,25.48,24.51,24.9,538730
02/01/2005,24.88,24.94,24.56,24.78,527670
02/02/2005,24.65,25.05,24.65,25.04,716490
02/03/2005,24.95,25.73,24.95,25.33,765930
02/04/2005,25.41,25.89,25.41,25.84,279980
02/07/2005,25.83,26.06,25.63,25.88,310620
02/08/2005,25.87,26.07,25.8,26.07,379540
02/09/2005,25.65,26.55,25.65,26.54,406070
02/10/2005,26.54,26.69,26.4,26.64,851810
02/11/2005,26.51,27,26.49,26.96,380100
02/14/2005,26.9,26.96,26.34,26.51,409160
02/15/2005,26.44,26.64,26.41,26.55,387650
02/16/2005,26.58,27.03,26.44,26.95,333620
02/17/2005,26.89,27.14,26.76,26.9,341000
02/18/2005,26.91,27.09,26.77,26.97,478880
02/22/2005,26.97,26.98,26.18,26.3,406810
02/23/2005,26.48,26.78,26.27,26.41,433790
02/24/2005,26.31,26.46,26.01,26.29,319660
02/25/2005,26.22,26.74,26.19,26.66,301080
02/28/2005,26.72,26.86,26.18,26.5,348490
03/01/2005,26.54,26.73,26.44,26.61,310320
03/02/2005,26.54,26.54,26.21,26.34,354990
03/03/2005,26.41,26.53,26.3,26.41,164540
03/04/2005,26.47,26.62,26.37,26.55,485070
03/07/2005,26.55,26.6,26.4,26.47,480700
03/08/2005,26.41,26.41,26,26.07,598590
03/09/2005,25.98,25.98,25.34,25.41,394140
03/10/2005,25.42,25.71,25.2,25.39,415170
03/11/2005,25.39,25.59,25.17,25.18,754400
03/14/2005,25.27,25.51,25.17,25.46,562690
03/15/2005,25.57,25.9,25.42,25.42,369250
03/16/2005,25.35,25.35,25.02,25.12,213230
03/17/2005,25.2,25.44,25.02,25.22,188150
03/18/2005,25.29,25.33,24.85,24.88,223970
03/21/2005,24.82,24.84,24.55,24.69,325390
03/22/2005,24.7,24.96,24.27,24.34,319650
03/23/2005,24.48,24.67,24.09,24.27,709720
03/24/2005,24.27,24.69,24.27,24.31,506660
03/28/2005,24.3,24.59,24.12,24.17,401170
03/29/2005,23.98,24.38,23.98,24.03,292600
03/30/2005,24.03,24.39,24.03,24.35,339720
03/31/2005,24.49,24.66,24.2,24.23,264560
04/01/2005,24.37,24.57,24.15,24.36,435620
04/04/2005,24.4,24.55,23.84,24.15,280260
04/05/2005,24.2,24.32,24.05,24.25,289370
04/06/2005,24.33,24.5,24.16,24.3,282690
04/07/2005,24.4,24.63,24.33,24.56,188780
04/08/2005,24.53,24.66,24.36,24.43,300850
04/11/2005,24.49,24.51,24.32,24.5,136580
04/12/2005,24.43,24.87,24.31,24.86,455570
04/13/2005,24.85,24.92,24.77,24.78,375020
04/14/2005,24.81,24.87,24.45,24.49,250130
04/15/2005,24.58,24.82,24.36,24.4,381070
04/18/2005,24.39,24.5,24.15,24.29,1278710
04/19/2005,24.19,24.34,24.12,24.16,600460
04/20/2005,24.16,24.29,23.9,23.95,560710
04/21/2005,24.05,24.23,23.95,24.03,434410
04/22/2005,24.04,24.67,23.76,24.49,957800
04/25/2005,24.46,24.84,24.28,24.84,1118070
04/26/2005,24.67,24.91,24.5,24.6,325930
04/27/2005,24.68,25.03,24.54,25,379440
04/28/2005,24.98,25.06,24.78,25.03,328610
04/29/2005,25.09,25.59,25.01,25.54,478400
05/02/2005,25.61,25.61,25.14,25.53,463410
05/03/2005,25.61,25.61,25.27,25.45,296110
05/04/2005,25.39,25.75,25.12,25.63,409760
05/05/2005,25.56,25.95,25.52,25.87,221440
05/06/2005,25.84,25.84,25.3,25.68,300710
05/09/2005,25.63,26.35,25.62,26.32,252800
05/10/2005,26.23,26.6,26.11,26.56,445430
05/11/2005,26.6,26.7,26.31,26.7,450000
05/12/2005,26.7,27.52,26.4,27.11,1024570
05/13/2005,26.97,26.98,26.69,26.73,557550
05/16/2005,26.73,27.11,26.73,26.94,329580
05/17/2005,26.9,26.97,26.57,26.76,323820
05/18/2005,26.86,27.21,26.85,27.05,551240
05/19/2005,27.06,27.15,26.95,27.06,489960
05/20/2005,27.06,27.23,26.93,27.2,260620
05/23/2005,27.2,27.36,27.07,27.11,322390
05/24/2005,27.04,27.04,26.59,26.74,539060
05/25/2005,26.75,26.76,26.19,26.28,368760
05/26/2005,26.29,26.54,26,26.06,602320
05/27/2005,26.15,26.26,26.04,26.23,274810
05/31/2005,26.25,26.65,26.25,26.45,178370
06/01/2005,26.49,26.83,26.49,26.79,484950
06/02/2005,26.82,26.98,26.74,26.96,335280
06/03/2005,26.98,27.31,26.8,26.86,247290
06/06/2005,26.82,27.12,26.82,27.12,219450
06/07/2005,27.21,27.82,27.2,27.73,491930
06/08/2005,27.85,28.32,27.84,28.26,602760
06/09/2005,28.27,28.36,28.1,28.35,470170
06/10/2005,28.32,28.46,28.26,28.37,244100
06/13/2005,28.44,28.51,28.28,28.41,290230
06/14/2005,28.35,28.7,28.35,28.61,423360
06/15/2005,28.52,28.67,28.46,28.64,190740
06/16/2005,28.62,28.77,28.47,28.67,228340
06/17/2005,28.83,29.11,28.78,29.08,283860
06/20/2005,29.02,29.15,28.88,29.04,115690
06/21/2005,28.99,29.02,28.67,28.75,152930
06/22/2005,28.78,28.96,28.57,28.95,326800
06/23/2005,28.9,29.1,28.86,28.88,157030
06/24/2005,28.87,29.01,28.75,28.86,262410
06/27/2005,28.86,28.93,28.76,28.86,231220
06/28/2005,28.83,28.9,28.69,28.86,169130
06/29/2005,28.93,29.13,28.93,29.01,148230
06/30/2005,29,29.07,28.87,29.04,162340
07/01/2005,29,29.28,28.88,29.28,147500
07/05/2005,29.25,29.46,29.23,29.45,392300
07/06/2005,29.43,29.67,29.43,29.48,404930
07/07/2005,29.49,29.5,29.26,29.44,189140
07/08/2005,29.45,29.99,29.32,29.85,150390
07/11/2005,29.95,30.54,29.83,30.46,193450
07/12/2005,30.32,30.52,30.22,30.39,195370
07/13/2005,30.4,30.4,30.04,30.04,163930
07/14/2005,30.07,30.22,29.5,30.04,539280
07/15/2005,30.08,30.11,29.91,30.03,1012430
07/18/2005,30.02,30.02,29.74,29.89,346510
07/19/2005,29.94,30.22,29.94,30.06,183140
07/20/2005,30.15,30.5,30.06,30.24,281120
07/21/2005,30.12,30.2,29.6,29.98,444620
07/22/2005,30.05,30.33,30,30.32,257070
07/25/2005,30.28,30.57,30.25,30.57,177850
07/26/2005,31.22,31.35,30.95,31.19,335450
07/27/2005,31.16,31.27,30.93,31.12,208490
07/28/2005,30.59,31.23,30.57,31.22,388140
07/29/2005,31.26,31.28,31.12,31.16,391040
08/01/2005,31.18,31.33,30.91,31.21,223400
08/02/2005,31.3,31.5,31.24,31.43,235050
08/03/2005,31.39,31.49,31.28,31.39,600250
08/04/2005,30.98,30.99,30.56,30.64,560610
08/05/2005,30.57,30.57,29.32,29.35,1269820
08/08/2005,29.38,29.38,28.14,28.25,697870
08/09/2005,28.31,29.15,28.15,28.56,959410
08/10/2005,28.64,29.03,28.38,28.47,223090
08/11/2005,28.38,28.65,28.34,28.62,463790
08/12/2005,28.62,28.99,28.49,28.85,477280
08/15/2005,28.75,29.17,28.56,28.94,182500
08/16/2005,28.96,29.31,28.87,29.18,420010
08/17/2005,29.17,29.19,28.7,28.7,500310
08/18/2005,28.71,28.83,28.55,28.68,507360
08/19/2005,28.58,28.69,28.45,28.48,274300
08/22/2005,28.48,28.68,28.48,28.61,479020
08/23/2005,28.61,28.93,28.61,28.73,442350
08/24/2005,28.65,28.89,28.59,28.68,446800
08/25/2005,28.62,28.91,28.56,28.83,580790
08/26/2005,28.83,28.84,28.43,28.55,313970
08/29/2005,28.46,28.56,28.3,28.43,667040
08/30/2005,28.31,28.49,28.24,28.41,441750
08/31/2005,28.38,28.88,28.38,28.76,936480
09/01/2005,28.75,29.54,28.69,29.2,411370
09/02/2005,29.37,29.55,29.07,29.16,293980
09/06/2005,29.21,30.13,29.2,30.13,358360
09/07/2005,30.17,30.17,29.92,30.13,590290
09/08/2005,30.11,30.3,30.07,30.25,573390
09/09/2005,30.25,30.61,30.23,30.51,345780
09/12/2005,30.48,30.64,30.3,30.55,207190
09/13/2005,30.39,30.49,30.25,30.39,304700
09/14/2005,30.35,30.43,30.25,30.38,251370
09/15/2005,30.38,30.91,30.36,30.78,437660
09/16/2005,30.82,30.99,30.59,30.93,377520
09/19/2005,30.9,31.06,30.82,31.01,237550
09/20/2005,31.08,31.26,30.92,30.92,171840
09/21/2005,30.92,30.92,30.32,30.37,290700
09/22/2005,30.3,30.83,29.96,30.65,303210
09/23/2005,30.57,30.75,30.36,30.54,145110
09/26/2005,30.54,30.87,30.5,30.74,193960
09/27/2005,31.03,31.03,30.5,30.62,254040
09/28/2005,30.63,30.77,30.4,30.45,282860
09/29/2005,30.41,30.68,30.13,30.66,419320
09/30/2005,30.66,31.26,30.66,31.26,295870
10/03/2005,31.33,31.35,30.92,31.25,345200
10/04/2005,31.08,31.14,30.55,30.58,485850
10/05/2005,30.25,30.38,29.78,29.84,294140
10/06/2005,29.79,29.81,29.04,29.41,661940
10/07/2005,29.41,29.53,28.67,28.9,491940
10/10/2005,29.57,29.57,28.57,28.71,273540
10/11/2005,28.81,28.84,28.41,28.57,485960
10/12/2005,28.5,28.6,27.78,28.22,267750
10/13/2005,28.17,28.67,27.89,28.54,435930
10/14/2005,28.74,29.3,28.68,29.22,364220
10/17/2005,29.17,29.31,28.97,29.13,509260
10/18/2005,29.12,29.48,29.01,29.14,270830
10/19/2005,29.08,29.4,28.79,29.37,624250
10/20/2005,29.34,29.86,29.15,29.27,449000
10/21/2005,29.31,29.74,29.23,29.53,134110
10/24/2005,29.65,30.43,29.65,30.21,324040
10/25/2005,30.2,30.38,30.1,30.18,258410
10/26/2005,30.12,30.78,29.61,30.43,530490
10/27/2005,30.43,30.43,29.74,30.11,379820
10/28/2005,30.04,30.71,30.04,30.71,257240
10/31/2005,30.62,31.01,30.39,30.97,290770
11/01/2005,30.74,30.77,29.83,30.23,855690
11/02/2005,30.32,30.96,30.21,30.89,459220
11/03/2005,31.05,31.26,30.87,30.91,277360
11/04/2005,30.9,31.05,30.74,30.94,312860
11/07/2005,31.01,31.4,30.96,31.16,293130
11/08/2005,31.16,31.36,31.01,31.11,350190
11/09/2005,31.18,31.8,31.15,31.47,222410
11/10/2005,31.48,31.96,31.31,31.87,262810
11/11/2005,31.89,32.05,31.24,31.86,218740
11/14/2005,31.79,32.01,31.77,31.9,193960
11/15/2005,31.8,31.92,31.62,31.69,312730
11/16/2005,31.7,31.76,31.55,31.59,219700
11/17/2005,31.62,32.15,31.58,32.09,218130
11/18/2005,32.17,32.38,31.93,32.32,511550
11/21/2005,32.32,32.64,32.21,32.6,523650
11/22/2005,32.67,33.19,32.62,33.13,878540
11/23/2005,33.14,33.35,33.05,33.29,365070
11/25/2005,33.21,33.42,33.08,33.36,24830
11/28/2005,33.3,33.46,33.06,33.06,329380
11/29/2005,33.06,33.2,33,33.04,778130
11/30/2005,33.06,33.1,32.43,32.72,389490
12/01/2005,32.68,33.08,32.67,32.86,424790
12/02/2005,32.93,33.07,32.78,32.91,197030
12/05/2005,32.81,32.87,32.32,32.74,249010
12/06/2005,32.73,33.09,32.73,32.82,510910
12/07/2005,32.8,32.84,32.57,32.64,137210
12/08/2005,32.65,32.99,32.3,32.62,207580
12/09/2005,32.52,32.75,32.38,32.57,98570
12/12/2005,32.53,32.74,32.24,32.35,242740
12/13/2005,32.25,32.57,32.24,32.36,236860
12/14/2005,32.31,32.43,32.21,32.28,344030
12/15/2005,32.25,32.45,31.86,31.91,435150
12/16/2005,32.01,32.42,31.98,32.12,365860
12/19/2005,32.09,32.14,31.83,31.86,370060
12/20/2005,31.84,32.28,31.84,32.15,713440
12/21/2005,32.26,32.4,32.07,32.14,185790
12/22/2005,32,32.37,31.93,32.31,301260
12/23/2005,32.32,32.66,32.32,32.45,74010
12/27/2005,32.46,32.71,32.39,32.62,254820
12/28/2005,32.64,32.75,32.62,32.72,380000
12/29/2005,32.65,32.78,32.5,32.56,246660
12/30/2005,32.57,32.64,32.17,32.31,335370
01/03/2006,32.36,33.61,32.34,33.52,356410
01/04/2006,33.5,33.73,33.4,33.66,564540
01/05/2006,33.48,34.07,33.48,34.01,802050
01/06/2006,34.08,34.42,33.83,34.17,1025460
01/09/2006,34.19,34.22,33.83,34.18,502600
01/10/2006,34.19,34.64,34.06,34.45,332570
01/11/2006,34.48,34.48,33.93,34.21,491640
01/12/2006,34.02,34.33,33.95,34.33,425870
01/13/2006,34.25,34.25,33.54,33.67,336770
01/17/2006,33.62,33.67,33.34,33.58,180160
01/18/2006,33.56,34.08,33.49,34.01,375310
01/19/2006,34.06,34.61,33.97,34.41,186370
01/20/2006,34.38,34.38,33.88,33.91,204850
01/23/2006,34,34.54,33.78,34.45,334800
01/24/2006,34.42,34.95,34.42,34.7,431230
01/25/2006,34.74,35.09,34.43,34.56,189290
01/26/2006,34.63,34.9,34.39,34.58,331900
01/27/2006,34.65,35.02,34.65,34.81,401510
01/30/2006,34.81,34.95,34.67,34.77,278980
01/31/2006,34.88,35.69,34.62,35.45,370920
02/01/2006,35.37,36.55,35.37,36.27,484490
02/02/2006,36.2,36.52,35.95,36.41,696590
02/03/2006,36.37,36.57,35.79,36.42,299870
02/06/2006,36.4,36.79,36.39,36.75,489610
02/07/2006,36.77,37.2,36.74,36.83,535340
02/08/2006,36.83,36.83,36.06,36.37,163170
02/09/2006,36.35,36.72,36.2,36.46,364790
02/10/2006,36.47,36.65,36.3,36.54,217130
02/13/2006,36.26,36.64,36.26,36.58,162540
02/14/2006,36.63,37.07,36.34,37.03,268050
02/15/2006,36.92,37.74,36.92,37.74,272940
02/16/2006,37.66,38.01,37.66,37.84,214560
02/17/2006,37.94,39,37.93,38.62,379720
02/21/2006,38.5,39.04,38.17,38.34,243610
02/22/2006,38.32,38.95,38.25,38.93,265980
02/23/2006,38.85,39.14,38.72,38.95,274390
02/24/2006,38.89,39.08,38.63,38.9,358320
02/27/2006,38.92,39.17,38.73,39.03,417650
02/28/2006,39.02,39.14,38.53,38.62,348320
03/01/2006,38.71,38.78,38.36,38.53,526660
03/02/2006,38.42,38.6,38.06,38.21,908730
03/03/2006,38.11,38.19,37.3,37.83,1187090
03/06/2006,37.92,39.17,37.76,39.1,686600
03/07/2006,39.12,39.18,38.43,38.43,277120
03/08/2006,38.37,38.66,38.02,38.57,382060
03/09/2006,38.58,39.34,38.57,39.08,520040
03/10/2006,39.06,39.48,38.75,39.06,331600
03/13/2006,39.03,39.32,38.15,38.53,441060
03/14/2006,38.69,39.27,38.41,39.16,293140
03/15/2006,39.44,39.76,39.23,39.34,802780
03/16/2006,39.52,40.24,39.43,39.82,629490
03/17/2006,39.83,40.03,39.63,39.97,671830
03/20/2006,40.02,40.16,39.22,39.37,502160
03/21/2006,39.35,39.35,38.78,38.79,455780
03/22/2006,38.72,38.79,38.44,38.58,449950
03/23/2006,38.61,38.94,38.51,38.6,365460
03/24/2006,38.51,38.68,38.2,38.39,374620
03/27/2006,38.31,38.31,37.91,38.15,468040
03/28/2006,38.17,38.96,37.88,38.9,389280
03/29/2006,39,40.64,39,40.64,794020
03/30/2006,40.59,40.62,39.8,39.93,360070
03/31/2006,40.02,40.15,39.28,40.02,320400
04/03/2006,40.23,40.44,38.92,39.19,486330
04/04/2006,39.26,39.36,38.66,38.97,305240
04/05/2006,39.95,40.65,39.77,40.21,440070
04/06/2006,40.18,40.55,39.55,39.63,333500
04/07/2006,39.62,39.97,39.13,39.3,264570
04/10/2006,39.08,39.09,37.85,38.05,863140
04/11/2006,38.04,38.54,37.96,38.16,268690
04/12/2006,38.15,38.67,37.37,37.41,706580
04/13/2006,37.4,37.51,36.8,36.92,497360
04/17/2006,36.95,37.32,36.86,36.91,191210
04/18/2006,36.9,38.42,36.85,38.13,355940
04/19/2006,38.39,39.23,38.25,38.94,375420
04/20/2006,38.85,39.15,38.58,38.9,284460
04/21/2006,39.01,39.7,39.01,39.38,349310
04/24/2006,39.15,39.35,38.73,39.05,320950
04/25/2006,38.69,38.85,38.35,38.45,375500
04/26/2006,38.51,39.41,38.26,38.79,571810
04/27/2006,38.78,39.16,38.49,38.79,524330
04/28/2006,38.73,39.34,38.38,38.64,850400
05/01/2006,38.65,39.04,38,38.01,427120
05/02/2006,38,38.14,37.38,37.75,400260
05/03/2006,37.72,37.83,37.17,37.49,304520
05/04/2006,37.48,38.38,37.47,38.12,191710
05/05/2006,38.29,39.16,38.29,38.84,237670
05/08/2006,38.76,39,38.58,38.9,112380
05/09/2006,38.91,39.07,38.55,38.77,140530
05/10/2006,38.69,38.91,38.48,38.61,354850
05/11/2006,38.58,38.62,37.33,37.42,216920
05/12/2006,37.36,37.36,36.61,37.14,243140
05/15/2006,37.03,37.74,36.42,37.58,234730
05/16/2006,37.51,37.86,37.41,37.47,243090
05/17/2006,37.36,37.44,36.9,37.04,386230
05/18/2006,37.22,37.64,36.97,37.01,219150
05/19/2006,36.83,37.29,36.16,36.81,379330
05/22/2006,36.29,36.79,36.22,36.58,258510
05/23/2006,36.67,36.86,36.2,36.23,200610
05/24/2006,36.05,36.45,35.49,36.21,313730
05/25/2006,36.57,37.44,36.42,37.14,258010
05/26/2006,37.18,37.58,37.08,37.47,130680
05/30/2006,37.54,37.84,37.41,37.54,218000
05/31/2006,37.68,37.83,36.77,37.39,260180
06/01/2006,37.46,38.48,37.46,38.48,210810
06/02/2006,38.62,39.37,38.47,39.08,437740
06/05/2006,39.01,39.87,38.78,39.07,256280
06/06/2006,39.07,39.44,38.75,38.93,192030
06/07/2006,38.8,39.5,38.7,38.92,204350
06/08/2006,38.93,39,38.37,38.82,208540
06/09/2006,38.85,39.19,38.72,38.94,173770
06/12/2006,38.73,38.83,38.4,38.59,299340
06/13/2006,38.59,39.15,38.33,38.4,316330
06/14/2006,38.25,38.37,38.06,38.18,331090
06/15/2006,38.3,38.95,38.01,38.73,222270
06/16/2006,38.72,38.95,38.56,38.87,344860
06/19/2006,38.89,39.01,38.57,38.58,129640
06/20/2006,38.29,38.44,38.04,38.07,167920
06/21/2006,38,38.52,37.94,38.32,243530
06/22/2006,38.32,38.52,38.11,38.39,122670
06/23/2006,38.37,38.37,38.03,38.2,69040
06/26/2006,37.97,38.63,37.97,38.56,134450
06/27/2006,38.57,38.69,38.2,38.28,120760
06/28/2006,38.28,38.73,38.27,38.73,88730
06/29/2006,38.78,39.57,38.62,39.57,204800
06/30/2006,39.54,40.15,39.39,39.82,279700
07/03/2006,39.81,40.53,39.68,40.52,254790
07/05/2006,40.4,41.04,39.96,40.93,301750
07/06/2006,40.88,41.19,40.44,41.12,295810
07/07/2006,40.94,41.62,40.87,41.09,350570
07/10/2006,41.08,41.46,41,41.27,264380
07/11/2006,41.77,41.77,40.97,41.31,474100
07/12/2006,41.31,41.5,41.11,41.38,280870
07/13/2006,41.19,41.43,40.43,40.55,225990
07/14/2006,40.69,40.76,39.93,40.16,174950
07/17/2006,40.04,40.59,39.98,40.45,160640
07/18/2006,40.48,41.43,40.45,41.43,428500
07/19/2006,41.34,42.67,41.34,42.58,331390
07/20/2006,42.86,42.86,41.43,41.51,356860
07/21/2006,41.04,41.17,40.45,40.47,776940
07/24/2006,40.23,41.5,40.23,41.42,383020
07/25/2006,41.33,41.7,41.13,41.6,154280
07/26/2006,41.48,42.14,41.38,41.88,188840
07/27/2006,41.84,42.48,41.81,42.24,411170
07/28/2006,42.29,42.78,42.22,42.63,275990
07/31/2006,42.6,42.6,42.1,42.45,480640
08/01/2006,42.6,42.9,42.32,42.56,556560
08/02/2006,42.44,42.59,42.23,42.4,480270
08/03/2006,42.18,42.44,41.85,42.43,479710
08/04/2006,42.66,43.52,42.65,43.51,276250
08/07/2006,42.72,42.94,42.01,42.08,467210
08/08/2006,42.08,42.1,41.51,41.61,203760
08/09/2006,41.48,41.48,40.21,40.43,1125790
08/10/2006,40.44,40.53,40.08,40.49,4802980
08/11/2006,40.36,40.5,40.29,40.29,777210
08/14/2006,40.25,40.85,40.25,40.57,449570
08/15/2006,40.86,41.48,40.75,41.46,951670
08/16/2006,41.63,41.63,41.21,41.24,514840
08/17/2006,41.25,41.53,41.16,41.27,484180
08/18/2006,41.27,41.38,40.92,41.3,195180
08/21/2006,41.29,41.75,41.27,41.69,579890
08/22/2006,41.63,42.21,41.59,42.14,450490
08/23/2006,42.75,42.75,41.87,42.07,946680
08/24/2006,42.04,42.29,41.97,42.18,606350
08/25/2006,42.18,42.46,42.18,42.29,449670
08/28/2006,42.19,42.84,42.19,42.82,242330
08/29/2006,42.73,42.81,42.55,42.66,243800
08/30/2006,42.62,43.05,42.62,43.01,317690
08/31/2006,42.87,43,42.77,42.8,284310
09/01/2006,42.82,42.88,42.34,42.34,230230
09/05/2006,42.55,42.84,42.46,42.8,183890
09/06/2006,42.85,42.85,42.43,42.45,387480
09/07/2006,42.53,42.62,41.9,41.99,549210
09/08/2006,41.99,42.64,41.7,42.53,239280
09/11/2006,42.36,42.41,42.06,42.29,478580
09/12/2006,42.23,42.48,41.94,42.45,699080
09/13/2006,42.29,43.02,42.29,42.76,336420
09/14/2006,42.59,42.75,42.42,42.59,365610
09/15/2006,42.73,43.27,42.73,42.94,492200
09/18/2006,42.94,43.12,42.65,42.96,326020
09/19/2006,43.1,43.29,42.88,43.28,483000
09/20/2006,43.35,43.6,42.87,42.99,357200
09/21/2006,42.91,43.14,42.05,42.19,437310
09/22/2006,42.04,42.58,41.86,42.51,339950
09/25/2006,42.62,42.79,42.3,42.61,450880
09/26/2006,42.76,43.07,42.65,42.95,420870
09/27/2006,42.87,43.67,42.83,43.66,970290
09/28/2006,43.57,43.62,43.13,43.61,385980
09/29/2006,43.6,43.81,43.33,43.64,364130
10/02/2006,43.71,43.83,43.22,43.52,180580
10/03/2006,43.41,43.68,43.41,43.53,592950
10/04/2006,43.45,43.99,43.42,43.87,613230
10/05/2006,43.76,44.25,43.62,44.24,443160
10/06/2006,44.25,44.25,43.5,43.57,230910
10/09/2006,43.6,44.15,43.3,44.11,533390
10/10/2006,44.7,45.09,44.33,44.8,644970
10/11/2006,44.86,45.17,44.62,44.84,603290
10/12/2006,44.83,45.3,44.83,45.28,402030
10/13/2006,45.38,46.05,45.36,45.94,481850
10/16/2006,45.83,46.32,45.81,46.28,319100
10/17/2006,46.16,46.23,45.83,45.95,655550
10/18/2006,46.06,46.63,46.06,46.62,563850
10/19/2006,46.68,47.04,46.54,46.68,756770
10/20/2006,46.64,46.73,46.16,46.47,392730
10/23/2006,46.48,46.9,46.35,46.89,333620
10/24/2006,46.82,47.03,46.26,46.4,508220
10/25/2006,46.46,46.84,46.25,46.52,644360
10/26/2006,46.56,46.93,46.46,46.81,730400
10/27/2006,46.7,47.34,46.58,47.26,533820
10/30/2006,47.46,47.74,47.14,47.64,320020
10/31/2006,48.03,48.39,47.57,48.31,377000
11/01/2006,48.24,48.24,46.69,46.78,1171600
11/02/2006,46.78,46.89,45.44,45.63,758460
11/03/2006,45.45,45.72,44.23,44.92,748720
11/06/2006,44.86,45.04,44.84,44.93,743250
11/07/2006,44.84,44.91,44.33,44.41,541440
11/08/2006,44.4,44.68,44.04,44.51,573270
11/09/2006,44.42,44.82,44.29,44.49,347210
11/10/2006,44.59,44.59,44.17,44.37,240880
11/13/2006,44.29,44.44,43.95,44.11,347440
11/14/2006,44.26,44.92,44.12,44.82,342430
11/15/2006,44.77,44.9,44.56,44.62,156470
11/16/2006,44.67,44.92,44.59,44.74,1163150
11/17/2006,44.57,44.87,44.26,44.37,305400
11/20/2006,44.92,45.79,44.92,44.99,414430
11/21/2006,44.92,46.36,44.92,45.96,612760
11/22/2006,46.13,46.23,45.1,45.6,494750
11/24/2006,45.96,46.43,45.81,46.39,202330
11/27/2006,46.23,46.31,45.26,45.47,674830
11/28/2006,45.64,45.69,45.24,45.39,335620
11/29/2006,45.53,46.61,45.46,46.47,778620
11/30/2006,46.67,47.36,46.42,47.13,568310
12/01/2006,47.11,47.28,46.5,47.05,314060
12/04/2006,46.96,47.52,46.96,47.39,345430
12/05/2006,47.4,47.4,46.88,46.9,442450
12/06/2006,46.78,46.95,46.14,46.75,255640
12/07/2006,46.89,47,46.62,46.77,292330
12/08/2006,46.86,46.86,46.55,46.66,150650
12/11/2006,46.67,47.08,46.46,46.74,404520
12/12/2006,46.73,46.99,46.32,46.71,258550
12/13/2006,46.75,46.84,46.13,46.17,488580
12/14/2006,46.02,46.3,45.65,45.81,700960
12/15/2006,45.94,46.37,45.84,45.92,479390
12/18/2006,45.94,46.17,45.68,45.82,440580
12/19/2006,45.66,45.69,44.86,45.39,504870
12/20/2006,45.51,46.45,45.45,46.39,546530
12/21/2006,46.39,46.55,46.05,46.12,468670
12/22/2006,46.13,46.15,45.53,45.75,328190
12/26/2006,45.65,46.42,45.65,46.32,215010
12/27/2006,46.4,46.68,46.4,46.66,324730
12/28/2006,46.68,47.96,46.6,47.26,539310
12/29/2006,47.3,48.04,47.27,47.87,520920
01/03/2007,47.9,48.57,47.54,47.93,543420
01/04/2007,47.78,47.93,47.56,47.74,543760
01/05/2007,47.74,47.77,46.45,46.57,406140
01/08/2007,46.4,47.02,46.36,46.95,286300
01/09/2007,46.88,47.79,46.88,47.71,418090
01/10/2007,47.76,48.11,47.37,48.08,420650
01/11/2007,48.24,48.81,48.08,48.7,577730
01/12/2007,49.67,49.78,48.88,49.02,324440
01/16/2007,48.9,49.72,48.77,49.66,425700
01/17/2007,49.7,49.86,49.15,49.52,380700
01/18/2007,50.07,50.15,49.31,49.41,310850
01/19/2007,49.56,50.18,49.32,49.96,328040
01/22/2007,49.81,50.02,49.27,49.32,313310
01/23/2007,49.35,49.98,49.29,49.52,307580
01/24/2007,49.78,50.51,49.56,50.3,862060
01/25/2007,50.41,51.36,50.32,50.36,358310
01/26/2007,50.58,50.79,50.14,50.64,292910
01/29/2007,50.78,50.81,50.4,50.79,293370
01/30/2007,50.65,51.38,50.56,51.25,362080
01/31/2007,50.22,51.79,50.22,51.11,570180
02/01/2007,51.12,51.44,50.44,51.43,293050
02/02/2007,51.22,51.72,51.05,51.4,474800
02/05/2007,51.53,51.74,51.37,51.62,206980
02/06/2007,51.69,52.15,51.61,52.15,464760
02/07/2007,52.16,52.84,51.86,52.83,639460
02/08/2007,52.82,53.71,52.18,52.64,1008880
02/09/2007,52.67,52.79,50.55,51.74,989610
02/12/2007,51.72,51.73,50.56,50.62,602780
02/13/2007,50.67,51.51,50.12,51.36,1233370
02/14/2007,50.62,50.79,49.78,49.95,1535410
02/15/2007,50.17,51.01,50.03,50.77,642070
02/16/2007,50.55,50.9,49.84,50.35,446450
02/20/2007,50.16,51.2,49.75,51.14,683960
02/21/2007,51.02,51.16,50.38,50.88,374050
02/22/2007,50.83,51.09,50.49,50.93,653390
02/23/2007,50.8,50.96,50.09,50.2,541250
02/26/2007,50.42,50.42,49.1,49.95,623610
02/27/2007,50,50,48.16,48.79,507230
02/28/2007,49.02,49.33,48.53,48.98,755260
03/01/2007,48.59,48.78,47.14,48.05,528390
03/02/2007,47.91,47.97,47.09,47.1,586750
03/05/2007,46.84,46.84,44.95,45.02,1595520
03/06/2007,45.18,46.57,45.18,46.35,1014950
03/07/2007,46.75,46.92,45.71,45.75,1147430
03/08/2007,46.01,46.93,46.01,46.39,734480
03/09/2007,46.66,47.18,46.32,47.03,476620
03/12/2007,47.02,47.37,46.51,47.17,622370
03/13/2007,47.14,47.14,46.14,46.15,677720
03/14/2007,46.18,46.38,45.14,46.04,1157070
03/15/2007,45.89,46.57,45.81,46.47,269370
03/16/2007,46.46,46.46,45.76,45.95,564180
03/19/2007,46.3,47.05,46.21,46.8,979220
03/20/2007,46.8,47.06,46.46,46.86,415150
03/21/2007,46.82,47.5,46.42,47.28,635280
03/22/2007,47.26,47.5,47,47.42,529910
03/23/2007,47.49,47.95,47.4,47.65,290400
03/26/2007,47.54,47.8,46.69,47.11,774260
03/27/2007,46.91,47,46.06,46.12,880770
03/28/2007,45.9,46.57,45.08,45.74,1342740
03/29/2007,46.07,46.27,45.66,45.95,516750
03/30/2007,46.11,46.92,45.93,46.86,952150
04/02/2007,46.89,47.56,46.58,47.52,932780
04/03/2007,47.69,48.03,47.43,47.53,834360
04/04/2007,47.67,47.67,46.72,47.03,669790
04/05/2007,47.06,47.15,46.8,46.83,458470
04/09/2007,46.89,47.08,46.74,46.8,503930
04/10/2007,46.89,47.18,46.66,46.84,287020
04/11/2007,45.49,46.91,45.49,45.82,759370
04/12/2007,44.5,45.82,44.5,45.32,508180
04/13/2007,45.29,46.05,45.16,46.02,436160
04/16/2007,46.09,46.23,45.58,45.9,309100
04/17/2007,46.03,46.93,45.74,46.7,481890
04/18/2007,46.59,46.73,46.31,46.55,404060
04/19/2007,46.55,46.55,46.03,46.1,471710
04/20/2007,45.15,46.43,45.15,46.19,487570
04/23/2007,46,47.08,46,46.81,337020
04/24/2007,46.9,46.93,46.06,46.22,225880
04/25/2007,46.37,46.69,46.19,46.39,384370
04/26/2007,46.39,46.43,46.02,46.17,369460
04/27/2007,46.17,46.23,45.54,45.61,879440
04/30/2007,45.28,45.66,44.54,44.57,689930
05/01/2007,44.47,44.59,43.18,43.68,1641040
05/02/2007,43.68,43.78,43.22,43.49,1746440
05/03/2007,44.15,44.16,43.62,43.85,1190510
05/04/2007,43.63,43.81,43.08,43.44,827980
05/07/2007,43.29,43.74,43.24,43.68,611190
05/08/2007,43.67,43.74,43.45,43.65,707250
05/09/2007,43.73,44.76,43.63,44.37,822800
05/10/2007,44.36,44.5,44.05,44.25,670190
05/11/2007,44.62,47.64,44.62,45.78,1386340
05/14/2007,45.79,46.12,45.67,45.67,552960
05/15/2007,46.25,46.42,45.02,45.04,826490
05/16/2007,45.04,45.28,44.09,44.45,722190
05/17/2007,44.28,44.32,43.65,43.81,566160
05/18/2007,43.83,44.03,43,43.21,1144910
05/21/2007,43.22,44.18,43.21,43.68,736870
05/22/2007,43.94,44.86,43.67,44.58,751150
05/23/2007,44.91,45.14,44.35,44.39,859980
05/24/2007,44.38,44.38,43.08,43.65,825620
05/25/2007,44.3,45.3,43.81,44.25,1128390
05/29/2007,45.85,47.92,45.74,47.02,2760290
05/30/2007,47.03,48.34,46.63,48.15,1248100
05/31/2007,48.48,48.48,46.8,46.94,1671280
06/01/2007,46.94,47.29,46.54,47.1,500590
06/04/2007,47.12,47.25,46.87,47.11,672460
06/05/2007,47,47,45.97,45.97,570940
06/06/2007,45.97,46.55,45.63,46.07,656810
06/07/2007,45.86,45.86,44.07,44.21,1242250
06/08/2007,44.42,44.43,43.74,44.4,836680
06/11/2007,43.87,44.2,43.57,43.83,635910
06/12/2007,43.84,43.92,43.21,43.34,824590
06/13/2007,43.87,44.79,43.54,44.63,781630
06/14/2007,44.54,44.55,43.96,44.14,775010
06/15/2007,44.7,44.71,44.15,44.49,633370
06/18/2007,44.54,44.55,43.77,43.84,769940
06/19/2007,43.87,43.9,43.15,43.75,1315190
06/20/2007,43.78,43.78,42.49,42.57,1045350
06/21/2007,42.6,43.28,41.75,43.11,1051400
06/22/2007,43.18,44.15,43.05,44.1,1547280
06/25/2007,44.22,44.77,43.96,44.04,1650960
06/26/2007,44.15,44.3,43.71,43.99,943190
06/27/2007,43.99,44.89,43.65,44.76,1449490
06/28/2007,44.79,45.08,44.32,44.39,949270
06/29/2007,44.5,45.12,44.11,44.39,946540
07/02/2007,43.96,44.5,43.86,44.31,918530
07/03/2007,44.52,44.65,44.01,44.05,340340
07/05/2007,44.79,45.12,44.56,44.73,527960
07/06/2007,44.88,45.03,44.07,44.66,440350
07/09/2007,44.8,44.87,44.31,44.4,300450
07/10/2007,44.23,44.58,43.04,43.2,854620
07/11/2007,43.07,43.29,42.73,43.23,489740
07/12/2007,43.27,43.79,43.01,43.74,365590
07/13/2007,43.48,44.21,43.33,44.16,350270
07/16/2007,44,44.69,43.99,44.13,563140
07/17/2007,44.23,44.43,43.86,44.03,518490
07/18/2007,43.7,44.08,42.99,43.56,1022330
07/19/2007,43.71,44.04,43.46,43.6,496930
07/20/2007,43.56,43.56,42.48,42.68,704930
07/23/2007,42.62,42.86,41.58,41.64,798540
07/24/2007,41.48,42.05,40.7,40.93,502140
07/25/2007,40.95,41.35,39.75,39.94,1319570
07/26/2007,37.25,39.45,37.25,38.3,1222390
07/27/2007,37.2,38.76,37.2,37.72,909490
07/30/2007,37.9,38.18,37.12,37.94,638450
07/31/2007,38.35,39.02,37.57,37.75,696200
08/01/2007,36.45,38.72,36.41,38.7,866780
08/02/2007,38.67,39.88,38.46,39.76,1092030
08/03/2007,39.77,40.01,39.28,39.7,1719490
08/06/2007,39.42,40.5,38.7,40.5,1093870
08/07/2007,40.61,41.18,39.61,39.79,1517880
08/08/2007,40.11,41.22,40,40.67,1199480
08/09/2007,37.78,41.86,37.78,40.76,995810
08/10/2007,40.44,41.22,39.54,39.91,835670
08/13/2007,40.07,40.39,39.21,39.64,572100
08/14/2007,39.56,39.74,38.46,38.48,554570
08/15/2007,38.24,39.44,37.9,38.11,889240
08/16/2007,37.32,39.8,37.3,39.67,1656040
08/17/2007,40.62,42.17,39.68,41.14,1458560
08/20/2007,40.84,42.11,40.58,40.88,1055370
08/21/2007,40.77,41.35,40.52,40.84,779140
08/22/2007,40.73,41.05,39.96,40.33,558920
08/23/2007,40.65,40.87,40.14,40.33,630970
08/24/2007,40.43,40.62,39.92,40.33,522130
08/27/2007,40.24,40.84,39.96,40.09,336700
08/28/2007,40.11,40.25,39.25,39.36,418140
08/29/2007,39.66,40.22,39.56,40.17,468430
08/30/2007,39.89,40.88,39.68,40.71,409050
08/31/2007,41.27,42.16,40.65,41.62,837170
09/04/2007,41.7,42.47,41.34,42.19,688820
09/05/2007,42.07,42.07,41.23,41.56,442190
09/06/2007,41.79,41.94,41.11,41.57,523740
09/07/2007,41.09,41.09,40.46,40.76,975890
09/10/2007,41.16,41.16,39.96,40.08,965290
09/11/2007,40.4,41.18,40.17,40.66,804040
09/12/2007,40.58,41.01,40.41,40.53,410780
09/13/2007,40.76,41.05,40.42,40.87,696670
09/14/2007,40.5,40.92,40.19,40.71,578540
09/17/2007,40.71,40.89,40.32,40.66,340830
09/18/2007,40.86,41.7,40.5,41.39,826440
09/19/2007,40.66,42.79,40.66,42.39,799470
09/20/2007,42.15,42.45,41.97,42.1,546740
09/21/2007,42.11,42.34,41.8,41.95,441080
09/24/2007,41.78,43.27,41.78,42.97,610430
09/25/2007,42.8,42.85,42.29,42.85,521690
09/26/2007,42.99,43.07,42.64,42.66,718180
09/27/2007,42.98,43.22,42.55,42.65,737670
09/28/2007,42.73,42.73,42.07,42.34,562460
10/01/2007,42.35,42.85,42.26,42.65,668010
10/02/2007,42.66,43.94,42.52,43.92,726040
10/03/2007,43.84,44.27,43.56,44.08,740360
10/04/2007,44.08,44.51,43.55,44.43,706190
10/05/2007,44.43,45.38,44.06,45.32,942330
10/08/2007,45.1,45.1,43.99,44.45,367470
10/09/2007,44.74,44.74,43.07,43.58,645550
10/10/2007,43.67,43.86,43,43.44,630160
10/11/2007,44.53,44.65,42.98,43.36,678830
10/12/2007,43.6,43.62,42.87,42.9,339330
10/15/2007,43.08,43.08,41.74,41.98,447920
10/16/2007,41.63,41.8,40.77,41,447110
10/17/2007,41.02,41.07,37.46,40.34,752050
10/18/2007,40.07,40.79,39.44,40.06,443350
10/19/2007,39.89,40.28,38.98,39.2,701980
10/22/2007,38.56,39.85,38.56,39.78,772970
10/23/2007,39.91,40.8,39.87,40.8,777300
10/24/2007,40.65,40.67,39.62,40.55,506670
10/25/2007,40.58,41.02,40.06,40.6,430260
10/26/2007,41.16,41.63,40.7,41.54,400160
10/29/2007,41.7,41.78,41.01,41.24,328420
10/30/2007,41.06,41.91,41.02,41.61,336530
10/31/2007,41.71,41.94,40.52,41.48,783870
11/01/2007,40.42,40.42,38.63,38.68,1260220
11/02/2007,38.95,38.95,37.35,37.86,1219630
11/05/2007,37.4,37.84,36.99,37.47,747430
11/06/2007,37.27,37.49,36.66,37.31,652660
11/07/2007,37.04,37.09,36.17,36.31,665460
11/08/2007,36.61,36.61,35.05,35.88,1982510
11/09/2007,35.38,36.69,35.31,36.33,755980
11/12/2007,36.12,36.62,35.75,36.33,1128980
11/13/2007,37.22,38.39,37.04,38.33,2272050
11/14/2007,38.61,38.61,36.22,36.32,1561710
11/15/2007,36.19,36.38,35.42,36.14,821550
11/16/2007,36.53,36.93,35.63,36.29,2031600
11/19/2007,36.12,36.21,35.63,35.78,8082450
11/20/2007,35.66,36.4,33.93,34.48,2121020
11/21/2007,34.17,34.29,33.37,33.63,1187160
11/23/2007,33.89,34.33,33.72,33.89,254180
11/26/2007,33.82,33.97,31.91,31.96,1147530
11/27/2007,31.27,32.3,30.9,32.29,1907250
11/28/2007,32.84,33.45,32.36,32.82,1508230
11/29/2007,32.77,33.04,32.11,32.81,857090
11/30/2007,33.13,33.98,33.13,33.72,1216980
12/03/2007,33.49,33.92,33.05,33.72,1138730
12/04/2007,33.66,34.54,32.9,33.12,824560
12/05/2007,33.33,34.39,33.33,34.33,762220
12/06/2007,34.22,35.76,34.09,35.76,865490
12/07/2007,35.65,36.24,35.35,35.83,1372190
12/10/2007,35.78,36.37,35.41,35.99,1559110
12/11/2007,36.09,36.18,34,34.04,1006600
12/12/2007,35.25,35.47,32.82,33.23,1002250
12/13/2007,32.94,33.23,32.15,32.44,765400
12/14/2007,32.21,32.41,31.28,31.67,1303150
12/17/2007,31.63,31.7,30.76,30.8,814690
12/18/2007,31.08,31.51,30.28,31.2,1003980
12/19/2007,31.22,31.58,30.53,31.2,994460
12/20/2007,31.36,31.36,30.39,31.18,696810
12/21/2007,32.1,32.1,31.24,31.76,871800
12/24/2007,31.42,32.69,31.42,32.66,223100
12/26/2007,32.18,32.42,31.64,32,451150
12/27/2007,31.85,32.07,30.94,31.27,558580
12/28/2007,31.38,31.72,30.43,30.62,303650
12/31/2007,30.79,31.47,30.61,31.05,441700
01/02/2008,31.12,31.12,29.88,30.48,665050
01/03/2008,30.56,30.76,28.87,28.99,695310
01/04/2008,28.62,28.76,28.13,28.22,1040530
01/07/2008,28.42,28.78,27.79,28.1,1212840
01/08/2008,28.24,29.11,27.11,27.16,1072370
01/09/2008,27.12,27.26,26.12,27.17,1756000
01/10/2008,26.55,28.68,26.05,27.96,1542330
01/11/2008,27.71,28.38,27.01,28.05,833630
01/14/2008,28.35,28.49,27.47,27.75,1214030
01/15/2008,27.53,27.85,27,27.37,926780
01/16/2008,27.43,28.47,27.43,27.81,1434250
01/17/2008,27.81,28.84,27.59,28.19,1217130
01/18/2008,28.15,29.01,27.87,28.58,1610660
01/22/2008,27.93,29.97,27.21,29.32,1125820
01/23/2008,28.83,32.19,28.82,31.62,3409770
01/24/2008,31.7,32.04,30.7,31.17,1245050
01/25/2008,31.54,32.03,31.26,31.92,1383940
01/28/2008,31.9,33.48,31.32,33.47,1556560
01/29/2008,33.71,34.02,32.78,33.33,850960
01/30/2008,33.3,33.47,32.23,32.32,1038100
01/31/2008,32.03,33.71,31.68,33.29,1132730
02/01/2008,33.45,34.45,33.14,34.32,884390
02/04/2008,34.31,34.35,33.04,33.67,674620
02/05/2008,33.13,33.57,31.43,32.26,932210
02/06/2008,32.3,33.59,31.56,32.23,1059310
02/07/2008,32.39,32.85,31.69,32.61,1251650
02/08/2008,32.55,33.27,31.39,31.7,935190
02/11/2008,31.69,31.82,30.87,31.48,756420
02/12/2008,31.71,32.65,31.61,32.54,1050920
02/13/2008,33.05,33.54,32.38,33.51,991840
02/14/2008,33.36,33.68,32.73,32.77,959190
02/15/2008,32.74,33.55,32.46,33.53,888880
02/19/2008,33.94,33.94,32.36,32.8,768950
02/20/2008,32.59,33.39,32.35,33.37,858370
02/21/2008,33.64,33.88,32.33,32.44,610370
02/22/2008,31.96,33.3,31.23,33.3,782590
02/25/2008,33.19,34.66,32.76,34.56,861730
02/26/2008,34.56,35.12,34.26,34.39,916600
02/27/2008,34.23,34.67,34.03,34.21,668370
02/28/2008,33.92,34.55,33.63,33.96,694850
02/29/2008,33.4,33.84,32.89,32.99,653090
03/03/2008,32.93,33.69,32.44,33.65,860460
03/04/2008,33.54,34.04,33.11,33.79,995500
03/05/2008,33.9,34.56,33.69,34.15,761850
03/06/2008,33.74,33.88,32.17,32.24,868020
03/07/2008,31.95,32.94,31.48,32.69,677130
03/10/2008,32.68,32.86,31.79,31.98,562920
03/11/2008,32.77,34,32.36,33.98,767040
03/12/2008,34.54,34.73,33.81,33.95,812810
03/13/2008,33.5,34.56,33.08,34.38,882050
03/14/2008,34.26,34.73,33.07,34.16,1108370
03/17/2008,33.48,34.69,33.36,34.34,1009030
03/18/2008,35.02,36.23,34.93,36.22,994410
03/19/2008,36.51,36.72,35.83,35.85,788710
03/20/2008,35.62,36.72,35.61,36.58,1207660
03/24/2008,37.02,37.89,36.42,37.39,1384140
03/25/2008,37.58,37.77,36.75,37.54,835360
03/26/2008,37.43,37.45,36.22,36.37,723260
03/27/2008,36.37,36.71,35.54,35.6,678140
03/28/2008,35.71,35.77,34.77,34.84,774480
03/31/2008,35.39,36.27,35.28,35.38,1166350
04/01/2008,36,37.34,35.95,37.28,1399250
04/02/2008,37.24,38.2,36.97,37.81,831990
04/03/2008,37.82,39.01,37.46,38.96,921450
04/04/2008,38.87,39.16,38.34,38.79,1060950
04/07/2008,38.9,39.02,38.56,38.92,1028750
04/08/2008,38.49,38.9,37.64,37.74,1204980
04/09/2008,37.81,37.84,36.14,36.22,1034400
04/10/2008,36.48,36.78,35.66,36.42,1042510
04/11/2008,36.05,36.44,35.68,36.03,590460
04/14/2008,35.83,36.38,35.83,35.98,537680
04/15/2008,36.37,36.39,35.73,36.16,924760
04/16/2008,36.31,37.58,36.13,37.51,983400
04/17/2008,37.33,37.99,37.25,37.87,610030
04/18/2008,38.35,38.53,37.28,37.58,400890
04/21/2008,37.33,37.54,36.83,37.07,296880
04/22/2008,36.97,37.18,36.61,36.76,271630
04/23/2008,36.8,37.35,36.5,37.06,505640
04/24/2008,37.02,37.99,36.94,37.84,604140
04/25/2008,37.24,37.52,36.66,37.36,929650
04/28/2008,37.73,37.94,37.07,37.78,463920
04/29/2008,37.5,37.86,36.84,37.23,516690
04/30/2008,37.34,38.21,37.19,37.23,615190
05/01/2008,37.31,38.09,37.07,37.8,764060
05/02/2008,38.1,38.86,37.92,38.32,742110
05/05/2008,38.03,38.26,37.71,38.15,265180
05/06/2008,37.91,38.59,37.58,38.49,680230
05/07/2008,38.68,38.94,37.19,37.35,457330
05/08/2008,37.35,37.62,36.91,37.19,430180
05/09/2008,36.73,37.4,36.59,36.95,440190
05/12/2008,36.96,38.8,36.84,38.72,887740
05/13/2008,38.74,39.24,38.38,39.05,459250
05/14/2008,39.11,39.88,39.11,39.49,598710
05/15/2008,39.69,40.27,39.36,40.19,551790
05/16/2008,40.24,40.24,39.62,39.67,673790
05/19/2008,39.32,40.22,39.05,39.67,607380
05/20/2008,39.41,39.66,38.79,39.02,495400
05/21/2008,39.17,39.54,38.31,38.31,651940
05/22/2008,38.33,38.48,37.56,37.7,575670
05/23/2008,37.91,38.18,37.29,37.49,791640
05/27/2008,37.46,38.36,37.29,37.83,743160
05/28/2008,38.29,38.29,37.6,37.92,536980
05/29/2008,37.86,38.11,37.5,38.02,577700
05/30/2008,37.92,38.25,37.51,37.56,697790
06/02/2008,37.43,37.76,37.12,37.58,1105750
06/03/2008,37.99,38.26,37.51,37.92,574460
06/04/2008,37.87,38.73,37.69,38.36,472270
06/05/2008,38.54,39.41,38.53,39.38,423340
06/06/2008,38.62,39.2,38.1,38.3,1322810
06/09/2008,38.32,38.8,36.36,36.46,1104920
06/10/2008,36.15,37.38,35.96,37.2,947400
06/11/2008,37.42,37.48,36.59,36.68,701170
06/12/2008,37.06,37.63,36.7,37.18,605600
06/13/2008,37.44,37.63,36.63,37.28,719920
06/16/2008,36.97,37.73,36.71,37.37,938940
06/17/2008,37.49,37.74,36.26,36.33,776700
06/18/2008,36.18,36.4,35.38,35.72,825100
06/19/2008,35.53,36.06,35.17,36,1280150
06/20/2008,35.18,36.03,35.02,35.21,990200
06/23/2008,35.4,35.58,34.5,34.7,947650
06/24/2008,34.55,35.39,34.36,34.93,725440
06/25/2008,35.11,35.92,34.92,35.3,558500
06/26/2008,34.84,35.36,34.13,34.2,734500
06/27/2008,34.23,34.38,33.43,33.85,697190
06/30/2008,33.77,34.4,33.45,33.98,680190
07/01/2008,33.61,34.15,32.62,33.37,1246370
07/02/2008,33.23,33.4,32.4,32.44,898360
07/03/2008,32.58,32.71,31.97,32.15,635010
07/07/2008,32.33,32.77,31.5,32.14,1134230
07/08/2008,32.39,35.01,32.25,34.85,1005170
07/09/2008,34.79,35.05,32.81,32.98,1592020
07/10/2008,32.97,34.08,32.46,33.76,1261160
07/11/2008,34.52,34.99,33.16,33.98,1914520
07/14/2008,34.32,34.52,33.44,33.55,1468230
07/15/2008,33.25,34.45,32.79,33.27,1690950
07/16/2008,33.5,35.38,32.87,35.23,1864430
07/17/2008,36.66,36.66,34.69,35.94,1485090
07/18/2008,35.93,35.96,35.28,35.66,1126960
07/21/2008,35.72,36.33,35.24,36.27,655840
07/22/2008,36.05,37.46,35.52,37.33,1067640
07/23/2008,37.39,39.26,37.34,38.81,1541720
07/24/2008,38.68,38.68,36.24,36.59,1260640
07/25/2008,37.15,37.77,36.52,37.24,758720
07/28/2008,37.55,38.4,36.24,36.43,1366730
07/29/2008,36.7,38.59,36.59,38.06,1518400
07/30/2008,37.38,38.53,36.36,38.19,1995170
07/31/2008,37.7,38.85,37.15,38.38,967820
08/01/2008,38.58,39.04,37.59,38.77,1045870
08/04/2008,38.54,38.54,37.97,38.1,1307740
08/05/2008,38.55,40.66,38.19,40.49,1591130
08/06/2008,40.13,40.79,39.62,40.23,1073220
08/07/2008,39.54,40.02,38.36,38.6,1285500
08/08/2008,38.69,40.13,38.36,39.66,1141210
08/11/2008,39.67,41.22,39.44,40.95,1251000
08/12/2008,40.68,40.71,39.31,39.9,849670
08/13/2008,39.54,39.97,38.66,39.23,702690
08/14/2008,38.87,40.48,38.87,40.14,881050
08/15/2008,40.3,40.8,39.41,39.78,746170
08/18/2008,39.79,40.06,38.83,39.26,1234530
08/19/2008,39.08,39.34,37.98,38.59,1073160
08/20/2008,38.59,39.04,37.58,38.4,948120
08/21/2008,37.88,38.36,37.47,37.91,556270
08/22/2008,38.22,38.54,37.47,38.31,1391170
08/25/2008,38,38.07,37.01,37.26,684330
08/26/2008,37.16,37.66,36.94,37.54,640030
08/27/2008,37.49,37.69,37.25,37.63,819380
08/28/2008,38.14,38.47,37.62,38.37,1038820
08/29/2008,38.19,38.3,37.57,37.87,632900
09/02/2008,38.58,39.11,37.18,37.74,1162430
09/03/2008,37.57,38.31,37.49,38.15,1537360
09/04/2008,37.76,38.17,37.44,37.51,1321590
09/05/2008,37.25,37.7,37.01,37.52,1272460
09/08/2008,38.29,39.37,38.2,39.17,1986080
09/09/2008,38.87,39.72,37.37,37.43,1843450
09/10/2008,37.6,37.76,36.75,37.4,1302080
09/11/2008,36.99,37.4,36.37,37.14,984980
09/12/2008,37,37.74,36.86,37.46,820370
09/15/2008,36.09,36.92,34.66,34.79,1807390
09/16/2008,34.61,37.13,34.61,36.9,2205910
09/17/2008,36.36,36.95,34.99,35.18,1579970
09/18/2008,36.53,39.25,34.83,38.3,2737590
09/19/2008,39.3,42.59,37.93,41.35,2911400
09/22/2008,40.92,41,37.35,37.76,995620
09/23/2008,38.94,38.94,37.45,37.79,729220
09/24/2008,37.88,37.99,36.95,37.4,612550
09/25/2008,37.66,39.33,37.1,38.61,1655600
09/26/2008,37.91,40.54,37.66,40.32,1110650
09/29/2008,39.56,40.24,37.53,37.7,987060
09/30/2008,37.4,40.61,37.4,38.93,820910
10/01/2008,38.92,39.08,37.8,38.45,696130
10/02/2008,38.2,38.2,36.38,36.6,1523350
10/03/2008,36.65,37.13,34.59,34.66,1094610
10/06/2008,33.99,34.34,32.16,34.11,1205590
10/07/2008,34.36,34.83,32.45,32.58,1844880
10/08/2008,32.02,33.51,30.31,31.35,2771040
10/09/2008,31.41,32.04,27.37,27.94,1965450
10/10/2008,27.92,30.61,26.85,30.39,3397820
10/13/2008,30.81,32.26,29.36,32.25,1860800
10/14/2008,33.84,33.84,27.89,30.28,2218730
10/15/2008,29.28,30.5,26.8,27.46,1831310
10/16/2008,27.36,29.39,26.59,29.15,2083080
10/17/2008,28.84,31.03,26.63,29.42,2611470
10/20/2008,29.77,29.93,28.2,29.52,907900
10/21/2008,29.15,30.33,28.82,28.97,912620
10/22/2008,28.57,28.57,25.68,26.81,1524330
10/23/2008,25.86,26.76,23.84,25.82,1958780
10/24/2008,24.49,26.49,24.11,25.37,1801090
10/27/2008,25.21,26.5,24.14,24.25,1043250
10/28/2008,24.71,28.03,23.48,27.71,1848350
10/29/2008,28.5,29.45,26.82,26.82,1214260
10/30/2008,27.18,27.51,25.69,26.19,1579100
10/31/2008,26.24,27.77,25.87,27.64,1313400
11/03/2008,27.52,27.52,26.63,26.96,756580
11/04/2008,28.07,28.34,26.96,27.39,1741500
11/05/2008,26.85,27.54,25.73,25.88,1619680
11/06/2008,25.82,25.84,24.11,24.92,1503220
11/07/2008,25.04,26.31,24.35,26.1,1165010
11/10/2008,26.19,26.55,23.34,23.66,1231760
11/11/2008,23.01,24.23,22.51,23.46,1278040
11/12/2008,23.19,23.62,21.74,21.96,1410810
11/13/2008,22.66,25.41,21.88,25.07,1827700
11/14/2008,24.11,24.36,22.07,22.14,1565100
11/17/2008,21.38,22.45,20.28,20.42,1690960
11/18/2008,20.45,20.97,18.565,19.37,3092110
11/19/2008,19.239,19.239,16.148,16.307,3028620
11/20/2008,16.269,17.525,14.792,15.34,3799660
11/21/2008,15.614,16.226,14.351,15.861,3557710
11/24/2008,15.978,20.44,15.978,20.07,3635890
11/25/2008,20.34,21.91,19.98,21.4,3851410
11/26/2008,21.16,23.16,20.59,22.92,2372400
11/28/2008,22.61,23.34,22.16,23.33,1197680
12/01/2008,22.64,22.64,18.528,18.79,2185400
12/02/2008,18.831,21.85,18.831,21.66,2849830
12/03/2008,20.89,23.31,20.17,23.1,2350700
12/04/2008,23.11,24.68,22.61,23.26,2345430
12/05/2008,23.05,26.35,22.37,26.14,2298030
12/08/2008,26.05,28.26,25.25,28.01,3073630
12/09/2008,27.28,27.98,24.92,25.66,2533230
12/10/2008,26.09,27.43,25.24,27.15,1765190
12/11/2008,27.32,27.32,22.44,22.8,3178140
12/12/2008,21.99,25.34,21.94,25.16,2380790
12/15/2008,24.98,25.27,22.92,23.81,1499960
12/16/2008,24.37,26.27,23.43,26.07,2813140
12/17/2008,25.31,27.31,24.61,26.41,2052810
12/18/2008,25.86,26.38,24.26,24.64,3043680
12/19/2008,25.09,25.16,23.53,24.31,2940350
12/22/2008,24.33,24.45,21.89,23.01,2343830
12/23/2008,23.37,23.55,20.93,21.61,2036080
12/24/2008,21.61,21.86,21.21,21.71,824800
12/26/2008,21.96,22.44,20.97,21.75,716060
12/29/2008,21.83,21.84,20.01,20.41,1185780
12/30/2008,20.72,21.45,20.23,21.4,1985080
12/31/2008,21.51,22.87,21.02,22.6,2424980
01/02/2009,22.67,22.74,21.9,21.93,1442540
01/05/2009,21.84,22.22,21.12,21.63,1658230
01/06/2009,21.87,23.18,21.68,22.94,1970290
01/07/2009,22.45,23.19,22.02,22.39,1193410
01/08/2009,22.05,22.54,21.77,22.05,1165870
01/09/2009,21.31,21.56,20.71,20.84,1643930
01/12/2009,20.7,20.79,19.408,19.78,1835500
01/13/2009,19.592,20.77,19.245,20.65,1652190
01/14/2009,20.31,20.63,19.745,20.06,1959480
01/15/2009,20.06,22.12,19.686,21.39,2650180
01/16/2009,21.87,22.33,20.7,21.7,2434270
01/20/2009,21.28,21.89,19.701,19.87,3370460
01/21/2009,19.845,21.65,19.021,21.59,2629410
01/22/2009,21.3,21.33,19.836,20.28,1682190
01/23/2009,19.897,21.1,19.493,21.06,1334230
01/26/2009,21.15,21.44,20.33,20.74,1144790
01/27/2009,20.96,21.35,20.65,21.25,1199570
01/28/2009,21.74,22.97,21.32,22.74,2326340
01/29/2009,22.4,22.5,21.11,21.33,2371870
01/30/2009,21.62,21.98,20.21,20.51,2055390
02/02/2009,20.02,20.52,19.274,20.43,2353890
02/03/2009,20.62,20.62,19.31,19.73,2020360
02/04/2009,18.949,20.58,18.529,18.82,3564750
02/05/2009,18.496,18.601,17.009,17.72,3912170
02/06/2009,17.749,19.017,17.418,18.88,2276490
02/09/2009,18.866,19.271,18.405,19.182,1669390
02/10/2009,18.825,19.075,17.354,17.54,2306330
02/11/2009,17.649,18.132,16.972,18.068,1972430
02/12/2009,18.014,18.07,16.592,17.82,3117420
02/13/2009,17.762,18.392,17.068,17.116,2562120
02/17/2009,16.363,16.621,15.959,16.08,2159330
02/18/2009,16.238,16.553,15.511,16.23,1817890
02/19/2009,16.354,16.507,15.207,15.32,1984650
02/20/2009,15.054,16.719,14.698,16.63,3364340
02/23/2009,17.031,17.071,15.404,15.436,2250190
02/24/2009,15.559,17.069,15.413,16.94,2327160
02/25/2009,16.73,17.513,16.108,16.77,3309420
02/26/2009,16.778,17.254,15.446,15.527,2295280
02/27/2009,14.795,15.789,14.795,15.28,2712960
03/02/2009,15.206,15.343,14.228,14.39,3185300
03/03/2009,14.689,15.335,13.954,14.81,3231610
03/04/2009,15.23,16.102,14.737,15.65,2401710
03/05/2009,14.95,15.386,14.594,14.78,2619810
03/06/2009,14.956,15.15,13.768,14.77,2650580
03/09/2009,14.493,15.301,14.113,15.22,2411480
03/10/2009,15.764,17.645,15.562,17.466,4145400
03/11/2009,18.095,18.427,17.158,17.49,4272180
03/12/2009,17.396,19.088,16.899,18.93,2259870
03/13/2009,18.889,19.088,17.82,18.45,1239110
03/16/2009,18.598,18.731,16.98,17.03,2039660
03/17/2009,17.057,18.848,16.792,18.79,2120680
03/18/2009,18.633,19.338,17.754,19.23,2472660
03/19/2009,19.258,19.598,17.367,17.5,2685100
03/20/2009,17.589,17.589,15.741,15.807,2189190
03/23/2009,16.516,18.301,16.01,18.234,3552910
03/24/2009,17.046,18.081,16.384,16.5,2752090
03/25/2009,16.681,17.195,15.279,16.54,2358500
03/26/2009,16.889,17.005,16.009,16.93,2266520
03/27/2009,16.295,16.801,16.129,16.27,1629610
03/30/2009,15.946,15.946,15.026,15.093,1940580
03/31/2009,15.293,16.438,15.102,16.28,2548400
04/01/2009,15.86,16.609,15.736,15.919,2350530
04/02/2009,16.574,17.221,16.101,17.08,2843750
04/03/2009,16.98,19.12,16.714,19.062,2681820
04/06/2009,18.773,19.272,18.107,18.739,1864670
04/07/2009,18.323,18.514,16.813,16.83,1981990
04/08/2009,16.931,17.611,16.815,17.42,1721170
04/09/2009,18.247,20.44,17.824,20.37,3034080
04/13/2009,19.819,21.05,19.554,20.64,2092990
04/14/2009,20.34,20.34,18.449,18.615,3299650
04/15/2009,18.446,19.881,18.164,19.74,3793010
04/16/2009,19.737,20.78,18.684,20.11,2572680
04/17/2009,20.22,20.42,19.365,19.7,3049480
04/20/2009,19.188,19.213,17.197,17.305,2819740
04/21/2009,17.005,19.394,16.74,19.245,4144980
04/22/2009,18.997,20.112,18.481,18.964,3179300
04/23/2009,19.077,19.89,18.455,19.79,2036530
04/24/2009,19.811,21.99,19.496,21.37,3085010
04/27/2009,20.78,21.04,19.368,19.99,2401630
04/28/2009,19.449,20.97,19.449,20.37,1880270
04/29/2009,20.51,21.32,20.4,20.96,2048210
04/30/2009,21.26,21.83,20.26,20.33,2491610
05/01/2009,20.16,20.23,19.386,19.64,2248540
05/04/2009,20.15,21.42,19.3,21.38,3631670
05/05/2009,21.11,21.26,20.38,20.75,2086510
05/06/2009,21.15,21.33,19.826,21.16,3516130
05/07/2009,21.5,21.57,19.406,19.92,2313670
05/08/2009,20.6,22.23,20.08,22.04,2730160
05/11/2009,21.54,21.54,20.29,20.34,2181280
05/12/2009,20.5,20.88,19.499,20.32,1431360
05/13/2009,19.98,19.98,18.387,18.52,2185550
05/14/2009,18.674,19.653,18.251,19.47,2101910
05/15/2009,19.346,19.496,18.26,18.6,1538900
05/18/2009,18.879,20.61,18.73,20.46,2362500
05/19/2009,20.11,20.63,19.562,19.91,1480200
05/20/2009,20.43,20.58,19.331,19.48,2185220
05/21/2009,19.145,19.883,18.913,19.51,1569110
05/22/2009,19.495,19.802,18.807,18.89,1410760
05/26/2009,18.788,20.29,18.655,20.19,3221060
05/27/2009,20.2,20.29,19.302,19.46,2067720
05/28/2009,19.976,20.001,19.172,19.86,1913080
05/29/2009,20.08,20.72,19.554,20.72,1913890
06/01/2009,21.09,22.18,20.63,21.05,2606880
06/02/2009,21.15,21.16,20.47,20.52,1655560
06/03/2009,20.25,20.61,19.91,20.54,1309800
06/04/2009,20.67,21.23,20.36,20.71,1729420
06/05/2009,20.86,21.11,20.31,20.5,1969180
06/08/2009,20.49,20.75,20.13,20.48,1370000
06/09/2009,20.64,20.74,20.17,20.52,2093850
06/10/2009,20.64,20.78,19.714,20.22,1878350
06/11/2009,20.39,20.67,19.905,19.982,1557050
06/12/2009,19.975,21.04,19.924,20.96,1581030
06/15/2009,20.62,20.68,19.505,19.675,1652710
06/16/2009,19.725,20.07,19.343,19.81,1469370
06/17/2009,19.786,20.21,19.412,19.65,1479790
06/18/2009,19.896,20.24,19.463,19.93,1093350
06/19/2009,20.07,20.29,19.825,20.19,1338110
06/22/2009,19.949,20.14,19.329,19.38,1393620
06/23/2009,19.422,19.82,19.218,19.455,1020460
06/24/2009,19.563,19.988,19.538,19.75,1063430
06/25/2009,19.524,19.957,19.337,19.923,991850
06/26/2009,19.879,20.25,19.751,20.04,917310
06/29/2009,20.2,20.43,19.691,20.26,1003350
06/30/2009,20.24,20.42,19.949,20.17,994620
07/01/2009,20.26,20.57,20.14,20.38,662340
07/02/2009,19.415,19.423,18.547,18.63,1470140
07/06/2009,18.669,19.441,18.609,19.407,1824780
07/07/2009,19.304,19.304,18.32,18.43,1660930
07/08/2009,18.619,18.634,17.43,17.88,1996000
07/09/2009,18.063,18.199,17.561,17.578,1204930
07/10/2009,17.501,17.603,16.983,17.28,1152140
07/13/2009,17.412,18.056,17.2,18.039,1314020
07/14/2009,17.976,18.562,17.637,18.46,928560
07/15/2009,18.682,19.488,18.444,19.31,1467340
07/16/2009,19.058,19.534,18.736,19.33,866180
07/17/2009,19.347,19.389,18.761,18.88,1222310
07/20/2009,19.006,19.584,18.938,19.507,1039160
07/21/2009,19.568,19.568,18.71,19.05,878870
07/22/2009,18.877,19.472,18.75,19.2,1173160
07/23/2009,19.336,20.06,18.945,19.93,1619970
07/24/2009,19.789,19.917,19.449,19.823,629860
07/27/2009,19.883,20.36,19.636,20.31,720940
07/28/2009,20.2,20.44,20.07,20.32,659780
07/29/2009,20.21,20.28,19.718,19.93,571570
07/30/2009,20.3,21.12,20.13,20.7,1171960
07/31/2009,20.4,20.68,20.04,20.15,1240640
08/03/2009,20.4,20.49,20.14,20.26,1315080
08/04/2009,19.862,21.22,19.862,21.05,2221540
08/05/2009,21.2,22.67,20.78,22.56,2390390
08/06/2009,22.69,23.65,22.69,23.04,3403180
08/07/2009,22.28,24.81,22.26,24.4,2178910
08/10/2009,24.34,24.4,23.5,23.77,3618700
08/11/2009,23.65,24.12,23.06,23.93,2131620
08/12/2009,23.74,24.49,23.63,23.71,1867280
08/13/2009,24.19,24.23,23.56,23.88,974460
08/14/2009,23.71,23.87,22.94,23.53,815650
08/17/2009,22.67,22.77,21.95,22.05,1518850
08/18/2009,22.13,22.36,21.87,22.1,1172410
08/19/2009,21.79,22.24,21.64,21.95,1099620
08/20/2009,21.87,22.9,21.87,22.89,1277490
08/21/2009,23.18,23.95,22.98,23.4,950360
08/24/2009,23.63,23.86,23.13,23.38,1115090
08/25/2009,23.58,23.95,23.23,23.76,1288620
08/26/2009,23.65,23.9,23.31,23.87,1004000
08/27/2009,23.82,24.17,23.39,24.03,1297290
08/28/2009,24.3,24.33,23.65,24.2,795700
08/31/2009,23.75,24.11,23.63,24,957550
09/01/2009,23.84,24.13,22.71,22.77,1494400
09/02/2009,22.77,22.77,22.07,22.1,1007580
09/03/2009,22.25,22.85,21.96,22.84,1108920
09/04/2009,22.68,23.16,22.4,23.01,1119160
09/08/2009,23.16,23.64,23.02,23.58,1461740
09/09/2009,23.35,24.42,23.31,24.28,1536180
09/10/2009,24.06,24.68,23.85,24.65,985280
09/11/2009,24.93,24.93,24.26,24.6,1062940
09/14/2009,24.3,25.38,24.26,25.36,542930
09/15/2009,25.39,26.02,25.04,25.88,955360
09/16/2009,26.02,27.29,25.99,27.24,1090860
09/17/2009,27.1,28.18,26.52,26.83,636030
09/18/2009,26.7,27.38,26.42,26.95,881300
09/21/2009,26.59,26.92,26.38,26.6,784890
09/22/2009,26.93,27.52,26.6,27.47,547220
09/23/2009,27.4,27.65,26.18,26.21,768990
09/24/2009,26.21,26.54,25.28,25.98,1258600
09/25/2009,25.83,26.42,25.5,26.07,1217680
09/28/2009,26.24,27.47,26.18,27.38,1200580
09/29/2009,27.51,27.66,26.56,26.72,641740
09/30/2009,26.86,27.21,26.33,26.92,960690
10/01/2009,26.69,26.97,25.62,25.66,1332320
10/02/2009,25.35,26.32,25.1,25.35,644800
10/05/2009,25.64,26.46,25.56,26.02,902430
10/06/2009,26.25,26.46,25.36,25.76,491080
10/07/2009,25.73,26.12,25.35,25.89,337110
10/08/2009,26.09,26.72,26.07,26.6,800490
10/09/2009,26.5,26.71,25.99,26.39,462860
10/12/2009,26.43,26.79,26.37,26.46,582590
10/13/2009,26.42,26.51,25.74,26.09,868800
10/14/2009,26.77,26.94,26.34,26.86,1002290
10/15/2009,26.53,26.76,26.2,26.21,688880
10/16/2009,25.95,26.09,25.38,25.42,782970
10/19/2009,25.49,26.35,25.32,26.02,876470
10/20/2009,26,26.15,24.91,25,1007620
10/21/2009,24.95,25.43,24.42,24.48,854460
10/22/2009,24.49,24.97,24.14,24.96,1159910
10/23/2009,25.01,25.11,24.61,24.75,702950
10/26/2009,24.81,25.28,24.64,24.67,807550
10/27/2009,24.8,24.98,24.19,24.23,991290
10/28/2009,24.34,24.97,23.51,23.59,1115500
10/29/2009,23.76,24.15,23.34,24.05,1166180
10/30/2009,24.02,24.2,23.02,23.42,1256120
11/02/2009,23.67,24.48,23.23,24,1152370
11/03/2009,23.69,25.12,23.69,24.97,1402990
11/04/2009,25.1,25.38,24.36,24.46,1025340
11/05/2009,24.71,25.1,24.48,25.07,731820
11/06/2009,24.65,25.03,24.4,24.76,561900
11/09/2009,25.12,25.88,24.96,25.79,787400
11/10/2009,25.65,26.41,25.5,26.14,1112610
11/11/2009,26.47,26.73,26.15,26.5,606080
11/12/2009,26.37,26.66,26.03,26.1,467170
11/13/2009,26.21,26.67,26.11,26.58,544730
11/16/2009,26.86,27.41,26.7,27.08,528650
11/17/2009,26.79,27.26,26.03,26.12,1863660
11/18/2009,26.26,26.49,26.07,26.4,1187040
11/19/2009,25.84,26.05,25.55,25.69,940900
11/20/2009,25.41,25.64,25.36,25.54,544410
11/23/2009,25.93,26.43,25.83,26.15,844710
11/24/2009,26.07,26.15,25.66,25.91,640440
11/25/2009,25.99,26.5,25.94,26.28,521740
11/27/2009,25.3,26.41,25.3,25.79,453150
11/30/2009,25.79,27.08,25.65,26.92,1391130
12/01/2009,27.08,27.35,26.77,27.07,1117680
12/02/2009,27.14,27.67,26.92,27.46,824030
12/03/2009,27.35,28.04,27.19,27.27,798520
12/04/2009,27.91,28.19,27.32,27.87,1410520
12/07/2009,27.74,27.74,27.14,27.35,788680
12/08/2009,26.15,27.51,25.86,27.02,1039030
12/09/2009,27.12,27.12,26.51,26.6,777740
12/10/2009,26.82,26.86,26.2,26.4,469800
12/11/2009,26.66,27.2,26.51,27.17,724820
12/14/2009,27.34,27.68,26.71,27.63,751720
12/15/2009,27.41,27.74,27.24,27.72,573440
12/16/2009,27.9,28.23,27.81,27.98,473270
12/17/2009,27.63,28.01,27.42,27.89,439950
12/18/2009,28.11,28.47,27.7,28.43,879170
12/21/2009,28.58,28.75,28.38,28.72,625100
12/22/2009,28.8,29.16,28.77,29.13,519670
12/23/2009,29.08,29.79,29.05,29.56,831610
12/24/2009,29.61,30.1,29.52,29.96,283110
12/28/2009,30.12,30.66,29.65,29.75,513250
12/29/2009,29.88,29.96,29.35,29.6,471850
12/30/2009,29.47,29.7,29.21,29.48,417110
12/31/2009,29.47,29.75,28.75,28.8,673950
01/04/2010,29.16,29.3,28.17,28.46,861940
01/05/2010,28.55,28.64,28.06,28.48,919410
01/06/2010,28.49,28.85,28.25,28.39,511850
01/07/2010,28.22,29.12,28,28.99,764550
01/08/2010,28.83,28.9,28.34,28.72,510680
01/11/2010,29.2,29.79,29.09,29.26,501740
01/12/2010,29,29.34,28.51,28.65,638970
01/13/2010,28.72,29.32,28.66,29.16,344110
01/14/2010,28.94,29.11,28.57,29.03,298330
01/15/2010,28.88,29,28.55,28.79,407350
01/19/2010,28.84,29.5,28.71,29.38,611670
01/20/2010,29.06,29.14,28.62,28.97,570030
01/21/2010,29.01,29.19,28.18,28.28,649700
01/22/2010,28.96,28.96,27.67,27.77,810250
01/25/2010,28.05,28.49,27.73,28.29,863620
01/26/2010,28.17,28.79,27.96,28.56,615710
01/27/2010,28.52,28.81,28,28.78,717450
01/28/2010,28.85,28.89,28.05,28.26,532420
01/29/2010,28.44,28.73,27.7,27.92,1040680
02/01/2010,28.16,28.52,27.91,28.11,1146800
02/02/2010,28.27,29.07,28.02,28.83,1154160
02/03/2010,28.18,28.31,27.5,27.74,1880880
02/04/2010,27.41,27.57,26.61,26.81,1819800
02/05/2010,26.78,27.5,26.44,27.45,1545100
02/08/2010,27.43,27.66,27.08,27.2,1000230
02/09/2010,27.61,27.61,26.69,27.22,1610010
02/10/2010,27.17,27.44,26.5,27.07,1104200
02/11/2010,27.1,27.69,26.71,27.6,625500
02/12/2010,27.2,28.24,27.15,28.14,1089630
02/16/2010,28.77,29.14,28.49,28.96,1264090
02/17/2010,29,29.27,28.57,28.76,673910
02/18/2010,28.75,29.19,28.43,28.97,822490
02/19/2010,28.99,29.15,28.65,28.9,842280
02/22/2010,28.97,28.97,28.46,28.8,1351420
02/23/2010,28.66,29.04,28.64,28.86,896360
02/24/2010,28.99,29.2,28.89,29.18,654720
02/25/2010,28.65,29.29,28.61,29.2,688950
02/26/2010,29.25,29.63,29.11,29.35,1013150
03/01/2010,29.45,29.64,29.25,29.57,446340
03/02/2010,29.63,29.67,29.28,29.39,741840
03/03/2010,29.44,29.51,29.09,29.25,851030
03/04/2010,29.27,29.44,29.2,29.32,638180
03/05/2010,29.48,29.76,29.28,29.72,1469440
03/08/2010,29.66,30.96,29.63,30.81,936970
03/09/2010,30.58,31.24,30.5,31.01,851600
03/10/2010,31.01,31.13,30.32,30.47,697190
03/11/2010,30.44,30.44,30.08,30.4,882890
03/12/2010,30.53,30.83,30.24,30.79,635910
03/15/2010,30.74,30.87,30.22,30.52,418320
03/16/2010,30.55,31.21,30.46,31.09,693280
03/17/2010,31.15,31.86,30.94,31.76,752940
03/18/2010,31.63,32.12,31.58,31.96,655060
03/19/2010,32.08,32.24,31.72,32.01,839300
03/22/2010,31.76,32.35,31.67,32.28,563460
03/23/2010,32.2,32.28,31.65,32.26,644990
03/24/2010,32.07,32.68,32.07,32.28,596540
03/25/2010,32.32,33.15,32.32,32.93,1111890
03/26/2010,32.93,32.98,32.22,32.39,787420
03/29/2010,32.2,32.3,31.49,31.72,971050
03/30/2010,31.83,32.11,31.62,32.04,538420
03/31/2010,31.97,32.03,31.3,31.46,1191970
04/01/2010,30.83,31.35,30.75,31.34,6665970
04/05/2010,31.47,32.7,31.42,32.68,2157190
04/06/2010,33.61,33.97,32.63,33.35,2124320
04/07/2010,33.12,33.49,32.43,32.61,1060420
04/08/2010,32.47,32.84,32.37,32.79,522190
04/09/2010,32.88,33.64,32.71,33.5,1679090
04/12/2010,33.64,33.67,33.22,33.42,913940
04/13/2010,33.42,34.68,33.36,34.58,958230
04/14/2010,34.75,34.92,34.28,34.7,1067800
04/15/2010,34.53,34.65,33.62,33.64,1132330
04/16/2010,33.51,34.03,33.21,33.3,1322860
04/19/2010,33.14,33.83,32.93,33.63,646140
04/20/2010,33.72,34.28,33.3,34.26,799880
04/21/2010,34.29,35.42,34.29,34.91,1135690
04/22/2010,34.61,35.81,34.44,35.76,836460
04/23/2010,35.78,36.9,35.64,36.84,1166240
04/26/2010,36.83,37.22,36.61,37.01,1204120
04/27/2010,36.87,37.32,35.88,35.9,1678890
04/28/2010,36.26,36.37,35.89,36.01,852590
04/29/2010,36.43,38.05,36.43,37.91,1654740
04/30/2010,37.81,38.1,36.58,36.75,1805180
05/03/2010,36.98,38.24,36.98,38.07,1161790
05/04/2010,37.54,37.81,36.76,37.17,2387700
05/05/2010,36.4,37.27,35.69,36.42,1636350
05/06/2010,36.58,36.88,32.82,34.98,2234920
05/07/2010,34.94,36.19,34.02,34.32,1656000
05/10/2010,35.97,36.93,35.79,36.91,1152000
05/11/2010,36.3,37.61,36.08,37.07,848530
05/12/2010,37.35,38.29,37.08,38.15,1371670
05/13/2010,37.92,38.24,37.04,37.21,882530
05/14/2010,36.82,37.01,35.96,36.33,886090
05/17/2010,36.48,36.98,35.22,36.6,917310
05/18/2010,37.21,37.27,35.85,35.98,890980
05/19/2010,35.94,36.54,35.09,35.83,998720
05/20/2010,34.77,35.36,33.66,33.76,1848330
05/21/2010,33.35,35.06,32.97,35,1356690
05/24/2010,34.93,35.22,34.03,34.08,713750
05/25/2010,33.09,34.67,32.59,34.61,951270
05/26/2010,35.06,35.76,34.46,34.6,1070290
05/27/2010,35.6,36.69,35.21,36.64,1113900
05/28/2010,36.48,36.81,35.73,35.96,862130
06/01/2010,35.73,35.96,34.73,34.78,1003640
06/02/2010,34.96,35.4,34.36,35.34,880650
06/03/2010,35.61,35.66,34.9,35.13,612570
06/04/2010,34.32,34.51,32.61,32.76,1473440
06/07/2010,32.96,33.59,32.68,32.77,874810
06/08/2010,32.83,33.32,32,33.22,1208500
06/09/2010,33.61,35.02,33.61,34.23,1506040
06/10/2010,34.94,35.99,34.62,35.91,1344650
06/11/2010,35.36,36.02,35.22,35.94,1117870
06/14/2010,36.3,36.83,36.06,36.41,1499480
06/15/2010,36.61,37.38,36.41,37.2,938530
06/16/2010,36.98,37.38,36.79,37,1113910
06/17/2010,36.99,37.33,36.81,37.1,955180
06/18/2010,37.2,37.29,36.71,36.97,628040
06/21/2010,37.43,37.7,36.49,36.65,820080
06/22/2010,36.66,36.87,35.33,35.44,1107860
06/23/2010,35.36,35.77,34.7,35.38,857660
06/24/2010,35.17,35.28,34.21,34.29,979690
06/25/2010,34.49,35.79,34.12,35.64,1229310
06/28/2010,35.65,35.86,34.83,35,535780
06/29/2010,34.32,34.49,33.28,33.48,1146570
06/30/2010,33.51,33.94,32.77,32.77,1428260
07/01/2010,32.91,33.01,31.64,32.52,1067690
07/02/2010,32.75,32.75,31.36,31.88,1610840
07/06/2010,32.53,32.84,31.17,31.45,1316750
07/07/2010,31.58,32.89,31.47,32.87,1911510
07/08/2010,33.27,33.9,32.29,32.8,2631150
07/09/2010,32.64,33.66,32.59,33.62,1249550
07/12/2010,33.49,34.37,33.29,34.09,952890
07/13/2010,34.68,35.09,34.4,35,872490
07/14/2010,34.77,34.88,34.12,34.44,626250
07/15/2010,34.39,34.78,33.61,34.67,772790
07/16/2010,34.38,34.45,32.79,32.99,1053110
07/19/2010,33.23,33.82,32.35,33.72,891880
07/20/2010,33.16,34.53,32.88,34.46,1003640
07/21/2010,34.85,34.86,33.95,34.07,1871980
07/22/2010,34.58,35.63,34.44,35.44,1438790
07/23/2010,35.28,35.81,34.76,35.74,1425440
07/26/2010,35.91,37.04,35.5,36.99,950500
07/27/2010,37.33,37.58,36.64,36.98,1168770
07/28/2010,36.99,37.85,36.92,37.42,1281260
07/29/2010,37.69,37.86,36.57,37,1825510
07/30/2010,36.48,37.16,36.36,36.86,1265190
08/02/2010,37.58,38.38,37.42,38.18,1121130
08/03/2010,37.94,38.17,37.41,37.85,1060220
08/04/2010,37.96,38.1,36.98,37.31,1660220
08/05/2010,36.9,37.53,36.85,37.17,896820
08/06/2010,36.81,37.31,36.48,37.21,812960
08/09/2010,37.4,37.69,37.2,37.49,819110
08/10/2010,37.02,37.46,36.88,37.16,1158100
08/11/2010,36.19,36.63,35.67,36.02,951020
08/12/2010,35.24,35.98,35.13,35.6,782500
08/13/2010,35.53,35.92,35.33,35.48,684670
08/16/2010,35.28,35.8,35.17,35.42,535180
08/17/2010,35.68,36.47,35.4,36.22,725450
08/18/2010,36.22,36.62,35.84,36.38,376090
08/19/2010,36.18,36.27,35.07,35.43,753650
08/20/2010,35.27,35.63,34.91,35.48,378200
08/23/2010,35.65,35.93,35.29,35.31,271600
08/24/2010,34.76,35.48,34.4,35.1,435070
08/25/2010,34.71,35.85,34.71,35.68,435350
08/26/2010,35.95,36.21,35.23,35.46,969870
08/27/2010,35.79,35.99,34.77,35.98,780380
08/30/2010,35.87,36.22,35.68,35.76,576770
08/31/2010,35.59,36.36,35.49,36.31,982190
09/01/2010,36.93,37.6,36.74,37.49,1039530
09/02/2010,37.66,37.78,37.17,37.53,826950
09/03/2010,38.16,38.16,37.58,38.07,463640
09/07/2010,37.78,37.93,37.57,37.65,508110
09/08/2010,37.8,37.91,37.13,37.23,669530
09/09/2010,37.78,37.78,36.65,36.78,833120
09/10/2010,36.78,37.1,36.64,36.78,868550
09/13/2010,37.06,37.58,37.05,37.46,808950
09/14/2010,37.28,38.02,37.14,37.66,1002380
09/15/2010,37.46,38.52,37.46,38.25,1152200
09/16/2010,38.24,38.58,37.98,38.05,734540
09/17/2010,38.26,38.33,37.89,38.15,782880
09/20/2010,38.21,38.96,38.18,38.91,920360
09/21/2010,38.9,38.97,38.27,38.37,924700
09/22/2010,38.17,38.55,37.71,37.87,690890
09/23/2010,37.42,37.73,36.72,36.8,735880
09/24/2010,37.32,37.98,37.28,37.88,442640
09/27/2010,37.85,37.87,37.15,37.36,412440
09/28/2010,37.41,37.54,36.91,37.48,463650
09/29/2010,37.33,37.39,36.9,37.2,537850
09/30/2010,37.42,37.92,37.08,37.2,803490
10/01/2010,37.61,37.7,36.76,37.51,684710
10/04/2010,37.49,37.83,37.28,37.71,557210
10/05/2010,38.09,38.1,37.67,37.92,857340
10/06/2010,37.78,38.03,37.56,37.73,449480
10/07/2010,37.97,38.27,37.7,37.73,238880
10/08/2010,37.83,38.2,37.62,38.01,247150
10/11/2010,37.99,38.25,37.89,38.02,261530
10/12/2010,38,38.3,37.69,38.25,565450
10/13/2010,38.47,38.99,38.27,38.69,484670
10/14/2010,38.63,38.83,38.29,38.46,408390
10/15/2010,38.75,38.84,38.35,38.42,478830
10/18/2010,38.42,39.09,38.38,39.08,433590
10/19/2010,38.4,39.17,38.31,38.44,512800
10/20/2010,38.6,39.64,38.57,39.41,425230
10/21/2010,39.48,39.85,39.24,39.42,465930
10/22/2010,39.55,40.13,39.47,40.11,549460
10/25/2010,40.29,40.33,39.97,40.15,412620
10/26/2010,39.86,40.03,39.59,39.6,316550
10/27/2010,39.4,39.65,39.03,39.33,524980
10/28/2010,39.55,39.63,38.24,38.55,472120
10/29/2010,38.43,38.74,38.4,38.48,396040
11/01/2010,38.74,39.25,38.42,38.63,729290
11/02/2010,38.97,39.11,38.5,38.83,761170
11/03/2010,39.56,40.11,38.87,39.71,1050230
11/04/2010,40.17,40.73,39.96,40.64,670450
11/05/2010,40.59,41.57,40.34,41.15,616310
11/08/2010,41.06,41.23,40.36,40.97,328740
11/09/2010,41.07,41.07,38.64,38.91,1013450
11/10/2010,38.99,39.9,38.97,39.77,627890
11/11/2010,39.46,40.12,39.37,39.5,362470
11/12/2010,39.23,39.67,39.03,39.32,427650
11/15/2010,39.42,39.87,39.15,39.17,480800
11/16/2010,38.99,38.99,37.56,37.82,637960
11/17/2010,37.9,38.45,37.57,38.21,497690
11/18/2010,38.78,38.8,38.26,38.39,574550
11/19/2010,38.34,38.89,37.93,38.76,438450
11/22/2010,38.49,38.94,38.4,38.46,1092590
11/23/2010,38,38.21,37.78,38.05,653030
11/24/2010,38.33,38.72,38.26,38.65,756750
11/26/2010,38.35,38.87,38.29,38.68,198660
11/29/2010,38.71,39.01,38.16,38.81,629430
11/30/2010,38.39,38.89,38.39,38.61,779830
12/01/2010,38.59,38.85,38.12,38.73,732240
12/02/2010,38.76,39.25,38.76,39.15,790290
12/03/2010,38.92,39.29,38.68,39.16,600960
12/06/2010,39.04,39.31,38.51,39.16,513240
12/07/2010,39.52,39.7,38.98,39.07,692320
12/08/2010,39.04,39.18,38.17,38.43,426230
12/09/2010,38.62,38.73,37.94,38.02,483090
12/10/2010,38.03,38.7,38.02,38.53,437070
12/13/2010,38.72,38.94,38.36,38.77,315580
12/14/2010,38.69,39.03,37.85,38.09,549000
12/15/2010,37.99,38.56,37.66,37.73,553430
12/16/2010,37.87,38.04,37.49,37.74,314280
12/17/2010,37.74,38.08,37.51,37.91,717850
12/20/2010,38.03,38.43,37.88,38.31,475460
12/21/2010,38.4,38.86,38.36,38.78,409220
12/22/2010,38.79,39.43,38.71,38.76,839170
12/23/2010,38.7,38.99,38.55,38.59,429470
12/27/2010,38.51,39.14,38.5,39.11,245980
12/28/2010,39.19,39.21,38.74,39.11,328790
12/29/2010,39.16,39.18,38.89,39.15,502710
12/30/2010,39.14,39.48,39.05,39.38,347200
12/31/2010,39.4,39.56,39.27,39.34,310210
01/03/2011,39.64,39.92,39.47,39.8,706800
01/04/2011,39.97,40.25,38.87,39.05,814540
01/05/2011,38.88,39.45,38.66,38.96,595040
01/06/2011,39.06,39.24,38.66,38.73,757650
01/07/2011,38.86,39.17,38.26,38.49,667060
01/10/2011,38.32,38.72,38,38.57,427120
01/11/2011,38.72,38.76,38.07,38.43,272100
01/12/2011,38.76,38.84,38.18,38.41,427510
01/13/2011,38.37,38.63,38.2,38.48,331180
01/14/2011,38.33,38.6,38.15,38.6,353070
01/18/2011,38.58,38.86,38.19,38.84,806410
01/19/2011,38.82,38.82,38.24,38.35,410170
01/20/2011,38.19,38.78,38.19,38.35,500260
01/21/2011,38.65,38.65,37.99,38.23,522310
01/24/2011,38.28,38.85,38.18,38.67,446810
01/25/2011,38.6,39.59,38.41,39.57,554920
01/26/2011,39.66,39.98,39.29,39.9,556060
01/27/2011,40.06,40.4,39.96,40.3,571720
01/28/2011,40.35,40.39,39.58,39.63,449990
01/31/2011,39.86,40.45,39.8,40.38,561250
02/01/2011,40.63,40.7,39.94,40.65,655030
02/02/2011,40.4,41,40.4,40.64,670520
02/03/2011,40.55,40.96,40.48,40.72,632220
02/04/2011,40.61,40.65,39.82,40.07,1107360
02/07/2011,40.18,40.71,40.1,40.61,811170
02/08/2011,40.81,41.3,40.6,40.76,843380
02/09/2011,40.51,40.99,40.51,40.97,734900
02/10/2011,40.9,41.41,40.8,41.23,647310
02/11/2011,41.22,41.63,40.94,41.58,533310
02/14/2011,41.66,41.72,41.18,41.49,461700
02/15/2011,40.82,41.4,40.8,41.26,965500
02/16/2011,41.34,41.57,40.75,41,589520
02/17/2011,41.06,41.42,40.76,41.07,404470
02/18/2011,41.19,41.33,40.99,41.29,293600
02/22/2011,40.91,41.4,40.84,41.22,584120
02/23/2011,41.31,41.58,40.96,41.23,661650
02/24/2011,41.26,41.41,40.85,41.05,456140
02/25/2011,41.28,41.89,41.19,41.84,873300
02/28/2011,42.16,43.1,41.97,42.96,719760
03/01/2011,42.96,43.12,41.88,41.93,675100
03/02/2011,41.75,41.76,41.01,41.43,811890
03/03/2011,41.83,42.11,41.69,41.99,470420
03/04/2011,41.95,42,41.11,41.35,462450
03/07/2011,41.46,41.69,40.82,41.04,424240
03/08/2011,41.21,41.74,41.13,41.56,485550
03/09/2011,41.36,41.65,41.07,41.49,439270
03/10/2011,41.12,41.12,40.75,40.83,388560
03/11/2011,40.64,41.51,40.58,41.38,486420
03/14/2011,41.15,41.27,40.87,41.05,373600
03/15/2011,40.23,41.45,39.89,41.11,457350
03/16/2011,41.1,41.26,40.41,40.53,620880
03/17/2011,41.11,41.32,40.76,41.24,389200
03/18/2011,41.62,41.65,41.18,41.29,593110
03/21/2011,41.72,41.97,41.51,41.8,416060
03/22/2011,41.89,41.91,41.16,41.21,232560
03/23/2011,41.1,41.29,40.33,40.61,399370
03/24/2011,40.78,40.87,40.23,40.78,498810
03/25/2011,40.85,41.55,40.76,41.44,499390
03/28/2011,41.44,41.59,41.01,41.23,375700
03/29/2011,41.17,41.7,40.71,41.65,425010
03/30/2011,41.76,42.44,41.62,42.36,576410
03/31/2011,42.43,43.14,42.4,43.02,349880
04/01/2011,43.44,43.59,43.02,43.27,435440
04/04/2011,43.43,43.47,43.13,43.31,292000
04/05/2011,43.16,43.5,42.98,43.24,261420
04/06/2011,43.49,43.49,43.11,43.4,298120
04/07/2011,43.3,43.44,42.62,42.8,378560
04/08/2011,43.13,43.21,42.57,42.61,574250
04/11/2011,42.58,43.06,42.54,42.7,440060
04/12/2011,42.36,42.84,42.36,42.6,489580
04/13/2011,42.86,42.86,42.36,42.5,338110
04/14/2011,42.33,43.11,42.25,43.03,766620
04/15/2011,43.23,43.36,42.89,43.36,725460
04/18/2011,42.87,42.91,42.61,42.77,848120
04/19/2011,42.8,43.28,42.8,43.1,601570
04/20/2011,43.63,43.95,43.16,43.79,516850
04/21/2011,44,44.33,43.55,44.29,433790
04/25/2011,44.2,44.64,44.02,44.56,318570
04/26/2011,44.68,45.33,44.52,45.02,530030
04/27/2011,44.95,45.34,44.95,45.25,550350
04/28/2011,45.26,46.5,45.21,46.24,657910
04/29/2011,46.2,46.58,45.56,46.25,430810
05/02/2011,46.51,46.54,45.8,46.25,450160
05/03/2011,46.24,46.53,45.46,46.03,518820
05/04/2011,45.39,45.95,45.03,45.36,824040
05/05/2011,45.12,46.42,44.97,45.84,677700
05/06/2011,43.99,44.04,43.55,43.86,7737060
05/09/2011,43.78,44.45,43.76,44.44,1181630
05/10/2011,44.46,45.21,44.45,45.16,1079850
05/11/2011,45.3,45.3,44.15,44.33,1382010
05/12/2011,44.25,44.81,43.98,44.67,766080
05/13/2011,44.65,44.71,44.06,44.54,1344580
05/16/2011,44.42,45.18,44.08,44.61,866810
05/17/2011,44.49,44.72,44.26,44.66,984660
05/18/2011,44.81,45.2,44.42,45.07,640000
05/19/2011,45.28,45.55,45.01,45.36,1037160
05/20/2011,45.33,45.5,44.64,44.8,726120
05/23/2011,44.07,44.53,44.07,44.08,726930
05/24/2011,44.32,44.48,44.02,44.34,642140
05/25/2011,44.3,45.03,44.05,44.87,636460
05/26/2011,44.86,45.69,44.65,45.64,731740
05/27/2011,45.68,45.81,45.41,45.7,498340
05/31/2011,46.05,46.52,45.95,46.52,1691340
06/01/2011,46.46,46.49,45.18,45.33,1210080
06/02/2011,45.28,45.66,44.97,45.09,635680
06/03/2011,44.68,46.13,44.28,45.95,978090
06/06/2011,45.72,45.93,45.26,45.34,807070
06/07/2011,45.55,46.64,45.41,46.21,734110
06/08/2011,46.06,46.52,45.87,45.93,643770
06/09/2011,45.86,46.14,45.02,45.62,898850
06/10/2011,45.54,45.64,44.45,44.55,616180
06/13/2011,44.79,45.02,44.42,44.67,620050
06/14/2011,45.07,45.86,45,45.74,1189190
06/15/2011,45.33,45.55,44.5,44.83,635800
06/16/2011,44.8,45.28,44.01,44.8,924430
06/17/2011,45.29,45.31,44.69,45.14,952560
06/20/2011,45.05,45.74,45.04,45.58,532210
06/21/2011,45.77,45.96,45.58,45.83,733730
06/22/2011,45.76,45.94,45.53,45.59,867310
06/23/2011,45.07,45.07,43.89,44.22,1146200
06/24/2011,44.27,44.53,43.9,44.22,1190790
06/27/2011,44.24,44.48,44.15,44.34,783020
06/28/2011,44.32,44.92,43.99,44.61,683910
06/29/2011,44.8,45.27,44.61,45.08,591940
06/30/2011,45.21,46.02,44.99,45.84,1160810
07/01/2011,45.84,46.88,45.84,46.79,561050
07/05/2011,46.76,47.25,46.51,47.17,447430
07/06/2011,47.09,47.78,46.98,47.63,747290
07/07/2011,48.03,48.49,47.84,48.44,633320
07/08/2011,47.89,48.45,47.89,48.41,660060
07/11/2011,47.92,48.16,47.7,47.87,632570
07/12/2011,47.74,48.91,47.74,48.45,940030
07/13/2011,48.52,48.63,47.64,47.78,954510
07/14/2011,47.79,47.97,47.27,47.44,1037300
07/15/2011,47.59,48.06,47.14,48.05,600340
07/18/2011,48.05,48.05,47.35,47.93,600750
07/19/2011,48.31,48.73,48.06,48.71,509630
07/20/2011,48.87,49.19,48.57,49.13,454390
07/21/2011,49.31,49.85,49.19,49.36,780520
07/22/2011,49.35,49.92,49.14,49.83,579840
07/25/2011,49.32,49.85,49.06,49.45,736860
07/26/2011,49.24,49.8,49.05,49.37,698180
07/27/2011,49.07,49.07,48,48.02,710160
07/28/2011,48.11,48.36,47.4,47.96,739810
07/29/2011,47.52,48.34,46.92,48.23,677690
08/01/2011,48.57,48.86,47.58,48.01,778210
08/02/2011,47.72,48.28,46.51,46.55,737000
08/03/2011,46.26,46.26,43.22,44.12,3213080
08/04/2011,43.4,43.82,42.2,42.23,1658670
08/05/2011,42.68,42.72,40.78,41.09,1724990
08/08/2011,39.74,40.5,38.02,38.04,1660280
08/09/2011,38.7,41.9,38.15,41.86,2015560
08/10/2011,40.74,43.5,40.67,41.23,1814660
08/11/2011,41.38,44.58,41.16,43.93,1188940
08/12/2011,44.38,44.75,43.14,43.36,897470
08/15/2011,43.75,45.51,43.74,45.49,887150
08/16/2011,44.63,45.81,44.44,45.57,883740
08/17/2011,45.8,46.11,44.81,45.14,1002850
08/18/2011,43.5,44.2,42.58,43.09,1070980
08/19/2011,42.33,43.34,41.87,41.96,1117900
08/22/2011,43.02,43.02,41.7,42.32,690010
08/23/2011,42.47,43.63,42.01,43.58,732170
08/24/2011,43.55,44.44,43.21,44.38,678270
08/25/2011,44.75,45.11,43.18,43.56,1175490
08/26/2011,43.02,44.21,42.33,44.06,742530
08/29/2011,44.69,45.19,44.44,45.15,811020
08/30/2011,44.93,45.66,44.49,45.43,797090
08/31/2011,45.7,46.47,45.09,46.19,794670
09/01/2011,46.09,46.52,45.38,45.64,723520
09/02/2011,44.71,45.66,44.56,44.6,779780
09/06/2011,43.42,44.86,43.42,44.57,611400
09/07/2011,45.32,46.27,44.53,46.17,663250
09/08/2011,45.98,46.45,45.63,46.05,724150
09/09/2011,45.69,45.96,44.44,44.71,797980
09/12/2011,44.24,45.2,44.22,45.19,894580
09/13/2011,45.32,45.56,44.87,45.35,903120
09/14/2011,45.66,45.74,44.61,45.29,835990
09/15/2011,45.62,45.69,45.11,45.28,1047630
09/16/2011,45.02,45.67,44.6,45.38,1129610
09/19/2011,44.39,44.57,44,44.07,879180
09/20/2011,44.28,44.29,43.03,43.05,947800
09/21/2011,43,43.18,40.52,40.59,942350
09/22/2011,39.55,40.27,38.61,38.95,1802800
09/23/2011,38.85,39.75,38.71,39.68,1360930
09/26/2011,40.06,40.12,38.93,39.96,780480
09/27/2011,40.7,41.08,40.09,40.35,1134170
09/28/2011,40.34,40.63,38.9,39,876310
09/29/2011,39.82,39.91,38.92,39.73,633280
09/30/2011,39.18,39.82,39.12,39.21,1323590
10/03/2011,38.87,39.44,37.25,37.65,1287100
10/04/2011,37.03,40.07,36.68,40.04,1532010
10/05/2011,39.9,39.9,37.15,39.38,1088400
10/06/2011,39.19,40.4,38.79,40.34,674560
10/07/2011,40.78,41.37,39.63,39.98,1687590
10/10/2011,40.66,41.75,40.57,41.72,969820
10/11/2011,41.37,41.79,40.35,40.51,815380
10/12/2011,40.7,41.75,40.5,41.31,848540
10/13/2011,41.22,41.41,40.38,40.98,982680
10/14/2011,41.41,42.26,41.31,42.18,888980
10/17/2011,41.62,41.78,41.2,41.49,1180730
10/18/2011,41.54,43.42,41.31,43.31,1053700
10/19/2011,43.14,43.89,43.02,43.58,1636470
10/20/2011,43.41,43.86,42.28,43.13,1790270
10/21/2011,43.64,44.55,43.52,44.48,1069620
10/24/2011,44.51,45.83,44.3,45.23,1632770
10/25/2011,45.06,45.17,44.3,44.37,962410
10/26/2011,44.92,44.97,43.83,44.78,971360
10/27/2011,46.11,46.97,45.63,46.69,1505450
10/28/2011,46.41,46.88,45.66,46.01,1046900
10/31/2011,45.36,46.88,45.05,46.41,894580
11/01/2011,45.01,45.91,44.39,44.67,1198110
11/02/2011,45.13,45.98,44.13,45.46,1500530
11/03/2011,45.97,46.1,44.58,45.53,813200
11/04/2011,45.02,45.99,44.77,45.89,613950
11/07/2011,46,46.42,44.85,45.71,561840
11/08/2011,45.92,46.11,44.52,46.01,459350
11/09/2011,45.14,45.31,43.76,43.98,752310
11/10/2011,44.63,44.71,44.06,44.61,962840
11/11/2011,45.03,45.87,44.77,45.71,392130
11/14/2011,45.56,45.61,44.73,44.88,745060
11/15/2011,44.78,45.58,44.4,45.22,413410
11/16/2011,44.83,45.14,44.35,44.39,458630
11/17/2011,44.34,44.47,42.99,43.3,684800
11/18/2011,43.62,43.86,43.12,43.73,1189380
11/21/2011,43.06,43.3,42.1,42.54,716810
11/22/2011,42.44,43.01,42.37,42.63,966130
11/23/2011,42.25,42.52,41.84,41.99,1170910
11/25/2011,41.98,42.82,41.66,42.1,195450
11/28/2011,43.72,43.85,42.76,43.11,871550
11/29/2011,43.25,43.52,42.77,43.05,569420
11/30/2011,44.4,45.15,44,45.03,898710
12/01/2011,44.84,44.95,44.03,44.12,551160
12/02/2011,44.42,44.86,44.07,44.16,557730
12/05/2011,44.6,44.91,44.17,44.5,463320
12/06/2011,44.53,44.55,44.15,44.35,350630
12/07/2011,44.12,45.04,43.87,44.93,405260
12/08/2011,44.81,44.82,43.6,43.76,498840
12/09/2011,43.84,44.96,43.79,44.65,663640
12/12/2011,44.11,44.16,43.29,43.72,486580
12/13/2011,44.08,44.47,43.12,43.47,516490
12/14/2011,43.23,44.39,43.2,44.07,617290
12/15/2011,44.51,45.44,44.25,45.24,518230
12/16/2011,45.35,46.24,45.13,45.47,965270
12/19/2011,45.54,45.71,44.89,44.95,314500
12/20/2011,45.54,46.51,45.54,46.44,349830
12/21/2011,46.44,46.48,45.9,46.35,238870
12/22/2011,46.52,47.22,46.44,46.89,464980
12/23/2011,47.13,47.25,46.69,46.93,293240
12/27/2011,46.87,47.23,46.73,47.01,544220
12/28/2011,47.08,47.08,46.57,46.62,711010
12/29/2011,46.69,47.47,46.56,47.11,257490
12/30/2011,47.05,47.4,46.96,47.12,649750
01/03/2012,47.86,48.36,46.81,47.1,442400
01/04/2012,46.94,46.94,46.24,46.26,371740
01/05/2012,46.14,47.09,46.08,46.97,300220
01/06/2012,47.02,47.37,46.41,46.83,312960
01/09/2012,46.79,47,46.42,46.54,260170
01/10/2012,46.94,47.23,46.79,47,603690
01/11/2012,46.8,47.06,46.52,46.62,492960
01/12/2012,46.66,46.66,45.75,45.92,516510
01/13/2012,45.74,47.14,45.74,47.09,726130
01/17/2012,47.34,47.78,47.13,47.34,401160
01/18/2012,47.36,47.8,47.02,47.17,458630
01/19/2012,47.15,47.3,46.44,46.44,880640
01/20/2012,46.38,46.56,45.95,46.25,854650
01/23/2012,46.31,46.67,46.31,46.51,582520
01/24/2012,46.37,47.07,46.36,47.02,592280
01/25/2012,46.92,48.16,46.74,48.09,789570
01/26/2012,48.36,48.65,48.22,48.43,842840
01/27/2012,48.24,48.87,48.24,48.79,491670
01/30/2012,48.35,48.59,47.87,47.95,742160
01/31/2012,48.22,48.48,47.88,48.34,873450
02/01/2012,48.55,48.81,48.21,48.75,615980
02/02/2012,48.64,48.64,47.97,48.43,816890
02/03/2012,48.76,48.92,48.41,48.81,747070
02/06/2012,48.58,48.85,48.28,48.57,486140
02/07/2012,48.36,48.79,47.86,47.99,794660
02/08/2012,47.94,48.09,47.27,47.46,1257680
02/09/2012,47.55,47.66,46.7,46.81,623240
02/10/2012,46.49,46.89,46.25,46.28,690730
02/13/2012,46.55,46.86,46.28,46.44,745860
02/14/2012,46.46,46.46,45.96,46.36,681700
02/15/2012,46.42,46.65,46.15,46.28,853320
02/16/2012,46.44,46.7,46.32,46.62,1226870
02/17/2012,46.68,46.83,46.45,46.65,951190
02/21/2012,46.7,46.79,45.63,45.76,830610
02/22/2012,45.73,46.16,45.2,45.21,932370
02/23/2012,45.22,45.75,45.22,45.64,1126010
02/24/2012,45.89,46.45,45.7,46.24,878440
02/27/2012,46.01,46.21,45.61,46.09,935510
02/28/2012,46.13,46.2,45.44,45.51,764430
02/29/2012,45.62,45.84,45.13,45.2,2568780
03/01/2012,45.46,45.71,45.09,45.23,1363940
03/02/2012,45.26,45.62,45.08,45.39,1202170
03/05/2012,45.4,46.41,45.31,46.36,1028110
03/06/2012,45.9,46.35,45.66,45.69,1307310
03/07/2012,45.88,45.9,45.34,45.81,717220
03/08/2012,45.97,45.97,45.44,45.78,1267650
03/09/2012,45.71,46.5,45.7,46.34,786570
03/12/2012,46.3,46.8,46.25,46.56,537830
03/13/2012,46.74,47.75,46.74,47.69,839440
03/14/2012,47.59,47.81,46.67,46.77,1062640
03/15/2012,46.83,46.83,45.97,46.09,1195120
03/16/2012,46.17,46.81,46.1,46.51,1487670
03/19/2012,46.36,47.09,46.34,46.71,796670
03/20/2012,46.55,46.99,46.45,46.85,521610
03/21/2012,46.86,46.92,46.54,46.76,624400
03/22/2012,46.56,46.56,45.58,45.95,699010
03/23/2012,45.82,46.6,45.77,46.34,492320
03/26/2012,46.63,46.86,46.48,46.71,570770
03/27/2012,46.75,47,46.64,46.67,669450
03/28/2012,46.61,46.61,46.05,46.56,621560
03/29/2012,46.36,47.22,46.11,47.09,734160
03/30/2012,47.35,47.92,47.14,47.55,856700
04/02/2012,47.58,47.81,47.29,47.62,692860
04/03/2012,47.6,47.7,47.16,47.36,592070
04/04/2012,47.08,47.45,46.74,47.12,365670
04/05/2012,47.02,47.36,46.91,47.1,345380
04/09/2012,46.36,46.79,46.28,46.51,415710
04/10/2012,46.55,46.65,45.22,45.29,759030
04/11/2012,45.65,45.85,45.32,45.84,786470
04/12/2012,45.78,46.69,45.69,46.69,699850
04/13/2012,46.38,47.09,46.2,46.76,684140
04/16/2012,47.04,48.03,47,47.6,724060
04/17/2012,47.86,48.01,47.35,47.86,458910
04/18/2012,47.68,47.87,47.52,47.56,375930
04/19/2012,47.45,48.02,47.31,47.82,893270
04/20/2012,47.9,49.05,47.9,48.91,1005720
04/23/2012,48.56,48.98,48.3,48.9,1570140
04/24/2012,48.93,49.69,48.79,49.69,918710
04/25/2012,49.96,50.07,49.55,49.95,961390
04/26/2012,49.9,49.94,49.21,49.6,828600
04/27/2012,49.66,49.93,49.19,49.74,576420
04/30/2012,49.63,49.83,49.14,49.39,798270
05/01/2012,49.71,50.21,49.37,49.84,817750
05/02/2012,49.8,50.39,49.21,49.67,635080
05/03/2012,49.5,49.69,48.94,48.98,1190830
05/04/2012,48.98,49.31,48.63,49.2,804610
05/07/2012,48.94,49.93,48.87,49.8,867110
05/08/2012,49.47,49.65,48.95,49.39,1299600
05/09/2012,48.95,49.81,48.82,49.42,711440
05/10/2012,49.76,49.83,49.02,49.49,632890
05/11/2012,49.14,49.27,48.94,49.26,1103520
05/14/2012,48.69,49.1,48.52,48.55,577610
05/15/2012,48.49,48.55,48.09,48.28,630230
05/16/2012,48.49,48.53,47.48,47.5,547180
05/17/2012,47.59,47.59,45.93,46.08,1025690
05/18/2012,46.21,46.46,45.21,45.26,1942360
05/21/2012,45.24,47.01,45.24,46.96,859150
05/22/2012,47.12,47.56,46.92,47.33,717220
05/23/2012,46.87,47.66,46.68,47.58,502530
05/24/2012,47.49,47.97,46.79,47.44,490350
05/25/2012,47.41,47.65,46.89,47.07,423820
05/29/2012,47.27,47.96,47.27,47.48,610730
05/30/2012,46.97,47.08,46.23,46.27,700530
05/31/2012,46.38,46.47,45.91,46.31,1437520
06/01/2012,45.48,46.08,45.48,45.54,886110
06/04/2012,45.51,45.73,44.96,45.04,711490
06/05/2012,45,46.31,44.83,46.22,781890
06/06/2012,46.7,47.01,46.2,46.94,714090
06/07/2012,47.33,47.52,46.25,46.34,498190
06/08/2012,46.29,46.87,46.19,46.87,475870
06/11/2012,47.19,47.26,45.63,45.7,498960
06/12/2012,45.86,46.07,45.41,46.06,425710
06/13/2012,46.15,46.37,45.52,45.68,391210
06/14/2012,45.65,46.53,45.65,46.41,436590
06/15/2012,46.42,46.67,46.1,46.66,812460
06/18/2012,46.49,47.17,46.33,46.61,402310
06/19/2012,46.72,46.88,46.4,46.63,877370
06/20/2012,46.55,46.75,46.05,46.61,567410
06/21/2012,46.48,46.65,45.69,45.76,656010
06/22/2012,46.01,46.05,45.35,45.86,837750
06/25/2012,45.25,45.93,45.19,45.78,573440
06/26/2012,45.77,46.35,45.65,45.92,651370
06/27/2012,46.06,46.15,45.79,45.88,888670
06/28/2012,45.72,46.36,45.36,46.29,666020
06/29/2012,47.08,47.49,46.9,47.43,515200
07/02/2012,47.67,48.28,47.33,48.28,623130
07/03/2012,48.32,48.81,48.13,48.54,331700
07/05/2012,48.59,48.81,48.18,48.43,387790
07/06/2012,48.11,48.76,48.1,48.66,391560
07/09/2012,48.72,48.88,48.44,48.86,325210
07/10/2012,49.16,49.16,47.95,48.16,449960
07/11/2012,48.13,48.22,47.82,48.13,376210
07/12/2012,47.77,49.25,47.65,49.13,515190
07/13/2012,49.22,49.87,49.2,49.87,332200
07/16/2012,49.76,50.07,49.66,49.97,347890
07/17/2012,50.22,50.56,49.75,50.49,279000
07/18/2012,50.25,50.37,49.79,49.96,367330
07/19/2012,50.03,50.13,49.01,49.44,526270
07/20/2012,49.04,49.57,48.95,49.37,420350
07/23/2012,48.74,49.35,48.62,49.18,222780
07/24/2012,49.24,49.34,48.9,49.24,533320
07/25/2012,49.34,49.54,48.93,49.3,399050
07/26/2012,49.79,49.96,48.89,49.11,476610
07/27/2012,49.34,49.94,49.26,49.58,450770
07/30/2012,49.36,49.93,49.36,49.63,316870
07/31/2012,49.52,50.11,49.52,49.95,447730
08/01/2012,49.75,50.19,48.21,48.26,904120
08/02/2012,48,48.18,47.29,48.17,1027050
08/03/2012,48.65,48.72,47.8,48,592360
08/06/2012,48.03,48.11,47.73,47.89,374670
08/07/2012,48.05,48.12,47.19,47.35,459610
08/08/2012,47.09,47.23,46.33,46.55,308530
08/09/2012,46.35,46.8,46.23,46.33,407540
08/10/2012,46.27,46.71,46.26,46.68,328660
08/13/2012,46.56,46.76,46.17,46.5,258220
08/14/2012,46.59,46.7,45.86,46.13,426930
08/15/2012,46.21,46.35,46.07,46.27,238450
08/16/2012,46.19,46.78,45.99,46.75,689620
08/17/2012,46.66,47.08,46.52,47.05,411170
08/20/2012,46.88,47.17,46.88,47.16,904190
08/21/2012,47.18,47.29,47.09,47.17,509430
08/22/2012,47.2,47.43,46.72,47.37,280510
08/23/2012,47.39,47.87,47.07,47.62,456620
08/24/2012,47.66,48.07,47.44,47.93,477400
08/27/2012,47.94,48.14,47.59,47.64,447820
08/28/2012,47.57,47.89,47.28,47.86,289100
08/29/2012,47.9,47.98,47.65,47.73,215090
08/30/2012,47.48,47.74,47.18,47.37,315540
08/31/2012,47.59,47.65,47.02,47.33,494760
09/04/2012,47.25,47.9,47.04,47.86,411030
09/05/2012,48.16,48.16,47.74,47.95,817040
09/06/2012,48.11,48.32,48.02,48.14,466760
09/07/2012,48.2,48.3,47.94,48.03,262310
09/10/2012,47.95,47.95,47.13,47.31,364950
09/11/2012,47.27,47.4,46.94,47.23,353080
09/12/2012,47.36,47.42,46.89,47.11,445190
09/13/2012,46.96,47.58,46.96,47.5,570350
09/14/2012,47.55,48.01,47.55,47.68,388760
09/17/2012,47.63,47.95,47.3,47.46,379680
09/18/2012,47.14,47.51,46.58,46.94,845560
09/19/2012,46.87,47,46.36,46.38,971950
09/20/2012,46.16,46.17,45.24,45.4,1016290
09/21/2012,45.44,45.51,44.67,44.73,1648360
09/24/2012,44.56,45.39,44.56,45.08,828970
09/25/2012,45.14,45.41,44.5,44.52,696680
09/26/2012,44.6,44.91,44.41,44.5,516770
09/27/2012,44.69,45.25,44.45,44.79,474540
09/28/2012,44.75,44.93,44.45,44.8,715160
10/01/2012,44.87,44.93,44.04,44.82,1101850
10/02/2012,44.9,45.37,44.74,45.36,890300
10/03/2012,45.35,45.72,44.98,45.09,472420
10/04/2012,45.33,45.54,44.53,44.89,412730
10/05/2012,44.92,45.36,44.73,45.17,376040
10/08/2012,44.9,45.06,44.76,44.86,258910
10/09/2012,44.84,45.11,44.71,44.78,358990
10/10/2012,44.76,44.98,44.61,44.87,398670
10/11/2012,45.02,45.14,44.59,44.62,274670
10/12/2012,44.58,44.87,44.27,44.39,600090
10/15/2012,44.41,44.6,44.02,44.51,716730
10/16/2012,44.73,44.92,44.54,44.92,347840
10/17/2012,44.88,45.15,44.6,45.02,835220
10/18/2012,45.04,46,44.96,46,677800
10/19/2012,45.92,46.37,45.76,45.91,1072580
10/22/2012,45.88,45.88,45.07,45.34,740900
10/23/2012,45.02,45.22,44.67,44.79,891910
10/24/2012,44.95,45.22,44.7,44.91,535170
10/25/2012,45.13,45.36,44.48,45.23,643500
10/26/2012,45.19,45.27,44.65,45.09,723160
10/31/2012,45.24,46.21,45.04,46.2,998460
11/01/2012,46.04,48.17,45.59,47.86,2537880
11/02/2012,47.96,48.58,47.96,48.08,1577050
11/05/2012,48.2,48.51,47.68,48.22,940800
11/06/2012,48.34,48.54,47.89,48.43,938980
11/07/2012,48.07,48.66,47.88,48.12,1029970
11/08/2012,48.05,48.07,47.49,47.54,777550
11/09/2012,47.32,47.73,46.94,47.18,778630
11/12/2012,47.36,47.36,46.77,47.12,591140
11/13/2012,47.03,47.38,46.89,46.95,626170
11/14/2012,47.06,47.09,45.38,45.54,944820
11/15/2012,45.52,45.76,45.13,45.47,936210
11/16/2012,45.6,45.85,45.16,45.82,512980
11/19/2012,46.25,46.61,45.74,46.03,1064170
11/20/2012,46.04,46.42,45.4,45.68,1018350
11/21/2012,45.88,45.89,45.24,45.45,673080
11/23/2012,45.63,45.77,45.33,45.63,277180
11/26/2012,45.59,46.14,45.2,45.61,615510
11/27/2012,45.41,46.67,45.08,45.85,1630040
11/28/2012,45.85,45.97,45.2,45.86,1589750
11/29/2012,45.66,46.57,45.53,46.53,1822160
11/30/2012,46.42,46.77,46.19,46.49,1007820
12/03/2012,46.6,46.7,46.2,46.4,501650
12/04/2012,46.37,46.85,46.17,46.55,421220
12/05/2012,46.65,46.68,46.08,46.56,592070
12/06/2012,46.49,47.13,46.49,47.02,758140
12/07/2012,47.04,47.12,46.66,46.71,854170
12/10/2012,46.78,46.89,46.5,46.62,418180
12/11/2012,46.8,47.04,46.61,46.75,447900
12/12/2012,47.39,49.55,46.49,46.91,511690
12/13/2012,46.94,46.94,46.51,46.63,338230
12/14/2012,46.57,46.81,46.36,46.57,308090
12/17/2012,46.88,47.03,46.53,46.92,434820
12/18/2012,46.96,47.42,46.88,47.28,1008710
12/19/2012,47.22,47.46,47.16,47.33,720350
12/20/2012,47.44,48.71,47.34,48.71,1600390
12/21/2012,48.21,48.89,48.21,48.46,1094640
12/24/2012,48.44,48.99,48.18,48.84,229350
12/26/2012,48.25,48.77,48.2,48.39,548030
12/27/2012,48.3,48.64,47.93,48.49,746110
12/28/2012,48.31,48.7,48.12,48.43,331950
12/31/2012,48.35,48.96,48.15,48.95,517470
01/02/2013,49.82,49.82,49.11,49.43,583020
01/03/2013,49.55,49.94,49.23,49.31,416430
01/04/2013,49.42,49.66,49.18,49.3,513430
01/07/2013,49.2,49.48,49.1,49.41,646450
01/08/2013,49.42,49.61,49.18,49.29,318680
01/09/2013,49.32,49.43,49.26,49.34,456360
01/10/2013,49.52,49.58,49.05,49.15,525480
01/11/2013,49.19,49.44,48.88,49.44,634230
01/14/2013,49.26,49.61,49.24,49.6,331160
01/15/2013,49.39,49.75,49.39,49.65,551420
01/16/2013,49.6,49.65,49.4,49.57,412090
01/17/2013,49.71,49.79,49.48,49.51,277450
01/18/2013,49.47,49.58,49.06,49.29,611150
01/22/2013,49.23,49.64,49.19,49.55,482960
01/23/2013,49.58,49.74,49.4,49.52,410560
01/24/2013,49.58,49.78,49.07,49.3,425040
01/25/2013,49.28,49.4,48.95,49.37,794670
01/28/2013,49.52,49.61,49.14,49.27,658470
01/29/2013,49.84,49.96,49.46,49.7,1115050
01/30/2013,49.57,49.7,49.25,49.35,818340
01/31/2013,49.2,49.57,48.96,49,1242040
02/01/2013,48.81,49.11,47.84,47.93,1635640
02/04/2013,47.77,48.17,47.73,47.9,821880
02/05/2013,47.19,47.19,45.07,45.6,2938840
02/06/2013,45.39,46.27,45.35,46.19,1088740
02/07/2013,46.21,46.36,45.02,45.23,1118240
02/08/2013,45.77,46.01,45.39,45.7,1035350
02/11/2013,45.67,46.15,45.63,46.07,682820
02/12/2013,46.06,46.89,46.06,46.86,738700
02/13/2013,46.75,47.22,46.65,47.22,1086650
02/14/2013,47.04,47.83,47.04,47.67,1185100
02/15/2013,47.85,48.2,47.78,48.09,1194510
02/19/2013,48.12,48.46,48.12,48.4,950360
02/20/2013,48.37,48.79,48.25,48.29,846010
02/21/2013,48.21,48.48,47.83,47.91,921510
02/22/2013,48.14,48.27,47.98,48.21,644020
02/25/2013,48.29,48.46,47.4,47.4,586430
02/26/2013,47.62,47.78,47.12,47.49,421290
02/27/2013,47.44,47.73,47.25,47.38,605870
02/28/2013,47.42,47.65,46.81,46.82,724560
03/01/2013,46.73,47.26,46.28,47.14,726520
03/04/2013,46.92,47.28,46.66,46.93,524740
03/05/2013,47.07,47.41,46.77,47.19,353990
03/06/2013,47.35,47.43,46.9,47.03,377420
03/07/2013,47.05,47.36,46.89,47.1,858440
03/08/2013,47.26,47.45,46.7,47.42,776970
03/11/2013,47.38,47.49,46.69,46.93,397360
03/12/2013,46.86,47,46.45,46.81,1225160
03/13/2013,46.96,47.35,46.78,46.96,643730
03/14/2013,47.04,47.68,46.94,47.68,637000
03/15/2013,47.58,48.7,47.36,48.45,1400260
03/18/2013,47.98,48.5,47.8,48,1175020
03/19/2013,47.96,48.31,47.3,47.53,762820
03/20/2013,47.76,47.76,47.14,47.39,723360
03/21/2013,47.2,47.58,46.99,47.02,778680
03/22/2013,47.21,47.39,46.79,46.97,514980
03/25/2013,47.13,47.16,46.62,46.79,427360
03/26/2013,46.91,47.23,46.89,47.15,530550
03/27/2013,47,47.26,46.87,47.09,495570
03/28/2013,47.24,47.34,46.89,47.27,944830
04/01/2013,47.28,47.77,46.99,47.76,1128290
04/02/2013,47.98,48.3,47.76,47.95,767790
04/03/2013,47.82,48.19,47.69,47.89,824110
04/04/2013,48,49.08,47.97,49.01,653600
04/05/2013,48.52,49.71,48.41,49.65,937780
04/08/2013,49.58,49.95,49.28,49.91,628380
04/09/2013,49.86,50.38,49.76,49.99,839800
04/10/2013,50.06,50.13,49.62,49.79,478470
04/11/2013,49.8,50.47,49.75,50.02,584570
04/12/2013,49.91,50.56,49.91,50.5,611550
04/15/2013,50.09,50.34,49.5,49.53,752400
04/16/2013,49.73,50.17,49.3,50.15,637140
04/17/2013,49.85,49.85,49.08,49.24,777250
04/18/2013,49.33,49.53,49.03,49.11,693910
04/19/2013,49.3,49.58,48.94,49.44,526090
04/22/2013,49.51,49.51,48.87,49.01,468830
04/23/2013,49.22,49.31,48.63,49.2,413170
04/24/2013,49.27,49.4,48.86,48.87,640500
04/25/2013,49.03,49.31,48.3,48.41,791530
04/26/2013,48.74,48.85,48.04,48.35,1051050
04/29/2013,48.53,48.73,48.24,48.6,349560
04/30/2013,48.59,49.01,48.38,49.01,936060
05/01/2013,48.89,49.43,48.37,48.49,771320
05/02/2013,48.56,48.77,48.33,48.43,500380
05/03/2013,48.67,48.77,47.84,47.91,653180
05/06/2013,48.01,48.46,47.94,48.41,728790
05/07/2013,48.57,49.19,48.32,49.14,407010
05/08/2013,49.04,49.51,48.92,49.49,620400
05/09/2013,49.49,49.91,49.31,49.68,668560
05/10/2013,49.7,50.3,49.51,50.2,525060
05/13/2013,50.2,50.88,49.99,50.66,537310
05/14/2013,50.8,51.04,50.66,50.99,571760
05/15/2013,50.88,51.48,50.82,51.48,448210
05/16/2013,51.46,51.89,51.38,51.59,492350
05/17/2013,51.73,51.81,51.37,51.74,607660
05/20/2013,51.69,52.03,51.6,52.03,502960
05/21/2013,52.17,52.57,52.1,52.26,528440
05/22/2013,52.25,52.25,51.07,51.3,907150
05/23/2013,50.9,51.02,50.22,50.71,1371200
05/24/2013,50.59,50.97,50.23,50.83,751160
05/28/2013,51.24,51.39,50.09,50.63,858410
05/29/2013,50.26,50.28,49.31,49.95,1028410
05/30/2013,49.9,50.01,48.54,48.74,728920
05/31/2013,48.53,49.13,48.35,48.53,905980
06/03/2013,48.46,49.43,48.46,49.06,620970
06/04/2013,49.14,49.21,48.35,48.35,582160
06/05/2013,48.35,48.54,47.43,47.67,785400
06/06/2013,47.64,47.9,46.98,47.7,622090
06/07/2013,47.87,47.91,46.79,47.43,651420
06/10/2013,47.49,47.71,46.98,47.32,453400
06/11/2013,47.03,47.16,46.47,46.49,709520
06/12/2013,46.83,46.88,46.08,46.21,521690
06/13/2013,46.1,47.77,45.99,47.58,818240
06/14/2013,47.5,48.26,47.35,47.83,642090
06/17/2013,47.95,48.09,47.59,47.74,783970
06/18/2013,47.72,48.41,47.68,48.11,505260
06/19/2013,48.1,48.23,46.7,47.07,592200
06/20/2013,46.48,46.88,44.86,45.24,742830
06/21/2013,45.42,46.46,45.36,46.1,961370
06/24/2013,45.46,47.46,44.8,46.59,966560
06/25/2013,46.85,47.68,46.48,47.4,446960
06/26/2013,47.76,48.18,47.64,48.01,351200
06/27/2013,48.29,49.13,48.26,48.99,471110
06/28/2013,48.96,49.39,48.44,48.97,713750
07/01/2013,49.22,49.54,48.76,49.17,524360
07/02/2013,49.16,49.86,49.16,49.66,591340
07/03/2013,49.19,49.55,48.57,49.06,458350
07/05/2013,49.13,49.3,47.72,49.04,377790
07/08/2013,49.05,49.5,48.87,48.97,465550
07/09/2013,49.04,50.05,48.87,49.7,408120
07/10/2013,49.55,49.8,49.19,49.39,594580
07/11/2013,50.05,50.93,49.95,50.91,578280
07/12/2013,50.84,51.05,50.18,50.39,417730
07/15/2013,50.39,50.84,50.23,50.46,330220
07/16/2013,50.43,50.86,50.23,50.4,289250
07/17/2013,50.66,51.06,50.32,50.9,257080
07/18/2013,50.91,51.44,50.9,51.2,342420
07/19/2013,51.05,51.49,50.89,51.16,490830
07/22/2013,51.23,51.34,50.86,51.1,408320
07/23/2013,51.1,51.38,50.75,51.26,292040
07/24/2013,51.32,51.38,50.06,50.48,464410
07/25/2013,50.31,50.92,50.26,50.84,284620
07/26/2013,50.65,51.14,50.44,51.06,363900
07/29/2013,50.92,51.17,50.47,50.61,369850
07/30/2013,50.79,51,50.4,50.59,535480
07/31/2013,54.18,54.59,51.45,51.95,2097380
08/01/2013,52.48,52.75,51.4,51.43,1245870
08/02/2013,51.03,51.65,50.57,50.65,589170
08/05/2013,50.51,51.14,50.13,50.13,453870
08/06/2013,49.54,50.32,49.47,49.56,568370
08/07/2013,50.39,50.39,48.9,49.04,563010
08/08/2013,49.13,49.27,48.68,49.05,275360
08/09/2013,49.07,49.93,48.78,49.66,621970
08/12/2013,49.52,49.56,48.81,49.22,295280
08/13/2013,49.12,49.18,48.72,48.87,466400
08/14/2013,48.92,49.16,48.35,48.52,211840
08/15/2013,48.22,48.22,47.18,47.98,428850
08/16/2013,47.93,47.98,46.83,46.86,492830
08/19/2013,46.87,46.91,46.08,46.24,561700
08/20/2013,46.41,47.92,46.41,47.9,490780
08/21/2013,47.65,48.53,46.91,47.83,451280
08/22/2013,47.98,48.55,47.25,48.42,432800
08/23/2013,48.42,48.93,48.13,48.79,308440
08/26/2013,48.8,48.93,48.24,48.55,381510
08/27/2013,48.09,48.81,47.06,48.24,384970
08/28/2013,48.24,48.24,47.3,47.48,295560
08/29/2013,47.33,47.43,46.83,47.31,413320
08/30/2013,47.46,47.93,46.86,46.98,592720
09/03/2013,47.22,47.41,46.11,46.85,731840
09/04/2013,46.94,47.8,46.64,47.63,427570
09/05/2013,47.46,47.74,47.24,47.45,490550
09/06/2013,47.56,48.42,47.56,47.95,407820
09/09/2013,47.92,49.32,47.79,49.32,543530
09/10/2013,49.42,49.55,48.96,49.21,418030
09/11/2013,49.33,49.76,48.93,49.7,352210
09/12/2013,49.73,50.07,49.17,49.47,340880
09/13/2013,49.39,49.9,49.03,49.73,195430
09/16/2013,50.15,50.66,49.79,50.05,221940
09/17/2013,49.42,50.13,49.29,49.62,413770
09/18/2013,49.5,51.58,49.04,51.47,701080
09/19/2013,51.47,52.12,51.01,51.11,373560
09/20/2013,50.8,50.8,49.88,49.95,873980
09/23/2013,50.18,50.56,49.57,49.58,534460
09/24/2013,49.57,49.83,49.34,49.4,452040
09/25/2013,49.39,50.05,49.35,49.95,437830
09/26/2013,50.1,50.88,49.82,50.88,495370
09/27/2013,50.77,51.09,50.29,50.68,362140
09/30/2013,50.33,51.12,49.95,50.09,478140
10/01/2013,50.11,51.49,49.66,50.55,840990
10/02/2013,50.42,50.88,49.68,49.94,944360
10/03/2013,49.84,49.88,49.12,49.26,737760
10/04/2013,49.44,49.65,48.67,49,523620
10/07/2013,48.76,49.42,48.64,49.25,1170540
10/08/2013,49.18,49.58,48.66,48.8,343120
10/09/2013,48.84,49.31,48.62,48.99,429980
10/10/2013,49.47,50.38,49.37,50.34,312830
10/11/2013,50.36,50.71,49.87,50.7,756010
10/14/2013,50.31,50.74,50.18,50.4,427010
10/15/2013,50.16,50.83,49.91,50.5,476440
10/16/2013,50.59,51.48,50.57,51.1,507040
10/17/2013,51.13,52.77,50.69,52.63,419960
10/18/2013,52.64,52.67,52.13,52.52,398190
10/21/2013,52.5,52.5,51.96,52.46,275120
10/22/2013,52.5,53.54,52.21,53.23,612160
10/23/2013,52.94,53.69,52.77,53.55,410170
10/24/2013,53.52,53.56,52.67,53.09,546220
10/25/2013,53.04,54.16,52.93,54.08,451580
10/28/2013,54.16,54.16,53.18,54.04,490000
10/29/2013,53.77,54.38,53.33,54.24,1063380
10/30/2013,54.09,54.34,53.82,54.27,666710
10/31/2013,54.16,54.49,53.52,53.89,578880
11/01/2013,53.87,54.23,53.34,54.14,493050
11/04/2013,54.13,54.67,53.19,53.6,986210
11/05/2013,52.93,53.4,52.21,52.84,875010
11/06/2013,53.12,53.59,52.89,53.31,444500
11/07/2013,53.49,53.93,53.09,53.12,640900
11/08/2013,52.87,53.37,52.06,53.25,944170
11/11/2013,53.08,53.49,52.69,52.77,454740
11/12/2013,52.61,52.73,51.94,52.41,359830
11/13/2013,52.06,53.12,51.85,52.89,581670
11/14/2013,53.08,53.61,52.75,52.79,486080
11/15/2013,52.84,52.85,52.08,52.37,445810
11/18/2013,52.43,52.54,51.82,51.98,1008420
11/19/2013,51.91,51.93,51.17,51.4,863440
11/20/2013,51.44,51.76,50.54,50.83,766910
11/21/2013,51.19,51.54,50.63,51.31,555530
11/22/2013,51.32,51.33,50.7,51.22,499880
11/25/2013,51.37,51.37,50.72,51.18,525430
11/26/2013,51.23,51.3,50.71,50.9,489880
11/27/2013,51.01,51.35,50.81,51.28,444460
11/29/2013,51.3,51.3,50.4,50.55,285300
12/02/2013,49.94,51.2,49.56,50.68,393830
12/03/2013,50.61,52.91,50.58,52.67,1626190
12/04/2013,52.3,60.69,51.94,58.33,7723190
12/05/2013,58.4,59.21,58.17,58.52,3559160
12/06/2013,58.86,59.14,58.32,58.56,2215810
12/09/2013,57.73,58.61,57.14,57.23,1862510
12/10/2013,56.89,57.92,56.69,56.84,1455200
12/11/2013,56.98,56.98,55.36,55.69,2862100
12/12/2013,55.68,56.36,55.31,55.45,1310460
12/13/2013,55.76,56.28,54.98,55.13,1167950
12/16/2013,55.16,55.7,54.85,55.09,687130
12/17/2013,55.32,55.51,54.86,55.42,1030580
12/18/2013,55.39,55.87,54.33,55.55,1363570
12/19/2013,55.89,55.89,53.73,53.77,1914740
12/20/2013,53.72,53.86,53.09,53.84,1509630
12/23/2013,53.97,55.24,53.97,54.74,1561830
12/24/2013,54.7,54.89,54.36,54.65,403440
12/26/2013,55.39,55.39,54.8,55.01,375110
12/27/2013,54.91,55.04,54.55,54.93,269880
12/30/2013,54.91,54.91,54.38,54.68,305180
12/31/2013,54.62,54.94,54.29,54.36,997240
01/02/2014,54.34,55.67,54.1,55.25,662640
01/03/2014,55.41,55.84,55.25,55.81,670860
01/06/2014,55.85,56.24,55.46,56.1,426220
01/07/2014,56.23,56.62,55.91,56.61,432070
01/08/2014,56.45,56.78,56.17,56.3,269900
01/09/2014,56.35,56.41,55.58,56.21,206700
01/10/2014,56.17,56.74,56.17,56.63,349880
01/13/2014,56.62,57.05,56.56,56.85,353800
01/14/2014,56.84,57.23,56.81,57.17,357150
01/15/2014,57.3,57.54,57.17,57.34,258080
01/16/2014,57.18,57.63,57.11,57.58,128230
01/17/2014,57.57,57.57,57.19,57.33,469370
01/21/2014,57.71,57.94,57.46,57.74,890980
01/22/2014,57.61,58.11,57.52,57.87,757080
01/23/2014,57.71,57.95,57.54,57.85,678990
01/24/2014,57.57,57.79,57.04,57.09,388790
01/27/2014,57.13,57.49,56.73,56.8,506950
01/28/2014,57.08,57.54,56.7,57.3,565680
01/29/2014,57.07,57.4,57.07,57.28,295840
01/30/2014,57.61,58.43,57.4,58.22,935170
01/31/2014,57.95,59.03,57.81,58.72,780750
02/03/2014,58.74,59.09,57.78,58.18,859890
02/04/2014,58,59.41,57.8,59.26,793280
02/05/2014,59.24,60.04,58.91,59.71,555330
02/06/2014,60.02,60.56,59.7,60.48,248130
02/07/2014,60.85,61.26,60.39,61.26,644420
02/10/2014,61.44,61.57,60.87,61.49,354590
02/11/2014,61.35,62.1,61.26,61.66,257280
02/12/2014,61.58,61.84,61.31,61.35,248690
02/13/2014,61.08,61.93,61.08,61.32,310860
02/14/2014,61.32,61.43,60.99,61.11,254140
02/18/2014,61.12,61.32,60.72,61.24,284210
02/19/2014,61.23,61.63,60.89,61.04,492570
02/20/2014,61.27,61.44,60.49,60.61,515700
02/21/2014,60.61,61.2,60.42,61.08,361940
02/24/2014,61.12,61.71,61.03,61.17,227060
02/25/2014,61.06,61.62,60.93,61.44,332910
02/26/2014,61.56,61.82,61.14,61.34,411050
02/27/2014,61.46,61.46,60.71,60.92,280440
02/28/2014,60.92,61.57,60.88,61.38,1183940
03/03/2014,61.02,62.12,61.02,61.82,600860
03/04/2014,62.11,62.87,61.91,62.8,494160
03/05/2014,62.78,63.09,61.94,62.54,311150
03/06/2014,62.56,62.61,61.9,62.15,250740
03/07/2014,62.09,62.12,61.29,61.8,252140
03/10/2014,61.74,61.83,61.22,61.39,265080
03/11/2014,61.38,61.76,61.31,61.56,287950
03/12/2014,61.37,61.67,61.14,61.25,561820
03/13/2014,61.31,61.33,60.62,60.68,396710
03/14/2014,60.36,61.56,60.36,61.24,1203410
03/17/2014,61.34,61.75,61.1,61.28,509530
03/18/2014,61.34,61.65,61.1,61.5,474120
03/19/2014,61.68,62.67,60.41,60.61,657300
03/20/2014,60.52,61.35,60.02,61.28,275590
03/21/2014,61.5,62.14,61.45,61.66,1031100
03/24/2014,61.79,61.93,61.01,61.64,429010
03/25/2014,61.87,62.7,61.75,62.6,353370
03/26/2014,62.49,62.49,61.297,61.4,440330
03/27/2014,61.95,62.17,61.14,62.1,463760
03/28/2014,62.45,62.6,61.93,62.13,237090
03/31/2014,62.31,63.28,61.8,62.78,1185250
04/01/2014,62.81,63.3,62.75,63.03,14114690
