01/18/2013,15.91,16.744,15.653,15.827,16791691
01/22/2013,15.91,16.782,15.554,16.554,2253166
01/23/2013,16.524,17.123,16.493,17.123,1481061
01/24/2013,17.35,17.418,16.388,16.683,621639
01/25/2013,16.698,17.047,16.479,16.539,454949
01/28/2013,16.789,16.789,16.115,16.266,710150
01/29/2013,16.138,16.433,15.948,16.244,761780
01/30/2013,16.372,16.66,15.827,16.054,295925
01/31/2013,15.713,16.539,15.607,16.038,691654
02/01/2013,16.001,16.554,16.001,16.433,647084
02/04/2013,16.327,16.569,16.025,16.532,286794
02/05/2013,16.509,17.115,16.319,16.819,440495
02/06/2013,16.706,17.047,16.706,17.039,364906
02/07/2013,17.062,17.062,16.698,16.812,240296
02/08/2013,16.895,17.229,16.895,17.123,231547
02/11/2013,17.236,17.426,17.085,17.149,156253
02/12/2013,17.107,17.123,16.292,16.467,454236
02/13/2013,16.554,16.759,16.176,16.393,576605
02/14/2013,16.501,17.039,16.289,16.819,355870
02/15/2013,16.645,17.251,16.577,16.971,1376991
02/19/2013,16.933,16.994,16.63,16.876,1128431
02/20/2013,16.797,16.797,16.554,16.676,768899
02/21/2013,16.592,16.873,16.441,16.494,694594
02/22/2013,16.516,16.873,16.516,16.615,205020
02/25/2013,16.638,16.736,16.441,16.524,444405
02/26/2013,16.547,16.562,15.933,16.463,400676
02/27/2013,16.357,17.047,15.774,16.039,1374608
02/28/2013,15.971,16.35,15.933,16.148,650986
03/01/2013,16.077,16.683,15.948,16.335,656437
03/04/2013,16.338,16.812,16.24,16.732,227859
03/05/2013,16.698,17.964,16.698,17.433,444071
03/06/2013,17.426,17.607,17.312,17.426,405062
03/07/2013,17.426,17.448,16.797,17.221,291054
03/08/2013,17.346,17.433,17.035,17.157,181627
03/11/2013,17.062,17.085,16.562,16.895,176759
03/12/2013,16.838,16.903,16.668,16.812,108992
03/13/2013,16.933,17.001,16.57,16.63,462287
03/14/2013,16.668,16.812,16.486,16.562,216210
03/15/2013,16.475,16.501,16.248,16.309,390059
03/18/2013,16.251,16.509,16.145,16.426,382252
03/19/2013,16.471,16.645,16.312,16.554,191031
03/20/2013,16.592,16.971,16.463,16.668,681980
03/21/2013,16.592,16.994,16.569,16.759,456213
03/22/2013,16.971,17.585,16.766,17.418,455692
03/25/2013,17.395,17.494,17.206,17.289,240030
03/26/2013,17.358,17.586,17.144,17.403,266805
03/27/2013,17.274,17.548,17.113,17.152,247432
03/28/2013,17.235,17.487,17.014,17.426,3547789
04/01/2013,17.495,17.8,17.289,17.625,557611
04/02/2013,17.838,18.685,17.663,18.037,436190
04/03/2013,18.014,18.075,17.716,17.762,128010
04/04/2013,17.915,17.998,17.792,17.93,196741
04/05/2013,17.762,18.342,17.602,18.052,309377
04/08/2013,18.166,18.166,17.815,17.869,186975
04/09/2013,17.877,18.021,17.808,17.846,81510
04/10/2013,17.846,18.273,17.747,18.098,207881
04/11/2013,18.143,18.388,17.945,18.052,110597
04/12/2013,18.014,18.388,18.014,18.235,111132
04/15/2013,18.258,18.464,17.625,17.785,195516
04/16/2013,17.831,18.41,17.831,18.227,382763
04/17/2013,18.182,18.311,17.701,17.991,100289
04/18/2013,18.159,18.426,18.105,18.296,274304
04/19/2013,18.319,18.41,18.082,18.258,195641
04/22/2013,18.41,18.41,17.831,18.273,217976
04/23/2013,18.349,18.456,17.953,18.38,190086
04/24/2013,18.311,18.548,18.124,18.342,154570
04/25/2013,18.389,18.533,17.962,18.045,141488
04/26/2013,18.075,18.25,17.777,18.204,122163
04/29/2013,18.357,18.952,18.357,18.494,325229
04/30/2013,18.521,18.624,18.117,18.307,408458
05/01/2013,18.227,18.296,18.06,18.09,243004
05/02/2013,18.211,18.586,18.066,18.371,225226
05/03/2013,18.616,18.616,18.311,18.38,335391
05/06/2013,18.468,18.487,18.132,18.178,160955
05/07/2013,18.235,18.319,18.006,18.09,269586
05/08/2013,18.09,18.151,17.854,18.029,291828
05/09/2013,18.037,18.243,16.976,17.358,744066
05/10/2013,17.35,17.586,17.182,17.289,502280
05/13/2013,17.312,17.579,17.098,17.235,351105
05/14/2013,17.281,17.35,16.785,17.083,438308
05/15/2013,17.289,17.548,16.854,17.144,513120
05/16/2013,17.426,17.426,16.999,17.106,486370
05/17/2013,17.091,17.182,16.717,16.984,602107
05/20/2013,17.129,17.144,16.755,16.839,421867
05/21/2013,16.785,16.93,16.602,16.724,386956
05/22/2013,16.717,16.885,16.244,16.358,362822
05/23/2013,16.267,16.732,16.061,16.679,340527
05/24/2013,16.549,16.808,16.549,16.709,219449
05/28/2013,17.251,17.327,16.808,16.846,1118538
05/29/2013,16.854,17.121,16.442,16.682,387281
05/30/2013,16.694,16.885,16.411,16.732,147077
05/31/2013,16.598,16.793,16.4,16.553,392821
06/03/2013,16.656,16.778,16.099,16.236,280705
06/04/2013,16.213,16.213,15.504,15.855,745639
06/05/2013,15.855,16.32,15.832,16.183,492630
06/06/2013,16.434,16.434,15.87,16.32,251470
06/07/2013,16.404,16.602,16.213,16.236,186223
06/10/2013,16.572,16.747,16.373,16.556,367221
06/11/2013,16.434,16.587,16.274,16.48,168514
06/12/2013,16.633,16.732,16.091,16.099,233601
06/13/2013,16.144,16.526,15.953,16.526,214020
06/14/2013,16.549,16.579,16.221,16.259,115503
06/17/2013,16.389,16.427,16.038,16.106,137751
06/18/2013,16.175,16.328,16.076,16.099,146181
06/19/2013,16.144,16.282,15.847,15.916,122902
06/20/2013,15.748,15.748,14.832,14.832,486162
06/21/2013,14.863,14.916,14.504,14.802,411983
06/24/2013,14.619,14.886,14.535,14.672,326094
06/25/2013,14.779,14.779,14.504,14.603,260899
06/26/2013,14.776,14.803,14.545,14.615,720465
06/27/2013,14.626,15.242,14.606,15.165,607173
06/28/2013,15.173,16.234,15.019,15.934,961351
07/01/2013,16.042,16.188,15.78,16.034,319608
07/02/2013,15.984,16.042,15.884,15.992,195162
07/03/2013,15.903,16.042,15.827,16.011,72092
07/05/2013,16.211,16.311,15.823,16.042,218500
07/08/2013,16.111,16.25,15.819,16.08,223943
07/09/2013,16.404,16.404,16.088,16.296,743274
07/10/2013,16.38,16.688,16.274,16.619,409080
07/11/2013,16.881,16.981,16.627,16.958,191761
07/12/2013,16.996,17.096,16.813,16.888,146557
07/15/2013,16.727,16.95,16.634,16.85,211287
07/16/2013,16.896,16.896,16.665,16.711,139946
07/17/2013,16.85,17.004,16.619,16.704,364630
07/18/2013,16.781,16.834,16.542,16.704,146115
07/19/2013,16.665,16.834,16.519,16.634,154635
07/22/2013,16.681,16.819,16.457,16.504,159998
07/23/2013,16.504,16.704,16.319,16.35,272041
07/24/2013,16.496,16.842,16.196,16.242,151826
07/25/2013,16.296,16.504,15.65,16.188,416257
07/26/2013,16.034,16.142,15.925,15.95,528324
07/29/2013,16.003,16.003,15.688,15.857,73158
07/30/2013,15.942,15.942,15.75,15.796,309279
07/31/2013,15.834,16.034,15.505,15.65,273485
08/01/2013,15.765,16.242,15.58,15.857,130405
08/02/2013,15.834,15.942,15.388,15.626,93268
08/05/2013,15.64,15.811,15.425,15.648,65411
08/06/2013,15.648,15.903,15.648,15.779,124976
08/07/2013,16.011,16.011,15.288,15.388,207997
08/08/2013,15.505,15.634,14.805,14.997,613327
08/09/2013,15.011,15.188,14.788,15.111,229766
08/12/2013,15.142,15.173,14.857,14.949,161350
08/13/2013,14.926,14.996,14.595,14.822,159236
08/14/2013,14.834,14.834,14.48,14.534,304166
08/15/2013,14.611,14.803,14.118,14.149,219188
08/16/2013,14.065,14.28,13.849,13.972,439875
08/19/2013,13.881,14.118,13.828,13.835,179475
08/20/2013,13.895,14.319,13.799,14.23,300515
08/21/2013,14.218,14.457,14.042,14.442,207839
08/22/2013,14.272,14.734,14.272,14.557,174700
08/23/2013,14.557,14.649,14.411,14.572,85705
08/26/2013,14.611,14.826,14.596,14.711,108196
08/27/2013,14.619,14.734,14.434,14.688,178712
08/28/2013,14.711,14.757,14.542,14.619,117950
08/29/2013,14.665,14.88,14.626,14.811,161888
08/30/2013,14.819,14.957,14.661,14.665,219564
09/03/2013,14.772,14.911,14.665,14.826,101814
09/04/2013,14.857,14.88,14.611,14.819,192985
09/05/2013,14.888,15.088,14.765,15.003,344075
09/06/2013,15.103,15.134,14.796,14.796,134153
09/09/2013,14.911,15.08,14.733,14.988,98914
09/10/2013,15.042,15.042,14.657,14.692,109675
09/11/2013,14.696,14.842,14.519,14.772,169806
09/12/2013,15.042,15.188,14.719,15.026,211774
09/13/2013,15.096,15.096,14.68,14.896,88003
09/16/2013,15.058,15.119,14.904,14.935,86316
09/17/2013,14.965,15.08,14.926,14.965,72673
09/18/2013,14.896,15.165,14.442,15.119,415511
09/19/2013,15.111,15.357,15.111,15.203,90782
09/20/2013,15.211,15.303,14.988,14.996,453474
09/23/2013,15.034,15.18,14.496,14.988,91895
09/24/2013,15.003,15.073,14.809,14.957,173753
09/25/2013,14.926,15.105,14.907,14.934,113302
09/26/2013,15.05,15.058,14.662,14.779,287501
09/27/2013,14.707,14.779,14.459,14.66,136404
09/30/2013,14.74,14.763,14.243,14.732,138452
10/01/2013,14.74,14.817,14.4,14.624,330234
10/02/2013,14.585,14.786,14.456,14.686,62861
10/03/2013,14.608,14.786,14.344,14.391,455453
10/04/2013,14.36,14.701,14.305,14.379,182438
10/07/2013,14.298,14.561,14.251,14.259,99472
10/08/2013,14.461,14.709,14.011,14.018,168233
10/09/2013,14.042,14.274,13.506,14.096,470865
10/10/2013,14.189,14.53,14.174,14.336,197075
10/11/2013,14.352,14.74,14.344,14.546,217562
10/14/2013,14.453,14.655,14.391,14.43,180556
10/15/2013,14.453,14.624,14.399,14.445,158867
10/16/2013,15.105,15.5,14.352,14.391,765466
10/17/2013,14.399,15.415,14.12,15.345,578606
10/18/2013,15.485,15.671,15.167,15.64,462792
10/21/2013,15.679,16.291,15.485,16.067,408697
10/22/2013,16.121,16.299,16.082,16.291,350466
10/23/2013,16.284,16.61,16.082,16.315,295383
10/24/2013,16.811,16.811,15.787,15.904,293830
10/25/2013,15.95,16.183,15.857,16.043,139244
10/28/2013,16.02,16.043,15.849,16.028,99842
10/29/2013,16.051,16.299,15.911,15.942,225638
10/30/2013,15.942,16.012,15.213,15.508,304800
10/31/2013,15.566,15.632,15.116,15.139,319002
11/01/2013,15.089,15.609,14.98,15.298,267152
11/04/2013,15.423,15.485,14.662,14.957,335051
11/05/2013,14.831,15.182,14.633,14.792,484264
11/06/2013,14.88,14.88,13.987,14.08,462435
11/07/2013,14.484,15.562,14.43,15.073,1066777
11/08/2013,15.174,15.927,15.011,15.252,504225
11/11/2013,15.267,15.454,15.011,15.167,357065
11/12/2013,15.174,15.508,14.98,15.097,352939
11/13/2013,15.042,15.911,15.042,15.795,263063
11/14/2013,15.764,16.54,15.524,16.392,234198
11/15/2013,16.381,16.695,15.83,16.218,201074
11/18/2013,16.191,16.796,16.152,16.664,222110
11/19/2013,16.602,16.819,16.059,16.485,298981
11/20/2013,16.516,16.92,15.966,16.602,174097
11/21/2013,16.594,16.765,16.322,16.602,174183
11/22/2013,16.602,16.718,16.152,16.229,170058
11/25/2013,16.222,16.672,15.841,16.066,233018
11/26/2013,16.035,16.291,15.5,15.648,2378012
11/27/2013,15.585,16.012,15.368,15.834,309505
11/29/2013,15.904,16.035,15.59,15.841,87981
12/02/2013,15.857,16.16,15.748,16.043,301734
12/03/2013,15.981,16.098,15.896,15.966,156456
12/04/2013,15.889,15.95,15.672,15.85,177471
12/05/2013,15.896,16.214,15.741,16.09,131371
12/06/2013,16.257,16.431,16.048,16.195,111655
12/09/2013,16.26,16.423,15.252,16.109,123176
12/10/2013,16.144,16.369,15.973,16.105,209933
12/11/2013,16.082,16.478,15.865,16.035,317552
12/12/2013,16.001,16.105,15.915,16.008,581076
12/13/2013,16.028,16.354,15.787,16.299,199756
12/16/2013,16.299,16.594,16.268,16.547,284424
12/17/2013,16.516,17.137,16.419,16.982,221196
12/18/2013,16.928,16.982,16.641,16.951,246540
12/19/2013,16.881,16.997,16.718,16.803,121942
12/20/2013,16.796,17.292,16.656,17.246,296063
12/23/2013,17.379,17.793,17.293,17.41,127313
12/24/2013,17.426,17.575,17.386,17.504,65458
12/26/2013,17.512,18.055,17.477,17.63,157784
12/27/2013,17.607,17.709,17.142,17.544,151048
12/30/2013,17.465,17.615,17.17,17.567,121725
12/31/2013,17.473,17.685,17.237,17.567,145305
01/02/2014,17.701,17.701,16.859,17.205,359116
01/03/2014,17.197,17.363,16.977,17.237,169776
01/06/2014,17.315,17.615,17.056,17.19,231707
01/07/2014,17.197,17.434,17.035,17.284,285787
01/08/2014,17.355,17.473,17.127,17.276,234114
01/09/2014,17.347,17.347,16.898,17.064,169775
01/10/2014,17.127,17.3,16.804,17.04,96565
01/13/2014,17.056,17.056,16.678,16.914,240759
01/14/2014,16.985,17.079,16.898,16.993,151454
01/15/2014,17.056,17.229,16.898,17.19,299300
01/16/2014,17.189,17.426,17.063,17.252,184594
01/17/2014,17.276,17.284,16.969,17.166,342487
01/21/2014,17.26,17.449,17.205,17.292,170339
01/22/2014,17.386,17.441,17.154,17.386,170423
01/23/2014,17.323,17.591,17.276,17.426,138405
01/24/2014,17.355,17.512,17.268,17.3,188386
01/27/2014,17.413,17.685,17.185,17.216,208596
01/28/2014,17.26,17.41,17.009,17.3,131589
01/29/2014,17.26,17.308,16.694,16.906,415660
01/30/2014,17.099,17.3,16.745,16.902,115970
01/31/2014,16.749,17.095,16.505,17.001,161724
02/03/2014,17.052,17.166,16.438,16.635,181816
02/04/2014,16.709,16.883,16.402,16.576,215826
02/05/2014,16.584,16.623,16.19,16.418,169906
02/06/2014,16.524,16.536,15.91,16.084,197165
02/07/2014,16.277,16.568,16.001,16.253,193982
02/10/2014,16.3,16.45,15.938,16.41,127891
02/11/2014,16.485,16.804,16.43,16.635,200794
02/12/2014,16.694,16.788,16.237,16.505,123157
02/13/2014,16.473,16.804,16.387,16.749,87859
02/14/2014,16.796,16.796,16.418,16.615,66881
02/18/2014,16.67,16.804,16.67,16.733,84234
02/19/2014,16.78,17.237,16.607,17.197,214065
02/20/2014,17.394,18.103,17.142,17.308,287278
02/21/2014,17.449,17.945,17.205,17.221,292070
02/24/2014,17.473,17.843,16.804,17.127,483452
02/25/2014,17.174,17.607,16.969,17.166,245804
02/26/2014,17.119,17.41,16.961,16.969,203592
02/27/2014,17.001,17.024,16.788,16.867,205122
02/28/2014,16.946,17.591,16.946,17.489,590977
03/03/2014,17.237,17.693,17.072,17.63,177223
03/04/2014,17.788,18.087,17.775,17.843,274185
03/05/2014,17.772,18.213,17.772,18.11,256127
03/06/2014,18.166,18.378,18,18.173,181265
03/07/2014,18.307,18.449,17.788,17.874,155312
03/10/2014,17.89,18.055,17.67,17.819,229866
03/11/2014,17.857,17.961,17.715,17.794,133662
03/12/2014,17.772,17.945,17.662,17.851,136678
03/13/2014,17.929,18.063,17.729,17.819,258206
03/14/2014,17.843,18.213,17.363,17.473,144783
03/17/2014,17.536,17.748,17.528,17.654,242112
03/18/2014,17.725,17.725,17.544,17.595,155205
03/19/2014,17.641,17.646,17.193,17.256,114833
03/20/2014,17.292,17.308,17.04,17.205,120002
03/21/2014,17.331,17.434,17.003,17.119,348497
03/24/2014,17.158,17.158,16.93,17.064,117364
03/25/2014,17.071,17.363,16.89,17.071,140412
03/26/2014,17.193,17.286,16.883,16.954,159612
03/27/2014,17.008,17.095,16.452,16.698,289565
03/28/2014,16.771,16.92,16.278,16.421,229417
03/31/2014,16.531,16.722,16.197,16.547,300853
04/01/2014,16.618,17.405,16.571,17.358,369906
04/02/2014,17.302,17.556,17.214,17.35,155133
04/03/2014,17.437,17.739,17.167,17.652,694915
04/04/2014,18.001,18.017,17.628,17.699,413629
04/07/2014,17.667,17.834,17.111,17.143,218933
04/08/2014,17.191,17.318,16.769,17.135,198390
04/09/2014,17.222,17.389,17.04,17.326,106859
04/10/2014,17.35,17.477,16.65,16.674,158870
04/11/2014,16.539,16.571,16.221,16.277,188037
04/14/2014,16.404,16.404,15.951,16.062,264501
04/15/2014,16.062,16.062,15.585,15.784,202962
04/16/2014,15.855,16.014,15.657,15.895,305304
04/17/2014,15.816,16.006,15.514,15.911,396125
04/21/2014,15.967,16.412,15.752,16.197,498795
04/22/2014,16.237,16.372,15.943,16.316,435060
04/23/2014,16.245,16.356,15.983,16.094,192253
04/24/2014,16.197,16.197,15.84,15.951,270226
04/25/2014,15.846,16.062,15.568,15.814,268828
04/28/2014,15.927,16.253,15.8,15.887,149101
04/29/2014,15.987,16.197,15.725,15.876,203777
04/30/2014,15.887,15.935,15.752,15.895,182377
05/01/2014,15.919,15.919,15.538,15.895,167914
05/02/2014,15.991,16.046,15.847,15.975,128858
05/05/2014,15.911,16.11,15.72,15.951,101651
05/06/2014,15.919,16.094,15.76,15.832,171942
05/07/2014,15.911,16.006,15.689,15.971,196423
05/08/2014,16.61,17.318,16.14,16.69,331738
05/09/2014,16.738,17.167,16.563,17.135,122524
05/12/2014,17.262,17.564,17.151,17.318,138419
05/13/2014,17.365,17.604,17.278,17.421,144245
05/14/2014,17.358,17.572,17.207,17.397,112432
05/15/2014,17.324,17.596,17.014,17.388,184152
05/16/2014,17.334,17.66,17.111,17.509,276327
05/19/2014,17.493,17.787,17.373,17.437,119572
05/20/2014,17.671,17.882,17.202,17.305,136791
05/21/2014,17.326,17.564,17.175,17.429,150395
05/22/2014,17.44,17.667,17.345,17.369,205889
05/23/2014,17.437,18.025,17.246,17.397,221387
05/27/2014,17.496,18.192,17.377,18.045,379850
05/28/2014,17.964,18.256,17.825,18.099,284892
05/29/2014,18.073,18.176,17.787,18.12,227869
05/30/2014,18.033,18.279,17.918,18.184,203126
06/02/2014,18.2,18.287,18.017,18.24,241356
06/03/2014,18.128,18.279,17.954,18.073,103282
06/04/2014,18.017,18.192,17.866,18.001,56836
06/05/2014,18.033,18.391,17.866,18.295,122015
06/06/2014,18.415,18.423,18.109,18.24,158850
06/09/2014,18.264,18.311,17.922,18.097,89500
06/10/2014,18.074,18.2,17.929,18.066,78622
06/11/2014,18.208,18.248,17.985,18.065,145942
06/12/2014,18.041,18.168,17.93,18.041,167114
06/13/2014,18.12,18.208,17.809,17.882,94553
06/16/2014,18.113,18.303,18.113,18.184,283889
06/17/2014,18.184,18.454,17.771,18.335,289577
06/18/2014,18.136,18.891,17.469,18.645,1044623
06/19/2014,18.589,19.058,18.415,18.677,488546
06/20/2014,18.939,19.352,18.872,19.185,7755994
06/23/2014,19.217,19.774,18.963,19.599,990078
06/24/2014,19.475,19.837,19.158,19.587,1119184
06/25/2014,19.402,19.791,19.298,19.679,816224
06/26/2014,19.583,19.951,19.302,19.903,492418
06/27/2014,19.855,19.959,19.623,19.799,876241
06/30/2014,19.743,20.04,19.519,19.951,531636
07/01/2014,19.959,20.42,19.815,20.26,1126094
07/02/2014,20.15,20.23,19.831,19.984,515834
07/03/2014,19.951,20.12,19.775,19.967,245512
07/07/2014,19.959,20.128,19.559,19.639,311379
07/08/2014,19.687,19.895,19.433,19.647,563738
07/09/2014,19.663,19.711,19.326,19.583,588050
07/10/2014,19.366,20.008,19.238,19.863,1006431
07/11/2014,19.947,19.984,19.49,19.875,334115
07/14/2014,19.959,20.14,19.943,20.06,443716
07/15/2014,20.04,20.39,19.655,20.36,603246
07/16/2014,20.39,20.57,20.18,20.49,552584
07/17/2014,20.34,20.74,20.26,20.34,484505
07/18/2014,20.42,20.7,20.17,20.62,355729
07/21/2014,20.54,20.75,20.38,20.67,453798
07/22/2014,20.84,21.11,20.54,20.99,659452
07/23/2014,21,21.26,20.99,21.21,631049
07/24/2014,21.13,21.31,21.02,21.14,366682
07/25/2014,20.99,21.21,20.83,20.95,551764
07/28/2014,20.96,20.98,20.74,20.87,302019
07/29/2014,20.94,21.11,20.61,20.72,495313
07/30/2014,20.84,20.9,20.39,20.66,557796
07/31/2014,20.54,20.63,19.855,19.943,2691959
08/01/2014,19.935,20.4,19.639,19.815,778578
08/04/2014,19.839,19.975,19.639,19.863,361628
08/05/2014,19.871,20.34,19.623,20.28,556358
08/06/2014,19.246,20.73,18.949,20.59,755573
08/07/2014,20.58,20.6,19.663,20.07,713546
08/08/2014,20.05,20.47,19.85,20.17,232296
08/11/2014,20.26,20.5,20.17,20.29,217618
08/12/2014,20.25,20.47,20.1,20.31,244582
08/13/2014,20.33,20.52,20.18,20.42,303950
08/14/2014,20.5,20.84,20.48,20.8,223538
08/15/2014,21.04,21.13,20.62,20.77,557438
08/18/2014,20.96,21.11,20.73,20.93,297628
08/19/2014,20.98,21.2,20.76,21.13,152971
08/20/2014,21.05,21.16,20.76,21.1,189660
08/21/2014,21.08,21.39,20.99,21.19,251320
08/22/2014,21.18,21.39,20.76,21.11,340823
08/25/2014,21.23,21.27,20.81,21.04,256957
08/26/2014,21.04,21.11,20.8,20.87,182863
08/27/2014,20.79,20.91,20.15,20.51,629525
08/28/2014,20.49,20.59,20.25,20.47,193054
08/29/2014,20.57,20.92,20.26,20.87,496805
09/02/2014,20.9,21.11,20.63,20.66,395315
09/03/2014,20.75,21.33,20.22,20.92,378685
09/04/2014,20.99,21.23,20.37,20.9,123911
09/05/2014,20.84,21.17,20.76,21.04,153119
09/08/2014,20.94,21.48,20.94,21.43,235725
09/09/2014,21.38,21.4,21.09,21.2,282235
09/10/2014,21.1,21.55,20.57,20.88,378739
09/11/2014,20.84,21.15,20.6,20.97,202816
09/12/2014,20.92,20.93,20.36,20.37,349800
09/15/2014,20.3,20.46,19.599,19.763,708737
09/16/2014,19.711,20,19.663,19.839,160944
09/17/2014,19.847,20.54,19.655,19.943,287988
09/18/2014,20.2,20.74,20,20.04,398698
09/19/2014,20.03,20.18,19.527,19.943,720360
09/22/2014,19.841,19.959,19.504,19.753,295585
09/23/2014,19.671,19.679,19.286,19.31,287895
09/24/2014,19.326,19.706,19.237,19.698,231288
09/25/2014,19.617,19.674,19.278,19.585,261770
09/26/2014,19.595,19.86,19.555,19.741,266930
09/29/2014,19.86,20.08,19.585,19.682,346440
09/30/2014,19.763,19.812,19.391,19.448,442049
10/01/2014,19.44,19.723,19.076,19.585,596440
10/02/2014,19.52,19.763,19.221,19.407,231108
10/03/2014,19.609,19.706,19.246,19.553,381407
10/06/2014,19.545,19.731,19.44,19.48,231010
10/07/2014,19.375,19.488,19.27,19.391,355395
10/08/2014,19.329,20.01,19.289,19.855,282661
10/09/2014,19.771,19.925,19.529,19.812,383156
10/10/2014,19.383,20.01,19.375,19.634,452787
10/13/2014,19.694,19.9,19.472,19.516,259651
10/14/2014,19.771,20.022,19.634,19.747,413021
10/15/2014,19.674,20.04,19.488,19.965,309509
10/16/2014,19.723,20.23,19.723,19.949,185527
10/17/2014,20.23,20.3,19.894,20.05,218628
10/20/2014,19.983,20.35,19.983,20.3,221293
10/21/2014,20.4,20.77,20.18,20.35,177257
10/22/2014,20.35,20.59,20.24,20.25,148051
10/23/2014,20.38,20.64,20.22,20.52,109129
10/24/2014,20.62,20.97,20.29,20.86,192177
10/27/2014,20.78,21.23,20.63,21.11,202429
10/28/2014,21.13,21.58,21.09,21.54,209183
10/29/2014,21.55,21.55,20.8,21.15,220621
10/30/2014,21.18,21.78,20.97,21.66,331699
10/31/2014,22,22.09,21.59,22.06,346352
11/03/2014,22.16,22.34,21.58,21.71,574232
11/04/2014,21.14,22.74,21.14,21.41,275877
11/05/2014,21.67,21.67,21.11,21.24,142337
11/06/2014,21.31,21.46,21.12,21.35,172294
11/07/2014,21.46,21.99,21.4,21.82,337137
11/10/2014,21.78,22.04,21.47,22.02,241876
11/11/2014,21.95,21.95,21.67,21.86,167909
11/12/2014,21.79,21.88,21.61,21.72,118023
11/13/2014,21.83,22.01,21.61,21.74,94311
11/14/2014,21.66,21.87,21.43,21.53,263014
11/17/2014,21.99,22.24,21.36,21.44,289799
11/18/2014,21.47,21.91,21.21,21.81,187407
11/19/2014,21.78,22.06,21.64,21.68,402429
11/20/2014,21.67,22.22,21.55,22.16,189863
11/21/2014,22.33,22.4,22.06,22.15,447881
11/24/2014,22.13,22.35,21.83,22.11,401577
11/25/2014,22.2,22.32,21.92,22.25,605460
11/26/2014,22.25,22.46,22.15,22.22,306150
11/28/2014,22.28,22.44,22.12,22.2,200414
12/01/2014,22.21,22.21,21.7,21.74,214719
12/02/2014,21.79,21.87,21.54,21.7,229014
12/03/2014,21.79,21.79,21.41,21.68,367316
12/04/2014,21.59,21.71,21.35,21.58,347680
12/05/2014,21.55,21.79,21.02,21.13,330721
12/08/2014,21.06,21.31,20.98,21.19,870441
12/09/2014,21.03,21.78,20.99,21.66,285469
12/10/2014,21.65,21.83,21.29,21.31,272294
12/11/2014,21.48,21.62,21.15,21.16,256026
12/12/2014,20.79,21.41,20.79,21.21,347209
12/15/2014,21.35,21.66,20.89,21.02,278352
12/16/2014,21.05,21.6,21.01,21.1,304421
12/17/2014,21.06,21.46,20.9,21.43,474361
12/18/2014,21.61,21.86,21.21,21.49,313482
12/19/2014,21.6,22.07,21.55,21.71,514813
12/22/2014,21.95,22.25,21.81,22.25,438531
12/23/2014,22.29,22.87,22.02,22.83,418244
12/24/2014,22.82,23.07,22.54,22.59,141236
12/26/2014,22.65,22.92,22.62,22.89,92472
12/29/2014,22.96,23.06,22.7,22.89,114502
12/30/2014,22.79,23.16,22.75,23.15,222125
12/31/2014,23.13,23.3,22.56,22.64,248138
01/02/2015,22.76,22.82,22.2,22.54,172413
01/05/2015,22.39,22.7,22.24,22.58,326760
01/06/2015,22.59,22.72,22.27,22.42,381111
01/07/2015,22.46,22.68,22.27,22.63,451895
01/08/2015,22.71,23.04,22.46,23,396117
01/09/2015,23.05,23.32,22.78,23.24,274481
01/12/2015,23.16,23.56,22.71,23.3,301880
01/13/2015,23.43,23.79,23.08,23.26,266037
01/14/2015,22.98,24.15,22.98,23.78,593295
01/15/2015,23.88,23.97,23.41,23.59,306785
01/16/2015,23.54,23.87,23.42,23.65,362849
01/20/2015,23.7,23.73,23.37,23.52,424493
01/21/2015,23.44,23.73,23.12,23.16,364169
01/22/2015,23.33,23.65,23.02,23.6,186952
01/23/2015,23.65,24.01,23.61,23.88,466310
01/26/2015,23.5,23.66,22.48,23.57,948343
01/27/2015,23.5,23.81,23.13,23.72,560120
01/28/2015,23.76,23.8,23.14,23.24,348596
01/29/2015,23.31,23.62,23.03,23.61,344538
01/30/2015,23.37,23.58,22.92,23.03,374895
02/02/2015,23.15,23.15,22.2,22.44,518100
02/03/2015,22.53,22.79,22.36,22.6,638768
02/04/2015,22.47,23.6,22.36,23.35,408445
02/05/2015,23.2,23.91,22.86,23.77,465580
02/06/2015,23.74,23.84,22.97,23.19,570696
02/09/2015,23.15,23.33,22.92,22.96,270246
02/10/2015,23.03,23.49,22.85,23.35,389670
02/11/2015,23.26,23.51,23.05,23.38,184681
02/12/2015,23.41,24,23.41,23.84,439482
02/13/2015,23.89,23.89,23.51,23.63,283832
02/17/2015,23.69,23.82,23.07,23.2,437371
02/18/2015,23.45,25.48,23.45,24.72,1799675
02/19/2015,24.85,25.03,24.05,24.39,938822
02/20/2015,24.45,25,23.98,24.7,927827
02/23/2015,24.78,25.43,24.43,25.05,431088
02/24/2015,24.91,25.08,24.7,24.81,393867
02/25/2015,24.86,25.22,24.64,24.67,237142
02/26/2015,24.55,24.84,24.35,24.47,367063
02/27/2015,24.53,24.81,24.27,24.42,328634
03/02/2015,24.31,25.18,24.08,24.8,294502
03/03/2015,24.78,24.95,24.45,24.7,233695
03/04/2015,24.7,25.03,24.52,24.52,215802
03/05/2015,24.54,24.91,24.33,24.43,273193
03/06/2015,24.16,24.61,23.73,23.75,321138
03/09/2015,23.88,24.42,23.72,24.35,316489
03/10/2015,24.21,24.39,23.98,24.25,286826
03/11/2015,24.38,25.13,24.36,24.72,356887
03/12/2015,25.01,25.36,24.85,25.36,413063
03/13/2015,25.49,25.49,24.59,24.93,209364
03/16/2015,25.08,26.06,25.08,25.97,437975
03/17/2015,26.04,26.11,25.55,25.96,374961
03/18/2015,26.02,26.57,25.67,26.54,480088
03/19/2015,26.35,26.71,26.13,26.71,322341
03/20/2015,26.82,26.94,26.21,26.75,582660
03/23/2015,26.73,26.99,26.49,26.8,268606
03/24/2015,26.84,26.84,26.2,26.53,304384
03/25/2015,26.63,26.63,25.83,25.88,238529
03/26/2015,25.8,26.14,25.31,25.99,309837
03/27/2015,26.05,26.35,25.6,26.23,652348
03/30/2015,26.38,26.97,26.22,26.94,307608
03/31/2015,26.52,26.52,25.54,25.8,1074734
04/01/2015,25.94,26.03,25.71,25.8,7811994
04/02/2015,25.84,26.59,25.79,26.21,1812953
04/06/2015,26.33,27.02,26.14,26.95,1159394
04/07/2015,27,27.08,26.34,26.34,666530
04/08/2015,26.42,26.72,26.19,26.55,576553
04/09/2015,26.63,26.66,25.88,26.16,585180
04/10/2015,26.26,26.37,26.06,26.21,374826
04/13/2015,26.14,26.38,26,26.05,495915
04/14/2015,26.12,26.12,25.67,25.99,499639
04/15/2015,26.04,26.04,25.64,25.73,402123
04/16/2015,25.79,25.94,25.31,25.84,290957
04/17/2015,25.76,25.89,25.45,25.63,592576
04/20/2015,25.77,25.93,25.43,25.75,488898
04/21/2015,25.89,26.24,25.8,25.98,588222
04/22/2015,26.06,26.18,25.85,26.11,567270
04/23/2015,26.1,26.21,25.91,26.12,360826
04/24/2015,26.28,26.52,26.03,26.52,503231
04/27/2015,26.67,26.77,26.37,26.69,777794
04/28/2015,26.78,27.01,26.52,26.8,1127373
04/29/2015,26.96,27.16,26.79,27.06,1208752
04/30/2015,27.04,27.21,26.4,26.93,1889600
05/01/2015,26.9,27.04,26.46,26.85,694389
05/04/2015,26.78,26.85,26.33,26.67,524016
05/05/2015,26.54,26.58,25.92,26.13,455107
05/06/2015,26.18,26.33,25.59,25.75,610455
05/07/2015,26.04,26.39,24.16,25.18,1511009
05/08/2015,25.71,26.23,25.31,25.93,664559
05/11/2015,25.95,26.12,25.27,25.34,534721
05/12/2015,25.16,25.8,24.98,25.62,649205
05/13/2015,25.8,25.84,25.48,25.62,733116
05/14/2015,25.81,25.91,25.36,25.5,627718
05/15/2015,25.61,25.96,25.46,25.95,508838
05/18/2015,25.83,26.27,25.69,26.27,428541
05/19/2015,26.25,26.62,26.09,26.52,572862
05/20/2015,26.72,26.84,26.34,26.54,252974
05/21/2015,26.57,26.59,26.15,26.23,135337
05/22/2015,26.04,26.35,26,26.14,231925
05/26/2015,26.14,26.18,25.69,25.93,354324
05/27/2015,26.09,26.61,25.74,26.54,460270
05/28/2015,26.45,26.97,26.4,26.96,362131
05/29/2015,27.01,27.09,26.47,26.74,635796
06/01/2015,26.96,27.24,26.65,26.7,556777
06/02/2015,26.67,26.67,26.27,26.41,318660
06/03/2015,26.62,26.71,25.89,26.09,315683
06/04/2015,25.94,26.18,25.68,25.78,260412
06/05/2015,25.55,25.85,25.23,25.73,311502
06/08/2015,25.71,25.95,25.53,25.71,204897
06/09/2015,25.76,25.84,25.48,25.75,198205
06/10/2015,25.77,25.94,25.41,25.63,525512
06/11/2015,25.74,25.84,25.65,25.73,198180
06/12/2015,25.7,25.7,25.41,25.41,272198
06/15/2015,25.34,25.49,25.18,25.32,466968
06/16/2015,25.32,25.32,25.01,25.29,314581
06/17/2015,25.38,25.38,24.92,25.05,419192
06/18/2015,25.07,25.58,24.99,25.31,439039
06/19/2015,25.3,25.31,24.75,24.82,1446987
06/22/2015,25.02,25.62,24.97,25.31,1080105
06/23/2015,24.88,25.17,24.39,24.96,1097009
06/24/2015,25.2,25.36,25.07,25.23,8415586
06/25/2015,25.27,25.36,24.99,25.11,1239907
06/26/2015,25.16,25.24,24.74,25.2,1830750
06/29/2015,25.1,25.36,24.38,24.53,852355
06/30/2015,24.5,24.68,24.36,24.68,725984
07/01/2015,24.84,25,24.63,25,617720
07/02/2015,24.84,25.18,24.77,25.18,1098898
07/06/2015,24.96,25.26,24.72,25.24,854759
07/07/2015,25.23,25.36,25.03,25.36,708273
07/08/2015,25.16,25.53,25.13,25.15,567168
07/09/2015,25.37,25.46,24.69,24.79,360507
07/10/2015,24.95,25.16,24.72,24.99,469820
07/13/2015,25.05,25.3,24.89,25.17,525392
07/14/2015,25.24,25.28,25.1,25.18,703216
07/15/2015,25.15,25.31,24.92,25.21,501106
07/16/2015,25.17,25.41,25.17,25.31,618140
07/17/2015,25.43,25.45,25.2,25.33,485865
07/20/2015,25.21,25.77,25.18,25.56,419369
07/21/2015,25.61,25.74,25.28,25.65,610754
07/22/2015,25.7,26.12,25.67,25.98,656689
07/23/2015,26.02,26.12,25.59,25.69,507013
07/24/2015,25.76,25.85,25.28,25.31,349994
07/27/2015,25.43,25.43,24.61,24.98,527471
07/28/2015,25.04,25.05,24.46,24.97,306270
07/29/2015,24.89,25.52,24.65,25.5,420818
07/30/2015,25.36,25.61,25.23,25.41,305577
07/31/2015,25.48,25.77,25.33,25.76,1926836
08/03/2015,25.82,25.96,25.52,25.84,445172
08/04/2015,25.77,26.26,25.7,26.11,503000
08/05/2015,25.98,26.14,25,25.49,969754
08/06/2015,25.63,25.84,25.2,25.49,701554
08/07/2015,25.24,25.82,25.05,25.8,1012236
08/10/2015,25.99,26.74,25.88,26.71,992804
08/11/2015,26.74,27.18,26.45,27.18,1073483
08/12/2015,27.13,28.55,26.79,28.4,1059832
08/13/2015,28.41,28.92,28.12,28.62,1483504
08/14/2015,28.57,29.15,28.37,29.01,886183
08/17/2015,29.08,29.8,28.78,28.85,1478467
08/18/2015,28.93,29.09,27.64,28.91,416647
08/19/2015,28.83,29.02,28.15,28.8,677875
08/20/2015,28.28,28.62,27.9,27.92,629111
08/21/2015,27.37,28.08,27.2,27.64,801530
08/24/2015,27.07,27.31,25.96,26.17,643799
08/25/2015,26.84,27.02,25.78,25.82,631723
08/26/2015,26.42,26.52,25.65,26.34,427714
08/27/2015,26.5,26.97,26.26,26.97,641364
08/28/2015,26.84,27.18,26.54,27.07,385541
08/31/2015,27.16,27.16,26.46,26.54,926089
09/01/2015,26.02,26.32,25.69,25.87,621552
09/02/2015,26.23,26.31,25.71,26.31,322602
09/03/2015,26.44,27.12,26.18,26.91,1032898
09/04/2015,26.54,26.87,26.32,26.62,785269
09/08/2015,27.03,27.35,26.59,27.31,601400
09/09/2015,27.51,27.7,27.25,27.54,770980
09/10/2015,27.48,27.88,27.39,27.65,699288
09/11/2015,27.57,27.99,27.41,27.95,333723
09/14/2015,27.97,28.43,27.8,28,601096
09/15/2015,28.01,28.4,27.8,28.31,656518
09/16/2015,28.41,28.87,28.39,28.81,399696
09/17/2015,28.76,29.37,28.74,29.19,453936
09/18/2015,28.88,29.3,28.57,28.59,1566238
09/21/2015,28.81,28.86,28.29,28.42,471283
09/22/2015,28.13,28.26,27.85,27.92,1017333
09/23/2015,28.06,28.17,27.81,27.99,311951
09/24/2015,27.93,27.97,27.43,27.68,260604
09/25/2015,27.88,27.88,27.28,27.31,489318
09/28/2015,27.36,27.36,26.32,26.49,386414
09/29/2015,26.5,27.21,26.33,27.15,494579
09/30/2015,27.34,27.79,27.25,27.63,1011077
10/01/2015,27.56,27.69,27.26,27.63,751852
10/02/2015,27.4,27.7,27.12,27.56,1204386
10/05/2015,27.7,28.39,27.7,28.34,541271
10/06/2015,28.36,28.49,28.03,28.07,299209
10/07/2015,28.06,28.44,28.03,28.19,667117
10/08/2015,28.11,28.29,27.68,28.23,845253
10/09/2015,28.37,28.66,27.83,28.64,563333
10/12/2015,28.76,29.24,28.51,28.93,388890
10/13/2015,28.86,29.11,28.37,28.82,369234
10/14/2015,28.76,29.09,27.73,28.59,470664
10/15/2015,28.58,28.73,28.19,28.73,478504
10/16/2015,28.85,28.98,28.66,28.85,954953
10/19/2015,28.81,29.22,27.99,29.16,910500
10/20/2015,29.25,29.51,28.75,29.31,345991
10/21/2015,29.51,30.12,28.96,29.37,3734613
10/22/2015,29.62,30.12,29.29,29.92,1504564
10/23/2015,30.38,30.81,30.03,30.79,510169
10/26/2015,30.84,31.18,30.44,30.82,569854
10/27/2015,30.81,30.91,30.55,30.63,714172
10/28/2015,30.67,30.78,29.82,30.43,808307
10/29/2015,30.29,30.67,29.78,29.86,662205
10/30/2015,29.84,30,29.59,29.85,764520
11/02/2015,29.95,31.22,29.95,31.11,511877
11/03/2015,30.8,31.13,30.06,30.98,550009
11/04/2015,31.12,31.3,30.04,30.21,447820
11/05/2015,31.22,31.31,29.52,29.73,552800
11/06/2015,29.64,30.01,28.89,29.4,646181
11/09/2015,29.37,29.96,28.64,28.93,441508
11/10/2015,29.06,29.36,28.74,29.32,353116
11/11/2015,29.31,29.74,29.14,29.66,343065
11/12/2015,29.69,29.74,29.25,29.36,225832
11/13/2015,29.21,29.56,27.82,29.1,274796
11/16/2015,29.2,29.4,28.15,29.02,506011
11/17/2015,29.11,29.96,28.87,28.93,294180
11/18/2015,28.89,28.96,28.69,28.8,350318
11/19/2015,28.88,29.03,28.61,29.02,509353
11/20/2015,29.2,29.96,28.74,29.78,679968
11/23/2015,29.66,29.88,29.47,29.79,457072
11/24/2015,30.26,30.41,29.71,29.81,460377
11/25/2015,29.92,30.2,29.59,30.16,451146
11/27/2015,30.07,30.68,29.97,30.65,209488
11/30/2015,30.79,30.87,30.3,30.58,598870
12/01/2015,30.61,31.11,30.45,30.96,563789
12/02/2015,30.99,31.05,29.62,30.36,602760
12/03/2015,30.36,30.67,30.04,30.43,741450
12/04/2015,30.46,31.31,30.46,30.75,513716
12/07/2015,30.73,30.77,30.3,30.56,1033559
12/08/2015,30.43,30.6,30.13,30.47,520814
12/09/2015,30.31,30.42,29.87,30.36,1146376
12/10/2015,30.32,30.73,29.78,30.07,565795
12/11/2015,29.68,30.24,29.62,30.08,852750
12/14/2015,29.98,30.36,29.59,29.79,411413
12/15/2015,29.73,30.14,29.56,30.08,355957
12/16/2015,30.19,30.62,29.83,30.57,250734
12/17/2015,30.74,30.74,30.04,30.51,323867
12/18/2015,30.55,30.73,30.29,30.55,940147
12/21/2015,30.89,31.16,30.72,31.1,629836
12/22/2015,31.87,32.43,31.65,32.15,2137211
12/23/2015,32.3,32.49,31.79,31.83,684012
12/24/2015,31.99,32.26,31.78,31.83,148765
12/28/2015,31.86,32.19,31.61,32.07,323102
12/29/2015,32.11,32.56,32.02,32.54,328295
12/30/2015,32.59,32.59,32.1,32.19,223604
12/31/2015,32.22,32.46,31.74,31.95,354157
01/04/2016,31.55,31.93,31.17,31.47,516912
01/05/2016,31.46,32.48,31.39,32.38,474268
01/06/2016,31.99,32.42,31.99,32.36,527209
01/07/2016,31.84,32.21,31.33,31.49,514574
01/08/2016,31.38,32,31.12,31.2,458488
01/11/2016,31.33,32.01,31.33,31.74,631467
01/12/2016,31.89,32.01,31.56,31.96,574594
01/13/2016,32,32.32,30.55,30.68,771466
01/14/2016,30.85,31.09,29.92,30.84,780547
01/15/2016,30.14,30.48,29.66,30.08,732652
01/19/2016,30.65,31.26,29.64,29.65,753193
01/20/2016,29.35,29.47,27.67,28.91,915746
01/21/2016,28.99,29.1,28.46,28.67,611000
01/22/2016,28.87,30.43,28.79,30.42,794878
01/25/2016,30.44,31.05,30.09,30.44,743536
01/26/2016,30.49,31.43,30.4,31.3,415568
01/27/2016,31.22,32.06,30.4,30.55,470932
01/28/2016,30.84,31.09,30.57,30.6,699467
01/29/2016,30.77,31.6,30.12,31.45,558428
02/01/2016,31.23,31.9,30.82,31.58,824730
02/02/2016,31.36,31.67,30.56,30.7,429924
02/03/2016,30.76,30.97,29.39,29.98,1058024
02/04/2016,29.83,30.02,29.37,29.54,587015
02/05/2016,29.52,30.68,29.28,29.35,1147378
02/08/2016,29.08,29.3,27.88,28.7,1048334
02/09/2016,28.33,29.5,28.23,28.97,1036461
02/10/2016,28.96,30.66,28.86,29.35,966494
02/11/2016,28.79,30.42,28.44,30.14,810693
02/12/2016,30.44,31.06,30.18,30.54,896331
02/16/2016,30.74,31.14,29.92,30.57,812074
02/17/2016,30.64,31.66,30.62,31.26,1177341
02/18/2016,31.21,32.37,30.87,32.16,1028394
02/19/2016,31.97,32.31,31.55,31.99,769626
02/22/2016,31.92,33.13,31.67,32.37,769424
02/23/2016,32.54,32.84,31.63,31.7,974322
02/24/2016,29.97,33.13,29.97,32.98,1536047
02/25/2016,33.57,34.69,33.09,33.85,1270011
02/26/2016,34.03,34.61,33.67,34.27,1020819
02/29/2016,34.39,34.77,33.66,33.84,717306
03/01/2016,34.04,34.52,33.29,34.52,480295
03/02/2016,34.49,34.93,34.2,34.7,669630
03/03/2016,34.92,34.94,33.81,34.43,574668
03/04/2016,34.37,34.54,33.54,33.65,580002
03/07/2016,33.35,34.48,33.2,34,573233
03/08/2016,33.97,34.25,33.48,33.53,509870
03/09/2016,33.7,34.14,33.35,34.09,567864
03/10/2016,34.25,34.46,33.25,33.53,384933
03/11/2016,33.91,34.78,33.71,34.67,379052
03/14/2016,34.58,34.72,34.21,34.36,205757
03/15/2016,34.34,34.34,33.99,34.03,312922
03/16/2016,33.38,34.97,33.22,34.65,5924264
03/17/2016,34.58,35.27,34.17,34.88,2035300
03/18/2016,35.02,35.95,34.7,35.46,1168532
03/21/2016,35.24,35.79,35.01,35.34,1144335
03/22/2016,35.33,37.4,35.33,36.34,2008938
03/23/2016,36.88,37.49,36.15,37.07,2030460
03/24/2016,37.09,37.95,36.43,37.87,1504142
03/28/2016,37.93,38.2,37.36,37.7,1020790
03/29/2016,37.92,38.49,37.74,38.39,945153
03/30/2016,38.67,39.44,37.95,38.97,1001504
03/31/2016,38.87,39.56,38.61,39.34,2069559
04/01/2016,39.13,39.71,38.73,39.33,1371814
04/04/2016,39.44,39.48,38.53,38.98,1189931
04/05/2016,38.81,38.81,37.58,37.93,2402106
04/06/2016,37.97,38.85,37.75,38.35,1394711
04/07/2016,38.22,38.49,37.76,37.94,890234
04/08/2016,38.13,38.57,38.06,38.16,1124186
04/11/2016,38.15,38.57,37.71,37.74,496627
04/12/2016,37.87,38.13,37.62,37.66,467053
04/13/2016,37.9,38.14,37.23,37.74,1140844
04/14/2016,37.85,37.85,37.42,37.56,634791
04/15/2016,37.38,37.64,36.81,37.04,1188004
04/18/2016,37.08,37.86,36.81,37.74,869826
04/19/2016,37.91,38.29,37.69,38.01,752794
04/20/2016,38.07,38.07,37.52,37.56,922885
04/21/2016,37.51,38.05,36.7,36.79,425491
04/22/2016,36.82,37.68,36.52,36.9,405320
04/25/2016,36.89,37.46,36.4,37.43,330186
04/26/2016,37.43,38.03,37.43,37.72,568215
04/27/2016,37.86,38.2,37.56,38.12,539984
04/28/2016,37.89,38.51,37.83,38.03,867548
04/29/2016,38.06,38.46,37.73,38.01,612587
05/02/2016,37.94,39.13,37.78,39.07,980589
05/03/2016,39.07,39.24,38.71,39.07,546051
05/04/2016,39.04,40.13,38.94,39.84,1367541
05/05/2016,38.99,41.2,38.99,40.88,1237493
05/06/2016,40.88,42.48,40.81,42.18,1134949
05/09/2016,42.2,42.33,41.62,41.87,1298466
05/10/2016,42.14,42.28,41.59,41.94,710002
05/11/2016,42.04,42.13,41.72,41.78,790822
05/12/2016,41.44,42.43,41.19,42.16,2753499
05/13/2016,42.12,42.27,41.41,42.15,1288262
05/16/2016,42.43,42.8,41.84,42.77,1840012
05/17/2016,42.54,42.78,41.2,41.54,1264573
05/18/2016,41.65,41.99,40.91,41.49,1040793
05/19/2016,41.48,41.67,41.18,41.55,829001
05/20/2016,41.89,42.09,41.58,42.04,514994
05/23/2016,42.24,42.24,41.65,41.68,530223
05/24/2016,42.01,42.56,41.84,42.19,747842
05/25/2016,42.38,42.76,42.05,42.41,591543
05/26/2016,42.54,42.81,42.25,42.7,521800
05/27/2016,42.86,43.37,42.57,42.9,678636
05/31/2016,42.86,43.4,42.35,42.49,721386
06/01/2016,43.11,43.49,42.49,42.73,854666
06/02/2016,42.69,42.92,42.26,42.79,509488
06/03/2016,42.83,43.45,42.69,43.35,624748
06/06/2016,43.67,44.51,43.57,44.11,1396621
06/07/2016,44.37,45.39,44.24,45.1,696438
06/08/2016,45.72,46.2,44.94,45.16,1358588
06/09/2016,45.15,45.92,45.07,45.61,839743
06/10/2016,45.49,45.66,44.24,44.41,1606809
06/13/2016,44.6,45.42,44.29,44.66,1235205
06/14/2016,44.5,45.06,43.77,44.54,906236
06/15/2016,44.77,45.03,44.14,44.74,749759
06/16/2016,44.8,45.17,44.42,44.83,1190783
06/17/2016,44.76,45.1,43.86,44.38,1226983
06/20/2016,44.61,44.96,44.31,44.6,894845
06/21/2016,44.59,45.47,44.46,45.02,1140765
06/22/2016,44.91,45.65,44.71,45.23,676090
06/23/2016,45.37,45.58,44.64,45.01,1038272
06/24/2016,43.91,45.5,43.58,45.12,6998997
06/27/2016,45.01,45.01,44.23,44.5,1158025
06/28/2016,44.98,46.3,44.89,46.05,894730
06/29/2016,46.5,47.71,46.46,47.48,1446052
06/30/2016,47.88,48.3,47.48,48.26,1430304
07/01/2016,48.26,48.57,47.61,47.7,939721
07/05/2016,47.56,48.24,47.56,48.19,883291
07/06/2016,48.08,48.2,47.59,48.03,959342
07/07/2016,48.09,48.1,47.36,47.69,588816
07/08/2016,47.92,48.22,47.73,48.05,931121
07/11/2016,48.2,48.29,47.51,47.69,644096
07/12/2016,47.56,47.89,47.01,47.7,1701931
07/13/2016,48.01,48.01,47.35,47.66,577377
07/14/2016,47.59,48.29,46.69,46.7,943998
07/15/2016,46.46,46.87,46.27,46.52,662600
07/18/2016,46.39,46.85,46.18,46.52,516749
07/19/2016,46.59,47.59,46.32,47.3,953791
07/20/2016,47.2,47.35,46.84,46.98,896039
07/21/2016,47.13,47.19,46.59,46.99,932347
07/22/2016,47.16,47.52,47.04,47.32,468796
07/25/2016,47.36,47.66,46.78,46.98,423816
07/26/2016,47.07,47.17,46.33,46.87,493047
07/27/2016,46.72,47.6,46.67,47.37,1007568
07/28/2016,47.14,47.87,47.07,47.85,540977
07/29/2016,47.56,48.06,47.1,47.57,1557126
08/01/2016,47.57,48.32,47.46,48.29,1290830
08/02/2016,49.04,49.46,45.66,46.56,2653363
08/03/2016,46.44,46.51,45.02,45.34,1509242
08/04/2016,45.6,46.71,44.59,44.99,1021733
08/05/2016,44.74,45.09,44.42,44.51,1303345
08/08/2016,44.47,44.62,44.03,44.21,761546
08/09/2016,44.07,44.97,43.86,44.79,671199
08/10/2016,44.91,45.04,44.1,44.48,6461850
08/11/2016,44.38,45.2,44.14,45.07,1540330
08/12/2016,45.12,45.85,45.12,45.38,837275
08/15/2016,45.36,45.58,43.82,44.79,776515
08/16/2016,44.72,44.72,43.92,44.13,1001935
08/17/2016,44.14,44.77,43.53,44.57,1174465
08/18/2016,44.99,45.31,43.93,44.08,1297910
08/19/2016,44.09,44.18,43.76,44.08,1078380
08/22/2016,43.84,44.27,43.69,44.22,418806
08/23/2016,44.51,44.58,43.67,44.08,820969
08/24/2016,44.11,44.23,43.18,43.23,983152
08/25/2016,43.2,43.73,43.2,43.59,641432
08/26/2016,43.55,43.97,42.91,43.23,678853
08/29/2016,43.28,44.15,43.28,43.95,1065320
08/30/2016,44.08,44.12,43.4,43.66,1129630
08/31/2016,43.61,44.13,43.28,44.12,1510274
09/01/2016,43.96,44.2,43.73,43.87,1206238
09/02/2016,44.08,44.76,43.73,44.12,923445
09/06/2016,44.38,45.12,44.08,44.99,1582279
09/07/2016,45.03,45.17,44.71,45.08,853826
09/08/2016,44.91,45.04,44.25,44.58,476881
09/09/2016,44.06,44.25,42.94,42.94,1293158
09/12/2016,42.8,43.42,42.55,43.24,725645
09/13/2016,43.13,43.13,41.91,41.96,662556
09/14/2016,42,42.3,41.53,42.15,1381547
09/15/2016,42.2,42.45,41.82,42.32,873648
09/16/2016,42.02,43.02,41.88,42.16,1936788
09/19/2016,42.26,42.69,42.14,42.61,690030
09/20/2016,42.8,42.87,41.69,41.7,967999
09/21/2016,41.89,41.93,40.94,41.74,1474773
09/22/2016,42.13,43.27,42.09,42.91,1045570
09/23/2016,42.79,43.19,42.37,42.87,1492563
09/26/2016,42.79,43.26,42.54,42.94,678192
09/27/2016,42.96,42.97,41.68,41.87,942161
09/28/2016,41.78,42.45,41.78,42.28,982821
09/29/2016,41.96,42.02,41.31,41.71,927179
09/30/2016,41.75,42.24,41.22,41.61,1424170
10/03/2016,41.52,41.52,40.67,40.93,1152799
10/04/2016,40.84,40.96,40.15,40.44,1117945
10/05/2016,40.42,40.79,39.5,39.63,1403662
10/06/2016,39.36,39.69,38.67,39.58,1270542
10/07/2016,39.73,41.33,39.37,40.18,1703902
10/10/2016,40.15,41.54,40.12,41.08,1422863
10/11/2016,41.06,41.44,40.55,41.23,1494394
10/12/2016,41.12,42.09,41.11,42.03,1602550
10/13/2016,41.87,42.56,41.8,42.17,1246917
10/14/2016,42.19,42.56,41.68,41.76,900163
10/17/2016,41.82,42.21,41.82,42,1587115
10/18/2016,42.33,42.97,41.74,42.46,1607718
10/19/2016,42.37,43.01,41.87,42.95,1139194
10/20/2016,42.66,42.89,42.27,42.62,1126299
10/21/2016,42.59,42.97,42.37,42.86,937056
10/24/2016,43.03,43.39,42.48,42.74,900867
10/25/2016,42.49,42.88,42.31,42.41,1149175
10/26/2016,42.36,42.46,41.48,41.66,1248001
10/27/2016,41.37,41.4,37.89,38.42,4050545
10/28/2016,38.3,39.66,38.27,39.19,2110597
10/31/2016,38.8,39.35,35.7,39.02,6273553
11/01/2016,39.11,39.11,36.93,36.99,2388020
11/02/2016,36.91,36.97,36.33,36.42,1230574
11/03/2016,36.57,37.29,36.13,36.84,1231409
11/04/2016,36.96,37.39,36.74,37.21,1207810
11/07/2016,37.66,37.83,37.41,37.71,780648
11/08/2016,37.69,38.26,37.61,38.14,802710
11/09/2016,37.43,37.56,36.59,36.66,1539323
11/10/2016,36.51,36.77,34.23,34.69,2986754
11/11/2016,34.68,35.26,34.4,34.76,1329376
11/14/2016,34.78,35.47,33.94,35.41,1783703
11/15/2016,35.47,36.31,35.31,35.54,1140711
11/16/2016,35.64,36.24,35.18,35.46,842811
11/17/2016,35.19,35.73,34.67,34.9,888898
11/18/2016,35.23,35.96,34.78,35.82,1345895
11/21/2016,36,36.29,35.49,35.81,1037678
11/22/2016,36.06,37.16,35.74,37.09,1067747
11/23/2016,36.73,37.56,36.3,37.18,1468781
11/25/2016,37.37,37.98,37.22,37.83,467080
11/28/2016,37.75,38.47,37.7,37.98,1755514
11/29/2016,37.88,38.91,37.88,38.57,1104017
11/30/2016,38.42,38.49,36.9,37.34,1951616
12/01/2016,37.27,37.27,35.4,35.77,1843154
12/02/2016,36.05,36.74,35.69,36.17,851969
12/05/2016,36.28,36.91,35.95,36.82,1001031
12/06/2016,36.75,37.33,36.53,36.62,1132835
12/07/2016,36.62,38,36.61,37.92,1076949
12/08/2016,37.7,38.42,37.6,38.32,1067716
12/09/2016,38.44,38.76,38.11,38.47,1209525
12/12/2016,38.19,39.3,38.11,39.17,1162474
12/13/2016,40.91,42.66,39.82,40.61,3507852
12/14/2016,40.53,40.57,38.8,39.15,1324866
12/15/2016,38.99,39.94,38.68,38.82,1074869
12/16/2016,39.21,39.92,38.74,38.79,925762
12/19/2016,38.92,39.23,38.57,39.11,738908
12/20/2016,39.12,39.8,38.98,39.3,742542
12/21/2016,39.42,39.87,39.03,39.07,1064038
12/22/2016,39.16,39.39,38.48,38.71,806083
12/23/2016,38.89,39.3,38.49,38.86,510057
12/27/2016,39,39.28,38.71,38.99,520287
12/28/2016,39.4,39.4,38.77,38.99,415735
12/29/2016,39.06,39.63,38.73,39.52,635408
12/30/2016,39.51,39.87,39.21,39.46,998804
01/03/2017,39.41,40.98,39.4,40.88,1169760
01/04/2017,40.88,42.13,40.76,41.96,1175023
01/05/2017,41.84,42.86,41.48,42.66,1349551
01/06/2017,42.57,42.92,42.2,42.34,1687095
01/09/2017,42.29,43.08,41.92,42.56,1129020
01/10/2017,42.7,43.11,42.2,42.71,1358991
01/11/2017,42.86,43.3,42.13,42.96,885859
01/12/2017,43.2,43.54,42.67,43.4,755176
01/13/2017,43.22,43.57,43.02,43.12,917606
01/17/2017,43.39,43.62,42.79,42.9,848419
01/18/2017,42.87,43.63,42.68,43.16,1216049
01/19/2017,42.85,43.41,42.65,43.4,938748
01/20/2017,43.37,44.41,43.26,44.09,1717056
01/23/2017,44.29,45.16,44.29,44.5,1513422
01/24/2017,44.57,45.32,44.55,44.91,1597668
01/25/2017,43.93,44.37,43.28,43.67,3682776
01/26/2017,43.58,44.03,43.32,43.63,1119825
01/27/2017,43.63,43.67,42.23,42.72,1653373
01/30/2017,42.62,42.65,42.12,42.35,1358120
01/31/2017,42.45,42.99,42.27,42.48,1337188
02/01/2017,42.48,42.58,41.65,41.73,1360322
02/02/2017,41.7,42.18,41.54,41.93,1469677
02/03/2017,42.33,42.84,42.04,42.7,1471412
02/06/2017,42.88,43.09,41.7,42.11,1295294
02/07/2017,42.25,42.92,41.97,42.68,931140
02/08/2017,42.76,43.1,42.55,42.92,1015951
02/09/2017,42.87,43.13,42.55,42.75,633850
02/10/2017,42.76,43.08,42.59,42.7,568629
02/13/2017,42.78,43.06,42.38,42.46,909847
02/14/2017,42.48,42.72,41.9,42.12,547935
02/15/2017,42.1,42.15,41.45,41.63,1037222
02/16/2017,41.69,42.05,41.39,41.76,1449469
02/17/2017,41.72,41.97,41.13,41.88,742309
02/21/2017,42.1,42.51,41.88,42.41,688887
02/22/2017,42.4,42.7,41.93,42.13,835722
02/23/2017,42.12,42.24,40.94,42.04,2728461
02/24/2017,43.3,44.36,43.02,44.03,5421137
02/27/2017,44.27,44.65,43.82,44.22,3562086
02/28/2017,44.33,44.91,44.12,44.8,14218380
03/01/2017,44.92,44.94,43.42,44.03,4881924
03/02/2017,43.91,44.5,43.57,43.79,1739675
03/03/2017,43.68,44.34,43.47,44.27,1296715
03/06/2017,44.23,44.23,43.03,43.6,1033784
03/07/2017,43.47,43.76,43.21,43.4,915297
03/08/2017,43.43,43.67,41.91,42.16,2105382
03/09/2017,41.99,42.92,41.93,42.52,1888157
03/10/2017,42.89,43.3,42.59,43.04,1790270
03/13/2017,43.07,44.5,42.96,44.38,2316999
03/14/2017,44.24,44.54,43.85,44.27,1374188
03/15/2017,44.42,45.06,44.13,44.87,1393371
03/16/2017,44.77,44.91,44.14,44.5,1165163
03/17/2017,44.76,45.22,44.17,45.12,1558575
03/20/2017,45.21,45.5,44.76,44.84,696175
03/21/2017,44.82,45.24,44.12,44.23,1029258
03/22/2017,44.4,44.97,44.14,44.8,578979
03/23/2017,44.75,45.47,44.56,44.83,515800
03/24/2017,44.85,45.09,44.46,44.65,985328
03/27/2017,44.54,44.67,43.9,44.38,914593
03/28/2017,44.39,44.65,43.84,44.62,769799
03/29/2017,44.66,45.42,44.44,45.37,975440
03/30/2017,45.48,45.61,44.97,45.39,841817
03/31/2017,45.53,46.18,45.35,45.78,1015980
04/03/2017,45.51,45.63,44.97,45.35,1246418
04/04/2017,45.34,45.67,45.13,45.53,687278
04/05/2017,45.68,46.45,45.45,45.65,1145414
04/06/2017,45.8,46.1,45.53,45.96,1151202
04/07/2017,46.05,46.33,45.72,46.14,786593
04/10/2017,46.08,46.87,46.04,46.73,1741833
04/11/2017,46.94,47.22,46.88,47.08,1468239
04/12/2017,47.06,47.34,46.53,46.98,1363903
04/13/2017,47.03,47.48,46.39,46.64,1175242
04/17/2017,46.72,47.55,46.66,47.24,743836
04/18/2017,47.19,47.75,47.19,47.64,692223
04/19/2017,47.31,47.95,47.31,47.7,795664
04/20/2017,47.82,48.61,47.6,48.56,975023
04/21/2017,48.51,48.55,47.94,48.19,401219
04/24/2017,48.5,48.61,47.56,47.81,932828
04/25/2017,47.57,48.1,47.51,47.65,670818
04/26/2017,47.7,47.87,47.17,47.38,569112
04/27/2017,47.46,48.67,47.33,48.38,890824
04/28/2017,48.34,48.65,48.05,48.6,666039
05/01/2017,48.76,49.27,48.37,49.12,715994
05/02/2017,49.1,49.1,48.15,48.61,742560
05/03/2017,48.67,48.67,47.83,48.13,1289708
05/04/2017,48.42,48.62,47.2,48.37,1364532
05/05/2017,48.5,48.91,48.25,48.87,763466
05/08/2017,48.98,49.26,48.27,48.91,811711
05/09/2017,48.88,49.03,47.82,47.9,551485
05/10/2017,47.92,48.45,47.82,48.2,325333
05/11/2017,48.09,48.17,47.75,47.83,823017
05/12/2017,47.79,48.12,47.66,47.87,430675
05/15/2017,48.02,48.98,47.85,48.71,693404
05/16/2017,48.84,48.85,48.22,48.43,470627
05/17/2017,48.28,48.83,48.12,48.57,622299
05/18/2017,48.35,48.59,48.06,48.4,496468
05/19/2017,48.62,49.17,48.18,48.77,677926
05/22/2017,48.83,50.07,48.81,49.61,822057
05/23/2017,50.15,50.43,49.53,49.61,832087
05/24/2017,49.85,50.53,49.85,50.16,972491
05/25/2017,50.36,51.5,50.2,50.9,1269827
05/26/2017,50.87,51.03,50.12,50.36,697070
05/30/2017,50.45,50.54,50.05,50.06,682641
05/31/2017,50.26,50.57,49.83,50.04,1170205
06/01/2017,50.21,50.61,49.63,50.14,1780271
06/02/2017,50.58,51.61,50.22,51.57,600894
06/05/2017,51.36,51.86,51.17,51.66,1288178
06/06/2017,51.55,52.16,50.74,51.02,575855
06/07/2017,51.31,51.41,50.81,51.26,620832
06/08/2017,51.22,51.59,50.38,50.73,562336
06/09/2017,51.81,52.79,50.85,51.11,1711387
06/12/2017,50.81,51.24,49.99,51.2,1733477
06/13/2017,51.21,51.62,51.13,51.51,925113
06/14/2017,51.91,52.46,51.41,51.76,1019631
06/15/2017,51.5,51.62,51.07,51.23,611324
06/16/2017,51.25,51.89,51.17,51.52,967678
06/19/2017,51.42,51.81,51.32,51.53,469810
06/20/2017,51.64,51.81,51.17,51.72,466165
06/21/2017,51.79,51.93,51.21,51.81,673671
06/22/2017,51.85,52,51.43,51.7,962564
06/23/2017,51.72,52.65,51.68,52.38,1509214
06/26/2017,52.51,52.61,52.16,52.29,536718
06/27/2017,52.11,52.21,50.93,50.99,506422
06/28/2017,51.14,51.15,50.14,50.53,731589
06/29/2017,50.25,50.3,48.62,49.19,1004316
06/30/2017,49.54,50.13,49.2,49.95,653490
07/03/2017,50.22,50.41,49.75,50.19,482072
07/05/2017,50.12,50.24,48.98,49.06,764856
07/06/2017,48.82,48.87,48.16,48.41,736274
07/07/2017,48.45,49.55,48.22,49.4,508394
07/10/2017,49.64,49.88,49.24,49.35,556478
07/11/2017,49.34,49.77,48.94,49.55,407614
07/12/2017,50.06,51.28,49.87,51.09,819381
07/13/2017,51.16,51.18,50.41,51.06,497372
07/14/2017,51.11,51.73,51.08,51.24,472175
07/17/2017,51.22,51.38,50.7,50.98,476970
07/18/2017,50.95,51.43,50.72,51.18,571660
07/19/2017,51.25,52.15,50.83,51.94,462631
07/20/2017,52.01,52.08,51.38,51.79,465475
07/21/2017,51.83,52.16,51.72,52.05,326793
07/24/2017,52.06,52.57,51.8,52.42,358734
07/25/2017,52.47,52.99,52.09,52.62,758625
07/26/2017,52.47,53.11,52.26,52.99,399453
07/27/2017,52.99,53.74,52.61,53.06,463529
07/28/2017,53.08,53.65,53.01,53.45,484984
07/31/2017,53.64,53.64,53.24,53.49,441671
08/01/2017,53.54,54.26,53.54,53.92,547860
08/02/2017,53.9,53.9,53.08,53.13,677138
08/03/2017,53.41,54.23,52.09,52.1,1060144
08/04/2017,52.21,52.82,52.02,52.49,707133
08/07/2017,52.53,52.85,51.75,51.95,1102717
08/08/2017,51.73,51.89,50.46,50.58,785529
08/09/2017,50.66,51.11,50.42,50.78,1077237
08/10/2017,50.69,51.72,50.33,51.47,1294212
08/11/2017,51.31,52.49,51.18,52.4,1368053
08/14/2017,52.87,54.89,52.66,53.93,1281080
08/15/2017,53.86,54.17,53.5,53.98,1314997
08/16/2017,54.11,54.38,54.03,54.2,937762
08/17/2017,54.14,54.37,53.5,53.63,871045
08/18/2017,53.49,53.49,52.96,53.22,672143
08/21/2017,53.27,53.6,53.1,53.4,580787
08/22/2017,53.43,54.8,53.36,54.63,469423
08/23/2017,54.6,55.98,54.33,55.83,799656
08/24/2017,55.92,56.32,55.4,55.44,390864
08/25/2017,55.68,56.81,55.58,56.51,833058
08/28/2017,56.53,56.69,55.58,55.9,575383
08/29/2017,55.77,56.38,55.44,55.85,706243
08/30/2017,55.73,56.46,55.44,56.39,567614
08/31/2017,56.52,57.21,56.34,56.49,805719
09/01/2017,56.57,56.7,56.1,56.38,602990
09/05/2017,56.36,57.32,56.36,57.22,644895
09/06/2017,57.29,57.63,56.53,56.62,631961
09/07/2017,56.7,57.48,56.68,57.25,435143
09/08/2017,57.08,57.42,56.76,57.37,448676
09/11/2017,57.62,58.9,57.62,58.2,855036
09/12/2017,58.25,58.38,56.86,57.03,752952
09/13/2017,57.01,57.12,55.51,55.95,1004711
09/14/2017,55.64,56.02,54.84,55.2,1459018
09/15/2017,55.24,55.42,54.57,55.39,3140917
09/18/2017,55.28,55.9,55.14,55.69,694045
09/19/2017,55.91,56.36,55.48,56.1,654259
09/20/2017,56.08,56.39,54.34,54.45,905949
09/21/2017,54.38,54.78,53.78,54.14,796613
09/22/2017,54.29,54.91,52.87,53.1,1180505
09/25/2017,53.15,53.65,52.57,52.69,1183146
09/26/2017,52.9,53.12,51.95,51.97,771149
09/27/2017,52.22,52.32,51.06,52.12,1683088
09/28/2017,52.23,52.47,51.47,52.01,823752
09/29/2017,52.08,53.48,52.03,53.18,1224841
10/02/2017,53.13,54.29,53.13,53.76,901029
10/03/2017,53.76,53.97,53.16,53.26,616095
10/04/2017,53.17,53.62,52.82,53.48,483499
10/05/2017,53.61,53.97,53.41,53.65,575465
10/06/2017,53.31,55.01,53.01,54.73,968538
10/09/2017,54.82,55.11,54.72,55.01,540154
10/10/2017,55.3,56.2,54.79,55.29,898426
10/11/2017,55.41,56.16,55.41,56.01,713688
10/12/2017,55.96,56.97,55.52,56.67,516767
10/13/2017,56.7,56.77,55.68,55.76,524704
10/16/2017,55.9,56.47,55.14,55.15,699788
10/17/2017,55.06,55.65,55.06,55.3,381261
10/18/2017,55.33,55.75,54.64,55.66,932152
10/19/2017,55.66,56.24,55.43,55.89,420119
10/20/2017,56.05,56.35,55.68,55.83,362275
10/23/2017,56.06,56.18,54.38,54.46,528780
10/24/2017,54.43,55.01,54.07,54.67,572793
10/25/2017,54.49,55.27,54.49,54.7,602607
10/26/2017,54.81,54.81,53.09,53.3,576284
10/27/2017,53.43,54.37,53.16,54.33,575035
10/30/2017,54.25,55.82,54.19,55.78,935408
10/31/2017,54.44,55.56,52.97,55.38,1664294
11/01/2017,55.57,55.72,54.63,54.77,683512
11/02/2017,54.41,55.83,54.2,55.46,1339435
11/03/2017,55.54,56.37,55.19,55.97,990663
11/06/2017,55.92,56.62,55.76,56.06,869812
11/07/2017,56.26,56.74,55.76,56.3,698042
11/08/2017,56.2,57.68,56.2,57.08,870273
11/09/2017,56.81,57.08,56.07,56.23,529540
11/10/2017,56.18,57.02,55.44,55.79,384852
11/13/2017,55.78,58.23,55.78,57.89,1020009
11/14/2017,57.9,58.33,57.38,57.48,1066470
11/15/2017,57.3,57.6,56.03,56.16,938016
11/16/2017,56.07,57.04,55.97,56.66,1559812
11/17/2017,56.86,56.86,55.49,56.05,884650
11/20/2017,56.04,56.4,55,55.68,517914
11/21/2017,55.69,55.96,55.06,55.3,1051982
11/22/2017,55.29,55.76,55.15,55.57,1022601
11/24/2017,55.65,56.11,55.64,55.87,356226
11/27/2017,56.15,56.2,55.34,55.57,894837
11/28/2017,55.65,55.96,55.27,55.49,714039
11/29/2017,55.5,55.54,53.8,54.14,830574
11/30/2017,54.28,54.97,53.86,54.84,1189771
12/01/2017,54.82,55.33,54.12,55.27,481209
12/04/2017,55.4,55.62,52.01,52.03,1064480
12/05/2017,51.97,53.06,51.47,52.82,1119669
12/06/2017,52.99,53.51,52.19,52.47,621317
12/07/2017,52.68,54.13,52.6,54.04,864592
12/08/2017,54.31,54.77,54.08,54.57,813631
12/11/2017,54.52,54.74,53.57,53.96,485139
12/12/2017,53.5,53.81,52.96,53.2,783514
12/13/2017,53.19,53.89,53.01,53.61,398524
12/14/2017,53.2,54.42,53.03,53.79,646144
12/15/2017,53.86,54.11,53.11,53.67,1379596
12/18/2017,53.72,54.22,53.51,53.59,590328
12/19/2017,53.42,53.42,52.26,52.4,1126065
12/20/2017,52.35,52.72,51.76,51.83,672804
12/21/2017,52.05,52.52,51.56,52.04,883856
12/22/2017,51.82,53.05,51.64,52.62,638860
12/26/2017,52.54,53.68,52.45,53.28,534412
12/27/2017,53.57,54.18,53.43,53.78,549723
12/28/2017,53.96,54.2,53.69,54.03,369949
12/29/2017,54.14,54.29,53.94,54.1,349357
01/02/2018,54.1,54.22,53.1,53.18,856180
01/03/2018,53.32,53.79,53.14,53.35,1172323
01/04/2018,53.45,54.06,52.55,53.12,775140
01/05/2018,53.28,53.61,52.7,52.92,759675
01/08/2018,52.87,53.89,52.82,53.69,443077
01/09/2018,53.81,53.85,53.3,53.4,743387
01/10/2018,53.28,53.28,51.49,51.92,1290613
01/11/2018,51.95,51.99,50.53,50.97,2055728
01/12/2018,50.83,50.93,49.05,50.22,3379368
01/16/2018,50.61,52.19,50.24,50.91,1545759
01/17/2018,50.9,51.45,49.86,50.78,1197326
01/18/2018,50.43,50.74,49.95,50.09,957805
01/19/2018,50.24,50.67,50.05,50.4,1028581
01/22/2018,50.59,51,50.45,50.7,1207769
01/23/2018,50.96,52.7,50.8,51.83,1046424
01/24/2018,51.98,52.29,51.24,51.67,600224
01/25/2018,51.68,52.83,51.54,52.55,1004222
01/26/2018,52.55,53.49,51.84,53.45,881920
01/29/2018,53.25,53.3,51.21,51.22,891234
01/30/2018,50.9,51.2,50.47,50.85,660900
01/31/2018,51.14,52.68,50.96,52.44,810318
02/01/2018,52.34,53.01,51.51,51.75,678933
02/02/2018,51.37,51.94,51,51.79,703102
02/05/2018,51.56,52.26,50.47,50.69,830224
02/06/2018,50,50.95,49.51,50.68,1241857
02/07/2018,50.52,51.44,50.01,50.42,629501
02/08/2018,50.73,51.26,48.1,48.19,1358312
02/09/2018,48.22,49.08,46.51,48.73,1307756
02/12/2018,48.96,49.26,46.65,48.84,1894716
02/13/2018,48.73,49.41,48.31,49.3,1170791
02/14/2018,48.63,49.17,47.19,47.94,1450587
02/15/2018,48.04,48.09,46.31,47.31,1597722
02/16/2018,47.27,47.88,46.6,47.32,1559996
02/20/2018,47.15,47.7,45.71,45.8,848562
02/21/2018,45.71,46.44,43.87,44.33,2185771
02/22/2018,42.32,44.67,39.53,44.61,5044271
02/23/2018,45.04,47.2,44.91,46.51,2945330
02/26/2018,46.51,48.32,45.91,46.64,1726521
02/27/2018,46.69,47.16,46.25,46.71,1549604
02/28/2018,46.84,47.37,45.34,45.34,1980162
03/01/2018,45.25,46.22,44.28,44.7,1077480
03/02/2018,44.3,44.68,43.64,44.05,1408139
03/05/2018,44.05,45.21,43.65,44.91,1084380
03/06/2018,45.13,45.41,44.64,44.75,875353
03/07/2018,44.51,45.23,44.51,44.94,882023
03/08/2018,45.05,45.24,44.61,44.9,808387
03/09/2018,44.76,45.18,44.33,45.14,1225441
03/12/2018,45.07,46.72,44.95,46.37,1421694
03/13/2018,46.44,47.47,46.44,47.25,1903655
03/14/2018,47.22,47.97,47.09,47.78,1433527
03/15/2018,47.85,47.95,47.46,47.66,849291
03/16/2018,47.77,48.15,47.64,48.07,2440848
03/19/2018,47.9,47.9,46.35,46.82,1225948
03/20/2018,46.77,47.18,46.55,46.87,717069
03/21/2018,46.84,47.07,46.11,46.55,612359
03/22/2018,46.34,47.14,46.34,46.46,728010
03/23/2018,46.59,46.81,45.29,45.44,1508770
03/26/2018,45.91,46.07,45.33,45.83,824031
03/27/2018,45.87,46.34,45.32,45.67,599737
03/28/2018,45.73,47.08,45.59,46.87,748921
03/29/2018,46.93,47.22,46.62,46.98,485462
04/02/2018,47.01,47.19,45.67,45.94,588146
04/03/2018,45.93,46.59,45.36,45.92,915812
04/04/2018,45.97,46.86,45.37,46.63,852962
04/05/2018,46.52,46.75,45.83,46.64,903402
04/06/2018,46.49,46.91,45.6,45.83,851948
04/09/2018,45.82,47.03,45.79,46.35,964882
04/10/2018,46.55,46.64,45.89,45.98,865480
04/11/2018,45.69,46.28,45.61,46.05,936358
04/12/2018,46.31,47.26,44.61,44.7,983718
04/13/2018,44.74,45.25,44.6,45.01,1093769
04/16/2018,45.18,45.89,45.01,45.79,570663
04/17/2018,45.85,47.18,45.5,46.93,908645
04/18/2018,46.6,47.6,46.6,47.15,1156941
04/19/2018,47.11,47.48,46.4,47.29,957425
04/20/2018,47.29,48.07,47.03,47.13,1060432
04/23/2018,47.13,47.32,46.6,46.82,763175
04/24/2018,47,47.24,46.64,47.04,656588
04/25/2018,46.81,47.39,46.56,47.24,611789
04/26/2018,47.29,48.22,46.81,48,881751
04/27/2018,47.83,49.6,47.63,49.56,896576
04/30/2018,49.7,50.18,48.94,49.14,1007084
05/01/2018,49.17,49.62,48.89,49.46,1124152
05/02/2018,49.27,50.59,49.19,50.41,1525975
05/03/2018,51.04,51.93,49.56,50.25,2594864
05/04/2018,50.38,50.79,49.65,50.17,866217
05/07/2018,50.46,50.78,49.99,50.17,955320
05/08/2018,50.63,50.69,48.61,48.67,1049103
05/09/2018,48.79,49.63,48.56,49.57,844126
05/10/2018,49.7,50.8,49.67,50.62,626805
05/11/2018,50.72,51.12,50.27,50.73,414035
05/14/2018,50.85,51.04,49.77,50.09,447846
05/15/2018,50,50,48.77,48.98,730936
05/16/2018,49.27,49.49,48.62,48.95,563057
05/17/2018,48.74,48.99,47.66,47.73,595115
05/18/2018,47.61,48.33,47.61,47.83,468415
05/21/2018,48.2,48.55,47.75,48.32,466959
05/22/2018,48.25,48.53,47.16,47.38,1025613
05/23/2018,47.47,48.85,47.41,48.82,690619
05/24/2018,48.92,49.4,48.37,49.11,544629
05/25/2018,49.25,49.63,48.72,49.23,372627
05/29/2018,49.05,50.26,48.82,50.16,870449
05/30/2018,49.89,51.15,49.89,50.72,544957
05/31/2018,50.54,51.29,50.07,50.91,2337937
06/01/2018,50.43,51.59,50.1,51.51,980538
06/04/2018,51.71,52.15,51.1,52.01,979918
06/05/2018,52.04,52.81,51.83,52.77,1467096
06/06/2018,52.6,53.5,52.43,53.49,1227196
06/07/2018,53.58,53.74,52.86,53.49,774412
06/08/2018,53.37,53.87,52.87,53.81,888500
06/11/2018,53.89,54.55,53.45,53.51,760266
06/12/2018,53.53,54.1,53.28,53.77,523623
06/13/2018,53.85,54.2,52.62,53.06,739426
06/14/2018,53.33,54.26,53.33,53.89,529666
06/15/2018,53.76,53.87,52.9,53.11,1342933
06/18/2018,53.03,53.9,52.83,53.86,584243
06/19/2018,53.53,53.87,52.28,52.55,1101436
06/20/2018,52.69,53.5,52.5,52.83,889043
06/21/2018,52.94,53.46,52.31,53.24,619784
06/22/2018,53.23,53.7,52.75,53.07,2072434
06/25/2018,52.93,53.17,51.87,51.93,1677915
06/26/2018,52.08,52.82,51.92,52.48,1370749
06/27/2018,52.73,53.45,52.48,52.93,1009255
06/28/2018,53.06,54.07,52.97,53.52,1395782
06/29/2018,53.3,54.35,52.6,53.97,805833
07/02/2018,53.97,54.69,53.51,54.12,747098
07/03/2018,54.26,55.58,53.86,55.36,560957
07/05/2018,55.49,57.26,55.07,57.2,1439569
07/06/2018,57.17,57.64,56.73,57.51,1725474
07/09/2018,57.68,57.68,56.64,56.84,1088863
07/10/2018,56.75,58,56.66,57.27,850691
07/11/2018,57.16,58.08,56.94,57.18,544289
07/12/2018,57.12,57.34,56.68,57.19,713707
07/13/2018,57.24,57.96,56.83,56.99,574819
07/16/2018,57.06,57.16,56.29,57.09,663419
07/17/2018,57.31,57.65,56.85,57.44,750695
07/18/2018,57.51,57.61,56.63,57.15,671406
07/19/2018,57.18,58.4,57.04,58.26,541008
07/20/2018,58.17,58.4,57.41,57.69,504500
07/23/2018,57.89,58.08,57.4,57.46,605924
07/24/2018,57.62,58.04,56.52,56.97,783136
07/25/2018,56.92,57.69,56.86,57.35,658865
07/26/2018,57.28,57.85,57.02,57.39,789016
07/27/2018,57.36,58.84,57.36,58.55,808346
07/30/2018,58.73,58.78,57.23,58.15,652956
07/31/2018,58.23,58.77,57.14,57.26,1876776
08/01/2018,56.73,58.11,56.62,58.02,1026527
08/02/2018,57.04,59.45,56.87,58.58,880280
08/03/2018,58.88,59.97,58.35,59.58,454838
08/06/2018,59.67,60.5,59.32,60.04,715831
08/07/2018,60.19,60.54,59.86,60.35,442709
08/08/2018,60.36,60.78,60.06,60.45,330565
08/09/2018,60.47,61.19,60.43,60.56,883809
08/10/2018,60.5,60.99,59.89,60.01,510053
08/13/2018,60.16,60.46,59.98,60.07,491550
08/14/2018,60.15,60.65,59.85,59.93,576330
08/15/2018,60.07,60.85,59.52,60.42,927899
08/16/2018,60.54,61.48,60.19,61.11,563452
08/17/2018,61.22,61.7,60.78,61.53,672219
08/20/2018,61.79,62.78,61.42,62.18,605763
08/21/2018,62.16,62.52,62.01,62.33,502108
08/22/2018,62.16,62.4,61.4,61.84,596816
08/23/2018,61.99,62.51,61.94,62.01,373373
08/24/2018,62.05,63.12,62.05,62.77,651914
08/27/2018,62.77,62.83,61.82,61.89,894985
08/28/2018,62.01,62.47,61.59,62.45,973641
08/29/2018,62.65,63,62.46,62.71,583464
08/30/2018,62.71,62.98,61.97,62.04,453455
08/31/2018,62.23,62.65,61.7,61.79,1005606
09/04/2018,61.7,62.16,60.87,60.99,791309
09/05/2018,60.99,61.5,60.17,61.17,629963
09/06/2018,61.28,61.69,61.23,61.56,562899
09/07/2018,61.41,62.3,61.32,61.69,803079
09/10/2018,62.05,62.84,61.91,62.36,1341299
09/11/2018,62.29,62.74,62.18,62.36,667484
09/12/2018,62.41,62.51,61.99,62.21,374524
09/13/2018,62.38,63.53,62.38,63.33,791888
09/14/2018,63.26,63.74,61.89,63.48,1078707
09/17/2018,63.38,63.82,62.61,63.09,760057
09/18/2018,63.07,63.55,62.9,63.39,495304
09/19/2018,63.48,63.58,62.13,62.31,453932
09/20/2018,62.4,62.72,61.85,62.63,640613
09/21/2018,62.47,63.42,61.85,63.1,5150762
09/24/2018,62.8,62.8,60.01,60.41,1108823
09/25/2018,60.35,61.04,59.44,59.78,1407698
09/26/2018,56.88,58,56.54,57.15,7837388
09/27/2018,57.58,58.42,57.49,57.77,1639145
09/28/2018,57.98,59.2,57.86,59.14,2278731
10/01/2018,59.16,59.73,58.8,59.25,1205456
10/02/2018,59.34,59.44,58.5,58.75,744184
10/03/2018,58.84,59.37,58.28,58.83,1207673
10/04/2018,58.48,58.69,57.31,58.14,1017169
10/05/2018,58.19,58.66,57.73,57.78,1134182
10/08/2018,57.86,58.59,57.32,57.41,940004
10/09/2018,57.7,58.31,57.36,58.2,859039
10/10/2018,58.16,58.53,56.92,56.96,1255520
10/11/2018,56.84,56.94,54.44,54.54,1101118
10/12/2018,55.02,55.58,54.18,54.95,850274
10/15/2018,54.8,55.42,54.79,54.92,497059
10/16/2018,55.28,57.49,54.85,57.27,566996
10/17/2018,57.27,57.87,56.7,57.64,760323
10/18/2018,57.62,57.9,57.11,57.57,639628
10/19/2018,57.74,58.6,57.7,58.02,463675
10/22/2018,58.22,58.58,57.36,57.42,474951
10/23/2018,57.1,57.91,56.82,57.78,712800
10/24/2018,57.84,58.59,57.6,57.88,763252
10/25/2018,58.23,58.66,56.91,57.42,980093
10/26/2018,56.86,57.18,52.27,52.32,1518617
10/29/2018,52.88,53.36,51.15,51.39,1340496
10/30/2018,51.38,52.27,49.57,50.19,1909489
10/31/2018,49.15,50.7,47.13,49.59,2760466
11/01/2018,49.21,50.54,48.64,50.32,973775
11/02/2018,50.31,51.84,49.56,51.69,1574276
11/05/2018,51.75,52.58,51.42,52.15,932789
11/06/2018,52.38,52.63,51.71,51.95,377198
11/07/2018,52.11,52.68,51.31,51.37,661517
11/08/2018,51.15,51.6,50.96,51.48,484249
11/09/2018,51.22,51.5,50.72,51.09,462789
11/12/2018,51.07,51.48,50.65,50.86,674481
11/13/2018,51.01,51.36,50.52,50.55,554774
11/14/2018,50.81,51.7,50.4,50.62,577619
11/15/2018,50.27,50.28,49.41,49.86,629298
11/16/2018,49.68,50.9,49.68,50.79,608853
11/19/2018,50.78,51.22,50.1,50.41,746637
11/20/2018,49.98,50.12,48.46,48.46,1417768
11/21/2018,48.57,49.59,48.28,49.21,507808
11/23/2018,49.22,49.63,49.06,49.32,235740
11/26/2018,49.51,51.16,49.51,51.13,911188
11/27/2018,51.09,51.37,50.57,50.92,515755
11/28/2018,51.17,51.58,50.52,51.58,538851
11/29/2018,51.4,52.5,51.1,52.04,1048178
11/30/2018,51.98,52.5,51.63,52.26,807634
12/03/2018,52.73,53.84,52.23,53.67,757282
12/04/2018,53.75,54.15,52.55,53,720228
12/06/2018,52.64,54.38,52.32,54.36,917463
12/07/2018,54.14,54.77,53.07,53.47,659084
12/10/2018,53.67,54.23,52.61,53.77,468337
12/11/2018,54.14,55.15,53.8,54.65,1031472
12/12/2018,55,55.51,54.11,54.18,711576
12/13/2018,54.37,55.76,54.37,55.13,949766
12/14/2018,54.91,55.65,54.54,55.27,938907
12/17/2018,55.33,55.35,52.34,52.44,1906314
12/18/2018,52.68,54.16,52.68,53.13,852702
12/19/2018,53.33,54.22,52.48,52.9,1092898
12/20/2018,52.67,52.93,50.62,51.13,1185979
12/21/2018,51.5,51.98,49.55,50.15,2552845
12/24/2018,49.62,50,47.59,47.61,435949
12/26/2018,47.98,49.27,46.83,49.24,705055
12/27/2018,48.72,49.27,47.08,48.92,595151
12/28/2018,49.24,50.09,48.8,49.12,736401
12/31/2018,49.51,50.01,48.64,49.69,771486
01/02/2019,47.88,48.12,46.06,46.81,1531486
01/03/2019,46.77,47.9,46.5,46.6,1241093
01/04/2019,46.94,48.8,46.79,47.99,844789
01/07/2019,47.98,49.17,47.81,48.57,605887
01/08/2019,48.85,49.88,48.7,49.7,483674
01/09/2019,49.73,49.96,46.77,47.25,1794237
01/10/2019,47.21,48.86,47.14,48.79,906424
01/11/2019,48.75,49.27,47.91,48.97,583763
01/14/2019,48.72,49.35,48.4,48.6,1370630
01/15/2019,48.88,49.53,48.5,48.82,861525
01/16/2019,48.84,49.36,48.69,48.88,795908
01/17/2019,48.85,49.07,48.48,48.73,864463
01/18/2019,48.88,49.03,47.94,49.02,709792
01/22/2019,49.02,49.02,47.79,48.21,994793
01/23/2019,48.42,48.7,46.77,47,1265927
01/24/2019,47,47.61,46.58,47.21,1461418
01/25/2019,48.07,48.11,46.44,46.98,1720819
01/28/2019,46.56,49.56,46.28,49.33,2101648
01/29/2019,49.39,49.76,48.51,49.35,647073
01/30/2019,49.72,50.46,49.42,50.14,845178
01/31/2019,50.13,51.21,49.61,50.96,735409
02/01/2019,51.03,51.06,50.11,50.91,790924
02/04/2019,50.72,51.41,50.29,51.39,543928
02/05/2019,51.53,51.53,50.44,51.37,621233
02/06/2019,51.2,51.58,50.83,51.18,643302
02/07/2019,50.9,51.51,50.38,51.27,674052
02/08/2019,51.18,51.78,50.83,51.19,1009303
02/11/2019,51.38,51.74,51.15,51.18,1921612
02/12/2019,51.34,51.44,50.64,51.19,781821
02/13/2019,51.18,51.84,50.89,51.65,609650
02/14/2019,51.61,52.84,51.43,52.75,968309
02/15/2019,52.88,54.01,52.59,53.97,825982
02/19/2019,53.95,54.55,53.34,54.2,1010193
02/20/2019,54.11,54.36,53.18,53.74,1138679
02/21/2019,50.71,51.27,48.41,49.3,2820555
02/22/2019,48.87,49.8,48.62,49.7,2434580
02/25/2019,49.25,49.62,47.28,48.54,3021648
02/26/2019,48.54,48.69,47.39,47.44,1581613
02/27/2019,47.4,47.69,46.53,47.03,1050930
02/28/2019,47.06,47.46,46.42,46.85,1781984
03/01/2019,46.9,47.56,46.02,47.37,909364
03/04/2019,47.55,47.79,46.1,47.1,944479
03/05/2019,46.93,47.66,46,47.26,764888
03/06/2019,47.35,47.6,46.96,47.42,677044
03/07/2019,47.36,48.03,46.36,47.65,1286522
03/08/2019,47.45,47.75,46.63,46.95,675606
03/11/2019,47.08,48.6,47.08,48.52,815483
03/12/2019,48.79,49.07,48.39,48.83,598449
03/13/2019,48.92,49.46,48.87,49.21,1484135
03/14/2019,49.24,49.5,48.53,48.72,878235
03/15/2019,48.91,49.35,48.25,48.74,1156557
03/18/2019,48.78,49.07,48.33,48.81,536116
03/19/2019,48.88,49.01,48.41,48.6,411163
03/20/2019,48.53,49.17,48.34,48.88,556379
03/21/2019,48.85,49.64,48.47,49.33,1005530
03/22/2019,49.43,49.48,48.81,48.98,561966
03/25/2019,49.01,49.01,48.25,48.62,299574
03/26/2019,48.73,48.97,48.52,48.86,721082
03/27/2019,48.98,49.28,48.37,48.96,1188428
03/28/2019,49.02,49.72,49.02,49.46,1507058
03/29/2019,49.65,50.07,49.44,49.74,3080419
04/01/2019,49.88,50.07,49.22,50,820799
04/02/2019,50.12,51.72,49.61,51.53,1169727
04/03/2019,51.63,51.92,51.27,51.61,449819
04/04/2019,51.62,51.83,50.63,51.36,513541
04/05/2019,51.49,52.51,51.36,52.47,845803
04/08/2019,52.3,52.58,51.36,51.83,597037
04/09/2019,51.74,52.06,51.36,51.5,636125
04/10/2019,51.79,52.33,51.53,52.32,639705
04/11/2019,52.44,52.78,52.3,52.67,606062
04/12/2019,53.2,55.29,53.04,55.11,2422207
04/15/2019,55.21,55.25,53.78,54.51,1007445
04/16/2019,54.42,54.42,52.94,53.59,570725
04/17/2019,53.84,54.26,53.23,54.03,700030
04/18/2019,54.04,54.19,53.61,53.95,476250
04/22/2019,54,54,52.64,53.12,463224
04/23/2019,52.87,53.11,52.26,52.79,658041
04/24/2019,52.87,53.83,52.87,53.48,740692
04/25/2019,53.25,53.47,52.3,53.31,872771
04/26/2019,53.29,53.29,51.84,52.95,1569109
04/29/2019,53.06,53.37,52.34,52.55,753839
04/30/2019,52.66,53.09,52.53,52.81,1247537
05/01/2019,53.21,53.91,52.82,52.88,1189406
05/02/2019,53.2,56.05,53.2,55.08,1894685
05/03/2019,56.16,58.01,54.93,57.95,1959852
05/06/2019,57.37,58.06,57.14,57.57,872333
05/07/2019,58.11,58.11,56.41,56.53,1531826
05/08/2019,56.49,57.78,56.43,56.78,612946
05/09/2019,56.87,57.63,55.84,57.3,582512
05/10/2019,57.91,58.23,56.88,57.48,535423
05/13/2019,56.34,57.3,56.34,57.24,558012
05/14/2019,57.61,58.58,57.31,58.45,541988
05/15/2019,58.2,59.31,58.2,59.02,721029
05/16/2019,58.77,59.98,58.77,59.69,625494
05/17/2019,60.2,60.61,59.48,60.44,623736
05/20/2019,60.06,60.36,59.07,59.14,751380
05/21/2019,59.35,60.69,59.26,59.78,623697
05/22/2019,59.77,60.4,59.69,60.09,418524
05/23/2019,59.96,60.19,59.2,59.34,784244
05/24/2019,59.51,60.24,59.05,59.31,728612
05/28/2019,59.6,59.98,58.01,58.07,801479
05/29/2019,58.08,58.18,56.61,56.85,697612
05/30/2019,56.87,57.31,56.44,56.67,812531
05/31/2019,56.57,57.16,55.48,55.99,1246586
06/03/2019,56.03,56.38,54.56,55.63,1526157
06/04/2019,55.73,55.77,53.83,54.9,827769
06/05/2019,55.03,56.32,54.58,56.23,766743
06/06/2019,56.52,56.66,55.91,56.03,642150
06/07/2019,56.57,57.5,56.15,56.62,761897
06/10/2019,56.59,57.2,56.39,56.87,463990
06/11/2019,57.08,57.25,56.2,56.84,400689
06/12/2019,56.78,57.37,56.51,56.8,485973
06/13/2019,58.45,58.47,55,55.62,906222
06/14/2019,55.34,55.98,55.01,55.86,755356
06/17/2019,55.81,57.32,55.8,57.05,587044
06/18/2019,57.44,58.19,56.73,57.58,615342
06/19/2019,57.39,58.43,57.18,58.1,561721
06/20/2019,58.52,58.81,57.5,57.6,628861
06/21/2019,57.38,57.38,56.25,56.92,1303052
06/24/2019,56.81,57.06,56,56.19,546401
06/25/2019,56.11,56.49,54.73,54.74,617738
06/26/2019,54.91,55.04,53.27,53.62,613083
06/27/2019,54.05,55.18,54.05,54.59,393053
06/28/2019,54.59,55.57,54.59,55.24,1080381
07/01/2019,55.67,55.67,53.95,54.84,478950
07/02/2019,55.06,56.91,54.87,56.7,608050
07/03/2019,56.74,57.66,56.65,57.01,173756
07/05/2019,56.7,57.56,56.06,57.41,331454
07/08/2019,57.36,57.53,56.62,57.26,504141
07/09/2019,57.14,57.59,56.93,57.27,307757
07/10/2019,57.65,57.65,56.71,57.12,393488
07/11/2019,57.11,57.13,55.93,56.36,368683
07/12/2019,56.47,56.83,56.09,56.29,307627
07/15/2019,56.65,56.75,56.05,56.55,197390
07/16/2019,56.4,56.62,55.47,55.51,386455
07/17/2019,55.74,56.32,55.55,56.26,588451
07/18/2019,56.03,57.12,55.55,56.97,629149
07/19/2019,57.04,57.25,55.44,55.65,672458
07/22/2019,55.68,56.17,55.24,56.11,205505
07/23/2019,56.43,57.56,55.69,57.55,872864
07/24/2019,57.73,57.73,56.96,57.44,857007
07/25/2019,57.38,57.38,54.09,54.24,692704
07/26/2019,54.14,54.19,52.95,53.37,1385876
07/29/2019,53.81,53.81,53.01,53.08,491627
07/30/2019,52.96,53.49,52.78,53.44,689212
07/31/2019,53.23,56.21,53.15,54.9,2289926
08/01/2019,54.31,59.59,53.09,59.37,2033389
08/02/2019,59.37,61.19,59.05,60.29,1799573
08/05/2019,59.71,60.22,57.78,59.17,953663
08/06/2019,59.14,60.42,58.8,59.4,713864
08/07/2019,58.96,60.97,58.87,60.51,573519
08/08/2019,60.41,62.21,59.94,62.2,919881
08/09/2019,62.18,63.37,61.93,62.55,765416
08/12/2019,62.61,62.78,61.91,62.58,416004
08/13/2019,62.49,63.29,61.83,62.15,439377
08/14/2019,61.96,62.02,60.93,61.07,504904
08/15/2019,61.34,62.37,60.87,61.81,448516
08/16/2019,62.01,72.16,60.93,66.92,5721920
08/19/2019,67.37,67.97,66.52,67.36,1650319
08/20/2019,67.12,67.47,66.28,66.3,1409523
08/21/2019,66.53,66.62,65.74,66.32,625278
08/22/2019,66.21,67.19,65.98,66.9,827215
08/23/2019,66.99,67.84,65.19,66.51,811627
08/26/2019,67.19,67.76,66.57,67.31,710601
08/27/2019,67.79,68.59,66.87,67.09,686313
08/28/2019,67.13,67.78,66.59,67.74,544544
08/29/2019,68,69.94,67.7,69.89,674837
08/30/2019,69.76,70.53,69.31,70.23,500242
09/03/2019,70.25,70.55,69.5,70.11,581227
09/04/2019,70.76,71.3,70.27,71.27,496824
09/05/2019,71.05,71.06,70.17,70.45,461242
09/06/2019,70.37,71.32,69.76,70.77,475584
09/09/2019,70.7,70.74,68.77,70.68,723460
09/10/2019,70.21,70.21,68.37,69.53,566061
09/11/2019,69.63,71.05,68.36,70.77,414996
09/12/2019,71.23,71.29,70.2,70.93,500914
09/13/2019,70.77,70.95,69.98,70.41,530189
09/16/2019,70.39,71.99,70.08,71.5,505824
09/17/2019,71.63,71.92,70.25,70.91,723537
09/18/2019,71.01,71.27,70.43,71.04,343433
09/19/2019,71.66,76.23,70.74,72.91,1305403
09/20/2019,72.98,74.56,72.67,74.16,1674219
09/23/2019,73.74,75.11,73.27,74.04,736721
09/24/2019,74.14,74.48,73.41,73.84,567232
09/25/2019,73.62,74.04,73.12,73.46,542148
09/26/2019,73.88,74.83,73.49,74.27,596400
09/27/2019,74.13,74.86,73.96,74.68,770563
09/30/2019,74.91,76.45,74.14,76.06,772068
10/01/2019,76.14,76.55,74.82,75.44,880626
10/02/2019,75.4,75.49,74.43,75.05,1227681
10/03/2019,75.71,76.65,75.06,76.34,664393
10/04/2019,75.69,76.15,74.16,74.46,998958
10/07/2019,74.14,74.77,73.69,74.3,1020685
10/08/2019,74.1,74.8,73.46,74.29,1041017
10/09/2019,74.49,74.98,74.35,74.45,351503
10/10/2019,74.26,74.72,73.26,73.44,897562
10/11/2019,74.06,74.1,72.75,73.23,1027298
10/14/2019,73.21,73.59,72.36,72.73,595707
10/15/2019,72.65,73.19,72.18,73.13,551439
10/16/2019,72.88,73.49,72.25,73.23,803387
10/17/2019,73.58,73.81,72.91,72.99,777238
10/18/2019,73.32,73.82,72.42,73.14,1149385
10/21/2019,73.03,74,72.67,73.62,742006
10/22/2019,73.83,74.11,72.86,73.14,347154
10/23/2019,73.35,73.71,72.17,72.5,599638
10/24/2019,72.83,73.03,71.83,72.82,382007
10/25/2019,72.59,72.67,71.26,71.47,457552
10/28/2019,71.73,72.19,71.06,72.14,742944
10/29/2019,72.1,72.55,69.77,71.27,1301740
10/30/2019,71.12,72.14,70.37,71.77,1566523
10/31/2019,73.1,73.1,63.51,68.6,4852024
11/01/2019,68.61,69.11,67.89,68.38,1391564
11/04/2019,68.65,69.49,67.61,67.78,1527893
11/05/2019,67.32,67.57,66.22,66.47,739888
11/06/2019,66.44,67.06,66.08,66.22,579115
11/07/2019,65.89,65.91,63.44,63.57,1524182
11/08/2019,63.62,64.14,62.86,63.13,1664491
11/11/2019,63.13,63.65,62.74,62.9,1045640
11/12/2019,62.79,63.26,61.87,62,1111970
11/13/2019,62.28,62.39,61.85,61.9,1291007
11/14/2019,61.82,62.46,61.65,61.88,1336038
11/15/2019,62.13,62.44,61.68,61.89,906660
11/18/2019,61.88,63.49,61.88,62.74,799976
11/19/2019,62.67,63.66,62.56,63.13,988450
11/20/2019,63.2,63.55,61.82,61.98,1055824
11/21/2019,61.81,61.97,60.84,61.06,915716
11/22/2019,61.44,61.44,60.24,60.33,912931
11/25/2019,60.42,60.93,59.96,60.14,980360
11/26/2019,59.98,61.03,59.89,60.89,2202475
11/27/2019,60.95,61.64,60.17,60.32,466323
11/29/2019,60.15,60.58,59.92,59.94,218838
12/02/2019,59.71,60.08,59.15,59.78,1101213
12/03/2019,59.57,62.55,59.57,62.3,1336993
12/04/2019,62.11,63.12,62.07,62.66,3836356
12/05/2019,62.06,62.07,57.92,61.61,5201528
12/06/2019,61.92,63.16,61.59,61.63,893526
12/09/2019,61.57,62.72,60.62,61.11,458676
12/10/2019,61.15,62.12,60.82,60.93,571082
12/11/2019,61.09,61.09,59.35,59.65,775102
12/12/2019,59.75,61.15,58.59,58.59,942622
12/13/2019,59.09,60.52,58.53,58.78,2097396
12/16/2019,59.09,60.01,58.51,59.78,1740772
12/17/2019,60.32,60.87,60.04,60.59,1187325
12/18/2019,60.53,62.37,60.53,61.73,1718687
12/19/2019,61.93,62.65,61.76,62.23,845609
12/20/2019,62.71,63.43,61.93,62.49,1164399
12/23/2019,62.55,62.84,61.9,62.02,515701
12/24/2019,61.85,61.92,61.11,61.72,209395
12/26/2019,61.88,62.48,61.7,62.46,184446
12/27/2019,62.55,62.72,61.91,62.35,283163
12/30/2019,62.45,63.12,62.02,63.07,318714
12/31/2019,62.89,63.48,62.8,63.45,389142
01/02/2020,63.53,63.53,62.01,62.37,759081
01/03/2020,62.22,63.59,62.2,63.51,787872
01/06/2020,63.14,64.23,62.64,64.05,723310
01/07/2020,63.79,64.26,62.49,62.89,602082
01/08/2020,62.85,63.33,61.96,62.98,726990
01/09/2020,63.05,64.23,62.81,63.59,706316
01/10/2020,63.73,65.17,63.6,64.98,1200694
01/13/2020,63.06,63.64,59.23,60.78,2806763
01/14/2020,60.53,60.71,59.5,59.8,896386
01/15/2020,60.05,61.51,59.91,61.34,741870
01/16/2020,61.97,62.62,61.35,61.98,624563
01/17/2020,62.16,62.28,61.39,61.58,433650
01/21/2020,61.63,62.83,61.5,62.58,620184
01/22/2020,62.88,63.34,61.96,62.14,399318
01/23/2020,62.09,62.56,61.47,61.6,738705
01/24/2020,61.78,62.11,60.27,60.72,1107337
01/27/2020,60.42,61.21,60.12,60.32,1909886
01/28/2020,60.55,61.09,60.21,60.48,903835
01/29/2020,60.66,60.69,58.35,59.77,1352264
01/30/2020,59.74,60.67,59.39,59.75,1079083
01/31/2020,59.78,60.11,58.94,59.01,1003398
02/03/2020,58.95,59.75,58.91,59.51,558771
02/04/2020,60.64,61.95,59.9,61.33,1112478
02/05/2020,61.6,61.86,59.36,59.47,817306
02/06/2020,59.44,60.34,59.04,59.66,353212
02/07/2020,59.54,60.07,59.35,59.97,694089
02/10/2020,60.37,61.31,60.27,60.99,901117
02/11/2020,61.06,61.64,60.48,60.5,705168
02/12/2020,60.71,67.88,60.39,65.31,5083579
02/13/2020,65.51,65.94,64.48,64.76,1411606
02/14/2020,64.81,67.2,64.81,65.67,1240109
02/18/2020,65.96,66.67,64.77,64.91,1073087
02/19/2020,64.95,65.27,63.83,63.99,1752282
02/20/2020,63.04,66.96,62.59,66.27,2172028
02/21/2020,66.35,67.88,65.94,67.44,1661276
02/24/2020,65.22,66.5,64.92,65.31,746036
02/25/2020,65.32,65.94,64.07,64.33,781235
02/26/2020,64.39,65.22,63.91,64.27,944437
02/27/2020,63.42,63.86,61.71,61.74,1310740
02/28/2020,60.48,60.5,57.27,58.8,1552288
03/02/2020,59.06,61.73,58.06,61.38,2018991
03/03/2020,61.58,63.32,59.35,61,2448924
03/04/2020,61.76,62.95,61.64,62.6,1660021
03/05/2020,61.18,61.74,57.8,59.53,1970931
03/06/2020,57.87,59.44,56.86,59.19,1756734
03/09/2020,56.04,56.24,53.88,54.84,2173151
03/10/2020,56.24,57.25,53.55,56.93,2187080
03/11/2020,55.35,56.28,53.15,54.11,1187100
03/12/2020,50.74,51.41,46.66,48.31,2073223
03/13/2020,50.67,55.88,50.44,55.76,2610178
03/16/2020,50.78,51.18,46.63,47.04,1423714
03/17/2020,47.84,51.96,45.68,51.68,1497841
03/18/2020,48.44,50.26,43.45,46.11,1552493
03/19/2020,45.55,47.52,42.82,46.69,1018701
03/20/2020,47.48,48.09,42.77,43.71,1602258
03/23/2020,44.54,46.24,42.4,44.21,1535501
03/24/2020,46.49,48.97,45.58,48.75,938610
03/25/2020,48.49,53.58,47.83,49.47,1822873
03/26/2020,50.58,55.56,49.67,54.94,1041820
03/27/2020,52.06,57.74,52.06,56.44,794208
03/30/2020,57,60.66,56.58,60.17,1106293
03/31/2020,59.61,61.44,58.28,60.48,1307892
04/01/2020,58.45,60.41,56.39,60.22,1839029
04/02/2020,59.03,60.97,58.43,60.55,1467201
04/03/2020,60.12,61.13,59.33,60.58,748002
04/06/2020,62.52,64.51,59.82,61.01,1004700
04/07/2020,63.1,63.65,60.41,60.53,932435
04/08/2020,61.64,63.05,60.46,62.46,1486748
04/09/2020,63.66,66.83,62.75,65.81,1716650
04/13/2020,65.42,65.42,61.83,61.83,775919
04/14/2020,63.79,64.79,62.73,63.18,1250468
04/15/2020,61.57,63.72,61.34,63.25,1093477
04/16/2020,63.29,66.59,63.29,66.15,2012659
04/17/2020,66.68,67.84,64.77,67.53,1109558
04/20/2020,66.86,68.07,66.63,67.38,1184320
04/21/2020,66.54,67.28,65.36,66.89,639397
04/22/2020,67.98,69.09,66.89,68.53,777288
04/23/2020,68.55,70.33,68.55,69.75,979073
04/24/2020,70.19,71.46,69.68,71.28,1169678
04/27/2020,72.55,73.35,71.74,73.18,1135780
04/28/2020,74.09,74.84,72.65,73.05,1064536
04/29/2020,73.42,74.39,69.66,70.06,2292179
04/30/2020,69.28,71.79,66.81,68.7,1668920
05/01/2020,66.92,69.4,66.59,68.27,902236
05/04/2020,69.87,70.18,68.55,69.42,578989
05/05/2020,69.97,70.9,69.28,69.68,1307406
05/06/2020,70.73,72.7,69.33,71.8,779352
05/07/2020,72.07,72.29,70.62,71.2,1326360
05/08/2020,71.31,72.48,71.2,72.01,1425586
05/11/2020,71.18,73.16,71.18,72.62,1600926
05/12/2020,73.11,73.11,70.22,70.24,1350096
05/13/2020,68.62,70.6,68.56,69.28,1362130
05/14/2020,68.5,68.96,67.14,68.37,957993
05/15/2020,68.28,68.95,67.34,67.91,1304908
05/18/2020,69.42,71.49,67.52,68.31,1371497
05/19/2020,68.31,68.9,67.62,68.22,1199771
05/20/2020,69.2,69.2,67.44,68.14,945154
05/21/2020,68.57,69.12,67.85,68.76,1222414
05/22/2020,68.67,70.87,68.37,70.83,636332
05/26/2020,72.69,72.69,70.19,70.3,831937
05/27/2020,70.22,70.96,68.7,70.63,851682
05/28/2020,70.82,72.5,70.73,72.02,871430
05/29/2020,71.49,73.34,70.55,72.69,1592142
06/01/2020,72.78,73.85,71.59,72.67,600638
06/02/2020,73.02,74.19,72.18,73.87,1265967
06/03/2020,74.79,74.79,72.61,73.2,982081
06/04/2020,72.77,73.28,70.08,71.71,1005148
06/05/2020,73.59,74.22,70.67,72.57,1056931
06/08/2020,72.68,73.24,70.88,73,863718
06/09/2020,72.94,75.08,72.36,74.51,1071822
06/10/2020,74.49,75.05,72.25,73.76,1164565
06/11/2020,71.96,72.84,68.97,69.38,1513539
06/12/2020,70.76,72.03,69.72,71.28,1266878
06/15/2020,70.13,74.04,70.07,73.47,1165668
06/16/2020,73.86,74.94,73.13,74.61,1048154
06/17/2020,75.29,76.47,74.84,75.66,707987
06/18/2020,75.59,75.87,73.36,73.37,484366
06/19/2020,73.88,75.89,72.42,75.09,1941304
06/22/2020,74.87,75.17,73.39,74.41,980025
06/23/2020,75.32,75.33,73.14,73.21,596358
06/24/2020,72.71,74.13,70.97,74,1210009
06/25/2020,74.11,75.3,73.2,75.22,1370183
06/26/2020,74.43,75.09,72.14,72.78,1897983
06/29/2020,73.28,74.33,71.58,73.5,1102479
06/30/2020,71.98,73.05,71.07,71.77,945043
07/01/2020,71.14,75.42,71.14,74.86,551771
07/02/2020,76.01,76.01,73.42,74.54,731090
07/06/2020,75.83,75.83,73.87,74.42,610828
07/07/2020,74.27,75.68,73.9,75.22,440672
07/08/2020,75.8,75.99,74.83,75.22,470265
07/09/2020,75.39,75.91,73.78,75.68,319964
07/10/2020,75.81,75.81,73.92,75.02,792317
07/13/2020,76.06,76.64,74.18,74.31,530531
07/14/2020,74.75,75.92,73.79,75.77,385207
07/15/2020,76.77,76.82,74.71,75.18,591422
07/16/2020,74.42,75.82,72.93,73.33,432703
07/17/2020,73.33,74.49,73.04,73.63,1117694
07/20/2020,73.92,75.24,73.6,74.91,463918
07/21/2020,75.61,75.79,74.66,74.95,312990
07/22/2020,74.75,76.41,74.75,76.16,387264
07/23/2020,76.1,77.8,76.09,77.73,792505
07/24/2020,77.64,78.31,76.64,78.27,989941
07/27/2020,78.55,80.14,78.36,79.46,1135742
07/28/2020,80.21,80.34,78.88,79.35,1045052
07/29/2020,79.8,80.83,79.43,80.02,1017846
07/30/2020,79.87,82.94,79.52,81.99,1033590
07/31/2020,82.11,83.36,81.06,82.24,1086475
08/03/2020,81.79,82.96,81.62,82.73,796820
08/04/2020,82.57,83.65,82.12,83.6,630032
08/05/2020,83.63,85.37,83.31,85.31,646412
08/06/2020,85.41,85.54,82.83,82.92,498687
08/07/2020,82.89,84.17,82.64,83.75,362620
08/10/2020,83.67,84,80.78,82.12,656036
08/11/2020,82.27,82.27,78.91,79.48,350223
08/12/2020,79.8,80.92,79.65,80.68,335465
08/13/2020,80.47,81.79,80.31,80.82,255099
08/14/2020,80.82,82.08,80.55,80.87,329222
08/17/2020,81.14,82.84,80.85,82.6,420181
08/18/2020,82.27,82.42,81.16,82.34,355753
08/19/2020,82.63,82.81,80.16,81.21,726877
08/20/2020,81.04,82.63,80.71,81.04,547279
08/21/2020,81.21,81.57,80.01,81.07,565987
08/24/2020,81.26,81.26,77.88,78.99,540487
08/25/2020,79.16,79.48,78.35,79.11,429140
08/26/2020,79.63,81.24,78.87,81.13,367391
08/27/2020,81.37,81.96,80.82,81.2,216986
08/28/2020,81.5,81.59,80.47,81.27,253341
08/31/2020,81.33,82.63,81.01,82.28,341027
09/01/2020,82.02,82.12,80.79,81.25,357689
09/02/2020,81.14,81.87,79.23,81.71,636102
09/03/2020,81.54,81.59,78.53,79.1,751981
09/04/2020,78.8,78.95,75.1,76.76,747949
09/08/2020,75.94,76.52,74.24,75.02,508399
09/09/2020,75.47,75.92,74.08,75.04,1331819
09/10/2020,74.94,76.07,73.68,74.99,822304
09/11/2020,75.56,75.56,73.42,74.19,462139
09/14/2020,74.75,75.48,74.47,75.39,756583
09/15/2020,75.9,77.2,75.34,76.41,639938
09/16/2020,76.71,77.69,74.85,74.98,770563
09/17/2020,73.95,74.27,71.97,73.9,1693673
09/18/2020,73.68,73.68,70.9,71.48,1335195
09/21/2020,70.31,70.89,69.46,70.54,994393
09/22/2020,70.61,71.22,70.34,71.03,875296
09/23/2020,70.99,71.27,69.41,69.45,486915
09/24/2020,69.52,70.37,68.33,69.18,789607
09/25/2020,69.01,71,68.74,70.95,408208
09/28/2020,71.52,72.28,71.49,71.76,866364
09/29/2020,71.19,72.06,70.97,70.99,1127850
09/30/2020,71.4,71.7,69.37,69.54,1040487
10/01/2020,69.31,72.95,69.2,72.95,614419
10/02/2020,72,75.3,72,74.95,986040
10/05/2020,75.37,76.08,73.03,75.73,894193
10/06/2020,76.08,77.54,74.99,76.87,1385511
10/07/2020,77.29,78.38,76.67,78.3,1021715
10/08/2020,78.98,80.44,78.65,80.16,1181875
10/09/2020,80.64,80.96,79.44,79.52,1862676
10/12/2020,79.53,80.16,79.14,79.55,467442
10/13/2020,79.17,80.15,77.95,78,543559
10/14/2020,78.06,78.06,75.87,76.03,534923
10/15/2020,75.71,76.68,75.3,75.56,521945
10/16/2020,75.41,76.99,74.93,76.36,505201
10/19/2020,76.8,77.48,76.13,76.63,847112
10/20/2020,77.19,77.34,75.6,75.81,451299
10/21/2020,75.37,78.03,75.28,75.79,465885
10/22/2020,75.52,76.21,75.21,75.87,322124
10/23/2020,75.63,75.74,74.24,74.5,375630
10/26/2020,73.92,75.1,73.76,74.82,386841
10/27/2020,75.58,76.42,73.75,73.81,601124
10/28/2020,73.37,74.76,71.18,71.3,560099
10/29/2020,69.79,72.31,67.1,72.2,1351370
10/30/2020,71.46,71.86,69.98,70.69,704191
11/02/2020,70.95,72.48,69.42,70.59,769198
11/03/2020,71.19,71.66,70.28,71.22,665577
11/04/2020,71.77,75.76,71.12,72.71,1322732
11/05/2020,74.21,75.22,72.72,73.05,573675
11/06/2020,73.55,74.62,72.8,73.31,560890
11/09/2020,75.82,76.56,68.6,68.79,1241100
11/10/2020,68.85,69.38,67.82,68.77,1331475
11/11/2020,69.69,72.48,69.27,72.09,1409401
11/12/2020,71.62,72.31,69.94,71.38,1052684
11/13/2020,71.81,72.45,71.12,72.25,447142
11/16/2020,72.7,72.74,69.73,71.46,554898
11/17/2020,70.94,71.65,70.68,70.93,451219
11/18/2020,70.96,71.4,70.18,70.56,894839
11/19/2020,70.95,72.07,69.98,71.43,882934
11/20/2020,71.49,71.6,69.62,70.8,668700
11/23/2020,70.29,71.22,69.06,69.27,799174
11/24/2020,69.21,69.84,67.58,68.16,928662
11/25/2020,69.01,69.77,67.62,69.64,1115190
11/27/2020,69.95,70.21,68.64,69.42,138671
11/30/2020,69.24,69.45,68.05,69.41,907030
12/01/2020,69.85,71.18,69.49,69.77,1283754
12/02/2020,69.62,69.62,67.37,67.98,1209688
12/03/2020,67.36,68.98,67.36,68.17,881908
12/04/2020,68.49,68.68,67.32,68.4,560044
12/07/2020,68.3,69.41,67.82,68.09,514067
12/08/2020,67.92,68.35,66.95,68.27,810839
12/09/2020,68.56,68.78,65.09,65.2,955801
12/10/2020,64.83,66.48,63.57,66.36,958048
12/11/2020,65.64,66.5,65.08,65.7,890260
12/14/2020,65.83,67.22,65.58,66.23,994410
12/15/2020,66.42,67.73,65.54,67.65,778039
12/16/2020,67.81,68.73,67.58,68.51,1162816
12/17/2020,68.67,71.2,68.53,70.77,942252
12/18/2020,71.46,71.46,69.35,69.94,2726990
12/21/2020,69.01,71.09,69.01,70.34,1222300
12/22/2020,70.54,74.23,70.38,74.03,817516
12/23/2020,74.37,74.96,72.15,72.37,862294
12/24/2020,72.51,73.14,71.52,72.24,218282
12/28/2020,72.44,72.78,71.34,72.58,349275
12/29/2020,72.58,73.59,72.21,72.89,451266
12/30/2020,73.03,73.68,72.56,72.91,609036
12/31/2020,72.84,73.31,71.61,73.07,356432
