10/04/2017,24.68,24.75,24.64,24.75,299111
10/05/2017,24.79,24.9,24.75,24.9,113061
10/06/2017,24.85,24.85,24.76,24.77,69190
10/09/2017,24.77,24.83,24.7,24.82,20427
10/10/2017,24.8,24.9,24.8,24.9,65247
10/11/2017,24.9,24.95,24.82,24.95,91540
10/12/2017,25.1,25.1,24.9735,25.02,37762
10/13/2017,25.0452,25.08,25.02,25.03,28120
10/16/2017,25,25.05,24.95,25,13431
10/17/2017,25.05,25.1,24.9,25.02,41647
10/18/2017,24.88,25.1,24.88,24.92,37280
10/19/2017,25.03,25.05,24.9713,25,39070
10/20/2017,25.09,25.09,24.75,24.81,59585
10/23/2017,24.8669,24.9938,24.8669,24.99,17755
10/24/2017,25.02,25.05,24.87,24.99,17777
10/25/2017,24.9543,25.01,24.9435,25,41231
10/26/2017,24.9904,25.04,24.91,24.98,18413
10/27/2017,25,25.06,25,25,21955
10/30/2017,25.1,25.1,25.0045,25.1,4876
10/31/2017,25.25,25.3,25.1,25.3,23280
11/01/2017,25.37,25.37,25.25,25.3,11558
11/02/2017,25.258,25.34,25.25,25.3206,4877
11/03/2017,25.38,25.39,25.3,25.38,2990
11/06/2017,25.4,25.6699,25.35,25.5026,29445
11/07/2017,25.49,25.5001,25.45,25.45,11706
11/08/2017,25.41,25.4101,25.185,25.29,30836
11/09/2017,25.26,25.26,25.209,25.235,13947
11/10/2017,25.26,25.4075,25.25,25.3,29031
11/13/2017,25.305,25.5,25.25,25.48,10832
11/14/2017,25.5,25.56,25.3501,25.54,14285
11/15/2017,25.58,25.699,25.54,25.6502,3400
11/16/2017,25.65,25.75,25.65,25.75,7090
11/17/2017,25.75,25.75,25.65,25.6655,3800
11/20/2017,25.72,25.72,25.46,25.57,3800
11/21/2017,25.67,25.7499,25.48,25.7399,9701
11/22/2017,25.76,25.76,25.65,25.7,3563
11/24/2017,25.75,25.755,25.75,25.755,1855
11/27/2017,25.65,25.6934,25.5,25.52,5956
11/28/2017,25.51,25.79,25.5,25.61,6756
11/29/2017,25.71,25.75,25.58,25.73,3600
11/30/2017,25.7499,25.78,25.5284,25.56,13207
12/04/2017,25.6009,25.799,25.6009,25.7,2450
12/05/2017,25.7,25.7881,25.7,25.7881,2200
12/06/2017,25.769,25.8,25.769,25.7999,2266
12/07/2017,25.8,25.8,25.7788,25.7788,500
12/08/2017,25.8,25.95,25.8,25.89,7700
12/11/2017,25.94,26.05,25.87,25.89,18863
12/12/2017,25.92,26,25.91,26,30881
12/13/2017,26,26.05,25.95,26,13702
12/14/2017,25.9,25.9,25.6,25.75,20450
12/15/2017,25.75,25.83,25.75,25.825,5002
12/18/2017,25.85,25.9315,25.7886,25.7886,1031
12/19/2017,25.8,25.8,25.61,25.7486,8229
12/20/2017,25.8972,25.8972,25.64,25.65,2693
12/21/2017,25.66,25.68,25.65,25.65,10100
12/22/2017,25.64,25.64,25.64,25.64,200
12/27/2017,25.8,25.825,25.8,25.825,2892
12/28/2017,25.9,26,25.9,25.93,5319
12/29/2017,26.0129,26.08,25.9001,26.0154,2749
01/02/2018,25.7101,25.94,25.7101,25.94,3791
01/04/2018,25.7783,25.78,25.66,25.7,3100
01/05/2018,25.7048,25.7608,25.5716,25.66,7675
01/08/2018,25.86,25.86,25.6,25.61,6818
01/09/2018,25.61,25.65,25.5,25.5,5825
01/10/2018,25.4,25.469,25.26,25.28,12238
01/11/2018,25.45,25.45,25.2,25.28,7082
01/12/2018,25.5,25.5945,25.2,25.36,5873
01/16/2018,25.33,25.33,24.81,24.99,20965
01/17/2018,24.9974,25.0255,24.84,24.93,12821
01/18/2018,24.95,25.03,24.86,24.86,9159
01/19/2018,24.9,24.9001,24.87,24.88,3949
01/22/2018,24.85,24.94,24.8,24.83,7360
01/23/2018,24.9812,25.1,24.87,25.07,8390
01/24/2018,25.25,25.45,24.82,24.85,8543
01/25/2018,24.95,24.95,24.9,24.9,3556
01/26/2018,25.249,25.249,24.9832,24.9832,800
01/29/2018,25.07,25.07,24.75,24.86,5822
01/30/2018,24.7577,24.7577,23.83,24.15,9727
01/31/2018,24.81,24.84,24.25,24.64,10038
02/01/2018,24.22,24.82,24.21,24.29,7991
02/02/2018,24.34,24.49,24.1,24.1,8391
02/05/2018,24.1001,24.1001,22.29,22.32,27201
02/06/2018,22.35,23.29,22.35,23.01,19398
02/07/2018,23.2933,24,22.9,23.25,9801
02/08/2018,23.4694,23.96,23.4694,23.74,4810
02/09/2018,22.98,23.2,22.96,23.2,6598
02/12/2018,23.52,23.65,23.2,23.43,7450
02/13/2018,23.5,23.65,23.5,23.65,7065
02/14/2018,23.85,23.989,23.85,23.9,10271
02/15/2018,23.55,23.55,23.35,23.35,2000
02/16/2018,23.9799,23.98,23.94,23.9499,3808
02/20/2018,23.94,23.96,23.9,23.9,7876
02/21/2018,23.93,23.94,23.9,23.9,13790
02/22/2018,23.8,23.8033,23.35,23.46,13817
02/23/2018,23.46,23.5,23.1,23.1798,5575
02/26/2018,23.37,23.4312,23.37,23.4312,2430
02/27/2018,23.73,23.75,23.1001,23.47,8947
02/28/2018,23.5,23.78,23.3,23.78,13839
03/01/2018,23.3,23.6424,23.3,23.6424,3100
03/02/2018,23.6,23.6,23.31,23.3824,4835
03/05/2018,23.31,23.5899,23.14,23.31,5660
03/06/2018,23.4,23.5803,23.3,23.5803,3980
03/07/2018,23.4734,23.63,23.34,23.34,3200
03/08/2018,23.45,23.64,23.31,23.5,21675
03/09/2018,23.45,23.4999,23.34,23.4,5365
03/12/2018,23.5,23.6,23.368,23.49,10470
03/13/2018,23.44,23.5,23.42,23.43,23197
03/14/2018,23.03,23.09,22.93,22.9588,15707
03/15/2018,22.9001,22.9592,22.9001,22.93,2282
03/16/2018,22.92,23.39,22.8,23.1425,14933
03/19/2018,23.0001,23.1,23.0001,23.1,12600
03/20/2018,23.01,23.1,23.01,23.1,11668
03/21/2018,23.1,24.4,23.1,23.16,25479
03/22/2018,23.36,23.39,23.24,23.24,6300
03/23/2018,23.2,23.25,23.2,23.2,750
03/26/2018,23.2201,23.31,23.2201,23.23,1969
03/27/2018,23.3,23.45,23,23.1,21862
03/28/2018,23.35,23.35,23.35,23.35,100
03/29/2018,23.29,23.3,23.08,23.13,6879
04/02/2018,23.25,23.3999,23.11,23.255,4343
04/03/2018,23.09,23.2799,23.05,23.2799,2963
04/04/2018,23.4,23.4399,23.25,23.25,5840
04/05/2018,23.24,23.43,23.24,23.3,2600
04/06/2018,23.3,23.3,23.3,23.3,1049
04/09/2018,23.5,23.75,23.48,23.6343,22321
04/10/2018,23.565,23.75,23.5027,23.7499,3241
04/11/2018,23.95,23.95,23.95,23.95,279
04/13/2018,23.85,23.85,23.3401,23.3401,1271
04/16/2018,23.39,23.87,23.39,23.44,5389
04/17/2018,23.53,23.53,23.46,23.47,5291
04/18/2018,23.41,23.85,23.41,23.8499,3300
04/20/2018,23.47,23.529,23.4397,23.4397,2009
04/23/2018,23.45,23.45,23.45,23.45,161
04/24/2018,23.54,23.6509,23.5,23.6509,4140
04/25/2018,23.4,23.4,23.25,23.25,1000
04/26/2018,23.52,23.52,23.52,23.52,100
04/27/2018,23.55,23.55,23.4247,23.4405,979
04/30/2018,23.66,23.67,23.66,23.67,200
05/01/2018,23.69,23.69,23.69,23.69,300
05/02/2018,23.46,23.57,23.3601,23.48,8620
05/03/2018,23.39,23.39,23.39,23.39,490
05/04/2018,23.39,23.39,23.39,23.39,500
05/07/2018,23.6,23.69,23.6,23.6892,1816
05/08/2018,23.66,23.66,23.5,23.5623,2400
05/10/2018,23.65,23.65,23.65,23.65,9350
05/11/2018,23.49,23.55,23.48,23.55,1619
05/14/2018,23.69,23.69,23.48,23.48,4267
05/15/2018,23.49,23.6,23.3348,23.3528,7802
05/16/2018,23.2601,23.69,23.2601,23.6,2875
05/17/2018,23.61,23.6899,23.33,23.33,11757
05/18/2018,23.35,23.46,23.35,23.4599,6067
05/21/2018,23.566,23.6,23.4193,23.5335,2970
05/22/2018,23.45,23.54,23.4,23.42,10439
05/23/2018,23.83,23.83,23.6031,23.6731,1840
05/24/2018,23.675,23.75,23.59,23.73,3140
05/25/2018,23.7999,23.7999,23.7,23.7,807
05/29/2018,23.61,23.61,23.2,23.35,7122
05/30/2018,23.37,23.47,23.37,23.3775,2869
05/31/2018,23.4,23.75,23.3275,23.75,4076
06/01/2018,23.5397,23.64,23.5397,23.64,600
06/04/2018,23.64,23.65,23.5,23.5998,1876
06/05/2018,23.5097,24.15,23.5097,23.97,11280
06/06/2018,23.97,24.45,23.959,24.4,3662
06/07/2018,24.3,24.3,24.15,24.3,12917
06/08/2018,24.29,24.65,24.2,24.65,14913
06/11/2018,24.2695,24.65,24.2695,24.64,4816
06/12/2018,24.64,24.64,24.1987,24.3173,2232
06/13/2018,24.64,24.65,24.583,24.65,2522
06/14/2018,24.29,24.29,23.9495,24.12,975
06/15/2018,24.2,24.29,24.2,24.29,1900
06/18/2018,24.2673,24.55,24.2673,24.55,3952
06/19/2018,24.5227,24.6499,23.8901,24,3450
06/20/2018,24.07,24.64,24.07,24.3101,9632
06/21/2018,24.6,24.6,24.07,24.495,3082
06/25/2018,24.49,24.4968,24.2675,24.2998,3408
06/26/2018,24.599,24.599,24.35,24.54,1022
06/27/2018,24.34,24.34,24.34,24.34,843
06/28/2018,24.3401,24.3401,24.2601,24.2601,1267
06/29/2018,24.4752,24.4752,24.34,24.34,4850
07/02/2018,24.59,24.6,24.3096,24.6,634
07/06/2018,24.58,24.58,24.5405,24.5405,1399
07/09/2018,24.54,24.5469,24.4,24.4,1850
07/10/2018,24.5312,24.55,24.5312,24.55,591
07/11/2018,24.55,24.55,24.5,24.5,1500
07/12/2018,24.6,24.6,24.56,24.59,1300
07/13/2018,24.6,24.65,24.6,24.63,4750
07/16/2018,24.55,24.55,24.4,24.42,4644
07/17/2018,24.4,24.75,24.4,24.4,4425
07/18/2018,24.4,24.4,24.2,24.38,2927
07/19/2018,24.6391,24.6391,24.6391,24.6391,780
07/20/2018,24.6,24.745,24.6,24.745,869
07/23/2018,24.6022,24.64,24.6022,24.6293,1200
07/24/2018,24.73,24.73,24.73,24.73,381
07/25/2018,24.74,24.7648,24.6,24.6,9166
07/26/2018,24.6001,24.6001,24.6,24.6,1010
07/30/2018,24.801,24.85,24.5001,24.5001,1900
07/31/2018,24.7663,24.7663,24.7663,24.7663,175
08/01/2018,24.5,24.6248,24.42,24.6225,4930
08/02/2018,24.42,24.44,24.02,24.02,15848
08/03/2018,24.4,24.4,24.2,24.2,13923
08/06/2018,24.4,24.48,24.34,24.34,1095
08/07/2018,24.3997,24.3997,24.3015,24.3015,1405
08/09/2018,24.46,24.7016,24.46,24.7016,6152
08/10/2018,24.6,24.65,24.51,24.65,57526
08/13/2018,24.2436,24.5849,24.22,24.5849,780
08/14/2018,24.3813,24.3813,24.35,24.35,1900
08/15/2018,24.45,24.66,24.45,24.66,3300
08/16/2018,24.35,24.35,24.35,24.35,900
08/17/2018,24.7,24.7,24.5,24.7,3460
08/20/2018,24.6973,24.7,24.69,24.7,1200
08/22/2018,24.51,24.52,24.4,24.4,1500
08/23/2018,24.5039,24.5039,24.5039,24.5039,500
08/24/2018,24.67,24.67,24.5837,24.5837,1325
08/27/2018,24.5984,24.6195,24.5115,24.6195,2082
08/28/2018,24.4712,24.68,24.37,24.68,4800
08/29/2018,24.59,24.59,24.59,24.59,200
08/30/2018,24.6,24.6509,24.6,24.6509,1600
08/31/2018,24.7,24.7,24.6889,24.7,3325
09/04/2018,24.77,24.77,24.7421,24.77,600
09/05/2018,24.77,24.85,24.77,24.85,3130
09/06/2018,24.81,24.8241,24.8,24.8241,1550
09/07/2018,24.803,24.85,24.803,24.85,3400
09/10/2018,25.05,25.1,25.05,25.1,1600
09/11/2018,25,25,25,25,312
09/12/2018,25,25,24.9083,25,1781
09/13/2018,24.88,25.1,24.87,25.1,2600
09/14/2018,24.72,24.72,24.4797,24.58,1500
09/18/2018,24.7,24.7,24.65,24.7,3045
09/19/2018,24.7955,24.8597,24.7622,24.82,2930
09/20/2018,24.9247,24.95,24.82,24.91,18582
09/21/2018,24.88,24.88,24.7,24.7,1000
09/26/2018,24.75,24.75,24.712,24.712,4968
09/28/2018,24.75,24.78,24.75,24.78,17220
10/01/2018,25,25,24.95,25,477
10/02/2018,24.95,24.95,24.75,24.75,1979
10/03/2018,24.76,24.78,24.45,24.45,18453
10/04/2018,24.41,24.5,24.27,24.4,15275
10/05/2018,24.27,24.35,23.61,24.35,5449
10/08/2018,24.2681,24.34,23.9656,23.9656,3293
10/09/2018,23.8545,24,23.8545,24,900
10/11/2018,24,24.0875,24,24.0875,815
10/12/2018,24.0926,24.15,24.0926,24.15,2600
10/15/2018,24.15,24.5,24.0325,24.5,2714
10/17/2018,24.6401,24.6401,24.5,24.5001,2276
10/18/2018,23.96,24.55,23.96,24.3628,82010
10/19/2018,24.21,24.22,24.01,24.01,2400
10/22/2018,24.01,24.03,23.98,23.99,1050
10/23/2018,24.01,24.3343,24.01,24.3343,445
10/24/2018,24.05,24.4199,24.05,24.05,800
10/25/2018,24.0501,24.185,24.02,24.0794,3333
10/29/2018,24.21,24.21,24.1627,24.1627,406
10/30/2018,24.15,24.2574,24.15,24.2574,1115
10/31/2018,24.2,24.45,24.2,24.45,574
11/01/2018,24.4146,24.4146,24.2794,24.2794,1415
11/02/2018,24.45,24.45,24.19,24.2652,1135
11/06/2018,24.3768,24.3768,24.3768,24.3768,1238
11/07/2018,24.37,24.37,24.37,24.37,225
11/08/2018,24.15,24.3,23.8,24.0165,9392
11/09/2018,23.92,24.0031,23.92,24.003,840
11/12/2018,24.05,24.2496,24.05,24.05,4018
11/13/2018,24.0501,24.0501,23.9,23.95,45952
11/14/2018,23.9938,24,23.95,24,2000
11/15/2018,24,24,23.75,23.75,700
11/16/2018,23.95,24.0027,23.8,23.8,12117
11/19/2018,23.8022,23.9742,23.75,23.75,2430
11/20/2018,23.7,23.7,23.5822,23.5822,1419
11/21/2018,23.6,23.6,23.5,23.6,3649
11/26/2018,23.55,23.55,23.55,23.55,1208
11/27/2018,23.5,23.5,23.39,23.4,4332
11/28/2018,23.4,23.4,23.1,23.4,11162
11/29/2018,23.4,23.4,23.2578,23.4,4684
11/30/2018,23.4,24.05,23.4,24.05,3530
12/03/2018,24.1698,24.1698,23.77,23.77,1190
12/04/2018,23.6175,23.9,23.35,23.35,1300
12/06/2018,23.3763,23.5832,23.3763,23.5832,688
12/10/2018,23.8035,23.8035,23.78,23.78,2243
12/11/2018,24.14,24.14,22.52,23.15,23904
12/12/2018,23.14,23.2,23.1,23.129,1105
12/13/2018,23.3499,23.3499,23.188,23.19,2229
12/14/2018,22.92,23.421,22.65,23.421,10084
12/17/2018,22.67,23.195,21.1201,23.195,11595
12/18/2018,22.75,23.5,22.5486,23.2525,8405
12/19/2018,23,23,22.4,22.826,5141
12/20/2018,22.9749,23.07,22.85,22.9,12105
12/21/2018,22.75,22.9608,22.75,22.91,5170
12/26/2018,22.56,23.453,22.56,23,11920
12/27/2018,22.98,23,22.98,23,1100
12/31/2018,23.25,23.25,22.95,23.0842,7697
01/02/2019,22.96,23.25,22.96,23.24,1305
01/03/2019,23.218,23.25,23.218,23.25,3700
01/04/2019,23.35,23.48,23.35,23.48,2500
01/07/2019,23.83,24.1,23.8,24,1849
01/08/2019,23.5,23.5,23.4,23.5,6144
01/09/2019,23.52,24,23.5,23.9474,614
01/10/2019,23.57,23.8323,23.57,23.8323,200
01/11/2019,23.95,23.95,23.52,23.52,2755
01/14/2019,23.42,23.42,23.42,23.42,196
01/15/2019,23.6,23.6,23.5,23.6,166498
01/16/2019,23.47,23.47,23.47,23.47,150
01/17/2019,23.6,23.7,23.4629,23.7,185600
01/18/2019,23.5,23.5,23.5,23.5,240
01/23/2019,23.8406,23.8406,23.6752,23.6752,6338
01/24/2019,23.7686,23.83,23.7686,23.83,8200
01/25/2019,23.7555,23.7555,23.6,23.601,2800
01/28/2019,23.6,23.69,23.5304,23.654,7868
01/29/2019,23.911,23.911,23.6307,23.6307,2812
01/30/2019,23.8915,24,23.6262,23.932,8502
01/31/2019,23.7479,24.2,23.72,24.2,12198
02/01/2019,24.1,24.2,24,24,3255
02/04/2019,23.9757,23.989,23.9757,23.989,868
02/05/2019,23.97,23.97,23.82,23.8716,5843
02/06/2019,23.9097,24.33,23.8564,24.32,2771
02/07/2019,24.32,24.32,23.955,24.2859,11604
02/08/2019,24.34,24.45,24.26,24.37,12690
02/11/2019,24.3683,24.3683,24.3683,24.3683,161
02/12/2019,24.35,24.3664,24.28,24.28,4001
02/13/2019,24.48,24.5263,24.48,24.5263,3798
02/14/2019,24.5005,24.59,24.12,24.2817,983
02/15/2019,24.4965,24.5695,24.4689,24.4689,1700
02/19/2019,24.48,24.5804,24.2689,24.5804,12159
02/20/2019,24.34,24.57,24.2723,24.56,3434
02/21/2019,24.59,24.59,24.315,24.54,5073
02/22/2019,24.5,24.5,24.5,24.5,248
02/25/2019,24.5576,24.75,24.5576,24.75,1812
02/26/2019,24.8,24.8,24.79,24.79,3127
02/27/2019,24.75,24.75,24.75,24.75,323
02/28/2019,24.75,25,24.35,24.5,20597
03/01/2019,24.52,24.5697,24.49,24.5,11150
03/04/2019,24.6,24.6618,24.5,24.5,900
03/05/2019,24.5959,24.6227,24.5959,24.62,1219
03/06/2019,24.64,24.95,24.6391,24.72,8578
03/07/2019,24.72,24.9611,24.72,24.75,23139
03/08/2019,24.75,24.75,24.75,24.75,410
03/11/2019,24.75,25,24.75,25,6191
03/13/2019,24.95,24.95,24.7778,24.8559,2289
03/14/2019,24.74,24.74,24.35,24.3505,8402
03/15/2019,24.5181,24.68,24.5,24.5582,890
03/18/2019,24.55,24.66,24.52,24.5485,7923
03/19/2019,24.55,24.6205,24.36,24.36,5143
03/20/2019,24.35,24.55,24.35,24.45,8330
03/21/2019,24.5391,24.66,24.4556,24.5605,6415
03/22/2019,24.74,24.74,24.4155,24.6,7544
03/25/2019,24.77,24.77,24.45,24.73,6781
03/26/2019,24.57,24.6484,24.57,24.6375,2988
03/27/2019,24.5678,24.68,24.51,24.68,2285
03/28/2019,24.6263,24.68,24.53,24.53,2061
03/29/2019,24.4603,24.84,24.4603,24.8,9807
04/01/2019,24.7924,25,24.6001,25,10410
04/02/2019,24.982,25,24.8,25,2196
04/03/2019,25,25.05,24.8,24.8,1291
04/04/2019,25,25.15,25,25.15,1051
04/05/2019,25.15,25.223,25,25.15,9649
04/08/2019,25.151,25.2,25.15,25.15,4613
04/09/2019,25.1926,25.2,25.15,25.15,2559
04/10/2019,25.2,25.3489,25.2,25.2515,2906
04/11/2019,25.2262,25.2262,25.2262,25.2262,505
04/12/2019,25.25,25.25,25.25,25.25,890
04/15/2019,25.3,25.3,25.283,25.283,857
04/16/2019,25.3685,25.37,25.34,25.34,1350
04/17/2019,25.39,25.4,25.25,25.3779,7300
04/18/2019,25.25,25.3457,25.25,25.25,4638
04/22/2019,25.24,25.24,25.11,25.11,828
04/23/2019,25.08,25.15,25,25.15,5638
04/24/2019,25.107,25.24,25.1,25.1931,1700
04/25/2019,25.01,25.06,25,25.04,3519
04/26/2019,25.08,25.08,25,25.05,2249
04/29/2019,25.14,25.145,25,25.1,3365
04/30/2019,25.1598,25.1598,24.93,25.0005,3462
05/01/2019,25.07,25.07,25.04,25.04,2296
05/02/2019,25.25,25.25,25.03,25.05,8404
05/03/2019,25.1052,25.2699,25.1052,25.1084,1918
05/06/2019,25.16,25.2068,25,25.2068,10337
05/07/2019,25.21,25.34,25,25,8782
05/08/2019,25.01,25.07,25,25,4901
05/09/2019,25.01,25.01,25.01,25.01,1211
05/10/2019,25.0602,25.0602,25.05,25.05,1001
05/13/2019,25.05,25.07,24.918,24.918,5048
05/14/2019,25.01,25.0999,24.939,25,15347
05/15/2019,25.06,25.1,25.05,25.1,2072
05/16/2019,25.11,25.15,25.04,25.15,6676
05/17/2019,25.05,25.19,25.05,25.148,5050
05/20/2019,25.15,25.25,25.15,25.25,9090
05/21/2019,25.15,25.3,25.15,25.3,1074
05/22/2019,25.13,25.29,25.13,25.29,2377
05/24/2019,25.25,25.43,25.25,25.43,6242
05/28/2019,25.43,25.43,25.381,25.43,694
05/29/2019,25.5,25.5,25.5,25.5,450
05/30/2019,25.4,25.55,25.388,25.461,3662
05/31/2019,25.3648,25.4767,25.3648,25.4,3087
06/03/2019,25.55,25.57,25.22,25.57,4475
06/04/2019,25.2601,25.42,25.2601,25.36,7010
06/05/2019,25.36,25.4666,25.2801,25.32,2770
06/06/2019,25.38,25.4665,25.28,25.28,1394
06/07/2019,25.4175,25.45,25.4007,25.4408,1420
06/10/2019,25.35,25.35,25.29,25.34,781
06/11/2019,25.4,25.4,25.4,25.4,301
06/12/2019,25.54,25.5473,25.54,25.5434,2020
06/13/2019,25.57,25.7,25.57,25.7,2128
06/14/2019,25.5674,25.5674,25.2495,25.3943,13656
06/17/2019,25.4898,25.5599,25.35,25.35,1700
06/18/2019,25.5039,25.59,25.5,25.58,1192
06/19/2019,25.589,25.65,25.589,25.65,1300
06/20/2019,25.6125,25.6125,25.6125,25.6125,389
06/21/2019,25.61,25.69,25.61,25.61,3545
06/24/2019,25.61,25.6437,25.61,25.6382,1210
06/25/2019,25.6377,25.7,25.61,25.637,1374
06/26/2019,25.43,25.4876,25.3,25.3,5689
06/27/2019,25.395,25.57,25.33,25.57,1780
06/28/2019,25.3135,25.54,25.3135,25.4252,2200
07/01/2019,25.4,25.4,25.21,25.3116,5874
07/02/2019,25.3268,25.4532,25.3268,25.4,9077
07/05/2019,25.37,25.4,25.36,25.4,2669
07/08/2019,25.399,25.4868,25.3938,25.4868,700
07/09/2019,25.42,25.55,25.42,25.55,867
07/10/2019,25.3627,25.55,25.36,25.55,2979
07/11/2019,25.475,25.475,25.475,25.475,30113
07/12/2019,25.65,25.65,25.5209,25.5299,2138
07/15/2019,25.52,25.52,25.373,25.4709,2039
07/16/2019,25.65,25.65,25.47,25.56,2700
07/17/2019,25.49,25.56,25.37,25.48,3735
07/18/2019,25.565,25.565,25.549,25.5493,815
07/19/2019,25.56,25.63,25.56,25.62,761
07/22/2019,25.63,25.63,25.63,25.63,500
07/24/2019,25.711,25.711,25.6393,25.6393,1100
07/25/2019,25.7,25.7,25.69,25.6999,1567
07/26/2019,25.672,25.7,25.644,25.644,3156
07/29/2019,25.577,25.5955,25.577,25.5955,700
07/30/2019,25.598,25.9409,25.5646,25.9409,3160
07/31/2019,25.6696,25.8,25.6696,25.73,12251
08/01/2019,25.89,25.89,25.5701,25.7485,3071
08/02/2019,25.62,25.74,25.62,25.74,518
08/08/2019,25.77,25.77,25.6501,25.7688,839
08/09/2019,25.67,25.77,25.65,25.69,2086
08/12/2019,25.65,25.65,25.6,25.63,3716
08/13/2019,25.764,25.8,25.7,25.749,2242
08/14/2019,25.65,25.84,25.65,25.76,15063
08/15/2019,25.7825,25.7825,25.7825,25.7825,1026
08/16/2019,25.75,25.8598,25.75,25.8598,3012
08/19/2019,25.67,25.95,25.67,25.95,11470
08/20/2019,25.9499,25.9499,25.51,25.7,19361
08/21/2019,25.76,25.9,25.76,25.8031,1583
08/22/2019,25.9,25.95,25.8068,25.9,11571
08/23/2019,25.8,25.95,25.8,25.95,4630
08/26/2019,25.95,25.95,25.95,25.95,222
08/27/2019,26,26,25.95,25.95,3151
08/28/2019,25.9829,26,25.9829,26,1321
08/29/2019,25.94,26.1314,25.925,26.1314,11362
08/30/2019,26.0843,26.0843,26.0843,26.0843,2401
09/03/2019,26.2111,26.2111,26.2111,26.2111,259
09/04/2019,26.1,26.25,26.1,26.1,4120
09/05/2019,26.1,26.1478,26.1,26.1478,2018
09/06/2019,26.1015,26.25,26.1015,26.1989,2463
09/09/2019,26.24,26.25,26.24,26.25,557
09/11/2019,26.06,26.1,26.06,26.1,3000
09/12/2019,26.39,26.39,26.2238,26.2238,1241
09/16/2019,26,26.4,25.71,26.4,3699
09/17/2019,26.2977,26.2977,26.2848,26.2848,795
09/18/2019,26.15,26.2,26.15,26.2,571
09/19/2019,26.44,26.44,26.2,26.2721,4275
09/20/2019,26.32,26.32,26.27,26.27,409
09/23/2019,26.14,26.39,25.83,25.89,10792
09/24/2019,26.05,26.36,26.04,26.13,3248
09/25/2019,26.12,26.2016,26.1,26.2016,3315
09/26/2019,26.19,26.2999,26.1276,26.14,1657
09/27/2019,26.1001,26.2302,26.1,26.2302,6245
09/30/2019,26.3,26.3,26.12,26.12,5284
10/01/2019,26.26,26.26,25.97,25.97,676
10/02/2019,25.92,26.1506,25.92,26.1,6934
10/03/2019,26.1,26.2474,26.1,26.2,2905
10/07/2019,26.2224,26.2224,26.2224,26.2224,204
10/08/2019,26.25,26.25,26.25,26.25,689
10/09/2019,26.42,26.49,26.25,26.49,1961
10/10/2019,26.22,26.3707,26.22,26.291,5663
10/11/2019,26.25,26.336,26.25,26.25,3734
10/14/2019,26.1922,26.21,26.145,26.21,2930
10/15/2019,26.2244,27.4162,26.2,26.2364,4178
10/16/2019,26.25,26.27,26.25,26.26,1389
10/17/2019,26.28,26.35,26.28,26.35,1760
10/18/2019,26.32,26.4515,26.3,26.3,2700
10/21/2019,26.21,26.27,26.21,26.25,5630
10/22/2019,26.25,26.29,26.25,26.29,2749
10/23/2019,26.27,26.4101,26.25,26.275,4142
10/24/2019,26.1813,26.281,26.1,26.281,751
10/25/2019,26.38,26.38,26.0717,26.2658,6915
10/28/2019,26.006,26.45,26.006,26.4082,5495
10/29/2019,26.25,26.29,26.171,26.171,1679
10/30/2019,26.42,26.42,26.32,26.32,5971
10/31/2019,26.31,26.31,26.3,26.3,392
11/01/2019,26.34,26.4998,26.34,26.4998,2629
11/04/2019,26.43,26.43,26.31,26.3628,1617
11/05/2019,26.4,26.49,26.4,26.4896,3280
11/06/2019,26.32,26.5611,26.32,26.4201,3066
11/08/2019,26.409,26.49,26.31,26.44,5542
11/11/2019,26.31,26.31,26.31,26.31,200
11/13/2019,26.31,26.4414,25.93,25.93,1186
11/14/2019,26.42,26.42,25.85,26.1,3060
11/15/2019,26.11,26.15,26.05,26.05,1334
11/18/2019,26.01,26.07,26.01,26.07,2460
11/19/2019,26.1,26.2895,26.1,26.2045,3803
11/20/2019,25.97,26.18,25.95,26.18,1673
11/21/2019,26,26.1726,26,26.1726,1001
11/22/2019,26,26.02,26,26.02,729
11/26/2019,25.93,26.27,25.93,26.2373,2576
11/27/2019,26.1479,26.245,26.1479,26.245,800
11/29/2019,26.26,26.2667,26.03,26.03,1459
12/03/2019,26.404,26.46,26.2315,26.4122,2116
12/04/2019,26.31,26.47,26.2,26.47,5152
12/05/2019,26.2703,26.3926,26.1,26.19,1956
12/09/2019,26.2675,26.2675,26.2675,26.2675,289
12/10/2019,26.1771,26.3,26.1771,26.29,1068
12/11/2019,26.26,26.37,26.26,26.37,700
12/12/2019,26.37,26.37,26.37,26.37,277
12/13/2019,26.1644,26.1644,26.1644,26.1644,113
12/16/2019,26.0473,26.1642,26.0473,26.15,8407
12/17/2019,26.23,26.27,26.2187,26.2699,2141
12/18/2019,26.28,26.3623,26.1477,26.1477,1763
12/19/2019,26.1,26.4,26.1,26.4,2074
12/20/2019,26.065,26.295,26.065,26.295,3217
12/23/2019,26.4,26.4,26.07,26.2475,4501
12/24/2019,26.35,26.35,26.35,26.35,150
12/26/2019,26.238,26.39,26.2298,26.3477,3195
12/27/2019,26.19,26.2951,26.19,26.25,1867
12/30/2019,26.25,26.4,26.25,26.4,1137
12/31/2019,26.12,26.28,26.11,26.2576,4395
01/02/2020,26.25,26.4,26.25,26.4,3272
01/03/2020,26.0733,26.4,26.0733,26.3732,2451
01/06/2020,26.256,26.47,26.256,26.47,4408
01/07/2020,26.47,26.47,26.195,26.43,1843
01/08/2020,26.33,26.4594,26.299,26.4594,9941
01/09/2020,26.17,26.55,26.15,26.55,1369
01/10/2020,26.29,26.54,26.29,26.4876,2002
01/13/2020,26.48,26.55,26.48,26.55,5244
01/15/2020,26.49,26.5217,26.3701,26.5217,1674
01/16/2020,26.41,26.495,26.4,26.495,1010
01/17/2020,26.6,26.6998,26.6,26.6998,1437
01/21/2020,26.338,26.453,26.338,26.453,405
01/22/2020,26.34,26.7,26.34,26.6559,4588
01/23/2020,26.61,26.6462,26.4786,26.5941,1935
01/24/2020,26.41,26.48,26.41,26.48,417
01/28/2020,26.6998,26.7,26.6998,26.7,1212
01/29/2020,26.5805,26.98,26.5621,26.9075,2393
01/30/2020,26.62,26.78,26.3511,26.5108,2330
01/31/2020,26.9304,26.9304,26.9304,26.9304,510
02/04/2020,26.764,26.78,26.764,26.78,495
02/05/2020,26.638,26.72,26.4734,26.4734,734
02/06/2020,26.734,26.734,26.734,26.734,200
02/07/2020,26.61,26.8,26.61,26.6705,1196
02/10/2020,26.83,27,26.62,26.6952,2737
02/12/2020,27.051,27.051,27.051,27.051,262
02/14/2020,27.09,27.25,27.09,27.2,3063
02/18/2020,26.97,26.97,26.89,26.89,8685
02/19/2020,26.89,27.25,26.89,27.2362,5700
02/20/2020,26.9,27.1,26.9,27.1,10534
02/21/2020,26.95,26.95,26.95,26.95,384
02/24/2020,26.99,26.99,26.9,26.9,321
02/25/2020,26.85,26.85,26.6,26.6,5893
02/26/2020,26.5759,26.5759,26.5759,26.5759,347
02/27/2020,26.5,26.797,25.1,25.1,9500
02/28/2020,25.3149,25.795,25.3,25.75,3148
03/02/2020,25.65,25.75,25.65,25.75,633
03/04/2020,25.6902,27.1513,25.6902,27.1513,974
03/09/2020,26.1199,26.1199,25.75,25.75,1396
03/10/2020,25.46,25.46,25.4,25.4,1630
03/11/2020,25.25,25.45,25.25,25.3,1852
03/12/2020,25,25.1,24.0483,24.305,11088
03/13/2020,24,24.75,24,24.715,5480
03/16/2020,21.31,23.02,21.31,23.02,2525
03/17/2020,23.5,24.89,22.6,24.88,12717
03/18/2020,24.26,24.26,19.99,22.45,32601
03/19/2020,18.45,24.24,18.45,23.25,6782
03/20/2020,23.4,24.35,23.4,23.5,16224
03/23/2020,22.5,24,22.5,23,90813
03/24/2020,23.0359,24.2,22.49,24.2,24826
03/25/2020,21.7,24.5,21.7,24.5,4067
03/26/2020,24.5169,24.94,23.58,24.07,22052
03/27/2020,23.3655,24.26,23.3655,24.26,3895
03/30/2020,25,25,24,24.63,19689
03/31/2020,24.63,24.75,24.05,24.75,1529
04/01/2020,24,24.5,24,24.1803,7703
04/02/2020,24.28,24.98,24.25,24.98,2431
04/03/2020,24.5,24.6,23.9,24.29,18491
04/06/2020,23.75,24.74,23.75,24.5669,9823
04/07/2020,24.25,24.75,24.1205,24.75,3355
04/08/2020,24.78,25,24.14,25,3590
04/09/2020,25,25.47,25,25,1611
04/13/2020,24.99,25,24.76,25,2576
04/14/2020,24.3,25.6,24.3,25,971
04/15/2020,24.05,25,24,25,4605
04/16/2020,22.76,26.29,22.76,26.12,17459
04/17/2020,26.21,26.79,25.85,26.16,7490
04/20/2020,24.75,25.99,24.75,25.98,18537
04/21/2020,25.99,26.69,24.289,26.55,13496
04/22/2020,26,26.72,26,26.44,30156
04/23/2020,26.44,26.44,25.5221,26.43,22130
04/24/2020,26.43,26.43,25.4,26.28,8716
04/27/2020,26,26,25.38,25.96,4668
04/28/2020,26.0244,26.0244,25.45,25.45,1981
04/29/2020,25.43,25.43,25.32,25.34,1023
04/30/2020,25.32,25.33,25.02,25.1,9664
05/01/2020,24.9298,25.05,24.8996,25.04,2387
05/04/2020,25.0201,25.4108,25.0201,25.3763,1037
05/05/2020,25.2,25.21,25.06,25.11,3877
05/06/2020,25.11,25.14,25.11,25.14,7050
05/07/2020,25.18,25.18,25.1601,25.1601,805
05/08/2020,25.31,25.39,25.2,25.35,7047
05/11/2020,25.23,26,25.22,25.35,4895
05/12/2020,25.64,25.64,25.31,25.31,13095
05/13/2020,25,25,25,25,433
05/14/2020,24.8,25,24.35,25,49399
05/15/2020,25,25.26,25,25.11,2670
05/18/2020,25.21,25.73,25.21,25.25,1516
05/19/2020,25.3,25.3,25.27,25.27,433
05/20/2020,25.35,25.35,25.32,25.32,548
05/21/2020,25.32,25.5,25.32,25.32,3582
05/22/2020,25.6,26.15,25.35,25.43,6773
05/26/2020,25.35,25.65,25.35,25.42,1920
05/27/2020,25.665,25.67,25.64,25.67,3034
05/28/2020,25.65,25.69,25.45,25.69,7354
05/29/2020,25.7,25.7,25.7,25.7,1143
06/01/2020,25.95,25.95,25.7477,25.7477,2211
06/02/2020,25.37,25.84,25.12,25.84,910
06/03/2020,25.7803,25.95,25.5,25.69,5700
06/04/2020,25.69,25.85,25.69,25.85,3389
06/05/2020,26,26.01,25.85,25.85,2088
06/08/2020,26.12,26.12,26.12,26.12,144
06/10/2020,25.875,25.875,25.75,25.75,3891
06/11/2020,25.782,25.782,25.782,25.782,200
06/12/2020,25.65,25.65,25.65,25.65,794
06/15/2020,25.518,25.518,25.518,25.518,128
06/16/2020,25.13,25.52,25.13,25.3,1058
06/17/2020,25.15,25.55,25.08,25.5434,5106
06/19/2020,25.55,25.94,25.3,25.3,1500
06/22/2020,25.34,25.34,25.34,25.34,282
06/23/2020,25.32,25.5,25.32,25.5,920
06/24/2020,25.55,25.55,25.55,25.55,549
06/25/2020,25.35,25.75,25.32,25.75,16608
06/26/2020,25.875,25.925,25.75,25.75,2535
06/29/2020,25.75,25.75,25.32,25.5,1880
06/30/2020,25.49,25.9287,25.49,25.79,2109
07/01/2020,25.55,26.1,25.55,25.62,2142
07/06/2020,26,26,25.87,25.88,1039
07/10/2020,25.6,25.657,25.55,25.58,850
07/13/2020,25.5,25.5236,25.5,25.5,603
07/14/2020,25.2377,25.2377,25.2377,25.2377,400
07/16/2020,25.4,25.4128,25.4,25.4128,661
07/20/2020,25.38,25.6976,25.38,25.4,1368
07/21/2020,25.69,26,25.56,26,6310
07/22/2020,25.6,25.7295,25.57,25.7,3046
07/29/2020,25.85,25.85,25.85,25.85,358
07/31/2020,25.85,26.03,25.85,26.03,4344
08/03/2020,25.957,25.957,25.957,25.957,1230
08/04/2020,26,26,25.825,25.85,4338
08/05/2020,25.85,25.85,25.85,25.85,173
08/06/2020,26,26,25.9,25.9,22085
08/07/2020,25.9,25.9,25.9,25.9,4046
08/10/2020,25.81,25.88,25.7,25.7,2197
08/11/2020,25.75,25.75,25.75,25.75,137
08/12/2020,25.875,26.14,25.8,25.9,2857
08/13/2020,25.98,26,25.71,25.71,15209
08/14/2020,25.71,25.92,25.5958,25.8,5432
08/17/2020,25.9248,26,25.8,25.8,175398
08/18/2020,25.895,25.895,25.8,25.8,40448
08/19/2020,25.68,26.02,25.68,25.7,938
08/21/2020,25.75,25.98,25.75,25.98,715
08/24/2020,25.9606,25.9606,25.74,25.74,693
08/25/2020,25.81,25.85,25.81,25.85,1279
08/26/2020,25.85,26,25.85,26,1334
08/27/2020,25.98,26,25.98,25.99,1138
08/28/2020,25.78,25.97,25.78,25.97,596
08/31/2020,25.7842,25.79,25.68,25.7,1997
09/01/2020,25.73,25.88,25.7,25.88,950
09/02/2020,25.89,25.8916,25.62,25.7116,9286
09/03/2020,25.76,25.76,25.75,25.75,380
09/04/2020,25.7,25.85,25.7,25.85,373
09/08/2020,25.86,25.86,25.86,25.86,2349
09/09/2020,25.95,25.95,25.95,25.95,272
09/11/2020,26.08,26.13,26.08,26.13,3004
09/14/2020,25.9,26,25.64,25.64,2253
09/15/2020,25.56,25.9336,25.56,25.67,416
09/16/2020,26,26.15,26,26.1,7500
09/17/2020,25.54,25.54,25.54,25.54,155
09/18/2020,26.0788,26.0788,26,26,448
09/21/2020,25.72,26.2204,25.72,26.1,2562
09/22/2020,26.1,26.1,26.1,26.1,196
09/23/2020,25.77,26.1,25.77,26.1,588
09/24/2020,25.69,26.2082,25.69,26.2082,247
09/25/2020,26.02,26.385,26.02,26.331,7217
09/29/2020,26.36,26.39,26.04,26.36,3317
09/30/2020,26.08,26.46,26.08,26.46,607
10/01/2020,26.135,26.14,26.08,26.14,728
10/02/2020,25.88,25.9,25.88,25.9,925
10/05/2020,26.31,26.35,26.125,26.125,1542
10/06/2020,26.17,26.17,25.86,25.86,1179
10/07/2020,25.88,25.88,25.88,25.88,342
10/08/2020,25.86,26.17,25.82,25.82,625
10/09/2020,25.93,25.93,25.61,25.75,2795
10/12/2020,25.79,25.86,25.77,25.86,426
10/13/2020,25.76,25.9,25.75,25.83,2721
10/14/2020,25.81,25.81,25.8,25.8,1856
10/15/2020,25.83,25.83,25.76,25.78,2557
10/16/2020,25.77,26.08,25.77,26.08,700
10/19/2020,25.77,25.77,25.77,25.77,100
10/20/2020,26,26,25.81,25.81,598
10/21/2020,25.76,25.87,25.76,25.87,3099
10/22/2020,25.7,25.77,25.62,25.76,5560
10/26/2020,25.76,26,25.76,26,952
10/27/2020,26.1,26.1,26.1,26.1,226
10/28/2020,26.02,26.02,26.02,26.02,206
10/29/2020,26.28,26.28,26.182,26.182,940
10/30/2020,26,26,25.76,25.76,282
11/03/2020,25.823,25.823,25.76,25.76,791
11/04/2020,26.2,26.2,25.61,25.61,1914
11/05/2020,25.77,25.77,25.62,25.66,409
11/06/2020,25.8,25.85,25.655,25.85,1753
11/09/2020,26.57,26.57,25.75,26,1440
11/11/2020,26.1,26.1,25.77,25.85,600
11/12/2020,25.8,26,25.78,25.8,1191
11/16/2020,25.92,26,25.92,26,1828
11/18/2020,25.83,25.84,25.82,25.82,846
11/19/2020,25.9,25.91,25.9,25.91,512
11/20/2020,26.2,26.2,25.89,25.89,858
11/30/2020,26,26,26,26,753
12/01/2020,26.12,26.12,26.1,26.1,322
12/03/2020,25.86,25.94,25.85,25.94,689
12/04/2020,26.1,26.5,26,26.5,9690
12/07/2020,26.51,26.51,26.5,26.5,2753
12/08/2020,26.5,26.67,26.5,26.5,1420
12/09/2020,26.5,26.5,26.5,26.5,562
12/10/2020,26.55,27.33,26.54,26.54,4894
12/11/2020,26.4852,26.53,26.4852,26.5,1267
12/14/2020,26.51,26.51,26.51,26.51,172
12/15/2020,26.51,26.51,25.62,26.5,3711
12/16/2020,26.11,26.11,26.11,26.11,290
12/17/2020,25.98,26.5,25.98,26.5,4367
12/21/2020,26.4602,26.4602,26.4602,26.4602,100
12/22/2020,26.5,26.5,26.5,26.5,736
12/24/2020,26.5,26.5,25.81,25.81,494
12/28/2020,25.81,26.26,25.638,26.26,2088
12/29/2020,26.05,26.66,26,26.26,12910
12/30/2020,27.26,27.31,26,26,19127
12/31/2020,26.09,26.4706,26,26,1588
