04/03/2012,18.875,18.987,18.764,18.814,1467709
04/04/2012,18.801,18.801,18.726,18.741,1014992
04/05/2012,18.749,18.779,18.652,18.749,415392
04/09/2012,18.764,18.801,18.659,18.726,210770
04/10/2012,18.756,18.831,18.726,18.771,772412
04/11/2012,18.786,18.831,18.764,18.786,277606
04/12/2012,18.786,18.861,18.779,18.853,247645
04/13/2012,18.853,18.875,18.801,18.861,181492
04/16/2012,18.861,18.898,18.838,18.868,301148
04/17/2012,18.92,18.92,18.831,18.853,318534
04/18/2012,18.853,18.928,18.846,18.853,555240
04/19/2012,18.861,18.95,18.853,18.905,236837
04/20/2012,18.943,19.017,18.898,18.958,203029
04/23/2012,18.861,19.062,18.861,18.95,290319
04/24/2012,18.995,18.995,18.864,18.913,283282
04/25/2012,18.913,18.987,18.756,18.875,427159
04/26/2012,18.883,18.913,18.801,18.838,219575
04/27/2012,18.883,18.987,18.853,18.95,198521
04/30/2012,18.95,19.025,18.89,18.965,437714
05/01/2012,19.055,19.129,18.987,19.04,151400
05/02/2012,19.025,19.166,19.025,19.077,264924
05/03/2012,19.114,19.122,19.032,19.069,120927
05/04/2012,19.032,19.069,18.965,18.987,214364
05/07/2012,18.972,19.099,18.972,19.084,92567
05/08/2012,19.092,19.092,19.01,19.055,116393
05/09/2012,19.047,19.092,18.965,19.069,139567
05/10/2012,19.092,19.211,19.04,19.159,123858
05/11/2012,19.152,19.203,19.062,19.152,66269
05/14/2012,19.144,19.174,19.032,19.114,82501
05/15/2012,19.055,19.174,18.838,18.898,217498
05/16/2012,18.875,18.935,18.771,18.928,135285
05/17/2012,18.943,18.943,18.741,18.764,96583
05/18/2012,18.913,18.913,18.51,18.599,155032
05/21/2012,18.823,18.935,18.667,18.913,113221
05/22/2012,18.972,19.069,18.853,18.98,131448
05/23/2012,18.875,19.092,18.875,18.958,194194
05/24/2012,18.98,19.032,18.905,19.01,186682
05/25/2012,19.122,19.129,18.972,19.062,91072
05/29/2012,19.092,19.129,18.913,19.025,202397
05/30/2012,19.062,19.144,18.95,19.066,276523
05/31/2012,19.137,19.204,19.055,19.144,229608
06/01/2012,19.129,19.159,18.928,19.01,206832
06/04/2012,19.055,19.069,18.95,19.047,92826
06/05/2012,19.084,19.219,19.062,19.189,134714
06/06/2012,19.181,19.275,19.129,19.166,140569
06/07/2012,19.263,19.263,19.084,19.189,126439
06/08/2012,19.174,19.241,19.114,19.174,79989
06/11/2012,19.278,19.278,19.159,19.174,105522
06/12/2012,19.189,19.368,19.189,19.293,74859
06/13/2012,19.353,19.368,19.293,19.338,98778
06/14/2012,19.308,19.353,18.838,18.905,739871
06/15/2012,18.95,19.174,18.875,19.025,163526
06/18/2012,19.025,19.129,19.01,19.062,224836
06/19/2012,19.122,19.241,19.084,19.219,195339
06/20/2012,19.234,19.286,19.137,19.196,346939
06/21/2012,19.263,19.323,19.196,19.286,136146
06/22/2012,19.249,19.36,19.244,19.323,96984
06/25/2012,19.36,19.36,19.234,19.293,129383
06/26/2012,19.323,19.323,19.204,19.307,147951
06/27/2012,19.386,19.462,19.273,19.356,248939
06/28/2012,19.386,19.485,19.351,19.462,132381
06/29/2012,19.508,19.515,19.364,19.493,147126
07/02/2012,19.47,19.538,19.402,19.523,164004
07/03/2012,19.538,19.697,19.5,19.697,79593
07/05/2012,19.69,19.69,19.546,19.651,74238
07/06/2012,19.652,19.713,19.606,19.682,68115
07/09/2012,19.728,19.826,19.705,19.826,182807
07/10/2012,19.895,19.91,19.819,19.864,202018
07/11/2012,19.917,19.917,19.728,19.826,142237
07/12/2012,19.842,19.94,19.789,19.895,115688
07/13/2012,20.02,20.03,19.728,19.963,259614
07/16/2012,19.993,20.08,19.842,20.05,328659
07/17/2012,20.09,20.09,19.728,19.948,408154
07/18/2012,19.993,20.05,19.925,19.971,257649
07/19/2012,19.986,19.986,19.864,19.978,147794
07/20/2012,20.03,20.09,19.887,20.06,642574
07/23/2012,20.02,20.1,19.773,19.91,214595
07/24/2012,19.993,20.02,19.804,19.918,196667
07/25/2012,19.917,20.024,19.826,20.001,209565
07/26/2012,20.04,20.21,19.96,20.06,275657
07/27/2012,20.22,20.43,20.14,20.28,541654
07/30/2012,20.37,20.41,20.23,20.25,136056
07/31/2012,20.29,20.3,20.07,20.26,155866
08/01/2012,20.26,20.28,20.11,20.18,65487
08/02/2012,20.2,20.37,20.05,20.35,117964
08/03/2012,20.41,20.49,20.4,20.46,74845
08/06/2012,20.48,20.55,20.45,20.52,101036
08/07/2012,20.48,20.64,20.3,20.62,147323
08/08/2012,20.49,20.71,20.37,20.66,180301
08/09/2012,20.64,20.68,20.46,20.55,67384
08/10/2012,20.55,20.6,20.18,20.3,126790
08/13/2012,20.32,20.33,20.2,20.31,89143
08/14/2012,20.27,20.4,20.27,20.37,202137
08/15/2012,20.39,20.46,20.27,20.44,124507
08/16/2012,20.52,20.52,20.25,20.45,105464
08/17/2012,20.41,20.41,20.17,20.22,51778
08/20/2012,20.18,20.27,20.03,20.25,68473
08/21/2012,20.17,20.33,20.15,20.33,47730
08/22/2012,20.3,20.32,20.11,20.25,54120
08/23/2012,20.32,20.32,20.11,20.27,69322
08/24/2012,20.3,20.36,20.14,20.31,62501
08/27/2012,20.39,20.39,20.21,20.27,57517
08/28/2012,20.3,20.38,20.22,20.3,74863
08/29/2012,20.4,20.41,20.02,20.27,109972
08/30/2012,20.3,20.3,20.21,20.3,75513
08/31/2012,20.32,20.4,20.26,20.28,71317
09/04/2012,20.37,20.4,20.3,20.37,31702
09/05/2012,20.41,20.49,20.38,20.41,80254
09/06/2012,20.46,20.56,20.37,20.43,69422
09/07/2012,20.49,20.51,20.44,20.47,43176
09/10/2012,20.5,20.55,20.46,20.55,33134
09/11/2012,20.56,20.62,20.51,20.57,45027
09/12/2012,20.55,20.68,20.51,20.66,84311
09/13/2012,20.66,20.74,20.66,20.74,133838
09/14/2012,20.74,20.75,20.59,20.69,66949
09/17/2012,20.65,20.65,20.47,20.49,62355
09/18/2012,20.56,20.7,20.4,20.58,94410
09/19/2012,20.62,20.7,20.5,20.55,123132
09/20/2012,20.56,20.65,20.53,20.64,51285
09/21/2012,20.55,20.74,20.52,20.56,40654
09/24/2012,20.65,20.69,20.27,20.32,38013
09/25/2012,20.47,20.62,20.3,20.44,60533
09/26/2012,20.51,20.51,20.22,20.39,62605
09/27/2012,20.31,20.58,20.31,20.52,35212
09/28/2012,20.59,20.59,20.51,20.56,46529
10/01/2012,20.61,20.81,20.53,20.79,44413
10/02/2012,20.75,20.75,20.48,20.56,100842
10/03/2012,20.6,20.62,20.33,20.55,34510
10/04/2012,20.57,20.59,20.34,20.42,115626
10/05/2012,20.47,20.57,20.39,20.56,38440
10/08/2012,20.56,20.69,20.45,20.49,33501
10/09/2012,20.6,20.62,20.38,20.45,51784
10/10/2012,20.44,20.62,20.43,20.56,37810
10/11/2012,20.49,20.79,20.49,20.79,65190
10/12/2012,20.82,20.83,20.45,20.66,68639
10/15/2012,20.65,20.66,20.49,20.58,39722
10/16/2012,20.64,20.69,20.57,20.66,31551
10/17/2012,20.72,20.76,20.52,20.64,47609
10/18/2012,20.56,20.96,20.56,20.83,41527
10/19/2012,20.89,20.89,20.55,20.78,52315
10/22/2012,20.77,20.77,20.58,20.66,44747
10/23/2012,20.62,20.65,20.44,20.46,56629
10/24/2012,20.51,20.54,20.29,20.31,38115
10/25/2012,20.39,20.39,20.3,20.32,53965
10/26/2012,20.32,20.42,20.32,20.41,37025
10/31/2012,20.41,20.64,20.41,20.51,44649
11/01/2012,20.48,20.63,20.48,20.58,31361
11/02/2012,20.62,20.7,20.45,20.65,38677
11/05/2012,20.72,20.72,20.56,20.57,42096
11/06/2012,20.65,20.65,20.4,20.45,83489
11/07/2012,20.49,20.55,20.34,20.44,56111
11/08/2012,20.52,20.59,20.44,20.47,59824
11/09/2012,20.48,20.57,20.41,20.52,19321
11/12/2012,20.71,20.71,20.42,20.42,27030
11/13/2012,20.5,20.53,20.26,20.36,40719
11/14/2012,20.42,20.56,19.72,19.9,114614
11/15/2012,19.984,20.05,19.637,19.799,76165
11/16/2012,19.784,20.09,19.722,20.06,99254
11/19/2012,20.12,20.29,20.07,20.29,64347
11/20/2012,20.39,20.56,20.31,20.55,63286
11/21/2012,20.56,20.62,20.23,20.52,36398
11/23/2012,20.59,20.59,20.35,20.56,10874
11/26/2012,20.53,20.56,20.42,20.54,39610
11/27/2012,20.54,20.64,20.33,20.49,52236
11/28/2012,20.53,20.76,20.29,20.6,52867
11/29/2012,20.69,20.69,20.4,20.5,45760
11/30/2012,20.58,20.59,20.38,20.49,35340
12/03/2012,20.32,20.43,20.26,20.32,42279
12/04/2012,20.39,20.56,20.3,20.34,32173
12/05/2012,20.46,20.52,20.38,20.46,39410
12/06/2012,20.32,20.5,20.32,20.45,28753
12/07/2012,20.5,20.54,20.32,20.37,26234
12/10/2012,20.43,20.51,20.26,20.33,68932
12/11/2012,20.35,20.35,20.18,20.27,82817
12/12/2012,20.27,20.32,20.19,20.21,49600
12/13/2012,20.24,20.28,20.2,20.22,46182
12/14/2012,20.29,20.32,20.19,20.19,38171
12/17/2012,20.24,20.32,20.15,20.18,56667
12/18/2012,20.15,20.27,20.09,20.14,51478
12/19/2012,20.18,20.4,20.14,20.38,56925
12/20/2012,20.31,20.46,20.29,20.35,45766
12/21/2012,20.38,20.38,20.19,20.27,61764
12/24/2012,20.38,20.38,20.21,20.32,15410
12/26/2012,20.42,20.42,20.25,20.26,27135
12/27/2012,20.22,20.47,20.22,20.35,27728
12/28/2012,20.37,20.46,20.24,20.46,64212
12/31/2012,20.47,20.61,20.28,20.54,50755
01/02/2013,20.7,20.75,20.54,20.58,40814
01/03/2013,20.49,20.8,20.49,20.79,54836
01/04/2013,20.81,20.89,20.61,20.7,71824
01/07/2013,20.74,20.83,20.64,20.72,28846
01/08/2013,20.82,20.99,20.81,20.9,66430
01/09/2013,20.83,20.94,20.74,20.83,45380
01/10/2013,20.94,20.94,20.65,20.75,91905
01/11/2013,20.82,20.82,20.67,20.74,59807
01/14/2013,20.69,20.94,20.69,20.79,76227
01/15/2013,20.87,20.9,20.68,20.77,71393
01/16/2013,20.78,20.97,20.75,20.89,68244
01/17/2013,21.03,21.12,20.94,21.08,49652
01/18/2013,21.08,21.33,21.08,21.33,72891
01/22/2013,21.08,21.25,21.05,21.12,120298
01/23/2013,21.17,21.17,20.85,20.97,59998
01/24/2013,20.99,21.13,20.79,21.03,81671
01/25/2013,21.12,21.12,20.9,21.08,55665
01/28/2013,21.06,21.12,20.91,20.95,37544
01/29/2013,21.06,21.07,20.84,21.01,35670
01/30/2013,21.04,21.1,20.94,21.01,25561
01/31/2013,21.08,21.15,20.87,20.88,64611
02/01/2013,21,21.21,21,21.21,36599
02/04/2013,21.08,21.17,20.99,21.12,32771
02/05/2013,21.06,21.26,21.06,21.21,30937
02/06/2013,21.09,21.2,21.06,21.09,48051
02/07/2013,21.03,21.19,21.03,21.19,40564
02/08/2013,21.18,21.2,21.06,21.17,48064
02/11/2013,21.18,21.2,21.09,21.15,25692
02/12/2013,21.2,21.25,21.12,21.19,42743
02/13/2013,21.24,21.24,21.07,21.09,67784
02/14/2013,20.86,20.93,20.32,20.39,323828
02/15/2013,20.41,20.44,20.12,20.2,383645
02/19/2013,20.21,20.51,20.19,20.43,259802
02/20/2013,20.46,20.61,20.41,20.56,100128
02/21/2013,20.41,20.61,20.41,20.51,62819
02/22/2013,20.58,20.75,20.47,20.72,65308
02/25/2013,20.85,20.88,20.74,20.75,35285
02/26/2013,20.9,20.9,20.72,20.75,59632
02/27/2013,20.71,20.94,20.71,20.86,34627
02/28/2013,20.89,20.94,20.79,20.79,85859
03/01/2013,20.75,20.83,20.73,20.79,24283
03/04/2013,20.85,20.85,20.75,20.8,37893
03/05/2013,20.86,20.93,20.79,20.88,62756
03/06/2013,20.88,21.01,20.81,20.91,56520
03/07/2013,20.89,21.01,20.86,20.94,22462
03/08/2013,21.01,21.04,20.93,20.95,32620
03/11/2013,21.02,21.02,20.8,20.9,61121
03/12/2013,20.89,20.97,20.81,20.81,60701
03/13/2013,20.91,21.17,20.86,20.98,35808
03/14/2013,20.97,21.05,20.9,20.98,52242
03/15/2013,20.9,20.99,20.9,20.97,31907
03/18/2013,21.05,21.05,20.86,20.97,37206
03/19/2013,20.95,21.09,20.94,21.02,60002
03/20/2013,21.06,21.06,20.91,20.98,52616
03/21/2013,21.07,21.19,20.98,20.99,60477
03/22/2013,21.18,21.2,21.08,21.12,34564
03/25/2013,21.26,21.26,21.1,21.15,75705
03/26/2013,21.29,21.32,21.23,21.23,42670
03/27/2013,21.23,21.26,21.22,21.24,56029
03/28/2013,21.34,21.48,21.27,21.42,80577
04/01/2013,21.49,21.5,21.34,21.41,38949
04/02/2013,21.49,21.49,21.28,21.28,63821
04/03/2013,21.38,21.51,21.33,21.42,68788
04/04/2013,21.41,21.48,21.3,21.39,30413
04/05/2013,21.39,21.42,21.24,21.38,29340
04/08/2013,21.47,21.47,21.15,21.22,34826
04/09/2013,21.14,21.26,21.04,21.13,72218
04/10/2013,21.26,21.37,21.05,21.18,54506
04/11/2013,21.26,21.26,21.05,21.11,73990
04/12/2013,21.07,21.3,21.03,21.3,37988
04/15/2013,21.2,21.45,21.17,21.43,45587
04/16/2013,21.4,21.57,21.4,21.48,67878
04/17/2013,21.59,21.66,21.45,21.66,37088
04/18/2013,21.57,21.73,21.57,21.72,17665
04/19/2013,21.69,21.88,21.56,21.56,54891
04/22/2013,21.57,21.62,21.32,21.42,51380
04/23/2013,21.52,21.58,21.11,21.28,65798
04/24/2013,21.33,21.37,21.23,21.37,26622
04/25/2013,21.46,21.46,21.32,21.35,32769
04/26/2013,21.45,21.66,21.38,21.62,22444
04/29/2013,21.61,21.82,21.61,21.77,32906
04/30/2013,21.7,21.81,21.55,21.71,57238
05/01/2013,21.72,21.74,21.52,21.58,19581
05/02/2013,21.53,21.83,21.53,21.74,36353
05/03/2013,21.83,21.86,21.7,21.81,21599
05/06/2013,21.74,21.77,21.65,21.76,26545
05/07/2013,21.7,21.97,21.68,21.96,70224
05/08/2013,21.87,22.08,21.87,21.96,98242
05/09/2013,21.93,22.09,21.93,22.06,65477
05/10/2013,22.01,22.05,21.74,22.05,65069
05/13/2013,21.99,22.11,21.66,21.69,63310
05/14/2013,21.65,21.68,21.19,21.31,173432
05/15/2013,21.31,21.48,21.3,21.43,74545
05/16/2013,21.45,21.51,21.34,21.41,53734
05/17/2013,21.43,21.48,21.35,21.42,110029
05/20/2013,21.48,23.11,21.36,21.38,22671
05/21/2013,21.38,21.59,21.38,21.52,62742
05/22/2013,21.52,21.62,21.46,21.58,71357
05/23/2013,21.46,21.48,21.34,21.47,45356
05/24/2013,21.45,21.57,21.42,21.54,34166
05/28/2013,21.56,21.63,21.39,21.41,73837
05/29/2013,21.41,21.41,20.99,21.14,72873
05/30/2013,21.19,21.2,21.11,21.17,62539
05/31/2013,21.16,21.2,20.93,20.96,157336
06/03/2013,20.88,20.88,20.49,20.64,96975
06/04/2013,20.7,20.78,20.49,20.67,74329
06/05/2013,20.61,20.63,20.51,20.57,50204
06/06/2013,20.49,20.73,20.49,20.67,52448
06/07/2013,20.63,20.75,20.62,20.71,29432
06/10/2013,20.73,20.91,20.59,20.86,52146
06/11/2013,20.83,20.83,20.34,20.42,108802
06/12/2013,20.43,20.5,19.415,19.838,216231
06/13/2013,19.846,20.39,19.535,20.35,117124
06/14/2013,20.24,20.67,20.24,20.67,110163
06/17/2013,20.87,20.89,20.48,20.65,65827
06/18/2013,20.63,20.73,20.45,20.67,67027
06/19/2013,20.73,20.89,20.48,20.63,84418
06/20/2013,20.63,20.63,20.01,20.13,100622
06/21/2013,20.38,20.39,19.933,20.05,79413
06/24/2013,19.63,20.09,19.136,19.886,117892
06/25/2013,20.13,20.13,19.654,20.11,187319
06/26/2013,20.12,20.81,20.12,20.57,70177
06/27/2013,20.6,20.89,20.6,20.7,61422
06/28/2013,20.73,20.96,20.44,20.96,54940
07/01/2013,20.87,21,20.69,20.81,43330
07/02/2013,20.81,20.83,20.62,20.79,52418
07/03/2013,20.69,20.78,20.51,20.51,29095
07/05/2013,20.51,20.51,20.15,20.27,47906
07/08/2013,20.29,20.34,19.93,20.08,78818
07/09/2013,20.25,20.33,20.04,20.23,69710
07/10/2013,20.24,20.46,20.14,20.29,106081
07/11/2013,20.44,20.56,20.31,20.33,52485
07/12/2013,20.35,20.47,20.29,20.31,55216
07/15/2013,20.33,20.53,20.3,20.52,43711
07/16/2013,20.47,20.53,20.33,20.34,54349
07/17/2013,20.47,20.65,20.37,20.46,57349
07/18/2013,20.55,20.55,20.38,20.38,60427
07/19/2013,20.45,20.59,20.32,20.55,94698
07/22/2013,20.54,20.58,20.42,20.49,103409
07/23/2013,20.48,20.63,20.41,20.63,35047
07/24/2013,20.52,20.6,20.4,20.5,54456
07/25/2013,20.38,20.45,20.29,20.41,57245
07/26/2013,20.34,20.55,20.34,20.47,36014
07/29/2013,20.4,20.44,20.3,20.37,56537
07/30/2013,20.45,20.5,20.29,20.41,50520
07/31/2013,20.3,20.51,20.3,20.41,74135
08/01/2013,20.42,20.42,20.21,20.25,94525
08/02/2013,20.37,20.6,20.29,20.49,111841
08/05/2013,20.53,20.53,20.33,20.35,53292
08/06/2013,20.29,20.32,20.12,20.21,102350
08/07/2013,20.29,20.38,20.19,20.19,63775
08/08/2013,20.21,20.38,20.19,20.36,46781
08/09/2013,20.29,20.43,20.2,20.2,27265
08/12/2013,20.2,20.29,20.08,20.14,43824
08/13/2013,20.12,20.16,19.95,20,106283
08/14/2013,19.913,20.05,19.837,19.937,81080
08/15/2013,19.848,19.913,19.475,19.685,85854
08/16/2013,19.759,19.888,19.507,19.775,65239
08/19/2013,19.824,19.824,18.923,19.278,109099
08/20/2013,19.085,19.41,18.914,19.012,81079
08/21/2013,18.899,19.393,18.752,19.231,84694
08/22/2013,19.15,19.531,19.113,19.458,95271
08/23/2013,19.483,19.751,19.483,19.718,53993
08/26/2013,19.734,19.856,19.499,19.509,50357
08/27/2013,19.45,19.751,19.288,19.751,56012
08/28/2013,19.742,19.872,19.669,19.872,44874
08/29/2013,19.799,20,19.742,19.913,80831
08/30/2013,19.961,20.02,19.905,19.905,49263
09/03/2013,19.824,19.961,19.604,19.913,40151
09/04/2013,19.978,19.978,19.702,19.978,52507
09/05/2013,19.897,20.042,19.84,20.03,48799
09/06/2013,20,20.08,19.897,19.913,29305
09/09/2013,19.848,20.034,19.775,19.815,33413
09/10/2013,19.775,19.978,19.718,19.734,61293
09/11/2013,19.775,19.975,19.71,19.832,62605
09/12/2013,20.01,20.06,19.824,19.913,52295
09/13/2013,19.84,19.88,19.742,19.815,54725
09/16/2013,19.913,19.913,19.734,19.734,58029
09/17/2013,19.718,19.848,19.694,19.726,45482
09/18/2013,19.726,20.14,19.718,19.978,47224
09/19/2013,20.08,20.11,19.887,19.937,45129
09/20/2013,19.905,20.018,19.694,19.742,75478
09/23/2013,19.751,19.986,19.588,19.88,54953
09/24/2013,19.815,20.07,19.775,19.945,50658
09/25/2013,19.945,20.12,19.913,19.986,85824
09/26/2013,20.16,20.16,19.98,20.02,53975
09/27/2013,20.02,20.1,19.761,19.888,47881
09/30/2013,19.877,20.11,19.745,20.11,64912
10/01/2013,20.16,20.23,20,20.08,71197
10/02/2013,20.08,20.22,20.05,20.17,63652
10/03/2013,20.22,20.24,20.16,20.17,49298
10/04/2013,20.27,20.32,20.1,20.15,90438
10/07/2013,20.14,20.14,20.02,20.06,50071
10/08/2013,20.08,20.12,19.852,19.951,60037
10/09/2013,19.877,19.902,19.687,19.712,40743
10/10/2013,19.745,19.885,19.72,19.745,31167
10/11/2013,19.745,19.786,19.687,19.72,28772
10/14/2013,19.679,19.811,19.563,19.761,43605
10/15/2013,19.786,19.852,19.513,19.546,47572
10/16/2013,19.505,19.728,19.505,19.596,41566
10/17/2013,19.629,19.844,19.604,19.728,49052
10/18/2013,19.728,19.943,19.72,19.935,69257
10/21/2013,19.91,20.14,19.877,20.12,75622
10/22/2013,20.24,20.49,20.2,20.37,67954
10/23/2013,20.3,20.52,20.3,20.46,52382
10/24/2013,20.41,20.46,20.22,20.32,47482
10/25/2013,20.27,20.43,20.27,20.37,25571
10/28/2013,20.28,20.46,20.18,20.27,43806
10/29/2013,20.38,20.39,20.23,20.34,41082
10/30/2013,20.36,20.5,20.26,20.47,156483
10/31/2013,20.49,20.54,20.38,20.42,63721
11/01/2013,20.43,20.49,20.36,20.46,29840
11/04/2013,20.41,20.46,20.29,20.31,43806
11/05/2013,20.31,20.38,20.2,20.31,43215
11/06/2013,20.28,20.41,20.28,20.35,26923
11/07/2013,20.4,20.42,20.3,20.41,26319
11/08/2013,20.32,20.36,20.19,20.27,65486
11/11/2013,20.32,20.33,20.25,20.28,18942
11/12/2013,20.22,20.34,20.22,20.31,57759
11/13/2013,20.26,20.34,20.18,20.27,49196
11/14/2013,20.21,20.36,20.21,20.33,46092
11/15/2013,20.27,20.34,20.25,20.27,36933
11/18/2013,20.28,20.39,20.24,20.32,54882
11/19/2013,20.33,20.33,20.15,20.17,70376
11/20/2013,20.12,20.22,19.951,19.968,64555
11/21/2013,19.959,20.06,19.885,19.945,70694
11/22/2013,19.992,20.2,19.918,20.2,65934
11/25/2013,20.23,20.23,19.926,20.08,110407
11/26/2013,20.18,20.32,20.14,20.22,85410
11/27/2013,20.3,20.4,20.21,20.27,81218
11/29/2013,20.26,20.32,20.18,20.31,34779
12/02/2013,20.23,20.3,20.15,20.18,45433
12/03/2013,20.22,20.27,20.1,20.17,67543
12/04/2013,20.1,20.1,19.827,19.869,63312
12/05/2013,19.745,19.819,19.48,19.489,80413
12/06/2013,19.472,19.596,19.282,19.397,122805
12/09/2013,19.447,19.53,19.249,19.274,103650
12/10/2013,19.298,19.307,19.042,19.084,95175
12/11/2013,19.009,19.078,18.819,18.927,92187
12/12/2013,18.778,18.836,18.505,18.695,124581
12/13/2013,18.654,19.067,18.654,19.067,120827
12/16/2013,19.191,19.332,18.993,19.332,97612
12/17/2013,19.323,19.555,19.216,19.455,109348
12/18/2013,19.389,19.658,19.307,19.414,99738
12/19/2013,19.348,19.522,19.133,19.133,103129
12/20/2013,19.191,19.447,19.117,19.356,76705
12/23/2013,19.356,19.512,19.084,19.108,101374
12/24/2013,19.117,19.117,18.927,19.009,23598
12/26/2013,18.852,19.051,18.72,18.728,61461
12/27/2013,18.752,18.786,18.516,18.676,178225
12/30/2013,18.482,18.651,18.356,18.557,176934
12/31/2013,18.457,18.525,18.255,18.516,171468
01/02/2014,18.331,18.769,18.272,18.727,68044
01/03/2014,18.811,19.232,18.744,19.156,79060
01/06/2014,19.3,19.637,19.165,19.493,103144
01/07/2014,19.502,19.599,19.266,19.51,81113
01/08/2014,19.434,19.687,19.409,19.637,63965
01/09/2014,19.628,19.839,19.628,19.78,47185
01/10/2014,19.898,20.06,19.847,19.889,39686
01/13/2014,19.864,20.28,19.864,19.982,73635
01/14/2014,19.965,20.13,19.965,20.06,86785
01/15/2014,20.05,20.12,19.906,20.11,81144
01/16/2014,20.13,20.23,20.09,20.18,83947
01/17/2014,20.16,20.4,20.15,20.24,86110
01/21/2014,20.2,20.3,20.2,20.24,66507
01/22/2014,20.3,20.4,20.27,20.35,53382
01/23/2014,20.41,20.52,20.34,20.39,130116
01/24/2014,20.39,20.39,20.22,20.34,60073
01/27/2014,20.34,20.38,20.25,20.28,46411
01/28/2014,20.26,20.39,20.26,20.31,58006
01/29/2014,20.27,20.36,20.23,20.26,89298
01/30/2014,20.29,20.45,20.29,20.38,49803
01/31/2014,20.38,20.43,20.3,20.35,84014
02/03/2014,20.32,20.39,20.26,20.29,74738
02/04/2014,20.29,20.36,20.29,20.33,43068
02/05/2014,20.28,20.35,20.26,20.27,43765
02/06/2014,20.24,20.29,20.23,20.26,47965
02/07/2014,20.27,20.4,20.27,20.36,57874
02/10/2014,20.32,20.55,20.32,20.52,33273
02/11/2014,20.49,20.55,20.49,20.51,59254
02/12/2014,20.51,20.62,20.45,20.51,60283
02/13/2014,20.47,20.55,20.47,20.53,45220
02/14/2014,20.56,20.7,20.56,20.69,53667
02/18/2014,20.8,20.91,20.69,20.89,52566
02/19/2014,20.87,21.04,20.85,21,137714
02/20/2014,20.98,21.02,20.92,20.96,118182
02/21/2014,20.98,21.1,20.98,20.99,26277
02/24/2014,20.98,21.04,20.95,20.96,52272
02/25/2014,20.97,21.03,20.9,20.95,74504
02/26/2014,20.93,21.06,20.93,21.01,59261
02/27/2014,20.98,21.18,20.98,21.1,50135
02/28/2014,21.07,21.38,21.07,21.28,61476
03/03/2014,21.18,21.25,21.15,21.23,37335
03/04/2014,21.23,21.31,21.23,21.27,37347
03/05/2014,21.3,21.3,21.15,21.24,39411
03/06/2014,21.17,21.35,21.1,21.16,47709
03/07/2014,21.15,21.17,21.06,21.13,36146
03/10/2014,21.09,21.23,21.09,21.23,42835
03/11/2014,21.13,21.31,21.13,21.31,26865
03/12/2014,21.26,21.48,21.26,21.36,35610
03/13/2014,21.35,21.53,21.35,21.49,43809
03/14/2014,21.51,21.69,21.48,21.67,38406
03/17/2014,21.66,21.85,21.66,21.74,46776
03/18/2014,21.74,21.89,21.7,21.89,57685
03/19/2014,21.89,21.89,21.59,21.77,59133
03/20/2014,21.73,21.73,21.55,21.65,60760
03/21/2014,21.65,21.68,21.6,21.68,37290
03/24/2014,21.62,21.83,21.62,21.75,39979
03/25/2014,21.79,21.88,21.74,21.88,32340
03/26/2014,21.86,21.89,21.8,21.82,28081
03/27/2014,21.98,21.98,21.6,21.7,89907
03/28/2014,21.7,21.76,21.64,21.7,59773
03/31/2014,21.72,21.78,21.65,21.7,46266
04/01/2014,21.69,21.88,21.65,21.87,45037
04/02/2014,21.85,21.94,21.7,21.8,30313
04/03/2014,21.84,21.85,21.81,21.84,31738
04/04/2014,21.86,21.88,21.76,21.78,28379
04/07/2014,21.78,21.82,21.77,21.79,27000
04/08/2014,21.76,21.81,21.76,21.77,26765
04/09/2014,21.78,21.85,21.78,21.8,44150
04/10/2014,21.85,21.85,21.74,21.76,37789
04/11/2014,21.76,21.78,21.68,21.69,44623
04/14/2014,21.72,21.8,21.7,21.77,21873
04/15/2014,21.75,21.83,21.7,21.78,27385
04/16/2014,21.8,21.82,21.76,21.77,22190
04/17/2014,21.83,21.92,21.69,21.87,138903
04/21/2014,21.81,21.87,21.73,21.73,35180
04/22/2014,21.75,21.89,21.75,21.89,14176
04/23/2014,21.9,21.98,21.85,21.92,36229
04/24/2014,21.92,22.01,21.89,21.99,39326
04/25/2014,21.97,22.12,21.89,22.09,52908
04/28/2014,22.12,22.24,22.07,22.23,28703
04/29/2014,22.19,22.35,22.19,22.29,44691
04/30/2014,22.24,22.39,22.24,22.39,41076
05/01/2014,22.37,22.48,22.36,22.47,22682
05/02/2014,22.42,22.45,22.3,22.34,31078
05/05/2014,22.34,22.49,22.32,22.32,35675
05/06/2014,22.34,22.38,22.28,22.31,49107
05/07/2014,22.3,22.44,22.3,22.36,38464
05/08/2014,22.35,22.45,22.35,22.39,27142
05/09/2014,22.47,22.47,22.31,22.36,51682
05/12/2014,22.44,22.47,22.36,22.39,34079
05/13/2014,22.38,22.54,22.38,22.47,40567
05/14/2014,22.5,22.51,22.43,22.46,69765
05/15/2014,22.47,22.49,22.4,22.41,24955
05/16/2014,22.38,22.41,22.3,22.35,37512
05/19/2014,22.36,22.42,22.28,22.28,107537
05/20/2014,22.29,22.33,22.25,22.3,34067
05/21/2014,22.3,22.35,22.28,22.28,28235
05/22/2014,22.34,22.34,22.12,22.16,36801
05/23/2014,22.12,22.15,21.88,21.96,46329
05/27/2014,22,22.21,22,22.19,45612
05/28/2014,22.18,22.24,22.16,22.19,40724
05/29/2014,22.17,22.48,22.15,22.48,46851
05/30/2014,22.4,22.51,22.39,22.48,61939
06/02/2014,22.45,22.46,22.35,22.39,29806
06/03/2014,22.32,22.39,22.25,22.25,25448
06/04/2014,22.24,22.29,21.94,22.29,63442
06/05/2014,22.12,22.25,21.95,22.25,45180
06/06/2014,22.23,22.37,22.23,22.33,43371
06/09/2014,22.3,22.31,22.1,22.1,64162
06/10/2014,22.12,22.12,21.96,21.96,45551
06/11/2014,21.92,22.06,21.89,22.05,32259
06/12/2014,22,22.15,22,22.12,46705
06/13/2014,22.11,22.33,22.11,22.3,55052
06/16/2014,22.28,22.42,22.28,22.38,59721
06/17/2014,22.36,22.61,22.36,22.6,61892
06/18/2014,22.57,22.77,22.57,22.74,43706
06/19/2014,22.69,22.7,22.61,22.68,38793
06/20/2014,22.63,22.63,22.54,22.59,19859
06/23/2014,22.59,22.66,22.57,22.59,30431
06/24/2014,22.59,22.68,22.59,22.67,40265
06/25/2014,22.63,22.78,22.62,22.77,27873
06/26/2014,22.8,22.8,22.63,22.67,86761
06/27/2014,22.77,22.77,22.63,22.67,36931
06/30/2014,22.72,22.74,22.59,22.59,32562
07/01/2014,22.58,22.71,22.58,22.66,20780
07/02/2014,22.77,22.78,22.62,22.64,20004
07/03/2014,22.7,22.7,22.57,22.57,23778
07/07/2014,22.57,22.58,22.4,22.41,40382
07/08/2014,22.4,22.5,22.33,22.39,22807
07/09/2014,22.36,22.48,22.36,22.44,41043
07/10/2014,22.39,22.49,22.35,22.38,36768
07/11/2014,22.39,22.8,22.35,22.79,95848
07/14/2014,22.73,22.95,22.73,22.82,64622
07/15/2014,22.82,22.9,22.8,22.9,37284
07/16/2014,22.84,22.89,22.71,22.83,60574
07/17/2014,22.78,22.84,22.59,22.65,37511
07/18/2014,22.57,22.86,22.57,22.85,35433
07/21/2014,22.75,22.92,22.74,22.76,33384
07/22/2014,22.71,22.75,22.61,22.66,16629
07/23/2014,22.61,22.77,22.61,22.75,26431
07/24/2014,22.71,22.77,22.7,22.74,8666
07/25/2014,22.68,22.82,22.67,22.82,13707
07/28/2014,22.74,22.88,22.72,22.77,18209
07/29/2014,22.84,22.92,22.79,22.83,47934
07/30/2014,22.81,22.82,22.72,22.75,18742
07/31/2014,22.68,22.68,22.4,22.42,40623
08/01/2014,22.4,22.53,22.23,22.34,51593
08/04/2014,22.36,22.4,22.17,22.19,45929
08/05/2014,22.19,22.33,22.19,22.3,37713
08/06/2014,22.23,22.42,22.23,22.35,23553
08/07/2014,22.42,22.61,22.38,22.61,30607
08/08/2014,22.61,22.62,22.5,22.53,25505
08/11/2014,22.53,22.59,22.44,22.51,45795
08/12/2014,22.49,22.6,22.48,22.57,30960
08/13/2014,22.53,22.77,22.53,22.77,33780
08/14/2014,22.75,22.78,22.67,22.78,32639
08/15/2014,22.74,22.8,22.71,22.77,14891
08/18/2014,22.81,22.91,22.77,22.87,18242
08/19/2014,22.83,22.9,22.77,22.84,28962
08/20/2014,22.83,22.84,22.76,22.81,31975
08/21/2014,22.84,22.88,22.8,22.83,14771
08/22/2014,22.79,22.79,22.71,22.79,9182
08/25/2014,22.8,22.83,22.77,22.83,11847
08/26/2014,22.77,22.87,22.75,22.87,40257
08/27/2014,22.82,22.91,22.78,22.87,13671
08/28/2014,22.91,22.91,22.83,22.84,15250
08/29/2014,22.9,22.9,22.75,22.75,31291
09/02/2014,22.82,22.84,22.7,22.81,18672
09/03/2014,22.85,22.87,22.6,22.82,26784
09/04/2014,22.81,22.84,22.5,22.53,33731
09/05/2014,22.51,22.68,22.43,22.45,19490
09/08/2014,22.43,22.55,22.32,22.33,36979
09/09/2014,22.39,22.4,22.28,22.32,46523
09/10/2014,22.36,22.47,22.25,22.26,102435
09/11/2014,22.26,22.32,22.17,22.26,56158
09/12/2014,22.23,22.26,22.14,22.23,84994
09/15/2014,22.27,22.32,22.23,22.32,30182
09/16/2014,22.37,22.37,22.3,22.3,37813
09/17/2014,22.28,22.43,22.28,22.42,17381
09/18/2014,22.41,22.53,22.41,22.48,21227
09/19/2014,22.54,22.54,22.4,22.42,24768
09/22/2014,22.5,22.5,22.22,22.3,102707
09/23/2014,22.34,22.35,22.17,22.23,51158
09/24/2014,22.26,22.26,22.15,22.23,38863
09/25/2014,22.22,22.24,22.16,22.23,35618
09/26/2014,22.25,22.27,22.21,22.26,69490
09/29/2014,22.29,22.29,22.22,22.27,67294
09/30/2014,22.26,22.32,22.24,22.3,56345
10/01/2014,22.33,22.33,22.23,22.24,33367
10/02/2014,22.27,22.34,22.23,22.27,55104
10/03/2014,22.29,22.33,22.27,22.29,38794
10/06/2014,22.3,22.46,22.28,22.41,42191
10/07/2014,22.44,22.44,22.36,22.44,16281
10/08/2014,22.44,22.6,22.44,22.53,54748
10/09/2014,22.58,22.62,22.41,22.51,27151
10/10/2014,22.47,22.59,22.42,22.55,22824
10/13/2014,22.57,22.59,22.53,22.53,28286
10/14/2014,22.55,22.6,22.54,22.58,60176
10/15/2014,22.52,22.6,22.48,22.53,41665
10/16/2014,22.38,22.63,22.38,22.62,35770
10/17/2014,22.62,22.75,22.52,22.53,96003
10/20/2014,22.61,22.73,22.54,22.67,40753
10/21/2014,22.71,22.82,22.67,22.67,55611
10/22/2014,22.72,22.74,22.66,22.7,36720
10/23/2014,22.7,22.75,22.68,22.71,30782
10/24/2014,22.71,22.78,22.7,22.75,24533
10/27/2014,22.74,22.78,22.7,22.78,16575
10/28/2014,22.82,22.85,22.73,22.78,26686
10/29/2014,22.82,22.82,22.71,22.72,35457
10/30/2014,22.72,22.82,22.72,22.76,33369
10/31/2014,22.82,22.82,22.75,22.76,38961
11/03/2014,22.81,23.01,22.79,22.92,30180
11/04/2014,22.97,22.98,22.89,22.91,32575
11/05/2014,22.96,22.96,22.89,22.94,39991
11/06/2014,22.96,22.97,22.92,22.92,41931
11/07/2014,22.93,23,22.9,22.98,37476
11/10/2014,22.96,23,22.92,22.96,32454
11/11/2014,23.03,23.07,22.94,23.07,36536
11/12/2014,23.06,23.07,22.99,23.01,24351
11/13/2014,23.07,23.09,23.02,23.08,28502
11/14/2014,23.02,23.15,23.02,23.15,34273
11/17/2014,23.16,23.16,23.09,23.12,33467
11/18/2014,23.11,23.17,23.07,23.07,28381
11/19/2014,23.14,23.15,23.07,23.14,30108
11/20/2014,23.06,23.21,23.06,23.15,29981
11/21/2014,23.17,23.2,23.13,23.15,27252
11/24/2014,23.17,23.18,23.13,23.18,27029
11/25/2014,23.21,23.23,23.16,23.18,18631
11/26/2014,23.23,23.33,23.19,23.33,27456
11/28/2014,23.33,23.36,23.31,23.34,15411
12/01/2014,23.31,23.32,23.15,23.2,20370
12/02/2014,23.2,23.25,23.12,23.22,38823
12/03/2014,23.22,23.27,23.07,23.11,99376
12/04/2014,23.11,23.11,22.99,23.1,115968
12/05/2014,23.07,23.21,23.02,23.16,121375
12/08/2014,23.16,23.17,23.1,23.17,23090
12/09/2014,23.1,23.21,23.1,23.21,26557
12/10/2014,23.18,23.18,23.1,23.16,14090
12/11/2014,23.16,23.25,23.08,23.08,30557
12/12/2014,23.08,23.08,22.98,23,28619
12/15/2014,22.99,23.02,22.85,22.9,38667
12/16/2014,22.91,23,22.88,22.98,33937
12/17/2014,22.98,23.02,22.94,22.99,71976
12/18/2014,23.05,23.14,23.05,23.1,27982
12/19/2014,23.08,23.36,23.08,23.31,20700
12/22/2014,23.33,23.35,23.26,23.35,15207
12/23/2014,23.35,23.35,23.27,23.3,12844
12/24/2014,23.29,23.31,23.17,23.19,15318
12/26/2014,23.26,23.26,23.15,23.2,17953
12/29/2014,22.94,22.98,22.86,22.96,18809
12/30/2014,22.91,23.08,22.91,23.08,11037
12/31/2014,23.04,23.17,23.03,23.17,24081
01/02/2015,23.09,23.26,23.09,23.23,37899
01/05/2015,23.23,23.23,23.03,23.16,28745
01/06/2015,23.17,23.23,23.15,23.21,24657
01/07/2015,23.27,23.28,23.22,23.26,17498
01/08/2015,23.3,23.34,23.26,23.27,21526
01/09/2015,23.25,23.27,23.23,23.27,5469
01/12/2015,23.21,23.26,23.17,23.21,16302
01/13/2015,23.21,23.23,23.15,23.22,19741
01/14/2015,23.19,23.23,23.18,23.2,17945
01/15/2015,23.22,23.26,23.15,23.23,20878
01/16/2015,23.2,23.26,23.15,23.21,48327
01/20/2015,23.19,23.23,23.14,23.15,34986
01/21/2015,23.19,23.23,23.07,23.07,53535
01/22/2015,23.16,23.2,23.13,23.15,52007
01/23/2015,23.18,23.25,23.18,23.21,38718
01/26/2015,23.22,23.27,23.2,23.27,30427
01/27/2015,23.23,23.34,23.23,23.28,22465
01/28/2015,23.27,23.32,23.24,23.3,40329
01/29/2015,23.34,23.36,23.24,23.25,15728
01/30/2015,23.31,23.31,23.18,23.21,43601
02/02/2015,23.2,23.22,23.09,23.15,34382
02/03/2015,23.19,23.26,23.19,23.23,21827
02/04/2015,23.25,23.28,23.2,23.24,25971
02/05/2015,23.26,23.31,23.23,23.24,36312
02/06/2015,23.28,23.28,23.05,23.09,47697
02/09/2015,23.05,23.12,22.93,23.12,32218
02/10/2015,23.07,23.17,23.07,23.15,17338
02/11/2015,23.16,23.19,23.14,23.18,22298
02/12/2015,23.16,23.23,23.09,23.15,48783
02/13/2015,23.12,23.22,23.12,23.16,19732
02/17/2015,23.13,23.18,23.1,23.1,43558
02/18/2015,23.03,23.05,22.72,22.87,101005
02/19/2015,22.87,23.05,22.76,23.01,33271
02/20/2015,23.04,23.16,22.99,23.02,35650
02/23/2015,23.06,23.23,23.06,23.19,18950
02/24/2015,23.17,23.31,23.17,23.31,19999
02/25/2015,23.25,23.33,23.25,23.27,30645
02/26/2015,23.2,23.41,23.19,23.4,28891
02/27/2015,23.4,23.47,23.26,23.3,29157
03/02/2015,23.38,23.45,23.35,23.41,25836
03/03/2015,23.38,23.49,23.38,23.47,26695
03/04/2015,23.46,23.61,23.45,23.59,29427
03/05/2015,23.54,23.62,23.54,23.61,16662
03/06/2015,23.47,23.54,23.15,23.19,25652
03/09/2015,23.17,23.21,23.08,23.21,22317
03/10/2015,23.27,23.39,23.15,23.37,16844
03/11/2015,23.28,23.45,23.28,23.38,13610
03/12/2015,23.36,23.37,23.23,23.32,24665
03/13/2015,23.39,23.39,23.25,23.3,23301
03/16/2015,23.32,23.36,23.27,23.27,16700
03/17/2015,23.23,23.24,23.12,23.15,27368
03/18/2015,23.18,23.31,23.13,23.23,25365
03/19/2015,23.25,23.33,23.23,23.31,25789
03/20/2015,23.35,23.54,23.33,23.46,43921
03/23/2015,23.52,23.61,23.5,23.54,21864
03/24/2015,23.52,23.56,23.38,23.48,34811
03/25/2015,23.54,23.57,23.52,23.56,19772
03/26/2015,23.52,23.61,23.49,23.61,37644
03/27/2015,23.22,23.3,23.19,23.28,18805
03/30/2015,23.29,23.37,23.24,23.35,30637
03/31/2015,23.32,23.49,23.32,23.39,26879
04/01/2015,23.31,23.43,23.31,23.36,24801
04/02/2015,23.36,23.45,23.35,23.42,19195
04/06/2015,23.47,23.47,23.35,23.35,27956
04/07/2015,23.38,23.38,23.34,23.36,17697
04/08/2015,23.39,23.41,23.22,23.35,38732
04/09/2015,23.33,23.44,23.33,23.37,16725
04/10/2015,23.4,23.4,23.22,23.23,21511
04/13/2015,23.23,23.3,23.11,23.11,42148
04/14/2015,23.17,23.23,23.12,23.15,27589
04/15/2015,23.14,23.43,23.12,23.39,78147
04/16/2015,23.32,23.46,23.32,23.4,60608
04/17/2015,23.4,23.41,23.27,23.28,97558
04/20/2015,23.27,23.33,23.25,23.25,67865
04/21/2015,23.22,23.46,23.22,23.46,34742
04/22/2015,23.43,23.49,23.4,23.48,20825
04/23/2015,23.49,23.49,23.42,23.47,17519
04/24/2015,23.44,23.46,23.34,23.36,17122
04/27/2015,23.31,23.39,23.18,23.27,28171
04/28/2015,23.23,23.38,23.23,23.3,27422
04/29/2015,23.09,23.38,23.07,23.3,70804
04/30/2015,23.34,23.35,23.23,23.27,17227
05/01/2015,23.19,23.33,22.86,22.89,196167
05/04/2015,22.96,23.01,22.92,22.92,71492
05/05/2015,22.9,22.92,22.79,22.85,45596
05/06/2015,22.86,22.86,22.45,22.45,84623
05/07/2015,22.54,22.85,22.54,22.83,67736
05/08/2015,23.01,23.15,22.96,22.98,36678
05/11/2015,23.02,23.07,22.73,22.74,35563
05/12/2015,22.74,23.04,22.74,22.99,60869
05/13/2015,22.99,23.16,22.99,23.14,43880
05/14/2015,23.13,23.39,23.13,23.23,41860
05/15/2015,23.2,23.23,23.1,23.12,18213
05/18/2015,23.15,23.17,23.07,23.17,15884
05/19/2015,23.12,23.21,23.07,23.12,22692
05/20/2015,23.12,23.17,23.12,23.12,11511
05/21/2015,23.12,23.22,23.12,23.19,34190
05/22/2015,23.23,23.24,23.17,23.21,9959
05/26/2015,23.22,23.23,23.15,23.23,11944
05/27/2015,23.16,23.3,23.16,23.29,16273
05/28/2015,23.27,23.31,23.23,23.31,21548
05/29/2015,23.25,23.3,23.1,23.1,34317
06/01/2015,23.26,23.26,23.14,23.23,14624
06/02/2015,23.1,23.23,23.07,23.18,31430
06/03/2015,23.14,23.14,23.01,23.06,17215
06/04/2015,23.09,23.17,23.09,23.16,13292
06/05/2015,23.08,23.17,23.07,23.15,14689
06/08/2015,23.11,23.17,23.07,23.15,11080
06/09/2015,23.08,23.11,23,23.09,20393
06/10/2015,23.05,23.06,22.91,22.99,21458
06/11/2015,23.02,23.07,22.99,23.03,26739
06/12/2015,23,23.07,23,23.07,25046
06/15/2015,22.99,23.09,22.99,23.09,11014
06/16/2015,23.07,23.14,23.07,23.11,15882
06/17/2015,23.1,23.15,23.05,23.1,33186
06/18/2015,23.15,23.18,23.05,23.07,41239
06/19/2015,23.14,23.15,23.08,23.11,11902
06/22/2015,23.16,23.17,23.12,23.14,12438
06/23/2015,23.13,23.15,23.06,23.11,13583
06/24/2015,23.12,23.18,23.05,23.07,28740
06/25/2015,23.07,23.12,23,23.07,32809
06/26/2015,22.76,22.78,22.62,22.75,31602
06/29/2015,22.74,22.77,22.67,22.72,42804
06/30/2015,22.73,22.86,22.73,22.76,39610
07/01/2015,22.75,23.09,22.75,22.99,23511
07/02/2015,22.89,23.03,22.89,22.99,6302
07/06/2015,23.02,23.02,22.88,22.9,16867
07/07/2015,22.96,22.96,22.76,22.77,22809
07/08/2015,22.77,22.8,22.63,22.73,13443
07/09/2015,22.71,22.82,22.71,22.81,19355
07/10/2015,22.8,22.93,22.8,22.88,13253
07/13/2015,22.94,23.03,22.92,22.95,24725
07/14/2015,22.96,23.02,22.92,22.99,34244
07/15/2015,22.99,23.09,22.99,23.08,33034
07/16/2015,23.09,23.28,23.08,23.2,39804
07/17/2015,23.16,23.22,23,23.19,26387
07/20/2015,23.31,23.31,23.19,23.22,13277
07/21/2015,23.16,23.28,23.16,23.28,16485
07/22/2015,23.28,23.29,23.2,23.23,16176
07/23/2015,23.2,23.22,23.2,23.21,21516
07/24/2015,23.23,23.24,23.18,23.24,13145
07/27/2015,23.23,23.23,23.18,23.22,5509
07/28/2015,23.22,23.28,23.21,23.22,38644
07/29/2015,23.26,23.26,23.13,23.15,21253
07/30/2015,23.15,23.18,23.09,23.09,13626
07/31/2015,23.12,23.18,23.09,23.14,14107
08/03/2015,23.15,23.2,23.13,23.15,21618
08/04/2015,23.13,23.18,23.12,23.15,8013
08/05/2015,23.15,23.18,23.07,23.07,18482
08/06/2015,23.04,23.13,23,23.05,44385
08/07/2015,23.11,23.14,23.01,23.13,10344
08/10/2015,23.12,23.22,23.07,23.21,24113
08/11/2015,23.17,23.27,23.17,23.22,16259
08/12/2015,23.15,23.22,23.14,23.17,25532
08/13/2015,23.17,23.21,23.17,23.2,26025
08/14/2015,23.22,23.22,23.13,23.18,34560
08/17/2015,23.14,23.16,23.07,23.13,70782
08/18/2015,23.15,23.15,23.07,23.07,17730
08/19/2015,23.07,23.11,23.05,23.07,31285
08/20/2015,23.08,23.08,23.04,23.07,14885
08/21/2015,23.07,23.13,23,23.1,27241
08/24/2015,22.56,22.94,22.56,22.66,59126
08/25/2015,22.72,22.99,22.72,22.91,23689
08/26/2015,22.94,23.02,22.84,22.91,17467
08/27/2015,22.93,23.12,22.93,23.12,12469
08/28/2015,23.13,23.13,23.05,23.11,18845
08/31/2015,23.07,23.13,23.04,23.13,20431
09/01/2015,22.99,23.1,22.93,23.08,20781
09/02/2015,23.1,23.12,23.07,23.08,8952
09/03/2015,23.05,23.12,23,23.06,14688
09/04/2015,23.05,23.09,23.03,23.06,7091
09/08/2015,23.06,23.12,23.06,23.08,19477
09/09/2015,23.07,23.11,23.02,23.11,19398
09/10/2015,23.07,23.1,22.86,22.97,62997
09/11/2015,22.96,22.96,22.83,22.93,145500
09/14/2015,22.91,23.07,22.88,22.91,15071
09/15/2015,22.88,22.96,22.86,22.96,46880
09/16/2015,22.91,23.04,22.85,22.85,40109
09/17/2015,22.87,22.96,22.84,22.92,20608
09/18/2015,22.84,23,22.84,22.99,23148
09/21/2015,23.01,23.1,22.97,23.1,31950
09/22/2015,23.05,23.14,23.05,23.13,11445
09/23/2015,23.16,23.18,23.14,23.15,16387
09/24/2015,23.14,23.18,23.13,23.14,10472
09/25/2015,23.11,23.23,23.11,23.23,22581
09/28/2015,22.82,22.87,22.75,22.85,23034
09/29/2015,22.77,22.82,22.68,22.72,20960
09/30/2015,22.71,22.76,22.6,22.6,35384
10/01/2015,22.6,22.67,22.6,22.67,27504
10/02/2015,22.64,22.66,22.6,22.64,10422
10/05/2015,22.72,22.78,22.71,22.75,23046
10/06/2015,22.76,22.84,22.76,22.82,24877
10/07/2015,22.81,22.87,22.81,22.81,14554
10/08/2015,22.85,22.88,22.79,22.85,6143
10/09/2015,22.87,22.96,22.86,22.92,8899
10/12/2015,22.9,22.99,22.9,22.97,5853
10/13/2015,22.92,22.99,22.92,22.99,10480
10/14/2015,22.96,22.99,22.9,22.95,13887
10/15/2015,22.94,23.03,22.91,23,30487
10/16/2015,22.96,22.97,22.9,22.92,32702
10/19/2015,22.96,22.99,22.93,22.96,48864
10/20/2015,22.99,22.99,22.94,22.95,23505
10/21/2015,22.99,23.07,22.94,23,28596
10/22/2015,23.02,23.18,23.02,23.15,14101
10/23/2015,23.15,23.23,23.15,23.17,12588
10/26/2015,23.11,23.16,23.11,23.15,33790
10/27/2015,23.11,23.21,23.11,23.17,32891
10/28/2015,23.19,23.28,23.19,23.28,27363
10/29/2015,23.19,23.23,23.11,23.13,20417
10/30/2015,23.15,23.23,23.11,23.19,24298
11/02/2015,23.23,23.23,23.14,23.16,23226
11/03/2015,23.19,23.28,23.14,23.25,45330
11/04/2015,23.3,23.34,23.26,23.31,31215
11/05/2015,23.31,23.31,23.22,23.3,25790
11/06/2015,23.3,23.3,23.02,23.14,19206
11/09/2015,23.05,23.14,22.92,23.14,24919
11/10/2015,23.11,23.18,23.07,23.12,23075
11/11/2015,23.08,23.19,23.08,23.15,26766
11/12/2015,23.12,23.23,23.12,23.22,27130
11/13/2015,23.17,23.23,23.17,23.23,5551
11/16/2015,23.27,23.27,23.16,23.18,17469
11/17/2015,23.16,23.2,23.15,23.18,21559
11/18/2015,23.19,23.23,23.15,23.18,15191
11/19/2015,23.16,23.25,23.07,23.21,27780
11/20/2015,23.15,23.23,23.15,23.18,30551
11/23/2015,23.19,23.23,23.16,23.2,28114
11/24/2015,23.18,23.25,23.18,23.23,17837
11/25/2015,23.28,23.32,23.28,23.31,9867
11/27/2015,23.27,23.37,23.27,23.37,8073
11/30/2015,23.39,23.42,23.33,23.36,29356
12/01/2015,23.32,23.38,23.31,23.36,15717
12/02/2015,23.39,23.39,23.3,23.34,20029
12/03/2015,23.33,23.33,23.23,23.24,26154
12/04/2015,23.18,23.28,23.18,23.23,15800
12/07/2015,23.25,23.25,23.19,23.22,15009
12/08/2015,23.22,23.24,23.18,23.18,15059
12/09/2015,23.18,23.22,23.18,23.18,15950
12/10/2015,23.19,23.26,23.18,23.25,9179
12/11/2015,23.27,23.27,23.15,23.18,68596
12/14/2015,23.13,23.18,22.29,22.4,129285
12/15/2015,22.37,22.71,22.34,22.35,29749
12/16/2015,22.47,22.71,22.45,22.68,46165
12/17/2015,22.74,22.89,22.72,22.8,41061
12/18/2015,22.79,22.83,22.71,22.74,21039
12/21/2015,22.72,22.94,22.72,22.94,17022
12/22/2015,22.89,22.98,22.89,22.96,19714
12/23/2015,22.98,22.98,22.92,22.95,13801
12/24/2015,22.92,22.96,22.89,22.94,9924
12/28/2015,22.96,22.96,22.88,22.94,17865
12/29/2015,23.05,23.08,22.97,23.06,33177
12/30/2015,23.1,23.21,23.08,23.17,32559
12/31/2015,23.18,23.19,23.16,23.16,18862
01/04/2016,23.03,23.53,22.86,23.51,28050
01/05/2016,23.52,23.78,23.52,23.7,44817
01/06/2016,23.4,23.63,23.37,23.57,19749
01/07/2016,23.4,23.53,23.27,23.48,18400
01/08/2016,23.52,23.57,23.46,23.53,16143
01/11/2016,23.47,23.55,23.35,23.4,27042
01/12/2016,23.36,23.44,23.31,23.31,15356
01/13/2016,23.35,23.35,23.18,23.21,13510
01/14/2016,23.08,23.26,23.05,23.24,12448
01/15/2016,23.08,23.12,22.88,22.97,34030
01/19/2016,23.21,23.21,22.97,23,39369
01/20/2016,22.93,22.93,22.48,22.77,51991
01/21/2016,22.79,22.97,22.7,22.77,41365
01/22/2016,22.85,23.01,22.8,22.96,33012
01/25/2016,22.99,22.99,22.67,22.68,36059
01/26/2016,22.73,22.78,22.71,22.71,22959
01/27/2016,22.63,22.93,22.63,22.92,27018
01/28/2016,23.05,23.12,22.88,23.12,40897
01/29/2016,23.2,23.35,23.2,23.35,41558
02/01/2016,23.19,23.34,23.19,23.31,25425
02/02/2016,23.09,23.32,23.09,23.23,28321
02/03/2016,23.35,23.35,23.08,23.25,20671
02/04/2016,23.25,23.26,23.17,23.26,17932
02/05/2016,23.17,23.33,23.11,23.19,34143
02/08/2016,23.03,23.03,22.71,22.8,17913
02/09/2016,22.65,22.8,22.43,22.58,31295
02/10/2016,22.61,22.84,22.61,22.71,19020
02/11/2016,22.53,22.58,21.89,22.54,73354
02/12/2016,22.52,22.65,22.36,22.52,31443
02/16/2016,22.95,22.95,22.53,22.64,21650
02/17/2016,22.66,22.89,22.66,22.85,28260
02/18/2016,22.88,22.93,22.69,22.73,44898
02/19/2016,22.62,22.78,22.56,22.73,62956
02/22/2016,22.78,22.85,22.71,22.73,40804
02/23/2016,22.71,22.8,22.71,22.71,68067
02/24/2016,22.63,22.81,22.58,22.81,46853
02/25/2016,22.81,22.98,22.73,22.98,18879
02/26/2016,22.94,23.02,22.91,23.02,14786
02/29/2016,22.95,23.06,22.9,22.94,25539
03/01/2016,22.87,23.21,22.83,23.11,58186
03/02/2016,23.14,23.14,22.95,22.95,21272
03/03/2016,22.96,22.99,22.95,22.97,20374
03/04/2016,22.96,23.04,22.96,22.99,25150
03/07/2016,23.07,23.1,22.99,23.01,22153
03/08/2016,23.01,23.05,22.98,23.02,18947
03/09/2016,23.01,23.19,23.01,23.15,28088
03/10/2016,23.14,23.19,22.95,23.03,67498
03/11/2016,23.05,23.17,23.05,23.17,26745
03/14/2016,23.09,23.26,23.09,23.25,38315
03/15/2016,23.16,23.19,23.07,23.12,25692
03/16/2016,23.08,23.17,22.96,22.96,98425
03/17/2016,23.05,23.11,22.99,23.02,56712
03/18/2016,22.97,23.06,22.96,23.01,26190
03/21/2016,22.97,23.01,22.92,22.95,27334
03/22/2016,22.98,23.07,22.94,23,18572
03/23/2016,23,23.04,22.98,23,22292
03/24/2016,22.92,23.07,22.92,23,38396
03/28/2016,23.04,23.19,23.04,23.14,40941
03/29/2016,23.22,23.34,23.22,23.26,43128
03/30/2016,23.26,23.32,23.24,23.3,68010
03/31/2016,23.29,23.37,23.28,23.35,45429
04/01/2016,23.37,23.37,23.14,23.24,63656
04/04/2016,23.22,23.22,22.94,22.97,65047
04/05/2016,22.97,23.05,22.93,23.03,65299
04/06/2016,23.05,23.14,23.05,23.06,50919
04/07/2016,23.06,23.07,22.94,23,76077
04/08/2016,23.04,23.14,23.04,23.11,22559
04/11/2016,23.18,23.19,23.16,23.16,41162
04/12/2016,23.15,23.26,23.14,23.15,43379
04/13/2016,23.22,23.32,23.19,23.29,33136
04/14/2016,23.33,23.38,23.26,23.38,23484
04/15/2016,23.35,23.42,23.33,23.33,105195
04/18/2016,23.24,23.28,23.23,23.24,49214
04/19/2016,23.26,23.32,23.26,23.31,29192
04/20/2016,23.3,23.37,23.29,23.3,39728
04/21/2016,23.35,23.35,23.3,23.3,21535
04/22/2016,23.33,23.46,23.29,23.38,30173
04/25/2016,23.33,23.43,23.33,23.38,48669
04/26/2016,23.46,23.46,23.37,23.39,44611
04/27/2016,23.39,23.42,23.37,23.39,42070
04/28/2016,23.36,23.4,23.36,23.39,63342
04/29/2016,23.39,23.44,23.37,23.39,46423
05/02/2016,23.45,23.55,23.41,23.5,25824
05/03/2016,23.53,23.6,23.49,23.58,32559
05/04/2016,23.59,23.62,23.51,23.51,68392
05/05/2016,23.6,23.6,23.42,23.46,71579
05/06/2016,23.45,23.54,23.45,23.5,23165
05/09/2016,23.47,23.51,23.47,23.5,37898
05/10/2016,23.48,23.57,23.48,23.48,45497
05/11/2016,23.48,23.54,23.48,23.51,20703
05/12/2016,23.49,23.52,23.45,23.47,44576
05/13/2016,23.47,23.54,23.42,23.48,59440
05/16/2016,23.49,23.53,23.47,23.53,13047
05/17/2016,23.49,23.6,23.49,23.6,15422
05/18/2016,23.54,23.6,23.53,23.56,23446
05/19/2016,23.51,23.6,23.42,23.6,38695
05/20/2016,23.59,23.62,23.57,23.6,43088
05/23/2016,23.6,23.74,23.6,23.74,26778
05/24/2016,23.73,23.81,23.71,23.76,30733
05/25/2016,23.75,23.8,23.7,23.8,17216
05/26/2016,23.76,23.84,23.76,23.83,12541
05/27/2016,23.82,23.83,23.76,23.78,17757
05/31/2016,23.85,23.85,23.77,23.85,43854
06/01/2016,23.81,23.92,23.81,23.9,16037
06/02/2016,23.89,23.97,23.82,23.97,14683
06/03/2016,23.97,24.14,23.9,24.08,51059
06/06/2016,24.08,24.12,24.01,24.09,24395
06/07/2016,24.08,24.11,23.94,23.96,41839
06/08/2016,23.99,24.11,23.96,24.09,32620
06/09/2016,24,24.11,23.96,24.11,22402
06/10/2016,24.07,24.07,23.96,24.02,28411
06/13/2016,24,24.07,24,24.06,12373
06/14/2016,24.03,24.03,23.95,23.98,15460
06/15/2016,23.93,24.09,23.93,24.08,28792
06/16/2016,24.04,24.12,23.99,24.12,35465
06/17/2016,24.11,24.22,24.07,24.21,48261
06/20/2016,24.23,24.37,24.21,24.32,32947
06/21/2016,24.36,24.39,24.29,24.37,50807
06/22/2016,24.42,24.42,24.3,24.39,15894
06/23/2016,24.33,24.44,24.33,24.35,20062
06/24/2016,23.99,24.3,23.87,24.01,65361
06/27/2016,24.02,24.11,23.97,24.01,66328
06/28/2016,24.03,24.2,24.02,24.2,33866
06/29/2016,24.21,24.26,24.13,24.19,21435
06/30/2016,24.15,24.4,24.15,24.29,35086
07/01/2016,24.27,24.41,24.26,24.35,19624
07/05/2016,24.29,24.3,24.19,24.28,28523
07/06/2016,24.3,24.36,24.22,24.34,24263
07/07/2016,24.3,24.44,24.29,24.42,18570
07/08/2016,24.38,24.52,24.38,24.42,20985
07/11/2016,24.4,24.44,24.36,24.38,14489
07/12/2016,24.48,24.58,24.37,24.5,23276
07/13/2016,24.4,24.59,24.4,24.58,27995
07/14/2016,24.56,24.59,24.31,24.42,56660
07/15/2016,24.33,24.55,24.31,24.5,67544
07/18/2016,24.44,24.54,24.4,24.43,32424
07/19/2016,24.44,24.52,24.41,24.47,38954
07/20/2016,24.41,24.48,24.35,24.36,26338
07/21/2016,24.35,24.5,24.29,24.39,21115
07/22/2016,24.38,24.39,24.21,24.3,88593
07/25/2016,24.27,24.4,24.27,24.4,24642
07/26/2016,24.32,24.44,24.32,24.43,13549
07/27/2016,24.37,24.46,24.37,24.46,14262
07/28/2016,24.42,24.46,24.42,24.43,18776
07/29/2016,24.41,24.52,24.41,24.42,23861
08/01/2016,24.44,24.44,24.38,24.44,15269
08/02/2016,24.41,24.41,24.3,24.41,11458
08/03/2016,24.33,24.44,24.33,24.43,15060
08/04/2016,24.39,24.49,24.38,24.49,14024
08/05/2016,24.44,24.5,24.41,24.45,16286
08/08/2016,24.41,24.69,24.41,24.68,55648
08/09/2016,24.53,24.72,24.42,24.44,31005
08/10/2016,24.5,24.55,24.41,24.43,11327
08/11/2016,24.41,24.41,24.12,24.13,63915
08/12/2016,24.12,24.22,24.1,24.13,25042
08/15/2016,24.2,24.28,24.16,24.16,21949
08/16/2016,24.22,24.22,24.13,24.18,8648
08/17/2016,24.15,24.28,24.15,24.27,21016
08/18/2016,24.29,24.35,24.27,24.3,9812
08/19/2016,24.22,24.24,24.13,24.18,37103
08/22/2016,24.21,24.24,24.19,24.21,11279
08/23/2016,24.25,24.25,24.2,24.23,11901
08/24/2016,24.25,24.26,24.21,24.26,19104
08/25/2016,24.25,24.3,24.23,24.26,23576
08/26/2016,24.21,24.26,24.2,24.26,10631
08/29/2016,24.25,24.3,24.24,24.24,6159
08/30/2016,24.27,24.3,24.23,24.27,24954
08/31/2016,24.26,24.3,24.21,24.21,34522
09/01/2016,24.27,24.3,24.22,24.3,6356
09/02/2016,24.23,24.32,24.23,24.32,4865
09/06/2016,24.32,24.41,24.29,24.39,27144
09/07/2016,24.44,24.44,24.32,24.43,22758
09/08/2016,24.36,24.44,24.35,24.44,13396
09/09/2016,24.35,24.42,24.32,24.33,9557
09/12/2016,24.18,24.44,24.18,24.43,24694
09/13/2016,24.33,24.39,24.18,24.25,99288
09/14/2016,24.29,24.41,24.24,24.39,35015
09/15/2016,24.3,24.53,24.3,24.45,46357
09/16/2016,24.53,24.53,24.37,24.41,19078
09/19/2016,24.41,24.46,24.35,24.37,15229
09/20/2016,24.44,24.44,24.33,24.39,22974
09/21/2016,24.38,24.51,24.3,24.51,31793
09/22/2016,24.44,24.55,24.44,24.5,15431
09/23/2016,24.44,24.57,24.44,24.57,54782
09/26/2016,24.56,24.62,24.46,24.62,59547
09/27/2016,24.46,24.57,24.46,24.52,34091
09/28/2016,24.53,24.55,24.42,24.48,28898
09/29/2016,24.4,24.42,24.28,24.38,42822
09/30/2016,24.3,24.38,24.27,24.3,53352
10/03/2016,24.33,24.42,24.33,24.39,20495
10/04/2016,24.4,24.44,24.29,24.29,25385
10/05/2016,24.38,24.38,24.25,24.25,12976
10/06/2016,24.25,24.34,24.19,24.23,23259
10/07/2016,24.23,24.25,24.16,24.18,29870
10/10/2016,24.19,24.25,24.18,24.24,22307
10/11/2016,24.18,24.19,24.1,24.11,35045
10/12/2016,24.1,24.17,24.1,24.11,41929
10/13/2016,24.1,24.14,24.05,24.06,51711
10/14/2016,24.1,24.19,24.1,24.17,20904
10/17/2016,24.19,24.22,24.14,24.16,23333
10/18/2016,24.16,24.28,24.16,24.28,32769
10/19/2016,24.24,24.3,24.24,24.24,10318
10/20/2016,24.24,24.27,24.16,24.19,11499
10/21/2016,24.25,24.35,24.25,24.33,40568
10/24/2016,24.36,24.36,24.2,24.25,14357
10/25/2016,24.27,24.35,24.25,24.35,18915
10/26/2016,24.29,24.33,24.26,24.27,9469
10/27/2016,24.25,24.35,24.24,24.35,17276
10/28/2016,24.27,24.33,24.24,24.24,11833
10/31/2016,24.26,24.33,24.13,24.14,25870
11/01/2016,24.11,24.13,24.01,24.04,45048
11/02/2016,24.03,24.07,23.82,23.84,38289
11/03/2016,23.91,24.01,23.88,23.88,40754
11/04/2016,23.91,24.03,23.91,24.01,17616
11/07/2016,24.16,24.17,23.96,23.97,12302
11/08/2016,23.92,23.98,23.85,23.89,36209
11/09/2016,23.85,23.91,23.83,23.88,73469
11/10/2016,23.89,23.9,23.59,23.78,97189
11/11/2016,23.76,23.78,23.64,23.73,36209
11/14/2016,23.64,23.75,23.32,23.65,63089
11/15/2016,23.75,23.91,23.72,23.89,51349
11/16/2016,23.94,24.15,23.93,23.98,25843
11/17/2016,24.08,24.08,23.76,23.85,31337
11/18/2016,23.77,23.94,23.64,23.65,48181
11/21/2016,23.82,23.85,23.68,23.72,30571
11/22/2016,23.76,23.85,23.7,23.74,45644
11/23/2016,23.67,23.89,23.66,23.8,60439
11/25/2016,23.85,23.86,23.75,23.83,2061
11/28/2016,23.81,23.92,23.81,23.87,29518
11/29/2016,23.86,23.87,23.79,23.87,34377
11/30/2016,23.8,23.82,23.72,23.81,22106
12/01/2016,23.81,23.81,23.72,23.79,21875
12/02/2016,23.74,23.9,23.72,23.87,18903
12/05/2016,23.76,23.91,23.75,23.77,32218
12/06/2016,23.84,23.91,23.81,23.9,26627
12/07/2016,23.87,24.01,23.72,23.72,40113
12/08/2016,23.82,23.87,23.73,23.75,25550
12/09/2016,23.87,23.9,23.72,23.89,70055
12/12/2016,23.8,23.81,23.64,23.66,74634
12/13/2016,23.67,23.82,23.64,23.82,58376
12/14/2016,23.74,23.87,23.64,23.65,43412
12/15/2016,23.65,23.88,23.62,23.7,54873
12/16/2016,23.67,23.82,23.67,23.75,36264
12/19/2016,23.78,23.83,23.75,23.81,18683
12/20/2016,23.77,23.89,23.77,23.85,16533
12/21/2016,23.89,23.95,23.8,23.93,12789
12/22/2016,24,24.05,23.92,23.99,25817
12/23/2016,23.98,24.03,23.85,23.9,50569
12/27/2016,23.93,23.94,23.73,23.76,42356
12/28/2016,23.8,23.8,23.71,23.79,41215
12/29/2016,23.79,23.9,23.79,23.85,32711
12/30/2016,23.82,23.89,23.8,23.85,26438
01/03/2017,23.88,24,23.8,23.95,27968
01/04/2017,24.02,24.35,24.02,24.35,29559
01/05/2017,24.4,24.6,24.09,24.56,51381
01/06/2017,24.53,24.58,24.44,24.45,21578
01/09/2017,24.46,24.48,24.36,24.43,21269
01/10/2017,24.36,24.48,24.34,24.38,30168
01/11/2017,24.38,24.49,24.35,24.49,16388
01/12/2017,24.54,24.56,24.49,24.53,19107
01/13/2017,24.53,24.61,24.48,24.61,14037
01/17/2017,24.55,24.58,24.48,24.48,9668
01/18/2017,24.52,24.54,24.27,24.28,27358
01/19/2017,24.19,24.19,23.94,24.08,59127
01/20/2017,24.12,24.22,24.05,24.05,95767
01/23/2017,24.05,24.31,24.01,24.25,32363
01/24/2017,24.2,24.38,24.2,24.29,17148
01/25/2017,24.35,24.39,24.31,24.31,19619
01/26/2017,24.39,24.43,24.29,24.41,15495
01/27/2017,24.36,24.45,24.25,24.27,52941
01/30/2017,24.29,24.31,24.22,24.26,55626
01/31/2017,24.26,24.31,24.25,24.29,25009
02/01/2017,24.31,24.37,24.25,24.35,15263
02/02/2017,24.38,24.45,24.3,24.45,18961
02/03/2017,24.49,24.54,24.45,24.47,14557
02/06/2017,24.46,24.58,24.43,24.58,27084
02/07/2017,24.53,24.53,24.45,24.53,12806
02/08/2017,24.49,24.63,24.45,24.53,19615
02/09/2017,24.48,24.57,24.38,24.39,15449
02/10/2017,24.41,24.54,24.41,24.49,18470
02/13/2017,24.42,24.58,24.42,24.47,15301
02/14/2017,24.45,24.52,24.43,24.5,16995
02/15/2017,24.41,24.57,24.41,24.45,16989
02/16/2017,24.41,24.48,24.39,24.41,11774
02/17/2017,24.4,24.52,24.39,24.42,32604
02/21/2017,24.51,24.52,24.41,24.45,23105
02/22/2017,24.51,24.51,24.44,24.48,20720
02/23/2017,24.47,24.54,24.44,24.53,28312
02/24/2017,24.48,24.56,24.48,24.56,22583
02/27/2017,24.57,24.61,24.53,24.61,12269
02/28/2017,24.55,24.61,24.49,24.52,43496
03/01/2017,24.49,24.51,24.38,24.45,35798
03/02/2017,24.41,24.52,24.41,24.47,30138
03/03/2017,24.4,24.53,24.4,24.51,44455
03/06/2017,24.58,24.58,24.48,24.57,15542
03/07/2017,24.56,24.57,24.48,24.53,17808
03/08/2017,24.49,24.51,24.35,24.36,143140
03/09/2017,24.34,24.36,24.17,24.34,47610
03/10/2017,24.22,24.38,24.19,24.28,42801
03/13/2017,24.29,24.41,24.25,24.25,38566
03/14/2017,24.26,24.29,24.21,24.25,27280
03/15/2017,24.28,24.47,24.28,24.47,25340
03/16/2017,24.48,24.51,24.36,24.51,36974
03/17/2017,24.54,24.55,24.44,24.51,28386
03/20/2017,24.53,24.62,24.48,24.62,16431
03/21/2017,24.64,24.64,24.52,24.55,25235
03/22/2017,24.55,24.63,24.55,24.61,66141
03/23/2017,24.59,24.64,24.57,24.58,23043
03/24/2017,24.6,24.66,24.59,24.64,16213
03/27/2017,24.63,24.65,24.58,24.65,11006
03/28/2017,24.65,24.67,24.59,24.65,39986
03/29/2017,24.68,24.7,24.64,24.68,68949
03/30/2017,24.67,24.73,24.66,24.69,29945
03/31/2017,24.7,24.74,24.69,24.74,24928
04/03/2017,24.76,24.9,24.73,24.87,65423
04/04/2017,24.91,24.91,24.8,24.8,36738
04/05/2017,24.86,24.86,24.79,24.81,51752
04/06/2017,24.81,24.85,24.79,24.8,42636
04/07/2017,24.83,24.88,24.82,24.85,46669
04/10/2017,24.88,24.91,24.86,24.91,10387
04/11/2017,24.86,24.92,24.82,24.86,21945
04/12/2017,24.83,24.87,24.8,24.83,63253
04/13/2017,24.84,24.86,24.82,24.86,17426
04/17/2017,24.87,24.89,24.84,24.87,17896
04/18/2017,24.86,24.89,24.77,24.83,72009
04/19/2017,24.82,24.86,24.82,24.84,29556
04/20/2017,24.86,24.92,24.83,24.92,35616
04/21/2017,24.92,24.93,24.8,24.81,85398
04/24/2017,24.86,24.86,24.78,24.81,115271
04/25/2017,24.82,24.82,24.78,24.78,114132
04/26/2017,24.8,24.8,24.77,24.78,55280
04/27/2017,24.81,24.85,24.8,24.84,44086
04/28/2017,24.86,24.87,24.83,24.84,58717
05/01/2017,24.87,24.89,24.84,24.87,22277
05/02/2017,24.88,24.89,24.83,24.89,52325
05/03/2017,24.9,24.9,24.83,24.89,34150
05/04/2017,24.89,24.89,24.82,24.85,15787
05/05/2017,24.84,24.86,24.83,24.86,17147
05/08/2017,24.86,24.86,24.8,24.83,50208
05/09/2017,24.84,24.86,24.83,24.85,52028
05/10/2017,24.84,24.88,24.84,24.87,47154
05/11/2017,24.84,24.89,24.84,24.89,25134
05/12/2017,24.86,24.89,24.86,24.88,15760
05/15/2017,24.46,24.47,24.44,24.47,18043
05/16/2017,24.45,24.49,24.45,24.48,57948
05/17/2017,24.45,24.48,24.44,24.48,59000
05/18/2017,24.45,24.48,24.4,24.44,76815
05/19/2017,24.44,24.49,24.43,24.46,46504
05/22/2017,24.47,24.48,24.46,24.48,17891
05/23/2017,24.46,24.51,24.46,24.51,22024
05/24/2017,24.51,24.52,24.46,24.52,21636
05/25/2017,24.47,24.54,24.46,24.48,30287
05/26/2017,24.48,24.52,24.48,24.5,19424
05/30/2017,24.49,24.54,24.49,24.53,24024
05/31/2017,24.53,24.53,24.44,24.47,143861
06/01/2017,24.5,24.56,24.49,24.55,23575
06/02/2017,24.55,24.57,24.52,24.56,21316
06/05/2017,24.56,24.63,24.52,24.62,98981
06/06/2017,24.62,24.62,24.58,24.62,19362
06/07/2017,24.62,24.62,24.54,24.61,42589
06/08/2017,24.57,24.62,24.55,24.61,14546
06/09/2017,24.6,24.62,24.57,24.6,8401
06/12/2017,24.63,24.67,24.59,24.61,133691
06/13/2017,24.6,24.67,24.6,24.66,75368
06/14/2017,24.67,24.72,24.67,24.72,86854
06/15/2017,24.71,24.78,24.71,24.74,68332
06/16/2017,24.74,24.75,24.59,24.67,346065
06/19/2017,24.67,24.67,24.62,24.67,59629
06/20/2017,24.66,24.66,24.62,24.64,27649
06/21/2017,24.63,24.66,24.62,24.65,23711
06/22/2017,24.66,24.67,24.64,24.67,24757
06/23/2017,24.67,24.71,24.66,24.7,34799
06/26/2017,24.71,24.8,24.7,24.8,42906
06/27/2017,24.77,24.8,24.66,24.7,74939
06/28/2017,25.18,25.29,25.14,25.29,67402
06/29/2017,25.28,25.36,25.25,25.35,51549
06/30/2017,25.35,25.44,25.2701,25.44,23977
07/03/2017,25.46,25.47,25.391,25.46,18870
07/05/2017,25.49,25.54,25.4268,25.54,28053
07/06/2017,25.5,25.63,25.4861,25.56,40527
07/07/2017,25.57,25.67,25.5355,25.63,24505
07/10/2017,25.61,25.76,25.61,25.69,58304
07/11/2017,25.73,25.74,25.57,25.59,20896
07/12/2017,25.59,25.72,25.59,25.65,70297
07/13/2017,25.65,25.69,25.56,25.66,26882
07/14/2017,25.7,25.76,25.5513,25.755,14262
07/17/2017,25.81,25.88,25.76,25.83,49135
07/18/2017,25.86,25.9,25.8,25.9,53229
07/19/2017,25.86,25.95,25.7,25.73,64187
07/20/2017,25.71,25.8359,25.64,25.75,150234
07/21/2017,25.654,25.77,25.6001,25.72,45903
07/24/2017,25.66,25.78,25.6,25.72,11483
07/25/2017,25.71,25.71,25.59,25.64,6835
07/26/2017,25.61,25.6244,25.55,25.62,7564
07/27/2017,25.65,25.71,25.57,25.58,12602
07/28/2017,25.7,25.8299,25.59,25.82,24380
07/31/2017,25.68,25.84,25.661,25.7995,25073
08/01/2017,25.75,25.85,25.71,25.85,21920
08/02/2017,25.79,25.79,25.68,25.69,12616
08/03/2017,25.7699,25.7699,25.59,25.59,16057
08/04/2017,25.6343,25.637,25.56,25.6183,26187
08/07/2017,25.67,25.67,25.59,25.6,11833
08/08/2017,25.7,25.75,25.65,25.666,21073
08/09/2017,25.65,25.65,25.565,25.6,32148
08/10/2017,25.68,25.68,25.44,25.45,13147
08/11/2017,25.65,25.65,25.4163,25.42,13592
08/14/2017,25.51,25.64,25.42,25.45,13217
08/15/2017,25.63,25.63,25.36,25.38,28825
08/16/2017,25.46,25.569,25.37,25.489,12073
08/17/2017,25.58,25.5929,25.45,25.4951,8709
08/18/2017,25.54,25.54,25.4701,25.5,7607
08/21/2017,25.54,25.54,25.4318,25.48,12617
08/22/2017,25.5899,25.5899,25.41,25.5,30493
08/23/2017,25.41,25.55,25.41,25.42,14780
08/24/2017,25.49,25.49,25.42,25.42,12173
08/25/2017,25.42,25.4447,25.39,25.44,10250
08/28/2017,25.454,25.51,25.4,25.51,10276
08/29/2017,25.51,25.51,25.42,25.48,10414
08/30/2017,25.5,25.5,25.37,25.39,14081
08/31/2017,25.43,25.49,25.41,25.44,24089
09/01/2017,25.43,25.483,25.42,25.455,14787
09/05/2017,25.45,25.54,25.45,25.54,9021
09/06/2017,25.49,25.59,25.4201,25.55,23755
09/07/2017,25.53,25.65,25.44,25.6,29297
09/08/2017,25.57,25.62,25.49,25.62,5598
09/11/2017,25.6129,25.66,25.6,25.63,5536
09/12/2017,25.6,25.65,25.6,25.6201,13246
09/13/2017,25.6096,25.6096,25.52,25.5999,9079
09/14/2017,25.618,25.65,25.56,25.57,8632
09/15/2017,25.6151,25.66,25.56,25.59,12734
09/18/2017,25.66,25.73,25.62,25.73,20298
09/19/2017,25.7431,25.8,25.705,25.77,17599
09/20/2017,25.67,25.69,25.61,25.64,36136
09/21/2017,25.66,25.69,25.64,25.6506,22872
09/22/2017,25.6845,25.75,25.66,25.68,13219
09/25/2017,25.78,25.78,25.63,25.69,36627
09/26/2017,25.72,25.76,25.68,25.7367,21649
09/27/2017,25.74,25.74,25.65,25.735,14937
09/28/2017,25.3,25.33,25.23,25.28,29521
09/29/2017,25.3,25.35,25.27,25.35,22697
10/02/2017,25.38,25.38,25.2901,25.3399,19446
10/03/2017,25.36,25.38,25.26,25.32,44697
10/04/2017,25.38,25.3899,25.23,25.26,42662
10/05/2017,25.26,25.3,25.25,25.26,29881
10/06/2017,25.29,25.29,25.2061,25.21,30196
10/09/2017,25.2,25.27,25.16,25.26,16073
10/10/2017,25.2843,25.31,25.259,25.26,10333
10/11/2017,25.3073,25.33,25.3,25.32,19001
10/12/2017,25.4,25.43,25.34,25.38,27913
10/13/2017,25.36,25.45,25.36,25.45,10317
10/16/2017,25.39,25.45,25.39,25.4101,12961
10/17/2017,25.46,25.47,25.4,25.459,23278
10/18/2017,25.41,25.47,25.4,25.44,14213
10/19/2017,25.48,25.48,25.4,25.44,10050
10/20/2017,25.46,25.49,25.38,25.49,14645
10/23/2017,25.36,25.499,25.36,25.49,25965
10/24/2017,25.5,25.5,25.4,25.47,20339
10/25/2017,25.401,25.4548,25.36,25.39,15385
10/26/2017,25.44,25.44,25.32,25.43,18835
10/27/2017,25.42,25.44,25.3861,25.43,6369
10/30/2017,25.416,25.44,25.36,25.37,13019
10/31/2017,25.35,25.4649,25.35,25.38,27352
11/01/2017,25.3977,25.3977,25.33,25.3512,4343
11/02/2017,25.34,25.3772,24.0801,24.86,227407
11/03/2017,25,25.07,24.77,24.93,174096
11/06/2017,24.96,25.04,24.695,24.89,217222
11/07/2017,24.88,25.07,24.6,24.62,214058
11/08/2017,24.6,24.69,23.85,23.986,128824
11/09/2017,23.3,24.03,22.65,23.67,268432
11/10/2017,23.83,23.95,23.4,23.79,95548
11/13/2017,23.94,24.12,23.9,24.01,71287
11/14/2017,24.09,24.09,23.72,23.95,100597
11/15/2017,23.96,24.23,23.81,23.85,127997
11/16/2017,23.95,24.08,23.87,23.95,210645
11/17/2017,23.99,24.23,23.95,24.21,114859
11/20/2017,24.3,24.44,24.0868,24.1568,159655
11/21/2017,24.14,24.19,23.63,23.7303,140104
11/22/2017,23.71,23.9,23.59,23.72,78818
11/24/2017,23.87,24.03,23.81,23.83,14223
11/27/2017,23.94,24.01,23.72,23.76,119445
11/28/2017,23.82,23.8589,23.69,23.74,103535
11/29/2017,23.73,24.09,23.73,24.09,116509
11/30/2017,24.13,24.29,23.92,24.02,72617
12/01/2017,24.0689,24.1,23.9,23.99,60303
12/04/2017,24.02,24.19,23.98,24.08,93228
12/05/2017,24.01,24.08,24.01,24.07,33075
12/06/2017,24.07,24.1199,23.99,24.08,63471
12/07/2017,24.06,24.18,24.02,24.15,59519
12/08/2017,24.19,24.19,24.05,24.05,34221
12/11/2017,24.11,24.28,24.11,24.24,59974
12/12/2017,24.28,24.3199,24.13,24.18,63873
12/13/2017,24.17,24.25,24.08,24.16,92587
12/14/2017,24.18,24.2,24.12,24.17,101715
12/15/2017,24.18,24.3,24.18,24.24,111193
12/18/2017,24.33,24.4,24.3,24.38,54736
12/19/2017,24.37,24.53,24.33,24.3993,70926
12/20/2017,24.49,24.49,24.33,24.34,38965
12/21/2017,24.37,24.4099,24.31,24.4,54274
12/22/2017,24.4,24.43,24.34,24.38,51690
12/26/2017,24.42,24.48,24.3601,24.37,39705
12/27/2017,24.4,24.44,24.3,24.39,66379
12/28/2017,23.97,24.016,23.88,23.9726,53387
12/29/2017,23.91,23.98,23.74,23.77,46030
01/02/2018,23.81,23.92,22.7707,22.79,85896
01/03/2018,22.95,23.3,22.77,23,93671
01/04/2018,23.09,23.389,23.018,23.35,55935
01/05/2018,23.45,23.55,23.35,23.48,47383
01/08/2018,23.58,23.72,23.45,23.63,73173
01/09/2018,23.61,23.71,23.54,23.66,52189
01/10/2018,23.53,23.74,23.5,23.68,44878
01/11/2018,23.71,23.95,23.71,23.88,40189
01/12/2018,23.77,23.95,23.77,23.91,58009
01/16/2018,23.94,23.94,23.74,23.78,29853
01/17/2018,23.7,23.7335,23.62,23.6336,39192
01/18/2018,23.57,23.61,23.37,23.44,126314
01/19/2018,23.4,23.42,23.04,23.04,39427
01/22/2018,22.9,23.0794,22.86,22.98,92406
01/23/2018,22.99,23.32,22.99,23.247,104820
01/24/2018,23.13,23.2507,22.88,23.085,53248
01/25/2018,23.18,23.187,22.81,22.85,36704
01/26/2018,22.77,22.85,22.53,22.5886,56258
01/29/2018,22.5,22.65,21.51,21.65,114088
01/30/2018,21.44,21.87,21.2675,21.3,75356
01/31/2018,21.6,21.8299,21.4,21.76,69051
02/01/2018,21.7819,22.289,21.7042,21.95,78366
02/02/2018,21.98,22.2324,21.83,22,113572
02/05/2018,21.9,22.14,21.9,21.96,87766
02/06/2018,21.91,21.96,21.76,21.85,55793
02/07/2018,21.85,21.98,21.85,21.87,23094
02/08/2018,21.915,21.93,21.62,21.62,187717
02/09/2018,21.62,21.76,21.49,21.71,60124
02/12/2018,22.01,22.06,21.76,21.93,103087
02/13/2018,21.86,22.052,21.79,21.79,59974
02/14/2018,21.68,21.76,21.59,21.6,31618
02/15/2018,21.9,22.48,21.9,22.4699,55078
02/16/2018,22.51,22.98,22.482,22.72,41030
02/20/2018,22.97,23.08,22.7701,22.84,33895
02/21/2018,22.87,23.27,22.8633,23.05,90756
02/22/2018,23.05,23.1717,23.0326,23.08,42477
02/23/2018,23.03,23.3,23.03,23.3,34216
02/26/2018,23.38,23.455,23.26,23.36,43114
02/27/2018,23.41,23.42,23.3301,23.41,22380
02/28/2018,23.49,23.49,23.32,23.45,46961
03/01/2018,23.5,23.51,23.4473,23.48,37568
03/02/2018,23.5,23.5356,23.38,23.49,27122
03/05/2018,23.41,23.59,23.41,23.59,25084
03/06/2018,23.5374,23.73,23.5374,23.68,20259
03/07/2018,23.6,23.64,23.55,23.58,35802
03/08/2018,23.62,23.76,23.59,23.74,81214
03/09/2018,23.76,23.78,23.74,23.76,19526
03/12/2018,23.65,23.8,23.65,23.73,28760
03/13/2018,23.74,23.79,23.6913,23.7885,21391
03/14/2018,23.67,23.92,23.64,23.68,131916
03/15/2018,23.6,23.65,23.39,23.55,121858
03/16/2018,23.66,23.66,23.42,23.42,126085
03/19/2018,23.55,23.6412,23.48,23.6,36335
03/20/2018,23.58,23.61,23.47,23.47,48072
03/21/2018,23.47,23.47,23.33,23.36,34715
03/22/2018,23.45,23.45,23.2498,23.38,33149
03/23/2018,23.34,23.3776,23.07,23.18,33651
03/26/2018,23.3,23.37,23.25,23.37,23143
03/27/2018,23.43,23.49,23.3,23.45,31537
03/28/2018,23.18,23.18,22.9211,22.95,16954
03/29/2018,23.03,23.17,23.03,23.1,24742
04/02/2018,23.06,23.26,22.86,23.07,17239
04/03/2018,23.09,23.09,22.78,22.85,16470
04/04/2018,22.77,22.965,22.77,22.89,20763
04/05/2018,22.91,23.08,22.8201,22.98,32117
04/06/2018,22.93,23.06,22.93,23.02,36240
04/09/2018,22.9869,23.04,22.815,22.955,16270
04/10/2018,22.9,23.04,22.82,22.83,65189
04/11/2018,22.82,22.898,22.72,22.75,76053
04/12/2018,22.75,22.84,22.61,22.72,39937
04/13/2018,22.7,22.78,22.7,22.78,19900
04/16/2018,22.85,22.85,22.74,22.76,15300
04/17/2018,22.72,22.79,22.67,22.7401,33826
04/18/2018,22.89,22.89,22.68,22.775,32206
04/19/2018,22.63,22.79,22.63,22.77,50785
04/20/2018,22.7833,23.12,22.7375,23.04,70177
04/23/2018,22.96,23.04,22.95,23.015,21468
04/24/2018,23.01,23.03,22.95,23,58683
04/25/2018,22.96,23,22.75,22.94,90018
04/26/2018,22.92,22.92,22.805,22.84,28728
04/27/2018,22.78,22.9248,22.7,22.75,28359
04/30/2018,22.8046,22.8046,22.73,22.77,13532
05/01/2018,22.68,22.7892,22.68,22.76,16937
05/02/2018,22.72,22.79,22.66,22.66,22329
05/03/2018,22.6,22.73,22.55,22.55,19663
05/04/2018,22.5,22.76,22.5,22.64,22945
05/07/2018,22.64,22.68,22.59,22.67,25979
05/08/2018,22.67,22.69,22.6204,22.69,24480
05/09/2018,22.69,22.99,22.59,22.7907,76245
05/10/2018,22.93,23.1,22.88,23.1,49976
05/11/2018,23.24,23.335,23.17,23.31,38424
05/14/2018,23.35,23.39,23.08,23.21,33638
05/15/2018,23.13,23.2135,22.9454,23.1101,30805
05/16/2018,23.22,23.2496,23.15,23.21,30377
05/17/2018,23.25,23.25,23.15,23.2,22187
05/18/2018,23.27,23.27,23.11,23.14,31654
05/21/2018,23.21,23.21,23.02,23.03,13817
05/22/2018,23.1,23.18,23.05,23.16,32093
05/23/2018,23.06,23.25,23.06,23.18,22461
05/24/2018,23.15,23.26,23.13,23.26,26053
05/25/2018,23.35,23.41,23.29,23.31,24874
05/29/2018,23.35,23.4399,23.311,23.43,40645
05/30/2018,23.48,23.53,23.39,23.441,58295
05/31/2018,23.39,23.52,23.39,23.52,34180
06/01/2018,23.53,23.69,23.47,23.67,63240
06/04/2018,23.66,23.8375,23.66,23.82,35402
06/05/2018,23.85,23.96,23.77,23.96,136189
06/06/2018,24.05,24.12,23.95,24.09,58188
06/07/2018,24.15,24.2,24.09,24.18,81064
06/08/2018,24.18,24.23,24.17,24.22,135290
06/11/2018,24.16,24.24,23.71,23.71,65554
06/12/2018,23.75,23.75,23.35,23.35,70588
06/13/2018,23.4201,23.43,23.3,23.3,44168
06/14/2018,23.4301,23.44,23.31,23.35,78271
06/15/2018,23.41,23.48,23.33,23.33,374802
06/18/2018,23.39,23.45,23.36,23.38,108968
06/19/2018,23.4,23.47,23.38,23.41,57574
06/20/2018,23.43,23.53,23.43,23.46,73697
06/21/2018,23.51,23.52,23.47,23.47,87701
06/22/2018,23.5,23.51,23.44,23.47,41951
06/25/2018,23.5,23.5,23.4101,23.43,42137
06/26/2018,23.43,23.47,23.38,23.41,47138
06/27/2018,23.37,23.4,23.28,23.28,47828
06/28/2018,22.87,22.93,22.87,22.91,62301
06/29/2018,22.9001,22.972,22.9,22.9,54694
07/02/2018,22.9,23,22.87,22.97,30466
07/03/2018,23.01,23.03,22.96,22.993,58587
07/05/2018,23.11,23.2,23.0301,23.185,59167
07/06/2018,23.21,23.34,23.19,23.34,48311
07/09/2018,23.34,23.37,23.245,23.35,58725
07/10/2018,23.32,23.48,23.3101,23.42,68632
07/11/2018,23.45,23.53,23.36,23.365,41122
07/12/2018,23.38,23.48,23.36,23.46,99533
07/13/2018,23.461,23.5,23.39,23.49,42084
07/16/2018,23.52,23.54,23.4,23.51,62758
07/17/2018,23.44,23.57,23.44,23.56,66995
07/18/2018,23.54,23.62,23.53,23.59,40129
07/19/2018,23.57,23.63,23.56,23.58,45377
07/20/2018,23.591,23.6078,23.5001,23.54,40038
07/23/2018,23.44,23.57,23.44,23.54,49791
07/24/2018,23.53,23.55,23.47,23.48,131386
07/25/2018,23.5,23.51,23.33,23.435,33174
07/26/2018,23.46,23.479,23.4,23.43,31729
07/27/2018,23.36,23.42,23.16,23.16,32505
07/30/2018,23.2,23.3,23.2,23.3,25498
07/31/2018,23.39,23.39,23.26,23.27,47803
08/01/2018,23.22,23.2768,23.16,23.24,26342
08/02/2018,23.34,23.34,23.14,23.27,13711
08/03/2018,23.24,23.324,23.14,23.15,13156
08/06/2018,23.2,23.21,23.12,23.1527,13381
08/07/2018,23.12,23.2132,23.12,23.2062,21817
08/08/2018,23.18,23.23,23.02,23.02,16167
08/09/2018,23.22,23.358,23.2,23.3,100281
08/10/2018,23.32,23.41,23.31,23.35,18221
08/13/2018,23.37,23.44,23.37,23.4,22603
08/14/2018,23.47,23.47,23.4,23.4,31123
08/15/2018,23.36,23.399,23.32,23.33,14483
08/16/2018,23.42,23.42,23.2901,23.33,40660
08/17/2018,23.3,23.36,23.28,23.33,19218
08/20/2018,25.16,25.28,25.14,25.26,206552
08/21/2018,25.26,25.29,25.26,25.27,492103
08/22/2018,25.27,25.28,25.27,25.27,189793
08/23/2018,25.27,25.2742,25.27,25.2701,123993
08/24/2018,25.28,25.3,25.28,25.29,86103
08/27/2018,25.28,25.3,25.28,25.28,54524
08/28/2018,25.28,25.29,25.28,25.28,54853
08/29/2018,25.28,25.29,25.28,25.2842,45092
08/30/2018,25.28,25.29,25.28,25.28,47130
08/31/2018,25.28,25.29,25.27,25.27,243627
