            1. open  2. high  3. low  4. close  5. adjusted close  6. volume  7. dividend amount  8. split coefficient
date                                                                                                                  
2013-04-17   1.1500   1.2400  1.0000    1.0100             1.0100    95460.0                 0.0                   1.0
2013-04-18   1.0500   1.0500  1.0100    1.0100             1.0100    27012.0                 0.0                   1.0
2013-04-19   1.0100   1.0300  0.9000    0.9000             0.9000    24061.0                 0.0                   1.0
2013-04-22   0.9100   0.9700  0.9000    0.9000             0.9000    19369.0                 0.0                   1.0
2013-04-23   0.8000   0.9600  0.8000    0.8000             0.8000    23304.0                 0.0                   1.0
2013-04-24   0.8000   0.8400  0.7700    0.8000             0.8000     6125.0                 0.0                   1.0
2013-04-25   0.8498   0.9000  0.8100    0.8999             0.8999    10294.0                 0.0                   1.0
2013-04-26   0.8999   0.8999  0.8020    0.8300             0.8300     6156.0                 0.0                   1.0
2013-04-29   0.8800   0.8800  0.8500    0.8500             0.8500     6650.0                 0.0                   1.0
2013-04-30   0.8500   0.8500  0.7800    0.7800             0.7800     3895.0                 0.0                   1.0
2013-05-01   0.8500   0.8500  0.8500    0.8500             0.8500     2800.0                 0.0                   1.0
2013-05-02   0.8500   0.8500  0.8500    0.8500             0.8500      120.0                 0.0                   1.0
2013-05-03   0.7800   0.8650  0.7800    0.8500             0.8500     2353.0                 0.0                   1.0
2013-05-06   0.7800   0.8500  0.7800    0.8500             0.8500     1160.0                 0.0                   1.0
2013-05-07   0.8400   0.8650  0.8400    0.8650             0.8650    13000.0                 0.0                   1.0
2013-05-08   0.8650   0.8750  0.8600    0.8750             0.8750    27690.0                 0.0                   1.0
2013-05-09   0.8500   0.8750  0.8500    0.8700             0.8700    16541.0                 0.0                   1.0
2013-05-10   0.8700   0.8750  0.8700    0.8750             0.8750     7150.0                 0.0                   1.0
2013-05-13   0.8700   0.8700  0.6000    0.7500             0.7500    21934.0                 0.0                   1.0
2013-05-14   0.7500   0.8750  0.7500    0.8750             0.8750     7000.0                 0.0                   1.0
2013-05-15   0.7043   0.8700  0.7043    0.8700             0.8700     1000.0                 0.0                   1.0
2013-05-16   0.8650   0.8650  0.7100    0.8600             0.8600     2047.0                 0.0                   1.0
2013-05-17   0.7100   0.8550  0.7100    0.8550             0.8550      910.0                 0.0                   1.0
2013-05-20   0.8000   0.8500  0.7100    0.8500             0.8500     7163.0                 0.0                   1.0
2013-05-21   0.8500   0.8500  0.8000    0.8000             0.8000     2865.0                 0.0                   1.0
2013-05-22   0.7200   0.8500  0.7000    0.8250             0.8250    14999.0                 0.0                   1.0
2013-05-23   0.7899   0.8000  0.7804    0.8000             0.8000    23549.0                 0.0                   1.0
2013-05-24   0.8000   0.8000  0.6000    0.7800             0.7800     4432.0                 0.0                   1.0
2013-05-28   0.7800   0.7900  0.7800    0.7900             0.7900     5455.0                 0.0                   1.0
2013-05-29   0.7850   0.7850  0.7000    0.7850             0.7850     5190.0                 0.0                   1.0
2013-05-30   0.7850   0.7900  0.7850    0.7900             0.7900     3100.0                 0.0                   1.0
2013-05-31   0.6738   0.7300  0.6738    0.7300             0.7300     2150.0                 0.0                   1.0
2013-06-03   0.7850   0.8050  0.7850    0.8050             0.8050     9859.0                 0.0                   1.0
2013-06-04   0.8050   0.8100  0.8050    0.8100             0.8100     6400.0                 0.0                   1.0
2013-06-05   0.8100   0.8250  0.8100    0.8250             0.8250    11950.0                 0.0                   1.0
2013-06-06   0.8100   0.8250  0.8100    0.8250             0.8250        0.0                 0.0                   1.0
2013-06-07   0.8225   0.8225  0.7101    0.7101             0.7101     2000.0                 0.0                   1.0
2013-06-10   0.7800   0.7800  0.7800    0.7800             0.7800     1470.0                 0.0                   1.0
2013-06-11   0.7800   0.7800  0.7800    0.7800             0.7800        0.0                 0.0                   1.0
2013-06-12   0.7900   0.8000  0.7101    0.8000             0.8000    18050.0                 0.0                   1.0
2013-06-13   0.7900   0.7900  0.7101    0.7700             0.7700     5469.0                 0.0                   1.0
2013-06-14   0.7900   0.7900  0.7500    0.7500             0.7500     3950.0                 0.0                   1.0
2013-06-17   0.7900   0.7900  0.7500    0.7500             0.7500        0.0                 0.0                   1.0
2013-06-18   0.7900   0.7900  0.7900    0.7900             0.7900     7356.0                 0.0                   1.0
2013-06-19   0.7500   0.7500  0.7500    0.7500             0.7500     1200.0                 0.0                   1.0
2013-06-20   0.7900   0.7950  0.7900    0.7925             0.7925    13919.0                 0.0                   1.0
2013-06-21   0.7925   0.7925  0.7925    0.7925             0.7925     4500.0                 0.0                   1.0
2013-06-24   0.7500   0.7500  0.7250    0.7250             0.7250     1768.0                 0.0                   1.0
2013-06-25   0.7300   0.7950  0.7300    0.7950             0.7950     5282.0                 0.0                   1.0
2013-06-26   0.7950   0.8100  0.7950    0.8000             0.8000    15267.0                 0.0                   1.0
2013-06-27   0.7950   0.8100  0.7950    0.8000             0.8000        0.0                 0.0                   1.0
2013-06-28   0.7700   0.7700  0.7500    0.7500             0.7500     5000.0                 0.0                   1.0
2013-07-01   0.7250   0.7950  0.7250    0.7950             0.7950     1360.0                 0.0                   1.0
2013-07-02   0.7950   0.7950  0.7950    0.7950             0.7950     3999.0                 0.0                   1.0
2013-07-03   0.7950   0.7950  0.7950    0.7950             0.7950        0.0                 0.0                   1.0
2013-07-05   0.7950   0.7950  0.7950    0.7950             0.7950        0.0                 0.0                   1.0
2013-07-08   0.7900   0.7925  0.7900    0.7900             0.7900     6936.0                 0.0                   1.0
2013-07-09   0.7250   0.7250  0.7250    0.7250             0.7250      200.0                 0.0                   1.0
2013-07-10   0.7250   0.7250  0.7250    0.7250             0.7250     2930.0                 0.0                   1.0
2013-07-11   0.7900   0.7900  0.7900    0.7900             0.7900      800.0                 0.0                   1.0
2013-07-12   0.7900   0.7900  0.7900    0.7900             0.7900        0.0                 0.0                   1.0
2013-07-15   0.7250   0.7500  0.7200    0.7500             0.7500     8729.0                 0.0                   1.0
2013-07-16   0.7500   0.7500  0.7500    0.7500             0.7500     1200.0                 0.0                   1.0
2013-07-17   0.7500   0.7500  0.7500    0.7500             0.7500        0.0                 0.0                   1.0
2013-07-18   0.7450   0.7450  0.7200    0.7200             0.7200     8471.0                 0.0                   1.0
2013-07-19   0.7200   0.7400  0.7200    0.7400             0.7400     6279.0                 0.0                   1.0
2013-07-22   0.7500   0.7500  0.7100    0.7400             0.7400     9269.0                 0.0                   1.0
2013-07-23   0.7475   0.7475  0.7475    0.7475             0.7475     4000.0                 0.0                   1.0
2013-07-24   0.7450   0.7450  0.7450    0.7450             0.7450     4157.0                 0.0                   1.0
2013-07-25   0.7400   0.7500  0.7400    0.7500             0.7500    24900.0                 0.0                   1.0
2013-07-26   0.7500   0.9000  0.7500    0.9000             0.9000     3156.0                 0.0                   1.0
2013-07-29   0.9000   0.9000  0.7111    0.9000             0.9000     1000.0                 0.0                   1.0
2013-07-30   0.9000   0.9000  0.7111    0.9000             0.9000        0.0                 0.0                   1.0
2013-07-31   0.8900   0.8900  0.8900    0.8900             0.8900      100.0                 0.0                   1.0
2013-08-01   0.7107   0.8000  0.7107    0.8000             0.8000     4491.0                 0.0                   1.0
2013-08-02   0.8980   0.8980  0.8980    0.8980             0.8980      100.0                 0.0                   1.0
2013-08-05   0.8000   0.8200  0.8000    0.8200             0.8200     1638.0                 0.0                   1.0
2013-08-06   0.8500   0.8500  0.8200    0.8300             0.8300     4351.0                 0.0                   1.0
2013-08-07   0.8100   0.8980  0.8100    0.8980             0.8980      760.0                 0.0                   1.0
2013-08-08   0.8400   0.8400  0.8400    0.8400             0.8400      222.0                 0.0                   1.0
2013-08-09   0.8500   0.9000  0.8500    0.8800             0.8800     6900.0                 0.0                   1.0
2013-08-12   0.8100   0.8900  0.8100    0.8900             0.8900     5630.0                 0.0                   1.0
2013-08-13   0.8500   0.8500  0.8500    0.8500             0.8500      200.0                 0.0                   1.0
2013-08-14   0.8550   0.8550  0.7900    0.7900             0.7900    23697.0                 0.0                   1.0
2013-08-15   0.8400   0.9000  0.8400    0.9000             0.9000    16999.0                 0.0                   1.0
2013-08-16   0.8900   0.8900  0.8900    0.8900             0.8900     2000.0                 0.0                   1.0
2013-08-19   0.8900   0.9000  0.8280    0.9000             0.9000     8099.0                 0.0                   1.0
2013-08-20   0.8500   0.9000  0.8000    0.9000             0.9000     4100.0                 0.0                   1.0
2013-08-21   0.8000   0.9000  0.8000    0.9000             0.9000     1100.0                 0.0                   1.0
2013-08-22   0.8000   0.9000  0.8000    0.9000             0.9000        0.0                 0.0                   1.0
2013-08-23   0.7700   0.9000  0.7700    0.8900             0.8900    13027.0                 0.0                   1.0
2013-08-26   0.8900   0.8900  0.8900    0.8900             0.8900     2140.0                 0.0                   1.0
2013-08-27   0.8900   0.9000  0.8900    0.9000             0.9000     7245.0                 0.0                   1.0
2013-08-28   0.7520   0.9000  0.7520    0.9000             0.9000     6350.0                 0.0                   1.0
2013-08-29   0.8700   0.9000  0.7500    0.9000             0.9000     1796.0                 0.0                   1.0
2013-08-30   0.9000   1.0300  0.7700    1.0300             1.0300    23011.0                 0.0                   1.0
2013-09-03   1.0100   1.0100  1.0100    1.0100             1.0100      553.0                 0.0                   1.0
2013-09-04   0.9800   1.0400  0.9500    1.0000             1.0000     9149.0                 0.0                   1.0
2013-09-05   0.8150   1.0000  0.8150    0.9950             0.9950     8543.0                 0.0                   1.0
2013-09-06   0.8150   1.0000  0.8150    0.9950             0.9950        0.0                 0.0                   1.0
2013-09-09   0.9500   0.9500  0.9500    0.9500             0.9500     1000.0                 0.0                   1.0
2013-09-10   0.8800   0.9500  0.8800    0.9500             0.9500      900.0                 0.0                   1.0
2013-09-11   0.8800   0.9500  0.8800    0.9500             0.9500        0.0                 0.0                   1.0
2013-09-12   0.9300   0.9300  0.9000    0.9000             0.9000     8599.0                 0.0                   1.0
2013-09-13   0.9300   0.9300  0.9000    0.9000             0.9000        0.0                 0.0                   1.0
2013-09-16   0.9100   0.9100  0.9000    0.9000             0.9000    46500.0                 0.0                   1.0
2013-09-17   0.9100   0.9100  0.8900    0.9000             0.9000    33380.0                 0.0                   1.0
2013-09-18   0.8900   0.9100  0.8500    0.8600             0.8600     5757.0                 0.0                   1.0
2013-09-19   0.9000   0.9000  0.8000    0.8050             0.8050    34888.0                 0.0                   1.0
2013-09-20   0.8200   0.8200  0.8150    0.8150             0.8150     1400.0                 0.0                   1.0
2013-09-23   0.7500   0.8050  0.7500    0.8050             0.8050     6893.0                 0.0                   1.0
2013-09-24   0.8050   0.8100  0.7500    0.8100             0.8100     2779.0                 0.0                   1.0
2013-09-25   0.7550   0.8550  0.7550    0.7700             0.7700    18913.0                 0.0                   1.0
2013-09-26   0.7700   0.7700  0.7300    0.7650             0.7650    88045.0                 0.0                   1.0
2013-09-27   0.7650   0.7650  0.7400    0.7500             0.7500    26369.0                 0.0                   1.0
2013-09-30   0.7500   0.7600  0.7300    0.7450             0.7450    33450.0                 0.0                   1.0
2013-10-01   0.7100   0.7500  0.7100    0.7500             0.7500     2144.0                 0.0                   1.0
2013-10-02   0.7500   0.7500  0.7500    0.7500             0.7500     1333.0                 0.0                   1.0
2013-10-03   0.7500   0.7600  0.7200    0.7300             0.7300    74138.0                 0.0                   1.0
2013-10-04   0.7500   0.7500  0.7400    0.7400             0.7400    32400.0                 0.0                   1.0
2013-10-07   0.7400   0.7500  0.7200    0.7400             0.7400    55156.0                 0.0                   1.0
2013-10-08   0.7500   0.7500  0.7400    0.7500             0.7500    44990.0                 0.0                   1.0
2013-10-09   0.7500   0.7500  0.7000    0.7000             0.7000    47134.0                 0.0                   1.0
2013-10-10   0.6900   0.6900  0.6350    0.6500             0.6500    85100.0                 0.0                   1.0
2013-10-11   0.6400   0.6400  0.6000    0.6100             0.6100    52733.0                 0.0                   1.0
2013-10-14   0.6100   0.6200  0.6000    0.6000             0.6000     4914.0                 0.0                   1.0
2013-10-15   0.5900   0.6000  0.5700    0.6000             0.6000    19100.0                 0.0                   1.0
2013-10-16   0.5900   0.5900  0.5300    0.5500             0.5500   102543.0                 0.0                   1.0
2013-10-17   0.5300   0.5300  0.5000    0.5000             0.5000   169254.0                 0.0                   1.0
2013-10-18   0.5000   0.5100  0.5000    0.5000             0.5000    11500.0                 0.0                   1.0
2013-10-22   0.5400   0.5400  0.4000    0.4000             0.4000    73556.0                 0.0                   1.0
2013-10-23   0.4200   0.4200  0.4000    0.4000             0.4000   134604.0                 0.0                   1.0
2013-10-24   0.4000   0.4000  0.3950    0.4000             0.4000    26500.0                 0.0                   1.0
2013-10-25   0.3700   0.3700  0.2500    0.2500             0.2500   477508.0                 0.0                   1.0
2013-10-28   0.3000   0.3140  0.2800    0.3140             0.3140    12479.0                 0.0                   1.0
2013-10-29   0.3100   0.4499  0.3100    0.3200             0.3200    41340.0                 0.0                   1.0
2013-10-30   0.3000   0.3400  0.3000    0.3400             0.3400    21559.0                 0.0                   1.0
2013-10-31   0.3400   0.3400  0.3000    0.3000             0.3000     6888.0                 0.0                   1.0
2013-11-01   0.3399   0.3399  0.3399    0.3399             0.3399      200.0                 0.0                   1.0
2013-11-04   0.2502   0.3400  0.2502    0.3400             0.3400    21682.0                 0.0                   1.0
2013-11-05   0.3000   0.4000  0.2900    0.4000             0.4000   100379.0                 0.0                   1.0
2013-11-06   0.3000   0.3500  0.3000    0.3500             0.3500     1200.0                 0.0                   1.0
2013-11-07   0.3400   0.3400  0.3400    0.3400             0.3400     2000.0                 0.0                   1.0
2013-11-08   0.3300   0.3300  0.3000    0.3300             0.3300    42692.0                 0.0                   1.0
2013-11-11   0.3300   0.3300  0.3000    0.3300             0.3300        0.0                 0.0                   1.0
2013-11-12   0.2510   0.2850  0.2510    0.2800             0.2800     6931.0                 0.0                   1.0
2013-11-13   0.2950   0.2950  0.2700    0.2700             0.2700    12845.0                 0.0                   1.0
2013-11-14   0.2800   0.2900  0.2700    0.2900             0.2900    23400.0                 0.0                   1.0
2013-11-15   0.2700   0.3400  0.2700    0.3400             0.3400    23921.0                 0.0                   1.0
2013-11-18   0.3600   0.3600  0.3400    0.3400             0.3400    21839.0                 0.0                   1.0
2013-11-19   0.3600   0.3600  0.3400    0.3400             0.3400        0.0                 0.0                   1.0
2013-11-20   0.3400   0.3800  0.3400    0.3800             0.3800    10165.0                 0.0                   1.0
2013-11-21   0.3800   0.3800  0.3700    0.3800             0.3800    11120.0                 0.0                   1.0
2013-11-22   0.3800   0.3800  0.3400    0.3800             0.3800     6999.0                 0.0                   1.0
2013-11-25   0.3600   0.3900  0.3400    0.3400             0.3400    18992.0                 0.0                   1.0
2013-11-26   0.3800   0.3800  0.3700    0.3700             0.3700     3169.0                 0.0                   1.0
2013-11-27   0.3800   0.3800  0.3400    0.3800             0.3800    25100.0                 0.0                   1.0
2013-11-29   0.3600   0.3790  0.3600    0.3790             0.3790     1400.0                 0.0                   1.0
2013-12-02   0.3700   0.3700  0.3700    0.3700             0.3700     2000.0                 0.0                   1.0
2013-12-03   0.3700   0.3700  0.3400    0.3400             0.3400    26131.0                 0.0                   1.0
2013-12-04   0.3000   0.3019  0.3000    0.3019             0.3019    40000.0                 0.0                   1.0
2013-12-05   0.3200   0.3200  0.3000    0.3000             0.3000    18000.0                 0.0                   1.0
2013-12-06   0.3600   0.3700  0.2703    0.3600             0.3600   178948.0                 0.0                   1.0
2013-12-09   0.3500   0.3500  0.2903    0.3300             0.3300    12518.0                 0.0                   1.0
2013-12-10   0.3100   0.3300  0.2900    0.3300             0.3300    32570.0                 0.0                   1.0
2013-12-11   0.3200   0.3200  0.3200    0.3200             0.3200     9382.0                 0.0                   1.0
2013-12-12   0.3100   0.3100  0.2900    0.2900             0.2900     4598.0                 0.0                   1.0
2013-12-13   0.2531   0.3700  0.2531    0.3700             0.3700    13104.0                 0.0                   1.0
2013-12-16   0.3700   0.3700  0.3000    0.3300             0.3300    25133.0                 0.0                   1.0
2013-12-17   0.3300   0.3600  0.3100    0.3300             0.3300    32920.0                 0.0                   1.0
2013-12-18   0.3101   0.3400  0.2901    0.2901             0.2901    32380.0                 0.0                   1.0
2013-12-19   0.2900   0.2900  0.2900    0.2900             0.2900     8900.0                 0.0                   1.0
2013-12-20   0.3599   0.3599  0.3000    0.3000             0.3000     8560.0                 0.0                   1.0
2013-12-23   0.3599   0.3599  0.3599    0.3599             0.3599     1000.0                 0.0                   1.0
2013-12-24   0.2901   0.2901  0.2901    0.2901             0.2901     2106.0                 0.0                   1.0
2013-12-26   0.2901   0.3498  0.2901    0.3498             0.3498     5280.0                 0.0                   1.0
2013-12-27   0.3400   0.3400  0.3400    0.3400             0.3400     3336.0                 0.0                   1.0
2013-12-30   0.3400   0.3400  0.2902    0.3400             0.3400    24288.0                 0.0                   1.0
2013-12-31   0.3002   0.3490  0.3002    0.3490             0.3490    16729.0                 0.0                   1.0
2014-01-02   0.3490   0.3800  0.3490    0.3600             0.3600    20502.0                 0.0                   1.0
2014-01-03   0.3799   0.3799  0.3101    0.3700             0.3700    12049.0                 0.0                   1.0
2014-01-06   0.3101   0.3700  0.3101    0.3700             0.3700     4426.0                 0.0                   1.0
2014-01-07   0.3700   0.3700  0.3600    0.3600             0.3600    10301.0                 0.0                   1.0
2014-01-08   0.2800   0.3700  0.2800    0.3699             0.3699     5211.0                 0.0                   1.0
2014-01-09   0.3599   0.3599  0.3599    0.3599             0.3599     3015.0                 0.0                   1.0
2014-01-10   0.3550   0.3550  0.3400    0.3500             0.3500     3001.0                 0.0                   1.0
2014-01-13   0.3599   0.3600  0.3101    0.3600             0.3600     6348.0                 0.0                   1.0
2014-01-14   0.3500   0.3800  0.3500    0.3702             0.3702    50323.0                 0.0                   1.0
2014-01-15   0.3800   0.3800  0.3500    0.3500             0.3500    18892.0                 0.0                   1.0
2014-01-16   0.3700   0.3700  0.3700    0.3700             0.3700      773.0                 0.0                   1.0
2014-01-17   0.3700   0.3700  0.3500    0.3700             0.3700     5383.0                 0.0                   1.0
2014-01-21   0.3700   0.3800  0.3500    0.3800             0.3800     7775.0                 0.0                   1.0
2014-01-22   0.3800   0.4500  0.3600    0.4500             0.4500    26361.0                 0.0                   1.0
2014-01-23   0.4001   0.4499  0.3500    0.4499             0.4499    19221.0                 0.0                   1.0
2014-01-24   0.4499   0.4999  0.3500    0.4998             0.4998    12304.0                 0.0                   1.0
2014-01-27   0.4898   0.6000  0.4801    0.4801             0.4801    22231.0                 0.0                   1.0
2014-01-28   0.4801   0.5899  0.4801    0.5899             0.5899    10700.0                 0.0                   1.0
2014-01-29   0.5101   0.6700  0.4801    0.6100             0.6100    42401.0                 0.0                   1.0
2014-01-30   0.6700   0.8500  0.6500    0.8500             0.8500    78373.0                 0.0                   1.0
2014-01-31   0.9300   1.0000  0.9300    1.0000             1.0000    95959.0                 0.0                   1.0
2014-02-03   1.0000   1.0100  0.8555    1.0100             1.0100    22059.0                 0.0                   1.0
2014-02-04   1.0100   1.0100  1.0100    1.0100             1.0100     2001.0                 0.0                   1.0
2014-02-05   1.0100   1.0100  0.8600    0.8999             0.8999    22970.0                 0.0                   1.0
2014-02-06   0.8999   0.9599  0.8999    0.9599             0.9599    16465.0                 0.0                   1.0
2014-02-07   0.9599   1.0000  0.9399    0.9800             0.9800    12765.0                 0.0                   1.0
2014-02-10   0.8855   0.9800  0.8855    0.9750             0.9750     6808.0                 0.0                   1.0
2014-02-11   0.8951   1.0000  0.8950    1.0000             1.0000     1796.0                 0.0                   1.0
2014-02-12   0.9000   0.9500  0.9000    0.9400             0.9400     4184.0                 0.0                   1.0
2014-02-13   0.9055   0.9400  0.9000    0.9400             0.9400     3970.0                 0.0                   1.0
2014-02-14   0.8555   0.9099  0.7956    0.7999             0.7999    18001.0                 0.0                   1.0
2014-02-18   0.7999   0.7999  0.7400    0.7400             0.7400    13986.0                 0.0                   1.0
2014-02-19   0.7900   0.8500  0.7400    0.8100             0.8100    16533.0                 0.0                   1.0
2014-02-20   0.9100   0.9100  0.9000    0.9000             0.9000     4053.0                 0.0                   1.0
2014-02-21   0.8355   0.9000  0.8355    0.9000             0.9000     2899.0                 0.0                   1.0
2014-02-24   0.9000   0.9000  0.8555    0.8555             0.8555     3544.0                 0.0                   1.0
2014-02-25   0.9000   0.9000  0.9000    0.9000             0.9000     1104.0                 0.0                   1.0
2014-02-26   0.8300   0.9000  0.7801    0.8750             0.8750    10805.0                 0.0                   1.0
2014-02-27   0.8000   0.8700  0.8000    0.8500             0.8500     4394.0                 0.0                   1.0
2014-02-28   0.8600   0.8600  0.6501    0.7500             0.7500    88508.0                 0.0                   1.0
2014-03-03   0.8000   0.8098  0.7900    0.8098             0.8098     6299.0                 0.0                   1.0
2014-03-04   0.8090   0.8090  0.7900    0.8090             0.8090    13911.0                 0.0                   1.0
2014-03-05   0.7900   0.8090  0.7900    0.8090             0.8090     3240.0                 0.0                   1.0
2014-03-06   0.8098   0.8098  0.7700    0.8098             0.8098     1902.0                 0.0                   1.0
2014-03-07   0.8098   0.8500  0.7800    0.8300             0.8300    45500.0                 0.0                   1.0
2014-03-10   0.7001   0.8600  0.7001    0.8549             0.8549     2076.0                 0.0                   1.0
2014-03-11   0.7001   0.8600  0.7001    0.8549             0.8549        0.0                 0.0                   1.0
2014-03-12   0.8000   0.8989  0.8000    0.8779             0.8779     4106.0                 0.0                   1.0
2014-03-13   0.8399   0.8399  0.7900    0.8000             0.8000     6362.0                 0.0                   1.0
2014-03-14   0.7700   0.7800  0.7700    0.7800             0.7800    19945.0                 0.0                   1.0
2014-03-17   0.7800   0.7800  0.7700    0.7700             0.7700     4300.0                 0.0                   1.0
2014-03-18   0.7700   0.7700  0.7200    0.7500             0.7500    34515.0                 0.0                   1.0
2014-03-19   0.7600   0.7600  0.7600    0.7600             0.7600      500.0                 0.0                   1.0
2014-03-20   0.7200   0.7600  0.7200    0.7600             0.7600    20400.0                 0.0                   1.0
2014-03-21   0.6800   0.7700  0.6800    0.7600             0.7600    27890.0                 0.0                   1.0
2014-03-24   0.7800   0.7800  0.7250    0.7800             0.7800     7600.0                 0.0                   1.0
2014-03-25   0.7799   0.7799  0.7799    0.7799             0.7799     3012.0                 0.0                   1.0
2014-03-26   0.7400   0.7799  0.7400    0.7799             0.7799      400.0                 0.0                   1.0
2014-03-27   0.7799   0.8000  0.7799    0.7900             0.7900     5505.0                 0.0                   1.0
2014-03-28   0.7900   0.7900  0.7800    0.7900             0.7900     9267.0                 0.0                   1.0
2014-03-31   0.7800   0.7800  0.7800    0.7800             0.7800     2402.0                 0.0                   1.0
2014-04-01   0.7800   0.7800  0.7800    0.7800             0.7800     9000.0                 0.0                   1.0
2014-04-02   0.7400   0.8500  0.7400    0.8500             0.8500    22370.0                 0.0                   1.0
2014-04-03   0.8500   0.8999  0.8500    0.8999             0.8999     3649.0                 0.0                   1.0
2014-04-04   0.8999   0.9999  0.8001    0.9700             0.9700    19726.0                 0.0                   1.0
2014-04-07   0.9700   0.9700  0.8500    0.9699             0.9699    11798.0                 0.0                   1.0
2014-04-08   0.9200   0.9400  0.9000    0.9400             0.9400     8755.0                 0.0                   1.0
2014-04-09   0.8800   0.9500  0.8800    0.9200             0.9200     6609.0                 0.0                   1.0
2014-04-10   0.8800   0.9500  0.8800    0.9200             0.9200        0.0                 0.0                   1.0
2014-04-11   0.8670   0.9600  0.8670    0.9600             0.9600     8118.0                 0.0                   1.0
2014-04-14   0.9600   1.0000  0.9330    0.9999             0.9999    25103.0                 0.0                   1.0
2014-04-15   0.9500   1.0000  0.9500    1.0000             1.0000     8427.0                 0.0                   1.0
2014-04-16   1.0000   1.0000  0.8700    0.9999             0.9999    32173.0                 0.0                   1.0
2014-04-17   0.9800   1.0500  0.9800    1.0500             1.0500    75019.0                 0.0                   1.0
2014-04-21   1.0300   1.0300  1.0300    1.0300             1.0300      962.0                 0.0                   1.0
2014-04-22   1.0300   1.0500  1.0000    1.0500             1.0500     5284.0                 0.0                   1.0
2014-04-23   1.0400   1.0400  0.9800    1.0400             1.0400    15600.0                 0.0                   1.0
2014-04-24   1.0500   1.1400  1.0500    1.1400             1.1400    17870.0                 0.0                   1.0
2014-04-25   1.1300   1.1300  1.0500    1.0900             1.0900     5577.0                 0.0                   1.0
2014-04-28   1.0100   1.1700  1.0100    1.1500             1.1500    14782.0                 0.0                   1.0
2014-04-29   1.1800   1.2000  1.1800    1.2000             1.2000     4088.0                 0.0                   1.0
2014-04-30   1.1400   1.2000  1.1300    1.2000             1.2000    12597.0                 0.0                   1.0
2014-05-01   1.2100   1.2500  1.2000    1.2500             1.2500     4427.0                 0.0                   1.0
2014-05-02   1.2500   1.2500  1.2000    1.2300             1.2300     5720.0                 0.0                   1.0
2014-05-05   1.2300   1.2500  1.2200    1.2500             1.2500     3677.0                 0.0                   1.0
2014-05-06   1.1800   1.1800  1.0600    1.1400             1.1400    19659.0                 0.0                   1.0
2014-05-07   1.2500   1.2500  1.2000    1.2500             1.2500     2056.0                 0.0                   1.0
2014-05-08   1.2000   1.2400  1.0000    1.2400             1.2400     5880.0                 0.0                   1.0
2014-05-09   1.1400   1.2400  1.1400    1.2400             1.2400     7410.0                 0.0                   1.0
2014-05-12   1.2000   1.2400  1.0300    1.1800             1.1800     7010.0                 0.0                   1.0
2014-05-13   1.1900   1.2000  1.1400    1.1900             1.1900     3800.0                 0.0                   1.0
2014-05-14   1.2300   1.2300  1.2300    1.2300             1.2300      120.0                 0.0                   1.0
2014-05-15   1.2300   1.2300  1.1600    1.2200             1.2200     1430.0                 0.0                   1.0
2014-05-16   1.2200   1.2500  1.2200    1.2500             1.2500     4100.0                 0.0                   1.0
2014-05-19   1.2500   1.2500  1.1100    1.2400             1.2400     7200.0                 0.0                   1.0
2014-05-20   1.1500   1.2000  1.1500    1.2000             1.2000     6508.0                 0.0                   1.0
2014-05-21   1.2400   1.2500  1.2400    1.2500             1.2500     3100.0                 0.0                   1.0
2014-05-22   1.2600   1.2600  1.2000    1.2000             1.2000     2200.0                 0.0                   1.0
2014-05-23   1.2400   1.2400  1.0400    1.2400             1.2400    12626.0                 0.0                   1.0
2014-05-27   1.1500   1.2400  1.1000    1.2400             1.2400    14057.0                 0.0                   1.0
2014-05-28   1.2200   1.2400  1.1800    1.2400             1.2400     5404.0                 0.0                   1.0
2014-05-29   1.2000   1.2300  1.1100    1.2300             1.2300     2600.0                 0.0                   1.0
2014-05-30   1.1100   1.2300  1.1100    1.1200             1.1200    38854.0                 0.0                   1.0
2014-06-02   1.1000   1.1500  1.1000    1.1500             1.1500     8547.0                 0.0                   1.0
2014-06-03   1.1500   1.1500  1.1500    1.1500             1.1500     2004.0                 0.0                   1.0
2014-06-04   1.1300   1.2000  1.1000    1.2000             1.2000    18298.0                 0.0                   1.0
2014-06-05   1.1400   1.1800  1.1200    1.1400             1.1400     8000.0                 0.0                   1.0
2014-06-06   1.1200   1.1400  1.0800    1.1400             1.1400     6713.0                 0.0                   1.0
2014-06-09   1.1300   1.1400  1.1200    1.1400             1.1400     5136.0                 0.0                   1.0
2014-06-10   1.1400   1.1800  1.1400    1.1800             1.1800     1976.0                 0.0                   1.0
2014-06-11   1.1700   1.1700  1.1000    1.1500             1.1500     3996.0                 0.0                   1.0
2014-06-12   1.1800   1.1800  1.1800    1.1800             1.1800      203.0                 0.0                   1.0
2014-06-13   1.1800   1.1800  1.1800    1.1800             1.1800        0.0                 0.0                   1.0
2014-06-16   1.1800   1.1800  1.1800    1.1800             1.1800        0.0                 0.0                   1.0
2014-06-17   1.1500   1.1600  1.1500    1.1600             1.1600     1285.0                 0.0                   1.0
2014-06-18   1.1500   1.1600  1.1500    1.1600             1.1600        0.0                 0.0                   1.0
2014-06-19   1.1400   1.1500  1.1400    1.1500             1.1500      808.0                 0.0                   1.0
2014-06-20   1.1400   1.1700  1.1400    1.1700             1.1700     7221.0                 0.0                   1.0
2014-06-23   1.1400   1.1400  1.1000    1.1000             1.1000     2505.0                 0.0                   1.0
2014-06-24   1.1300   1.1300  1.1300    1.1300             1.1300     1000.0                 0.0                   1.0
2014-06-25   1.1300   1.1300  1.1300    1.1300             1.1300        0.0                 0.0                   1.0
2014-06-26   1.1300   1.1300  1.1300    1.1300             1.1300        0.0                 0.0                   1.0
2014-06-27   1.0900   1.0900  1.0500    1.0900             1.0900    22111.0                 0.0                   1.0
2014-06-30   1.0900   1.0900  1.0100    1.0550             1.0550    35350.0                 0.0                   1.0
2014-07-01   1.0600   1.0600  1.0100    1.0100             1.0100     3585.0                 0.0                   1.0
2014-07-02   1.0200   1.0500  1.0100    1.0500             1.0500     2501.0                 0.0                   1.0
2014-07-03   1.0200   1.0500  1.0100    1.0500             1.0500        0.0                 0.0                   1.0
2014-07-07   1.0500   1.0500  1.0300    1.0500             1.0500    79310.0                 0.0                   1.0
2014-07-08   1.0400   1.0400  1.0000    1.0000             1.0000     1250.0                 0.0                   1.0
2014-07-09   1.0300   1.0300  1.0100    1.0200             1.0200    15886.0                 0.0                   1.0
2014-07-10   1.0200   1.0200  1.0100    1.0100             1.0100    14100.0                 0.0                   1.0
2014-07-11   1.0300   1.0300  1.0200    1.0200             1.0200    13500.0                 0.0                   1.0
2014-07-14   1.0300   1.0300  1.0200    1.0200             1.0200        0.0                 0.0                   1.0
2014-07-15   1.0100   1.0100  1.0000    1.0100             1.0100    34309.0                 0.0                   1.0
2014-07-16   1.0100   1.0100  1.0100    1.0100             1.0100      100.0                 0.0                   1.0
2014-07-17   1.0100   1.0100  1.0100    1.0100             1.0100     1015.0                 0.0                   1.0
2014-07-18   1.0000   1.0000  0.9600    1.0000             1.0000    13665.0                 0.0                   1.0
2014-07-21   1.0000   1.0000  0.9600    1.0000             1.0000        0.0                 0.0                   1.0
2014-07-22   0.9900   0.9900  0.9500    0.9700             0.9700    15361.0                 0.0                   1.0
2014-07-23   0.9900   0.9900  0.9900    0.9900             0.9900     1000.0                 0.0                   1.0
2014-07-24   0.9500   0.9500  0.9500    0.9500             0.9500      104.0                 0.0                   1.0
2014-07-25   0.9500   0.9500  0.9500    0.9500             0.9500        0.0                 0.0                   1.0
2014-07-28   0.9900   0.9900  0.9900    0.9900             0.9900     2942.0                 0.0                   1.0
2014-07-29   0.9000   0.9900  0.9000    0.9900             0.9900      657.0                 0.0                   1.0
2014-07-30   0.9900   0.9900  0.9800    0.9800             0.9800      900.0                 0.0                   1.0
2014-07-31   0.9800   0.9800  0.9800    0.9800             0.9800     3500.0                 0.0                   1.0
2014-08-01   0.9700   0.9700  0.9300    0.9700             0.9700    19721.0                 0.0                   1.0
2014-08-04   0.9700   0.9700  0.9500    0.9700             0.9700    13000.0                 0.0                   1.0
2014-08-05   0.9700   0.9700  0.9700    0.9700             0.9700      751.0                 0.0                   1.0
2014-08-06   0.9500   0.9500  0.9500    0.9500             0.9500     2000.0                 0.0                   1.0
2014-08-07   0.9700   0.9700  0.9700    0.9700             0.9700      250.0                 0.0                   1.0
2014-08-08   0.9600   0.9600  0.9100    0.9500             0.9500    46324.0                 0.0                   1.0
2014-08-11   0.9200   0.9500  0.9200    0.9200             0.9200     1549.0                 0.0                   1.0
2014-08-12   0.9000   0.9000  0.8950    0.8950             0.8950    35980.0                 0.0                   1.0
2014-08-13   0.8500   0.9000  0.8500    0.9000             0.9000     5420.0                 0.0                   1.0
2014-08-14   0.9000   0.9000  0.9000    0.9000             0.9000     1000.0                 0.0                   1.0
2014-08-18   0.9000   0.9000  0.9000    0.9000             0.9000        0.0                 0.0                   1.0
2014-08-19   0.9000   0.9000  0.9000    0.9000             0.9000        0.0                 0.0                   1.0
2014-08-20   0.9000   0.9000  0.9000    0.9000             0.9000        0.0                 0.0                   1.0
2014-08-21   0.8656   0.8656  0.8001    0.8596             0.8596    18000.0                 0.0                   1.0
2014-08-22   0.8596   0.8597  0.8500    0.8597             0.8597     3500.0                 0.0                   1.0
2014-08-25   0.8596   0.8597  0.8500    0.8597             0.8597        0.0                 0.0                   1.0
2014-08-26   0.8500   0.8500  0.8500    0.8500             0.8500      102.0                 0.0                   1.0
2014-08-27   0.8200   0.8500  0.8200    0.8500             0.8500     2600.0                 0.0                   1.0
2014-08-28   0.8200   0.8500  0.8200    0.8500             0.8500        0.0                 0.0                   1.0
2014-08-29   0.8200   0.8500  0.8200    0.8500             0.8500        0.0                 0.0                   1.0
2014-09-02   0.8200   0.8500  0.8200    0.8500             0.8500        0.0                 0.0                   1.0
2014-09-03   0.8500   0.8500  0.8500    0.8500             0.8500     1432.0                 0.0                   1.0
2014-09-04   0.8155   0.8500  0.8155    0.8500             0.8500     2594.0                 0.0                   1.0
2014-09-05   0.8100   0.8500  0.8100    0.8500             0.8500     1598.0                 0.0                   1.0
2014-09-08   0.8100   0.8500  0.8100    0.8500             0.8500        0.0                 0.0                   1.0
2014-09-11   0.7950   0.7950  0.7500    0.7800             0.7800     8454.0                 0.0                   1.0
2014-09-12   0.7950   0.7950  0.7500    0.7800             0.7800        0.0                 0.0                   1.0
2014-09-17   0.7950   0.7950  0.7500    0.7800             0.7800        0.0                 0.0                   1.0
2014-09-18   0.7950   0.7950  0.7500    0.7800             0.7800        0.0                 0.0                   1.0
2014-09-19   0.7600   0.8100  0.7600    0.8100             0.8100    10826.0                 0.0                   1.0
2014-09-22   0.7600   0.8100  0.7600    0.8100             0.8100        0.0                 0.0                   1.0
2014-09-23   0.7600   0.8100  0.7600    0.8100             0.8100        0.0                 0.0                   1.0
2014-09-24   0.7600   0.8100  0.7600    0.8100             0.8100        0.0                 0.0                   1.0
2014-09-25   0.7800   0.7800  0.7800    0.7800             0.7800     1141.0                 0.0                   1.0
2014-09-26   0.7800   0.7800  0.7800    0.7800             0.7800        0.0                 0.0                   1.0
2014-09-29   0.7800   0.8100  0.7800    0.8000             0.8000     6631.0                 0.0                   1.0
2014-09-30   0.8100   0.8100  0.8100    0.8100             0.8100     1643.0                 0.0                   1.0
2014-10-01   0.7800   0.8079  0.7501    0.8079             0.8079    10541.0                 0.0                   1.0
2014-10-02   0.7599   0.8000  0.7599    0.8000             0.8000     8834.0                 0.0                   1.0
2014-10-03   0.7599   0.8000  0.7599    0.8000             0.8000        0.0                 0.0                   1.0
2014-10-06   0.8000   0.8000  0.7800    0.7800             0.7800      300.0                 0.0                   1.0
2014-10-07   0.8000   0.8000  0.7800    0.7800             0.7800        0.0                 0.0                   1.0
2014-10-08   0.8000   0.8000  0.7800    0.7800             0.7800        0.0                 0.0                   1.0
2014-10-09   0.8000   0.8000  0.7800    0.7800             0.7800        0.0                 0.0                   1.0
2014-10-10   0.8000   0.8000  0.7800    0.7800             0.7800        0.0                 0.0                   1.0
2014-10-13   0.1900   0.1900  0.1500    0.1550             0.1550   195353.0                 0.0                   1.0
2014-10-14   0.1410   0.1500  0.1410    0.1500             0.1500     2600.0                 0.0                   1.0
2014-10-15   0.1500   0.1550  0.1500    0.1500             0.1500    14172.0                 0.0                   1.0
2014-10-16   0.1500   0.1550  0.1500    0.1500             0.1500        0.0                 0.0                   1.0
2014-10-17   0.1500   0.1550  0.1500    0.1500             0.1500        0.0                 0.0                   1.0
2014-10-20   0.1600   0.1600  0.1500    0.1500             0.1500    11200.0                 0.0                   1.0
2014-10-21   0.1500   0.1500  0.1440    0.1440             0.1440     5711.0                 0.0                   1.0
2014-10-22   0.1440   0.1440  0.1440    0.1440             0.1440    13250.0                 0.0                   1.0
2014-10-23   0.1440   0.1440  0.1440    0.1440             0.1440        0.0                 0.0                   1.0
2014-10-24   0.1440   0.1440  0.1440    0.1440             0.1440        0.0                 0.0                   1.0
2014-10-27   0.1440   0.1440  0.1440    0.1440             0.1440    25601.0                 0.0                   1.0
2014-10-28   0.1440   0.1500  0.1440    0.1500             0.1500    28652.0                 0.0                   1.0
2014-10-29   0.1440   0.1440  0.1440    0.1440             0.1440     2895.0                 0.0                   1.0
2014-10-30   0.1440   0.1440  0.1440    0.1440             0.1440     6801.0                 0.0                   1.0
2014-10-31   0.1440   0.1440  0.1440    0.1440             0.1440     1040.0                 0.0                   1.0
2014-11-03   0.1500   0.1500  0.1440    0.1440             0.1440     1187.0                 0.0                   1.0
2014-11-04   0.1440   0.1440  0.1440    0.1440             0.1440     4256.0                 0.0                   1.0
2014-11-05   0.1440   0.1440  0.1440    0.1440             0.1440        0.0                 0.0                   1.0
2014-11-06   0.1440   0.1440  0.1440    0.1440             0.1440        0.0                 0.0                   1.0
2014-11-07   0.1440   0.1440  0.1440    0.1440             0.1440        0.0                 0.0                   1.0
2014-11-10   0.1445   0.1445  0.1445    0.1445             0.1445      200.0                 0.0                   1.0
2014-11-11   0.1445   0.1445  0.1445    0.1445             0.1445        0.0                 0.0                   1.0
2014-11-12   0.1445   0.1445  0.1445    0.1445             0.1445      182.0                 0.0                   1.0
2014-11-13   0.1445   0.1445  0.1445    0.1445             0.1445     3214.0                 0.0                   1.0
2014-11-14   0.1445   0.1445  0.1445    0.1445             0.1445        0.0                 0.0                   1.0
2014-11-17   0.1445   0.1500  0.1445    0.1500             0.1500     2020.0                 0.0                   1.0
2014-11-18   0.1500   0.1500  0.1425    0.1500             0.1500    14417.0                 0.0                   1.0
2014-11-19   0.1500   0.1500  0.1425    0.1500             0.1500        0.0                 0.0                   1.0
2014-11-20   0.1440   0.1440  0.1440    0.1440             0.1440      601.0                 0.0                   1.0
2014-11-21   0.1440   0.1440  0.1440    0.1440             0.1440        0.0                 0.0                   1.0
2014-11-24   0.1440   0.2000  0.1440    0.1500             0.1500    12635.0                 0.0                   1.0
2014-11-25   0.1440   0.1441  0.1440    0.1441             0.1441    12276.0                 0.0                   1.0
2014-11-26   0.1441   0.1441  0.1441    0.1441             0.1441    30700.0                 0.0                   1.0
2014-11-28   0.1441   0.1441  0.1441    0.1441             0.1441        0.0                 0.0                   1.0
2014-12-01   0.1441   0.1441  0.1000    0.1441             0.1441      454.0                 0.0                   1.0
2014-12-02   0.1441   0.1441  0.1441    0.1441             0.1441     3500.0                 0.0                   1.0