12/08/2017,21.55,22.95,19.67,21.45,3907938
12/11/2017,21.52,21.61,20.5,20.99,386862
12/12/2017,20.97,20.99,20.17,20.17,201549
12/13/2017,20.22,20.86,19.98,20,201842
12/14/2017,20.1,20.295,18.5,18.98,1308765
12/15/2017,19.25,19.59,18.77,19.04,583669
12/18/2017,19.05,19.5011,18.57,18.7,458116
12/19/2017,18.72,18.72,18.2,18.27,342121
12/20/2017,18.3,18.75,17.5,17.69,566492
12/21/2017,18.01,18.0844,16.39,16.4,473220
12/22/2017,16.6,16.6,15.75,15.78,653400
12/26/2017,15.9,16.5,15.02,15.43,288140
12/27/2017,15.48,16.39,15.35,15.86,368329
12/28/2017,15.94,16.0156,14.8296,15.04,372543
12/29/2017,15.15,15.799,14.72,15.64,254624
01/02/2018,16,16.46,15.9177,16.03,548120
01/03/2018,16.41,16.783,16.25,16.61,342891
01/04/2018,16.7,16.7626,16.01,16.04,268724
01/05/2018,16.88,17.63,16.33,16.79,644795
01/08/2018,16.8,16.9037,16.4,16.5,355150
01/09/2018,16.46,16.54,15.49,15.5,258120
01/10/2018,15.5,15.568,14.96,15.38,280481
01/11/2018,15.43,16.975,15.1726,16.53,436950
01/12/2018,16.64,17.25,16.43,17.12,307166
01/16/2018,17.16,17.8,16.86,17.08,372459
01/17/2018,17.11,17.7627,16.6515,17.65,201542
01/18/2018,17.62,18.45,17.501,18.375,271738
01/19/2018,18.41,20.04,18.41,19.755,505365
01/22/2018,19.8,23,19.8,21.61,492205
01/23/2018,21.7,22.25,21.09,21.86,375671
01/24/2018,22.31,22.31,21.55,21.81,194213
01/25/2018,21.83,21.9,19.09,21.09,243040
01/26/2018,21.37,22.31,20.89,22.2,114023
01/29/2018,22.32,24.02,22.32,23.96,300529
01/30/2018,23.75,23.93,22.89,23.66,354565
01/31/2018,23.82,24,23.11,23.29,331307
02/01/2018,23.32,23.66,21.06,21.15,114233
02/02/2018,20.87,20.87,19.58,20.41,133759
02/05/2018,20.12,20.85,19.2,19.24,150724
02/06/2018,18.76,19.93,18.49,19.38,215128
02/07/2018,19.4,20.48,19.27,20.3,222598
02/08/2018,20.3,21,20.3,20.89,149402
02/09/2018,21.12,21.62,20.37,21.56,158043
02/12/2018,21.61,21.78,20.7,21.21,93931
02/13/2018,21.26,21.29,20.47,20.59,70527
02/14/2018,20.56,21.175,20.54,20.83,45051
02/15/2018,21.09,23.55,21,23.35,174601
02/16/2018,23.42,25.02,23.2985,24.77,349202
02/20/2018,24.86,25.789,23.4001,23.8,225656
02/21/2018,23.9,24.78,22.7217,23.01,155023
02/22/2018,22.9,23.3857,22.12,22.42,159303
02/23/2018,22.73,23.3,21.94,22.39,285297
02/26/2018,22.37,23.2,21.395,22.17,219309
02/27/2018,22.05,22.11,21.48,21.49,251510
02/28/2018,21.54,23.44,21,22.89,261867
03/01/2018,22.98,23,21.55,21.605,299799
03/02/2018,21.55,22.9899,21,22.755,215310
03/05/2018,22.59,22.99,21.1,22.55,288894
03/06/2018,22.63,22.99,21.63,21.95,232339
03/07/2018,21.75,22.28,21.13,21.53,178058
03/08/2018,21.7,21.75,20.3401,20.56,211789
03/09/2018,20.52,20.87,20.15,20.37,197618
03/12/2018,19.96,20.31,18.56,20.23,403933
03/13/2018,20.31,20.96,19.43,20.11,179878
03/14/2018,20.18,22.14,19.68,21.88,300695
03/15/2018,21.98,22.06,19.51,19.57,282497
03/16/2018,19.73,21.7,19.615,21.535,1912116
03/19/2018,21.43,22,20.45,21.9,381652
03/20/2018,22.18,22.48,21.37,22.06,314358
03/21/2018,21.98,22.3378,21.57,21.66,198006
03/22/2018,21.44,21.6801,21.01,21.195,103789
03/23/2018,21.17,21.83,21.035,21.35,345150
03/26/2018,21.7,21.9445,20,21.15,408256
03/27/2018,21.16,21.424,19.9,20.06,183697
03/28/2018,20.08,20.8699,19.57,19.72,130400
03/29/2018,19.75,20.5,19.6,19.67,163085
04/02/2018,19.66,19.96,18.7,18.74,152870
04/03/2018,18.93,19.349,18.57,19.11,248951
04/04/2018,18.79,19.9,18.74,19.59,202036
04/05/2018,19.78,19.78,18.76,18.93,207116
04/06/2018,18.64,19.19,18.015,18.11,134811
04/09/2018,18.5,19.48,18.11,18.45,140353
04/10/2018,18.76,19.67,18.51,19.61,99948
04/11/2018,19.54,19.68,19.18,19.51,105859
04/12/2018,19.6,19.84,19.365,19.41,111754
04/13/2018,19.6,19.77,19.1,19.21,76765
04/16/2018,19.42,19.5,18.28,18.65,94653
04/17/2018,18.85,19.879,18.61,19.63,114655
04/18/2018,19.79,20,19.17,19.35,85538
04/19/2018,19.33,19.94,18.74,19.25,116486
04/20/2018,19.17,19.85,18.85,19.77,116801
04/23/2018,19.77,19.77,19.08,19.44,113615
04/24/2018,19.57,19.834,19.0139,19.21,82837
04/25/2018,19.13,19.13,18.22,18.3,105587
04/26/2018,18.53,19.08,18.27,18.69,80160
04/27/2018,18.79,18.97,18.465,18.71,50426
04/30/2018,18.82,18.87,18.24,18.46,178262
05/01/2018,18.44,18.645,18.25,18.63,55466
05/02/2018,18.6,19.09,18.6,18.65,46386
05/03/2018,18.64,18.65,18.11,18.15,218576
05/04/2018,18.15,19.19,18.15,18.98,117455
05/07/2018,19.13,19.34,18.54,19.26,68715
05/08/2018,19.24,19.39,18.2,18.74,151360
05/09/2018,18.73,19.54,18.73,19.5,99696
05/10/2018,19.64,20.79,19.3,20.5,306829
05/11/2018,20.43,20.43,19.03,19.41,267257
05/14/2018,19.46,19.539,18.63,18.7,180592
05/15/2018,18.82,19.37,18.62,19.17,115212
05/16/2018,19.21,19.33,18.8,18.85,134017
05/17/2018,18.86,19.12,18.6638,18.99,170689
05/18/2018,19.09,19.79,18.98,19.67,130180
05/21/2018,19.84,19.93,19.31,19.71,128611
05/22/2018,19.72,20.5501,19.57,20.01,120904
05/23/2018,19.85,20.51,19.85,20.32,108421
05/24/2018,20.37,20.58,19.8,19.96,98549
05/25/2018,19.93,20.17,19.53,19.92,67232
05/29/2018,19.95,20.82,19.95,20.775,147416
05/30/2018,20.87,21.19,20.42,20.71,195566
05/31/2018,20.72,20.74,19,19.25,378987
06/01/2018,19.41,19.66,18.7,18.77,246022
06/04/2018,19.34,21.75,19.33,20.8,753398
06/05/2018,21.16,22.99,21,21.01,504606
06/06/2018,20.81,21.57,19.6,19.8,516852
06/07/2018,19.83,20.78,18.02,18.15,476916
06/08/2018,18.25,18.9,17.57,17.96,873496
06/11/2018,17.92,18.51,17.34,18.34,505524
06/12/2018,18.33,19.03,18.1,18.75,444565
06/13/2018,18.88,19.64,18.6,18.91,816998
06/14/2018,18.92,19.2599,17.62,17.9,757918
06/15/2018,17.81,18.22,17.64,17.9,689244
06/18/2018,17.88,18.11,17.4,17.61,591000
06/19/2018,17.49,17.891,17.0726,17.26,586386
06/20/2018,17.6,17.81,17.17,17.77,200531
06/21/2018,17.7,17.9325,16.86,17,258789
06/22/2018,17.19,18.18,17.01,17.94,533570
06/25/2018,17.77,17.8754,16.93,17.16,258421
06/26/2018,17.23,17.23,16.72,17.1,266156
06/27/2018,17.19,17.41,16.515,16.66,377459
06/28/2018,16.56,16.83,15.59,15.63,549638
06/29/2018,15.68,16.04,15.19,15.24,197964
07/02/2018,15.02,15.56,14.63,15.55,386014
07/03/2018,15.54,15.649,14.95,15.07,139924
07/05/2018,15,15.62,14.88,15.56,405989
07/06/2018,15.57,15.93,15.271,15.9005,225530
07/09/2018,15.9,16.2,15.35,15.47,264713
07/10/2018,15.88,15.9,15.07,15.2,231610
07/11/2018,15.11,15.2001,14.6,14.9,339093
07/12/2018,15.06,15.24,14.57,14.76,219774
07/13/2018,14.81,14.88,14.45,14.48,157132
07/16/2018,14.5,14.52,13.96,14.05,212770
07/17/2018,14.09,14.09,13.71,14,277244
07/18/2018,14,14.05,13.6421,14,163031
07/19/2018,13.92,14,13.7,14,223619
07/20/2018,14,14,13.44,13.46,187526
07/23/2018,13.45,14.02,13.295,13.97,365421
07/24/2018,13.99,14.01,13.01,13.5,737469
07/25/2018,13.53,14.41,13.36,13.87,1201746
07/26/2018,13.92,13.95,13.15,13.35,487392
07/27/2018,13.29,13.5677,12.35,12.63,341557
07/30/2018,12.61,12.81,12.35,12.46,238682
07/31/2018,12.48,12.77,12.32,12.6,200125
08/01/2018,12.6,12.846,12.45,12.73,182098
08/02/2018,13.47,14.3,13.27,13.99,1102898
08/03/2018,14.14,14.2,13.68,13.86,522194
08/06/2018,13.8,15.05,13.681,15.01,469422
08/07/2018,14.97,16.11,14.97,15.64,449371
08/08/2018,15.58,15.58,15.02,15.15,214352
08/09/2018,15.12,16,14.88,15.31,282877
08/10/2018,14.78,15.69,14.7735,15.07,243148
08/13/2018,14.95,15.12,14.77,14.86,285927
08/14/2018,14.95,15.26,14.85,15.04,207787
08/15/2018,14.97,15.24,14.89,15.14,185025
08/16/2018,15.18,16.4,15.16,16.2,309118
08/17/2018,16.14,16.31,15.52,15.75,290746
08/20/2018,15.75,16,15.355,15.93,244455
08/21/2018,15.9,16.26,15.89,16.1,202359
08/22/2018,16,16.68,16,16.38,169228
08/23/2018,16.43,16.66,16.15,16.54,189234
08/24/2018,16.42,16.59,16.32,16.45,171463
08/27/2018,16.88,17.11,16.58,16.81,327709
08/28/2018,16.8,17.79,16.8,17.64,506038
08/29/2018,18,18.23,17.72,18.02,484395
08/30/2018,18.07,19.2,18.07,19.08,401732
08/31/2018,19,19.7731,18.9399,19.63,723372
09/04/2018,19.28,19.61,18.65,19.4,385477
09/05/2018,19.33,20,19.33,19.92,295678
09/06/2018,19.97,20,19.34,19.34,258442
09/07/2018,19.3,19.59,17.57,17.72,570735
09/10/2018,17.83,19.29,17.7828,18.31,572804
09/11/2018,18.29,18.85,18.2226,18.44,524913
09/12/2018,18.4,18.8299,18.05,18.37,614736
09/13/2018,18.48,18.62,17.72,18.16,418071
09/14/2018,18.18,19.89,18.16,19.5,666155
09/17/2018,19.27,19.85,18.685,18.72,658739
09/18/2018,18.8,20.51,18.7585,20.47,1052991
09/19/2018,20.49,20.865,20.2,20.43,804053
09/20/2018,20.57,21.21,20.35,20.88,725603
09/21/2018,20.92,21.09,20.115,20.98,4785705
09/24/2018,20.84,21.49,20.3,20.81,672965
09/25/2018,21.05,21.44,20.65,21.22,417116
09/26/2018,21.36,21.64,20.94,21.39,396031
09/27/2018,21.49,21.89,21.08,21.23,261530
09/28/2018,21.12,21.78,20.89,21.74,293698
10/01/2018,21.36,22.34,21.35,21.56,342473
10/02/2018,21.66,22.4,21.25,21.74,618199
10/03/2018,21.83,21.84,20.29,21.19,430251
10/04/2018,21.2,21.53,19.08,19.34,583852
10/05/2018,19.31,19.53,18.985,19.38,178838
10/08/2018,19.38,19.55,17.65,18.34,427875
10/09/2018,18.15,18.65,17.8042,17.82,279276
10/10/2018,17.83,18.125,16.93,17,512182
10/11/2018,16.95,17.5,16.49,16.53,740278
10/12/2018,16.91,17.18,16.71,16.94,294829
10/15/2018,16.97,17.36,16.56,16.99,205652
10/16/2018,17.32,18,16.96,17.87,159816
10/17/2018,17.81,18.09,17.01,17.33,430106
10/18/2018,17.17,17.22,16.07,16.47,309850
10/19/2018,16.47,17.01,16.295,16.7,379792
10/22/2018,16.78,16.905,15.46,15.48,882465
10/23/2018,15.13,15.86,15,15.32,314568
10/24/2018,15.3,15.55,13.78,13.87,407376
10/25/2018,14.01,14.98,13.92,14.72,293853
10/26/2018,14.35,14.684,14.045,14.16,323695
10/29/2018,14.42,14.69,13.89,14.31,213412
10/30/2018,14.36,14.82,14.125,14.29,310014
10/31/2018,14.52,14.83,14.32,14.47,286808
11/01/2018,16,16.59,15.34,16.33,372578
11/02/2018,16.4,17.04,16.09,16.98,162392
11/05/2018,17.12,17.29,16.27,16.79,196743
11/06/2018,16.67,17.44,16.5101,17.08,166326
11/07/2018,17.14,17.749,16.97,17.36,157745
11/08/2018,17.33,17.56,16.86,17.35,95591
11/09/2018,16.76,17.29,16.305,16.7,177381
11/12/2018,16.81,17.07,16,16.67,243500
11/13/2018,17,18,16.81,17.28,190783
11/14/2018,17.5,17.96,17.015,17.49,166369
11/15/2018,17.38,19.23,17.16,18.8,634284
11/16/2018,18.45,19.25,18.25,19.23,403771
11/19/2018,19.1,19.25,17.7721,18.19,126083
11/20/2018,18.02,18.955,18.02,18.5,236790
11/21/2018,18.69,19.14,18.4301,19,190344
11/23/2018,18.83,19.695,18.68,18.77,125173
11/26/2018,19,19,18.3086,18.92,191983
11/27/2018,18.75,19.06,18.34,18.6,101834
11/28/2018,18.74,19.92,18.71,19.26,602219
11/29/2018,19,19.55,18.93,19.43,262244
11/30/2018,19.24,19.49,18.6,19.18,280041
12/03/2018,19.17,19.34,18.03,18.2,315201
12/04/2018,18,18.64,17.61,17.72,216108
12/06/2018,17.25,18.96,17.21,18.92,244513
12/07/2018,19.03,19.93,18.69,19.56,299765
12/10/2018,19.52,20.74,19.52,20.23,381578
12/11/2018,20.44,20.69,19.76,20.42,267185
12/12/2018,20.62,21.08,19.905,20.75,355696
12/13/2018,20.72,21.59,20.22,20.41,736142
12/14/2018,20.24,21.22,19.95,20.77,307484
12/17/2018,21.14,21.24,19.49,19.71,669849
12/18/2018,19.85,20.63,19.71,20.49,455917
12/19/2018,20.68,21.25,19.66,20.01,730922
12/20/2018,20.05,21.5,18.9101,19.3,691600
12/21/2018,19.27,20.27,18.25,18.4,2461302
12/24/2018,18.11,19.13,18.11,18.28,206986
12/26/2018,18.5,20.25,18.26,19.8,595699
12/27/2018,19.56,20.335,18.68,19.47,286865
12/28/2018,19.55,20.33,19.27,19.87,272484
12/31/2018,20.19,20.77,20.01,20.66,413943
01/02/2019,20.38,20.54,19.02,19.33,294309
01/03/2019,19.23,19.66,18.55,18.56,355302
01/04/2019,18.99,20.32,18.52,20.28,390415
01/07/2019,20.61,20.9967,19.32,19.84,498903
01/08/2019,20.04,20.47,19.06,20.24,415375
01/09/2019,20.33,20.8,19.94,20.09,254774
01/10/2019,19.97,20.4,19.33,20.16,226009
01/11/2019,20.17,21.16,20.04,20.84,285947
01/14/2019,20.97,21.13,20.15,20.17,232159
01/15/2019,20.45,21.24,20.365,21,241921
01/16/2019,21,21.38,20.9,21.15,197244
01/17/2019,21.18,21.84,20.85,21,326762
01/18/2019,21.05,21.56,20.52,21.55,217312
01/22/2019,21.37,21.79,21.185,21.68,191299
01/23/2019,21.85,21.94,20.92,21.15,135473
01/24/2019,21.21,22,20.8,21.43,239863
01/25/2019,21.63,21.95,21.01,21.85,191011
01/28/2019,21.69,21.94,21.21,21.35,127317
01/29/2019,20.53,21.15,18.6,18.82,614420
01/30/2019,19,19.31,18.52,18.9,374164
01/31/2019,19,19.43,18.73,19.03,360634
02/01/2019,19.12,19.26,18.35,18.66,216200
02/04/2019,18.81,19.3,17.84,19.13,296050
02/05/2019,19.25,19.29,18.51,18.81,179874
02/06/2019,18.79,18.94,18.38,18.4,104620
02/07/2019,18.3,18.53,17.84,17.99,174401
02/08/2019,17.95,18.34,17.73,18.13,140517
02/11/2019,18.18,19.6,17.955,19.48,260620
02/12/2019,19.51,20.5,18.84,20.39,290168
02/13/2019,20.37,20.88,19.645,19.96,143271
02/14/2019,19.96,20.5,19.77,20.26,215464
02/15/2019,20.49,21.24,20.18,20.97,268268
02/19/2019,21,21.88,20.864,21.47,446929
02/20/2019,21.41,21.7,20.65,21.06,204338
02/21/2019,21.27,21.33,20.3605,20.85,173953
02/22/2019,20.98,21.7097,20.51,21.48,392929
02/25/2019,21.88,22.33,21.11,22.02,602700
02/26/2019,21.9,22.98,21.75,22.25,487012
02/27/2019,22.28,22.45,21.61,21.91,217601
02/28/2019,21.84,22.21,21.28,21.8,157719
03/01/2019,21.99,23.1,21.72,22.85,306203
03/04/2019,23.12,23.28,21.39,22,345424
03/05/2019,21.78,22.38,21.42,21.71,212093
03/06/2019,21.8,22,20.44,20.51,378701
03/07/2019,20.59,21.13,20.03,20.8,140158
03/08/2019,20.5,20.98,20.4378,20.61,110298
03/11/2019,20.71,21.88,20.62,21.83,213915
03/12/2019,22.26,23.095,21.95,22.24,382569
03/13/2019,23.38,24.74,22.88,24.34,1094028
03/14/2019,24.37,25.05,24.33,24.61,496567
03/15/2019,24.24,24.96,23.92,24.42,580796
03/18/2019,24.43,24.79,23.94,24.44,194564
03/19/2019,24.4,24.4,22.12,22.21,356449
03/20/2019,22.22,23,21.79,21.89,469801
03/21/2019,21.84,22.4,19.89,20.29,1573123
03/22/2019,20.19,20.8089,19.335,19.45,435853
03/25/2019,19.48,21.07,19.2941,20.5,473273
03/26/2019,20.68,21.16,20.56,21.09,232928
03/27/2019,21.05,21.6,20.34,21.06,247241
03/28/2019,21.18,22.72,20.96,22.37,277071
03/29/2019,22.57,23.43,22.45,23.24,318052
04/01/2019,23.35,24.25,23.22,24.13,345781
04/02/2019,24.06,25.66,23.555,25.65,539670
04/03/2019,25.73,26.93,25.7,26.56,436154
04/04/2019,26.57,27.46,25.71,25.94,425043
04/05/2019,26.09,27.28,25.83,27.08,506491
04/08/2019,27.1,27.9856,26.31,27.94,840372
04/09/2019,27.94,28.6899,27.7403,27.92,315480
04/10/2019,28,28.865,27.76,28.14,347904
04/11/2019,28.22,28.425,27.395,27.56,241835
04/12/2019,27.92,28.75,26.58,27.91,209617
04/15/2019,27,28.06,26.6816,27.27,238160
04/16/2019,27.43,27.43,26.55,26.78,228873
04/17/2019,26.89,26.9313,25.475,26.2,290077
04/18/2019,26.29,26.6399,24.76,25.17,430515
04/22/2019,25.18,25.18,24.59,24.84,261868
04/23/2019,24.83,24.83,23.76,24.29,592174
04/24/2019,24.28,25.06,24.01,24.18,286608
04/25/2019,24.14,24.63,23.89,24.27,409911
04/26/2019,24.34,24.93,24,24.67,240257
04/29/2019,24.71,24.945,24.205,24.49,218301
04/30/2019,24.91,24.91,24.1,24.5,418745
05/01/2019,24.51,24.51,23.76,23.86,382347
05/02/2019,23.74,24.47,23.62,24.24,199721
05/03/2019,24.39,24.73,23.64,24.63,241629
05/06/2019,24,24.94,23.93,24.5,221649
05/07/2019,24.15,24.44,23.125,23.5,258398
05/08/2019,23.49,23.9,23.05,23.58,169900
05/09/2019,23.13,23.86,22.27,22.37,325728
05/10/2019,22.23,22.91,21.66,22.34,184798
05/13/2019,21.64,21.88,20.62,20.8,570198
05/14/2019,20.9,21.05,20.36,20.46,297040
05/15/2019,20.2,21.71,20.19,21.59,388476
05/16/2019,21.64,22.28,20.66,20.68,336813
05/17/2019,20.41,21.06,20.12,20.72,347876
05/20/2019,20.51,21.01,20.28,20.6,305380
05/21/2019,20.58,21.12,20.26,21.11,282475
05/22/2019,21.08,21.2836,20.29,20.77,226403
05/23/2019,20.51,20.88,20.22,20.6,255686
05/24/2019,20.7,21.48,20.5,20.73,190516
05/28/2019,20.79,20.99,20.42,20.57,175562
05/29/2019,20.31,20.4,19.98,19.98,185862
05/30/2019,20.17,20.17,19.22,19.5,271904
05/31/2019,19.18,19.35,19.02,19.08,223268
06/03/2019,19.13,19.43,18.83,19.09,280878
06/04/2019,19.15,19.52,18.745,19.52,213858
06/05/2019,19.56,19.57,18.93,19.05,141298
06/06/2019,18.97,18.97,18.2801,18.5,222621
06/07/2019,18.63,19.18,18.28,19.08,155425
06/10/2019,19.15,19.42,18.49,18.6,235008
06/11/2019,18.84,19.45,18.53,18.91,265784
06/12/2019,18.89,19.48,18.55,19.07,180899
06/13/2019,19.17,19.17,18.65,19.03,309487
06/14/2019,19.13,19.22,18.72,18.72,200100
06/17/2019,18.81,20.77,18.81,19.54,499794
06/18/2019,19.73,20.69,19.6,19.76,339353
06/19/2019,19.72,20.09,19.6,19.92,102958
06/20/2019,20.22,20.68,20.04,20.29,244111
06/21/2019,20.22,20.35,19.58,20.1,775484
06/24/2019,20.1,20.475,19.57,19.65,267221
06/25/2019,19.67,21.37,19.61,20.21,583640
06/26/2019,20.61,21.23,19.575,19.78,211254
06/27/2019,19.82,20.965,19.68,20.54,313658
06/28/2019,20.55,21.28,20.16,20.77,599836
07/01/2019,21.06,21.22,20.57,20.81,187093
07/02/2019,20.85,20.95,20.42,20.51,168112
07/03/2019,20.65,21.78,20.65,21.78,156731
07/05/2019,21.65,22,20.7,20.76,272969
07/08/2019,20.71,21,19.8,19.95,374833
07/09/2019,19.84,20.67,19.75,20.67,111523
07/10/2019,20.79,21.15,20.07,20.6,160892
07/11/2019,20.72,20.74,19.945,20.21,141371
07/12/2019,20.22,20.33,19.77,20.04,164136
07/15/2019,20.97,20.97,19.81,20.66,288664
07/16/2019,20.53,20.56,19.86,20,260074
07/17/2019,20.07,20.18,19.71,20.07,112415
07/18/2019,20.04,20.8802,20.04,20.79,154154
07/19/2019,20.73,21.5,20.64,20.82,279323
07/22/2019,21,21.61,20.27,20.38,196817
07/23/2019,20.44,20.445,20.02,20.23,126668
07/24/2019,20.16,20.73,19.42,20.7,236373
07/25/2019,20.62,20.96,20.38,20.51,170953
07/26/2019,20.59,21.2,20.56,21.19,181127
07/29/2019,21.37,21.4033,20.71,21.14,127947
07/30/2019,20.96,21.95,20.9144,21.94,178706
07/31/2019,21.9,22.26,21.35,21.36,342729
08/01/2019,21.49,21.7612,20.1,20.27,285419
08/02/2019,20.28,20.3358,18.965,19.02,253779
08/05/2019,18.76,18.87,18.19,18.76,423158
08/06/2019,18.93,19.32,18.33,19.17,251223
08/07/2019,18.46,19.25,18.11,18.89,299767
08/08/2019,18.9,19.27,18.39,19.11,270584
08/09/2019,19.44,20.09,19.395,19.8,360505
08/12/2019,20,20.04,18.49,18.86,280637
08/13/2019,18.71,19.29,18.37,18.83,192315
08/14/2019,18.48,19.12,18.35,18.35,362033
08/15/2019,18.4,18.512,17.42,17.59,156650
08/16/2019,17.74,18.2,17.645,18.16,129443
08/19/2019,18.5,18.85,18.16,18.8,156008
08/20/2019,18.88,19.71,18.7,18.82,163945
08/21/2019,18.96,18.96,18.27,18.59,136227
08/22/2019,18.61,18.61,17.71,18.1,123838
08/23/2019,18,18.52,17.7,17.81,199641
08/26/2019,17.98,18.43,17.64,18.24,89730
08/27/2019,18.29,18.75,17.85,17.96,135884
08/28/2019,17.88,18.63,17.84,18.56,148101
08/29/2019,18.74,18.97,18.51,18.65,117578
08/30/2019,18.72,18.73,17.86,17.96,247583
09/03/2019,17.96,18.04,17.01,17.05,190134
09/04/2019,17.3,17.53,16.35,17.135,232162
09/05/2019,17.4,18.35,17.0701,17.96,186500
09/06/2019,18.06,18.195,17.4,17.59,131788
09/09/2019,17.68,18.48,17.3688,18.32,158375
09/10/2019,18.23,19.23,18.0398,18.91,239954
09/11/2019,19.04,19.79,19,19.63,202737
09/12/2019,19.67,19.67,18.72,19.02,192413
09/13/2019,19.8,19.8,18.5,18.82,247809
09/16/2019,18.7,19.8,18.5524,19.74,176991
09/17/2019,19.76,19.8,18.91,19.01,248586
09/18/2019,18.99,19.01,18.02,18.35,285062
09/19/2019,18.52,19.02,18.1,18.2,237048
09/20/2019,18.13,19.105,17.65,18.09,773280
09/23/2019,18.07,18.12,17.56,17.77,172806
09/24/2019,17.8,17.87,17,17.45,339830
09/25/2019,17.48,18.16,16.83,17.32,376428
09/26/2019,17.26,17.26,15.74,15.82,416988
09/27/2019,15.89,16.375,15.7,15.84,269797
09/30/2019,15.9,15.9,15.29,15.34,237360
10/01/2019,15.27,15.58,15.11,15.37,292376
10/02/2019,15.26,15.54,14.72,15.3,289063
10/03/2019,15.34,15.58,15.075,15.5,213109
10/04/2019,15.7,15.7,14.895,15.49,276696
10/07/2019,15.48,15.86,15.33,15.65,238852
10/08/2019,15.47,15.535,15.105,15.22,302081
10/09/2019,15.44,15.44,14.627,14.79,230780
10/10/2019,14.85,15.285,14.79,15.19,161897
10/11/2019,15.44,15.6,15.23,15.39,207607
10/14/2019,15.35,15.63,14.96,14.97,177713
10/15/2019,14.98,15.2,14.775,15.05,149196
10/16/2019,15.04,15.3,14.73,14.76,249828
10/17/2019,14.84,15.27,14.77,15.13,239534
10/18/2019,15.05,15.13,14.24,14.4,223736
10/21/2019,14.6,15.3528,14.4,15.18,888080
10/22/2019,15.22,16.435,15.22,16.02,1310953
10/23/2019,16.01,16.159,15.29,15.37,174786
10/24/2019,15.43,15.43,15.06,15.2,114861
10/25/2019,15.18,16.37,15.16,16.19,336186
10/28/2019,16.29,16.29,15.58,15.68,221745
10/29/2019,15.68,15.93,15.41,15.49,226810
10/30/2019,15.52,15.96,15.45,15.59,140836
10/31/2019,15.49,15.68,15.27,15.67,180019
11/01/2019,15.76,16.15,15.67,16.04,177547
11/04/2019,16.23,16.2535,15.77,15.78,135698
11/05/2019,15.93,16.64,15.79,16.52,197291
11/06/2019,16.57,16.82,16.2,16.26,215996
11/07/2019,16.67,17.14,15,15.52,660324
11/08/2019,15.36,15.81,14.6,14.82,472940
11/11/2019,14.73,15.14,14.66,14.85,237279
11/12/2019,14.92,15.47,14.835,15.03,189212
11/13/2019,14.88,15.28,14.5142,15.14,92586
11/14/2019,15.13,15.37,14.75,15.02,194716
11/15/2019,14.9,15.35,14.9,15.15,176521
11/18/2019,15.08,15.38,14.77,15.23,205986
11/19/2019,15.4,16.01,15.07,15.97,389356
11/20/2019,15.89,16.84,15.89,16.67,595246
11/21/2019,16.7,17.04,16.5,16.99,233344
11/22/2019,17.1,18.01,17.02,17.89,369310
11/25/2019,17.99,18.22,17.56,18,389626
11/26/2019,18.02,18.02,17.24,17.28,207525
11/27/2019,17.24,17.71,17.11,17.66,211487
11/29/2019,17.64,17.99,17.5,17.79,91616
12/02/2019,17.89,17.89,16.9,16.94,175316
12/03/2019,16.85,18.07,16.85,17.73,327080
12/04/2019,17.85,18.25,17.5101,18.16,235771
12/05/2019,18.01,18.41,17.95,18.19,220542
12/06/2019,18.26,18.57,17.97,18.26,247935
12/09/2019,18.37,18.95,17.97,18.27,185939
12/10/2019,18.26,18.37,17.95,18.13,146809
12/11/2019,18.23,18.48,17.88,18.11,164495
12/12/2019,18.13,18.81,18.03,18.73,205420
12/13/2019,18.8,19.27,18.63,18.9,147595
12/16/2019,19.12,19.475,18.9005,18.97,226439
12/17/2019,18.95,19.1694,18.58,19,184475
12/18/2019,19.1,19.15,18.2654,18.48,175542
12/19/2019,18.48,20.08,18.055,19.98,356026
12/20/2019,20,20.09,19.54,19.92,550550
12/23/2019,20.02,20.17,19.71,19.8,469098
12/24/2019,19.78,19.98,19.03,19.43,118798
12/26/2019,19.47,19.615,18.94,19.05,160327
12/27/2019,19.05,19.05,18.14,18.29,173437
12/30/2019,18.21,18.26,17.215,17.29,243510
12/31/2019,17.19,17.53,16.9,17.4,202701
01/02/2020,17.56,17.56,16.12,16.39,199909
01/03/2020,16.15,16.35,16.02,16.16,201078
01/06/2020,16.12,17.355,16.03,17.29,261997
01/07/2020,17.23,18.88,17.23,18.81,490023
01/08/2020,18.8,19.47,18.72,19.25,346419
01/09/2020,19.4,19.61,19.01,19.13,217346
01/10/2020,19.29,19.39,18.62,18.69,331958
01/13/2020,18.79,19,17.5,17.58,201692
01/14/2020,20.9,22.92,18.7,22.75,2263495
01/15/2020,22.55,23.21,20.32,20.59,967284
01/16/2020,20.93,22.17,20.52,22.11,700594
01/17/2020,22.13,22.72,21.9,22.4,575895
01/21/2020,22.12,22.32,21.0708,22.01,438384
01/22/2020,22.18,23.62,21.81,23.41,582935
01/23/2020,23.4,25.29,23.14,24.98,1345491
01/24/2020,25,25.43,24.22,24.67,838503
01/27/2020,25,30.41,24.84,27.98,2407096
01/28/2020,27.82,28.15,24.75,24.815,1126263
01/29/2020,24.8,26.94,24.66,24.97,3162907
01/30/2020,24.67,25.2624,21.8817,23.28,1248689
01/31/2020,23.5,23.92,22.5341,23.19,474411
02/03/2020,23.48,23.48,21.91,22.73,627277
02/04/2020,23.02,23.33,22.4,22.71,311342
02/05/2020,22.79,23.99,22.5,23.67,456843
02/06/2020,23.77,26.25,23.6,25.45,454819
02/07/2020,25.33,26,24.58,25.11,508192
02/10/2020,25.12,26.2,24.59,24.82,321022
02/11/2020,24.87,24.9,23.78,24.62,302216
02/12/2020,24.73,25.49,24.6,25.43,211055
02/13/2020,25.04,25.83,24.9,25.54,165035
02/14/2020,25.41,26.35,24.8,25.42,243336
02/18/2020,25.07,26.57,25.07,26.22,364382
02/19/2020,26.12,26.55,25.62,26.2,287858
02/20/2020,26.07,26.1,24.04,24.75,421304
02/21/2020,24.78,25.64,24.27,24.45,271714
02/24/2020,23.88,24.08,22.57,22.7,710885
02/25/2020,23.17,23.3499,21.77,22.075,459744
02/26/2020,21.94,22.43,21.39,21.61,788780
02/27/2020,21.17,21.4,19.01,19.015,832100
02/28/2020,20.41,20.41,18.835,19.74,1239109
03/02/2020,20.11,20.43,19.38,19.85,832632
03/03/2020,19.75,20.59,19.36,19.45,741717
03/04/2020,19.9,20.59,19.57,19.99,656459
03/05/2020,19.64,19.86,18.8,19.44,389233
03/06/2020,19,19.57,17.91,18.18,348646
03/09/2020,17.54,17.94,16.86,17.35,627899
03/10/2020,17.95,18.02,16.52,17.97,450192
03/11/2020,17.39,17.74,16.6,16.85,532615
03/12/2020,15.57,15.67,12.39,15,769151
03/13/2020,16.1,16.49,13.94,15.82,642528
03/16/2020,13.98,15.28,13.2,14.26,1178549
03/17/2020,14.44,16.82,13.63,16.54,684519
03/18/2020,15.38,17.106,15.1,16.58,536180
03/19/2020,16.39,18.15,15.5,17.78,492055
03/20/2020,18.22,18.95,16.24,17.01,931018
03/23/2020,17.14,17.86,15.755,16.78,544528
03/24/2020,17.5,18.2,16.72,18.1,373749
03/25/2020,18.21,18.78,17.76,17.98,366779
03/26/2020,18.15,19.47,18.13,19.3,450561
03/27/2020,18.26,19.28,18.13,18.9,440108
03/30/2020,19.08,19.79,18.7301,19.64,528141
03/31/2020,19.63,19.65,17.17,17.5,376814
04/01/2020,16.95,17.58,16,16.01,280268
04/02/2020,15.83,17.48,15.72,17.45,285399
04/03/2020,17.54,17.69,16.54,17.17,219897
04/06/2020,18.03,18.89,17.68,18.74,419857
04/07/2020,19.32,19.43,17.515,17.53,319123
04/08/2020,17.91,18.83,17.74,18.68,241486
04/09/2020,18.93,19.85,18.85,19.52,275913
04/13/2020,19.49,19.82,18.8,19.16,138889
04/14/2020,19.65,20.59,19.55,20.47,415523
04/15/2020,19.8,20.73,19.64,20.01,343826
04/16/2020,19.93,20.17,18.45,19.35,272801
04/17/2020,19.62,20.84,19.47,20.49,427731
04/20/2020,20.1,21.17,19.8,20.52,304279
04/21/2020,19.78,21.59,19.33,21.25,282647
04/22/2020,21.83,21.92,20.43,20.92,199092
04/23/2020,21.03,22.39,20.8,21.63,201111
04/24/2020,21.78,22.92,21.42,22.77,219790
04/27/2020,23.11,23.92,22.75,23.66,254007
04/28/2020,23.9,24.05,23.16,23.25,213395
04/29/2020,23.81,23.91,22.35,23.26,348317
04/30/2020,22.99,23.27,21.84,21.86,325213
05/01/2020,21.47,22,20.08,21.74,463575
05/04/2020,21.83,23.23,21.55,23.23,305353
05/05/2020,23.6,24.45,23.5,24.37,278256
05/06/2020,24.45,25.61,24.19,25.27,298176
05/07/2020,25.82,25.8762,23.72,23.77,411547
05/08/2020,24.15,24.96,23.76,23.84,267563
05/11/2020,23.48,25.25,23.23,24.995,321068
05/12/2020,25.18,25.4689,23.84,23.84,265136
05/13/2020,23.78,24.94,22.81,23.62,484143
05/14/2020,23.31,23.8099,22.56,23.05,350546
05/15/2020,22.94,23,21.41,22.72,358377
05/18/2020,23.3,24.33,23.11,23.65,406515
05/19/2020,23.52,23.985,23.06,23.08,188472
05/20/2020,23.54,24.425,23.05,24.41,261724
05/21/2020,24.34,24.77,23.56,24.52,217076
05/22/2020,24.39,25.495,24.04,25.42,275662
05/26/2020,26.07,26.97,25.83,25.88,343173
05/27/2020,26.38,27.46,25.509,27.41,384669
05/28/2020,27.49,28.4,27.38,27.51,385758
05/29/2020,27.59,27.93,26.61,27.78,421391
06/01/2020,27.11,28.37,27.11,28.09,294640
06/02/2020,28.11,28.43,27.615,28.41,346779
06/03/2020,28.51,29.39,28.34,28.86,380944
06/04/2020,28.12,28.62,26.86,26.98,421165
06/05/2020,27.56,27.86,25.84,25.93,358902
06/08/2020,25.72,26.435,25.345,26.08,557317
06/09/2020,25.81,26.13,25.55,25.72,331893
06/10/2020,24.59,26.3,23.52,25.74,604670
06/11/2020,25.22,26.6,24.96,25.14,1039357
06/12/2020,25.87,26.5195,24.24,24.72,451745
06/15/2020,24.51,26.22,24.11,25.71,355621
06/16/2020,26.49,27.71,25.97,26.7,1057269
06/17/2020,26.55,27.2372,25.95,26.11,323097
06/18/2020,26.07,26.56,25.83,25.99,298625
06/19/2020,26.01,26.28,23.61,23.71,1628605
06/22/2020,23.74,25.38,23.25,24.87,689566
06/23/2020,25.22,26.65,25.09,26.19,350005
06/24/2020,25.98,26.17,24.93,24.965,350188
06/25/2020,24.82,26.45,24.6195,25.67,369625
06/26/2020,25.5,25.76,23.485,23.79,2089451
06/29/2020,24.12,24.82,23.36,23.69,502955
06/30/2020,23.56,24.4,23.34,24.16,352482
07/01/2020,24.1,25.32,24.08,25.24,210852
07/02/2020,25.73,25.73,24.76,25.45,244465
07/06/2020,25.96,26.08,25.19,25.49,411023
07/07/2020,25.54,27.26,25.49,26.6,588946
07/08/2020,26.77,27.24,26.26,27.11,188872
07/09/2020,27.2,27.58,26.33,26.85,196752
07/10/2020,26.97,27.04,25.83,25.96,119607
07/13/2020,26.08,26.57,24.78,24.78,243171
07/14/2020,24.82,25.85,24.1,25.85,295042
07/15/2020,26.3,27.3099,26.16,27.01,341483
07/16/2020,27,27.06,25.69,25.85,248656
07/17/2020,25.72,26.68,25.72,26.44,170983
07/20/2020,26.66,29.05,26.47,28.25,675604
07/21/2020,28.28,28.28,24.45,24.7,659696
07/22/2020,24.98,25.02,24.1179,24.43,274257
07/23/2020,24.43,24.635,23.28,23.435,246844
07/24/2020,23.17,23.42,22.36,23.14,469596
07/27/2020,23.2,23.82,23.02,23.405,246015
07/28/2020,23.29,24.09,23.05,23.76,397706
07/29/2020,23.4,24.04,23.04,23.72,380205
07/30/2020,23.48,24.12,23.48,23.98,287751
07/31/2020,24.12,24.18,23.03,23.44,559347
08/03/2020,23.63,24.365,23.63,24.24,220683
08/04/2020,24.5,24.6,23.23,23.39,146459
08/05/2020,23.57,23.8863,22.75,23.22,202448
08/06/2020,30.34,35.7,30.01,31.65,5549933
08/07/2020,32.5746,34.8777,31.21,31.54,1133431
08/10/2020,31.74,34.79,31.18,33.59,900076
08/11/2020,33.87,34.67,32.69,32.9,369572
08/12/2020,31.99,32.07,28.62,29.94,3751969
08/13/2020,29.76,30.665,29.29,29.84,459923
08/14/2020,30,31.26,29.41,30.64,585219
08/17/2020,30.5835,31.49,30.14,31.17,311691
08/18/2020,31.4,32.48,31.15,32.1,464228
08/19/2020,32.19,33.66,31.96,33.01,505569
08/20/2020,33.49,34,32.34,32.87,289871
08/21/2020,32.91,33.98,32.56,32.87,445244
08/24/2020,33.5,34.89,32.94,33.4,397916
08/25/2020,32.7,33.92,32.49,33.71,166614
08/26/2020,33.56,34.24,32.02,32.46,505980
08/27/2020,32.56,33.07,31.0091,31.25,498491
08/28/2020,31.06,31.61,30.68,31.28,207773
08/31/2020,31.14,32.02,30.76,31.9,298801
09/01/2020,31.75,32.37,31.26,31.6,450174
09/02/2020,31.4,32.13,31.4,32.01,338802
09/03/2020,32,32.12,30.83,30.87,386040
09/04/2020,30.95,31.05,29.9367,30.87,346283
09/08/2020,30.64,31.51,30.23,30.45,328242
09/09/2020,30.57,32,30.57,31.6,300936
09/10/2020,31,33.67,31,32.05,574294
09/11/2020,32.12,33.53,31.82,31.94,405467
09/14/2020,33.46,36.12,31.75,36.05,1936637
09/15/2020,36.17,37.819,35.48,37.2,419522
09/16/2020,37.53,39.19,37.02,38.2,634540
09/17/2020,37.76,39.14,37.59,38.9,469524
09/18/2020,39.04,39.22,37.67,38.69,687160
09/21/2020,38.09,38.635,36.04,36.39,695487
09/22/2020,36.44,36.9648,33.68,35.88,488266
09/23/2020,36,36.75,35.32,35.41,318914
09/24/2020,35.16,35.72,34.2,34.79,240201
09/25/2020,34.37,35.28,34.34,35.09,199496
09/28/2020,35.53,35.53,34.52,35.27,295686
09/29/2020,35.335,36.53,35.32,36.27,214373
09/30/2020,36.35,37.72,35.48,35.8136,307435
10/01/2020,37.12,37.62,35.89,36.97,232000
10/02/2020,36.5,39.99,36.31,38.46,775978
10/05/2020,39.54,39.78,37.8816,38,648180
10/06/2020,37.87,38.52,37.01,37.38,346088
10/07/2020,38,39.54,37.75,39.16,795808
10/08/2020,39.4,40.35,38.87,40.11,558609
10/09/2020,40.27,41.82,40.11,41.57,318106
10/12/2020,42.19,44.25,41.56,43.64,639844
10/13/2020,43.03,44.655,42.23,44.21,333644
10/14/2020,44.32,45.82,43.27,43.55,367367
10/15/2020,42.77,43.19,40.15,43.18,394068
10/16/2020,42.85,45.38,42.75,44.16,582605
10/19/2020,45.12,45.12,42.16,42.56,390967
10/20/2020,42.73,43.81,41.36,41.46,206313
10/21/2020,41.57,41.9,39.42,39.66,234691
10/22/2020,39.51,41.43,39.4401,40.88,297015
10/23/2020,40.95,41.37,39.091,41.189,259696
10/26/2020,40.73,42.16,40.12,42.03,398646
10/27/2020,42.26,45.95,42.09,45.91,709500
10/28/2020,45.46,47.17,43.59,46.16,548297
10/29/2020,46.83,46.92,43.58,45.55,430937
10/30/2020,45.21,45.3799,42.14,42.79,440175
11/02/2020,42.61,44.05,42.1,43.74,371600
11/03/2020,44,46.21,43.13,45.73,402121
11/04/2020,45.7,52,45,51.54,702727
11/05/2020,51.4,52.69,48.97,52.32,529534
11/06/2020,54,55.4356,50.2,54.26,422243
11/09/2020,54.89,57.43,52.34,55.81,600819
11/10/2020,58.01,60.57,56.85,60.02,1025478
11/11/2020,59.85,66.47,58.125,66.1,1374941
11/12/2020,66,70.51,65.27,69.89,1044646
11/13/2020,71.19,72,63,65.15,1113670
11/16/2020,66.82,67.145,60.42,63.81,695163
11/17/2020,63.48,67.78,63.1,67.31,609635
11/18/2020,67.84,69.14,62.52,62.66,645489
11/19/2020,62,63.7177,60.23,61.75,688888
11/20/2020,61.33,62.66,60.89,62.35,483361
11/23/2020,63.08,64.17,61.39,62.12,282940
11/24/2020,62.12,62.59,60.65,60.88,305213
11/25/2020,60.62,61.845,59.22,60.54,330164
11/27/2020,60.39,63,58.64,63,297367
11/30/2020,63.7839,64.5,59.71,60.975,450198
12/01/2020,61.59,63.17,61,62.48,724805
12/02/2020,61.91,62.89,61.2652,62.52,351697
12/03/2020,63.18,66.48,62.61,66.24,934919
12/04/2020,66.69,72.89,66.16,72.64,565849
12/07/2020,73.96,77.9,71.86,72.09,587460
12/08/2020,72.48,77.275,71.3,76.97,356203
12/09/2020,77.98,79.74,73.795,76.41,737777
12/10/2020,75.35,80.57,75.34,79.22,393291
12/11/2020,78.7,81.34,78.7,80,393056
12/14/2020,81,85.92,80.1,82.32,516704
12/15/2020,82.65,83.08,80.06,82,488774
12/16/2020,81.15,84.6494,80.74,83.62,534960
12/17/2020,84.3,86,81.52,82.31,844074
12/18/2020,82.01,85.8,81.88,85.56,1441149
12/21/2020,84.24,90.53,82.17,90.48,743974
12/22/2020,90,93.94,88.59,93.55,678819
12/23/2020,93.24,93.24,81.65,88.08,881582
12/24/2020,87.58,89.3399,85.45,85.87,87544
12/28/2020,85.68,89,83.35,85.81,724633
12/29/2020,86.51,87.505,82,84.04,263982
12/30/2020,83.99,87.5,83.99,85.53,182292
12/31/2020,85.91,86.06,82,83.76,388671
