01/03/2005,25.9,26.08,25.37,25.47,361400
01/04/2005,25.5,25.6,25.02,25.14,323200
01/05/2005,25.27,25.73,24.89,25.02,382200
01/06/2005,25.08,25.76,25.03,25.44,225600
01/07/2005,25.47,25.5,24.95,24.96,279800
01/10/2005,24.84,25.59,24.82,25.38,303000
01/11/2005,25.3,25.55,25.01,25.31,309200
01/12/2005,25.27,25.5,24.89,25.35,303000
01/13/2005,25.43,25.85,25.2,25.57,477500
01/14/2005,25.78,26,25.37,25.99,384200
01/18/2005,25.9,26.75,25.81,26.63,323700
01/19/2005,26.61,26.73,26.34,26.54,403500
01/20/2005,26.3,26.45,26.01,26.06,447100
01/21/2005,26.05,26.07,25.5,25.73,305700
01/24/2005,25.73,25.83,25.17,25.29,226000
01/25/2005,25.26,25.45,25.07,25.33,117300
01/26/2005,25.9,27.22,25.8,27.1,836900
01/27/2005,27.07,27.25,26.63,26.95,290200
01/28/2005,26.91,26.95,26.15,26.48,382000
01/31/2005,26.76,27.04,26.61,26.75,364000
02/01/2005,26.75,27.2,26.75,27,265400
02/02/2005,26.99,27.04,26.39,26.65,269500
02/03/2005,26.67,27.75,26.66,27.45,425400
02/04/2005,27.56,27.95,27.55,27.91,318800
02/07/2005,27.88,27.93,27.57,27.69,229000
02/08/2005,27.66,27.66,26.63,27.55,422900
02/09/2005,26.99,26.99,26.24,26.49,471700
02/10/2005,26.5,26.6,26.05,26.08,232900
02/11/2005,26.05,26.34,25.9,26.17,396900
02/14/2005,26.17,26.17,25.64,25.89,247200
02/15/2005,25.78,26.02,25.7,25.71,204100
02/16/2005,25.54,25.67,24.38,25.31,863100
02/17/2005,25.31,25.51,24.87,25.24,218000
02/18/2005,25.3,25.4,25.04,25.08,361100
02/22/2005,25,25.05,24.58,24.72,390700
02/23/2005,24.84,24.86,24.44,24.51,227800
02/24/2005,24.24,24.4,23.94,24.2,258500
02/25/2005,24.15,24.86,24.15,24.74,240100
02/28/2005,24.67,24.7,23.64,24.16,240900
03/01/2005,24.25,24.48,24.11,24.26,183200
03/02/2005,24.2,24.68,24.04,24.5,415100
03/03/2005,24.7,24.7,23.8,24.08,396700
03/04/2005,24.48,24.52,24.26,24.41,258700
03/07/2005,24.4,24.45,23.98,24.18,126300
03/08/2005,24.08,24.43,24.08,24.29,150100
03/09/2005,24.18,24.4,24.02,24.28,110400
03/10/2005,24.3,24.58,24.17,24.33,192200
03/11/2005,24.49,24.56,24.22,24.39,147200
03/14/2005,24.39,24.47,24.19,24.29,144400
03/15/2005,24.47,24.6,24.11,24.34,156200
03/16/2005,24.26,24.49,24.07,24.22,227000
03/17/2005,24.21,24.21,23.87,23.97,185800
03/18/2005,24.17,24.28,23.87,24.07,360300
03/21/2005,24.25,24.4,23.8,23.99,116300
03/22/2005,23.98,24.2,23.74,23.88,214600
03/23/2005,23.77,23.85,23.15,23.28,268800
03/24/2005,23.32,23.53,23.3,23.34,96000
03/28/2005,23.36,23.67,23.35,23.61,98100
03/29/2005,23.4,23.66,23.17,23.19,157700
03/30/2005,23.39,23.39,23.04,23.34,168600
03/31/2005,23.33,23.42,23.14,23.3,220600
04/01/2005,23.38,23.55,23,23.06,237900
04/04/2005,23.1,23.29,22.84,23.16,153200
04/05/2005,23.18,23.67,23.18,23.6,159900
04/06/2005,23.63,24.22,23.57,24.01,189400
04/07/2005,23.98,24.17,23.9,23.97,197600
04/08/2005,23.95,24.2,23.58,23.69,516900
04/11/2005,23.7,23.93,23.56,23.78,252100
04/12/2005,23.78,23.96,23.43,23.79,157300
04/13/2005,24.5,25,24.36,24.58,198500
04/14/2005,24.51,24.7,23.97,24.04,161800
04/15/2005,23.98,24.16,23.61,23.87,143100
04/18/2005,23.96,24.34,23.75,24.2,229700
04/19/2005,24.4,24.6,24.11,24.6,130800
04/20/2005,24.6,25.29,24.38,24.55,227900
04/21/2005,24.82,24.98,24.33,24.93,164200
04/22/2005,24.94,25.4,24.77,25.34,240000
04/25/2005,25.5,25.54,25.15,25.5,483300
04/26/2005,25.42,25.76,24.76,24.88,177300
04/27/2005,24.74,25.35,24.53,25.07,123000
04/28/2005,24.82,24.82,24.31,24.42,127600
04/29/2005,24.57,24.57,23.51,23.76,199100
05/02/2005,23.84,23.84,23,23.43,218200
05/03/2005,23.4,23.53,22.96,23.14,130100
05/04/2005,23.24,23.3,22.76,22.77,99900
05/05/2005,22.86,23.29,22.8,23.14,114500
05/06/2005,23.45,23.45,23.13,23.28,72800
05/09/2005,23.4,23.73,23.4,23.56,107300
05/10/2005,23.1,23.28,22.85,22.97,213700
05/11/2005,22.99,24.23,22.99,24.09,264200
05/12/2005,24.09,24.13,23.35,23.46,174700
05/13/2005,23.6,23.74,23.25,23.28,220300
05/16/2005,23.26,23.71,23.16,23.61,175600
05/17/2005,23.5,23.57,23.24,23.31,239000
05/18/2005,23.37,23.82,23.26,23.71,194600
05/19/2005,23.67,24,23.46,23.88,221700
05/20/2005,23.88,24.1,23.75,24.09,92900
05/23/2005,24,24.28,23.8,24.23,116300
05/24/2005,24.1,24.93,23.94,24.75,156200
05/25/2005,24.72,24.75,24.44,24.45,121500
05/26/2005,24.5,24.72,24.41,24.67,74700
05/27/2005,24.69,25.04,24.61,24.91,358400
06/08/2005,40.85,40.9,39.09,39.22,820500
06/09/2005,39.38,39.38,37.5,37.99,3977500
06/10/2005,37.94,38.05,36.59,36.76,3101700
06/13/2005,37.15,37.49,36.2,36.53,1220500
06/14/2005,36.35,36.75,35.84,35.99,848900
06/15/2005,36,36.82,36,36.77,1591000
06/16/2005,36.8,38.9,36.55,38.35,2021200
06/17/2005,38.42,39.31,37.9,39.11,1879400
06/20/2005,39.17,40.02,38.61,39.52,1438700
06/21/2005,39.59,39.59,38.51,38.76,850200
06/22/2005,38.65,38.97,37.86,38.15,497700
06/23/2005,38.15,38.15,37.42,37.8,1067600
06/24/2005,37.62,38.39,37.15,38.29,2472500
06/27/2005,38.29,38.39,37.96,38.01,891700
06/28/2005,38.1,39,37.99,38.8,499400
06/29/2005,38.84,39.45,38.63,39.14,1043000
06/30/2005,39.06,39.94,38.9,39.69,982300
07/01/2005,39.75,39.94,39.16,39.65,999900
07/05/2005,39.5,39.63,39.13,39.45,533200
07/06/2005,39.45,40.32,39.34,40.04,1337600
07/07/2005,39.5,40.38,39.46,40.16,1459700
07/08/2005,40.03,40.75,39.91,40.7,1237800
07/11/2005,40.77,42.94,40.77,42.64,1765000
07/12/2005,42.65,42.65,41.7,42.3,1551500
07/13/2005,41.5,42.09,41.25,41.93,3379900
07/14/2005,43,43.3,41.57,41.61,2033700
07/15/2005,41.7,41.98,40.91,41.91,759000
07/18/2005,41.95,41.95,41.33,41.45,437000
07/19/2005,41.49,41.69,40.83,40.83,678300
07/20/2005,40.7,41.57,40.5,40.87,1971700
07/21/2005,40.98,40.98,40.1,40.11,687700
07/22/2005,40.05,40.69,39.7,40.31,1963400
07/25/2005,40.25,40.36,40,40.2,594300
07/26/2005,40.2,40.85,40.2,40.58,475600
07/27/2005,40.5,41.25,40.22,41.2,608500
07/28/2005,41.2,42.25,41.15,42.19,843500
07/29/2005,41.75,42,41.12,41.53,459500
08/01/2005,41.4,41.41,40.87,41.11,948800
08/02/2005,41.21,41.71,41.21,41.61,374700
08/03/2005,41.2,41.21,40.8,41.02,579900
08/04/2005,40.81,41.27,40.81,41.05,398800
08/05/2005,41.01,41.1,40.06,40.21,779900
08/08/2005,40.15,40.27,39.52,39.64,732100
08/09/2005,39.8,39.93,39.54,39.86,682200
08/10/2005,39.83,40.44,39.83,39.99,1104100
08/11/2005,40.1,40.2,39.92,40,378100
08/12/2005,40.1,40.12,39.47,39.61,803000
08/15/2005,39.55,40.17,39.19,40.04,416600
08/16/2005,39.84,40.25,39.3,40.16,485300
08/17/2005,40.07,40.2,39.67,39.92,645800
08/18/2005,39.8,40.57,39.75,40.52,466600
08/19/2005,40.75,40.75,39.99,40.1,386300
08/22/2005,40.15,40.74,40.04,40.36,300100
08/23/2005,40.41,40.5,40.09,40.24,460500
08/24/2005,40.26,41.07,40.22,40.41,530000
08/25/2005,40.39,40.65,40.24,40.45,239400
08/26/2005,40.46,40.89,40.42,40.57,568700
08/29/2005,40.3,40.5,40.1,40.45,300900
08/30/2005,39.9,40.01,39.4,39.8,1333900
08/31/2005,39.7,39.7,39.05,39.33,1133700
09/01/2005,39.26,40.04,39.19,39.81,494000
09/02/2005,39.8,39.88,39.29,39.3,313600
09/06/2005,39.45,39.97,39.29,39.72,576700
09/07/2005,40.18,40.84,40.11,40.28,710700
09/08/2005,40.28,40.44,39.96,40.35,709800
09/09/2005,40.3,40.47,40,40.01,792400
09/12/2005,40.03,40.38,40,40.28,688400
09/13/2005,40.3,41.4,40.2,41,998200
09/14/2005,40.9,41.24,40.42,40.71,765800
09/15/2005,40.73,40.93,40.3,40.69,360000
09/16/2005,40.9,41.31,40.4,41.18,547800
09/19/2005,40.5,40.54,38.9,39.54,1887100
09/20/2005,39.51,40.24,39.51,39.68,838800
09/21/2005,39.48,39.52,37.54,38.4,2248900
09/22/2005,38.25,38.27,37.91,38,1084400
09/23/2005,37.99,38.68,37.9,38.13,942200
09/26/2005,38.3,38.43,37.26,37.5,1027500
09/27/2005,37.63,38.3,37.25,38.07,812200
09/28/2005,38.11,38.27,37.37,37.61,868300
09/29/2005,37.6,38.01,37.45,38.01,899400
09/30/2005,38.01,38.78,37.71,37.92,1093600
10/03/2005,38,38.31,37.47,37.8,1234100
10/04/2005,37.95,38.01,37.21,37.31,1105600
10/05/2005,37.14,37.17,36.41,36.51,1440700
10/06/2005,36.51,36.77,34.8,35.22,1755800
10/07/2005,35.4,35.67,34.65,34.91,1813800
10/10/2005,36,36.85,34.21,35.39,4629600
10/11/2005,35.65,35.95,32.04,32.78,4179300
10/12/2005,32.84,34.05,32.68,33.92,3448500
10/13/2005,34.06,34.65,33.4,33.81,1908400
10/14/2005,34.1,34.66,33.92,34.29,1124700
10/17/2005,34.4,34.58,34.16,34.34,1427800
10/18/2005,34.4,34.58,33.84,33.92,937400
10/19/2005,33.75,33.91,33.34,33.89,888400
10/20/2005,33.9,34.17,33.6,34.1,1367500
10/21/2005,34.1,35.47,34,35.16,4803400
10/24/2005,35.07,35.73,35.06,35.67,1090000
10/25/2005,35.6,36.06,35.48,35.75,1294700
10/26/2005,35.75,35.75,35.28,35.33,887100
10/27/2005,35.2,35.37,34.54,34.68,1316300
10/28/2005,34.77,35.04,34.56,34.84,605600
10/31/2005,34.85,35.78,34.85,35.67,606900
11/01/2005,35.55,35.8,35.35,35.63,1249500
11/02/2005,37,39.37,37,38.35,3370700
11/03/2005,38.38,39.08,38.3,39.06,2305000
11/04/2005,39.08,39.53,39.08,39.48,899500
11/07/2005,39.48,39.88,39.34,39.72,747700
11/08/2005,39.64,39.88,39.43,39.77,859000
11/09/2005,39.77,40.4,39.77,40.2,905800
11/10/2005,40.16,40.94,39.81,40.86,754500
11/11/2005,40.8,41,40.7,40.9,748500
11/14/2005,40.65,41.28,40.5,40.66,551800
11/15/2005,40.56,41.2,40.24,40.55,500400
11/16/2005,40.55,40.59,40.22,40.5,341200
11/17/2005,40.58,41.84,40.57,41.28,1462000
11/18/2005,41.32,41.8,41.19,41.72,1333400
11/21/2005,42.3,42.59,42.18,42.26,1678500
11/22/2005,42.26,42.46,41.7,42.13,782900
11/23/2005,41.88,42.93,41.52,42.77,596200
11/25/2005,42.77,42.87,42.45,42.7,129800
11/28/2005,42.36,42.42,41.66,41.72,534400
11/29/2005,42.2,42.31,41.53,41.84,879400
11/30/2005,41.66,42.74,41.66,42.5,1442700
12/01/2005,42.57,43,41.75,42.91,694000
12/02/2005,43,43,42.57,42.82,485100
12/05/2005,42.94,42.94,42.2,42.68,1161200
12/06/2005,42.74,43.4,42.74,43.25,563000
12/07/2005,43.2,43.52,43.07,43.46,627100
12/08/2005,43.32,43.77,43.32,43.65,459100
12/09/2005,43.54,44,43.36,43.44,408800
12/12/2005,43.4,43.62,43.05,43.24,517100
12/13/2005,43.11,43.59,43.11,43.42,472700
12/14/2005,43.48,43.87,43.21,43.52,284200
12/15/2005,43.45,43.46,42.03,42.63,1458400
12/16/2005,42.88,43.49,42.17,42.2,1430100
12/19/2005,42.5,42.5,41.97,42.01,1111900
12/20/2005,41.94,42.34,41.81,42.3,506700
12/21/2005,42.32,42.41,41.37,42.07,1320100
12/22/2005,42.09,42.33,41.81,42.26,664600
12/23/2005,42.4,42.55,42.05,42.12,315000
12/27/2005,42.35,42.5,41.75,41.81,263600
12/28/2005,41.72,42.02,41.37,41.96,402600
12/29/2005,41.82,42.35,41.82,41.94,388800
12/30/2005,41.98,41.98,41.43,41.8,349900
01/03/2006,41.88,42.41,41.35,41.93,829800
01/04/2006,42.02,42.37,41.62,41.85,461200
01/05/2006,41.77,41.77,40.8,41.09,2075300
01/06/2006,41.5,42.68,41.12,42.45,1963700
01/09/2006,42.75,44.3,42.7,43.93,1439000
01/10/2006,43.45,44.93,43.45,44.91,1242100
01/11/2006,44.87,45.2,44.22,44.31,1049300
01/12/2006,44.37,44.96,44.3,44.46,742800
01/13/2006,44.6,45.1,44.36,44.84,458200
01/17/2006,44.56,44.78,44,44.33,497600
01/18/2006,44.22,44.81,43.87,44.78,427800
01/19/2006,44.72,44.72,44.1,44.12,305600
01/20/2006,44.01,44.22,43.73,43.88,357100
01/23/2006,43.95,43.99,42.74,42.88,557700
01/24/2006,42.85,43.45,42.37,43.04,928600
01/25/2006,43,43.51,42.97,43.39,444300
01/26/2006,43.51,44.15,42.8,44.11,666300
01/27/2006,44.37,45.3,43.84,44.48,930400
01/30/2006,44.59,45,44.5,44.93,606300
01/31/2006,44.72,44.88,44.45,44.58,691100
02/01/2006,44.61,44.98,44.54,44.85,562900
02/02/2006,44.9,45.04,44.42,44.58,569000
02/03/2006,44.46,44.7,44.13,44.21,411000
02/06/2006,44.22,44.39,43.77,44.38,596500
02/07/2006,43.95,44.2,43.29,43.66,762000
02/08/2006,43.67,43.82,43.11,43.75,581300
02/09/2006,43.78,44.46,43.26,43.36,542400
02/10/2006,43.38,43.44,42.77,43.22,310400
02/13/2006,43.1,43.71,43.07,43.6,651300
02/14/2006,42.5,42.92,41.08,41.53,2253600
02/15/2006,41.56,43.19,41.55,42.31,1143300
02/16/2006,42.44,42.6,42.14,42.47,782600
02/17/2006,42.5,42.75,42.09,42.4,577000
02/21/2006,42.97,42.97,42.09,42.61,783300
02/22/2006,42.61,42.9,42.52,42.84,544300
02/23/2006,42.97,43.65,42.58,42.92,591400
02/24/2006,43.01,43.65,42.81,43.64,461800
02/27/2006,43.65,44.47,43.61,44.38,989500
02/28/2006,44.15,44.95,44.01,44.46,1181700
03/01/2006,44.12,44.58,43.82,44.26,449400
03/02/2006,44.4,45.49,44.39,44.87,807200
03/03/2006,44.89,45.76,44.88,45.62,767700
03/06/2006,45.99,46.26,45.37,45.5,975600
03/07/2006,45.3,45.3,44.14,44.46,690000
03/08/2006,44.35,44.53,44.06,44.33,518300
03/09/2006,44.29,44.91,43.92,44.6,559900
03/10/2006,44.6,44.86,44.22,44.78,492600
03/13/2006,44.82,45.04,44.67,44.84,348800
03/14/2006,44.75,45.49,44.69,45.17,278800
03/15/2006,45.16,45.33,44.63,45.33,386600
03/16/2006,45.33,46.5,45.08,46.23,844500
03/17/2006,46.8,48.05,46.65,46.74,961300
03/20/2006,46.8,47.19,46.42,47.01,691200
03/21/2006,46.88,47.51,46.3,47.23,526100
03/22/2006,47.27,47.39,46.54,47.15,819100
03/23/2006,47,47.02,46.07,46.69,842200
03/24/2006,46.69,46.79,45.92,46.08,603600
03/27/2006,46.4,46.82,46.27,46.48,844400
03/28/2006,46.5,46.66,45.84,45.99,656400
03/29/2006,46.19,46.55,45.96,46.34,491700
03/30/2006,46.45,46.75,46.27,46.65,286700
03/31/2006,46.78,46.99,46.21,46.6,385400
04/03/2006,46.64,46.68,46.21,46.26,549000
04/04/2006,46.33,46.68,46.17,46.6,647500
04/05/2006,46.65,46.67,46.13,46.5,520200
04/06/2006,46.51,46.51,45.83,45.99,588300
04/07/2006,45.96,46.17,45.72,45.75,343200
04/10/2006,45.71,46.07,45.1,45.46,479300
04/11/2006,48,49.26,47.35,48.48,5734900
04/12/2006,47.61,47.79,46.61,47.41,2286200
04/13/2006,46.9,47.78,46.71,47.56,853400
04/17/2006,47.57,47.87,46.9,47.09,686000
04/18/2006,47.07,47.56,47.04,47.46,472700
04/19/2006,47.4,48.93,47.21,48.83,1066000
04/20/2006,48.85,49.22,47.89,48.61,977100
04/21/2006,48.67,48.77,47.03,47.14,774700
04/24/2006,47.07,47.46,46.96,47.1,2203100
04/25/2006,47.2,47.49,46.39,47.01,1402700
04/26/2006,47.01,47.3,46.45,46.65,1763200
04/27/2006,46.36,47,45.65,46.63,1765600
04/28/2006,46.1,46.67,45.8,46.54,1409300
05/01/2006,46.62,46.8,45.9,45.94,1069200
05/02/2006,45.94,46.49,45.66,45.83,625400
05/03/2006,45.86,46.25,45.41,45.61,1479800
05/04/2006,45.74,48.33,45.74,48.26,1900000
05/05/2006,48.2,48.33,47.68,48.18,721700
05/08/2006,48.08,48.72,47.95,48.55,845100
05/09/2006,48.45,49.24,48.45,48.86,608200
05/10/2006,48.76,48.88,47.93,47.99,452400
05/11/2006,48.04,48.04,46.82,46.86,576000
05/12/2006,46.89,46.89,45.95,46.19,974100
05/15/2006,46.1,46.77,45.95,46.38,664200
05/16/2006,46.3,46.69,45.97,46.09,472000
05/17/2006,45.98,46.15,45.45,45.77,614800
05/18/2006,45.77,46.35,45.66,45.75,824200
05/19/2006,45.75,45.85,44.94,45.2,1175500
05/22/2006,45,45.56,44.63,45.36,693300
05/23/2006,45.4,45.65,45.21,45.21,636600
05/24/2006,45.26,45.5,44.79,45.18,603400
05/25/2006,45.27,45.6,45.14,45.56,323200
05/26/2006,45.55,46.11,45.39,45.97,866600
05/30/2006,45.72,45.73,45.01,45.04,388400
05/31/2006,44.98,45.54,44.56,45.29,738300
06/01/2006,45.21,45.55,45.12,45.33,358500
06/02/2006,45.47,45.95,45.47,45.89,342100
06/05/2006,45.74,45.91,44.9,44.92,382100
06/06/2006,44.9,45.04,43.94,43.98,703300
06/07/2006,44.75,46.2,44.75,45.84,3349300
06/08/2006,45.86,48.4,45.86,48.14,8028700
06/09/2006,48.43,49.5,48.24,48.26,2678300
06/12/2006,48.26,49.17,48.04,48.36,2005400
06/13/2006,48,48.25,47.03,47.23,1570300
06/14/2006,47.24,48.45,47.16,48.36,1188900
06/15/2006,48.35,48.5,47.85,47.95,1216300
06/16/2006,47.95,48.13,47.12,47.12,1237300
06/19/2006,47.21,47.86,46.65,46.67,1497900
06/20/2006,46.7,47.48,46.64,46.89,1396100
06/21/2006,47.01,48.26,46.82,48.21,1768000
06/22/2006,48.49,48.77,48.03,48.33,1209800
06/23/2006,48.45,49.98,48.2,49.79,1946700
06/26/2006,49.91,49.91,49.23,49.5,1244100
06/27/2006,49.5,49.61,48.8,48.84,1165600
06/28/2006,48.9,49.55,48.28,49.51,1038300
06/29/2006,49.55,50.84,49.55,50.54,1335800
06/30/2006,50.6,50.87,50.19,50.63,1242000
07/03/2006,50.78,51.19,50.6,51.09,254900
07/05/2006,51.1,51.1,50.5,50.69,1240000
07/06/2006,50.75,50.85,50.41,50.57,824700
07/07/2006,50.57,50.8,50.2,50.24,902200
07/10/2006,50.25,50.45,49.83,50.27,726700
07/11/2006,50.26,52.9,50.15,52.04,3303300
07/12/2006,52.2,52.38,51.09,51.23,1249200
07/13/2006,51.02,51.1,50.35,50.42,819800
07/14/2006,50.5,50.6,49.54,49.85,549100
07/17/2006,49.83,50.65,49.83,50.22,764100
07/18/2006,50.4,50.83,50.29,50.8,500300
07/19/2006,50.9,51.83,50.78,51.4,603300
07/20/2006,51.41,51.69,50.71,50.72,577400
07/21/2006,50.57,50.58,47.29,47.59,3167800
07/24/2006,47.59,48.64,47.2,48.51,1153300
07/25/2006,48.46,49.18,47.15,49,1062600
07/26/2006,48.78,50.48,48.55,49.76,1561700
07/27/2006,49.76,49.77,48.12,48.45,918100
07/28/2006,48.51,49.44,48.42,48.94,476800
07/31/2006,48.75,49.97,48.65,49.24,1051600
08/01/2006,48.6,48.65,45.81,47.3,3711900
08/02/2006,47.33,49.15,47.33,48.74,1619100
08/03/2006,48.75,48.96,48.2,48.61,856500
08/04/2006,48.97,49.45,48.5,49.08,1188000
08/07/2006,49.05,49.18,47.7,47.99,1020900
08/08/2006,47.96,48.9,47.4,48.37,1305300
08/09/2006,48.63,49.47,48.62,48.74,1229400
08/10/2006,48.53,49.2,47.91,49.01,817700
08/11/2006,49,49.01,48.14,48.59,480800
08/14/2006,48.91,49.44,48.79,48.99,729700
08/15/2006,49.5,50,49.1,49.87,591000
08/16/2006,49.88,50.98,49.84,50.04,1383700
08/17/2006,50.04,50.98,49.89,50.58,942200
08/18/2006,50.58,50.61,49.79,49.97,798600
08/21/2006,49.7,49.7,48.02,48.78,1177100
08/22/2006,48.45,49.08,48.1,48.7,673200
08/23/2006,48.83,48.92,47.8,48.11,615100
08/24/2006,48.05,49.05,47.91,48.85,588000
08/25/2006,48.72,49,48.55,48.57,214400
08/28/2006,48.58,49.28,48.51,48.84,454300
08/29/2006,48.84,49.38,48.01,49.06,670900
08/30/2006,48.85,48.94,47.74,47.85,1777800
08/31/2006,48,48.3,47.88,48.12,730600
09/01/2006,48,48.55,47.85,48.11,482900
09/05/2006,48.1,48.61,48.01,48.29,503800
09/06/2006,48.05,48.1,47.38,47.45,738900
09/07/2006,47.5,48.29,47.46,47.57,1326200
09/08/2006,47.79,47.94,47.34,47.56,915300
09/11/2006,47.56,47.57,46.46,46.7,985600
09/12/2006,46.94,48.8,46.7,48.55,1076200
09/13/2006,48.56,49.45,48.56,48.89,518200
09/14/2006,48.87,49.24,48.17,48.35,605000
09/15/2006,48.47,49.18,47.7,47.85,943800
09/18/2006,47.82,48.16,46.43,46.97,2049600
09/19/2006,47.17,47.79,46.59,47.45,1140900
09/20/2006,47.8,48.35,47.6,48.06,1049900
09/21/2006,48.06,48.25,47.7,47.91,914700
09/22/2006,47.88,47.88,47.3,47.65,809800
09/25/2006,47.57,47.57,46.35,46.38,1389000
09/26/2006,41.01,41.75,38.5,38.71,17211500
09/27/2006,38.8,40.61,38.69,40.6,4286200
09/28/2006,40.79,41.5,40.2,40.25,2814300
09/29/2006,40.26,40.26,39.55,39.56,1490000
10/02/2006,39.39,39.71,38.98,39.28,1882600
10/03/2006,39.14,39.83,38.66,39.27,2003700
10/04/2006,38.72,40.19,38.1,40.11,1367300
10/05/2006,40,41.47,39.72,40.81,2435800
10/06/2006,40.8,41.44,40.15,40.85,1809000
10/09/2006,40.84,41.13,40.45,40.6,555600
10/10/2006,40.75,41.11,40.67,41.02,655100
10/11/2006,41.03,41.51,40.99,41.2,748000
10/12/2006,41.3,41.62,41,41.61,567500
10/13/2006,41.52,41.94,41.06,41.84,701600
10/16/2006,41.8,42.06,41.56,41.67,637000
10/17/2006,41.57,41.58,41,41.41,548600
10/18/2006,41.54,41.86,41.09,41.36,718800
10/19/2006,41.27,41.39,40.84,40.92,877700
10/20/2006,40.88,41.26,40.64,40.99,788700
10/23/2006,40.78,41.16,40.53,40.85,966400
10/24/2006,40.78,40.79,40.14,40.41,719800
10/25/2006,40.22,40.65,40.12,40.43,940200
10/26/2006,37.89,40.08,37.36,39.32,4695400
10/27/2006,39.8,40.95,39.7,40.68,1318900
10/30/2006,40.67,41.04,40.39,41.01,1516200
10/31/2006,41.01,41.41,40.76,40.89,826800
11/01/2006,41.04,41.42,40.78,41.01,703200
11/02/2006,40.82,41.49,40.65,41.41,703700
11/03/2006,41.42,41.69,41.38,41.5,600400
11/06/2006,41.53,41.88,41.12,41.73,449500
11/07/2006,41.6,42.05,41.4,41.94,484500
11/08/2006,41.93,41.94,41.25,41.5,671000
11/09/2006,41.52,41.55,40.93,40.98,813200
11/10/2006,41.01,41.05,39.93,40,1132100
11/13/2006,39.95,40.32,39.36,39.58,1471900
11/14/2006,39.4,39.46,38.84,39,2003100
11/15/2006,39,39,38.65,38.69,1848400
11/16/2006,38.79,38.95,38.38,38.72,1527200
11/17/2006,38.71,38.77,38.37,38.74,1259100
11/20/2006,38.75,39.36,38.75,39.3,1199400
11/21/2006,38.75,38.75,34.2,35.76,8352200
11/22/2006,34.85,36.1,34.72,35.67,2664100
11/24/2006,35.55,35.65,35.09,35.57,786600
11/27/2006,35.6,35.63,34.52,34.76,1091000
11/28/2006,34.82,35.66,34.67,34.88,1139300
11/29/2006,35.01,35.47,34.95,35.39,801500
11/30/2006,35.52,35.59,35,35.08,846300
12/01/2006,34.8,35.18,33.9,35.08,2012100
12/04/2006,35.06,35.87,35.06,35.71,1454100
12/05/2006,35.71,36.05,35.55,35.69,1770300
12/06/2006,35.7,36.44,35.58,36.19,1005200
12/07/2006,36.35,36.62,36.01,36.06,671800
12/08/2006,36.06,36.72,35.88,36.36,987600
12/11/2006,36.48,36.8,36.35,36.45,768300
12/12/2006,36.45,36.45,35.62,36,958300
12/13/2006,35.94,36.11,35.53,35.73,462100
12/14/2006,35.85,36.31,35.71,35.9,727400
12/15/2006,36,36,35.66,35.66,691300
12/18/2006,35.53,35.93,35.46,35.63,415900
12/19/2006,35.6,36.03,35.32,35.85,651800
12/20/2006,35.8,36.12,35.45,35.55,816200
12/21/2006,35.53,35.96,35.33,35.47,921100
12/22/2006,35.6,35.97,35.09,35.79,402000
12/26/2006,35.75,35.75,35.42,35.5,410500
12/27/2006,35.65,35.75,35.32,35.49,475100
12/28/2006,35.5,35.65,35.4,35.52,616300
12/29/2006,35.49,35.6,35.15,35.21,369800
01/03/2007,35.44,35.95,35.4,35.67,1170900
01/04/2007,34.88,34.88,32.71,34.31,4868200
01/05/2007,34,34.45,33.84,34,1674500
01/08/2007,34.08,35.66,33.83,35.43,2602000
01/09/2007,35.61,35.69,34.89,35,1745500
01/10/2007,34.92,35.98,34.68,35.82,1065500
01/11/2007,35.87,36.12,35.57,36.03,930300
01/12/2007,36.22,36.23,35.87,36.05,887200
01/16/2007,36.27,36.74,36.25,36.61,1110300
01/17/2007,36.73,37.79,36.61,37.63,1006700
01/18/2007,37.62,37.68,36.96,37.17,973700
01/19/2007,36.93,37.3,36.78,37.27,591300
01/22/2007,37.49,37.58,36.96,37,492900
01/23/2007,36.88,37.08,36.66,36.8,871500
01/24/2007,36.82,37.29,36.82,37,312700
01/25/2007,37,37,36.22,36.32,595800
01/26/2007,36.34,36.53,35.78,36.47,559100
01/29/2007,36.42,36.73,36.36,36.58,226700
01/30/2007,36.69,36.7,36.29,36.5,227400
01/31/2007,36.51,36.96,36.29,36.69,317300
02/01/2007,36.8,37.1,36.71,36.94,558000
02/02/2007,36.93,37.08,36.76,36.89,580100
02/05/2007,36.76,37.14,36.31,37.08,636500
02/06/2007,37.18,37.27,36.81,37.05,1086800
02/07/2007,37.1,37.86,36.85,37.83,919300
02/08/2007,37.94,38.67,37.89,38.66,935400
02/09/2007,38.6,38.76,37.99,38.04,370400
02/12/2007,38.06,38.4,37.53,37.9,572782
02/13/2007,36.01,38,36.01,37.5,1476242
02/14/2007,37.44,37.62,36.97,37.03,699000
02/15/2007,37.01,37.6,36.76,37.4,534500
02/16/2007,37.3,37.72,36.79,37.66,562400
02/20/2007,37.56,38.42,37.37,38.42,912900
02/21/2007,38.4,39,38.06,38.87,1316600
02/22/2007,38.81,38.99,38.46,38.49,587500
02/23/2007,38.43,38.79,38.25,38.66,711400
02/26/2007,38.84,39.04,38.75,38.96,470902
02/27/2007,38.38,38.57,37.71,38.01,506300
02/28/2007,38.05,38.59,37.86,38.52,386700
03/01/2007,37.96,38.62,37.76,38.4,613466
03/02/2007,38.49,38.8,38.32,38.47,541700
03/05/2007,38.2,38.37,37.66,37.67,569300
03/06/2007,37.71,38.28,37.61,38.1,453500
03/07/2007,38.15,38.22,37.71,37.71,488300
03/08/2007,37.91,38.64,37.8,38.36,468300
03/09/2007,38.6,38.7,38.1,38.36,516600
03/12/2007,38.43,38.71,38.19,38.35,345400
03/13/2007,38.21,38.36,37.52,37.53,773600
03/14/2007,37.62,37.96,37.35,37.8,371900
03/15/2007,37.77,38.09,37.77,37.94,208900
03/16/2007,38,38,37.5,37.5,515400
03/19/2007,37.94,38.96,37.94,38.96,749800
03/20/2007,38.8,38.8,38.37,38.39,768000
03/21/2007,38.4,38.48,37.88,38.2,728500
03/22/2007,38.25,38.49,37.95,38,736300
03/23/2007,38.19,38.28,37.91,38,540800
03/26/2007,38.14,38.4,37.45,37.7,846900
03/27/2007,37.62,37.85,37.16,37.68,585600
03/28/2007,37.66,38.18,37.63,37.9,1799600
03/29/2007,37.93,38.1,37.18,37.5,1145600
03/30/2007,37.65,37.7,37.15,37.2,314600
04/02/2007,37.18,37.3,36.86,37.12,552100
04/03/2007,37.17,37.29,36.53,36.58,611900
04/04/2007,36.56,36.58,35.99,36.14,1685800
04/05/2007,36.09,37.46,36.02,37.04,1760300
04/09/2007,37.03,37.11,36.58,36.86,599900
04/10/2007,36.79,37.25,36.57,36.94,814900
04/11/2007,36.97,37.46,36.83,37.32,713400
04/12/2007,37.25,37.36,36.93,37.13,550800
04/13/2007,37.02,37.49,36.55,37.36,807225
04/16/2007,37.44,37.98,37.11,37.63,668000
04/17/2007,37.54,38.35,37.29,37.74,877000
04/18/2007,37.63,38.3,37.21,38.2,687600
04/19/2007,38.02,38.51,37.58,37.84,718733
04/20/2007,38,38.52,37.77,38.52,857203
04/23/2007,38.38,39.6,38.38,39.24,807688
04/24/2007,39.32,39.45,38.8,38.97,999500
04/25/2007,41.52,44,41.52,42.23,6305000
04/26/2007,42.25,42.3,40.82,41.62,1728900
04/27/2007,41.52,41.53,41.16,41.24,898200
04/30/2007,41.29,41.33,40.38,40.46,1349201
05/01/2007,40.38,40.59,39.84,40.52,923300
05/02/2007,40.6,41.48,40.57,41.23,852500
05/03/2007,41.25,41.48,41.09,41.25,526300
05/04/2007,41.12,41.31,40.76,41.29,591700
05/07/2007,41.18,41.78,41,41.5,502500
05/08/2007,41.29,41.59,41.16,41.52,480200
05/09/2007,41.35,41.69,41.25,41.5,358025
05/10/2007,41.1,41.5,40.06,40.85,717835
05/11/2007,40.91,41.17,40.73,41.01,384482
05/14/2007,41.5,42.84,41.5,41.85,1729058
05/15/2007,41.94,42.34,41.5,41.58,678500
05/16/2007,42.4,43.35,42.28,42.59,3378000
05/17/2007,42.45,42.89,41.94,42.04,1821700
05/18/2007,42.05,42.68,41.95,42.54,887400
05/21/2007,42.6,42.6,41.98,42.1,1323200
05/22/2007,42.1,43.02,42.01,42.91,948000
05/23/2007,43,43.44,42.34,42.38,926000
05/24/2007,40,41.4,40,41.08,8279730
05/25/2007,41.1,41.16,40.13,40.24,3247245
05/29/2007,34.35,35.91,34.35,34.59,15746647
05/30/2007,34.7,34.88,33.7,34.27,6170050
05/31/2007,34.48,35.15,34.37,35.05,2774762
06/01/2007,35.14,35.64,34.81,34.85,1966800
06/04/2007,34.84,35.55,34.84,35.4,1430530
06/05/2007,35.37,36.57,35.2,36.43,2982110
06/06/2007,36.39,36.61,35.7,36.11,2870900
06/07/2007,36.51,36.51,35.16,35.56,2033800
06/08/2007,35.6,36.02,35.4,35.7,1199597
06/11/2007,35.8,35.98,35.1,35.2,1277800
06/12/2007,35.13,35.2,34.68,34.74,1035533
06/13/2007,35,35.11,34.74,34.86,654300
06/14/2007,35,35.02,34.61,34.66,1124800
06/15/2007,34.8,35,34.27,34.29,1618700
06/18/2007,34.35,34.51,33.55,33.71,1594700
06/19/2007,33.52,34.09,33.52,33.92,2424600
06/20/2007,33.95,34.2,33.77,33.79,1014400
06/21/2007,33.78,33.9,33.45,33.65,866300
06/22/2007,33.6,34.02,33.09,33.68,1108400
06/25/2007,33.7,34.15,33.48,33.49,1860163
06/26/2007,32.5,33.94,32.47,33.46,3189616
06/27/2007,33.48,34.15,33.35,33.69,1538705
06/28/2007,33.7,34.04,33.64,33.99,1651500
06/29/2007,33.92,34.98,33.86,34.83,2812600
07/02/2007,34.97,35,34.34,34.83,1487200
07/03/2007,35.3,35.54,35.2,35.41,711600
07/05/2007,35.55,36.08,35.34,35.89,1408500
07/06/2007,35.26,36,33.9,35.79,5245500
07/09/2007,35.68,35.75,34.78,34.92,1623900
07/10/2007,34.65,35.04,33.95,34.24,4092400
07/11/2007,34.2,34.81,34.04,34.69,2512000
07/12/2007,34.9,35.51,34.72,35.25,1260700
07/13/2007,35.6,36,35.33,35.96,1995000
07/16/2007,36,36.12,35.38,35.41,704100
07/17/2007,35.25,35.61,35.08,35.16,554500
07/18/2007,34.95,35.3,34.74,35.12,570700
07/19/2007,35.1,35.19,34.59,34.77,1028473
07/20/2007,34.75,34.93,34.45,34.71,1168300
07/23/2007,34.81,35.12,33.86,33.91,1803002
07/24/2007,33.8,34.12,33.6,33.78,1160083
07/25/2007,34.08,34.08,33.63,33.66,867308
07/26/2007,33.13,33.48,32.01,32.43,1388756
07/27/2007,32.59,32.72,31.2,31.3,2210900
07/30/2007,31.28,31.44,31.01,31.14,1231600
07/31/2007,31.2,31.37,30.18,30.19,1712990
08/01/2007,30.25,31.79,29.37,30.56,4154301
08/02/2007,31.36,32.58,30.31,32.08,4081800
08/03/2007,32.92,33.33,31.12,31.27,2285206
08/06/2007,31.33,32.16,31.22,31.89,1397400
08/07/2007,31.85,32.15,31.19,31.24,1147200
08/08/2007,31.98,32.27,31.17,31.52,1092600
08/09/2007,30.91,31.04,29.38,29.67,3308100
08/10/2007,29.48,30.41,29.11,29.45,1326200
08/13/2007,29.6,30.45,29.26,30.4,1250600
08/14/2007,30.45,30.72,29.65,29.87,877200
08/15/2007,29.8,29.96,28.6,28.82,1148000
08/16/2007,28.55,28.81,26.5,27.12,4073900
08/17/2007,28.12,28.12,26.95,27.69,926100
08/20/2007,27.95,28.33,27.72,28.11,928100
08/21/2007,28.4,28.4,27.5,27.91,575600
08/22/2007,28.19,28.48,28.1,28.34,494500
08/23/2007,28.41,28.77,28.05,28.7,831100
08/24/2007,29.99,30.2,29.01,30.12,1514300
08/27/2007,30,30.02,29.44,29.72,652242
08/28/2007,29.52,29.7,29.18,29.26,590600
08/29/2007,29.5,29.57,28.88,29.22,589600
08/30/2007,28.88,29.15,28.45,28.55,788700
08/31/2007,28.86,29.07,27.94,28.69,1188000
09/04/2007,28.74,29.79,28.64,29.53,939900
09/05/2007,29.36,29.48,28.8,28.9,617800
09/06/2007,28.9,29.22,28.63,29.19,450700
09/07/2007,28.85,29.18,28.52,28.6,388900
09/10/2007,28.88,28.98,28.32,28.37,583700
09/11/2007,28.51,28.66,28.07,28.42,996300
09/12/2007,28.4,28.5,28.09,28.25,560800
09/13/2007,28.26,28.27,27.75,28.1,826900
09/14/2007,27.96,28.25,27.94,27.94,441100
09/17/2007,27.86,28.07,26.85,26.98,1130500
09/18/2007,27.1,27.37,26.89,27.33,1248500
09/19/2007,27.62,27.92,27.31,27.81,1534600
09/20/2007,27.75,28.18,27.74,28,974000
09/21/2007,28.42,29.68,28.33,29.55,1359200
09/24/2007,29.5,29.85,29.4,29.77,1084500
09/25/2007,29.7,30.19,29.51,30,694100
09/26/2007,30.22,30.81,30.02,30.72,730300
09/27/2007,30.73,30.84,30.43,30.68,622300
09/28/2007,30.62,30.88,30.54,30.62,891700
10/01/2007,30.64,31.21,30.64,31.11,1044100
10/02/2007,31.05,31.29,30.9,31,519200
10/03/2007,30.76,31.07,30.76,30.95,1241400
10/04/2007,31,31.38,30.86,31.27,810600
10/05/2007,31.6,32.09,31.37,31.99,967400
10/08/2007,32.02,32.11,31.88,32.07,479100
10/09/2007,32.1,32.14,31.44,31.5,819700
10/10/2007,31.5,31.64,31.1,31.28,649700
10/11/2007,31.37,31.47,30.77,31.14,739900
10/12/2007,31.21,31.55,30.97,31,684400
10/15/2007,31.02,31.2,30.36,30.74,469600
10/16/2007,30.63,30.81,30.15,30.3,804700
10/17/2007,30.64,30.64,29.95,30.09,735300
10/18/2007,29.87,30.37,29.87,30.25,479600
10/19/2007,30.13,30.35,29.92,30.03,885400
10/22/2007,29.68,30.05,29.5,29.77,564100
10/23/2007,29.82,30.02,29.53,29.65,1486000
10/24/2007,29.3,29.58,28.44,28.73,1866400
10/25/2007,28.37,31,27.89,28.01,3103200
10/26/2007,28.26,28.37,27.76,28,1858800
10/29/2007,28,28.07,26.95,27.42,2170200
10/30/2007,27.3,27.66,26.6,27.4,2176600
10/31/2007,27.5,27.7,27.01,27.44,1034300
11/01/2007,27.11,27.31,26.61,26.67,934400
11/02/2007,26.81,26.93,25.68,25.8,2103900
11/05/2007,25.75,26.2,25.6,26.07,734088
11/06/2007,26.2,26.2,25.75,26.04,536900
11/07/2007,25.75,26.1,25.37,25.56,1319135
11/08/2007,25.5,25.73,25.35,25.58,1935100
11/09/2007,25.24,25.51,24.98,25.12,1268900
11/12/2007,25.15,25.68,24.77,24.97,799402
11/13/2007,25.11,26.2,24.41,25.77,2375755
11/14/2007,25.89,26,25.04,25.09,639982
11/15/2007,24.92,25.43,24.92,25.25,2087400
11/16/2007,25.25,25.3,24.48,24.92,931900
11/19/2007,24.65,24.9,24.27,24.4,1104860
11/20/2007,24.5,24.69,23.66,24.17,1016752
11/21/2007,23.71,24.31,23.71,24.13,700700
11/23/2007,24.27,24.34,23.55,24.04,603934
11/26/2007,24.02,24.25,23.71,23.84,720263
11/27/2007,23.98,24.09,23.39,23.94,1075350
11/28/2007,23.9,24.37,23.82,24.21,778100
11/29/2007,24.09,24.74,24.09,24.6,881034
11/30/2007,24.8,25.25,24.73,25.2,980546
12/03/2007,25.33,25.34,25.04,25.29,912959
12/04/2007,25.18,25.54,24.84,24.91,1016900
12/05/2007,25.27,25.51,24.91,25.35,670700
12/06/2007,25.38,26.43,25.34,26.2,1248800
12/07/2007,26.5,26.84,26.08,26.19,782200
12/10/2007,26.66,26.81,25.75,25.85,716862
12/11/2007,25.85,25.85,25.18,25.27,657555
12/12/2007,25.81,26.03,25.25,25.43,704000
12/13/2007,25.27,25.32,25,25.26,543621
12/14/2007,25.2,25.35,25,25.25,385595
12/17/2007,25.2,25.48,24.67,24.97,1302558
12/18/2007,25,25.05,24.55,24.58,1185576
12/19/2007,24.5,24.66,24.24,24.43,768398
12/20/2007,24.57,24.65,24.26,24.46,583338
12/21/2007,24.55,24.79,24.51,24.67,460700
12/24/2007,24.79,25.39,24.73,25.39,157800
12/26/2007,25.38,25.44,24.88,24.97,279784
12/27/2007,24.89,24.95,24.13,24.3,621300
12/28/2007,24.35,24.77,24.21,24.56,452350
12/31/2007,24.52,24.69,24.33,24.47,566900
01/02/2008,24.41,24.62,23.99,24.08,536048
01/03/2008,24.2,24.27,23.32,23.44,769397
01/04/2008,23.43,23.43,22.8,23.24,1228500
01/07/2008,23.33,23.46,22.72,22.85,999291
01/08/2008,23.33,23.33,22.28,22.4,554354
01/09/2008,22.29,22.42,20.55,20.99,1944800
01/10/2008,20.69,21.23,20.54,21.05,1217500
01/11/2008,21.95,22.89,21.62,21.83,1359500
01/14/2008,21.94,21.94,20.27,21.12,2214500
01/15/2008,20.93,21.08,20.62,20.8,633300
01/16/2008,20.77,21.09,20.34,20.9,1338821
01/17/2008,20.95,22.25,20.59,20.84,891914
01/18/2008,20.89,20.9,19.91,19.97,992194
01/22/2008,19.14,19.97,18.87,19.61,1197778
01/23/2008,19.19,20.19,19,20.14,688545
01/24/2008,20.2,20.29,19.48,19.55,567078
01/25/2008,19.67,19.97,19.45,19.67,803500
01/28/2008,19.66,19.94,19.47,19.68,816950
01/29/2008,19.86,20.4,19.8,20.35,680800
01/30/2008,20.29,20.33,19.62,19.67,1165000
01/31/2008,19.49,21.13,19.37,21.01,1039350
02/01/2008,21,22.15,21,22.12,1257446
02/04/2008,22.14,22.61,21.86,22.18,1042300
02/05/2008,21.8,22.26,21.33,21.41,1165826
02/06/2008,21.56,22.1,21.3,21.63,1121485
02/07/2008,21.61,22,21.39,21.77,1125404
02/08/2008,21.69,22.04,21.52,21.9,497605
02/11/2008,21.97,22.71,21.26,21.4,1113811
02/12/2008,21.47,21.64,21.18,21.29,649001
02/13/2008,21.56,21.97,20.98,21.19,893030
02/14/2008,20.7,23.89,20.58,23.25,4257113
02/15/2008,23.15,23.15,22.03,22.95,2388077
02/19/2008,23.14,23.7,22.89,23.45,1408992
02/20/2008,23.32,23.57,22.72,23.55,897055
02/21/2008,23.59,24,22.83,22.86,541300
02/22/2008,22.93,23.13,22.72,23.1,539350
02/25/2008,23.07,23.61,22.92,23.56,405084
02/26/2008,23.51,23.8,23.09,23.14,551100
02/27/2008,23.1,23.31,22.99,23.1,494700
02/28/2008,23.03,23.32,22.78,23.27,664025
02/29/2008,23.05,23.2,22.39,22.85,705893
03/03/2008,22.8,22.86,22.2,22.28,894136
03/04/2008,22.02,22.19,21.46,21.97,742436
03/05/2008,22.19,22.19,21.52,21.83,549100
03/06/2008,21.81,21.95,20.99,21.25,579306
03/07/2008,21.17,21.45,20.8,21.17,585700
03/10/2008,21.15,21.15,20.51,20.57,702200
03/11/2008,21.06,21.06,20.11,20.4,1026969
03/12/2008,20.39,20.8,20.27,20.37,571300
03/13/2008,20.17,20.69,19.92,20.67,668764
03/14/2008,20.69,20.95,19.54,19.72,587200
03/17/2008,19.33,19.5,18.49,18.83,1259429
03/18/2008,18.99,19.69,18.61,19.64,1210868
03/19/2008,19.69,20.26,19.03,19.26,1282700
03/20/2008,19.1,19.54,18.72,19.52,1021100
03/24/2008,19.5,21.03,19.5,20.78,839600
03/25/2008,20.65,21.09,20.27,20.33,1317397
03/26/2008,20.21,20.52,19.98,20.02,426125
03/27/2008,20.1,20.43,19.99,20.03,559600
03/28/2008,20.21,20.43,19.92,20,693000
03/31/2008,20,20.39,19.72,20.29,638831
04/01/2008,20.36,21.89,20.36,21.8,893482
04/02/2008,21.86,22.42,21.56,21.75,438730
04/03/2008,21.72,22.12,21.59,21.9,424900
04/04/2008,21.96,22.11,21.76,21.91,503140
04/07/2008,22.31,22.48,21.96,22.15,612392
04/08/2008,22.14,22.31,21.87,21.94,444900
04/09/2008,22.22,22.28,21.84,21.96,386400
04/10/2008,21.83,21.97,21.6,21.7,549700
04/11/2008,21.51,21.53,20.63,20.7,591976
04/14/2008,20.66,20.66,20.12,20.19,478442
04/15/2008,20.3,20.47,19.68,19.85,1349782
04/16/2008,19.88,20.38,19.6,20.1,1127885
04/17/2008,20.06,20.16,19.4,19.42,1041248
04/18/2008,19.72,20.4,19.61,20.16,795257
04/21/2008,19.97,20.9,19.97,20.17,557960
04/22/2008,20.06,20.28,19.87,20.24,587183
04/23/2008,20.28,20.39,19.87,20.2,646765
04/24/2008,20.12,20.25,19.57,20.05,584986
04/25/2008,20.09,20.37,19.51,20.32,517451
04/28/2008,20.26,20.99,20.15,20.88,519415
04/29/2008,20.69,20.94,19.55,20.57,1998034
04/30/2008,20.71,21.44,20.05,20.34,1426846
05/01/2008,21.01,23.86,20.66,23.39,3355530
05/02/2008,23.55,24.02,23.14,23.74,1120827
05/05/2008,23.66,23.83,23.29,23.45,728010
05/06/2008,23.35,23.86,23.06,23.77,372723
05/07/2008,24.2,24.21,22.81,22.95,916445
05/08/2008,22.85,23.37,22.44,22.88,1014033
05/09/2008,22.61,23.67,22.35,23.45,432510
05/12/2008,23.4,23.85,23.4,23.46,419620
05/13/2008,23.4,23.67,23.11,23.34,280493
05/14/2008,23.6,23.86,22.54,22.61,808131
05/15/2008,22.65,23.26,22.42,23.1,487370
05/16/2008,23.03,23.21,22.36,23.1,722007
05/19/2008,23.1,23.15,22.7,22.86,295028
05/20/2008,22.81,23.16,22.57,22.7,216680
05/21/2008,22.7,23.26,22.6,22.84,688956
05/22/2008,22.62,23.03,22.13,22.61,415493
05/23/2008,22.59,22.82,22.05,22.1,310117
05/27/2008,22.14,23.42,22.14,23.36,1070517
05/28/2008,23.4,23.56,22.8,22.97,680158
05/29/2008,22.94,24.09,22.86,24.04,561764
05/30/2008,24.25,24.5,23.87,24.16,937844
06/02/2008,24.9,24.9,23.08,23.2,861740
06/03/2008,23.33,24.01,23.03,23.13,721835
06/04/2008,23.06,24.02,23.06,23.59,613773
06/05/2008,23.77,24.08,23.56,23.73,499663
06/06/2008,23.49,23.77,22.9,23.04,564104
06/09/2008,23.27,23.52,22.58,22.65,479929
06/10/2008,22.53,23.04,22.24,22.53,587334
06/11/2008,22.45,22.66,21.61,21.85,748314
06/12/2008,21.93,22.3,21.73,21.87,499837
06/13/2008,22.02,22.71,21.89,22.68,482461
06/16/2008,22.55,23.07,22.24,23.04,512166
06/17/2008,23.08,23.26,22.83,23.14,350455
06/18/2008,22.99,22.99,21.84,21.9,808941
06/19/2008,21.89,22.2,21.59,21.68,611442
06/20/2008,21.33,21.47,20.52,20.59,961129
06/23/2008,20.7,20.73,19.93,19.94,527195
06/24/2008,19.83,19.97,19.16,19.3,1003194
06/25/2008,19.26,20.06,18.74,20.03,1312550
06/26/2008,19.8,20,19.14,19.25,700328
06/27/2008,19.12,19.38,18.87,19.3,950372
06/30/2008,19.31,19.4,18.69,18.72,912166
07/01/2008,18.51,19.41,18.51,19.4,1047782
07/02/2008,19.42,19.49,18.97,19.05,571358
07/03/2008,19.23,19.39,18.5,18.68,362708
07/07/2008,18.69,18.88,18.35,18.55,682453
07/08/2008,18.52,19.16,18.32,19.03,1273369
07/09/2008,19.06,19.52,18.69,18.75,879962
07/10/2008,18.74,18.97,17.96,18.1,1231577
07/11/2008,17.63,18,17.47,17.81,1007364
07/14/2008,17.88,17.94,17.28,17.55,1012080
07/15/2008,17.43,19.33,17.03,18.82,1718012
07/16/2008,18.86,18.9,18.5,18.8,1112268
07/17/2008,18.89,19.31,18.8,19.16,971681
07/18/2008,19.05,19.39,18.86,19.31,862283
07/21/2008,19.28,19.96,19.11,19.24,1330309
07/22/2008,19.08,19.34,18.86,19.24,586571
07/23/2008,19.17,19.32,18.7,18.88,777954
07/24/2008,18.9,18.98,18.46,18.55,611633
07/25/2008,18.45,18.65,18.3,18.44,574474
07/28/2008,18.41,18.55,17.79,17.82,504497
07/29/2008,17.89,17.89,17.5,17.62,678471
07/30/2008,17.67,17.73,17.13,17.44,453244
07/31/2008,17.37,17.68,17.1,17.33,569079
08/01/2008,17.36,17.38,17,17.19,802091
08/04/2008,15.8,18.45,15.17,18.13,4078861
08/05/2008,18.04,19.82,18.04,19.77,2523299
08/06/2008,19.63,19.71,18.89,19.47,1423385
08/07/2008,19.32,20.1,19.26,19.45,758031
08/08/2008,19.38,21.56,19.38,21.35,1859155
08/11/2008,21.45,21.85,21.12,21.5,790551
08/12/2008,21.39,21.88,21.12,21.17,673100
08/13/2008,21.24,21.26,20.19,21.26,1090569
08/14/2008,21.24,21.48,20.95,21.18,670571
08/15/2008,21.3,22.19,21.23,22.03,701513
08/18/2008,22.13,22.13,21.04,21.12,584014
08/19/2008,21.05,21.48,20.99,21.04,561805
08/20/2008,21.15,21.17,20.22,20.29,878017
08/21/2008,20.14,20.77,20.13,20.7,614524
08/22/2008,20.81,20.95,20.58,20.95,272817
08/25/2008,20.87,20.88,20.14,20.3,447041
08/26/2008,20.3,20.45,20.01,20.24,462516
08/27/2008,20.22,21.24,20.22,21.15,536185
08/28/2008,21.24,22.05,21.24,22,811984
08/29/2008,21.85,22.16,21.54,21.6,477423
09/02/2008,22.33,23.35,22.11,23.26,1465356
09/03/2008,23.23,23.63,22.53,22.94,838962
09/04/2008,22.72,22.99,21.87,21.92,718021
09/05/2008,21.82,22,21.47,21.71,500647
09/08/2008,22.16,22.51,21.86,22.26,659238
09/09/2008,22.36,22.55,21.98,22.25,495863
09/10/2008,22.5,22.5,21.33,22.2,689238
09/11/2008,22.02,22.62,21.7,22.54,576464
09/12/2008,22.43,22.65,22.19,22.4,476565
09/15/2008,22.05,22.39,21.03,21.13,459973
09/16/2008,20.68,21,20.41,20.45,1077328
09/17/2008,20.34,20.67,19.24,19.25,1294255
09/18/2008,19.52,20.56,19.27,20.51,1304538
09/19/2008,21,22.5,19.99,20.14,2099467
09/22/2008,19.85,20.18,19.73,19.87,1021026
09/23/2008,19.73,19.96,18.6,18.77,1354972
09/24/2008,18.78,18.88,17.9,18.1,901677
09/25/2008,18.18,18.25,17.99,18.14,816771
09/26/2008,18.08,18.09,17.35,17.67,942784
09/29/2008,17.65,17.65,15.2,16.16,2694095
09/30/2008,16.44,17.74,16.15,17.71,1520064
10/01/2008,17.54,17.74,17.2,17.36,786711
10/02/2008,17.26,17.41,16.55,17,667392
10/03/2008,17.1,17.2,16.05,16.25,931926
10/06/2008,15.83,15.98,13.85,14.96,1625415
10/07/2008,15.24,15.49,13.77,13.9,1486401
10/08/2008,13.63,14.14,13.25,13.58,1610399
10/09/2008,12.89,12.9,9.26,9.61,4029759
10/10/2008,8.86,9.59,6.12,6.7,4979978
10/13/2008,6.87,9.63,6.86,9.59,4363803
10/14/2008,10.01,10.1,6.3,6.98,4682976
10/15/2008,7.45,7.6,6.41,6.54,2677904
10/16/2008,6.64,6.73,5.88,6.73,1540636
10/17/2008,6.55,8.97,6.4,7.46,2772367
10/20/2008,7.75,8.18,7.25,7.68,1796590
10/21/2008,7.6,7.6,6.76,6.76,1481809
10/22/2008,6.56,6.69,5.92,6.07,1624578
10/23/2008,6.13,6.49,5.27,5.63,1259784
10/24/2008,5,5.5,4.81,4.95,824783
10/27/2008,4.81,4.91,3.97,3.98,1538357
10/28/2008,4.19,4.39,2.88,4.24,3372729
10/29/2008,4.23,4.58,4.18,4.25,1263337
10/30/2008,4.52,4.87,4.36,4.76,1389887
10/31/2008,5.1,6.69,5.1,6,3002508
11/03/2008,6.66,7.83,6.36,7.43,2223141
11/04/2008,7.67,8.2,7.42,8.08,1621507
11/05/2008,7.95,8.9,7.34,7.48,1467039
11/06/2008,7.4,7.75,6.55,6.64,1199918
11/07/2008,6.64,7.74,6.39,6.87,1761497
11/10/2008,7.27,7.6,6.51,6.6,924319
11/11/2008,6.59,6.59,5.88,6.13,786698
11/12/2008,6.12,6.12,5.71,5.71,880292
11/13/2008,5.83,6.68,5.55,6.66,935188
11/14/2008,6.5,6.72,5.81,5.91,994842
11/17/2008,5.88,6.1,5.77,5.84,705527
11/18/2008,5.85,6.05,5.58,5.84,786598
11/19/2008,5.89,6.08,5.27,5.31,735598
11/20/2008,5.26,6.1,4.79,4.87,1235629
11/21/2008,5.09,5.12,3.8,4.11,1896932
11/24/2008,4.31,4.8,4.01,4.63,1733274
11/25/2008,4.76,5.29,4.71,5.25,1013756
11/26/2008,5.2,5.78,5.16,5.7,666711
11/28/2008,5.66,5.97,5.66,5.78,375748
12/01/2008,5.57,5.62,4.86,4.89,1021307
12/02/2008,5.09,6.03,5.04,5.85,1282445
12/03/2008,5.6,6,5.42,5.91,1192293
12/04/2008,5.81,6.01,5.55,5.65,783431
12/05/2008,5.54,5.87,5.18,5.75,1054173
12/08/2008,5.97,6.09,5.78,5.92,863915
12/09/2008,5.84,6.06,5.3,5.37,1118129
12/10/2008,5.42,5.93,5.42,5.85,877274
12/11/2008,5.75,5.9,5.42,5.54,616057
12/12/2008,5.55,5.95,5.21,5.89,782020
12/15/2008,5.85,5.94,5.3,5.44,528980
12/16/2008,5.5,6.07,5.5,6,823446
12/17/2008,5.84,6.05,5.77,5.98,726343
12/18/2008,6,6.07,5.74,5.96,832977
12/19/2008,6.05,6.25,5.85,6.14,1026994
12/22/2008,6.25,6.39,5.53,5.84,600219
12/23/2008,5.95,6.05,5.61,5.61,480813
12/24/2008,5.65,5.72,5.51,5.65,150959
12/26/2008,5.68,6.09,5.67,6.09,424875
12/29/2008,6.1,6.27,5.85,5.89,463437
12/30/2008,5.96,6.28,5.85,6.28,640098
12/31/2008,6.29,6.85,6.28,6.57,643331
01/02/2009,6.65,6.99,6.35,6.88,694124
01/05/2009,6.8,7.13,6.56,6.89,517092
01/06/2009,7.03,7.91,6.84,7.85,1547325
01/07/2009,7.66,8.39,7.5,8.06,1127883
01/08/2009,8.15,9.03,8,8.73,1478968
01/09/2009,8.73,9,8.45,8.83,1057524
01/12/2009,21.65,21.77,21.48,21.49,78161388
01/13/2009,21.48,21.57,21.45,21.52,31751476
01/14/2009,21.49,21.66,21.49,21.62,14725556
01/15/2009,21.55,21.58,21.51,21.55,5818690
01/16/2009,21.58,21.6,21.52,21.55,3286644
01/20/2009,21.55,21.72,21.55,21.67,4134950
01/21/2009,21.69,21.81,21.64,21.68,4297456
01/22/2009,21.74,21.79,21.68,21.72,3477609
01/23/2009,21.72,21.76,21.68,21.72,4032009
01/26/2009,21.82,21.99,21.74,21.78,3276839
01/27/2009,21.87,21.88,21.75,21.78,3126150
01/28/2009,21.83,21.85,21.8,21.82,2364044
01/29/2009,21.81,21.84,21.8,21.81,1607710
01/30/2009,21.85,21.85,21.8,21.85,2724618
02/02/2009,21.85,21.86,21.83,21.84,2280513
02/03/2009,21.87,21.89,21.84,21.85,1952358
02/04/2009,21.88,21.88,21.79,21.81,2435747
02/05/2009,21.83,21.87,21.81,21.84,1780214
02/06/2009,21.87,21.9,21.86,21.88,5195491
02/09/2009,21.9,21.91,21.88,21.89,2187045
02/10/2009,21.92,21.92,21.89,21.89,2719279
02/11/2009,21.93,21.94,21.9,21.91,1822320
02/12/2009,21.93,21.93,21.91,21.93,1456198
02/13/2009,21.92,21.94,21.91,21.92,1549472
02/17/2009,21.94,21.96,21.9,21.91,2098351
02/18/2009,21.94,21.94,21.92,21.94,1777854
02/19/2009,21.94,21.95,21.93,21.95,1338264
02/20/2009,21.94,21.97,21.93,21.95,1292160
02/23/2009,21.96,22,21.96,21.97,1324571
02/24/2009,21.97,22.01,21.97,22,1708053
02/25/2009,21.99,22.02,21.98,22.01,1629896
02/26/2009,22.02,22.04,21.98,21.99,2176739
10/26/2017,28.75,29.1,27.19,27.83,6748927
10/27/2017,27.69,28.37,27.38,28.1,935286
10/30/2017,28.07,28.9,27.49,28.11,734248
10/31/2017,28,29.39,27.681,28.8,422155
11/01/2017,29.05,30.98,28.27,30.32,1755584
11/02/2017,30.43,30.71,29.94,29.99,191362
11/03/2017,30,30.125,29.18,29.77,124512
11/06/2017,29.76,30.84,29.76,30.07,118160
11/07/2017,30.25,30.4,29.96,30.09,159485
11/08/2017,30.13,30.42,30,30.16,356340
11/09/2017,30.2,30.4,29.55,30.27,350001
11/10/2017,30.15,30.36,29.93,30.14,223725
11/13/2017,30.2,30.34,29.83,30,236418
11/14/2017,29.99,30.15,29.68,30.13,321597
11/15/2017,30.02,30.12,29.9,30.01,250534
11/16/2017,30.02,30.41,29.51,30.17,516927
11/17/2017,30.04,30.27,29.87,29.99,239613
11/20/2017,30.73,30.8948,29.69,30.15,298047
11/21/2017,30.06,30.28,29.955,30.1,164474
11/22/2017,30.11,30.25,29.65,30,182617
11/24/2017,30.13,30.2,29.7,29.99,236220
11/27/2017,30.15,32.18,30.01,31.87,506136
11/28/2017,31.92,32.89,30.49,31.5001,549206
11/29/2017,31.53,32.38,31.53,31.72,376445
11/30/2017,31.79,33,31.735,32.6,384548
12/01/2017,32.61,33.7399,31.641,32.78,538299
12/04/2017,33.07,33.88,32.59,32.64,240957
12/05/2017,32.58,33.59,31.57,32.85,447061
12/06/2017,32.61,33.19,32.05,32.47,191030
12/07/2017,32.6,33.81,32.52,32.9,205797
12/08/2017,33.02,33.28,32.99,33.18,191452
12/11/2017,33.25,35.03,33.25,35.01,289552
12/12/2017,35.45,35.82,34.86,35.12,281938
12/13/2017,35.23,35.57,34.365,34.955,305583
12/14/2017,35.06,36.65,35.06,35.555,349961
12/15/2017,35.42,36.335,35.2404,35.75,2260532
12/18/2017,36.29,37.565,35.83,37.37,255906
12/19/2017,37.41,37.845,36.935,37.31,200366
12/20/2017,37.39,39.22,37.39,38.745,656214
12/21/2017,38.76,38.97,37.62,38.52,214985
12/22/2017,38.5,39.94,38.25,39.26,520678
12/26/2017,39.12,39.85,38.91,39.68,171813
12/27/2017,39.71,40.46,39.4,39.68,240150
12/28/2017,39.88,40.58,39.64,40.46,223941
12/29/2017,40.53,40.76,40.03,40.6,218863
01/02/2018,40.55,40.55,39.55,40.27,385310
01/03/2018,40.28,40.28,39.24,39.91,322309
01/04/2018,39.9,40.04,39.48,39.59,240763
01/05/2018,39.5,39.85,38.8,38.92,194342
01/08/2018,38.89,39.245,38.05,38.91,217584
01/09/2018,39,39,37.73,37.96,167329
01/10/2018,37.91,38.14,36.35,38.08,392036
01/11/2018,38.07,40.07,37.85,39.795,125831
01/12/2018,40.1,41.36,39.58,40.94,115201
01/16/2018,40.93,41.68,40.46,41.17,533264
01/17/2018,41.5,41.715,39.0401,41.06,385370
01/18/2018,41.3,42.5,41.12,42.03,197750
01/19/2018,42.14,43.8,42.104,43.16,175502
01/22/2018,43.31,43.63,42.3,42.325,106056
01/23/2018,42.63,42.63,40.84,40.98,185457
01/24/2018,41.23,41.729,39.47,39.61,210259
01/25/2018,39.59,39.9948,36.78,38.13,218700
01/26/2018,38.2,39.74,37.9042,38.86,117619
01/29/2018,38.87,39.35,38.2,38.35,132183
01/30/2018,38.07,38.25,36.85,37.26,144766
01/31/2018,37.92,39.5,37.2801,39.1,130035
02/01/2018,39,39.4,37.72,39.34,148436
02/02/2018,39.18,39.65,36.8,38.02,157306
02/05/2018,37.96,38.94,37.13,38.19,221027
02/06/2018,37.74,38.41,36.8809,38.08,177461
02/07/2018,38.1,38.63,37.61,37.81,124157
02/08/2018,37.9,38.13,35.5,35.61,125413
02/09/2018,36.16,36.16,33.0447,35.75,288407
02/12/2018,36.15,36.68,34.55,35.03,203537
02/13/2018,35,35.96,34.1,34.57,169254
02/14/2018,34.33,35.99,34.19,35.29,137529
02/15/2018,35.68,36.05,34.9475,35,167894
02/16/2018,35.08,36.04,35.08,35.97,87717
02/20/2018,35.98,36.14,35.38,35.9,83559
02/21/2018,35.83,36.82,35.47,36.14,171170
02/22/2018,36.17,36.4,35.58,35.66,56376
02/23/2018,35.77,36.46,35.31,35.48,63135
02/26/2018,35.54,35.83,34.52,34.9,110634
02/27/2018,34.9,35.5094,34.74,35.01,94802
02/28/2018,34.96,35.5931,34.31,34.56,81016
03/01/2018,34.55,34.81,32.62,33.86,126175
03/02/2018,33.56,35.94,32.99,35.72,125061
03/05/2018,35.57,36.53,35.1006,36.4,137540
03/06/2018,36.65,36.8,35.27,35.46,180654
03/07/2018,35.29,35.44,34.19,35.03,148546
03/08/2018,35.66,36.88,33.62,34.19,178272
03/09/2018,34.51,34.8587,33.481,34.11,119653
03/12/2018,33.84,34.59,33.51,34.39,168724
03/13/2018,33.6,34.05,32.86,33.81,465687
03/14/2018,33.99,34.69,33.22,33.58,552828
03/15/2018,33.7,33.8,31.85,32.06,4447476
03/16/2018,32.26,32.72,31.5,31.59,1709867
03/19/2018,31.5,33.4,31.49,32.58,2811071
03/20/2018,32.75,33.46,32,33.09,666766
03/21/2018,32.83,34.1,32.065,33.6,729707
03/22/2018,33.02,33.95,31.86,32.52,797763
03/23/2018,32.5,33.29,31.61,31.94,1142807
03/26/2018,32.17,32.829,31.77,32.77,466633
03/27/2018,32.73,32.96,31.865,32.03,353109
03/28/2018,32,32.865,31.86,32.43,303736
03/29/2018,32.41,33.06,32.0639,32.28,183175
04/02/2018,32.14,32.62,31.53,31.74,368723
04/03/2018,32.04,32.61,31.965,32.36,220256
04/04/2018,31.89,33.22,31.85,33.06,323312
04/05/2018,33.06,33.25,31.5,33.02,258690
04/06/2018,32.92,33.5,32.24,32.48,165047
04/09/2018,32.64,33.4,32.41,33.03,412146
04/10/2018,33.37,33.41,32.785,33.15,447712
04/11/2018,32.92,33.56,32.07,33.16,205229
04/12/2018,33.38,33.57,32.65,33.19,153378
04/13/2018,33.31,33.31,32.16,32.6,179389
04/16/2018,32.77,33.02,32.03,32.32,208067
04/17/2018,32.5,33.01,32.03,32.39,170743
04/18/2018,32.6,32.6,31.88,32.01,299302
04/19/2018,31.88,32.54,31.19,31.62,273437
04/20/2018,31.6,31.98,31.011,31.61,240156
04/23/2018,31.66,32.055,31.39,31.55,514562
04/24/2018,31.86,32.48,31.51,31.96,210639
04/25/2018,31.94,32.1,31.63,31.97,85475
04/26/2018,32.04,32.92,32.04,32.71,133396
04/27/2018,32.92,33.1,31.98,32.9,163451
04/30/2018,32.88,33.77,32.88,33.28,371785
05/01/2018,33.12,33.64,32.71,33.44,311356
05/02/2018,33.24,33.67,33,33.65,232753
05/03/2018,33.49,33.78,33.01,33.14,247548
05/04/2018,33.38,33.41,31.56,32.81,205272
05/07/2018,32.97,33.22,32.25,32.33,87119
05/08/2018,32.59,33.22,32.44,32.97,160099
05/09/2018,33.17,33.25,32.6,32.93,167520
05/10/2018,32.97,33.38,32.79,33.37,221183
05/11/2018,33.37,33.8,32.75,33.03,141540
05/14/2018,33.07,33.32,32.62,33,165213
05/15/2018,32,32.3,29.545,31.97,751962
05/16/2018,32.19,34.06,31.825,33.76,599022
05/17/2018,33.5,34.82,33.13,34.6,466655
05/18/2018,34.74,35.58,34.27,35.12,422531
05/21/2018,35.26,36.1,35.26,35.89,307890
05/22/2018,35.85,36.22,35.38,35.73,268180
05/23/2018,35.66,36.21,34.9603,35.98,262481
05/24/2018,36,36.29,35.78,36.15,295352
05/25/2018,35.97,36.51,35.6,36.27,184035
05/29/2018,35.99,36.42,35.53,36.1,281120
05/30/2018,36.21,36.51,36.01,36.1,395512
05/31/2018,36.25,36.7,35.69,36.41,484369
06/01/2018,36.61,36.7,35.95,36.54,203541
06/04/2018,36.6,37.48,36.17,37.41,308989
06/05/2018,37.635,38.23,37.4005,38.09,482866
06/06/2018,38.29,38.33,37.825,37.9,228230
06/07/2018,37.85,38.66,37.5053,37.97,153510
06/08/2018,37.93,38.5,37.71,37.75,248936
06/11/2018,37.75,39,37.6,38.97,207866
06/12/2018,38.88,39.18,38.23,38.45,274172
06/13/2018,38.39,38.66,36.9817,37.19,354306
06/14/2018,37.21,37.6197,36.14,36.43,301721
06/15/2018,36.39,37.02,36.39,36.97,367439
06/18/2018,36.67,38.12,36.13,37.99,282534
06/19/2018,37.93,39.13,36.23,38.94,398664
06/20/2018,38.94,39.49,36.2295,38.83,325412
06/21/2018,38.61,39.3025,38.14,38.87,184520
06/22/2018,38.98,39.2,37.695,38.27,1041920
06/25/2018,38.01,38.56,37.515,38.55,221982
06/26/2018,38.53,39.175,37.94,38.94,143383
06/27/2018,38.84,39.39,37.72,37.73,354332
06/28/2018,37.74,38.22,36.58,36.66,331568
06/29/2018,36.82,37.15,36.05,36.54,295163
07/02/2018,36.28,37.5,35.87,37.45,138494
07/03/2018,37.46,38.54,37.26,38.46,235072
07/05/2018,38.69,38.76,37.44,38.51,184525
07/06/2018,38.42,39.11,38.3,38.84,195040
07/09/2018,38.99,39.3,38.84,38.98,322122
07/10/2018,39.07,39.91,39.06,39.8,322518
07/11/2018,39.69,39.86,39.07,39.54,261478
07/12/2018,39.78,39.99,38.645,39.3,214687
07/13/2018,39.23,40.3,39.23,39.92,267441
07/16/2018,39.87,40.6,39.64,40.25,310726
07/17/2018,40.14,40.75,40.14,40.28,256777
07/18/2018,40.3,40.78,39.76,40.66,255524
07/19/2018,40.5,41.21,40.25,40.49,259705
07/20/2018,40.48,40.95,40.13,40.49,168571
07/23/2018,40.34,41.46,39.97,40.88,204096
07/24/2018,39.91,40.8416,38.71,39.81,669974
07/25/2018,39.74,40.7,38.96,40.52,723758
07/26/2018,39.5,40.03,39.45,39.51,5673531
07/27/2018,39.5,39.75,39.14,39.38,2337257
07/30/2018,39.78,40.36,39.6,40.14,3736010
07/31/2018,40.45,40.73,39.9,40.65,845108
08/01/2018,40.45,40.85,40.26,40.645,547496
08/02/2018,39.91,41.005,39.89,40.62,615468
08/03/2018,40.81,41.21,40.57,41.02,1187729
08/06/2018,41.24,42.225,40.98,42.04,572687
08/07/2018,42.12,42.93,41.725,42.8,775420
08/08/2018,42.68,43.515,42.495,43.22,546842
08/09/2018,43.42,44.8,42.701,44.79,534343
08/10/2018,44.43,45.17,43.03,44.91,371127
08/13/2018,45,45.56,42.67,43.71,665085
08/14/2018,45.94,46,41.29,43.63,1315011
08/15/2018,43.83,43.83,39.2,40.07,2019578
08/16/2018,40.54,41.12,39.67,39.67,601013
08/17/2018,39.55,40.71,39.07,40.45,475066
08/20/2018,40.53,42.81,40.53,41.79,1230993
08/21/2018,42.15,42.93,41.435,42.64,562045
08/22/2018,42.64,43.33,42.08,42.97,558354
08/23/2018,42.94,43.89,42.2201,43.32,474867
08/24/2018,43.04,43.24,42.38,42.53,290829
08/27/2018,42.5,43.65,42.24,42.96,628833
08/28/2018,43.22,43.32,42.64,42.95,429136
08/29/2018,43,43.27,42.26,43.1,331285
08/30/2018,43,43.7727,42.8,43.34,174757
08/31/2018,43.17,44.36,43.077,44.21,248284
09/04/2018,44.24,45.21,43.87,44.92,425477
09/05/2018,44.66,45.8,43.91,45.55,459317
09/06/2018,45.87,46.19,44.82,45.06,204833
09/07/2018,44.93,46.63,44.93,45.72,419173
09/10/2018,45.97,46.45,45.34,45.52,173579
09/11/2018,45.28,45.7095,44.57,45.12,171040
09/12/2018,45.17,45.7997,44.57,44.88,198390
09/13/2018,45.12,45.66,44.77,44.9,202422
09/14/2018,44.84,45.23,44.49,44.64,406588
09/17/2018,44.6,44.65,43.24,43.41,174384
09/18/2018,43.41,43.8481,43.05,43.54,449695
09/19/2018,43.4,43.86,42.7,43.12,237465
09/20/2018,43.42,44.33,42.85,43.69,234108
09/21/2018,43.73,45.11,42.64,43.33,654788
09/24/2018,42.4,44.94,41.77,43.26,345735
09/25/2018,43.34,44.05,42.59,44,251235
09/26/2018,44.13,44.92,43.86,44.15,242715
09/27/2018,44.14,45.15,44,45.1,171658
09/28/2018,44.96,46.37,44.54,45.14,420332
10/01/2018,45.37,45.54,44.03,44.5,314884
10/02/2018,44.29,44.9,43.285,43.64,557461
10/03/2018,43.93,44.87,43.3375,44.83,207866
10/04/2018,45.49,45.49,43.6,44,756424
10/05/2018,44.07,44.36,43.5,43.87,411356
10/08/2018,43.65,44.62,42.24,42.74,299712
10/09/2018,42.58,43.49,42.09,42.44,279607
10/10/2018,42.44,43.24,39.96,40.17,591231
10/11/2018,40.46,40.765,38.6,39.93,392003
10/12/2018,40.57,42.44,40.24,42.21,498628
10/15/2018,42.02,42.78,41.51,42.19,379983
10/16/2018,42.26,42.715,41.71,42.5,261482
10/17/2018,42.5,42.5,41.2,42.42,171431
10/18/2018,42.16,42.66,41.31,41.78,368204
10/19/2018,41.75,42.9299,41.36,41.58,227385
10/22/2018,41.74,42.97,41.545,42.34,192392
10/23/2018,41.65,42.56,41.07,42.2,291051
10/24/2018,42.09,42.94,41.29,41.55,415498
10/25/2018,42.09,42.74,40.24,41.03,569132
10/26/2018,40.61,41.68,38.93,41.14,321698
10/29/2018,41.5,42.12,40.84,41.35,249150
10/30/2018,41.31,42.835,41.28,42.27,292606
10/31/2018,42.74,43.19,41.34,41.43,428004
11/01/2018,41.48,43.19,41.355,42.75,306925
11/02/2018,42.87,43.64,42.454,43.22,288823
11/05/2018,43.23,44.45,42.69,44.2,316811
11/06/2018,44.06,45.02,43.86,44.52,375067
11/07/2018,44.53,44.9999,43.69,44.81,384927
11/08/2018,44.88,45.88,44.64,45,269802
11/09/2018,45,45.38,43.77,43.88,194292
11/12/2018,43.86,44.795,42.05,42.45,625086
11/13/2018,43.5,43.5,38.52,41.11,719342
11/14/2018,40.27,42.675,40.27,41.79,838560
11/15/2018,39.8,40.79,39.55,40.05,3953634
11/16/2018,39.95,40.06,38.84,39.2,1180397
11/19/2018,39.18,39.6,37.02,37.21,1418067
11/20/2018,36.65,37.2,35.66,36.06,1478806
11/21/2018,36.5,37.35,35.775,36.95,2749407
11/23/2018,36.48,37.12,36.12,36.78,465060
11/26/2018,37.01,37.56,36.16,36.18,722617
11/27/2018,35.84,36.69,34.73,36.69,551636
11/28/2018,36.68,37.75,36.0525,37.75,966432
11/29/2018,37.63,37.75,36.265,37.48,779869
11/30/2018,37.24,37.35,36.04,36.81,1483643
12/03/2018,37.5,38.4,37.065,38.33,1100603
12/04/2018,38.32,38.53,36.27,36.34,499257
12/06/2018,35.83,37.535,34.31,35.5,965882
12/07/2018,35.41,35.67,32.35,32.36,1314869
12/10/2018,32.51,34.06,31.55,31.89,938375
12/11/2018,32.41,32.8817,31.82,32.36,734650
12/12/2018,32.6,32.97,31.84,31.86,423047
12/13/2018,32,32.66,30.44,30.69,667645
12/14/2018,30.42,30.95,29.6,29.84,617845
12/17/2018,29.47,30.3,28.92,29.24,1107680
12/18/2018,29.67,29.67,28.58,29.05,594459
12/19/2018,29.14,29.78,28.92,29.08,1077045
12/20/2018,29.1,29.1,26.72,27.02,1096463
12/21/2018,27.41,27.96,26.12,26.41,2024064
12/24/2018,26,26.97,25.599,26.48,339784
12/26/2018,26.59,28.28,26.59,28.23,568128
12/27/2018,27.89,29.93,27.32,29.06,870148
12/28/2018,29,29.53,28.63,28.96,774630
12/31/2018,29.25,29.25,27.89,28.17,882493
01/02/2019,27.7,28.25,27.44,27.92,409915
01/03/2019,27.64,28.86,27.1102,27.18,501005
01/04/2019,27.34,28.27,27.02,27.72,666108
01/07/2019,27.79,28.68,27.79,28.64,890233
01/08/2019,28.84,29.35,28.52,29.11,720338
01/09/2019,29.06,29.8,28.95,29.59,457806
01/10/2019,29.2,29.59,28.5,29.35,688549
01/11/2019,29.35,31.45,28.89,30.94,1403803
01/14/2019,30.84,31.7811,29.94,30.42,587916
01/15/2019,30.27,30.7,30.03,30.6,352748
01/16/2019,30.6,31.96,30.59,31.94,839938
01/17/2019,31.66,32.62,31.07,32.55,682558
01/18/2019,32.55,33.66,32.115,33.25,861437
01/22/2019,33.11,33.33,31.67,31.96,595398
01/23/2019,31.88,32.98,31.37,31.87,451880
01/24/2019,31.87,32.48,31.43,32.45,279420
01/25/2019,32.92,33.24,31.82,32.83,318933
01/28/2019,32.57,32.9325,31.49,31.74,408432
01/29/2019,31.85,32.15,31.45,31.57,292843
01/30/2019,31.91,31.91,31.13,31.35,250967
01/31/2019,31.27,31.81,30.8587,31.75,418933
02/01/2019,31.94,32.06,31.31,31.83,270556
02/04/2019,31.79,31.89,31.4,31.55,405078
02/05/2019,31.6,32.67,31.53,32.48,348628
02/06/2019,32.42,32.635,31.29,31.4,288351
02/07/2019,31.1,31.8,30.69,31.72,383209
02/08/2019,31.56,31.9,31.08,31.77,226559
02/11/2019,31.73,32.1899,31.53,31.77,386628
02/12/2019,32.08,32.95,31.92,32.93,295191
02/13/2019,33.14,33.62,32.56,33.42,326018
02/14/2019,33.23,33.75,32.745,33.3,434853
02/15/2019,33.57,34.38,33.0635,34,425406
02/19/2019,33.8,34.04,33.21,33.48,351130
02/20/2019,33.43,34.2,33.38,34.18,408264
02/21/2019,33.99,34.21,33.16,33.4,372761
02/22/2019,33.67,33.7,33.12,33.69,323551
02/25/2019,33.69,34.0215,32.9,32.97,441259
02/26/2019,33.04,34.17,32.83,34.06,770217
02/27/2019,32.34,35.66,31,32.97,1048567
02/28/2019,32.03,33.84,31.29,33.62,915147
03/01/2019,33.98,35.47,33.6,35.2,465007
03/04/2019,35.38,35.38,32.765,33.02,626392
03/05/2019,32.67,33.19,32.03,32.09,559270
03/06/2019,32.19,32.355,30.8,31.4,636827
03/07/2019,31.31,31.41,30.6,31.18,553092
03/08/2019,30.84,31.31,30.25,30.43,860649
03/11/2019,30.55,31.53,30.28,31.29,452718
03/12/2019,31.38,31.38,30.34,30.72,358217
03/13/2019,30.83,31.64,30.5,31.61,927276
03/14/2019,31.58,31.885,30.87,31.09,459270
03/15/2019,30.96,30.96,29.83,30.5,1161981
03/18/2019,30.54,30.68,29.98,30.19,614818
03/19/2019,30.33,30.56,29.63,29.82,518708
03/20/2019,29.87,30.03,28.58,28.94,592675
03/21/2019,28.89,29.9,28.46,29.72,557585
03/22/2019,29.51,29.695,28.65,29.07,376197
03/25/2019,29.02,29.78,28.53,29.38,296057
03/26/2019,29.6,30.67,29.33,30.05,578227
03/27/2019,30.06,31.75,30.06,31.285,824362
03/28/2019,31.42,31.985,30.97,31.255,439589
03/29/2019,31.38,31.63,30.99,31.41,343465
04/01/2019,31.54,32.07,31.21,31.98,498641
04/02/2019,31.97,31.97,29.84,30.45,956398
04/03/2019,30.75,30.865,29.82,30.16,547318
04/04/2019,30.31,30.91,29.855,30.51,399677
04/05/2019,30.6,30.64,30.24,30.4,416367
04/08/2019,30.32,30.47,29.75,29.93,515837
04/09/2019,29.75,29.97,29.47,29.5,353646
04/10/2019,29.49,30.515,29.39,29.55,927940
04/11/2019,29.72,30.05,29.13,29.55,642686
04/12/2019,29.77,29.99,29.1,29.12,500953
04/15/2019,29.18,29.5,28.61,29.24,954961
04/16/2019,29.27,29.46,28.75,29.18,398879
04/17/2019,29.29,29.565,28.36,28.63,551852
04/18/2019,28.57,28.77,27.98,28.38,716846
04/22/2019,28.26,29.04,27.91,28.54,2623831
04/23/2019,28.7,29.41,28.5,29.07,445722
04/24/2019,29.06,29.6515,29,29.18,589569
04/25/2019,29.05,29.34,28.44,29.19,251163
04/26/2019,29.07,29.07,27.68,28.14,1301512
04/29/2019,28.28,28.545,27.4,27.78,757976
04/30/2019,27.75,27.9,26.065,27.01,1075189
05/01/2019,26.98,27.475,26.43,26.8,723252
05/02/2019,26.73,27.1,26.025,27.09,662847
05/03/2019,27.23,27.91,27.04,27.72,637302
05/06/2019,27.17,27.785,26.9,27.45,623736
05/07/2019,27.12,27.36,26.17,26.24,818792
05/08/2019,26.29,26.75,25.79,26.61,674052
05/09/2019,27.16,29.43,26.99,27.49,1299515
05/10/2019,27.21,27.56,26.46,27.43,705377
05/13/2019,26.94,27.16,26.13,26.49,726830
05/14/2019,26.59,27.26,26.55,27.2,503487
05/15/2019,26.9,27.82,26.78,27.67,1054191
05/16/2019,27.77,28.43,27.36,27.56,646585
05/17/2019,27.21,27.77,26.5,27.11,883199
05/20/2019,26.8,27.055,26.42,26.63,487637
05/21/2019,26.76,27.585,26.46,27.5,789090
05/22/2019,27.32,28.17,27.23,27.84,469980
05/23/2019,27.56,28.47,27.28,28.35,538200
05/24/2019,28.51,29.05,27.78,28.84,856112
05/28/2019,28.99,29.12,27.22,27.36,757483
05/29/2019,27.66,28,26.91,27.71,892540
05/30/2019,27.93,28.2,27.35,27.48,579740
05/31/2019,27.26,27.72,26.91,27.23,523195
06/03/2019,27.28,27.41,25.61,25.73,819815
06/04/2019,26.04,27.175,25.88,27.14,709299
06/05/2019,27.19,27.5,26.76,27.28,617827
06/06/2019,27.19,27.64,26.01,26.41,693500
06/07/2019,26.61,27.0399,26.12,26.18,879316
06/10/2019,26.38,27.84,26.38,27.55,700902
06/11/2019,28.89,29.79,27.97,28.49,1061955
06/12/2019,28.38,28.76,27.81,28.31,612363
06/13/2019,28.42,30.41,28.08,30.26,903093
06/14/2019,30.25,30.48,29.5,30.04,648696
06/17/2019,30.11,30.72,29.51,30.49,691586
06/18/2019,30.75,31.04,29.995,30.77,493463
06/19/2019,30.73,31.23,30.255,30.93,869824
06/20/2019,31.42,31.8,30.97,31.705,654294
06/21/2019,31.72,32.03,31.09,31.96,694499
06/24/2019,31.99,32.1,31.1,31.28,573677
06/25/2019,31.31,31.59,30.48,30.85,443070
06/26/2019,30.94,31.53,30.59,31.04,300893
06/27/2019,31.15,31.48,30.92,31.47,382996
06/28/2019,31.59,32.06,30.54,30.73,1476793
07/01/2019,31.16,31.7,29.57,29.84,688022
07/02/2019,29.85,30.15,29.35,29.83,478082
07/03/2019,29.99,30.19,29.35,29.97,197344
07/05/2019,29.82,30.15,29.4,30.05,291061
07/08/2019,29.97,30.78,29.645,30.63,539975
07/09/2019,30.5,30.51,29.87,30.345,405645
07/10/2019,30.49,30.93,30.13,30.81,751066
07/11/2019,31.17,31.24,30.87,31.09,297717
07/12/2019,31.45,31.76,30.86,31.42,433905
07/15/2019,31.38,31.48,30.56,30.94,577368
07/16/2019,30.96,31.53,30.64,31.46,315410
07/17/2019,31.32,31.79,31,31.69,482372
07/18/2019,31.63,32.27,31.36,32.05,384028
07/19/2019,31.82,32.45,31.64,31.7,431781
07/22/2019,31.75,31.86,30.92,31.26,314941
07/23/2019,31.51,31.51,30.75,31.16,356207
07/24/2019,31.04,32.3299,31,32.09,571376
07/25/2019,32.03,32.36,31.72,32.19,360534
07/26/2019,32.36,32.39,31.65,32.37,331664
07/29/2019,32.32,32.32,31.27,31.73,562944
07/30/2019,31.48,31.56,30.785,31.2,506265
07/31/2019,31.3,32.06,30.96,31.57,589290
08/01/2019,31.59,31.59,29.55,30.38,669909
08/02/2019,30.12,30.39,29.46,29.78,450589
08/05/2019,29.24,29.55,28.29,28.9,750674
08/06/2019,28.72,30.03,28.0467,29.78,1122556
08/07/2019,30.4,32.6,29.93,31.34,1005084
08/08/2019,31.4,32.13,31,31.83,4962040
08/09/2019,31.83,32.2,30.99,31.23,1110308
08/12/2019,31.1,31.3,30.02,30.73,2241767
08/13/2019,30.74,31.55,29.745,30.02,1064023
08/14/2019,29.35,29.45,28.65,28.77,1262167
08/15/2019,28.5,29.57,28.5,28.79,1078802
08/16/2019,28.94,29.2,27.52,27.71,1182220
08/19/2019,28.19,28.4,27.42,27.49,922310
08/20/2019,27.38,28.23,27.3,27.83,571175
08/21/2019,28.19,28.46,27.79,28.28,853892
08/22/2019,28.46,29.31,28.19,28.74,978938
08/23/2019,28.43,28.48,26.84,26.94,1160609
08/26/2019,27.29,27.39,26.8,27.26,493505
08/27/2019,27.36,27.82,26.8,26.96,570227
08/28/2019,26.94,27.82,26.88,27.71,1140287
08/29/2019,28.23,29.045,27.95,28.84,1066549
08/30/2019,29,29,27.975,28.35,984954
09/03/2019,27.7,28.31,27.31,27.62,548699
09/04/2019,27.98,28.15,27.67,27.88,667528
09/05/2019,28.27,28.5,27.54,27.56,1125332
09/06/2019,27.75,28.11,27.21,27.26,371379
09/09/2019,27.3,28.41,27.07,27.9,1402188
09/10/2019,27.94,30.46,27.81,30.35,1916460
09/11/2019,30.55,32.3,29.82,32.24,1250082
09/12/2019,32.1,32.57,31.08,31.4,1062672
09/13/2019,31.73,32.21,30.56,30.63,692292
09/16/2019,30.44,30.73,27.72,27.78,1233962
09/17/2019,27.8,28.16,26.88,26.94,1032885
09/18/2019,26.98,27.135,26.09,26.56,842090
09/19/2019,26.8,27.15,25.49,25.65,759812
09/20/2019,25.59,26.01,23.45,24.93,2224896
09/23/2019,24.88,25.3,24.59,24.78,721025
09/24/2019,24.94,25.095,24.41,24.74,451645
09/25/2019,24.72,25.1,24.49,24.96,487372
09/26/2019,24.91,25.07,24.11,24.14,716313
09/27/2019,24.15,24.22,23.48,23.93,1340490
09/30/2019,24,24.45,23.76,24.03,633023
10/01/2019,25.26,25.46,24.65,25.03,1198776
10/02/2019,24.67,24.96,23.84,24.59,1012079
10/03/2019,24.4,24.71,22.54,23.05,1395076
10/04/2019,23.22,23.96,23.02,23.91,749002
10/07/2019,23.82,24.31,22.94,22.98,581526
10/08/2019,22.74,22.98,22.02,22.77,664913
10/09/2019,22.84,23.22,22.6,22.87,268510
10/10/2019,23.01,23.44,22.89,23.26,368606
10/11/2019,23.55,24.44,23.49,23.93,580906
10/14/2019,23.89,23.9721,23.2,23.82,497995
10/15/2019,23.8,24.62,23.46,24.46,540762
10/16/2019,24.19,24.4,23.86,23.9,501482
10/17/2019,24.02,24.42,23.82,23.9,499874
10/18/2019,23.62,23.62,22.92,22.98,446493
10/21/2019,23.07,23.8485,22.71,23.15,525986
10/22/2019,23.05,23.645,22.74,23.32,450307
10/23/2019,23.36,23.73,22.7,23.61,334452
10/24/2019,23.63,23.84,23.29,23.79,492866
10/25/2019,23.68,24.4,23.57,23.86,308346
10/28/2019,23.99,24.42,23.92,24.15,381280
10/29/2019,24.03,24.33,23.71,24.12,369677
10/30/2019,24.05,24.29,23.875,24.03,355972
10/31/2019,23.88,23.96,23.37,23.8,446063
11/01/2019,23.87,24.18,23.55,23.61,460302
11/04/2019,23.89,24.24,23.79,24.005,602799
11/05/2019,24.03,25.26,23.875,25.14,666183
11/06/2019,25,25.3,24.41,24.85,750052
11/07/2019,28.44,29.98,27.07,29.71,2275101
11/08/2019,29.8,29.895,27.54,27.74,832925
11/11/2019,27.3,28.01,26.66,26.79,594274
11/12/2019,26.58,27.41,26.04,27.03,745425
11/13/2019,27.37,27.59,26.4,26.65,371520
11/14/2019,27.01,27.4,26.61,27.05,470069
11/15/2019,27.14,27.81,26.7,27.6,537844
11/18/2019,27.5,27.755,27.23,27.33,398392
11/19/2019,27.34,27.71,26.84,27.25,256952
11/20/2019,27.12,28.54,27.03,27.97,943802
11/21/2019,28,28.93,27.825,28.47,598451
11/22/2019,28.65,29.04,28.235,28.9,526926
11/25/2019,29.1,30.04,28.79,29.82,477810
11/26/2019,29.74,30.41,29.48,30.2,542125
11/27/2019,30.14,30.48,29.92,30.35,370228
11/29/2019,30.33,30.38,29.88,30.2,287834
12/02/2019,30.21,30.55,29.96,30.22,492682
12/03/2019,29.88,30,29.285,29.63,417779
12/04/2019,29.75,30.08,29.3,29.92,420109
12/05/2019,30.19,30.51,30.02,30.26,391458
12/06/2019,30.58,30.86,30.45,30.72,249181
12/09/2019,30.56,30.78,30.34,30.38,340817
12/10/2019,30.36,30.59,30.02,30.1,289966
12/11/2019,30.2,30.79,29.9,30.63,388781
12/12/2019,30.42,31.9,30.24,31.76,394812
12/13/2019,31.58,31.82,31.17,31.53,419842
12/16/2019,31.98,31.98,31.38,31.61,326404
12/17/2019,31.59,32,31.33,31.99,316864
12/18/2019,31.85,32.69,31.67,32.59,878016
12/19/2019,32.75,33.36,32.25,32.95,835842
12/20/2019,33.04,33.13,32.48,33.02,768949
12/23/2019,33.04,33.44,32.645,32.94,370750
12/24/2019,33.02,33.55,32.88,33.13,230550
12/26/2019,33.25,33.26,32.26,32.89,299440
12/27/2019,33,33.23,32.62,33.03,177103
12/30/2019,32.84,33,32.16,32.21,346710
12/31/2019,32.25,32.76,32,32.44,296532
01/02/2020,32.76,32.9,31.79,32.45,524539
01/03/2020,32,32.72,31.41,32.55,622236
01/06/2020,32.24,33.06,31.97,32.94,433981
01/07/2020,32.99,33.175,32.32,32.51,502554
01/08/2020,32.52,33.1,32.43,32.84,436951
01/09/2020,32.86,33.01,32.61,33,389699
01/10/2020,32.86,33.14,32.6,32.62,627929
01/13/2020,32.69,33.04,32.29,33,283139
01/14/2020,32.91,33.22,32.81,32.99,453342
01/15/2020,32.91,33.19,32.51,32.75,278505
01/16/2020,33.05,33.25,32.2,32.74,434574
01/17/2020,32.99,33.24,32.67,32.82,426065
01/21/2020,32.75,33.8,32.685,33.8,582639
01/22/2020,33.94,35.3283,33.83,35.03,909045
01/23/2020,36.83,38.51,35.45,35.57,1151353
01/24/2020,35.66,37.07,35.3,36.76,657937
01/27/2020,36.69,36.77,36.01,36.05,538380
01/28/2020,36.3,36.35,35.72,35.87,410238
01/29/2020,36.04,36.24,35.52,35.53,494217
01/30/2020,35.32,35.61,35.05,35.19,357996
01/31/2020,35.03,35.35,33.88,34.1,481134
02/03/2020,34.2,34.7,33.99,34.31,648493
02/04/2020,34.58,34.675,33.6,33.64,381698
02/05/2020,33.95,34.27,33.23,34.25,569233
02/06/2020,34.37,35.09,34.22,34.48,397116
02/07/2020,34.38,34.675,33.39,33.44,240852
02/10/2020,33.24,33.92,32.11,32.91,405225
02/11/2020,33.07,33.16,32.28,32.67,394970
02/12/2020,32.94,33.04,31.7024,32.56,1160394
02/13/2020,32.62,33.45,32.45,33.09,627038
02/14/2020,33.07,33.88,32.625,33.79,598311
02/18/2020,33.68,35.48,33.66,35.42,380163
02/19/2020,35.56,36.02,35.26,35.52,311771
02/20/2020,35.43,36.22,35.35,36.1,254602
02/21/2020,36.13,36.4,35.31,35.965,381554
02/24/2020,34.7,35.18,33.798,34.53,380225
02/25/2020,34.56,34.71,33.61,33.84,465025
02/26/2020,37.49,39.88,37.21,38.6,1628175
02/27/2020,38.51,38.912,34.94,35.18,1228523
02/28/2020,34.39,35.495,33.66,34.71,890828
03/02/2020,35.28,36.51,33.895,36.32,538161
03/03/2020,36.18,37.4,35.5901,35.82,460978
03/04/2020,36.26,37.025,35.67,36.73,284119
03/05/2020,35.76,36.57,34.91,35.41,298170
03/06/2020,33.99,35.725,33.93,34.91,423521
03/09/2020,32.64,35.3,32.3,34.52,699003
03/10/2020,35.59,36.11,33.15,34.62,637244
03/11/2020,33.84,34.12,31.395,31.66,563429
03/12/2020,29.19,31.1769,27.5,27.56,804583
03/13/2020,28.99,30.53,26.59,30.37,985138
03/16/2020,24.99,28.83,23.08,23.23,1044723
03/17/2020,23.65,25.865,19.31,20.48,1929160
03/18/2020,19.01,19.54,14.915,16.67,1170642
03/19/2020,16.64,18.29,15.86,17.46,1054247
03/20/2020,17.68,18.316,13.47,14.06,1726309
03/23/2020,14.38,14.72,11.7,13.7,1013863
03/24/2020,14.38,18.18,14.2701,18.08,877942
03/25/2020,18.09,22.3,17.89,21.15,1432692
03/26/2020,21.55,22.89,21.26,22.08,1406050
03/27/2020,20.94,21.54,19.48,19.93,716799
03/30/2020,19.78,20.61,18.95,19.52,467707
03/31/2020,19.38,20.09,18.73,19.34,645503
04/01/2020,18.06,18.28,16.1,16.44,1191718
04/02/2020,16.11,17.4,15.77,16.5,455035
04/03/2020,16.44,16.75,15.37,16.61,476570
04/06/2020,17.82,19.81,17.82,18.38,942935
04/07/2020,19.86,21.33,19.86,19.9,1503464
04/08/2020,20.61,22.24,19.74,21.99,1162887
04/09/2020,23.52,26,22.38,24.35,932453
04/13/2020,24.27,24.53,23.11,24.26,539865
04/14/2020,24.9,25.67,24.38,25.05,745677
04/15/2020,24.03,25.15,23.25,24.23,709203
04/16/2020,24.07,24.57,23.2,24,511926
04/17/2020,25.87,26.2199,24.16,24.5,604550
04/20/2020,23.59,24.45,22.95,24.19,640831
04/21/2020,23.16,24.99,23.0001,23.61,463155
04/22/2020,24.27,26.165,23.79,24.34,370284
04/23/2020,24.46,25.12,24.07,24.18,448084
04/24/2020,24.47,26.05,23.91,25.71,341489
04/27/2020,25.93,28.38,25.72,28.19,531823
04/28/2020,29.08,29.675,27.26,27.64,490697
04/29/2020,28.87,29.22,27.5425,28.67,946099
04/30/2020,28.05,28.55,26.44,26.5,526763
05/01/2020,25.55,26.16,23.84,24.79,474165
05/04/2020,24,24.85,23.69,24.67,342777
05/05/2020,25.32,26.7381,24.2,24.36,542053
05/06/2020,24.64,25.0559,23.84,23.97,370528
05/07/2020,20.21,24.505,19.07,24.4475,9206532
05/08/2020,24.71,27.3,24.7,26.4,9320735
05/11/2020,25.86,26.41,24.24,26.31,1089629
05/12/2020,26.62,27.72,24.47,24.56,991397
05/13/2020,24.89,24.95,22.78,24.01,893791
05/14/2020,23.28,24.072,22.64,23.84,849245
05/15/2020,24.01,25.25,22.811,24.42,617052
05/18/2020,25.99,27.08,25.64,26.36,883647
05/19/2020,26.13,26.27,24.61,24.86,570579
05/20/2020,25.51,25.635,24.15,24.35,434884
05/21/2020,24.44,26.285,24.35,25.98,480442
05/22/2020,25.8,26.48,24.74,25.35,328222
05/26/2020,26.93,27.9299,26.5622,27.41,572595
05/27/2020,28.58,28.64,27.09,28.48,426499
05/28/2020,29.04,29.04,26.36,26.5,684154
05/29/2020,26.26,27.34,25.95,26.79,996425
06/01/2020,26.74,27.26,25.74,25.78,618799
06/02/2020,26.18,27.77,26,27.37,695547
06/03/2020,28.02,30.39,27.75,29.95,893147
06/04/2020,29.65,30.57,29.19,29.67,713498
06/05/2020,31.52,32.705,31.17,31.79,850562
06/08/2020,32.56,33.8,31.185,31.76,1150560
06/09/2020,31.5,31.92,30.64,30.74,733220
06/10/2020,31.17,31.17,29.97,30.05,498215
06/11/2020,28.66,28.85,27.24,27.54,760448
06/12/2020,28.9,28.9,27.075,28.14,617294
06/15/2020,26.72,29.15,26.64,28.07,605547
06/16/2020,30.22,30.35,28.05,29.49,564309
06/17/2020,29.61,30.25,29.15,29.91,869039
06/18/2020,29.42,30.72,28.81,30.68,453670
06/19/2020,31.65,31.71,30.23,30.58,1033766
06/22/2020,30.32,31.95,30.17,31.52,513357
06/23/2020,32.24,32.24,31.13,31.69,437013
06/24/2020,31.09,31.5,29.755,30.44,723461
06/25/2020,29.77,30.59,29.55,30.37,852201
06/26/2020,30,30.6,28.75,28.79,1167450
06/29/2020,29.32,30.57,28.7,30.31,581111
06/30/2020,30.4,30.81,29.9,30.5,549320
07/01/2020,30.53,31.53,30.44,30.68,443592
07/02/2020,31.44,31.72,30.29,30.58,383704
07/06/2020,31.62,31.85,30.04,30.34,336085
07/07/2020,30.13,30.35,29.11,29.16,392855
07/08/2020,29.1,29.84,28.6,29.5,420441
07/09/2020,29.36,29.37,27.1,27.91,1040652
07/10/2020,27.86,29.19,27.84,28.81,462960
07/13/2020,29.31,29.83,28.75,28.82,321472
07/14/2020,28.54,29.33,28.14,28.85,415480
07/15/2020,29.81,30.63,29.225,30.49,584162
07/16/2020,30.36,31.11,30.15,30.82,338684
07/17/2020,30.86,31,30.03,30.13,417002
07/20/2020,29.9,30.24,29.37,29.78,321556
07/21/2020,30.2,31.205,30.095,31.085,279097
07/22/2020,30.7,32.05,30.6829,31.9,292254
07/23/2020,31.98,32.8,31.625,32.04,265079
07/24/2020,31.89,32.3,31.1,31.36,213280
07/27/2020,31.3,32.31,31.05,32.31,310366
07/28/2020,31.99,32.25,31.32,31.38,189259
07/29/2020,31.65,32.315,31.17,32.165,456907
07/30/2020,31.54,31.65,30.98,31.11,296286
07/31/2020,31.08,31.99,30.68,31.99,539421
08/03/2020,31.99,33.1684,30.511,33,434791
08/04/2020,32.99,33.89,32.32,33.65,348064
08/05/2020,34.19,34.19,33.025,33.92,607451
08/06/2020,33.01,34.82,32.75,33.28,918827
08/07/2020,33.77,34.02,32.57,33.34,465087
08/10/2020,33.47,35.41,33.47,35.18,754971
08/11/2020,35,35.95,34.75,35.23,630132
08/12/2020,35.64,36,35.1,35.53,831241
08/13/2020,35.68,36.25,35.4,35.96,406524
08/14/2020,35.76,36.2,35.29,35.75,184136
08/17/2020,36.35,36.5,35.18,35.35,613602
08/18/2020,35.11,36.05,35.04,35.69,522266
08/19/2020,35.72,36.43,35.37,36.32,318685
08/20/2020,35.72,37,35.72,36.76,434165
08/21/2020,36.64,37.39,36.03,36.56,633423
08/24/2020,37.07,37.35,36.24,37.32,301170
08/25/2020,37.53,37.71,36.91,37.53,291518
08/26/2020,37.5,38.35,37.34,38.21,410625
08/27/2020,38.5,38.83,38.01,38.23,286835
08/28/2020,38.52,38.57,37.09,37.19,351791
08/31/2020,37.33,37.955,36.76,37.52,901059
09/01/2020,37.43,39.84,36.88,39.62,570360
09/02/2020,39.75,39.88,38.45,39.42,451995
09/03/2020,39.53,40,38.28,39.235,344667
09/04/2020,39.89,40,38.59,39.32,314266
09/08/2020,38.66,39.79,38.4,38.43,583061
09/09/2020,38.49,38.98,37.51,38.33,457504
09/10/2020,38.87,39.79,38.24,38.25,353994
09/11/2020,38.34,38.75,36.46,37.38,380408
09/14/2020,37.73,38.24,36.88,37.24,370431
09/15/2020,37.6,38.25,37.165,37.44,503779
09/16/2020,37.72,38.6,36.93,38.21,287947
09/17/2020,37.59,38.5,37.19,38.45,383458
09/18/2020,39.55,39.72,37.885,38.42,1089970
09/21/2020,37.2,37.91,36.31,37.35,366298
09/22/2020,37.51,39.29,37.4015,39.14,374972
09/23/2020,39.26,39.48,37.505,37.63,436415
09/24/2020,37.38,37.59,36.47,36.63,380071
09/25/2020,36.64,37.36,36.24,36.85,376945
09/28/2020,37.24,38.5,37.15,38.17,269039
09/29/2020,38.13,39.08,37.19,38.68,270309
09/30/2020,38.68,39.4,37.92,38.24,223579
10/01/2020,38.64,39.46,38.24,39.45,233523
10/02/2020,38.52,39.954,37.3369,39.64,211053
10/05/2020,40,40.885,39.4173,40.87,508966
10/06/2020,41.22,41.697,39.27,39.34,227894
10/07/2020,40.05,41.31,37.7901,41.12,640644
10/08/2020,41.39,41.39,39.57,39.611,368420
10/09/2020,40.36,40.635,39.57,40.06,470121
10/12/2020,40.36,40.55,39.6,39.95,266640
10/13/2020,39.5,41.26,39.481,40.97,329684
10/14/2020,41.17,41.83,40.22,40.82,186130
10/15/2020,40.13,41.54,39.5,41.32,217807
10/16/2020,41.37,41.63,40.67,40.87,176562
10/19/2020,41.12,42.09,40.7,41.26,252909
10/20/2020,41.71,42.33,40.98,41.995,544539
10/21/2020,42.04,42.775,41.75,41.79,304564
10/22/2020,42,43.47,40.83,42.59,338122
10/23/2020,42.95,43.5,42.065,43.155,275446
10/26/2020,42.48,43.215,41.19,42.24,383362
10/27/2020,42.01,42.66,41.86,42.13,415044
10/28/2020,41.18,42.645,40.44,41.78,948158
10/29/2020,41.65,42.31,40.855,41.54,261756
10/30/2020,41.49,41.815,40,40.42,415148
11/02/2020,40.72,42.08,40.43,41.51,350354
11/03/2020,42.25,42.81,41.64,42.54,450387
11/04/2020,41.93,43.71,41.93,43.69,665582
11/05/2020,43.8,45.195,42.35,45.11,1463200
11/06/2020,45.76,45.76,43.265,44.78,399560
11/09/2020,48.55,50,46.37,48.36,708469
11/10/2020,48.31,48.89,45.5,46.5,551585
11/11/2020,46.86,46.86,44.83,45.67,467416
11/12/2020,45.45,45.94,44.685,45.84,267767
11/13/2020,45.79,46.58,43.89,44.14,406606
11/16/2020,44.89,45.2,42.93,43,475198
11/17/2020,42.69,42.69,41.58,41.99,598425
11/18/2020,41.34,42.98,41.2,42.03,718003
11/19/2020,42,42.68,41.33,42.25,669748
11/20/2020,41.98,43.79,41.03,43.49,808410
11/23/2020,44.12,45.36,43.59,44.93,411501
11/24/2020,45.29,45.3871,44.16,45.075,428450
11/25/2020,45.1,45.11,43.75,44.31,427589
11/27/2020,44.31,45.41,43.64,43.93,143095
11/30/2020,43.88,44.045,41.99,42.82,371282
12/01/2020,43.54,43.665,42.085,42.67,700850
12/02/2020,42.76,43,41.92,42.65,388341
12/03/2020,42.63,43.28,42.24,42.81,548472
12/04/2020,43,43.23,42.1284,42.75,451132
12/07/2020,42.47,43.43,42.12,43.29,339637
12/08/2020,42.88,44.16,42.8,43.99,680913
12/09/2020,44.17,46.7,44.17,46.35,596919
12/10/2020,46.1,46.97,45.38,45.68,323840
12/11/2020,45.5,45.7,44.07,44.61,181349
12/14/2020,45.28,46.03,44.78,45.57,318157
12/15/2020,45.98,46.71,45,46.59,255127
12/16/2020,46.89,47.09,45.94,46.2,284906
12/17/2020,46.47,46.9,44.82,46.56,629296
12/18/2020,46.91,47.4728,45.65,45.87,728242
12/21/2020,45.04,46.45,44.77,45.92,275870
12/22/2020,45.9,47.83,45.9,47.72,439841
12/23/2020,48.05,48.65,47.27,47.73,250727
12/24/2020,47.68,47.7,46.59,47.31,108049
12/28/2020,47.8,47.8,46.42,46.51,248885
12/29/2020,46.56,46.56,45.32,45.85,151743
12/30/2020,45.74,46.86,45.51,45.86,222804
12/31/2020,45.86,46.18,45,45.33,239461
