02/14/2013,5.9,5.92,5.87,5.92,69234
02/15/2013,5.93,5.94,5.88,5.92,91763
02/19/2013,5.81,5.82,5.77,5.81,52223
02/20/2013,5.83,5.84,5.7,5.7,80899
02/21/2013,5.51,5.52,5.44,5.48,124146
02/22/2013,5.51,5.54,5.488,5.54,77265
02/25/2013,5.7,5.75,5.31,5.31,158406
02/26/2013,5.29,5.3,5.2,5.28,163764
02/27/2013,5.302,5.49,5.3,5.49,147137
02/28/2013,5.29,5.38,5.29,5.32,295105
03/01/2013,5.22,5.28,5.12,5.28,92230
03/04/2013,5.14,5.15,5.02,5.09,300476
03/05/2013,5.33,5.37,5.29,5.35,119990
03/06/2013,5.44,5.44,5.3,5.41,67158
03/07/2013,5.47,5.53,5.44,5.53,40121
03/08/2013,5.89,5.89,5.68,5.72,130139
03/11/2013,5.88,5.94,5.83,5.9,116237
03/12/2013,5.82,5.85,5.75,5.76,58447
03/13/2013,5.65,5.75,5.65,5.74,47649
03/14/2013,5.72,5.79,5.72,5.79,17066
03/15/2013,5.85,5.85,5.775,5.79,24715
03/18/2013,5.7,5.892,5.7,5.83,76810
03/19/2013,5.89,5.89,5.7,5.79,51360
03/20/2013,5.74,5.82,5.73,5.78,59081
03/21/2013,5.62,5.689,5.58,5.595,83158
03/22/2013,5.85,5.85,5.75,5.78,36936
03/25/2013,5.71,5.71,5.5,5.54,96174
03/26/2013,5.46,5.47,5.35,5.41,65773
03/27/2013,5.38,5.4,5.29,5.35,74045
03/28/2013,5.34,5.4,5.3,5.31,59998
04/01/2013,5.4,5.42,5.23,5.4,26928
04/02/2013,5.3,5.31,5.14,5.296,239718
04/03/2013,5.27,5.35,5.22,5.25,47451
04/04/2013,5.11,5.21,5.11,5.21,120478
04/05/2013,5.11,5.25,5.11,5.235,39834
04/08/2013,5.23,5.24,5.13,5.23,49585
04/09/2013,5.33,5.36,5.24,5.35,45791
04/10/2013,5.51,5.73,5.51,5.7,103388
04/11/2013,5.72,5.8,5.66,5.78,97469
04/12/2013,5.62,5.62,5.55,5.59,80438
04/15/2013,5.38,5.44,5.26,5.268,55767
04/16/2013,5.47,5.53,5.4,5.47,89672
04/17/2013,5.44,5.44,5.3,5.37,69322
04/18/2013,5.364,5.42,5.26,5.346,49375
04/19/2013,5.43,5.5,5.43,5.47,15173
04/22/2013,5.6,5.672,5.44,5.6,142020
04/23/2013,5.78,5.9,5.78,5.9,141861
04/24/2013,2.7397,2.7813,2.7397,2.7795,345779
04/25/2013,2.8968,2.9292,2.8552,2.8691,421042
04/26/2013,2.7767,2.8275,2.7767,2.7998,156059
04/29/2013,2.7813,2.8552,2.749,2.8275,117012
04/30/2013,2.8044,2.8044,2.7674,2.7998,250745
05/01/2013,2.8183,2.8183,2.7674,2.7767,207295
05/02/2013,2.7166,2.7813,2.6843,2.7813,293787
05/03/2013,2.7998,2.8321,2.7813,2.8275,171463
05/06/2013,2.8044,2.8044,2.7721,2.7952,82948
05/07/2013,2.846,2.8645,2.809,2.8423,161837
05/08/2013,2.8783,2.9245,2.8691,2.9125,613278
05/09/2013,2.8968,2.9061,2.8599,2.8783,69745
05/10/2013,2.8922,2.9338,2.8876,2.9338,141532
05/13/2013,2.8876,2.9384,2.8783,2.9338,212667
05/14/2013,2.9661,3.0123,2.9661,3.0105,462982
05/15/2013,3.1417,3.2202,3.1371,3.2202,350323
05/16/2013,3.2179,3.2572,3.1971,3.2156,442052
05/17/2013,3.1555,3.1879,3.1417,3.1666,311511
05/20/2013,3.1925,3.2341,3.1694,3.2295,231465
05/21/2013,3.1925,3.2387,3.1694,3.2295,136424
05/22/2013,3.2341,3.2757,3.1879,3.1879,489659
05/23/2013,3.1417,3.1555,3.0955,3.1546,431720
05/24/2013,3.114,3.2664,3.1001,3.2618,206302
05/28/2013,3.502,3.5344,3.4512,3.4789,511685
05/29/2013,3.4651,3.4789,3.4189,3.4466,219494
05/30/2013,3.5344,3.6314,3.5344,3.6037,400155
05/31/2013,3.6453,3.7053,3.6453,3.6684,555387
06/03/2013,3.7469,3.8763,3.7469,3.8717,499044
06/04/2013,3.7977,3.8024,3.7007,3.7654,341143
06/05/2013,3.7885,3.8347,3.7885,3.8116,272929
06/06/2013,3.71,3.7331,3.5575,3.5944,478609
06/07/2013,3.7146,3.7423,3.673,3.7238,197422
06/10/2013,3.5575,3.5806,3.5436,3.576,475493
06/11/2013,3.5298,3.5667,3.4928,3.5621,149174
06/12/2013,3.4327,3.4697,3.4004,3.4651,442287
06/13/2013,3.4669,3.5344,3.442,3.5298,127194
06/14/2013,3.4558,3.5067,3.442,3.4651,79190
06/17/2013,3.4928,3.5205,3.4789,3.4974,342673
06/18/2013,3.5067,3.5251,3.4743,3.5251,219388
06/19/2013,3.4974,3.4974,3.3958,3.4004,266850
06/20/2013,3.2526,3.2664,3.1925,3.2202,454020
06/21/2013,3.211,3.211,3.114,3.1555,361263
06/24/2013,3.1786,3.271,3.1509,3.2526,158686
06/25/2013,3.3403,3.3819,3.3126,3.3634,177333
06/26/2013,3.3403,3.3681,3.3219,3.3588,122814
06/27/2013,3.4004,3.4004,3.3219,3.3611,186119
06/28/2013,3.2895,3.2941,3.2387,3.2549,206584
07/01/2013,3.2895,3.3496,3.2849,3.3311,446332
07/02/2013,3.2248,3.3034,3.2202,3.2988,328328
07/03/2013,3.1463,3.2295,3.1297,3.211,153281
07/05/2013,3.2479,3.2526,3.211,3.2156,94872
07/08/2013,3.2895,3.3265,3.2849,3.3126,456662
07/09/2013,3.3496,3.3496,3.2803,3.2988,252840
07/10/2013,3.373,3.4629,3.3513,3.4448,418053
07/11/2013,3.4448,3.4811,3.4039,3.4811,147236
07/12/2013,3.4702,3.4856,3.4511,3.4811,106868
07/15/2013,3.5083,3.5401,3.4947,3.5401,171106
07/16/2013,3.5355,3.5401,3.4856,3.5219,252358
07/17/2013,3.5128,3.5128,3.4493,3.4493,260116
07/18/2013,3.5283,3.5628,3.5128,3.5628,131722
07/19/2013,3.5265,3.5718,3.5083,3.5718,32842
07/22/2013,3.5855,3.5855,3.5582,3.5855,165374
07/23/2013,3.6218,3.6535,3.6218,3.6399,142977
07/24/2013,3.6762,3.7171,3.6626,3.6762,239129
07/25/2013,3.6853,3.7579,3.6853,3.7579,230260
07/26/2013,3.708,3.7216,3.6808,3.708,151063
07/29/2013,3.777,3.826,3.7443,3.826,151114
07/30/2013,3.6762,3.6808,3.6445,3.6717,320807
07/31/2013,3.6127,3.6762,3.6127,3.649,158320
08/01/2013,3.6898,3.6989,3.6445,3.6989,102337
08/02/2013,3.6127,3.6399,3.59,3.6218,128252
08/05/2013,3.6308,3.6581,3.5991,3.6581,160774
08/06/2013,3.6535,3.6717,3.6127,3.6581,269493
08/07/2013,3.6308,3.6399,3.5991,3.6354,164463
08/08/2013,3.6717,3.6989,3.6517,3.6944,80276
08/09/2013,3.7261,3.7806,3.7035,3.7398,131121
08/12/2013,3.7534,3.8578,3.7534,3.8569,153158
08/13/2013,3.8578,3.9032,3.8097,3.9032,101421
08/14/2013,3.8805,3.9168,3.8786,3.9077,130844
08/15/2013,3.8941,3.9032,3.7897,3.885,276081
08/16/2013,3.9122,3.9258,3.9032,3.9168,129693
08/19/2013,3.8373,3.8487,3.7715,3.7797,135284
08/20/2013,3.7125,3.7216,3.6717,3.6898,169548
08/21/2013,3.6907,3.7343,3.6808,3.7053,56513
08/22/2013,3.7806,3.8442,3.7806,3.8414,372667
08/23/2013,3.7688,3.7806,3.7216,3.7806,73386
08/26/2013,3.6935,3.6989,3.6445,3.6581,193299
08/27/2013,3.5628,3.5628,3.4765,3.4911,473233
08/28/2013,3.4266,3.5582,3.413,3.5265,116195
08/29/2013,3.5174,3.5274,3.4856,3.5083,135999
08/30/2013,3.472,3.472,3.4039,3.4339,132913
09/03/2013,3.5174,3.5219,3.4765,3.5128,74611
09/04/2013,3.4021,3.5355,3.3948,3.4947,432620
09/05/2013,3.4638,3.4765,3.4448,3.472,161632
09/06/2013,3.4811,3.4992,3.4275,3.4811,113913
09/09/2013,3.6308,3.7216,3.6308,3.708,408251
09/10/2013,3.7125,3.7171,3.6581,3.708,202860
09/11/2013,3.7352,3.8124,3.7171,3.7824,162652
09/12/2013,3.7761,3.7851,3.7525,3.767,75255
09/13/2013,3.7307,3.7379,3.6762,3.7352,137665
09/16/2013,3.767,3.767,3.7261,3.7398,91349
09/17/2013,3.7398,3.7579,3.7125,3.7579,130032
09/18/2013,3.7625,3.8941,3.7488,3.8714,137979
09/19/2013,3.8569,3.8623,3.7488,3.7851,252588
09/20/2013,3.8078,3.8169,3.767,3.7715,196445
09/23/2013,3.8078,3.8305,3.7851,3.7942,282400
09/24/2013,3.8078,3.8124,3.767,3.7897,206487
09/25/2013,3.7897,3.8305,3.7851,3.8215,140565
09/26/2013,3.7443,3.7652,3.7261,3.7307,230800
09/27/2013,3.7127,3.7237,3.6963,3.7036,108040
09/30/2013,3.6462,3.669,3.6279,3.6553,202461
10/01/2013,3.6918,3.8148,3.6918,3.792,148008
10/02/2013,3.7829,3.8103,3.7373,3.7829,135862
10/03/2013,3.7765,3.7784,3.7328,3.7556,138515
10/04/2013,3.7966,3.8786,3.7966,3.8476,205998
10/07/2013,3.8791,3.9341,3.8745,3.8929,147574
10/08/2013,3.8993,3.9066,3.8471,3.8471,176505
10/09/2013,3.8929,3.8929,3.8471,3.8929,184766
10/10/2013,3.9822,4.0165,3.9387,4.0074,293035
10/11/2013,3.9845,4.0028,3.957,3.9982,120488
10/14/2013,3.9249,4.0257,3.9203,3.9982,131716
10/15/2013,3.9432,3.9982,3.9341,3.9707,190666
10/16/2013,3.8059,3.8517,3.7921,3.8471,429984
10/17/2013,3.7738,3.7921,3.7527,3.7875,262334
10/18/2013,3.8013,3.8517,3.8013,3.8517,182844
10/21/2013,3.7143,3.7646,3.6959,3.7646,574071
10/22/2013,3.8562,3.9158,3.8562,3.8837,311901
10/23/2013,3.7921,3.8333,3.7875,3.8165,493366
10/24/2013,3.8059,3.8837,3.7921,3.8745,292190
10/25/2013,3.8196,3.8196,3.7372,3.7784,390363
10/28/2013,3.6227,3.6639,3.5814,3.6547,802270
10/29/2013,3.6776,3.7005,3.641,3.7005,162402
10/30/2013,3.5311,3.6272,3.5164,3.6043,584449
10/31/2013,3.6181,3.6318,3.5695,3.6227,252108
11/01/2013,3.5265,3.5265,3.4578,3.4898,799083
11/04/2013,3.5402,3.5906,3.5402,3.5888,329040
11/05/2013,3.4995,3.5132,3.4675,3.5132,250354
11/06/2013,3.5361,3.5452,3.5087,3.5315,162385
11/07/2013,3.5315,3.5315,3.4858,3.4858,82591
11/08/2013,3.4538,3.5132,3.4538,3.4995,153739
11/11/2013,3.5315,3.6137,3.5224,3.5909,266324
11/12/2013,3.5543,3.5726,3.5406,3.5635,153489
11/13/2013,3.5315,3.5818,3.5132,3.5804,183862
11/14/2013,3.4767,3.5178,3.4767,3.5155,198296
11/15/2013,3.5269,3.5772,3.5269,3.5717,138894
11/18/2013,3.6731,3.696,3.6457,3.6457,384634
11/19/2013,3.6457,3.664,3.6409,3.6412,91478
11/20/2013,3.6594,3.6594,3.5635,3.5726,98606
11/21/2013,3.6137,3.6503,3.5955,3.6412,284360
11/22/2013,3.6549,3.7325,3.6549,3.7234,395390
11/25/2013,3.632,3.632,3.5452,3.5763,522061
11/26/2013,3.5635,3.5681,3.5361,3.5406,488050
11/27/2013,3.5863,3.6046,3.5726,3.5982,206841
11/29/2013,3.6594,3.6777,3.6412,3.6457,57981
12/02/2013,3.5726,3.5726,3.5452,3.5452,125215
12/03/2013,3.4766,3.4949,3.4492,3.4904,536530
12/04/2013,3.504,3.5681,3.4994,3.559,318088
12/05/2013,3.4811,3.4811,3.417,3.4445,671893
12/06/2013,3.4218,3.4309,3.3944,3.4218,497492
12/09/2013,3.4263,3.4309,3.3899,3.4013,222645
12/10/2013,3.3945,3.4172,3.3899,3.4036,182217
12/11/2013,3.415,3.417,3.349,3.3535,235340
12/12/2013,3.2989,3.3217,3.2716,3.3171,290207
12/13/2013,3.2871,3.3035,3.258,3.2989,264825
12/16/2013,3.4127,3.4354,3.399,3.4004,171189
12/17/2013,3.4354,3.4582,3.399,3.4218,204068
12/18/2013,3.3877,3.4036,3.3262,3.3899,100655
12/19/2013,3.4218,3.4582,3.4172,3.4536,427220
12/20/2013,3.5037,3.5446,3.4946,3.5037,178630
12/23/2013,3.5992,3.6539,3.5947,3.6493,310452
12/24/2013,3.6266,3.663,3.6266,3.6539,70181
12/26/2013,3.6539,3.7085,3.6539,3.6994,77577
12/27/2013,3.7039,3.7039,3.6448,3.663,183475
12/30/2013,3.7335,3.7449,3.7267,3.7358,318877
12/31/2013,3.7676,3.7767,3.7348,3.7767,381719
01/02/2014,4.2659,4.3455,4.2044,4.3455,2657061
01/03/2014,4.2727,4.2772,4.1908,4.2454,1690718
01/06/2014,4.2499,4.2727,4.2272,4.2681,1172886
01/07/2014,4.1908,4.1908,4.1498,4.1817,1485292
01/08/2014,4.1225,4.1271,4.0725,4.0998,906563
01/09/2014,4.195,4.2314,4.1631,4.2223,639211
01/10/2014,4.1722,4.2223,4.1631,4.2223,309508
01/13/2014,4.2132,4.266,4.2041,4.2087,1164066
01/14/2014,4.259,4.3,4.2361,4.2886,578297
01/15/2014,4.3412,4.3778,4.3183,4.3687,662825
01/16/2014,4.4786,4.5289,4.474,4.5152,902025
01/17/2014,4.5952,4.6431,4.593,4.6067,580241
01/21/2014,4.6477,4.666,4.5952,4.6569,609922
01/22/2014,4.6523,4.6569,4.6157,4.6432,793368
01/23/2014,4.8168,4.826,4.7437,4.8031,800414
01/24/2014,4.6523,4.6523,4.5565,4.5611,846766
01/27/2014,4.6842,4.7344,4.6295,4.6979,667857
01/28/2014,4.6797,4.7526,4.6797,4.749,460242
01/29/2014,4.4537,4.6386,4.4285,4.4856,1537141
01/30/2014,4.6112,4.666,4.5975,4.6226,354812
01/31/2014,4.5199,4.5883,4.4696,4.5564,925483
02/03/2014,4.5062,4.5107,4.3875,4.4012,1011092
02/04/2014,4.5016,4.5153,4.4833,4.5039,392469
02/05/2014,4.4285,4.4605,4.3966,4.4285,215372
02/06/2014,4.4285,4.5655,4.4285,4.5609,227438
02/07/2014,4.5336,4.5792,4.497,4.5769,252255
02/10/2014,4.5199,4.5427,4.5016,4.5208,230507
02/11/2014,4.529,4.5518,4.5107,4.5153,126494
02/12/2014,4.5267,4.5518,4.5107,4.5473,378908
02/13/2014,4.5221,4.5655,4.5153,4.5632,153577
02/14/2014,4.6614,4.7025,4.6614,4.6979,310840
02/18/2014,4.6979,4.7025,4.6568,4.6888,190093
02/19/2014,4.6842,4.6897,4.634,4.634,148939
02/20/2014,4.698,4.8032,4.6797,4.7987,239939
02/21/2014,4.7758,4.8124,4.7575,4.7804,338832
02/24/2014,4.7712,4.7987,4.7392,4.7712,204638
02/25/2014,4.7667,4.7849,4.7301,4.7415,214442
02/26/2014,4.8124,4.8673,4.8124,4.8376,393314
02/27/2014,4.7643,4.8261,4.7437,4.8124,466850
02/28/2014,4.7712,4.8399,4.7712,4.816,656084
03/03/2014,4.7391,4.7483,4.6567,4.7071,724374
03/04/2014,4.8811,4.8948,4.8536,4.8925,529346
03/05/2014,5.0093,5.0917,5.0001,5.078,395417
03/06/2014,5.1695,5.2153,5.1421,5.2062,543196
03/07/2014,5.1421,5.1466,5.0871,5.1054,375999
03/10/2014,5.0963,5.1237,5.0322,5.1233,212628
03/11/2014,5.0137,5.0411,4.9818,4.9955,958955
03/12/2014,4.9178,4.9681,4.8859,4.9407,389053
03/13/2014,5.0868,5.105,4.9133,4.9315,254750
03/14/2014,4.8996,4.9703,4.8767,4.9041,419428
03/17/2014,5.0408,5.1326,5.0408,5.1133,413150
03/18/2014,5.1211,5.128,5.0637,5.0867,223748
03/19/2014,5.0867,5.0867,4.9811,5.0041,489024
03/20/2014,4.9727,5.0365,4.9544,5.0229,188503
03/21/2014,5.0229,5.0913,4.9727,5.0092,103706
03/24/2014,5.032,5.0548,4.9499,4.9864,178076
03/25/2014,4.9774,5.0137,4.9321,5.0046,273620
03/26/2014,5.0341,5.0499,4.9955,5.0064,383932
03/27/2014,5.0069,5.0409,4.991,5.0318,179767
03/28/2014,5.1111,5.1633,5.1043,5.1565,670001
03/31/2014,5.2947,5.3083,5.2766,5.2902,425947
04/01/2014,5.5078,5.5214,5.467,5.5169,389898
04/02/2014,5.3763,5.4035,5.3401,5.3809,597947
04/03/2014,5.3673,5.399,5.3537,5.3854,179525
04/04/2014,5.4126,5.4353,5.3627,5.3627,369186
04/07/2014,5.4579,5.5078,5.4081,5.4353,2695152
04/08/2014,5.399,5.4806,5.3763,5.4715,2381175
04/09/2014,5.6086,5.645,5.5813,5.645,2567447
04/10/2014,5.6131,5.6268,5.4949,5.4994,2524985
04/11/2014,5.4585,5.5745,5.4448,5.4994,2404568
04/14/2014,5.4903,5.5267,5.4312,5.4539,2394748
04/15/2014,5.3493,5.3629,5.181,5.2197,1713211
04/16/2014,5.4221,5.4585,5.3811,5.4403,352671
04/17/2014,5.4949,5.5449,5.4721,5.5358,287630
04/21/2014,5.5221,5.5449,5.5085,5.5449,166476
04/22/2014,5.6495,5.6859,5.6268,5.6632,530559
04/23/2014,5.645,5.6495,5.5858,5.5949,141258
04/24/2014,5.5722,5.604,5.4676,5.4676,341507
04/25/2014,5.4312,5.4448,5.322,5.3493,350043
04/28/2014,5.388,5.4403,5.3175,5.3607,588781
04/29/2014,5.4949,5.5358,5.4767,5.5085,251136
04/30/2014,5.4812,5.5176,5.4585,5.5039,168436
05/01/2014,5.4858,5.5449,5.4858,5.5176,120468
05/02/2014,5.5381,5.5631,5.4949,5.5221,138251
05/05/2014,5.4357,5.4539,5.4084,5.4448,348291
05/06/2014,5.526,5.5352,5.2829,5.2967,441821
05/07/2014,4.9451,4.9542,4.729,4.8102,5881746
05/08/2014,4.833,4.8353,4.7172,4.757,10041402
05/09/2014,4.8192,4.8307,4.7616,4.8122,3465474
05/12/2014,4.7892,4.803,4.7294,4.7754,977471
05/13/2014,4.5837,4.5974,4.5199,4.56,1456041
05/14/2014,4.6384,4.6658,4.6248,4.6494,641987
05/15/2014,4.5085,4.5244,4.4651,4.5153,671723
05/16/2014,4.5199,4.5199,4.4697,4.4742,570057
05/19/2014,4.5518,4.5792,4.5381,4.5655,424677
05/20/2014,4.6293,4.643,4.5837,4.6156,174921
05/21/2014,4.6156,4.643,4.5883,4.6339,348416
05/22/2014,4.5472,4.5746,4.5153,4.5746,757267
05/23/2014,4.6202,4.6384,4.6065,4.6156,177264
05/27/2014,4.814,4.8209,4.7707,4.7935,588568
05/28/2014,4.7981,4.8346,4.7661,4.8118,243425
05/29/2014,4.7616,4.789,4.7388,4.7798,202072
05/30/2014,4.7935,4.8163,4.7661,4.8163,751831
06/02/2014,4.757,4.7707,4.7388,4.7707,345682
06/03/2014,4.757,4.789,4.7433,4.7616,511169
06/04/2014,4.6705,4.7072,4.6568,4.7072,565421
06/05/2014,4.7576,4.8171,4.7301,4.8171,426787
06/06/2014,4.817,4.849,4.8124,4.8467,176676
06/09/2014,4.8787,4.9451,4.8719,4.9359,231626
06/10/2014,4.8859,4.9634,4.8813,4.9315,546278
06/11/2014,4.9041,4.9041,4.8312,4.854,227342
06/12/2014,4.8494,4.8494,4.7856,4.8038,332702
06/13/2014,4.8312,4.8312,4.7628,4.7765,157749
06/16/2014,4.7264,4.7537,4.7172,4.7309,236843
06/17/2014,4.6945,4.7309,4.6945,4.7172,674064
06/18/2014,4.6758,4.7575,4.6622,4.7348,142019
06/19/2014,4.7053,4.7121,4.6849,4.7076,163059
06/20/2014,4.6985,4.703,4.6758,4.6894,161347
06/23/2014,4.6508,4.6622,4.6304,4.6467,148091
06/24/2014,4.7121,4.7393,4.6712,4.703,430016
06/25/2014,4.6213,4.6849,4.6213,4.6712,138760
06/26/2014,4.5759,4.585,4.4851,4.5714,660884
06/27/2014,4.5214,4.5759,4.5214,4.5759,184966
06/30/2014,4.5059,4.5471,4.483,4.5283,647926
07/01/2014,4.6478,4.6936,4.6432,4.6799,455194
07/02/2014,4.7486,4.7531,4.6799,4.7028,326450
07/03/2014,4.8081,4.8356,4.7829,4.8218,261162
07/07/2014,4.7073,4.7119,4.6707,4.6936,431626
07/08/2014,4.6501,4.6524,4.602,4.6158,256736
07/09/2014,4.6959,4.7211,4.6844,4.6982,311905
07/10/2014,4.5768,4.6341,4.5608,4.6203,212429
07/11/2014,4.6249,4.6341,4.5883,4.6341,168363
07/14/2014,4.7119,4.7302,4.6707,4.6844,153438
07/15/2014,4.7394,4.7394,4.6753,4.6936,161367
07/16/2014,4.6935,4.7301,4.6844,4.6935,395859
07/17/2014,4.7917,4.8168,4.7301,4.7415,475751
07/18/2014,4.8214,4.8396,4.794,4.8373,342077
07/21/2014,4.7757,4.7848,4.7438,4.778,224656
07/22/2014,4.6912,4.7438,4.6798,4.7255,503372
07/23/2014,4.7392,4.7392,4.6935,4.7072,180254
07/24/2014,4.7196,4.8215,4.7083,4.749,301810
07/25/2014,4.7626,4.7672,4.74,4.7672,158135
07/28/2014,4.6702,4.7083,4.6312,4.6947,192219
07/29/2014,4.6493,4.6539,4.6086,4.6131,171397
07/30/2014,4.6134,4.6203,4.5336,4.5747,592115
07/31/2014,4.3963,4.419,4.3735,4.3917,870767
08/01/2014,4.3963,4.4099,4.3235,4.3713,564273
08/04/2014,4.3485,4.3508,4.3099,4.3281,413248
08/05/2014,4.1417,4.1735,4.1098,4.1371,679610
08/06/2014,3.9371,3.986,3.8962,3.9234,2804827
08/07/2014,4.092,4.1171,3.9715,3.9965,897670
08/08/2014,4.172,4.1948,4.1445,4.1811,416995
08/11/2014,4.268,4.3,4.2314,4.2818,346604
08/12/2014,4.3549,4.3687,4.3229,4.3595,147458
08/13/2014,4.3504,4.4053,4.3366,4.3961,415785
08/14/2014,4.4922,4.4968,4.4602,4.4785,307713
08/15/2014,4.5151,4.5379,4.4373,4.4647,235579
08/18/2014,4.5516,4.5562,4.5059,4.5334,224952
08/19/2014,4.387,4.4327,4.3824,4.4048,233106
08/20/2014,4.3572,4.371,4.3458,4.3527,194085
08/21/2014,4.419,4.451,4.4144,4.4144,204640
08/22/2014,4.419,4.4419,4.4144,4.4281,203953
08/25/2014,4.4487,4.483,4.4464,4.4647,232639
08/26/2014,4.5082,4.5547,4.5013,4.5173,274796
08/27/2014,4.5518,4.5882,4.5336,4.5564,289671
08/28/2014,4.4857,4.4926,4.4698,4.4834,216614
08/29/2014,4.5267,4.529,4.4506,4.4743,200880
09/02/2014,4.447,4.4561,4.4242,4.4333,518267
09/03/2014,4.5677,4.5746,4.5381,4.545,294446
09/04/2014,4.5336,4.5609,4.5199,4.5245,317439
09/05/2014,4.5336,4.5472,4.5062,4.529,257434
09/08/2014,4.4812,4.4891,4.4242,4.447,156417
09/09/2014,4.5233,4.5381,4.5108,4.5108,222959
09/10/2014,4.5791,4.6247,4.57,4.6156,458701
09/11/2014,4.6429,4.7295,4.6429,4.7158,2876987
09/12/2014,4.6065,4.6657,4.5882,4.6511,279969
09/15/2014,4.5882,4.611,4.5791,4.611,220487
09/16/2014,4.6156,4.7022,4.6087,4.7022,166872
09/17/2014,4.6657,4.7022,4.6475,4.6611,260168
09/18/2014,4.632,4.632,4.5974,4.611,283725
09/19/2014,4.5791,4.5837,4.5108,4.5108,802484
09/22/2014,4.6566,4.6566,4.5791,4.5837,208224
09/23/2014,4.5609,4.57,4.5108,4.5245,177722
09/24/2014,4.5541,4.6065,4.5495,4.6046,122023
09/25/2014,4.709,4.7158,4.6429,4.6611,1366796
09/26/2014,4.6866,4.7118,4.6614,4.7072,160620
09/29/2014,4.6065,4.6363,4.5745,4.6065,227091
09/30/2014,4.4396,4.4464,4.3961,4.4373,458830
10/01/2014,4.3527,4.3915,4.2909,4.3458,402139
10/02/2014,4.4876,4.5013,4.2561,4.3,390536
10/03/2014,4.3092,4.4022,4.2497,4.3595,328411
10/06/2014,4.3641,4.4098,4.2726,4.3069,235726
10/07/2014,4.3023,4.3092,4.1445,4.1651,708623
10/08/2014,4.1857,4.3229,4.1537,4.3229,439247
10/09/2014,4.2474,4.2497,4.1079,4.1125,1098864
10/10/2014,4.1125,4.1674,4.0027,4.0713,892348
10/13/2014,4.1171,4.3687,4.0393,4.0805,11928160
10/14/2014,4.1171,4.1537,4.0622,4.0896,4828312
10/15/2014,4.0759,4.1125,3.9066,4.0027,6087305
10/16/2014,3.9478,4.0713,3.9158,4.0073,1629521
10/17/2014,4.1857,4.2131,4.1399,4.1582,5533206
10/20/2014,4.1536,4.2589,4.1357,4.2497,2394711
10/21/2014,4.2818,4.3366,4.2635,4.3183,3058748
10/22/2014,4.3549,4.3687,4.3,4.3,1733839
10/23/2014,4.3709,4.4693,4.348,4.4029,3605559
10/24/2014,4.3961,4.4053,4.3321,4.3366,3659382
10/27/2014,4.2726,4.3321,4.1811,4.236,7388313
10/28/2014,4.3412,4.483,4.3412,4.4556,4292690
10/29/2014,5.1875,5.2881,4.9039,4.9634,32047504
10/30/2014,4.9451,5,4.8914,4.9588,5919252
10/31/2014,5.0594,5.5352,5.032,5.247,14783350
11/03/2014,5.1587,5.1692,5.0673,5.1221,4942319
11/04/2014,5.0503,5.0823,5.0274,5.032,2964197
11/05/2014,5.0731,5.1509,5.0411,5.0892,2178212
11/06/2014,5.0869,5.1052,5.0091,5.0228,1546633
11/07/2014,4.9908,5.0182,4.9222,5.0045,1527875
11/10/2014,5,5.096,4.9785,5.0549,1915108
11/11/2014,5.1692,5.2653,5.1235,5.2264,5530985
11/12/2014,5.3339,5.4117,5.311,5.3316,4325096
11/13/2014,5.4345,5.6633,5.4208,5.6404,9746485
11/14/2014,5.5763,5.7182,5.5626,5.6678,6281832
11/17/2014,5.6999,5.7456,5.6724,5.7273,3211916
11/18/2014,5.8188,5.8783,5.7831,5.8531,3913149
11/19/2014,5.6633,5.6724,5.5169,5.5855,6575560
11/20/2014,5.5672,5.6312,5.5489,5.5786,2675556
11/21/2014,5.6084,5.645,5.5672,5.5992,3147399
11/24/2014,5.7639,5.7776,5.6953,5.7456,2413867
11/25/2014,5.7776,5.7959,5.7182,5.7822,1348229
11/26/2014,5.709,5.7593,5.6953,5.7525,1787519
11/28/2014,5.7547,5.7547,5.6907,5.7044,1117562
12/01/2014,5.7913,5.8783,5.7822,5.8183,2730921
12/02/2014,5.9789,6.0018,5.9103,5.9789,5811458
12/03/2014,6.1573,6.2076,6.1299,6.1985,3923388
12/04/2014,6.1344,6.139,5.9926,6.0475,5979663
12/05/2014,6.1939,6.2945,6.1665,6.2259,8511802
12/08/2014,6.2259,6.2488,6.0612,6.075,7984520
12/09/2014,6.0384,6.0384,5.757,5.8028,20312997
12/10/2014,5.7456,5.7502,5.215,5.247,94353801
12/11/2014,5.1601,5.2561,5.0686,5.1235,200566470
12/12/2014,5.1463,5.2881,5.1235,5.1967,61736297
12/15/2014,5.3339,5.3522,5.128,5.2241,25658814
12/16/2014,5.2058,5.3064,5.1875,5.247,27544327
12/17/2014,5.2378,5.2561,5.1372,5.2333,19617517
12/18/2014,5.3247,5.3385,5.1852,5.2836,27339875
12/19/2014,5.2789,5.3293,5.2331,5.2881,12284543
12/22/2014,5.2836,5.3522,5.2378,5.3362,9383572
12/23/2014,5.3202,5.4345,5.3019,5.4025,9427784
12/24/2014,5.4254,5.4666,5.3934,5.4437,2688896
12/26/2014,5.4505,5.5169,5.4322,5.4368,4500647
12/29/2014,5.366,5.4528,5.3522,5.3797,5470495
12/30/2014,5.3842,5.4025,5.3293,5.3934,5773038
12/31/2014,5.4208,5.4208,5.2881,5.2904,5312300
01/02/2015,5.3019,5.3568,5.2698,5.3293,7478499
01/05/2015,5.2653,5.279,5.0914,5.1463,10545411
01/06/2015,5.2561,5.3476,5.1692,5.3019,11896395
01/07/2015,5.3202,5.3293,5.2058,5.2973,12291068
01/08/2015,5.3247,5.3934,5.311,5.3476,8887162
01/09/2015,5.446,5.4757,5.3315,5.4231,10213602
01/12/2015,5.4986,5.5672,5.4162,5.5123,13883438
01/13/2015,5.6221,5.6541,5.4574,5.5397,15203677
01/14/2015,5.5123,5.5626,5.43,5.5214,9355909
01/15/2015,5.5489,5.5626,5.3979,5.4071,8273800
01/16/2015,5.4894,5.5855,5.4803,5.5397,13333116
01/20/2015,5.6861,5.6953,5.5397,5.6907,20150693
01/21/2015,5.5855,5.6816,5.5763,5.6541,10401801
01/22/2015,5.7456,5.8462,5.6999,5.8142,7174936
01/23/2015,5.9057,5.9423,5.8691,5.8966,11596226
01/26/2015,6.1527,6.2031,6.0704,6.1939,18877560
01/27/2015,6.049,6.0795,5.9804,6.0444,16547553
01/28/2015,5.9652,6.1527,5.8783,5.9057,19197222
01/29/2015,6.0475,6.1253,6.0018,6.1001,11865961
01/30/2015,6.0475,6.1024,6.0201,6.0475,4981345
02/02/2015,6.0681,6.1939,6.0429,6.171,10943868
02/03/2015,6.3174,6.3815,6.2808,6.3769,14043226
02/04/2015,6.3632,6.5233,6.322,6.386,15797777
02/05/2015,6.4912,6.4912,6.3906,6.4364,9880874
02/06/2015,6.3632,6.3632,6.2076,6.2259,12246774
02/09/2015,6.0521,6.1436,6.0475,6.0841,6543952
02/10/2015,6.2945,6.3494,6.2305,6.322,13127941
02/11/2015,6.3128,6.3906,6.2259,6.3037,8349846
02/12/2015,6.569,6.6559,6.5233,6.6216,14010836
02/13/2015,6.6331,6.6834,6.5919,6.6514,6701839
02/17/2015,6.6102,6.6376,6.5461,6.6056,5407549
02/18/2015,6.6628,6.7474,6.6399,6.7268,7482684
02/19/2015,6.816,6.9578,6.8023,6.9098,17310361
02/20/2015,6.9075,7.109,6.8572,7.091,11077397
02/23/2015,7.113,7.159,7.045,7.113,8607272
02/24/2015,7.095,7.123,7.022,7.091,6433709
02/25/2015,6.9258,6.9761,6.8938,6.9533,10394938
02/26/2015,6.9899,7.109,6.9716,7.077,7455141
02/27/2015,7.058,7.123,7.013,7.049,6330467
03/02/2015,7.214,7.251,7.168,7.241,8775229
03/03/2015,7.123,7.123,6.9441,7.0036,13698667
03/04/2015,6.9716,7.127,6.9121,7.086,10079361
03/05/2015,7.091,7.15,7.054,7.132,6786493
03/06/2015,7.031,7.04,6.9487,6.9625,5892588
03/09/2015,6.9944,7.077,6.9624,7.063,8131888
03/10/2015,6.9487,6.9944,6.8915,6.9075,7046007
03/11/2015,6.9395,7.1,6.9258,7.086,8282977
03/12/2015,7.177,7.264,7.159,7.26,13503130
03/13/2015,7.36,7.589,7.338,7.507,20439026
03/16/2015,7.8,7.813,7.598,7.653,18807809
03/17/2015,7.488,7.607,7.443,7.511,16909255
03/18/2015,7.278,7.456,7.223,7.438,20047547
03/19/2015,7.456,7.466,7.344,7.438,11420083
03/20/2015,7.543,7.553,7.429,7.484,8790981
03/23/2015,7.488,7.511,7.438,7.443,6866696
03/24/2015,7.639,7.649,7.543,7.575,9143821
03/25/2015,7.585,7.607,7.456,7.466,7772691
03/26/2015,7.303,7.466,7.244,7.363,13972955
03/27/2015,7.475,7.543,7.447,7.511,8536372
03/30/2015,7.582,7.607,7.55,7.571,7903432
03/31/2015,7.424,7.47,7.388,7.456,6596820
04/01/2015,7.525,7.525,7.402,7.479,9341435
04/02/2015,7.635,7.676,7.569,7.635,7442435
04/06/2015,7.649,7.69,7.562,7.649,3865792
04/07/2015,7.493,7.58,7.456,7.493,11420130
04/08/2015,7.557,7.617,7.525,7.585,9836003
04/09/2015,7.713,7.74,7.594,7.635,6249016
04/10/2015,7.562,7.58,7.507,7.539,3951240
04/13/2015,7.543,7.603,7.484,7.516,4351318
04/14/2015,7.521,7.548,7.456,7.475,5054801
04/15/2015,7.548,7.571,7.452,7.543,8802235
04/16/2015,7.525,7.539,7.342,7.456,9256044
04/17/2015,7.447,7.452,7.333,7.411,6657639
04/20/2015,7.374,7.42,7.328,7.333,6658278
04/21/2015,7.479,7.502,7.383,7.447,6712561
04/22/2015,7.479,7.488,7.392,7.447,7525601
04/23/2015,7.315,7.388,7.263,7.351,14329832
04/24/2015,7.452,7.452,7.381,7.406,3543157
04/27/2015,7.525,7.653,7.514,7.566,8220372
04/28/2015,7.502,7.511,7.411,7.447,11575965
04/29/2015,7.525,7.566,6.9899,7.036,28032157
04/30/2015,6.9258,6.935,6.6788,6.752,24304516
05/01/2015,6.752,6.8298,6.5873,6.7062,16039482
05/04/2015,6.8526,6.8618,6.7383,6.7657,11153388
05/05/2015,6.8664,6.8892,6.6925,6.7245,12879444
05/06/2015,6.7405,6.7611,6.4934,6.5621,19944757
05/07/2015,6.7062,6.7932,6.688,6.7794,19453078
05/08/2015,6.8572,6.9761,6.8389,6.919,6421239
05/11/2015,6.8343,6.8938,6.816,6.8572,5764434
05/12/2015,6.9213,6.9213,6.7474,6.7703,9200827
05/13/2015,6.9258,6.9716,6.8572,6.8824,7123115
05/14/2015,6.967,7.022,6.9465,7.001,7075553
05/15/2015,7.1,7.123,7.04,7.072,6143952
05/18/2015,7.045,7.15,7.017,7.077,10457403
05/19/2015,7.104,7.15,7.074,7.136,6255640
05/20/2015,7.15,7.237,7.127,7.209,7715435
05/21/2015,7.214,7.273,7.196,7.257,8200110
05/22/2015,7.237,7.306,7.232,7.287,10819054
05/26/2015,7.223,7.223,7.12,7.191,18821136
05/27/2015,7.255,7.356,7.246,7.347,19467332
05/28/2015,7.328,7.392,7.278,7.383,9203581
05/29/2015,7.415,7.434,7.301,7.333,7775745
06/01/2015,7.342,7.452,7.283,7.447,12317827
06/02/2015,7.415,7.42,7.351,7.392,9747763
06/03/2015,7.392,7.488,7.392,7.466,10700768
06/04/2015,7.429,7.534,7.342,7.351,6044299
06/05/2015,7.209,7.264,7.022,7.159,25420721
06/08/2015,7.123,7.15,7.078,7.135,10638800
06/09/2015,7.138,7.15,6.9592,6.998,12096891
06/10/2015,7.102,7.223,7.086,7.189,7638906
06/11/2015,7.287,7.342,7.182,7.255,8272107
06/12/2015,7.187,7.31,7.159,7.28,10539280
06/15/2015,7.1,7.159,7.068,7.1,9794236
06/16/2015,7.109,7.145,7.031,7.095,6320109
06/17/2015,7.045,7.054,6.8755,6.9487,9177647
06/18/2015,6.9487,7.109,6.935,7.054,13992121
06/19/2015,7.026,7.031,6.9167,6.9487,9745915
06/22/2015,7.182,7.251,7.123,7.123,23770625
06/23/2015,7.223,7.241,7.132,7.223,19521117
06/24/2015,7.113,7.159,7.058,7.081,8164872
06/25/2015,7.104,7.104,7.017,7.045,9439330
06/26/2015,7.164,7.191,7.122,7.132,6802866
06/29/2015,6.7977,6.816,6.6422,6.6468,15114379
06/30/2015,6.8503,6.8572,6.6215,6.649,18544099
07/01/2015,6.7474,6.7703,6.6514,6.6925,10510139
07/02/2015,6.6239,6.6331,6.4684,6.537,9170863
07/06/2015,6.3586,6.5278,6.3232,6.4272,11285762
07/07/2015,6.3769,6.4592,6.2031,6.4592,11921866
07/08/2015,6.2579,6.3266,6.0841,6.2259,20116470
07/09/2015,6.4729,6.4821,6.3632,6.37,11123577
07/10/2015,6.6376,6.6651,6.5301,6.6193,10291381
07/13/2015,6.6651,6.7062,6.6056,6.6697,9902148
07/14/2015,6.6056,6.6879,6.5987,6.6445,6165013
07/15/2015,6.7726,6.8298,6.7497,6.7863,6144382
07/16/2015,6.9395,6.9944,6.9304,6.9624,9494028
07/17/2015,6.9899,7.118,6.9533,7.081,11053504
07/20/2015,7.132,7.15,7.045,7.077,6070829
07/21/2015,7.068,7.113,7.058,7.1,4197681
07/22/2015,6.9761,7.123,6.967,7.093,6256931
07/23/2015,7.123,7.182,7.084,7.109,11400571
07/24/2015,7.109,7.109,6.9075,6.9304,10163806
07/27/2015,6.6514,6.7428,6.5242,6.5942,17379382
07/28/2015,6.7634,6.8481,6.7268,6.8275,10187216
07/29/2015,6.6651,6.6925,6.5873,6.6422,12244153
07/30/2015,6.9761,7.159,6.8801,7.129,22008922
07/31/2015,7.2,7.292,7.177,7.232,15699124
08/03/2015,7.365,7.475,7.328,7.388,12542676
08/04/2015,7.424,7.493,7.37,7.411,6462585
08/05/2015,7.434,7.466,7.365,7.404,5616864
08/06/2015,7.434,7.443,7.347,7.424,5378614
08/07/2015,7.385,7.498,7.371,7.485,6991178
08/10/2015,7.47,7.603,7.466,7.58,6065935
08/11/2015,7.461,7.516,7.397,7.484,7600574
08/12/2015,7.148,7.15,6.988,7.033,29110834
08/13/2015,7.145,7.168,7.079,7.159,13889099
08/14/2015,7.143,7.155,7.083,7.134,7965806
08/17/2015,7.022,7.072,7.004,7.072,9090171
08/18/2015,7.013,7.036,6.9716,7.013,3266456
08/19/2015,6.8676,6.9761,6.8356,6.9042,5894887
08/20/2015,6.8298,6.8389,6.6788,6.6834,5267853
08/21/2015,6.8269,6.8755,6.6484,6.6759,13751508
08/24/2015,6.3677,6.6102,5.7456,6.2831,15269735
08/25/2015,6.6239,6.6788,6.4089,6.4226,11294543
08/26/2015,6.6651,6.6697,6.3952,6.6079,12344670
08/27/2015,6.569,6.6834,6.4226,6.5874,11841637
08/28/2015,6.4958,6.5873,6.4638,6.5599,5007366
08/31/2015,6.4546,6.5233,6.3769,6.4661,11552798
09/01/2015,6.2351,6.322,6.1939,6.2396,11992602
09/02/2015,6.3219,6.3403,6.2167,6.3082,5176787
09/03/2015,6.354,6.4364,6.322,6.3449,7150553
09/04/2015,6.1848,6.2534,6.1665,6.2305,9745775
09/08/2015,6.5965,6.6788,6.5644,6.6651,15625683
09/09/2015,6.784,6.7886,6.5713,6.5873,9884037
09/10/2015,6.6239,6.7154,6.601,6.6742,4993138
09/11/2015,6.6605,6.6834,6.6056,6.6605,5348038
09/14/2015,6.5644,6.5919,6.5233,6.5553,3441135
09/15/2015,6.7566,6.7977,6.7085,6.7794,7110167
09/16/2015,6.7474,6.8298,6.7017,6.8115,4487704
09/17/2015,6.8252,7.013,6.816,6.9121,8071950
09/18/2015,6.7062,6.7245,6.601,6.6422,9893961
09/21/2015,6.5347,6.5919,6.402,6.4683,9781946
09/22/2015,6.1665,6.2168,6.0384,6.0978,28682223
09/23/2015,6.2991,6.3449,6.1697,6.2579,23849053
09/24/2015,6.0018,6.0521,5.8279,5.9972,26379772
09/25/2015,6.0155,6.0338,5.8783,5.9377,10798052
09/28/2015,5.741,5.773,5.6152,5.645,11065096
09/29/2015,5.6953,5.7639,5.4894,5.5855,18332728
09/30/2015,5.8783,6.0521,5.8691,6.0429,13749251
10/01/2015,6.1436,6.1985,6.0201,6.1825,13901787
10/02/2015,6.1573,6.4272,6.1253,6.4135,13454021
10/05/2015,6.4043,6.5507,6.4043,6.5004,10071821
10/06/2015,6.5278,6.5782,6.4775,6.5187,10232416
10/07/2015,6.7474,6.8069,6.6422,6.7794,14134231
10/08/2015,6.8801,7.141,6.8664,7.091,15936466
10/09/2015,7.182,7.223,7.123,7.173,10774675
10/12/2015,7.319,7.319,7.168,7.278,14572636
10/13/2015,7.159,7.301,7.136,7.191,13586632
10/14/2015,7.324,7.328,7.196,7.23,14576115
10/15/2015,7.328,7.479,7.294,7.461,13282065
10/16/2015,7.475,7.498,7.374,7.42,14113768
10/19/2015,7.562,7.571,7.461,7.525,15588262
10/20/2015,7.397,7.424,7.237,7.296,21516558
10/21/2015,7.456,7.47,6.9075,6.9533,51257167
10/22/2015,6.9304,7.022,6.903,6.967,23237220
10/23/2015,7.104,7.118,6.99,7.029,13970513
10/26/2015,7.013,7.026,6.9441,7.022,9179601
10/27/2015,7.077,7.081,6.903,7.049,17609665
10/28/2015,7.04,7.04,6.5644,6.7337,25711951
10/29/2015,6.5941,6.6834,6.5758,6.6674,18374640
10/30/2015,6.7428,6.7977,6.688,6.6948,16394537
11/02/2015,6.7703,6.8343,6.72,6.8092,7179945
11/03/2015,6.6879,6.7566,6.6788,6.7017,9122000
11/04/2015,6.5703,6.6056,6.4788,6.5245,11181039
11/05/2015,6.5827,6.5965,6.5004,6.5416,8013277
11/06/2015,6.5416,6.601,6.5095,6.5896,4186657
11/09/2015,6.5644,6.5782,6.4364,6.5004,4611395
11/10/2015,6.4546,6.4775,6.4043,6.4341,8602941
11/11/2015,6.4501,6.4592,6.3449,6.3815,11017708
11/12/2015,6.2579,6.29,6.1905,6.2053,11353768
11/13/2015,6.3037,6.3083,6.171,6.1893,10545536
11/16/2015,6.1207,6.1893,6.0178,6.1848,10183358
11/17/2015,6.1893,6.2488,6.1344,6.1527,6634033
11/18/2015,6.171,6.2213,6.107,6.1436,10735573
11/19/2015,6.3037,6.3357,6.2602,6.3311,7310087
11/20/2015,6.3998,6.4546,6.3517,6.4181,11235707
11/23/2015,6.4331,6.4958,6.3942,6.4239,6231667
11/24/2015,6.3586,6.3952,6.3311,6.3677,4396289
11/25/2015,6.3769,6.4455,6.3586,6.4135,6918296
11/27/2015,6.5233,6.5782,6.4958,6.569,4502291
11/30/2015,6.5873,6.5965,6.4912,6.5141,5801043
12/01/2015,6.5599,6.5599,6.4409,6.5164,12066432
12/02/2015,6.3998,6.4409,6.3266,6.3517,7273151
12/03/2015,6.4729,6.4867,6.3174,6.3357,10007931
12/04/2015,6.3403,6.4272,6.3311,6.4226,7369713
12/07/2015,6.4615,6.4867,6.402,6.4203,8396879
12/08/2015,6.3266,6.386,6.2762,6.3174,7322006
12/09/2015,6.3677,6.4043,6.2831,6.3174,7914411
12/10/2015,6.3083,6.3494,6.2717,6.3083,4996046
12/11/2015,6.2579,6.2945,6.2031,6.2168,4930803
12/14/2015,6.1111,6.1299,5.9327,5.983,13402758
12/15/2015,6.1619,6.2488,6.139,6.1756,8558632
12/16/2015,6.2351,6.2854,6.171,6.2762,6340897
12/17/2015,6.3952,6.4043,6.3083,6.3151,10582667
12/18/2015,6.29,6.3494,6.2534,6.2762,6348467
12/21/2015,6.4226,6.4364,6.3174,6.3906,7098401
12/22/2015,6.3266,6.3357,6.2488,6.2625,7549563
12/23/2015,6.4546,6.5416,6.4272,6.5095,10070395
12/24/2015,6.4958,6.5324,6.4638,6.505,1716709
12/28/2015,6.5919,6.6102,6.5095,6.5416,3805210
12/29/2015,6.5827,6.6148,6.5095,6.5781,3021559
12/30/2015,6.4409,6.505,6.4203,6.4729,4826362
12/31/2015,6.4135,6.4546,6.3952,6.3952,4827151
01/04/2016,6.2028,6.349,6.0984,6.2585,17614733
01/05/2016,6.3142,6.349,6.154,6.3107,10166036
01/06/2016,5.9661,5.9939,5.8686,5.9382,17029323
01/07/2016,5.7433,5.8129,5.6598,5.7433,13105372
01/08/2016,5.7781,5.792,5.5275,5.5554,18375859
01/11/2016,5.625,5.6807,5.5345,5.6459,13823774
01/12/2016,5.7572,5.7851,5.5971,5.7085,10573147
01/13/2016,5.6876,5.7294,5.4092,5.4718,15539191
01/14/2016,5.2838,5.3047,5.1028,5.249,23569789
01/15/2016,4.9984,5.1098,4.9775,5.1028,12294016
01/19/2016,4.9984,5.0541,4.887,4.9567,10045411
01/20/2016,4.8348,4.8662,4.5979,4.793,13269972
01/21/2016,4.901,4.9984,4.8105,4.9497,10232576
01/22/2016,5.1168,5.1725,5.0332,5.075,6846401
01/25/2016,5.0123,5.0193,4.9288,4.9358,7255939
01/26/2016,5.2212,5.3465,5.1551,5.3117,9289217
01/27/2016,5.1201,5.3047,5.1132,5.1828,8104496
01/28/2016,5.0437,5.075,4.8904,4.9392,9209055
01/29/2016,4.7826,4.901,4.7478,4.901,9045336
02/01/2016,4.7617,4.9079,4.7269,4.8801,7724582
02/02/2016,4.9044,4.9218,4.6676,4.6885,11858494
02/03/2016,4.7199,4.7269,4.525,4.6433,9471037
02/04/2016,4.4485,4.6573,4.4345,4.6225,9739767
02/05/2016,4.6782,4.7408,4.5668,4.5877,6257652
02/08/2016,4.2953,4.3023,4.1526,4.2257,11512264
02/09/2016,4.0308,4.2187,4.0238,4.0934,12807838
02/10/2016,4.2883,4.3928,4.2396,4.3092,9451864
02/11/2016,4.1561,4.2466,4.1213,4.1839,8340383
02/12/2016,4.264,4.2814,4.1734,4.257,6628399
02/16/2016,4.3649,4.3997,4.2883,4.3858,5711667
02/17/2016,4.4588,4.5947,4.4449,4.5668,3917385
02/18/2016,4.6295,4.6434,4.4763,4.4763,4466981
02/19/2016,4.4415,4.4415,4.3545,4.4136,3707681
02/22/2016,4.5459,4.5738,4.5146,4.539,4223172
02/23/2016,4.5041,4.5181,4.3858,4.3928,5372067
02/24/2016,4.2466,4.3301,4.1561,4.3231,5225812
02/25/2016,4.3928,4.4554,4.344,4.4554,4723960
02/26/2016,4.6573,4.6782,4.6121,4.6643,6194146
02/29/2016,4.7757,4.8105,4.7339,4.7757,6749413
03/01/2016,4.96,5.1446,4.8903,5.0993,9167365
03/02/2016,5.0472,5.2003,5.0471,5.1933,6526785
03/03/2016,5.2978,5.3813,5.2769,5.35,6967812
03/04/2016,5.3187,5.4092,5.2699,5.3918,7130665
03/07/2016,5.2909,5.3674,5.2793,5.3396,4574283
03/08/2016,5.2769,5.2838,5.082,5.0889,8124709
03/09/2016,5.1028,5.1655,5.0472,5.1411,6049283
03/10/2016,5.1655,5.1864,4.9984,5.0541,7464995
03/11/2016,5.2282,5.3047,5.2282,5.2978,3411206
03/14/2016,5.3639,5.4231,5.329,5.4126,4170913
03/15/2016,5.3012,5.3117,5.2455,5.2803,3322498
03/16/2016,5.3047,5.4927,5.3047,5.444,4900971
03/17/2016,5.4231,5.4857,5.3743,5.4579,2080452
03/18/2016,5.5205,5.6319,5.5205,5.625,7143620
03/21/2016,5.5867,5.611,5.5205,5.5727,4521150
03/22/2016,5.4997,5.5693,5.4718,5.5554,2588670
03/23/2016,5.5554,5.5623,5.3952,5.4161,6717056
03/24/2016,5.2734,5.3047,5.2316,5.2943,5325555
03/28/2016,5.2838,5.3813,5.2699,5.3326,3664410
03/29/2016,5.3187,5.4509,5.2908,5.437,5779699
03/30/2016,5.618,5.7572,5.6076,5.6807,7445213
03/31/2016,5.6702,5.7155,5.6005,5.6075,5084749
04/01/2016,5.4022,5.4022,5.2908,5.3883,6302065
04/04/2016,5.3813,5.4231,5.3395,5.3535,4189165
04/05/2016,5.0402,5.1446,5.0123,5.1168,8740090
04/06/2016,4.9845,5.082,4.9288,5.0541,6970321
04/07/2016,4.9114,4.9358,4.8069,4.8208,8421906
04/08/2016,5.0333,5.075,4.9985,5.0124,5759477
04/11/2016,5.1585,5.2282,5.1237,5.1307,4354902
04/12/2016,5.1028,5.1168,4.9915,5.0959,6097477
04/13/2016,5.2421,5.3256,5.2351,5.3047,5547568
04/14/2016,5.3256,5.3395,5.249,5.2769,8447159
04/15/2016,5.2978,5.3187,5.2039,5.2282,8317668
04/18/2016,5.2908,5.4648,5.2838,5.3952,5984720
04/19/2016,5.5135,5.625,5.5135,5.604,9781483
04/20/2016,5.6807,5.7503,5.6667,5.6911,9159277
04/21/2016,5.813,5.8338,5.6842,5.7051,9535047
04/22/2016,5.5554,5.6389,5.5205,5.5693,13450247
04/25/2016,5.6319,5.7015,5.611,5.6946,8294059
04/26/2016,5.611,5.611,5.4718,5.5902,10486246
04/27/2016,5.6041,5.7085,5.5902,5.6946,8667223
04/28/2016,5.6319,5.8756,5.618,5.7503,10913231
04/29/2016,5.6598,5.6946,5.5762,5.625,11395426
05/02/2016,5.7468,5.7642,5.6632,5.712,8111690
05/03/2016,5.666,5.6737,5.5199,5.5477,13312637
05/04/2016,5.5206,5.5693,5.4371,5.444,9869477
05/05/2016,5.3535,5.3674,5.2838,5.3187,14740963
05/06/2016,5.2908,5.4092,5.2838,5.3709,5010918
05/09/2016,5.3047,5.3256,5.2108,5.2769,7415183
05/10/2016,5.3535,5.444,5.3535,5.437,4666677
05/11/2016,5.2908,5.3743,5.2769,5.2978,4846239
05/12/2016,5.3743,5.4092,5.2664,5.3117,5774701
05/13/2016,5.3465,5.4022,5.2978,5.3256,4880148
05/16/2016,5.2978,5.3326,5.2212,5.2316,9639412
05/17/2016,5.0645,5.1098,4.8764,4.8904,15844090
05/18/2016,4.9253,4.9915,4.8661,4.9113,12027062
05/19/2016,4.9706,4.9984,4.7339,4.7548,16380001
05/20/2016,4.8383,4.9288,4.8383,4.901,6925218
05/23/2016,4.6921,4.7478,4.6155,4.6434,16895189
05/24/2016,4.7896,4.8522,4.7687,4.8209,9792321
05/25/2016,4.9427,4.9775,4.9079,4.9775,8739114
05/26/2016,4.9845,5.0054,4.887,4.9358,6074190
05/27/2016,4.8278,4.8522,4.8,4.8139,6279953
05/31/2016,5.0193,5.0332,4.9497,4.9984,11014640
06/01/2016,4.9218,4.9288,4.8139,4.901,10722300
06/02/2016,4.9288,4.9775,4.9079,4.9636,4142591
06/03/2016,4.8801,4.887,4.7965,4.8662,5798944
06/06/2016,4.8383,4.901,4.8313,4.8801,4903941
06/07/2016,4.9427,5.1028,4.9427,5.075,6984143
06/08/2016,5.1377,5.1655,5.0402,5.0611,4599898
06/09/2016,4.9358,5.0193,4.9218,4.9706,6271262
06/10/2016,4.8383,4.8662,4.7408,4.7826,8562606
06/13/2016,4.5877,4.706,4.5807,4.6224,8041842
06/14/2016,4.5877,4.6295,4.5181,4.5947,11813716
06/15/2016,4.5215,4.6364,4.5075,4.5772,8170117
06/16/2016,4.4206,4.5738,4.3858,4.5668,7623256
06/17/2016,4.6852,4.713,4.6016,4.706,6524841
06/20/2016,4.9149,4.9567,4.894,4.9079,7998831
06/21/2016,4.9497,4.9706,4.887,4.9149,3579787
06/22/2016,4.9358,4.9567,4.8035,4.8105,6528265
06/23/2016,4.9497,5.0123,4.901,5.0054,5532942
06/24/2016,4.4415,4.5598,4.3649,4.3893,18152624
06/27/2016,4.2048,4.2048,4.0725,4.1421,8399326
06/28/2016,4.2187,4.2883,4.1665,4.2187,7167562
06/29/2016,4.1985,4.2187,4.108,4.1846,7218631
06/30/2016,4.2291,4.2953,4.1594,4.2639,8113432
07/01/2016,4.3719,4.4206,4.3092,4.3371,6790259
07/05/2016,4.0934,4.1004,3.9263,3.9542,11066486
07/06/2016,3.8637,3.982,3.7941,3.9611,9004057
07/07/2016,4.0377,4.0725,3.9403,3.982,5664026
07/08/2016,4.1978,4.2814,4.1772,4.2605,12266312
07/11/2016,4.3371,4.4554,4.3371,4.4485,9385962
07/12/2016,4.6712,4.6921,4.6016,4.6225,8496694
07/13/2016,4.5807,4.5947,4.5111,4.5738,4728799
07/14/2016,4.6782,4.713,4.6538,4.6991,8268795
07/15/2016,4.6991,4.706,4.6573,4.6991,4492197
07/18/2016,4.6991,4.8105,4.5598,4.6921,25140252
07/19/2016,4.539,4.6016,4.532,4.5598,8271791
07/20/2016,4.7408,4.7965,4.713,4.7826,12985775
07/21/2016,4.8313,4.901,4.7791,4.8105,7439134
07/22/2016,4.7826,4.8035,4.7443,4.7826,3581261
07/25/2016,4.713,4.8105,4.713,4.7826,6039922
07/26/2016,4.8174,4.887,4.8174,4.8731,8784777
07/27/2016,4.9218,4.9358,4.5947,4.6712,28259399
07/28/2016,4.5947,4.6016,4.4067,4.4345,13518766
07/29/2016,4.4763,4.4972,4.438,4.4659,5536017
08/01/2016,4.4554,4.4624,4.3858,4.4136,3519035
08/02/2016,4.351,4.351,4.1839,4.2396,9945398
08/03/2016,4.5111,4.6364,4.4833,4.6155,13479548
08/04/2016,4.5251,4.5598,4.498,4.5321,5788192
08/05/2016,4.6364,4.706,4.6155,4.6956,3558947
08/08/2016,4.72,4.7339,4.6712,4.706,4576218
08/09/2016,4.7269,4.8035,4.7269,4.7826,5107060
08/10/2016,4.8035,4.8383,4.7896,4.7965,4268092
08/11/2016,4.7826,4.8522,4.7687,4.8105,4174169
08/12/2016,4.8,4.8383,4.7617,4.7965,7583336
08/15/2016,4.8069,4.8592,4.8,4.8453,3713043
08/16/2016,4.7965,4.8383,4.7408,4.7478,6166328
08/17/2016,4.7095,4.7548,4.6642,4.7374,4480085
08/18/2016,4.6852,4.7687,4.6782,4.7478,2894116
08/19/2016,4.5981,4.6712,4.5841,4.6608,7645537
08/22/2016,4.5841,4.6852,4.5702,4.6782,4412109
08/23/2016,4.6921,4.7757,4.6852,4.7582,5372119
08/24/2016,4.7826,4.8383,4.7757,4.7826,4067472
08/25/2016,4.8174,4.8313,4.7757,4.8244,4933255
08/26/2016,4.8174,4.8662,4.7408,4.7896,4239434
08/29/2016,4.713,4.7687,4.7008,4.7617,3878531
08/30/2016,4.7965,4.8592,4.7896,4.8487,4766179
08/31/2016,4.8453,4.887,4.7687,4.7896,7100200
09/01/2016,4.7495,4.8035,4.6799,4.7356,7025011
09/02/2016,4.6295,4.6921,4.5668,4.6747,8327549
09/06/2016,4.713,4.7687,4.6782,4.7478,4321319
09/07/2016,4.7826,4.8453,4.7826,4.8313,4498557
09/08/2016,4.7548,4.7896,4.713,4.7687,4682294
09/09/2016,4.7095,4.7339,4.6398,4.6538,4176792
09/12/2016,4.5459,4.6921,4.539,4.6782,6383992
09/13/2016,4.5877,4.6016,4.525,4.539,4864344
09/14/2016,4.4693,4.5111,4.4415,4.4485,4604957
09/15/2016,4.4415,4.5738,4.4136,4.532,8270358
09/16/2016,4.4206,4.4485,4.3997,4.4136,6485334
09/19/2016,4.539,4.6016,4.525,4.5633,7702730
09/20/2016,4.4902,4.5041,4.3719,4.3928,10006825
09/21/2016,4.4067,4.4624,4.3858,4.4624,7141077
09/22/2016,4.5529,4.5807,4.5181,4.5529,6298525
09/23/2016,4.4693,4.5181,4.4624,4.4763,6215460
09/26/2016,4.3649,4.3788,4.3092,4.3162,7550974
09/27/2016,4.2257,4.2883,4.2118,4.2396,9248978
09/28/2016,4.3162,4.3371,4.2605,4.3371,8639620
09/29/2016,4.3586,4.3928,4.2681,4.2751,9653996
09/30/2016,4.2744,4.4902,4.2744,4.4554,10568248
10/03/2016,4.4345,4.4972,4.4206,4.4972,6742548
10/04/2016,4.4972,4.5111,4.4276,4.4554,7933478
10/05/2016,4.5181,4.6155,4.5042,4.5842,8085685
10/06/2016,4.6016,4.6155,4.5111,4.5424,5437872
10/07/2016,4.539,4.539,4.4833,4.5042,4712332
10/10/2016,4.5738,4.6155,4.5738,4.5738,4741342
10/11/2016,4.6155,4.6295,4.5111,4.5285,6275086
10/12/2016,4.4415,4.4693,4.4136,4.4206,7068273
10/13/2016,4.358,4.3719,4.2744,4.2883,16758532
10/14/2016,4.3788,4.4276,4.3684,4.3893,6592924
10/17/2016,4.3928,4.4206,4.3614,4.3649,4653378
10/18/2016,4.3997,4.3997,4.351,4.3649,5086538
10/19/2016,4.3719,4.4206,4.3649,4.4136,9111630
10/20/2016,4.391,4.4415,4.3702,4.4258,3520118
10/21/2016,4.3928,4.4067,4.3684,4.3858,2147318
10/24/2016,4.4345,4.532,4.4206,4.532,13442047
10/25/2016,4.5738,4.5877,4.4624,4.5459,22305958
10/26/2016,4.6155,4.8453,4.6016,4.8383,25520522
10/27/2016,4.8592,5.082,4.8383,5.0089,22812684
10/28/2016,4.9845,5.068,4.9775,5.0054,16203725
10/31/2016,5.0193,5.1168,5.0193,5.0959,15174384
11/01/2016,5.1794,5.1933,4.9636,5.0402,21217197
11/02/2016,4.8801,4.8801,4.6677,4.72,18578403
11/03/2016,4.8,4.8244,4.7025,4.7234,9757163
11/04/2016,4.72,4.7757,4.6712,4.6921,8637290
11/07/2016,4.887,5.0193,4.8668,5.0123,17118252
11/08/2016,4.8974,4.9497,4.849,4.9392,9606784
11/09/2016,4.7687,4.8313,4.6852,4.8174,16440567
11/10/2016,4.9497,5.3187,4.9497,5.2873,46086790
11/11/2016,5.3395,5.4231,5.2769,5.3256,28868169
11/14/2016,5.2003,5.263,4.7826,4.9114,36934342
11/15/2016,5.1028,5.3535,5.0123,5.2421,16247241
11/16/2016,5.2003,5.2978,5.1725,5.2699,14437659
11/17/2016,5.1898,5.2212,5.0854,5.2038,11871650
11/18/2016,5.1968,5.2282,5.1689,5.1759,10981494
11/21/2016,5.1933,5.2699,5.1864,5.249,9024678
11/22/2016,5.3187,5.3465,5.2351,5.2769,7355308
11/23/2016,5.256,5.3187,5.2456,5.2978,12668920
11/25/2016,5.3709,5.3813,5.3221,5.3639,4703077
11/28/2016,5.4509,5.4788,5.3082,5.3187,14986075
11/29/2016,5.3395,5.3604,5.2073,5.2525,22422110
11/30/2016,5.3326,5.3813,5.3047,5.3326,17467351
12/01/2016,5.3743,5.43,5.2873,5.3813,23793773
12/02/2016,5.3883,5.444,5.2769,5.3082,18075694
12/05/2016,5.5796,5.7015,5.5587,5.6563,24293575
12/06/2016,5.7328,5.7712,5.6911,5.7607,18612920
12/07/2016,5.8477,5.9591,5.8129,5.9034,22949760
12/08/2016,5.9069,5.9243,5.8512,5.893,17491845
12/09/2016,5.8895,5.9174,5.806,5.8547,19023321
12/12/2016,6.0705,6.0775,5.8756,5.8965,23854150
12/13/2016,5.9313,6.0635,5.9313,6.0148,11036137
12/14/2016,6.0183,6.0427,5.9068,5.9242,10019626
12/15/2016,5.9973,6.1192,5.973,6.0809,12462824
12/16/2016,6.1053,6.1819,6.0775,6.1262,16405471
12/19/2016,6.2237,6.2376,6.1402,6.161,9663329
12/20/2016,6.2306,6.3281,6.2097,6.3142,8715956
12/21/2016,6.3176,6.349,6.2967,6.3037,5456605
12/22/2016,6.2863,6.3002,6.1123,6.1401,9217212
12/23/2016,6.2376,6.3142,6.2063,6.2863,6342058
12/27/2016,6.3385,6.3699,6.3266,6.3385,4490967
12/28/2016,6.3072,6.3281,6.255,6.2654,5500924
12/29/2016,6.3141,6.342,6.2654,6.3037,5537552
12/30/2016,6.3907,6.4047,6.3072,6.349,7052200
01/03/2017,6.704,6.711,6.5857,6.6553,12525192
01/04/2017,6.5996,6.7458,6.5926,6.7319,10825723
01/05/2017,6.8432,6.8989,6.791,6.8224,9828157
01/06/2017,7.136,7.344,7.108,7.254,25365319
01/09/2017,7.358,7.428,7.254,7.358,13100854
01/10/2017,7.338,7.56,7.324,7.525,19216628
01/11/2017,7.519,7.734,7.48,7.713,17757396
01/12/2017,7.867,7.881,6.349,6.9337,134233214
01/13/2017,6.7736,6.8432,6.6135,6.7736,45624494
01/17/2017,6.7005,6.7179,6.5891,6.61,15450664
01/18/2017,6.6066,6.8781,6.5926,6.7319,14944629
01/19/2017,6.8781,6.9616,6.8606,6.9233,16927560
01/20/2017,7.024,7.045,6.9407,6.9616,11260832
01/23/2017,7.122,7.163,7.08,7.157,14647081
01/24/2017,7.456,7.651,7.442,7.578,21832677
01/25/2017,7.742,7.762,7.526,7.638,18858922
01/26/2017,7.713,7.748,7.532,7.693,16086853
01/27/2017,7.79,7.797,7.682,7.72,8262577
01/30/2017,7.581,7.595,7.449,7.525,9884316
01/31/2017,7.675,7.686,7.494,7.654,8836393
02/01/2017,7.686,7.713,7.519,7.637,13035792
02/02/2017,7.609,7.651,7.56,7.588,33750507
02/03/2017,7.665,7.693,7.595,7.679,9297030
02/06/2017,7.519,7.581,7.379,7.494,13011517
02/07/2017,7.289,7.31,7.09,7.153,23475889
02/08/2017,7.226,7.414,7.184,7.372,19249413
02/09/2017,7.379,7.595,7.379,7.532,9588643
02/10/2017,7.477,7.567,7.477,7.491,16024475
02/13/2017,7.63,7.672,7.602,7.623,23456978
02/14/2017,7.867,7.999,7.853,7.947,28775060
02/15/2017,7.915,8.096,7.908,8.016,10131658
02/16/2017,8.041,8.082,7.978,8.034,6195681
02/17/2017,7.818,7.922,7.804,7.898,12391958
02/21/2017,7.968,8.02,7.912,7.961,6589302
02/22/2017,7.874,7.964,7.874,7.919,6548879
02/23/2017,7.874,7.887,7.651,7.693,13804744
02/24/2017,7.484,7.539,7.435,7.512,7364384
02/27/2017,7.623,7.727,7.595,7.706,5542530
02/28/2017,7.696,7.713,7.592,7.633,5305910
03/01/2017,7.682,7.769,7.661,7.696,7934079
03/02/2017,7.682,7.72,7.64,7.647,4927355
03/03/2017,7.748,7.839,7.679,7.811,7194777
03/06/2017,7.773,7.776,7.654,7.696,4081000
03/07/2017,7.693,7.7,7.616,7.626,3085433
03/08/2017,7.72,7.727,7.637,7.644,3561217
03/09/2017,7.609,7.637,7.536,7.574,8273058
03/10/2017,7.585,7.623,7.529,7.599,9419500
03/13/2017,7.644,7.762,7.637,7.734,4807530
03/14/2017,7.86,7.867,7.679,7.7,17189441
03/15/2017,7.762,7.943,7.748,7.874,13428902
03/16/2017,8.048,8.062,7.971,8.062,8067960
03/17/2017,8.02,8.048,7.978,7.981,7171773
03/20/2017,7.943,7.95,7.832,7.87,8446661
03/21/2017,7.922,7.929,7.442,7.452,20364547
03/22/2017,7.539,7.644,7.498,7.637,13135361
03/23/2017,7.421,7.525,7.376,7.512,11807849
03/24/2017,7.484,7.567,7.47,7.532,7197844
03/27/2017,7.477,7.602,7.442,7.595,6137979
03/28/2017,7.631,7.79,7.596,7.749,11334647
03/29/2017,7.693,7.748,7.679,7.713,4822406
03/30/2017,7.63,7.693,7.616,7.647,3916566
03/31/2017,7.637,7.658,7.595,7.616,6146128
04/03/2017,7.616,7.616,7.15,7.247,22323451
04/04/2017,7.157,7.268,7.094,7.226,8316470
04/05/2017,7.24,7.261,7.038,7.045,8409690
04/06/2017,7.17,7.205,7.129,7.15,8380852
04/07/2017,7.122,7.143,7.038,7.045,9250681
04/10/2017,7.049,7.101,6.9998,7.035,5694500
04/11/2017,7.15,7.17,7.003,7.087,8733232
04/12/2017,7.048,7.059,6.971,6.9989,5310594
04/13/2017,6.8293,6.8641,6.7249,6.7493,7663360
04/17/2017,6.7667,6.8293,6.7527,6.8154,4755773
04/18/2017,6.7319,6.7876,6.6831,6.7841,7202950
04/19/2017,6.9407,7.0173,6.9337,6.9407,10680630
04/20/2017,7.059,7.191,7.059,7.125,11521907
04/21/2017,7.017,7.045,6.9686,7.024,7516326
04/24/2017,7.303,7.365,7.282,7.351,9886919
04/25/2017,7.386,7.414,7.331,7.338,9141036
04/26/2017,7.811,8.11,7.769,8.107,32655648
04/27/2017,7.922,7.936,7.778,7.842,13113707
04/28/2017,7.894,7.943,7.863,7.922,10058235
05/01/2017,7.929,8.006,7.898,7.947,5651506
05/02/2017,7.727,7.741,7.494,7.602,13965729
05/03/2017,7.56,7.679,7.536,7.672,9851519
05/04/2017,7.8,7.832,7.759,7.807,6132841
05/05/2017,7.832,7.922,7.825,7.922,4994841
05/08/2017,7.713,7.797,7.706,7.79,7093521
05/09/2017,7.703,7.762,7.661,7.668,8337099
05/10/2017,7.734,7.748,7.693,7.7,8506588
05/11/2017,7.553,7.588,7.491,7.564,7063223
05/12/2017,7.623,7.651,7.56,7.56,11624001
05/15/2017,7.759,7.79,7.736,7.762,7872140
05/16/2017,7.818,7.853,7.574,7.609,19107753
05/17/2017,7.665,7.686,7.338,7.376,17526957
05/18/2017,7.101,7.344,7.076,7.292,14222419
05/19/2017,7.491,7.602,7.233,7.303,26175755
05/22/2017,7.456,7.546,7.442,7.491,8150174
05/23/2017,7.581,7.616,7.104,7.177,37435767
05/24/2017,7.372,7.421,7.268,7.355,22966139
05/25/2017,7.376,7.414,7.292,7.372,9569422
05/26/2017,7.365,7.393,7.324,7.344,10679439
05/30/2017,7.205,7.282,7.191,7.254,6653667
05/31/2017,7.4,7.414,7.296,7.355,11707280
06/01/2017,7.431,7.769,7.376,7.762,25914482
06/02/2017,7.755,7.755,7.595,7.693,6297372
06/05/2017,7.619,7.658,7.581,7.612,3524125
06/06/2017,7.47,7.574,7.449,7.546,5427831
06/07/2017,7.644,7.72,7.585,7.616,8392367
06/08/2017,7.442,7.56,7.435,7.56,9531191
06/09/2017,7.553,7.588,7.449,7.491,10700371
06/12/2017,7.546,7.658,7.532,7.658,10888719
06/13/2017,7.776,7.853,7.519,7.658,19998059
06/14/2017,7.679,7.679,7.525,7.574,11169966
06/15/2017,7.407,7.477,7.393,7.428,8890665
06/16/2017,7.376,7.407,7.285,7.39,11164743
06/19/2017,7.379,7.414,7.348,7.372,6146842
06/20/2017,7.358,7.428,7.338,7.358,7205407
06/21/2017,7.4,7.47,7.365,7.456,6139242
06/22/2017,7.563,7.651,7.542,7.591,5823308
06/23/2017,7.567,7.602,7.505,7.546,4799870
06/26/2017,7.56,7.63,7.515,7.553,5388241
06/27/2017,7.494,7.56,7.459,7.47,4255684
06/28/2017,7.484,7.637,7.484,7.626,3030637
06/29/2017,7.477,7.491,7.331,7.428,7236703
06/30/2017,7.379,7.435,7.331,7.394,5803124
07/03/2017,7.654,7.741,7.605,7.71,5603834
07/05/2017,7.71,7.727,7.557,7.63,6466796
07/06/2017,7.658,7.755,7.64,7.686,5952295
07/07/2017,7.72,7.755,7.668,7.734,4581596
07/10/2017,7.713,7.825,7.703,7.797,5437943
07/11/2017,7.943,8.048,7.915,8.041,7532956
07/12/2017,7.943,8.034,7.936,7.985,6574512
07/13/2017,8.051,8.368,8.051,8.305,11862156
07/14/2017,8.263,8.361,8.229,8.347,5445565
07/17/2017,8.298,8.382,8.284,8.343,5318117
07/18/2017,8.277,8.34,8.263,8.333,4051887
07/19/2017,8.263,8.403,8.26,8.389,8084313
07/20/2017,8.403,8.403,8.316,8.326,4094736
07/21/2017,8.117,8.201,8.065,8.187,7347067
07/24/2017,8.096,8.18,8.068,8.18,4480931
07/25/2017,8.222,8.236,8.145,8.159,4359829
07/26/2017,8.166,8.284,8.152,8.281,5199939
07/27/2017,8.305,8.312,8.114,8.229,7822965
07/28/2017,8.236,8.396,8.194,8.312,9025854
07/31/2017,8.312,8.43,8.291,8.417,8565019
08/01/2017,8.472,8.472,8.382,8.413,11835224
08/02/2017,8.347,8.354,8.263,8.343,5134960
08/03/2017,8.37,8.396,8.314,8.318,3692777
08/04/2017,8.364,8.424,8.33,8.399,3312663
08/07/2017,8.389,8.437,8.371,8.424,3325751
08/08/2017,8.368,8.396,8.243,8.27,4951312
08/09/2017,8.18,8.201,8.138,8.19,7904672
08/10/2017,8.159,8.187,8.096,8.103,5092368
08/11/2017,8.093,8.11,8.034,8.079,4318003
08/14/2017,8.618,8.848,8.598,8.772,16907788
08/15/2017,8.772,8.987,8.758,8.827,8304626
08/16/2017,8.911,8.946,8.862,8.897,4873703
08/17/2017,8.806,8.827,8.688,8.692,5394497
08/18/2017,8.709,8.792,8.681,8.747,6722169
08/21/2017,9.134,9.447,9.127,9.356,20763017
08/22/2017,9.28,9.433,9.266,9.377,7221082
08/23/2017,9.781,10.053,9.732,10.039,23398042
08/24/2017,10.456,10.484,10.213,10.303,21869455
08/25/2017,10.284,10.38,10.232,10.332,8904245
08/28/2017,10.31,10.422,10.296,10.38,6447451
08/29/2017,10.199,10.331,10.185,10.303,5511139
08/30/2017,10.275,10.317,10.227,10.303,4502829
08/31/2017,10.498,10.568,10.401,10.529,8587625
09/01/2017,10.797,11.159,10.742,11.048,13312983
09/05/2017,10.951,11.013,10.742,10.811,7580247
09/06/2017,11.431,11.459,11.292,11.41,8535933
09/07/2017,11.32,11.424,11.208,11.407,10198644
09/08/2017,11.375,11.389,11.285,11.354,5361279
09/11/2017,11.278,11.417,11.278,11.368,4322362
09/12/2017,11.414,11.438,11.337,11.386,5718357
09/13/2017,11.417,11.438,11.354,11.389,3479011
09/14/2017,11.514,11.675,11.514,11.626,4072311
09/15/2017,11.612,11.647,11.549,11.598,4949949
09/18/2017,11.723,11.737,11.668,11.699,4503190
09/19/2017,11.765,11.974,11.727,11.89,6440152
09/20/2017,11.953,12.051,11.908,11.96,5474929
09/21/2017,11.995,12.106,11.946,12.085,4502979
09/22/2017,12.44,12.6,12.392,12.489,9239740
09/25/2017,12.367,12.413,12.088,12.199,6731138
09/26/2017,12.043,12.176,12.036,12.151,5805008
09/27/2017,12.232,12.294,12.148,12.245,5761690
09/28/2017,12.218,12.252,12.176,12.242,5070236
09/29/2017,12.447,12.503,12.385,12.468,4947952
10/02/2017,12.402,12.531,12.381,12.5,4180039
10/03/2017,12.503,12.524,12.419,12.503,3815116
10/04/2017,12.444,12.482,12.388,12.451,3888735
10/05/2017,12.357,12.406,12.287,12.322,4403819
10/06/2017,12.211,12.252,12.162,12.245,4631842
10/09/2017,12.378,12.419,12.305,12.35,4910004
10/10/2017,12.426,12.433,12.287,12.399,3707999
10/11/2017,12.447,12.51,12.437,12.503,2412096
10/12/2017,12.371,12.385,12.225,12.252,4123675
10/13/2017,12.371,12.447,12.336,12.35,2454176
10/16/2017,12.371,12.392,12.259,12.308,2820359
10/17/2017,12.176,12.197,12.037,12.064,3245170
10/18/2017,12.169,12.252,12.113,12.186,2952540
10/19/2017,11.751,11.751,11.48,11.494,8847889
10/20/2017,11.629,11.709,11.601,11.643,3133766
10/23/2017,11.532,11.612,11.49,11.511,3975242
10/24/2017,11.897,12.385,11.883,12.141,12440503
10/25/2017,11.974,12.057,11.779,11.894,6564086
10/26/2017,12.03,12.148,12.002,12.016,4161299
10/27/2017,11.988,11.988,11.883,11.939,3052532
10/30/2017,11.981,12.037,11.96,12.009,3402853
10/31/2017,11.991,12.134,11.991,12.082,4199492
11/01/2017,12.28,12.294,12.19,12.238,3266230
11/02/2017,12.315,12.468,12.301,12.433,5656998
11/03/2017,12.74,12.761,12.6,12.642,5596750
11/06/2017,12.6,12.649,12.548,12.628,1851687
11/07/2017,12.573,12.635,12.392,12.447,2511100
11/08/2017,12.183,12.232,12.044,12.176,3792502
11/09/2017,11.939,11.974,11.796,11.911,4732395
11/10/2017,11.901,12.071,11.901,12.026,3900755
11/13/2017,11.89,12.051,11.87,12.051,3492867
11/14/2017,12.19,12.211,12.078,12.183,4506189
11/15/2017,12.023,12.071,11.911,12.009,3115980
11/16/2017,12.225,12.266,12.155,12.225,2529856
11/17/2017,12.176,12.19,12.085,12.085,1676358
11/20/2017,12.144,12.28,12.144,12.207,3157143
11/21/2017,12.392,12.51,12.385,12.468,1983488
11/22/2017,12.371,12.419,12.225,12.259,1823253
11/24/2017,12.28,12.308,12.203,12.252,819683
11/27/2017,12.176,12.183,12.057,12.096,2483351
11/28/2017,12.044,12.064,11.925,12.047,3490765
11/29/2017,12.071,12.071,11.817,11.876,6446416
11/30/2017,11.988,12.057,11.859,11.908,4937374
12/01/2017,11.904,11.932,11.685,11.894,6126908
12/04/2017,12.078,12.134,11.95,11.967,3794672
12/05/2017,11.988,12.12,11.939,11.967,4644642
12/06/2017,11.8,11.856,11.72,11.793,3337561
12/07/2017,11.758,11.946,11.737,11.904,2985602
12/08/2017,12.127,12.273,12.099,12.259,3606531
12/11/2017,12.423,12.496,12.381,12.451,3426114
12/12/2017,12.336,12.419,12.301,12.385,2091367
12/13/2017,12.461,12.503,12.329,12.357,2875609
12/14/2017,12.385,12.454,12.19,12.207,1929240
12/15/2017,12.301,12.329,12.238,12.266,2936641
12/18/2017,12.534,12.698,12.534,12.681,4292590
12/19/2017,12.698,12.747,12.663,12.677,3980535
12/20/2017,12.809,12.837,12.726,12.768,6116886
12/21/2017,12.775,12.858,12.763,12.813,2816793
12/22/2017,12.792,12.858,12.722,12.848,2876582
12/26/2017,12.837,12.921,12.82,12.879,2340465
12/27/2017,12.795,12.844,12.722,12.788,2218770
12/28/2017,12.649,12.781,12.6,12.775,2977934
12/29/2017,12.545,12.58,12.413,12.413,5170550
01/02/2018,12.461,12.83,12.433,12.82,5094167
01/03/2018,12.841,13.443,12.82,13.363,15045469
01/04/2018,14.108,14.452,14.087,14.376,18673318
01/05/2018,14.633,15.232,14.626,15.159,19439926
01/08/2018,14.908,15.155,14.852,15.034,7752365
01/09/2018,15.824,15.845,15.26,15.295,9173940
01/10/2018,15.35,15.552,15.002,15.218,21533253
01/11/2018,15.517,16.318,15.514,16.301,19736740
01/12/2018,16.555,16.569,16.109,16.283,9014037
01/16/2018,16.172,16.283,15.671,15.81,9392675
01/17/2018,15.859,16.144,15.761,16.095,6614806
01/18/2018,16.269,16.422,16.193,16.29,5516374
01/19/2018,16.607,16.673,16.485,16.656,7394647
01/22/2018,16.757,16.889,16.635,16.84,7510758
01/23/2018,16.91,16.91,16.649,16.77,8230970
01/24/2018,16.931,17,16.645,16.816,9020290
01/25/2018,17.334,17.369,16.833,16.945,16434880
01/26/2018,17.063,17.279,17.042,17.272,6899330
01/29/2018,17.119,17.153,17,17.028,7095035
01/30/2018,16.896,16.993,16.77,16.861,6702287
01/31/2018,16.945,17.028,16.722,16.823,4391283
02/01/2018,16.534,16.833,16.436,16.722,5113067
02/02/2018,16.541,16.61,14.397,15.524,11405542
02/05/2018,15.935,15.977,14.647,14.814,15034072
02/06/2018,14.929,16.012,14.838,15.883,15935615
02/07/2018,15.569,16.165,15.563,15.876,9272539
02/08/2018,15.852,15.886,14.953,14.953,8589994
02/09/2018,15.121,15.218,14.257,14.974,15144335
02/12/2018,15.037,15.329,14.967,15.176,5127656
02/13/2018,15.009,15.065,14.856,14.988,5665998
02/14/2018,14.703,15.58,14.696,15.552,7111957
02/15/2018,15.664,15.684,15.298,15.58,3733729
02/16/2018,15.678,15.789,15.49,15.594,5041472
02/20/2018,15.246,15.545,15.239,15.385,4458303
02/21/2018,15.483,15.643,15.309,15.316,3557432
02/22/2018,15.316,15.343,15.065,15.162,4873263
02/23/2018,15.162,15.288,15.03,15.19,4056930
02/26/2018,15.169,15.19,14.933,15.141,3805393
02/27/2018,15.114,15.274,14.912,14.926,6134882
02/28/2018,15.079,15.121,14.748,14.752,4628800
03/01/2018,14.598,14.731,14.125,14.334,9272618
03/02/2018,13.934,13.993,13.732,13.955,9826969
03/05/2018,13.673,14.118,13.652,14.076,6317152
03/06/2018,14.682,14.926,14.668,14.814,7847036
03/07/2018,14.647,14.988,14.612,14.974,6309367
03/08/2018,14.988,15.016,14.72,14.832,3919584
03/09/2018,14.706,14.807,14.654,14.731,4805509
03/12/2018,14.727,14.814,14.678,14.755,3076674
03/13/2018,14.849,14.898,14.675,14.703,3379367
03/14/2018,14.856,14.863,14.543,14.605,3651779
03/15/2018,14.619,14.766,14.564,14.717,3942786
03/16/2018,14.713,14.752,14.63,14.678,4385062
03/19/2018,14.668,14.668,14.327,14.452,6191809
03/20/2018,14.564,14.772,14.564,14.689,3152244
03/21/2018,14.971,15.155,14.943,14.995,6214447
03/22/2018,14.738,14.738,14.257,14.306,8259275
03/23/2018,14.466,14.508,14.056,14.098,7808129
03/26/2018,14.578,14.605,14.181,14.543,5584493
03/27/2018,14.598,14.605,14.048,14.181,5329217
03/28/2018,14.16,14.257,13.836,13.881,11745599
03/29/2018,14.177,14.383,14.122,14.289,7355666
04/02/2018,14.223,14.271,13.634,13.892,4386148
04/03/2018,14.398,15.225,14.37,15.171,13011202
04/04/2018,14.661,15.524,14.647,15.469,11161755
04/05/2018,15.744,15.879,15.597,15.73,6956222
04/06/2018,15.681,15.831,15.336,15.535,5227523
04/09/2018,15.799,15.984,15.698,15.747,4604625
04/10/2018,16.14,16.2,16.022,16.064,8016594
04/11/2018,15.991,16.186,15.886,15.904,4223478
04/12/2018,16.074,16.332,16.074,16.248,5592441
04/13/2018,16.367,16.422,16.168,16.297,4225035
04/16/2018,16.374,16.415,16.248,16.36,4338388
04/17/2018,16.917,16.931,16.736,16.833,4690828
04/18/2018,16.882,16.993,16.736,16.903,3675517
04/19/2018,16.805,16.868,16.516,16.596,5323201
04/20/2018,16.534,16.583,16.321,16.429,5466551
04/23/2018,16.61,16.743,16.506,16.673,4214633
04/24/2018,16.777,16.84,16.478,16.527,6067630
04/25/2018,16.179,16.415,16.06,16.353,7550451
04/26/2018,16.833,16.861,16.318,16.36,9990632
04/27/2018,16.13,16.172,15.636,15.674,12025010
04/30/2018,15.601,15.726,15.152,15.194,8966726
05/01/2018,15.406,15.448,14.988,15.253,6668393
05/02/2018,15.914,15.977,15.719,15.751,11281260
05/03/2018,15.587,15.719,15.413,15.65,5781915
05/04/2018,15.838,16.046,15.785,15.956,5549528
05/07/2018,15.963,15.991,15.865,15.907,2792078
05/08/2018,15.636,15.831,15.629,15.782,3748738
05/09/2018,15.796,15.796,15.462,15.545,4569703
05/10/2018,15.469,15.671,15.441,15.664,3927245
05/11/2018,15.698,15.838,15.643,15.803,2870413
05/14/2018,15.74,15.852,15.695,15.698,3535884
05/15/2018,15.58,15.629,15.462,15.577,2471271
05/16/2018,15.396,15.566,15.347,15.521,6199277
05/17/2018,15.448,15.559,15.396,15.441,3729364
05/18/2018,15.288,15.329,14.933,15.222,5792205
05/21/2018,15.705,15.747,15.51,15.552,3185495
05/22/2018,15.859,15.949,15.733,15.747,5021045
05/23/2018,15.594,15.65,15.465,15.636,4890510
05/24/2018,15.316,15.503,15.11,15.497,5652832
05/25/2018,15.121,15.246,15.03,15.187,5381497
05/29/2018,14.609,15.002,14.511,14.564,9374027
05/30/2018,15.037,15.58,14.967,15.462,8824920
05/31/2018,15.747,16.214,15.643,16.168,14386695
06/01/2018,15.872,15.872,14.856,15.009,18376526
06/04/2018,14.605,14.654,14.417,14.491,10957778
06/05/2018,14.671,14.745,14.539,14.602,4620557
06/06/2018,14.515,14.745,14.48,14.738,4924489
06/07/2018,15.121,15.183,14.8,14.891,8834513
06/08/2018,14.738,14.772,14.598,14.727,4162050
06/11/2018,14.786,14.981,14.779,14.821,3677677
06/12/2018,14.842,14.877,14.679,14.696,4073480
06/13/2018,14.734,14.752,14.525,14.616,7105676
06/14/2018,14.835,14.94,14.689,14.779,3664991
06/15/2018,14.682,14.682,14.452,14.522,6124105
06/18/2018,14.386,14.578,14.365,14.504,5051160
06/19/2018,14.292,14.376,14.153,14.376,4193478
06/20/2018,14.32,14.341,14.167,14.177,5473787
06/21/2018,13.78,13.812,13.307,13.338,13786047
06/22/2018,13.659,13.673,13.213,13.342,6713876
06/25/2018,13.241,13.276,12.994,13.269,6337161
06/26/2018,13.366,13.45,13.199,13.366,4641860
06/27/2018,13.471,13.554,13.189,13.203,4250542
06/28/2018,12.761,12.997,12.74,12.983,4428559
06/29/2018,13.311,13.352,13.15,13.15,6393328
07/02/2018,13.251,13.331,13.143,13.293,3449196
07/03/2018,13.269,13.366,13.126,13.157,1679198
07/05/2018,14.035,14.076,13.826,13.948,6389436
07/06/2018,13.77,13.965,13.645,13.916,4162668
07/09/2018,13.951,14.118,13.944,14.087,4237171
07/10/2018,14.156,14.223,14.01,14.101,4989840
07/11/2018,13.647,13.756,13.438,13.449,4633363
07/12/2018,13.324,13.519,13.283,13.519,3326904
07/13/2018,13.519,13.547,13.429,13.533,1927697
07/16/2018,13.554,13.554,13.429,13.523,1673992
07/17/2018,13.401,13.979,13.394,13.69,6852999
07/18/2018,13.526,13.645,13.422,13.533,5097326
07/19/2018,13.589,13.624,13.473,13.593,2997612
07/20/2018,13.318,13.464,13.251,13.443,4787382
07/23/2018,13.001,13.234,12.98,13.217,7661910
07/24/2018,13.474,13.568,13.387,13.425,4703429
07/25/2018,12.252,12.273,11.32,11.835,58923436
07/26/2018,11.883,11.96,11.57,11.661,14661449
07/27/2018,11.549,11.779,11.514,11.769,6889166
07/30/2018,11.957,12.071,11.901,11.929,6645210
07/31/2018,11.918,11.995,11.786,11.821,5842241
08/01/2018,11.758,11.779,11.445,11.549,7527259
08/02/2018,11.424,12.009,11.358,11.998,14672779
08/03/2018,11.786,11.807,11.689,11.786,7931957
08/06/2018,11.709,11.772,11.626,11.702,4151097
08/07/2018,11.779,11.814,11.647,11.661,2811295
08/08/2018,11.863,11.932,11.737,11.765,4657103
08/09/2018,11.751,11.758,11.567,11.598,3232232
08/10/2018,11.222,11.327,11.17,11.229,8516299
08/13/2018,11.201,11.264,11.083,11.208,6084183
08/14/2018,11.111,11.173,11.076,11.118,4020282
08/15/2018,10.978,10.978,10.749,10.864,4738349
08/16/2018,10.79,10.93,10.784,10.874,4581122
08/17/2018,10.693,11.027,10.672,10.978,4437982
08/20/2018,11.18,11.368,11.146,11.368,5802506
08/21/2018,11.508,11.605,11.466,11.528,7039228
08/22/2018,11.535,11.612,11.375,11.452,9521410
08/23/2018,11.337,11.424,11.295,11.358,7549957
08/24/2018,11.661,11.772,11.615,11.713,15893862
08/27/2018,11.838,12.322,11.824,12.28,17891659
08/28/2018,12.447,12.517,12.179,12.252,7881645
08/29/2018,12.051,12.218,12.023,12.176,3807636
08/30/2018,12.232,12.232,11.974,12.012,6644343
08/31/2018,11.849,11.953,11.756,11.911,10352554
09/04/2018,11.695,12.113,11.661,12.03,13644645
09/05/2018,11.925,11.932,11.776,11.81,4990545
09/06/2018,11.695,11.8,11.598,11.678,3945283
09/07/2018,11.57,11.668,11.501,11.521,3397380
09/10/2018,11.667,11.8,11.667,11.758,4114944
09/11/2018,11.65,11.974,11.602,11.831,7917826
09/12/2018,12.186,12.259,12.082,12.151,6626102
09/13/2018,12.197,12.259,12.124,12.162,2653464
09/14/2018,12.099,12.204,12.078,12.183,5620305
09/17/2018,12.218,12.259,12.141,12.144,2956081
09/18/2018,12.162,12.315,12.106,12.273,4627160
09/19/2018,12.399,12.58,12.399,12.538,6360979
09/20/2018,12.733,12.879,12.698,12.764,6628425
09/21/2018,12.719,12.781,12.635,12.733,5921214
09/24/2018,12.726,12.761,12.614,12.747,3932589
09/25/2018,12.649,12.726,12.51,12.524,4945212
09/26/2018,12.594,12.816,12.569,12.694,3379071
09/27/2018,12.594,12.635,12.461,12.468,2302249
09/28/2018,12.225,12.329,12.176,12.186,3397561
10/01/2018,12.628,12.663,12.426,12.524,4841442
10/02/2018,12.322,12.698,12.322,12.447,5434001
10/03/2018,12.503,12.538,12.287,12.322,3058263
10/04/2018,12.371,12.371,12.134,12.249,3041036
10/05/2018,12.204,12.218,12.03,12.106,4757237
10/08/2018,11.744,11.981,11.723,11.946,4751420
10/09/2018,11.939,12.078,11.709,11.828,8636129
10/10/2018,11.765,11.765,11.201,11.208,12417510
10/11/2018,11.382,11.542,11.205,11.25,5808286
10/12/2018,11.473,11.473,11.093,11.236,4037966
10/15/2018,11.253,11.361,11.24,11.295,3228054
10/16/2018,11.772,11.779,11.619,11.723,5064052
10/17/2018,11.333,11.403,11.038,11.187,6418240
10/18/2018,11.097,11.173,10.77,10.777,6452055
10/19/2018,10.603,10.888,10.575,10.797,6732543
10/22/2018,11.159,11.25,10.958,11.201,11015269
10/23/2018,11.006,11.612,10.944,11.542,8736251
10/24/2018,11.09,11.132,10.603,10.606,14015819
10/25/2018,11.034,11.299,10.995,11.194,9385191
10/26/2018,10.839,11.243,10.829,11.166,8683378
10/29/2018,11.403,11.514,10.944,11.152,10021233
10/30/2018,11.118,11.278,10.669,10.707,17957375
10/31/2018,10.596,10.686,10.422,10.47,17501448
11/01/2018,10.784,10.944,10.686,10.923,11588577
11/02/2018,11.347,11.417,11.146,11.257,6079404
11/05/2018,11.396,11.487,11.285,11.375,6527634
11/06/2018,11.34,11.431,11.292,11.427,3925423
11/07/2018,11.668,11.765,11.591,11.765,6166140
11/08/2018,11.695,11.793,11.521,11.556,3961081
11/09/2018,11.379,11.389,11.198,11.323,3431786
11/12/2018,11.132,11.18,10.971,10.985,5806931
11/13/2018,11.288,11.626,11.274,11.4,6188676
11/14/2018,11.633,11.661,11.372,11.501,4136219
11/15/2018,11.313,11.556,11.194,11.539,3511307
11/16/2018,11.431,11.508,11.375,11.459,3578638
11/19/2018,11.445,11.556,11.396,11.431,4547564
11/20/2018,11.212,11.278,10.912,11.01,7684211
11/21/2018,11.024,11.306,11.017,11.274,4475943
11/23/2018,11.02,11.159,11.006,11.118,2687861
11/26/2018,11.587,11.89,11.553,11.873,9921501
11/27/2018,11.758,11.793,11.577,11.626,8173381
11/28/2018,11.514,11.842,11.382,11.828,4896265
11/29/2018,11.64,11.8,11.598,11.744,3838223
11/30/2018,11.525,11.612,11.469,11.553,5844637
12/03/2018,11.863,12.057,11.814,12.012,11610510
12/04/2018,11.887,11.897,11.462,11.487,8828188
12/06/2018,11.104,11.146,10.902,11.139,9507332
12/07/2018,10.999,11.111,10.658,10.672,7050179
12/10/2018,10.648,10.714,10.498,10.676,5008093
12/11/2018,10.909,10.958,10.686,10.749,6471245
12/12/2018,11.111,11.166,11.02,11.034,3969675
12/13/2018,11.166,11.173,10.884,10.909,5587495
12/14/2018,10.895,11.027,10.728,10.77,5268401
12/17/2018,10.825,10.909,10.665,10.742,4798772
12/18/2018,11.02,11.055,10.763,10.832,4963428
12/19/2018,11.097,11.285,10.79,10.895,5846270
12/20/2018,10.832,10.874,10.623,10.69,5968740
12/21/2018,10.564,10.582,10.251,10.286,6852617
12/24/2018,10.164,10.261,9.892,9.899,4604573
12/26/2018,9.99,10.268,9.788,10.261,5427177
12/27/2018,10.018,10.241,9.819,10.241,7627965
12/28/2018,10.164,10.227,9.993,10.039,7137201
12/31/2018,10.164,10.275,9.802,10.039,5993237
01/02/2019,9.767,10.032,9.753,9.976,7292792
01/03/2019,10.011,10.032,9.788,9.823,4912883
01/04/2019,10.247,10.477,10.192,10.435,8125525
01/07/2019,10.477,10.63,10.408,10.568,4761099
01/08/2019,10.881,10.902,10.644,10.679,4844680
01/09/2019,11.01,11.118,10.926,10.982,5719917
01/10/2019,11.013,11.187,10.937,11.146,7373414
01/11/2019,11.403,11.459,11.302,11.323,8533689
01/14/2019,11.194,11.333,11.18,11.25,3432725
01/15/2019,11.396,11.501,11.344,11.448,7998405
01/16/2019,11.542,11.64,11.494,11.508,7362731
01/17/2019,11.574,11.626,11.48,11.574,4237949
01/18/2019,11.706,11.751,11.65,11.692,12400308
01/22/2019,11.556,11.598,11.417,11.49,6991223
01/23/2019,11.424,11.473,11.236,11.333,3904126
01/24/2019,11.361,11.542,11.313,11.48,2253054
01/25/2019,11.615,11.716,11.601,11.657,3783887
01/28/2019,11.501,11.605,11.427,11.601,1863252
01/29/2019,11.577,11.626,11.525,11.612,2974286
01/30/2019,11.682,11.911,11.605,11.89,6776098
01/31/2019,11.692,12.009,11.678,11.977,7937723
02/01/2019,11.918,12.064,11.876,11.939,4515245
02/04/2019,11.758,11.918,11.73,11.911,3345270
02/05/2019,11.988,12.134,11.974,12.051,6097826
02/06/2019,12.023,12.155,12.023,12.078,7135017
02/07/2019,10.703,10.749,10.564,10.602,27767378
02/08/2019,10.456,10.47,10.115,10.39,12973327
02/11/2019,10.352,10.359,10.087,10.129,7960724
02/12/2019,10.206,10.254,10.129,10.234,5891416
02/13/2019,10.352,10.401,10.213,10.213,6613917
02/14/2019,10.178,10.241,10.122,10.206,5260587
02/15/2019,10.289,10.303,10.192,10.272,6598868
02/19/2019,10.185,10.38,10.171,10.324,4534731
02/20/2019,10.408,10.561,10.401,10.463,4670609
02/21/2019,10.366,10.401,10.254,10.303,3578201
02/22/2019,10.373,10.401,10.227,10.303,6220913
02/25/2019,10.477,10.505,10.39,10.408,4698489
02/26/2019,10.415,10.47,10.247,10.254,7386959
02/27/2019,10.362,10.366,10.251,10.328,11982287
02/28/2019,10.296,10.317,10.227,10.247,6106065
03/01/2019,10.415,10.428,10.213,10.275,5509569
03/04/2019,10.178,10.54,9.972,10.094,9063477
03/05/2019,10.199,10.227,10.129,10.206,5055547
03/06/2019,10.564,10.644,10.495,10.564,10685964
03/07/2019,10.338,10.352,10.178,10.22,6164334
03/08/2019,9.885,10.066,9.858,10.011,7624854
03/11/2019,10.011,10.122,10,10.028,4508976
03/12/2019,10.073,10.122,10.014,10.087,2551181
03/13/2019,10.115,10.136,9.878,9.997,5825230
03/14/2019,9.983,10.004,9.851,9.865,4445361
03/15/2019,9.976,10.004,9.913,9.986,6663772
03/18/2019,10.06,10.122,10.004,10.115,2984801
03/19/2019,10.603,10.623,10.467,10.519,9654936
03/20/2019,10.428,10.435,10.227,10.338,8589067
03/21/2019,10.408,10.449,10.324,10.446,4743911
03/22/2019,10.178,10.784,9.997,10.094,12050556
03/25/2019,10.223,10.345,10.16,10.293,4868428
03/26/2019,10.282,10.359,10.241,10.331,3057704
03/27/2019,10.616,10.644,10.428,10.519,7316697
03/28/2019,10.394,10.463,10.282,10.303,3769758
03/29/2019,10.366,10.408,10.317,10.338,2772217
04/01/2019,10.498,10.63,10.491,10.613,6834520
04/02/2019,10.756,10.825,10.644,10.738,4719868
04/03/2019,10.749,10.804,10.651,10.696,4489221
04/04/2019,10.693,10.742,10.623,10.683,3899442
04/05/2019,10.728,10.777,10.665,10.742,3919685
04/08/2019,10.965,11.027,10.94,10.985,4198077
04/09/2019,10.86,10.895,10.784,10.811,3496688
04/10/2019,10.832,10.951,10.804,10.923,2814145
04/11/2019,10.944,10.971,10.853,10.895,1913777
04/12/2019,11.208,11.313,11.139,11.187,4877569
04/15/2019,11.222,11.278,11.152,11.257,2967361
04/16/2019,11.368,11.466,11.347,11.445,3719376
04/17/2019,11.487,11.619,11.473,11.591,4888692
04/18/2019,11.528,11.57,11.459,11.473,3650027
04/22/2019,11.487,11.521,11.424,11.501,2224346
04/23/2019,11.487,11.495,11.411,11.433,2871891
04/24/2019,11.338,11.349,11.236,11.258,2616064
04/25/2019,11.196,11.211,11.098,11.196,2866361
04/26/2019,11.218,11.32,11.178,11.305,3727145
04/29/2019,11.196,11.342,11.196,11.305,2638876
04/30/2019,11.249,11.313,11.161,11.219,2011043
05/01/2019,11.315,11.327,10.95,11.001,4333150
05/02/2019,11.043,11.131,10.919,10.956,7148272
05/03/2019,11.458,11.677,11.436,11.546,9829122
05/06/2019,11.167,11.436,11.152,11.418,4913397
05/07/2019,11.258,11.262,11.061,11.094,4948378
05/08/2019,11.072,11.152,11.025,11.061,2322254
05/09/2019,10.703,10.81,10.63,10.754,6697756
05/10/2019,10.621,10.752,10.519,10.715,5462191
05/13/2019,10.406,10.54,10.377,10.449,4717061
05/14/2019,10.497,10.621,10.431,10.555,3841118
05/15/2019,10.322,10.788,10.282,10.752,8950767
05/16/2019,10.664,10.861,10.628,10.781,9860425
05/17/2019,10.725,10.927,10.71,10.805,8385246
05/20/2019,10.547,10.699,10.491,10.675,5771685
05/21/2019,10.595,10.651,10.523,10.595,4636748
05/22/2019,10.555,10.587,10.396,10.411,4068335
05/23/2019,10.18,10.228,10.068,10.164,6133900
05/24/2019,10.304,10.324,10.24,10.272,2446258
05/28/2019,11.09,11.17,10.914,11.002,11642994
05/29/2019,10.795,10.867,10.723,10.819,4662829
05/30/2019,10.66,10.747,10.628,10.692,2930387
05/31/2019,10.168,10.276,10.048,10.08,6822239
06/03/2019,10.08,10.308,10.078,10.238,5035530
06/04/2019,10.555,10.683,10.515,10.643,4978283
06/05/2019,10.531,10.683,10.4,10.531,5380930
06/06/2019,10.515,10.667,10.431,10.619,5958176
06/07/2019,10.547,10.651,10.507,10.539,4153344
06/10/2019,10.763,10.819,10.683,10.731,3412481
06/11/2019,10.867,10.922,10.795,10.803,3981193
06/12/2019,10.707,10.707,10.603,10.627,1933864
06/13/2019,10.735,10.755,10.615,10.679,2861403
06/14/2019,10.639,10.643,10.567,10.599,2171290
06/17/2019,10.747,10.795,10.683,10.691,1731394
06/18/2019,10.743,10.843,10.715,10.783,2543428
06/19/2019,10.883,10.986,10.855,10.891,3125662
06/20/2019,11.13,11.178,11.062,11.17,3108584
06/21/2019,11.154,11.21,11.042,11.098,2108511
06/24/2019,11.134,11.218,11.118,11.182,1398902
06/25/2019,11.086,11.098,10.974,10.998,1927014
06/26/2019,10.962,11.066,10.962,11.026,3416341
06/27/2019,11.074,11.138,11.042,11.114,2542781
06/28/2019,11.106,11.162,11.034,11.034,3272035
07/01/2019,11.218,11.258,11.066,11.106,2713111
07/02/2019,11.114,11.178,11.058,11.178,4889255
07/03/2019,11.417,11.473,11.342,11.394,2155371
07/05/2019,11.306,11.37,11.23,11.282,1490988
07/08/2019,11.314,11.33,11.158,11.186,2226599
07/09/2019,11.13,11.154,11.094,11.126,2696872
07/10/2019,11.258,11.266,11.114,11.186,2810166
07/11/2019,11.138,11.17,11.07,11.134,2508627
07/12/2019,11.306,11.354,11.254,11.282,2748664
07/15/2019,11.417,11.441,11.274,11.322,3142670
07/16/2019,10.819,10.954,10.747,10.883,6481536
07/17/2019,10.966,10.978,10.851,10.871,2764771
07/18/2019,10.942,10.97,10.879,10.914,3692143
07/19/2019,10.815,10.859,10.679,10.679,4098118
07/22/2019,10.775,10.787,10.651,10.663,4003844
07/23/2019,11.01,11.074,10.938,11.058,4800191
07/24/2019,11.25,11.29,11.202,11.282,3211802
07/25/2019,11.082,11.098,10.918,10.97,3939075
07/26/2019,10.962,10.978,10.891,10.938,5191786
07/29/2019,10.851,10.97,10.819,10.891,5190424
07/30/2019,10.403,10.451,10.184,10.352,9829241
07/31/2019,10.847,10.875,10.399,10.535,7655403
08/01/2019,10.595,10.699,10.276,10.38,4979293
08/02/2019,10.356,10.459,10.312,10.38,3370495
08/05/2019,10.439,10.451,10.303,10.351,4192089
08/06/2019,10.667,10.683,10.491,10.635,5208646
08/07/2019,10.491,10.595,10.443,10.555,4261672
08/08/2019,10.575,10.627,10.511,10.567,2908969
08/09/2019,10.431,10.459,10.36,10.439,2742412
08/12/2019,10.364,10.427,10.348,10.372,2307330
08/13/2019,10.396,10.619,10.362,10.475,2842862
08/14/2019,10.236,10.26,9.972,10.004,4988070
08/15/2019,10.012,10.02,9.729,9.813,3583636
08/16/2019,9.725,9.9,9.669,9.877,3519890
08/19/2019,10.048,10.06,9.908,9.952,2019699
08/20/2019,9.88,9.956,9.853,9.873,1607962
08/21/2019,10.292,10.3,10.136,10.164,3679996
08/22/2019,10.308,10.332,10.164,10.188,2877868
08/23/2019,10.084,10.18,9.893,9.916,3129222
08/26/2019,10.164,10.188,10.084,10.136,3192701
08/27/2019,10.308,10.324,10.184,10.232,2492716
08/28/2019,10.188,10.372,10.164,10.352,1603497
08/29/2019,10.427,10.459,10.324,10.423,1693259
08/30/2019,10.491,10.507,10.34,10.483,2089662
09/03/2019,10.483,10.547,10.407,10.547,2294740
09/04/2019,10.755,10.843,10.683,10.835,3170602
09/05/2019,11.042,11.13,11.042,11.114,3793728
09/06/2019,11.178,11.194,11.074,11.09,2217566
09/09/2019,11.226,11.258,11.194,11.218,3870960
09/10/2019,11.042,11.138,11.014,11.098,4602527
09/11/2019,10.986,11.026,10.803,10.978,5467405
09/12/2019,10.99,11.242,10.934,11.126,5404417
09/13/2019,11.194,11.234,11.058,11.074,3269737
09/16/2019,11.106,11.13,10.986,10.986,2113657
09/17/2019,10.914,10.986,10.887,10.938,2498459
09/18/2019,10.994,11.01,10.783,10.946,5349420
09/19/2019,10.962,10.986,10.875,10.883,1330755
09/20/2019,10.875,10.883,10.751,10.799,2846793
09/23/2019,10.595,10.747,10.571,10.699,1601717
09/24/2019,10.623,10.643,10.344,10.383,6563004
09/25/2019,10.272,10.388,10.208,10.368,2157054
09/26/2019,10.336,10.411,10.304,10.368,1860612
09/27/2019,10.368,10.388,10.232,10.3,1943458
09/30/2019,10.292,10.364,10.26,10.34,1476473
10/01/2019,10.348,10.388,10.16,10.164,3571221
10/02/2019,10.092,10.108,9.948,9.964,5943167
10/03/2019,9.869,9.964,9.813,9.964,3553063
10/04/2019,9.893,9.94,9.825,9.928,2355150
10/07/2019,9.861,10.004,9.845,9.924,1811389
10/08/2019,9.865,9.877,9.785,9.793,5035495
10/09/2019,9.932,9.964,9.861,9.908,3893423
10/10/2019,10.1,10.3,10.088,10.18,6034869
10/11/2019,10.491,10.531,10.376,10.376,7428238
10/14/2019,10.531,10.563,10.435,10.455,5557878
10/15/2019,10.507,10.699,10.483,10.615,10416448
10/16/2019,10.795,10.811,10.711,10.755,10594137
10/17/2019,10.891,10.899,10.451,10.491,9193328
10/18/2019,10.635,10.643,10.491,10.555,8429554
10/21/2019,10.819,10.843,10.571,10.643,7939699
10/22/2019,10.563,10.667,10.515,10.539,9704138
10/23/2019,10.539,10.563,10.459,10.459,6065419
10/24/2019,10.515,10.539,10.419,10.515,5510647
10/25/2019,10.499,10.531,10.435,10.475,7799670
10/28/2019,10.579,10.603,10.507,10.563,11485390
10/29/2019,10.515,11.489,10.364,11.354,43764207
10/30/2019,11.449,12.2,11.274,11.96,52812810
10/31/2019,12.312,12.511,12.016,12.232,25414870
11/01/2019,12.639,12.647,12.352,12.571,13865289
11/04/2019,12.911,12.935,12.779,12.931,17305181
11/05/2019,12.759,12.839,12.659,12.679,6076224
11/06/2019,12.735,12.807,12.639,12.679,6640425
11/07/2019,12.767,12.863,12.719,12.791,3789059
11/08/2019,12.847,12.95,12.719,12.935,4483500
11/11/2019,12.815,12.927,12.791,12.871,5910383
11/12/2019,12.966,12.974,12.759,12.823,5761393
11/13/2019,12.747,12.807,12.683,12.695,3158131
11/14/2019,12.743,12.815,12.711,12.759,2782419
11/15/2019,12.815,12.847,12.743,12.791,2353447
11/18/2019,12.487,12.535,12.392,12.495,3247133
11/19/2019,12.531,12.567,12.4,12.443,2191361
11/20/2019,12.336,12.408,11.877,11.976,10348616
11/21/2019,12.088,12.104,11.833,11.913,5605822
11/22/2019,11.905,11.952,11.733,11.825,4307348
11/25/2019,11.905,11.952,11.889,11.928,1987676
11/26/2019,11.976,11.984,11.913,11.96,2107875
11/27/2019,11.952,11.984,11.913,11.944,1493586
11/29/2019,11.825,11.857,11.745,11.785,1840080
12/02/2019,11.801,11.833,11.713,11.761,2280135
12/03/2019,11.633,11.785,11.601,11.777,1963871
12/04/2019,11.809,12,11.641,11.673,4442441
12/05/2019,11.705,11.809,11.705,11.805,1945720
12/06/2019,11.777,11.793,11.665,11.685,1797638
12/09/2019,11.593,11.641,11.569,11.593,2017955
12/10/2019,11.548,11.609,11.5,11.508,2099639
12/11/2019,11.481,11.505,11.358,11.441,12311184
12/12/2019,11.569,11.825,11.569,11.737,8821983
12/13/2019,11.924,12.016,11.805,11.853,4839730
12/16/2019,11.968,12.096,11.96,12.06,5426248
12/17/2019,12.116,12.32,12.096,12.244,3849277
12/18/2019,12.12,12.208,12.08,12.136,5959982
12/19/2019,12.104,12.144,12.02,12.092,4726448
12/20/2019,12.096,12.096,11.936,11.936,4730116
12/23/2019,11.972,12.016,11.924,11.964,3754429
12/24/2019,11.936,11.952,11.769,11.809,1126234
12/26/2019,11.817,11.889,11.809,11.857,1438253
12/27/2019,11.932,11.976,11.869,11.885,2320920
12/30/2019,11.869,11.905,11.725,11.741,2006002
12/31/2019,11.697,11.769,11.689,11.729,1756038
01/02/2020,11.96,12.056,11.904,12.04,4100075
01/03/2020,11.689,11.713,11.569,11.569,3179782
01/06/2020,11.441,11.545,11.441,11.529,2062169
01/07/2020,11.549,11.577,11.318,11.334,8943885
01/08/2020,11.394,11.449,11.33,11.378,2441134
01/09/2020,11.481,11.481,11.338,11.386,2203714
01/10/2020,11.453,11.465,11.29,11.294,3910143
01/13/2020,11.346,11.378,11.29,11.37,3104918
01/14/2020,11.306,11.33,11.21,11.234,3270510
01/15/2020,11.106,11.13,11.006,11.018,3604621
01/16/2020,11.042,11.106,11.006,11.09,4296766
01/17/2020,11.074,11.082,10.942,10.978,2355909
01/21/2020,11.014,11.026,10.879,10.898,4803749
01/22/2020,10.859,10.859,10.739,10.755,5288914
01/23/2020,10.663,10.739,10.575,10.723,4553571
01/24/2020,10.771,10.795,10.595,10.659,3996051
01/27/2020,10.396,10.483,10.368,10.435,2878452
01/28/2020,10.539,10.611,10.491,10.607,4088407
01/29/2020,10.619,10.683,10.575,10.579,5020694
01/30/2020,10.523,10.603,10.427,10.579,6521661
01/31/2020,10.443,10.443,10.328,10.403,4286631
02/03/2020,10.403,10.515,10.276,10.284,4315856
02/04/2020,10.691,10.691,10.531,10.551,5337971
02/05/2020,10.795,10.891,10.711,10.891,5004692
02/06/2020,11.122,11.122,10.803,10.922,4278124
02/07/2020,10.603,10.699,10.519,10.527,4186450
02/10/2020,10.471,10.515,10.407,10.487,2463987
02/11/2020,10.523,10.659,10.515,10.635,3491775
02/12/2020,10.859,10.978,10.835,10.907,3233553
02/13/2020,10.747,10.787,10.699,10.723,1791556
02/14/2020,10.699,10.707,10.567,10.595,1614214
02/18/2020,10.531,10.571,10.483,10.515,1930176
02/19/2020,10.555,10.595,10.539,10.547,1617509
02/20/2020,10.595,10.667,10.563,10.619,1986672
02/21/2020,10.531,10.539,10.412,10.459,2375450
02/24/2020,9.787,9.869,9.723,9.739,11454936
02/25/2020,9.845,9.861,9.533,9.545,7378037
02/26/2020,10.268,10.3,9.98,9.98,10363877
02/27/2020,10.02,10.276,9.869,9.869,10524479
02/28/2020,9.749,10.012,9.685,9.924,12817064
03/02/2020,9.709,9.885,9.513,9.853,6809644
03/03/2020,9.893,10.036,9.517,9.581,8408027
03/04/2020,9.749,9.9,9.657,9.885,5610931
03/05/2020,9.677,9.765,9.469,9.509,5112819
03/06/2020,9.453,9.565,9.35,9.453,6541078
03/09/2020,8.619,8.783,8.34,8.415,6921230
03/10/2020,8.671,8.799,8.403,8.791,3849613
03/11/2020,8.543,8.615,8.352,8.463,7629376
03/12/2020,7.944,7.976,6.8665,7.174,10422284
03/13/2020,7.896,8.008,7.401,8.008,5661787
03/16/2020,6.3156,6.7627,6.108,6.2756,6309459
03/17/2020,5.9642,6.1239,5.6768,6.076,4274851
03/18/2020,5.3415,5.557,5.0261,5.5171,5716935
03/19/2020,4.9343,5.1978,4.7906,5.1658,7187239
03/20/2020,5.2856,5.4852,5.0301,5.0461,5641842
03/23/2020,4.9902,5.1498,4.9742,5.062,6692074
03/24/2020,5.4373,5.7966,5.3175,5.5491,6986222
03/25/2020,5.8243,6.1159,5.4488,5.9362,10353419
03/26/2020,5.9227,6.1718,5.8825,6.1558,4359328
03/27/2020,5.7966,5.8525,5.6369,5.6608,4842101
03/30/2020,5.589,5.6688,5.4892,5.5491,4178894
03/31/2020,5.581,5.7966,5.569,5.7247,4163404
04/01/2020,5.5411,5.6209,5.4133,5.4453,2928957
04/02/2020,5.3693,5.4772,5.3254,5.4412,3407363
04/03/2020,5.5171,5.5171,5.3095,5.3574,2280013
04/06/2020,5.557,5.8205,5.5331,5.8046,4414779
04/07/2020,6.2676,6.3156,5.9563,6.068,4173045
04/08/2020,6.1798,6.2836,6.108,6.2676,2722278
04/09/2020,6.5431,6.611,6.4232,6.5191,3435627
04/13/2020,6.6669,6.6669,6.3275,6.4193,1707376
04/14/2020,6.7387,6.7786,6.5311,6.6429,2779973
04/15/2020,6.2836,6.3235,6.1479,6.1798,2596683
04/16/2020,6.2517,6.2597,6.084,6.1399,1883817
04/17/2020,6.4034,6.4673,6.2956,6.4353,3534414
04/20/2020,6.9957,7.074,6.9345,6.9433,1712760
04/21/2020,6.7946,7.0832,6.7334,6.7596,2684908
04/22/2020,6.9083,6.9258,6.7946,6.8296,2167484
04/23/2020,6.9258,7.136,6.8821,6.9433,1902550
04/24/2020,7.083,7.092,6.9083,6.9957,1346929
04/27/2020,7.179,7.337,7.144,7.319,2013056
04/28/2020,7.625,7.643,7.354,7.415,1982758
04/29/2020,7.726,7.826,7.713,7.805,2441422
04/30/2020,7.691,7.809,7.533,7.542,2152144
05/01/2020,7.372,7.442,7.214,7.372,1612594
05/04/2020,7.214,7.363,7.175,7.249,2033893
05/05/2020,7.407,7.424,7.136,7.197,2332390
05/06/2020,7.276,7.302,7.127,7.127,1310927
05/07/2020,7.171,7.223,7.118,7.171,1217746
05/08/2020,7.267,7.424,7.249,7.424,1485747
05/11/2020,7.302,7.302,7.162,7.267,1403571
05/12/2020,7.262,7.276,7.14,7.153,1321385
05/13/2020,7.083,7.153,6.8558,6.9083,2075549
05/14/2020,6.6984,6.8646,6.5672,6.8208,2557297
05/15/2020,6.8383,6.8995,6.7378,6.8208,2179516
05/18/2020,7.276,7.485,7.245,7.398,3080624
05/19/2020,7.162,7.188,6.9695,7.004,5443373
05/20/2020,6.9782,7.074,6.917,6.9826,3681419
05/21/2020,7.122,7.258,7.009,7.035,2948443
05/22/2020,7.171,7.188,6.9957,7.101,2714404
05/26/2020,7.652,7.695,7.516,7.538,4890073
05/27/2020,7.966,7.993,7.748,7.87,4351355
05/28/2020,7.952,8.001,7.838,7.838,3201392
05/29/2020,7.735,7.809,7.595,7.735,3849400
06/01/2020,7.861,8.071,7.835,8.058,2156073
06/02/2020,8.154,8.255,8.084,8.172,3122118
06/03/2020,8.474,8.666,8.465,8.596,3849352
06/04/2020,8.544,8.745,8.5,8.64,3093744
06/05/2020,9.217,9.243,9.077,9.094,5054537
06/08/2020,9.449,9.514,9.186,9.422,5215744
06/09/2020,8.933,9.016,8.871,8.906,2874275
06/10/2020,8.797,8.885,8.465,8.561,7393406
06/11/2020,7.997,8.15,7.647,7.691,7478952
06/12/2020,8.176,8.264,7.962,8.163,5688067
06/15/2020,7.931,8.29,7.905,8.229,4825850
06/16/2020,8.456,8.465,8.133,8.277,3605321
06/17/2020,8.338,8.36,8.154,8.167,2744051
06/18/2020,8.119,8.29,8.111,8.181,2929536
06/19/2020,8.299,8.307,8.098,8.106,2974728
06/22/2020,8.474,8.509,8.373,8.438,4221696
06/23/2020,8.918,9.016,8.839,8.909,6358261
06/24/2020,8.753,8.788,8.439,8.517,5139636
06/25/2020,8.605,8.745,8.509,8.727,5053122
06/26/2020,8.622,8.657,8.395,8.454,3122495
06/29/2020,8.635,8.736,8.55,8.67,2923188
06/30/2020,8.683,8.955,8.64,8.955,6025659
07/01/2020,8.683,8.78,8.583,8.648,5946799
07/02/2020,8.898,8.972,8.696,8.71,3929456
07/06/2020,8.963,9.016,8.819,8.955,4570682
07/07/2020,8.946,8.963,8.784,8.823,2871868
07/08/2020,8.683,8.788,8.653,8.736,3328473
07/09/2020,8.745,8.753,8.5,8.552,3328647
07/10/2020,8.631,8.876,8.622,8.841,2737029
07/13/2020,8.981,9.059,8.762,8.802,3396476
07/14/2020,8.797,9.007,8.788,8.981,2605924
07/15/2020,9.121,9.147,8.972,9.112,4462822
07/16/2020,9.068,9.182,9.059,9.182,3793512
07/17/2020,9.226,9.261,9.121,9.164,2057207
07/20/2020,9.173,9.252,9.143,9.208,1457510
07/21/2020,9.3,9.348,9.169,9.177,2200812
07/22/2020,9.186,9.313,9.169,9.291,2881586
07/23/2020,9.39,9.392,9.198,9.215,2155738
07/24/2020,9.199,9.243,9.147,9.199,2074277
07/27/2020,9.256,9.409,9.239,9.379,2240111
07/28/2020,9.514,9.567,9.466,9.497,2950296
07/29/2020,9.444,9.567,9.396,9.558,2608733
07/30/2020,9.059,9.199,8.985,9.182,3066733
07/31/2020,9.296,9.296,8.802,8.884,3326991
08/03/2020,9.193,9.304,9.141,9.246,3624058
08/04/2020,9.575,9.698,9.523,9.672,3318691
08/05/2020,9.755,9.82,9.711,9.755,2837063
08/06/2020,9.707,9.724,9.61,9.707,2215033
08/07/2020,9.532,9.61,9.489,9.602,1873190
08/10/2020,9.619,9.829,9.619,9.812,2242377
08/11/2020,10.166,10.292,10.069,10.078,2983998
08/12/2020,10.38,10.38,10.161,10.188,2118721
08/13/2020,10.131,10.188,10.043,10.087,1508134
08/14/2020,9.943,10.048,9.925,10.004,1451837
08/17/2020,10.069,10.091,9.999,10.052,1493981
08/18/2020,10.091,10.109,9.951,9.96,1458602
08/19/2020,10.03,10.048,9.873,9.903,1802612
08/20/2020,9.759,9.846,9.75,9.816,1689464
08/21/2020,9.575,9.637,9.549,9.619,1559231
08/24/2020,9.812,9.951,9.794,9.89,1805638
08/25/2020,9.986,9.995,9.742,9.82,2635522
08/26/2020,9.89,9.943,9.838,9.881,6328320
08/27/2020,9.916,9.925,9.693,9.768,2043154
08/28/2020,9.75,9.803,9.715,9.803,1571296
08/31/2020,9.82,9.829,9.624,9.637,1751986
09/01/2020,9.462,9.549,9.392,9.519,1820151
09/02/2020,9.479,9.61,9.47,9.593,2274313
09/03/2020,9.803,9.855,9.475,9.514,3840318
09/04/2020,9.859,9.96,9.627,9.88,3261903
09/08/2020,9.794,9.995,9.75,9.755,3483334
09/09/2020,9.925,9.951,9.864,9.908,3108545
09/10/2020,10.371,10.432,10.104,10.17,3899824
09/11/2020,10.205,10.292,10.152,10.266,2023964
09/14/2020,10.371,10.441,10.301,10.437,2799518
09/15/2020,11.499,11.499,11.202,11.206,5133551
09/16/2020,11.11,11.211,11.035,11.075,2725278
09/17/2020,11.01,11.176,10.992,11.114,2201810
09/18/2020,10.817,10.843,10.66,10.721,2621946
09/21/2020,10.345,10.38,10.111,10.354,3501122
09/22/2020,10.568,10.599,10.402,10.498,3302770
09/23/2020,10.73,10.791,10.45,10.467,2616022
09/24/2020,10.612,10.712,10.507,10.612,3272195
09/25/2020,10.345,10.476,10.31,10.476,2451752
09/28/2020,10.848,10.887,10.773,10.83,1935124
09/29/2020,10.712,10.747,10.59,10.634,1903797
09/30/2020,10.642,10.826,10.629,10.677,1879445
10/01/2020,10.695,10.721,10.556,10.686,2491744
10/02/2020,10.424,10.695,10.415,10.668,2439231
10/05/2020,10.791,10.896,10.752,10.852,1386222
10/06/2020,10.94,11.079,10.769,10.778,3699053
10/07/2020,10.905,11.053,10.896,11.01,1570851
10/08/2020,10.918,11.053,10.918,11.04,1938820
10/09/2020,10.94,10.957,10.817,10.922,1570499
10/12/2020,11.014,11.045,10.926,10.953,1485163
10/13/2020,10.773,10.773,10.651,10.703,1803375
10/14/2020,10.896,10.931,10.8,10.808,1540684
10/15/2020,10.467,10.765,10.434,10.756,2406891
10/16/2020,11.001,11.149,10.948,11.01,2074959
10/19/2020,11.045,11.158,10.905,10.94,2828980
10/20/2020,11.106,11.211,11.062,11.079,1788597
10/21/2020,11.193,11.237,11.079,11.123,1725213
10/22/2020,11.272,11.421,11.254,11.386,2096106
10/23/2020,11.517,11.534,11.39,11.517,2364504
10/26/2020,11.77,11.779,11.469,11.595,4190194
10/27/2020,11.407,11.456,11.228,11.294,2471600
10/28/2020,10.983,11.062,10.73,10.747,3746838
10/29/2020,10.712,10.957,10.677,10.852,2748405
10/30/2020,10.769,10.791,10.594,10.752,2957059
11/02/2020,11.01,11.097,10.922,11.045,3012217
11/03/2020,11.211,11.403,11.184,11.337,3732612
11/04/2020,11.412,11.456,11.298,11.307,2772086
11/05/2020,11.757,11.893,11.678,11.827,3584133
11/06/2020,11.77,11.814,11.63,11.665,2078810
11/09/2020,12.544,12.557,12.19,12.203,4611579
11/10/2020,12.448,12.689,12.395,12.584,3183181
11/11/2020,12.706,12.715,12.566,12.645,2271994
11/12/2020,12.415,12.479,12.266,12.345,1596023
11/13/2020,12.619,12.741,12.61,12.741,1828278
11/16/2020,12.999,13.108,12.92,13.025,2570935
11/17/2020,13.152,13.239,13.073,13.187,3065041
11/18/2020,13.121,13.213,13.008,13.008,1994997
11/19/2020,13.327,13.511,13.292,13.497,2613754
11/20/2020,13.363,13.414,13.33,13.381,1544197
11/23/2020,13.371,13.449,13.279,13.336,2365780
11/24/2020,13.458,13.738,13.41,13.699,5880138
11/25/2020,13.642,13.817,13.572,13.799,1779136
11/27/2020,13.83,13.895,13.782,13.856,1179812
11/30/2020,13.904,13.904,13.554,13.554,2839659
12/01/2020,13.843,14.026,13.795,13.991,1974214
12/02/2020,13.808,14.026,13.79,13.965,1609765
12/03/2020,14.092,14.131,13.908,13.93,2319352
12/04/2020,14.376,14.42,14.315,14.333,3374098
12/07/2020,14.271,14.298,14.201,14.245,2665619
12/08/2020,14.21,14.298,14.131,14.149,1996120
12/09/2020,14.647,14.691,14.42,14.481,3876559
12/10/2020,14.49,14.691,14.464,14.621,6336152
12/11/2020,14.516,14.551,14.367,14.538,2450577
12/14/2020,14.835,14.866,14.66,14.669,2785784
12/15/2020,14.91,15.128,14.883,15.085,2130786
12/16/2020,15.207,15.373,15.189,15.347,2112693
12/17/2020,15.452,15.522,15.399,15.461,1708543
12/18/2020,15.574,15.574,15.461,15.531,2353934
12/21/2020,15.067,15.373,15.041,15.338,2421069
12/22/2020,15.574,15.592,15.469,15.566,1388066
12/23/2020,15.703,15.732,15.58,15.58,1459462
12/24/2020,15.536,15.574,15.371,15.448,731491
12/28/2020,15.845,15.924,15.714,15.74,1800432
12/29/2020,15.837,15.854,15.631,15.723,1838423
12/30/2020,15.802,17.052,15.723,15.845,10116184
12/31/2020,15.749,15.863,15.732,15.823,2806603
