06/18/2015,30.329,31.83,29.43,29.75,50597403
06/19/2015,31.16,33.95,30.33,32.94,24673734
06/22/2015,35.65,40.45,35,37.0599,32059957
06/23/2015,39.84,40.38,37.1,37.8,20181406
06/24/2015,36.52,36.75,35.25,35.92,13170897
06/25/2015,37.52,37.55,36.11,36.55,7580029
06/26/2015,36.9,36.9299,33.65,34.69,7000161
06/29/2015,33.1,34.4,32.5,33.21,5357521
06/30/2015,35.05,38.18,34.5,38.18,12199199
07/01/2015,39.34,42.3286,38.43,42.3256,26441977
07/02/2015,41.82,44.38,41.49,42.3883,17172010
07/06/2015,41.605,43.476,40.19,40.19,8898605
07/07/2015,42.466,43.087,39.1,42.04,20319448
07/08/2015,41.37,42.93,40.61,41.65,10220810
07/09/2015,43.23,44,42.2,42.25,10178471
07/10/2015,43.26,43.6,41.88,42.1699,6938357
07/13/2015,43.29,44.59,42.75,43.492,14445491
07/14/2015,44.7,46.01,43.7648,46,14057659
07/15/2015,46.87,48.978,45.26,47.1963,17565321
07/16/2015,47.905,48.06,46.063,47.72,9007619
07/17/2015,47.28,47.44,46.2892,47.13,6476603
07/20/2015,45.9,47.2,43.07,44.452,12600996
07/21/2015,43.95,47.03,43.51,46.9353,7121412
07/22/2015,46.1,47.43,45.02,45.5,4960775
07/23/2015,46.71,47.25,45.83,46.22,4516290
07/24/2015,46.7,46.7,45.18,45.6462,3182091
07/27/2015,45,45.23,41.7,43.9299,6792374
07/28/2015,44.31,45.82,43.4,45.46,3607321
07/29/2015,45.4,45.65,43.78,44.2,2502709
07/30/2015,44.29,45.42,42.64,45.16,2869386
07/31/2015,44.94,47.78,44.3925,47.6582,5418657
08/03/2015,49.14,50.99,48.05,49.03,14775849
08/04/2015,50,50.6324,48.25,49.6899,7028452
08/05/2015,50.35,51.9,49.47,51.69,19023755
08/06/2015,46.64,47.9,43.56,44.64,21214240
08/07/2015,45.08,45.51,41.5,42.5506,8809032
08/10/2015,43.19,44.3846,42.495,43.17,5455485
08/11/2015,42.9,44.1,42.25,42.87,3105433
08/12/2015,41.76,42.41,39.2,41.15,7065643
08/13/2015,42.25,42.99,41.51,42.25,3228580
08/14/2015,43.09,44.98,42.82,44.5,5112106
08/17/2015,44.64,45.25,43.71,44.8,2950913
08/18/2015,44.9402,45.2831,43.0336,43.77,3091111
08/19/2015,43.1751,43.77,42.8347,43.05,1850162
08/20/2015,41.88,42.5,41,41.31,3491875
08/21/2015,38.52,40.3685,37.6607,38.68,6541638
08/24/2015,32.58,40.15,30.782,37.36,7690100
08/25/2015,40.21,40.21,36.6444,36.6444,3073934
08/26/2015,38.23,38.5705,36.316,38.3301,2700131
08/27/2015,39.79,40,33.54,34.99,8187706
08/28/2015,34.32,35,33.26,33.78,4068760
08/31/2015,34.24,35.5,33.75,34.5516,4427930
09/01/2015,33.41,34.414,32.7098,32.89,2566264
09/02/2015,33.41,33.6,32.6801,33.58,1632363
09/03/2015,33.6,34.25,32.5216,32.91,1953703
09/04/2015,32.25,32.7,31.25,31.82,1711792
09/08/2015,34.73,35.89,34.1,35.4601,6431453
09/09/2015,36.69,37.39,35.31,35.91,4353657
09/10/2015,35.56,35.99,33.8,34.23,2915729
09/11/2015,33.8,34,31.28,32.39,4627015
09/14/2015,33.13,33.2,31.71,31.9099,2094033
09/15/2015,33.25,33.99,32.41,33.1102,5048611
09/16/2015,34.61,38.45,33.85,37.1,9766930
09/17/2015,36.46,40.899,36.1,39.9,17707937
09/18/2015,39.25,42.04,38.6,40.6499,13251793
09/21/2015,41.75,41.92,37.75,37.98,7872170
09/22/2015,36.99,39.89,36.73,39.54,5078608
09/23/2015,39.93,40.3669,38.6503,39.1,2903631
09/24/2015,38.26,38.9046,36.9569,38.83,2613078
09/25/2015,39.7,40.24,37.3,37.59,3044391
09/28/2015,36.92,37.1599,35.2601,36.02,2633483
09/29/2015,36.04,36.27,34.26,35.22,2497183
09/30/2015,35.65,37.71,34.767,37.63,4599494
10/01/2015,37.24,38.53,36.31,38.05,2358466
10/02/2015,37.22,38.4722,37.0697,37.23,1964061
10/05/2015,37.85,38.97,37.32,38.15,3042559
10/06/2015,38.01,38.1,35.83,36.4,2521203
10/07/2015,36.7,36.88,33.66,35.15,3261932
10/08/2015,34.87,35.8474,33.5023,34.59,2536359
10/09/2015,35.1,36.1,34.6501,35.4399,1681486
10/12/2015,36.045,36.5053,35.7748,36.08,1127561
10/13/2015,36.32,37.8799,34.76,36.1,2949511
10/14/2015,36.25,36.3127,34.95,35.63,1121342
10/15/2015,35.495,37.1,35.4352,37.1,1260828
10/16/2015,37.26,37.6,36.5301,36.93,1068657
10/19/2015,36.75,38.98,36.5501,37.36,2471034
10/20/2015,39.21,41.11,38.1,38.5,6246836
10/21/2015,39.19,39.5,35.42,36.84,2864375
10/22/2015,37.56,38.06,35.82,37.14,1931952
10/23/2015,37.82,38.6,37.5,38.4599,1861120
10/26/2015,38.18,38.78,37.25,37.36,1562008
10/27/2015,37.25,37.9,36.89,37.64,933251
10/28/2015,38.3,39.41,37.82,39.12,2042894
10/29/2015,38.21,38.7,37,37.51,3210857
10/30/2015,38.4,40.78,37.66,40.49,5273929
11/02/2015,41.58,41.97,39.93,40.7999,11589928
11/03/2015,38,39.13,37.17,37.2799,13424659
11/04/2015,37.98,38.44,37.5,37.83,4484647
11/05/2015,37.55,37.74,36.6,36.84,2836517
11/06/2015,36.8452,37.9348,36.0057,37.9348,3399265
11/09/2015,37.8,38.15,36.6,37.53,2121198
11/10/2015,37.08,38.14,35.56,35.87,4040088
11/11/2015,36.04,36.34,34.21,34.26,2465036
11/12/2015,33.73,34,31.5,31.68,6613060
11/13/2015,29.02,29.4,26.8,27.86,27518964
11/16/2015,28,28.85,27.55,28.8,6135456
11/17/2015,29.41,30.02,28.26,28.71,9334262
11/18/2015,28.82,28.9,27.5,28.674,5559233
11/19/2015,29.14,29.4,28.71,29,4656884
11/20/2015,29.23,29.25,27.57,27.592,6618376
11/23/2015,27.89,27.98,26.462,27.03,7216227
11/24/2015,26.82,27.48,26.61,26.8519,3538504
11/25/2015,26.96,28.56,26.66,27.9999,4584170
11/27/2015,28.26,28.55,27.63,27.77,1959883
11/30/2015,29.03,29.22,28.45,28.68,6437517
12/01/2015,29.24,29.901,27.9779,29.17,6760692
12/02/2015,29.3,29.81,28.57,29.38,4051622
12/03/2015,29.98,30.84,29.45,30.142,6443596
12/04/2015,30.5191,33.37,30.349,33.35,8790036
12/07/2015,33.99,34.68,32.61,34.1,8770655
12/08/2015,33.19,33.99,32.28,32.33,4717428
12/09/2015,32.4,33.35,30.77,31.23,4274510
12/10/2015,31.31,31.85,30.6,30.78,3255223
12/11/2015,30.69,30.88,29.23,29.5,4076744
12/14/2015,29.23,29.75,27.67,29.14,3350729
12/15/2015,29.05,30.79,28.24,29.86,6156591
12/16/2015,30.3,30.54,29.05,29.46,3675812
12/17/2015,29.7,29.75,27.64,27.8,5191261
12/18/2015,28.13,28.21,27.07,27.76,4110012
12/21/2015,29.09,29.45,28.02,29.07,6692951
12/22/2015,29.1,29.2,28.26,28.6,3303565
12/23/2015,28.92,28.92,28.26,28.62,3403445
12/24/2015,28.38,29.2,28.36,28.8,1472178
12/28/2015,30.22,30.65,29.56,29.82,7613207
12/29/2015,30.5,30.75,29.1,29.27,5669634
12/30/2015,29,29.74,28.74,29.61,3249928
12/31/2015,29.09,30,29,29.5,3490879
01/04/2016,28.65,29.99,28.12,29.73,4244968
01/05/2016,30.21,30.96,24.03,24.27,29699138
01/06/2016,23.73,24.18,22.64,22.9101,13135576
01/07/2016,22.16,23.28,20.25,21.5,16327561
01/08/2016,22.2,22.59,21.3601,21.54,6189127
01/11/2016,21.43,21.62,18.35,18.85,13516978
01/12/2016,19.36,19.75,18.9,19.62,5006968
01/13/2016,19.65,20.48,19.17,19.83,5477902
01/14/2016,19.2,19.4168,17.77,18.86,6865402
01/15/2016,17.57,18.34,17.3,17.96,5104073
01/19/2016,18.32,18.79,17.25,17.6499,4213071
01/20/2016,16.85,18.28,15.5242,17.76,7165532
01/21/2016,18.58,18.62,17.2972,18.17,5524428
01/22/2016,18.5,19.345,18.21,18.8,3245596
01/25/2016,18.58,18.7244,17.15,17.26,3769102
01/26/2016,17.35,17.6694,16.67,16.75,4101086
01/27/2016,17.29,17.29,16.01,16.05,5071473
01/28/2016,16.26,16.645,15.6,15.64,3651579
01/29/2016,15.85,16.68,15.71,16.6,4213005
02/01/2016,16.5,17.05,16.02,16.69,4073007
02/02/2016,16.92,17.04,16,16.08,3656497
02/03/2016,16.45,16.573,15.6,16.06,4236163
02/04/2016,16.03,17.25,15.98,16.93,5411840
02/05/2016,16.95,16.965,15.68,15.71,5881095
02/08/2016,15.42,15.42,14.16,14.38,5522466
02/09/2016,14.03,15.58,13.99,14.29,6663004
02/10/2016,14.82,15.88,14.31,14.6787,6030487
02/11/2016,14,14.184,12.9,13.78,13454581
02/12/2016,14.18,14.49,13.8,13.95,4477835
02/16/2016,14.39,15.09,13.81,14.9,4895089
02/17/2016,15.2,16.44,14.8,15.8501,7275907
02/18/2016,16.15,16.35,15.6101,15.98,4895525
02/19/2016,15.8,15.96,15.55,15.5701,5578040
02/22/2016,15.95,16.75,15.6,16.49,21545981
02/23/2016,14.03,14.3,12.97,13.08,39735389
02/24/2016,12.74,12.74,11.91,12.32,16177250
02/25/2016,12.17,12.77,12.05,12.25,12651949
02/26/2016,12.41,12.55,12.14,12.1599,6863517
02/29/2016,12.38,12.38,12,12.23,9714772
03/01/2016,12.35,12.48,12.0999,12.43,8796927
03/02/2016,12.47,13.05,12.36,12.86,9877823
03/03/2016,12.82,12.85,12.26,12.475,11066117
03/04/2016,12.53,13.18,12.47,12.835,11559887
03/07/2016,12.86,13.3,12.77,13.0201,7063343
03/08/2016,13.19,13.85,12.95,13.04,17535176
03/09/2016,13.17,13.27,12.515,13.245,11775746
03/10/2016,13.35,13.79,13.23,13.52,8730844
03/11/2016,13.65,14.61,13.57,14.509,13841166
03/14/2016,14.49,14.8,14.27,14.42,6411430
03/15/2016,14.43,14.45,13.57,13.92,7165343
03/16/2016,14.17,14.49,13.94,14.291,5352434
03/17/2016,14.23,14.79,14.11,14.44,5580633
03/18/2016,14.4,14.6181,14.13,14.39,6418745
03/21/2016,14.33,14.9,14.25,14.895,6246647
03/22/2016,14.8,15.91,14.78,15.26,11603294
03/23/2016,15.28,15.58,14.54,14.55,7454868
03/24/2016,14.37,14.63,14.14,14.56,5170642
03/28/2016,14.53,14.5485,13.36,13.56,9929445
03/29/2016,13.48,14.12,13.31,14,6070279
03/30/2016,14,14,12.93,13.3964,15990220
03/31/2016,14.06,15.23,13.82,15.13,20785227
04/01/2016,14.9,15.72,14.71,14.935,14224427
04/04/2016,15,15.75,14.75,15.5,9857306
04/05/2016,15.3,15.57,15.03,15.11,6328510
04/06/2016,15.26,15.68,15.2,15.46,5059376
04/07/2016,15.36,15.72,14.81,14.85,6660794
04/08/2016,15.11,15.22,14.4,14.5,7136420
04/11/2016,14.85,15.52,14.77,14.85,8638578
04/12/2016,14.93,15.36,14.89,15.16,4830319
04/13/2016,15.9,17.188,15.75,16.99,21485484
04/14/2016,17,17.09,16.27,16.34,11123500
04/15/2016,16.37,17.45,16.37,17.19,11893503
04/18/2016,17,17.5,16.97,17.0265,8986772
04/19/2016,17.23,17.5,16.81,17.3284,7380644
04/20/2016,17.42,18.19,17.34,17.68,10261427
04/21/2016,17.99,18.28,17.1107,17.445,7450893
04/22/2016,17.35,17.65,17.21,17.55,4408860
04/25/2016,17.51,17.78,16.95,17.395,10322679
04/26/2016,17.41,17.5,17.16,17.3899,4315323
04/27/2016,17.25,17.95,17.13,17.87,8043716
04/28/2016,18.5,18.85,17.92,18.1,8664896
04/29/2016,18.19,18.28,17.75,18.25,7591744
05/02/2016,18.39,18.39,17.72,18.32,6573488
05/03/2016,17.945,18,16.95,17.1778,15492366
05/04/2016,17.02,17.48,16.44,17.0399,15582917
05/05/2016,14.86,15.2,13.87,13.8738,30829604
05/06/2016,13.83,13.95,12.96,13.615,18301133
05/09/2016,13.77,14.12,13.6,13.86,8270471
05/10/2016,13.93,14.01,13.44,14.01,8263563
05/11/2016,13.88,14.39,13.7,13.91,7066188
05/12/2016,14.02,14.09,13.34,13.515,6134976
05/13/2016,13.53,13.97,13.45,13.76,5127054
05/16/2016,13.54,14.09,13.54,14.06,4703566
05/17/2016,14.05,14.39,13.98,14.17,4878667
05/18/2016,14.25,14.43,14.04,14.12,4494768
05/19/2016,13.74,14.09,13.51,13.99,7787439
05/20/2016,14,14.6,14,14.5905,6345281
05/23/2016,14.52,14.73,14.4229,14.56,5376952
05/24/2016,14.62,14.66,13.8064,13.9,10445663
05/25/2016,14.14,14.15,13.6,14.05,8319100
05/26/2016,14.31,14.574,14.12,14.155,5901267
05/27/2016,14.2,14.42,14.1,14.31,4401262
05/31/2016,14.3,14.35,14.03,14.17,5770703
06/01/2016,14,14.51,13.91,14.5,4382662
06/02/2016,14.3,14.79,14.26,14.76,4622018
06/03/2016,14.56,14.75,14.44,14.62,3553332
06/06/2016,14.42,14.6,14.17,14.36,8614164
06/07/2016,14.3,14.44,14.21,14.31,4331543
06/08/2016,14.26,14.5,14.08,14.095,5210140
06/09/2016,14.34,14.67,14.18,14.55,8018865
06/10/2016,14.41,14.42,14,14.1,7001629
06/13/2016,14.06,14.32,13.79,13.81,4827502
06/14/2016,13.7,13.83,12.97,13,12680497
06/15/2016,13.08,13.57,13.08,13.24,7783048
06/16/2016,13.14,13.21,12.36,12.71,11183293
06/17/2016,12.73,13,12.66,12.83,9643979
06/20/2016,13.07,13.56,13.05,13.17,6541431
06/21/2016,13.25,13.58,13.24,13.5,6081326
06/22/2016,13.4,13.41,12.72,12.78,11275162
06/23/2016,12.95,13.39,12.81,13.3,9950319
06/24/2016,12.5,13.035,12.5,12.7,12102286
06/27/2016,12.6,12.65,11.85,11.88,9831284
06/28/2016,12.26,12.43,11.8,11.995,9657822
06/29/2016,12.2,12.235,11.65,12.13,7890045
06/30/2016,12.01,12.27,11.7,12.23,7668832
07/01/2016,12.15,12.6,12.13,12.47,6513243
07/05/2016,12.37,12.4,12.05,12.3,5843070
07/06/2016,12.2,12.54,12.06,12.5,7536929
07/07/2016,12.63,13.3,12.6,13.07,9159978
07/08/2016,13.3,13.69,13.18,13.41,9362092
07/11/2016,13.56,13.83,13.55,13.68,4970562
07/12/2016,13.42,13.75,13.2,13.51,7564045
07/13/2016,13.51,13.8,13.42,13.55,4745440
07/14/2016,13.75,13.91,13.62,13.775,5045277
07/15/2016,13.76,13.77,13.1,13.15,7105855
07/18/2016,13.2,13.58,13.11,13.38,6067519
07/19/2016,13.32,13.465,12.85,12.87,6526586
07/20/2016,13,13.07,12.63,12.99,10181986
07/21/2016,12.92,13.04,12.79,12.79,4757241
07/22/2016,12.8,12.93,12.66,12.82,5347579
07/25/2016,12.79,13.05,12.755,13.025,3929264
07/26/2016,12.98,13.39,12.95,13.23,5766604
07/27/2016,13.45,13.5,13.23,13.31,4846578
07/28/2016,13.43,13.63,13.21,13.57,7286062
07/29/2016,13.6,13.72,13.43,13.66,5098736
08/01/2016,13.7,13.87,13.48,13.68,7945556
08/02/2016,13.78,13.975,13.03,13.1673,19126267
08/03/2016,14.11,15.22,13.92,14.94,36289811
08/04/2016,15.21,15.73,15.13,15.42,18645254
08/05/2016,15.47,15.59,15.0229,15.39,10745133
08/08/2016,15.4,16.04,15.25,15.69,10530989
08/09/2016,15.77,15.96,15.59,15.6567,6261138
08/10/2016,15.5,15.54,14.86,15.05,10042553
08/11/2016,15.04,15.18,14.89,14.9,4694514
08/12/2016,14.87,15.1,14.85,14.985,3619503
08/15/2016,14.99,15.88,14.98,15.65,10498172
08/16/2016,15.65,16,15.255,15.4,7330298
08/17/2016,15.31,15.3397,14.7,14.78,8730225
08/18/2016,14.77,14.94,14.52,14.56,5096918
08/19/2016,14.5,14.74,14.36,14.53,4310571
08/22/2016,14.41,14.75,14.4,14.45,4386935
08/23/2016,14.82,15.13,14.8,14.88,7587782
08/24/2016,15.3,15.31,14.72,14.8,8880201
08/25/2016,14.7,15.02,14.7,14.8,4376086
08/26/2016,14.73,14.94,14.47,14.67,6058171
08/29/2016,14.72,15.06,14.48,14.935,8542260
08/30/2016,15.13,15.54,15.03,15.36,9932434
08/31/2016,15.55,15.8,15.35,15.47,9261667
09/01/2016,15.48,15.51,14.6799,14.945,13460456
09/02/2016,15.02,15.15,14.82,14.96,5622058
09/06/2016,15.04,15.35,14.9232,15.1,7567111
09/07/2016,15,15.38,14.69,14.8,11314975
09/08/2016,14.66,14.84,14.46,14.71,7518744
09/09/2016,14.63,14.82,14.4216,14.565,7945007
09/12/2016,14.4,15.14,14.353,14.85,7692293
09/13/2016,14.8,15,14.6,14.7,6720347
09/14/2016,14.7,14.921,14.65,14.755,5160692
09/15/2016,14.84,16.045,14.84,16.02,14961554
09/16/2016,15.9,16.1,15.73,15.93,11274112
09/19/2016,16.09,16.76,16.09,16.315,11577675
09/20/2016,16.26,16.3,15.8,15.93,5871764
09/21/2016,16.05,16.37,15.85,16.27,5706137
09/22/2016,16.5,16.85,16.41,16.755,7393281
09/23/2016,16.74,17.18,16.73,16.975,8070276
09/26/2016,16.83,16.97,16.32,16.475,6284893
09/27/2016,16.55,16.82,16.21,16.53,5552335
09/28/2016,16.58,16.785,16.42,16.69,3967883
09/29/2016,15.79,15.81,14.781,14.809,24004522
09/30/2016,15.1,15.19,14.8,14.84,7657960
10/03/2016,14.88,15.03,14.6,14.76,6164746
10/04/2016,14.8,15.08,14.7,14.72,5402761
10/05/2016,14.77,15.05,14.7075,14.765,5975128
10/06/2016,14.9,14.94,14.46,14.6058,6459072
10/07/2016,14.48,14.61,14,14.04,9971678
10/10/2016,14.14,14.19,13.76,13.896,8421681
10/11/2016,13.93,14,13.335,13.49,10392033
10/12/2016,13.47,13.62,13.22,13.41,6094672
10/13/2016,13.23,13.48,13.14,13.325,5757084
10/14/2016,13.38,13.5299,13.035,13.095,7947016
10/17/2016,13.28,13.31,12.98,13.095,4601785
10/18/2016,13.2,13.58,13.13,13.53,5187947
10/19/2016,13.54,14.16,13.46,14.06,7487681
10/20/2016,13.99,14.27,13.92,14.15,5589722
10/21/2016,14.09,14.26,13.9514,14.2,4538996
10/24/2016,14.2,14.24,13.84,13.85,4507360
10/25/2016,13.84,13.85,13.63,13.78,4089220
10/26/2016,13.7,14.19,13.7,14.09,5849169
10/27/2016,14.26,14.26,13.74,13.77,4635161
10/28/2016,13.75,14.01,13.47,13.49,7080322
10/31/2016,13.49,13.52,13.07,13.27,6579752
11/01/2016,13.22,13.32,12.92,13.05,7295200
11/02/2016,13.04,13.39,12.67,12.791,22563979
11/03/2016,9.03,9.17,8.37,8.5,72165426
11/04/2016,8.51,9,8.39,8.68,18789222
11/07/2016,8.9,8.93,8.53,8.69,11075981
11/08/2016,8.56,8.78,8.47,8.69,8974019
11/09/2016,8.43,8.65,8.325,8.544,13887075
11/10/2016,8.52,9.275,8.4,8.85,24642828
11/11/2016,8.97,9.31,8.68,9.225,10235621
11/14/2016,9.48,9.63,9.33,9.42,7786964
11/15/2016,9.59,9.61,9.43,9.565,5620622
11/16/2016,9.73,9.75,9.4,9.45,7999281
11/17/2016,9.42,9.42,8.73,8.83,14974079
11/18/2016,8.75,8.83,8.62,8.75,7998112
11/21/2016,8.76,9.05,8.66,8.67,10907978
11/22/2016,8.75,8.7799,8.3707,8.57,13653586
11/23/2016,8.65,8.72,8.42,8.68,8472120
11/25/2016,8.69,8.73,8.48,8.52,4200561
11/28/2016,8.5,8.54,8.365,8.39,6517996
11/29/2016,8.45,8.49,8.2,8.27,8234793
11/30/2016,8.31,8.43,8.265,8.355,7361874
12/01/2016,8.4,8.59,8.35,8.415,8741440
12/02/2016,8.4,8.45,8.12,8.1399,8759140
12/05/2016,8.18,8.3,7.98,8.025,12075230
12/06/2016,7.97,8,7.81,7.99,11226497
12/07/2016,8.21,8.24,7.96,7.965,8322322
12/08/2016,7.84,7.99,7.76,7.92,10669060
12/09/2016,7.93,7.99,7.7,7.8101,10709233
12/12/2016,7.8,7.89,7.6,7.73,9509373
12/13/2016,7.79,7.875,7.62,7.65,7618170
12/14/2016,7.66,7.67,7.48,7.5,8740801
12/15/2016,7.5,7.686,7.44,7.6,8594212
12/16/2016,7.6,7.69,7.42,7.48,13508706
12/19/2016,7.5,7.55,7.42,7.485,8621078
12/20/2016,7.5,7.57,7.42,7.43,7133721
12/21/2016,7.42,7.49,7.3,7.36,11569640
12/22/2016,7.31,7.42,7.31,7.35,8765983
12/23/2016,7.25,7.36,7.2,7.29,7616573
12/27/2016,7.35,7.97,7.29,7.8399,15578565
12/28/2016,8.02,8.08,7.35,7.42,18414296
12/29/2016,7.41,7.49,7.315,7.4,10981727
12/30/2016,7.41,7.49,7.28,7.31,11061178
01/03/2017,7.44,8.06,7.4,7.9399,17963053
01/04/2017,7.95,8.4,7.95,8.117,21514117
01/05/2017,8.2,8.23,7.84,7.865,20466412
01/06/2017,7.89,8.03,7.71,7.91,11904573
01/09/2017,7.97,8.04,7.76,7.79,8373344
01/10/2017,7.74,7.74,7.3,7.34,21624130
01/11/2017,7.38,7.47,7.31,7.4601,10827934
01/12/2017,7.47,7.49,7.31,7.45,11284917
01/13/2017,7.46,7.62,7.44,7.45,8307168
01/17/2017,7.42,7.59,7.33,7.37,11284382
01/18/2017,7.36,7.37,7.12,7.24,11397636
01/19/2017,7.2,7.26,7.01,7.06,10541136
01/20/2017,7.07,7.14,6.97,7.125,9912763
01/23/2017,7.14,7.2,7.02,7.09,6764140
01/24/2017,7.07,7.29,7.07,7.23,11229378
01/25/2017,7.26,7.33,7.13,7.305,9125485
01/26/2017,7.31,7.47,7.3,7.415,8340708
01/27/2017,7.39,7.39,7.15,7.22,6476235
01/30/2017,6.31,6.66,5.9,6.055,47391192
01/31/2017,5.97,6.04,5.91,6.015,12348635
02/01/2017,5.98,6.01,5.81,5.94,11036555
02/02/2017,6,6.19,5.91,6.1301,12863150
02/03/2017,6.11,6.15,6,6.1,7770057
02/06/2017,6.06,6.09,5.94,5.95,10037507
02/07/2017,5.96,6,5.75,5.775,8208911
02/08/2017,5.79,5.83,5.69,5.81,7772043
02/09/2017,5.8,5.81,5.62,5.77,8487438
02/10/2017,5.75,5.95,5.75,5.86,5514195
02/13/2017,5.91,5.91,5.72,5.73,6880177
02/14/2017,5.78,5.94,5.75,5.86,6303971
02/15/2017,5.9,5.955,5.86,5.94,6516156
02/16/2017,5.95,6.13,5.9,6.065,12111558
02/17/2017,6.08,6.09,5.91,5.95,6544058
02/21/2017,6.02,6.09,5.9792,6.04,6704815
02/22/2017,6.11,6.14,5.8,5.87,12122960
02/23/2017,5.92,6.09,5.72,6.07,14128400
02/24/2017,5.97,6.17,5.75,6.15,16003593
02/27/2017,6.15,6.48,6.05,6.38,11814759
02/28/2017,6.32,6.39,6.2,6.205,7837012
03/01/2017,6.25,6.4,6.2,6.245,7632330
03/02/2017,6.16,6.28,6.041,6.145,11344813
03/03/2017,6.16,6.24,6.07,6.08,6319355
03/06/2017,6.06,6.2,5.91,5.995,8285505
03/07/2017,6.07,6.135,5.84,5.89,7007841
03/08/2017,5.91,6,5.84,5.86,5420301
03/09/2017,5.9,5.92,5.76,5.84,6683397
03/10/2017,5.89,5.95,5.82,5.86,6399470
03/13/2017,5.78,5.8,5.55,5.63,15221285
03/14/2017,5.6,5.6099,5.45,5.53,8487541
03/15/2017,5.53,5.755,5.46,5.7,8627995
03/16/2017,5.75,6.18,5.73,6.1,13728645
03/17/2017,6.1,6.1,5.66,5.67,19542388
03/20/2017,5.78,5.84,5.65,5.74,9073558
03/21/2017,5.75,5.9,5.56,5.59,16374974
03/22/2017,5.67,5.67,5.38,5.46,10855218
03/23/2017,5.43,5.53,5.38,5.39,6616590
03/24/2017,5.41,5.47,5.33,5.4,3772716
03/27/2017,5.33,5.74,5.31,5.7,9321980
03/28/2017,5.66,5.79,5.64,5.74,4897024
03/29/2017,5.75,5.96,5.75,5.87,5767832
03/30/2017,5.86,5.93,5.82,5.84,4081827
03/31/2017,5.85,5.98,5.85,5.92,4992745
04/03/2017,5.93,5.94,5.73,5.82,7424975
04/04/2017,5.79,5.82,5.6,5.67,5500482
04/05/2017,5.72,5.845,5.66,5.7,8057327
04/06/2017,5.67,5.75,5.57,5.655,6164250
04/07/2017,5.63,5.695,5.5,5.505,7360503
04/10/2017,5.53,5.79,5.49,5.76,6910736
04/11/2017,5.73,5.7901,5.56,5.58,7466906
04/12/2017,5.56,5.65,5.42,5.48,5902318
04/13/2017,5.45,5.46,5.32,5.3763,7214919
04/17/2017,5.37,5.5,5.37,5.48,3763207
04/18/2017,5.46,5.6,5.41,5.565,4805155
04/19/2017,5.64,5.77,5.63,5.7,6866245
04/20/2017,5.72,5.75,5.66,5.73,3256262
04/21/2017,5.72,5.74,5.61,5.61,2777813
04/24/2017,5.59,5.73,5.57,5.65,4761154
04/25/2017,5.78,5.81,5.71,5.795,4702268
04/26/2017,5.8,5.99,5.77,5.91,6072959
04/27/2017,5.93,5.96,5.78,5.93,4241799
04/28/2017,5.85,5.92,5.71,5.72,4868470
05/01/2017,5.72,5.77,5.64,5.695,4977982
05/02/2017,5.71,5.84,5.7,5.8,4026229
05/03/2017,5.81,5.86,5.58,5.68,9999083
05/04/2017,6.11,6.8,6.07,6.36,34389036
05/05/2017,6.24,6.25,6.01,6.14,20300393
05/08/2017,6.15,6.55,6.14,6.34,9958015
05/09/2017,6.33,6.35,6.11,6.23,10991335
05/10/2017,6.23,6.25,6.05,6.13,8294995
05/11/2017,6.1,6.11,5.96,5.98,5984137
05/12/2017,5.98,6,5.75,5.75,7014702
05/15/2017,5.77,5.95,5.77,5.9,5122747
05/16/2017,5.75,5.87,5.73,5.74,7114490
05/17/2017,5.68,5.7192,5.5,5.555,7175744
05/18/2017,5.52,5.61,5.38,5.41,8680368
05/19/2017,5.44,5.55,5.41,5.5,7055193
05/22/2017,5.5,5.69,5.46,5.62,4106543
05/23/2017,5.64,5.68,5.56,5.56,4066863
05/24/2017,5.58,5.635,5.45,5.495,5808819
05/25/2017,5.52,5.545,5.38,5.395,4847884
05/26/2017,5.46,5.49,5.28,5.315,6225583
05/30/2017,5.28,5.43,5.245,5.32,5829198
05/31/2017,5.33,5.35,5.035,5.23,9355668
06/01/2017,5.26,5.7,5.22,5.575,11495662
06/02/2017,5.55,5.55,5.42,5.505,5595745
06/05/2017,5.47,5.51,5.37,5.42,4163478
06/06/2017,5.27,5.44,5.27,5.34,4314722
06/07/2017,5.4,5.49,5.235,5.26,6248700
06/08/2017,5.29,5.41,5.23,5.31,4504853
06/09/2017,5.33,5.35,5.12,5.145,7664764
06/12/2017,5.15,5.31,5.14,5.24,5394707
06/13/2017,5.25,5.29,5.1688,5.2237,3553513
06/14/2017,5.22,5.26,5.12,5.15,4296254
06/15/2017,5.12,5.17,5.08,5.105,3494599
06/16/2017,5.09,5.12,4.99,5.065,7033842
06/19/2017,5.1,5.16,5,5.16,4411797
06/20/2017,5.11,5.2,5,5.02,5020486
06/21/2017,5.01,5.09,4.97,4.995,5598704
06/22/2017,4.98,5.15,4.9,5.085,6049895
06/23/2017,5.16,5.17,5.02,5.16,19653370
06/26/2017,5.19,5.5,5.13,5.45,10725140
06/27/2017,5.47,5.58,5.29,5.31,7220730
06/28/2017,5.33,5.47,5.27,5.3025,4539607
06/29/2017,5.32,5.46,5.26,5.39,4851877
06/30/2017,5.4,5.4,5.23,5.31,5030892
07/03/2017,5.32,5.38,5.25,5.26,2503809
07/05/2017,5.31,5.36,5.21,5.315,4644953
07/06/2017,5.31,5.37,5.2,5.23,5377047
07/07/2017,5.23,5.34,5.18,5.25,3821992
07/10/2017,5.26,5.3,5.15,5.24,4535841
07/11/2017,5.17,5.24,5.12,5.24,4565369
07/12/2017,5.24,5.43,5.222,5.3642,6576520
07/13/2017,5.32,5.785,5.3,5.685,10475923
07/14/2017,5.67,5.77,5.55,5.76,4543362
07/17/2017,5.76,5.94,5.67,5.715,4929346
07/18/2017,5.71,5.77,5.51,5.67,7476649
07/19/2017,5.67,5.78,5.62,5.77,2902782
07/20/2017,5.75,5.84,5.713,5.75,3030081
07/21/2017,5.78,5.81,5.59,5.61,3497047
07/24/2017,5.62,5.67,5.52,5.625,3269296
07/25/2017,5.6,5.79,5.59,5.765,3978357
07/26/2017,5.71,5.755,5.39,5.41,7598766
07/27/2017,5.42,5.42,5.17,5.265,8558631
07/28/2017,5.23,5.32,5.21,5.22,3778139
07/31/2017,5.24,5.26,5.1,5.1501,3975043
08/01/2017,5.16,5.21,5.02,5.075,5832492
08/02/2017,5.1,5.14,5,5.07,10966398
08/03/2017,5.4,5.9,5.3,5.8392,24074610
08/04/2017,5.82,5.89,5.61,5.64,10751910
08/07/2017,5.61,5.81,5.57,5.74,5575552
08/08/2017,5.67,6.09,5.67,5.905,10817732
08/09/2017,5.84,6.05,5.78,5.93,5667650
08/10/2017,5.87,6.01,5.6,5.64,7468047
08/11/2017,5.62,5.69,5.48,5.57,5518855
08/14/2017,5.63,5.8,5.58,5.695,5454703
08/15/2017,5.69,5.81,5.51,5.52,5084624
08/16/2017,5.52,5.58,5.4,5.475,4936993
08/17/2017,5.43,5.505,5.23,5.265,6726752
08/18/2017,5.22,5.31,5.19,5.24,4213629
08/21/2017,5.25,5.31,5.04,5.065,7481228
08/22/2017,5.2,5.365,5.17,5.315,6470123
08/23/2017,5.28,5.51,5.2,5.5,4422029
08/24/2017,5.48,5.77,5.48,5.67,5912528
08/25/2017,5.7,5.83,5.6,5.735,5231761
08/28/2017,5.75,6.17,5.74,5.945,13240760
08/29/2017,5.95,6.07,5.92,5.935,8804197
08/30/2017,5.95,6.04,5.81,5.975,4986162
08/31/2017,6.03,6.1,5.98,6.025,4431903
09/01/2017,6.04,6.08,5.86,5.885,4469610
09/05/2017,5.8,5.88,5.69,5.88,4412400
09/06/2017,5.91,6.02,5.84,5.92,3612674
09/07/2017,6.16,6.78,6.14,6.4999,20580918
09/08/2017,6.64,6.77,6.27,6.295,10216122
09/11/2017,6.36,6.42,6.2,6.26,5973014
09/12/2017,6.2,6.47,6.09,6.255,9115130
09/13/2017,6.22,6.75,6.22,6.645,10286376
09/14/2017,6.75,6.9,6.57,6.88,10257842
09/15/2017,6.87,6.87,6.5,6.585,10262472
09/18/2017,6.61,6.68,6.505,6.56,4433949
09/19/2017,6.51,6.56,6.21,6.235,7803401
09/20/2017,6.23,6.35,6.2,6.27,5643606
09/21/2017,6.29,6.43,6.231,6.295,4671015
09/22/2017,6.26,6.41,6.23,6.32,3175826
09/25/2017,6.34,6.57,6.34,6.445,5193688
09/26/2017,6.44,6.59,6.434,6.57,5955872
09/27/2017,6.65,7.09,6.64,6.98,10086074
09/28/2017,7.05,7.06,6.8,6.91,6247210
09/29/2017,6.93,6.98,6.8,6.97,5865671
10/02/2017,6.94,6.95,6.8,6.9,4396712
10/03/2017,6.71,6.855,6.56,6.66,8723294
10/04/2017,6.67,6.718,6.5,6.52,4704809
10/05/2017,6.53,6.6,6.4,6.46,5224454
10/06/2017,6.46,6.5699,6.42,6.505,3144752
10/09/2017,6.52,6.7,6.5092,6.6,4680757
10/10/2017,6.6,6.64,6.5,6.61,3300974
10/11/2017,6.61,6.63,6.53,6.55,2414270
10/12/2017,6.56,6.795,6.55,6.69,5646143
10/13/2017,6.74,6.76,6.61,6.62,3021288
10/16/2017,6.65,6.74,6.51,6.5113,4305682
10/17/2017,6.54,6.63,6.35,6.42,4786768
10/18/2017,6.45,6.525,6.32,6.36,4175460
10/19/2017,6.29,6.35,6.09,6.11,6506960
10/20/2017,6.22,6.31,6.12,6.13,5821543
10/23/2017,6.15,6.17,6.04,6.07,3629071
10/24/2017,6.11,6.22,6.03,6.07,3634104
10/25/2017,6.1,6.13,5.88,6.11,5218127
10/26/2017,6.1,6.1199,5.96,6.035,3338082
10/27/2017,6.03,6.16,6.02,6.0599,4431479
10/30/2017,6.04,6.21,6.03,6.1,3486567
10/31/2017,6.11,6.24,6.11,6.14,5400928
11/01/2017,6.25,6.38,6.2,6.26,10254130
11/02/2017,6.08,6.08,5.61,5.965,11116744
11/03/2017,5.97,6.07,5.95,6.015,4251061
11/06/2017,6,6.09,5.97,6.06,4374971
11/07/2017,6.11,6.15,6,6.06,4513454
11/08/2017,6.03,6.05,5.86,5.89,4782497
11/09/2017,5.87,5.93,5.79,5.8,5752427
11/10/2017,5.81,5.98,5.8,5.92,3839912
11/13/2017,5.9,6,5.82,5.98,3083660
11/14/2017,5.91,6.02,5.84,6.01,3351707
11/15/2017,5.92,6.25,5.92,6.12,5852585
11/16/2017,5.98,6.16,5.98,6.02,4108973
11/17/2017,6,6.28,5.99,6.23,5142198
11/20/2017,6.25,6.4,6.2253,6.365,4684890
11/21/2017,6.38,6.54,6.37,6.48,4019607
11/22/2017,6.49,6.74,6.45,6.65,6045038
11/24/2017,6.69,6.775,6.65,6.71,1888219
11/27/2017,6.71,6.73,6.55,6.62,3918619
11/28/2017,6.63,6.75,6.57,6.74,2665972
11/29/2017,6.78,6.95,6.63,6.74,5052475
11/30/2017,6.78,6.95,6.74,6.86,4389139
12/01/2017,6.84,6.93,6.71,6.77,4611722
12/04/2017,6.84,6.9,6.63,6.69,3857682
12/05/2017,6.71,6.849,6.66,6.665,3639738
12/06/2017,6.64,6.79,6.55,6.785,2846630
12/07/2017,6.74,6.93,6.73,6.78,3063988
12/08/2017,6.83,6.99,6.77,6.96,4502081
12/11/2017,7.01,7.32,6.93,7.15,6697160
12/12/2017,7.18,7.2214,6.93,6.98,4374830
12/13/2017,7,7.17,6.96,7.025,2498469
12/14/2017,7,7.12,6.81,6.83,4530325
12/15/2017,6.38,6.43,6.06,6.3,14527149
12/18/2017,6.28,6.43,6.25,6.39,4229031
12/19/2017,6.39,6.45,6.1,6.17,7134495
12/20/2017,6.22,6.22,6.08,6.2,2986383
12/21/2017,6.18,6.2,6.05,6.055,4852222
12/22/2017,6.02,6.05,5.92,6.01,5144886
12/26/2017,6.01,6.07,5.92,5.97,2809422
12/27/2017,5.95,6.055,5.87,5.89,4749998
12/28/2017,5.88,5.95,5.83,5.9,3150544
12/29/2017,5.92,5.94,5.7,5.7,5328820
01/02/2018,5.78,6.04,5.74,6,6133201
01/03/2018,6,6.22,5.96,6.12,4888379
01/04/2018,6.16,6.19,5.93,5.97,5211725
01/05/2018,6.12,6.12,5.85,5.9,7954660
01/08/2018,5.9,5.96,5.585,5.65,10599105
01/09/2018,5.68,5.7,5.5,5.66,5808810
01/10/2018,5.61,5.655,5.54,5.58,3876700
01/11/2018,5.61,5.74,5.55,5.71,5814506
01/12/2018,5.74,5.79,5.6,5.64,6634589
01/16/2018,5.69,5.69,5.48,5.51,4991923
01/17/2018,5.52,5.68,5.48,5.62,6656306
01/18/2018,5.62,5.62,5.51,5.54,3550167
01/19/2018,5.52,5.595,5.47,5.57,5127398
01/22/2018,5.51,5.6,5.37,5.6,6944194
01/23/2018,5.58,5.65,5.49,5.55,5280727
01/24/2018,5.55,5.615,5.45,5.495,4472446
01/25/2018,5.53,5.53,5.36,5.41,4212335
01/26/2018,5.43,5.44,5.23,5.27,6267036
01/29/2018,5.26,5.2836,5.15,5.2,5833122
01/30/2018,5.19,5.28,5.08,5.19,6159711
01/31/2018,5.33,5.3505,5.11,5.145,5464112
02/01/2018,5.13,5.25,5.08,5.21,4077067
02/02/2018,5.17,5.3,5.09,5.2,4532744
02/05/2018,5.16,5.28,5.04,5.04,5194664
02/06/2018,5,5.23,4.93,5.21,4880768
02/07/2018,5.19,5.29,5.179,5.245,3005769
02/08/2018,5.26,5.3,5.085,5.1,4156956
02/09/2018,5.16,5.21,4.9,5.14,8233382
02/12/2018,5.18,5.2,5.03,5.185,4166037
02/13/2018,5.13,5.21,5.06,5.115,4996011
02/14/2018,5.23,5.69,5.15,5.595,11911394
02/15/2018,5.61,5.63,5.37,5.4099,4869840
02/16/2018,5.38,5.48,5.35,5.465,3636518
02/20/2018,5.44,5.54,5.41,5.44,3244813
02/21/2018,5.47,5.55,5.4,5.4,3065580
02/22/2018,5.43,5.46,5.19,5.2,4407367
02/23/2018,5.24,5.33,5.22,5.275,4289797
02/26/2018,5.38,5.61,5.35,5.55,15882366
02/27/2018,4.8,5.09,4.67,4.86,37810247
02/28/2018,4.82,4.89,4.75,4.77,9403650
03/01/2018,4.78,4.83,4.6801,4.795,7159760
03/02/2018,4.73,5,4.71,4.97,6927858
03/05/2018,4.89,5.195,4.89,5.13,6953826
03/06/2018,5.14,5.29,5.13,5.24,5950705
03/07/2018,5.18,5.27,5.12,5.27,3552816
03/08/2018,5.24,5.3,5.03,5.11,4377869
03/09/2018,5.13,5.21,5.07,5.19,3719752
03/12/2018,5.23,5.35,5.2,5.31,4753763
03/13/2018,5.34,5.46,5.32,5.39,6464716
03/14/2018,5.41,5.45,5.3,5.305,3159482
03/15/2018,5.33,5.33,5.155,5.25,2925220
03/16/2018,5.25,5.29,5.17,5.26,2670228
03/19/2018,5.41,5.43,5.26,5.37,4210540
03/20/2018,5.38,5.41,5.26,5.28,3107865
03/21/2018,5.32,5.37,5.21,5.265,3080277
03/22/2018,5.2,5.24,5.08,5.11,3028481
03/23/2018,5.12,5.19,4.9101,4.94,4823339
03/26/2018,5.08,5.1,4.86,4.96,3824101
03/27/2018,5,5.06,4.87,4.885,3131780
03/28/2018,4.89,5,4.87,4.915,3206533
03/29/2018,4.95,5.18,4.94,5.11,4797597
04/02/2018,4.83,4.85,4.51,4.615,15346208
04/03/2018,4.58,4.66,4.515,4.64,5012981
04/04/2018,4.55,4.81,4.52,4.795,4725371
04/05/2018,4.8,4.92,4.77,4.905,2897704
04/06/2018,4.88,4.99,4.72,4.785,2871024
04/09/2018,4.82,4.86,4.75,4.825,2138366
04/10/2018,4.87,4.995,4.85,4.965,2786267
04/11/2018,4.85,5.18,4.84,5.18,3201778
04/12/2018,5.2,5.34,5.165,5.32,3048341
04/13/2018,5.32,5.44,5.3,5.34,3975385
04/16/2018,5.35,5.43,5.285,5.33,4755420
04/17/2018,5.38,5.43,5.26,5.27,3235104
04/18/2018,5.3,5.34,5.17,5.275,2833096
04/19/2018,5.26,5.32,5.16,5.185,2135490
04/20/2018,5.19,5.21,5.1,5.1199,2077687
04/23/2018,5.13,5.17,5.05,5.12,1816105
04/24/2018,5.15,5.26,5.11,5.26,2287806
04/25/2018,5.27,5.33,5.18,5.23,2422436
04/26/2018,5.24,5.37,5.2,5.355,2226247
04/27/2018,5.34,5.3587,5.25,5.3,1964388
04/30/2018,5.6,5.82,5.48,5.555,10481249
05/01/2018,5.51,5.53,5.34,5.49,3274105
05/02/2018,5.51,5.75,5.44,5.4801,8702606
05/03/2018,5.22,5.27,4.83,4.835,14418404
05/04/2018,4.89,5.015,4.83,4.945,5138166
05/07/2018,4.97,4.99,4.87,4.97,4764668
05/08/2018,4.96,5.12,4.92,5.08,4051414
05/09/2018,5.06,5.37,5.03,5.36,4388397
05/10/2018,5.34,5.44,5.28,5.29,2875558
05/11/2018,5.29,5.34,5.15,5.21,3244630
05/14/2018,5.23,5.35,5.12,5.19,3438217
05/15/2018,5.14,5.26,5.12,5.255,2451708
05/16/2018,5.17,5.32,5.17,5.2,2783287
05/17/2018,5.21,5.28,5.17,5.18,2172642
05/18/2018,5.21,5.21,5.15,5.19,2041616
05/21/2018,5.21,5.27,5.18,5.245,2004407
05/22/2018,5.25,5.3,5.22,5.23,1700264
05/23/2018,5.23,5.28,5.16,5.22,2554491
05/24/2018,5.21,5.27,5.17,5.25,3861437
05/25/2018,5.24,5.52,5.232,5.515,4277733
05/29/2018,5.48,5.5,5.24,5.405,3275402
05/30/2018,5.43,5.49,5.36,5.4,2302998
05/31/2018,5.4,5.51,5.37,5.42,2136134
06/01/2018,5.48,5.56,5.435,5.52,2982722
06/04/2018,5.67,5.87,5.52,5.865,6565791
06/05/2018,5.89,6.38,5.87,6.245,11289408
06/06/2018,6.16,6.55,5.81,6.38,15599146
06/07/2018,6.37,6.66,6.36,6.51,11161033
06/08/2018,6.51,6.67,6.12,6.35,13290070
06/11/2018,6.45,7.59,6.25,7.28,55882598
06/12/2018,7.35,7.79,7.15,7.58,30472189
06/13/2018,7.67,7.7,7.275,7.39,17949046
06/14/2018,7.37,7.58,7.16,7.43,12311983
06/15/2018,7.33,7.38,7.14,7.21,8030555
06/18/2018,7.21,7.42,7.2,7.23,7125853
06/19/2018,7.13,7.23,7.03,7.19,5252551
06/20/2018,7.23,7.45,7.19,7.435,7452703
06/21/2018,7.45,7.45,7.11,7.11,6177532
06/22/2018,7.2,7.225,6.9,7,9661578
06/25/2018,6.91,6.93,6.67,6.76,7578811
06/26/2018,6.9,6.95,6.75,6.83,4666921
06/27/2018,6.83,6.89,6.47,6.55,5807074
06/28/2018,6.54,6.67,6.42,6.62,4026259
06/29/2018,6.66,6.74,6.53,6.53,2970117
07/02/2018,6.5,6.62,6.33,6.6,5512697
07/03/2018,6.61,6.65,6.5,6.51,1877941
07/05/2018,6.59,6.62,6.51,6.61,4214153
07/06/2018,6.61,6.87,6.6,6.865,4157897
07/09/2018,6.96,7.11,6.86,7.06,4696809
07/10/2018,7.04,7.12,6.88,6.93,3023955
07/11/2018,6.86,6.925,6.58,6.6,4180319
07/12/2018,6.66,6.7,6.54,6.645,2805425
07/13/2018,6.64,6.78,6.575,6.66,2859906
07/16/2018,6.64,6.69,6.545,6.68,2181784
07/17/2018,6.63,6.79,6.6,6.74,3147569
07/18/2018,6.73,6.75,6.62,6.64,2567597
07/19/2018,6.64,6.64,6.51,6.52,3541469
07/20/2018,6.52,6.52,6.05,6.065,8164873
07/23/2018,6.11,6.14,5.94,6.02,6087730
07/24/2018,6.03,6.17,5.93,6,4647235
07/25/2018,5.99,6.085,5.95,5.97,3809764
07/26/2018,5.96,6.07,5.86,5.98,3984375
07/27/2018,5.98,6.03,5.7,5.745,5532477
07/30/2018,5.73,5.87,5.6701,5.72,4473889
07/31/2018,5.72,6.03,5.71,5.94,5561050
08/01/2018,6.05,6.07,5.78,5.93,14185231
08/02/2018,6.1,6.14,5.3,5.45,19972884
08/03/2018,5.47,5.582,5.44,5.46,4181524
08/06/2018,5.47,5.54,5.33,5.44,6917731
08/07/2018,5.45,5.58,5.4,5.56,4800925
08/08/2018,5.59,5.79,5.55,5.61,4675659
08/09/2018,5.6,5.745,5.5531,5.62,2937443
08/10/2018,5.57,5.63,5.52,5.53,2561431
08/13/2018,5.54,5.59,5.38,5.4,3542847
08/14/2018,5.41,5.49,5.39,5.42,2479715
08/15/2018,5.39,5.41,5.16,5.273,5997859
08/16/2018,5.32,5.49,5.32,5.465,2890570
08/17/2018,5.45,5.75,5.38,5.71,3638268
08/20/2018,5.72,6.05,5.72,6.01,6355161
08/21/2018,6.02,6.2,5.94,6.08,6057560
08/22/2018,6.07,6.18,6.05,6.06,2946500
08/23/2018,6.06,6.14,6.03,6.07,3603118
08/24/2018,6.06,6.1,5.95,6.04,4096820
08/27/2018,6.02,6.37,6,6.2301,9652092
08/28/2018,6.27,6.38,6.23,6.26,2397504
08/29/2018,6.26,6.31,6.09,6.28,4719415
08/30/2018,6.27,6.27,5.97,6.06,5005481
08/31/2018,6.06,6.11,5.9,6.01,7762156
09/04/2018,6.1,6.125,5.78,5.83,4617991
09/05/2018,5.83,5.96,5.8,5.88,3805463
09/06/2018,5.88,5.94,5.77,5.84,2938558
09/07/2018,5.79,5.97,5.77,5.865,2219534
09/10/2018,5.91,5.99,5.88,5.92,3087848
09/11/2018,5.89,5.95,5.77,5.94,2873674
09/12/2018,5.94,6.03,5.51,5.53,8726431
09/13/2018,5.62,5.7,5.51,5.64,5840508
09/14/2018,5.59,5.595,5.4,5.505,6082331
09/17/2018,5.48,5.54,5.32,5.45,6127782
09/18/2018,5.45,5.85,5.445,5.81,4965370
09/19/2018,6.16,6.26,5.82,6.11,11223479
09/20/2018,6.13,6.19,6,6.08,6046993
09/21/2018,6.07,6.11,5.91,5.94,5588156
09/24/2018,5.9,5.91,5.63,5.655,4865012
09/25/2018,5.66,5.78,5.61,5.68,4004726
09/26/2018,5.71,5.74,5.5,5.51,4389405
09/27/2018,5.52,5.61,5.45,5.55,3487330
09/28/2018,5.53,5.58,5.35,5.36,5201603
10/01/2018,5.4,5.42,5.28,5.35,5777148
10/02/2018,5.34,5.4,5.11,5.115,5630993
10/03/2018,5.16,5.22,5.02,5.145,5129845
10/04/2018,5.16,5.2,4.93,4.995,6049810
10/05/2018,5.02,5.21,4.9919,5.045,6017780
10/08/2018,5.04,5.18,4.93,5.07,4716636
10/09/2018,5.05,5.17,4.93,4.94,4354930
10/10/2018,4.93,5,4.65,4.66,7178009
10/11/2018,4.61,4.75,4.46,4.5,11558937
10/12/2018,4.83,4.89,4.53,4.625,9182845
10/15/2018,4.6,5.05,4.6,4.84,7750028
10/16/2018,4.88,5.08,4.79,5.08,6274736
10/17/2018,5.06,5.06,4.885,4.97,4483357
10/18/2018,4.95,4.995,4.8,4.835,3305581
10/19/2018,4.86,4.9,4.72,4.76,3406986
10/22/2018,4.79,4.83,4.63,4.81,3501527
10/23/2018,4.7,4.87,4.6,4.8,4138467
10/24/2018,4.8,4.85,4.57,4.58,4816020
10/25/2018,4.62,4.71,4.53,4.67,3484182
10/26/2018,4.59,4.68,4.4,4.56,6157431
10/29/2018,4.62,4.72,4.23,4.33,8776570
10/30/2018,4.31,4.5,4.26,4.41,5796162
10/31/2018,4.53,4.83,4.53,4.73,10558215
11/01/2018,5.48,6.2,5.45,5.94,48037122
11/02/2018,5.97,6.2,5.79,6.1,16134132
11/05/2018,6.07,6.15,5.76,5.89,9501936
11/06/2018,5.89,6.27,5.86,6.24,9589694
11/07/2018,6.28,6.4,6.1598,6.3,5819617
11/08/2018,6.26,6.46,6.17,6.36,5198778
11/09/2018,6.28,6.31,5.9,5.955,7468830
11/12/2018,5.92,5.95,5.62,5.74,6032507
11/13/2018,5.75,5.95,5.68,5.755,5618408
11/14/2018,5.86,5.93,5.6,5.61,4908908
11/15/2018,5.61,5.67,5.415,5.66,4597410
11/16/2018,5.59,5.69,5.51,5.605,3777387
11/19/2018,5.57,5.58,5.31,5.31,5078972
11/20/2018,5.21,5.315,5.1,5.12,5977400
11/21/2018,5.2,5.45,5.18,5.33,3242138
11/23/2018,5.3,5.48,5.3,5.404,1875538
11/26/2018,5.45,5.5,5.38,5.47,2658834
11/27/2018,5.41,5.47,5.29,5.345,3080827
11/28/2018,5.37,5.44,5.26,5.41,4204071
11/29/2018,5.4,5.49,5.36,5.39,2307603
11/30/2018,5.37,5.51,5.315,5.505,3429753
12/03/2018,5.66,5.71,5.47,5.55,5076935
12/04/2018,5.52,5.65,5.175,5.22,5503189
12/06/2018,5.12,5.17,4.93,5.16,6292274
12/07/2018,5.12,5.265,4.95,4.98,4057369
12/10/2018,4.95,5.02,4.76,4.97,5352715
12/11/2018,5.07,5.14,4.87,4.96,5522141
12/12/2018,5.04,5.135,4.96,5,6897547
12/13/2018,5.01,5.03,4.71,4.79,6666728
12/14/2018,4.78,4.98,4.7001,4.9,4709385
12/17/2018,4.87,5.03,4.81,4.83,4531059
12/18/2018,4.87,5.12,4.865,5.08,6153815
12/19/2018,5.1,5.29,5.06,5.11,6374457
12/20/2018,5.05,5.24,4.87,5,5459673
12/21/2018,5.005,5.04,4.73,4.8,7963021
12/24/2018,4.72,4.8,4.62,4.64,3188425
12/26/2018,4.69,4.99,4.585,4.98,4919845
12/27/2018,4.88,4.983,4.75,4.95,4861014
12/28/2018,4.95,5.18,4.925,5.03,4129645
12/31/2018,5.07,5.12,4.93,4.97,3415868
01/02/2019,4.87,5.43,4.81,5.37,5533483
01/03/2019,5.3,5.38,5.14,5.17,4714748
01/04/2019,5.33,5.56,5.3,5.43,5323069
01/07/2019,5.48,5.57,5.39,5.565,4790483
01/08/2019,5.6,5.71,5.52,5.67,4388941
01/09/2019,5.7,5.81,5.63,5.68,3807482
01/10/2019,5.63,5.73,5.56,5.715,2272236
01/11/2019,5.7,6.11,5.66,5.9801,6484496
01/14/2019,5.92,5.99,5.82,5.9,3312642
01/15/2019,5.91,6.07,5.87,6.06,3832958
01/16/2019,6.06,6.15,6.01,6.04,3510285
01/17/2019,5.98,6.12,5.9399,6.11,3387514
01/18/2019,6.13,6.19,6.02,6.05,4405311
01/22/2019,6.02,6.135,5.97,6.06,3574838
01/23/2019,6.08,6.15,6,6.06,2067178
01/24/2019,6.06,6.2716,6.05,6.19,2960755
01/25/2019,6.23,6.28,6.12,6.22,2652622
01/28/2019,6.13,6.27,6.088,6.18,2365942
01/29/2019,6.19,6.2,5.98,5.99,2340318
01/30/2019,6.11,6.13,5.96,6.11,3073651
01/31/2019,6.08,6.25,6.08,6.17,4031757
02/01/2019,6.18,6.23,6.1,6.2,3033138
02/04/2019,6.21,6.25,6.13,6.17,2398675
02/05/2019,6.15,6.5,6.11,6.34,9665812
02/06/2019,6.36,6.48,6.21,6.42,4701061
02/07/2019,6.38,6.48,6.265,6.45,3092599
02/08/2019,6.39,6.51,6.34,6.48,2919811
02/11/2019,6.51,6.69,6.45,6.66,4678199
02/12/2019,6.7,6.73,6.61,6.67,3736622
02/13/2019,6.67,6.7,6.43,6.45,4561557
02/14/2019,6.4,6.55,6.24,6.46,3844883
02/15/2019,6.51,6.51,6.39,6.42,3063617
02/19/2019,6.38,6.54,6.36,6.38,3914561
02/20/2019,6.4,6.71,6.39,6.65,6194394
02/21/2019,6.65,6.69,6.55,6.63,4004487
02/22/2019,6.51,6.73,6.36,6.7,4610563
02/25/2019,6.72,6.82,6.56,6.57,6806466
02/26/2019,6.5,6.72,6.41,6.62,8153213
02/27/2019,6.7,6.96,6.63,6.88,17248085
02/28/2019,5.9,6.05,5.68,5.92,21887802
03/01/2019,5.99,6.23,5.9601,6.14,9186687
03/04/2019,6.18,6.215,5.88,5.94,8442248
03/05/2019,5.94,6.035,5.87,5.92,5782149
03/06/2019,5.95,6.2,5.95,6.035,7249404
03/07/2019,6.03,6.11,5.7,5.75,7208864
03/08/2019,5.7,5.76,5.59,5.68,4715089
03/11/2019,5.67,5.92,5.67,5.9,5737619
03/12/2019,5.9,5.96,5.8,5.85,3165274
03/13/2019,5.87,5.92,5.78,5.92,3726338
03/14/2019,5.89,5.97,5.85,5.87,2878610
03/15/2019,5.88,5.91,5.82,5.9,3998558
03/18/2019,5.87,5.95,5.83,5.9,3563752
03/19/2019,5.91,5.98,5.86,5.93,2527588
03/20/2019,5.92,6.08,5.91,5.98,5079584
03/21/2019,5.97,6.09,5.935,6.06,5164267
03/22/2019,6.05,6.0628,5.81,5.83,4039065
03/25/2019,5.84,5.9,5.67,5.74,4501865
03/26/2019,5.76,5.9,5.76,5.8,3135397
03/27/2019,5.81,5.85,5.65,5.8,3128431
03/28/2019,5.79,5.88,5.73,5.86,2829003
03/29/2019,5.89,5.945,5.83,5.9,5002099
04/01/2019,5.94,5.97,5.82,5.8458,3727386
04/02/2019,5.85,5.95,5.821,5.88,3051549
04/03/2019,5.9,6.02,5.9,5.98,2775623
04/04/2019,5.97,6.02,5.89,5.97,2566816
04/05/2019,5.97,6.02,5.9,5.97,2849592
04/08/2019,5.97,6.01,5.93,5.97,2280720
04/09/2019,5.93,6.02,5.8,5.85,4208738
04/10/2019,5.85,5.9,5.8,5.88,2808252
04/11/2019,5.88,5.92,5.77,5.8,2427108
04/12/2019,5.83,5.89,5.68,5.71,3167184
04/15/2019,5.71,5.73,5.41,5.57,6134629
04/16/2019,5.61,5.63,5.46,5.5,3574962
04/17/2019,5.52,5.54,5.35,5.39,3987213
04/18/2019,5.38,5.44,5.33,5.38,3462285
04/22/2019,5.37,5.46,5.26,5.43,4012563
04/23/2019,5.43,5.53,5.39,5.5,3492125
04/24/2019,5.5,5.59,5.46,5.47,2589350
04/25/2019,5.46,5.485,5.32,5.34,3716261
04/26/2019,5.31,5.39,5.28,5.36,2246923
04/29/2019,5.37,5.465,5.34,5.39,2594131
04/30/2019,5.36,5.43,5.22,5.27,4996964
05/01/2019,5.3,5.435,5.22,5.36,8973564
05/02/2019,5.41,5.46,4.925,4.97,17533927
05/03/2019,4.97,5.16,4.97,5.1,8201412
05/06/2019,4.98,5.22,4.96,5.16,6660252
05/07/2019,5.1,5.1,4.98,5.03,7436234
05/08/2019,5.03,5.1,5.005,5.03,3483423
05/09/2019,5.03,5.04,4.9,4.98,5175542
05/10/2019,5,5.09,4.895,5.03,6010755
05/13/2019,4.95,4.98,4.85,4.93,6644232
05/14/2019,4.97,5.14,4.95,5.1,5249749
05/15/2019,5.05,5.12,5.03,5.08,4070365
05/16/2019,5.08,5.16,4.98,5.04,5076454
05/17/2019,4.99,5.05,4.9,4.91,5266971
05/20/2019,4.92,4.98,4.85,4.925,3885768
05/21/2019,4.98,5.045,4.97,5.035,3478221
05/22/2019,5.01,5.05,4.9,4.93,4930263
05/23/2019,4.87,4.9,4.8,4.85,3961433
05/24/2019,4.91,4.945,4.865,4.89,3286591
05/28/2019,4.91,4.92,4.81,4.88,4682267
05/29/2019,4.82,4.835,4.71,4.73,5855846
05/30/2019,4.75,4.77,4.62,4.68,5195003
05/31/2019,4.64,4.73,4.63,4.63,4044870
06/03/2019,4.62,4.62,4.44,4.5,5546391
06/04/2019,4.59,4.6,4.5,4.58,5520269
06/05/2019,4.6,4.64,4.435,4.46,4256275
06/06/2019,4.47,4.47,4.36,4.43,4335703
06/07/2019,4.41,4.49,4.32,4.46,3737391
06/10/2019,4.48,4.56,4.43,4.44,3982466
06/11/2019,4.5,4.55,4.47,4.54,3049581
06/12/2019,4.51,4.54,4.47,4.515,2765545
06/13/2019,4.54,4.55,4.43,4.51,3616665
06/14/2019,4.49,4.49,4.42,4.45,2761318
06/17/2019,4.48,4.58,4.45,4.54,2013793
06/18/2019,4.58,4.64,4.52,4.615,2032120
06/19/2019,4.62,4.69,4.58,4.64,2278750
06/20/2019,4.7,4.72,4.485,4.56,3526045
06/21/2019,4.56,4.56,4.45,4.48,2821551
06/24/2019,4.5,4.59,4.405,4.42,2786612
06/25/2019,4.44,4.57,4.4,4.405,3074302
06/26/2019,4.43,4.49,4.31,4.31,5167744
06/27/2019,4.36,4.36,4.21,4.345,6222368
06/28/2019,4.37,4.46,4.34,4.41,7437961
07/01/2019,4.5,4.53,4.32,4.4,5319727
07/02/2019,4.4,4.43,4.3,4.305,4176485
07/03/2019,4.32,4.4,4.31,4.4,1707520
07/05/2019,4.34,4.4,4.32,4.39,1829621
07/08/2019,4.38,4.39,4.25,4.3,4022899
07/09/2019,4.28,4.38,4.265,4.36,3093929
07/10/2019,4.39,4.44,4.32,4.38,3845582
07/11/2019,4.41,4.44,4.33,4.38,2452050
07/12/2019,4.39,4.49,4.38,4.46,2233581
07/15/2019,4.47,4.49,4.4,4.46,2737974
07/16/2019,4.45,4.5,4.42,4.445,2065720
07/17/2019,4.45,4.465,4.36,4.385,3616783
07/18/2019,4.38,4.4,4.27,4.31,3249833
07/19/2019,4.31,4.425,4.31,4.33,2522051
07/22/2019,4.35,4.39,4.29,4.31,1791654
07/23/2019,4.33,4.338,4.23,4.255,2757553
07/24/2019,4.23,4.35,4.22,4.34,2177576
07/25/2019,4.33,4.41,4.3,4.32,3710961
07/26/2019,4.39,4.395,4.33,4.36,3049223
07/29/2019,4.36,4.4,4.34,4.38,2724030
07/30/2019,4.37,4.4,4.31,4.325,4537883
07/31/2019,4.36,4.38,4.09,4.19,13475892
08/01/2019,3.4,3.5,3.24,3.305,30431921
08/02/2019,3.28,3.3,3.2,3.285,10541625
08/05/2019,3.21,3.25,3.15,3.2,9052387
08/06/2019,3.19,3.24,3.1,3.21,8115566
08/07/2019,3.17,3.25,3.1,3.24,5021310
08/08/2019,3.24,3.34,3.2,3.33,4864863
08/09/2019,3.31,3.4801,3.26,3.43,7406785
08/12/2019,3.4,3.4,3.17,3.185,4903196
08/13/2019,3.2,3.35,3.12,3.3,5482565
08/14/2019,3.22,3.25,3.06,3.1,5361941
08/15/2019,3.12,3.12,2.85,2.89,7548161
08/16/2019,2.94,3.01,2.89,3,4132039
08/19/2019,3.03,3.034,2.92,2.935,3872012
08/20/2019,2.92,2.96,2.875,2.94,3055743
08/21/2019,3.1,3.24,3.01,3.02,7401465
08/22/2019,3.04,3.15,3,3.14,3815262
08/23/2019,3.11,3.215,3.02,3.03,4450251
08/26/2019,3.07,3.08,2.89,2.94,3855517
08/27/2019,2.96,2.96,2.83,2.85,4066879
08/28/2019,2.86,3.03,2.81,3.02,5306424
08/29/2019,3.06,3.14,3.05,3.085,3205253
08/30/2019,3.1,3.128,3.05,3.085,2208456
09/03/2019,3.07,3.08,2.97,2.97,3128829
09/04/2019,3.01,3.12,3,3.12,3731864
09/05/2019,3.15,3.34,3.13,3.3,6919578
09/06/2019,3.3,3.55,3.23,3.48,7399316
09/09/2019,3.48,3.53,3.37,3.49,4259070
09/10/2019,3.48,3.58,3.44,3.52,4472436
09/11/2019,3.54,3.68,3.47,3.645,5245408
09/12/2019,3.61,3.85,3.6,3.805,6424193
09/13/2019,3.84,3.88,3.62,3.74,6408393
09/16/2019,3.7,3.83,3.68,3.76,3662216
09/17/2019,3.73,3.77,3.65,3.75,3484059
09/18/2019,3.75,3.82,3.67,3.77,3578864
09/19/2019,3.75,3.82,3.66,3.66,3087008
09/20/2019,3.66,4.52,3.64,4.1,26157825
09/23/2019,4.27,4.37,4.01,4.1,11662564
09/24/2019,4.1,4.2,3.88,3.94,6931473
09/25/2019,3.96,4.045,3.9,3.96,3772062
09/26/2019,3.96,3.98,3.8,3.83,3379052
09/27/2019,3.85,3.945,3.83,3.9,3583288
09/30/2019,3.93,3.93,3.78,3.815,2690376
10/01/2019,3.86,3.94,3.73,3.75,4156174
10/02/2019,3.71,3.75,3.65,3.67,2389609
10/03/2019,3.63,3.81,3.57,3.78,4941062
10/04/2019,3.81,4.025,3.68,3.93,7342565
10/07/2019,3.92,3.97,3.755,3.82,4178748
10/08/2019,3.78,3.87,3.61,3.69,4748288
10/09/2019,3.75,3.8,3.58,3.7,4372807
10/10/2019,3.69,3.7,3.3,3.56,7128103
10/11/2019,3.59,3.7,3.54,3.66,3938915
10/14/2019,3.66,3.665,3.56,3.65,2588827
10/15/2019,3.65,3.66,3.42,3.45,6307391
10/16/2019,3.45,3.86,3.45,3.739,8585332
10/17/2019,3.8,4.07,3.69,3.99,10128775
10/18/2019,4.03,4.06,3.805,3.85,4832554
10/21/2019,3.92,4.21,3.89,4.18,9107592
10/22/2019,4.18,4.45,4.05,4.375,13272675
10/23/2019,4.38,4.53,4.29,4.49,7496227
10/24/2019,4.53,4.53,4.325,4.38,6041487
10/25/2019,4.37,4.42,4.24,4.32,4798865
10/28/2019,4.29,6.09,4.28,5.6254,63542290
10/29/2019,5.55,6.3,5.27,6.06,39451614
10/30/2019,6.17,6.37,5.51,5.85,32261537
10/31/2019,5.85,6.37,5.76,6.18,27103121
11/01/2019,7.25,7.26,7.08,7.11,203760858
11/04/2019,7.14,7.17,7.02,7.035,48896369
11/05/2019,7.03,7.08,7.01,7.05,19380234
11/06/2019,7.03,7.08,7,7.03,22024618
11/07/2019,7.02,7.04,6.93,6.98,21549620
11/08/2019,6.96,7.06,6.94,7.06,13647068
11/11/2019,7.02,7.08,6.85,6.99,17040625
11/12/2019,6.99,7.01,6.95,6.96,13179498
11/13/2019,6.93,6.93,6.84,6.86,19602038
11/14/2019,6.84,6.87,6.76,6.8,12334232
11/15/2019,6.78,6.89,6.76,6.8,10120223
11/18/2019,6.8,6.82,6.73,6.75,7691106
11/19/2019,6.75,6.76,6.67,6.695,7347709
11/20/2019,6.7,6.72,6.62,6.69,7836015
11/21/2019,6.7,6.745,6.65,6.68,4609447
11/22/2019,6.71,6.9,6.69,6.855,8847684
11/25/2019,6.85,6.86,6.745,6.78,5175647
11/26/2019,7.01,7.06,6.81,6.9,57276089
11/27/2019,6.9,7.08,6.87,7.07,17944514
11/29/2019,7.01,7.04,6.93,6.96,3199610
12/02/2019,6.93,6.945,6.85,6.87,7746816
12/03/2019,6.85,6.88,6.84,6.86,4144959
12/04/2019,6.88,6.9,6.81,6.86,10230126
12/05/2019,6.86,6.895,6.75,6.775,7938219
12/06/2019,6.82,6.83,6.71,6.74,6996497
12/09/2019,6.74,6.74,6.69,6.71,7015188
12/10/2019,6.72,6.81,6.6,6.78,11124253
12/11/2019,6.74,6.775,6.71,6.72,3956473
12/12/2019,6.73,6.75,6.66,6.67,4909309
12/13/2019,6.66,6.7,6.55,6.6,7342201
12/16/2019,6.6,6.65,6.56,6.62,14267665
12/17/2019,6.63,6.65,6.6,6.62,6318136
12/18/2019,6.64,6.65,6.59,6.6,7267434
12/19/2019,6.58,6.6,6.555,6.56,6441082
12/20/2019,6.56,6.57,6.53,6.54,4590265
12/23/2019,6.54,6.6,6.49,6.49,4618459
12/24/2019,6.49,6.51,6.42,6.48,3121899
12/26/2019,6.49,6.67,6.49,6.64,4314729
12/27/2019,6.64,6.65,6.41,6.48,5279539
12/30/2019,6.46,6.495,6.41,6.44,4396547
12/31/2019,6.41,6.58,6.41,6.57,4720440
01/02/2020,6.54,6.62,6.45,6.47,6373332
01/03/2020,6.43,6.475,6.4,6.43,7229040
01/06/2020,6.41,6.51,6.4,6.5,7746946
01/07/2020,6.46,6.59,6.4,6.55,9599608
01/08/2020,6.55,6.61,6.52,6.605,3742639
01/09/2020,6.59,6.65,6.56,6.64,3355890
01/10/2020,6.65,6.65,6.53,6.57,4295826
01/13/2020,6.6,6.61,6.49,6.52,7615887
01/14/2020,6.53,6.69,6.48,6.58,3992781
01/15/2020,6.57,6.62,6.54,6.58,4750498
01/16/2020,6.56,6.66,6.56,6.6,3494569
01/17/2020,6.63,6.7,6.6,6.68,5322786
01/21/2020,6.66,6.71,6.65,6.665,5483781
01/22/2020,6.68,6.7,6.59,6.59,3894777
01/23/2020,6.58,6.75,6.56,6.68,3516662
01/24/2020,6.71,6.72,6.66,6.69,3470185
01/27/2020,6.61,6.73,6.6,6.71,3679406
01/28/2020,6.71,6.7255,6.62,6.62,7745805
01/29/2020,6.63,6.66,6.56,6.58,4886669
01/30/2020,6.57,6.61,6.55,6.59,4239845
01/31/2020,6.58,6.601,6.51,6.52,4072725
02/03/2020,6.58,6.6,6.52,6.54,5681929
02/04/2020,6.58,6.6,6.51,6.52,3019499
02/05/2020,6.57,6.61,6.51,6.6,3657759
02/06/2020,6.63,6.72,6.56,6.64,3209636
02/07/2020,6.64,6.66,6.6,6.63,2314100
02/10/2020,6.65,6.66,6.59,6.6,4816146
02/11/2020,6.64,6.65,6.52,6.56,6236161
02/12/2020,6.59,6.62,6.46,6.5,8185494
02/13/2020,6.5,6.525,6.44,6.5,4195725
02/14/2020,6.5,6.51,6.42,6.43,6322456
02/18/2020,6.43,6.48,6.41,6.42,7850645
02/19/2020,6.43,6.49,6.43,6.47,4347585
02/20/2020,6.48,6.48,6.41,6.46,9976789
02/21/2020,6.31,6.48,6.31,6.46,8830367
02/24/2020,6.35,6.46,6.34,6.45,5148481
02/25/2020,6.47,6.49,6.43,6.455,6515200
02/26/2020,6.48,6.52,6.42,6.42,4399429
02/27/2020,6.38,6.44,6.34,6.36,5703310
02/28/2020,6.3,6.4,6.21,6.39,8860994
03/02/2020,6.39,6.5,6.37,6.485,8185058
03/03/2020,6.47,6.5,6.35,6.39,7036632
03/04/2020,6.44,6.48,6.34,6.47,4032398
03/05/2020,6.4,6.45,6.3,6.31,4467725
03/06/2020,6.22,6.25,6.11,6.23,6961647
03/09/2020,6.1,6.24,6,6.2,11528574
03/10/2020,6.27,6.46,6.16,6.4,8346914
03/11/2020,6.35,6.38,6.14,6.24,7610820
03/12/2020,6.12,6.27,5.96,6.15,14775448
03/13/2020,6.25,6.39,6.0049,6.385,7653633
03/16/2020,6,6.3,5.91,6.22,11502906
03/17/2020,6.17,6.24,6.01,6.23,12356226
03/18/2020,6.08,6.3,5.85,6.01,16284422
03/19/2020,5.95,6.34,5.86,6.08,11517338
03/20/2020,6.17,6.26,6.01,6.155,10973544
03/23/2020,6.13,6.42,6.07,6.16,15434977
03/24/2020,6.29,6.44,6.21,6.36,7101420
03/25/2020,6.32,6.52,6.23,6.4,7755471
03/26/2020,6.46,6.605,6.38,6.55,10386166
03/27/2020,6.48,6.57,6.42,6.45,6118341
03/30/2020,6.52,6.74,6.485,6.66,8858235
03/31/2020,6.68,6.79,6.52,6.67,6566886
04/01/2020,6.57,6.73,6.56,6.62,7225625
04/02/2020,6.6,6.69,6.53,6.6,6096744
04/03/2020,6.54,6.65,6.39,6.4,8018720
04/06/2020,6.45,6.53,6.36,6.5,7409745
04/07/2020,6.48,6.71,6.48,6.67,9306953
04/08/2020,6.64,6.68,6.545,6.6,5912370
04/09/2020,6.58,6.75,6.55,6.74,10158691
04/13/2020,6.7,6.78,6.63,6.695,6989862
04/14/2020,6.75,6.8,6.645,6.77,7014859
04/15/2020,6.77,6.8,6.71,6.76,6873813
04/16/2020,6.73,6.8,6.73,6.76,5962523
04/17/2020,6.77,6.8,6.62,6.67,11270961
04/20/2020,6.68,6.8,6.67,6.74,4918663
04/21/2020,6.76,6.83,6.715,6.72,8621625
04/22/2020,6.76,6.84,6.72,6.765,6518885
04/23/2020,6.79,6.88,6.73,6.85,5667817
04/24/2020,6.86,6.92,6.83,6.89,4718936
04/27/2020,6.91,6.96,6.84,6.85,5459565
04/28/2020,6.84,6.95,6.82,6.8699,3720954
04/29/2020,6.9,6.91,6.79,6.845,3630318
04/30/2020,6.82,6.85,6.65,6.68,5192099
05/01/2020,6.73,6.81,6.7,6.76,3277343
05/04/2020,6.81,6.87,6.8,6.86,2466245
05/05/2020,6.88,6.91,6.81,6.81,2622110
05/06/2020,6.85,6.89,6.83,6.84,2734149
05/07/2020,6.81,6.84,6.69,6.73,4936422
05/08/2020,6.72,6.73,6.68,6.69,3139046
05/11/2020,6.68,6.7,6.57,6.63,3609209
05/12/2020,6.63,6.655,6.575,6.58,3677568
05/13/2020,6.58,6.6,6.5,6.5,4750970
05/14/2020,6.49,6.54,6.43,6.53,3523423
05/15/2020,6.52,6.57,6.48,6.56,2681712
05/18/2020,6.52,6.55,6.43,6.48,5559631
05/19/2020,6.47,6.49,6.45,6.46,3999570
05/20/2020,6.49,6.49,6.4,6.45,5073840
05/21/2020,6.48,6.5,6.46,6.48,5311360
05/22/2020,6.5,6.5,6.42,6.43,2177865
05/26/2020,6.47,6.49,6.4,6.49,4093547
05/27/2020,6.5,6.68,6.47,6.64,4274902
05/28/2020,6.6,6.64,6.49,6.51,4692173
05/29/2020,6.49,6.515,6.31,6.34,13874098
06/01/2020,6.38,6.46,6.36,6.43,3884723
06/02/2020,6.42,6.44,6.27,6.2841,5279769
06/03/2020,6.35,6.35,6.17,6.26,6487191
06/04/2020,6.3,6.3,6.1,6.22,6862710
06/05/2020,6.24,6.36,6.2,6.23,5168894
06/08/2020,6.25,6.45,6.16,6.31,6224546
06/09/2020,6.3,6.33,6.15,6.15,6883824
06/10/2020,6.15,6.2,6.1,6.19,3768781
06/11/2020,6.11,6.2,6.1,6.12,3688616
06/12/2020,6.16,6.165,6.06,6.11,6497870
06/15/2020,6.07,6.24,6.06,6.23,4135928
06/16/2020,6.3,6.36,6.25,6.33,5634366
06/17/2020,6.32,6.33,6.25,6.26,5991618
06/18/2020,6.22,6.25,6.16,6.18,3864579
06/19/2020,6.21,6.52,6.17,6.37,10424769
06/22/2020,6.37,6.45,6.335,6.38,6790640
06/23/2020,6.38,6.44,6.33,6.39,4703363
06/24/2020,6.36,6.3976,6.33,6.355,4556718
06/25/2020,6.35,6.43,6.32,6.4,2789803
06/26/2020,6.36,6.38,6.32,6.35,6726940
06/29/2020,6.36,6.47,6.34,6.47,3762094
06/30/2020,6.43,6.5,6.42,6.45,5559103
07/01/2020,6.42,6.435,6.32,6.35,3440653
07/02/2020,6.36,6.37,6.24,6.29,2856920
07/06/2020,6.26,6.42,6.22,6.41,6395099
07/07/2020,6.35,6.52,6.14,6.2,5939971
07/08/2020,6.21,6.24,6.16,6.23,6435559
07/09/2020,6.27,6.71,6.18,6.71,19699297
07/10/2020,6.81,6.84,6.605,6.81,14569446
07/13/2020,6.83,6.85,6.63,6.63,4559411
07/14/2020,6.85,6.86,6.7202,6.83,7885488
07/15/2020,6.85,6.95,6.8036,6.93,9927928
07/16/2020,6.9,6.95,6.82,6.89,9943089
07/17/2020,6.89,6.905,6.64,6.75,10727943
07/20/2020,6.73,6.79,6.7,6.72,2762895
07/21/2020,6.75,6.79,6.71,6.79,2631141
07/22/2020,6.78,6.805,6.7,6.715,6836683
07/23/2020,6.72,6.87,6.6,6.86,20343207
07/24/2020,6.82,6.84,6.72,6.8,4625372
07/27/2020,6.8,6.85,6.75,6.79,4856407
07/28/2020,6.79,6.81,6.72,6.78,3139423
07/29/2020,6.77,6.8,6.6,6.67,7157033
07/30/2020,6.5,6.52,6.43,6.47,9613441
07/31/2020,6.47,6.57,6.47,6.54,3497067
08/03/2020,6.54,6.54,6.45,6.48,3506702
08/04/2020,6.47,6.49,6.4,6.42,12248917
08/05/2020,6.39,6.55,6.325,6.4,12398409
08/06/2020,6.41,6.52,6.36,6.48,5402230
08/07/2020,6.39,6.5084,6.35,6.48,4258472
08/10/2020,6.44,6.46,6.35,6.37,6697441
08/11/2020,6.39,6.4,6.31,6.34,3653708
08/12/2020,6.33,6.37,6.31,6.32,3269748
08/13/2020,6.35,6.36,6.31,6.34,2405723
08/14/2020,6.34,6.38,6.32,6.33,2122400
08/17/2020,6.33,6.36,6.29,6.35,2079080
08/18/2020,6.32,6.41,6.3,6.37,2690740
08/19/2020,6.39,6.43,6.36,6.4,1969229
08/20/2020,6.38,6.41,6.34,6.35,1961072
08/21/2020,6.37,6.37,6.31,6.34,2228109
08/24/2020,6.35,6.405,6.34,6.37,3182575
08/25/2020,6.37,6.53,6.32,6.45,4131336
08/26/2020,6.44,6.47,6.37,6.44,3906101
08/27/2020,6.45,6.52,6.41,6.46,3884893
08/28/2020,6.48,6.4855,6.39,6.44,2983168
08/31/2020,6.45,6.52,6.36,6.37,3394611
09/01/2020,6.35,6.37,6.31,6.32,3023843
09/02/2020,6.3,6.44,6.28,6.4,4483988
09/03/2020,6.36,6.375,6.29,6.34,4631827
09/04/2020,6.3,6.35,6.24,6.34,4751713
09/08/2020,6.32,6.33,6.29,6.3,3191576
09/09/2020,6.3,6.39,6.3,6.34,3173702
09/10/2020,6.35,6.36,6.26,6.29,2631754
09/11/2020,6.29,6.34,6.27,6.3,2960251
09/14/2020,6.32,6.39,6.3,6.37,2853241
09/15/2020,6.37,6.41,6.33,6.39,1680313
09/16/2020,6.43,6.46,6.37,6.44,2930494
09/17/2020,6.4,6.45,6.355,6.43,1648697
09/18/2020,6.43,6.47,6.37,6.37,3967672
09/21/2020,6.36,6.375,6.28,6.3,4469088
09/22/2020,6.36,6.44,6.32,6.42,2651348
09/23/2020,6.43,6.49,6.37,6.44,2836848
09/24/2020,6.42,6.47,6.39,6.46,2272463
09/25/2020,6.46,6.55,6.42,6.54,2747999
09/28/2020,6.55,6.65,6.54,6.59,4204041
09/29/2020,6.9,7.02,6.8427,6.96,28000743
09/30/2020,6.99,7,6.95,6.96,7493449
10/01/2020,6.99,7.02,6.98,6.98,9928818
10/02/2020,6.9,6.98,6.87,6.92,6667361
10/05/2020,6.92,6.967,6.87,6.89,4387108
10/06/2020,6.88,6.92,6.85,6.85,2601089
10/07/2020,6.85,6.95,6.85,6.925,5181410
10/08/2020,6.91,6.96,6.865,6.87,3943136
10/09/2020,6.91,6.95,6.85,6.86,3739056
10/12/2020,6.89,6.98,6.89,6.94,3263484
10/13/2020,6.92,6.97,6.91,6.93,3063959
10/14/2020,6.94,6.99,6.92,6.98,3618109
10/15/2020,6.94,7,6.92,6.98,4596818
10/16/2020,6.97,7.1,6.97,7.07,11097560
10/19/2020,7.09,7.1,7.02,7.025,6094235
10/20/2020,7.03,7.05,6.97,6.98,6940995
10/21/2020,6.98,7.02,6.96,6.97,3626824
10/22/2020,6.95,6.985,6.94,6.95,5189840
10/23/2020,6.93,6.98,6.93,6.96,3305494
10/26/2020,6.96,6.98,6.93,6.97,2534834
10/27/2020,6.98,7.008,6.96,6.96,3488227
10/28/2020,6.95,7.04,6.95,7.03,3351812
10/29/2020,7.02,7.03,6.98,7.02,2366463
10/30/2020,7.01,7.05,6.98,7.04,4022400
11/02/2020,7.05,7.09,7.02,7.04,3870097
11/03/2020,7.05,7.05,7.01,7.04,2221376
11/04/2020,7.02,7.05,6.95,6.96,8505540
11/05/2020,7.03,7.05,7.02,7.04,2706748
11/06/2020,7.03,7.05,7.03,7.04,3707800
11/09/2020,7.05,7.08,7.01,7.01,3679038
11/10/2020,7.03,7.05,7,7.05,3684044
11/11/2020,7.09,7.15,7.07,7.13,6512741
11/12/2020,7.13,7.14,7.09,7.1,4822990
11/13/2020,7.13,7.17,7.1,7.14,2438200
11/16/2020,7.15,7.195,7.14,7.16,3211406
11/17/2020,7.15,7.18,7.14,7.17,3248234
11/18/2020,7.17,7.18,7.14,7.15,5114914
11/19/2020,7.15,7.17,7.13,7.14,2661022
11/20/2020,7.14,7.16,7.13,7.14,2757076
11/23/2020,7.14,7.2,7.13,7.19,4025496
11/24/2020,7.2,7.2,7.17,7.175,3315842
11/25/2020,7.17,7.24,7.16,7.19,4792744
11/27/2020,7.19,7.24,7.17,7.18,1907805
11/30/2020,7.18,7.24,7.15,7.185,3957558
12/01/2020,7.2,7.23,7.18,7.2,3165958
12/02/2020,7.23,7.29,7.21,7.235,6119359
12/03/2020,7.22,7.34,7.2125,7.235,5761957
12/04/2020,7.25,7.25,7.23,7.25,1721154
12/07/2020,7.25,7.25,7.21,7.22,1922550
12/08/2020,7.22,7.23,7.2,7.205,2095708
12/09/2020,7.23,7.23,7.2,7.21,2276749
12/10/2020,7.21,7.21,7.16,7.17,1683256
12/11/2020,7.16,7.24,7.16,7.21,3030606
12/14/2020,7.23,7.24,7.19,7.21,1296266
12/15/2020,7.22,7.23,7.16,7.17,2255049
12/16/2020,7.12,7.21,7.12,7.19,2757967
12/17/2020,7.24,7.245,7.2,7.23,5112709
12/18/2020,7.25,7.26,7.19,7.25,6479903
12/21/2020,7.21,7.25,7.2,7.24,4672134
12/22/2020,6.84,6.94,6.8,6.87,16132329
12/23/2020,6.89,6.92,6.88,6.89,4336315
12/24/2020,6.87,6.91,6.82,6.865,2494286
12/28/2020,6.84,6.85,6.77,6.79,5445183
12/29/2020,6.81,6.84,6.79,6.8,2230954
12/30/2020,6.83,6.85,6.8,6.8,1426244
12/31/2020,6.8,6.83,6.79,6.81,2243174
