05/24/2007,84.61,84.61,84.61,84.61,200
06/12/2007,86.6,87.1,86.6,87.1,720
06/14/2007,87.11,87.5,86.76,86.76,110
06/19/2007,85.75,85.75,85.75,85.75,80
07/20/2007,84.75,84.75,84.75,84.75,100
07/26/2007,83.25,84.5,83.25,84.5,280
09/12/2007,82.12,84.62,82.12,84.62,270
09/27/2007,83.37,83.37,83.37,83.37,10
10/09/2007,82.12,82.12,80.15,81,890
10/18/2007,80,81.99,80,81.99,220
10/19/2007,81.99,85.55,81.99,85.55,360
10/22/2007,87,87,87,87,100
10/23/2007,85.75,85.75,85.75,85.75,20
10/29/2007,85.25,85.25,84.5,84.5,200
11/26/2007,85.85,86,85.85,86,180
12/11/2007,84.9,85,84.9,85,210
12/17/2007,85.25,86.25,85.25,86.25,200
12/28/2007,83.75,84,81.25,84,460
01/08/2008,82.75,82.75,81.5,82,120
01/09/2008,83.25,83.35,83.25,83.35,30
01/11/2008,82.1,83,80.85,83,460
01/15/2008,84,84.1,84,84.1,700
01/16/2008,82.85,83.25,80,83.25,510
01/29/2008,82,82,82,82,50
02/25/2008,80.87,81.48,80,81.48,440
02/26/2008,82.7,82.7,82.7,82.7,110
03/03/2008,83.95,83.95,81.5,81.5,50
03/10/2008,81.45,83.95,81.45,83.95,180
03/31/2008,81.2,82.45,81.2,82.45,190
04/11/2008,81.2,81.2,80.45,81.19,50
04/14/2008,81.19,82.03,81.19,82.03,50
04/25/2008,83.25,86,83.25,84.77,830
05/01/2008,84.01,84.01,83.27,83.27,125
05/23/2008,82.26,82.26,79,82.24,950
06/02/2008,83.25,83.25,83.25,83.25,15
07/01/2008,80.99,80.99,80.25,80.25,180
07/21/2008,81.45,81.45,81.45,81.45,50
07/24/2008,83.25,83.25,83.25,83.25,100
07/25/2008,83.25,83.25,81.26,81.26,230
07/29/2008,80.01,80.75,80.01,80.6,243
07/30/2008,80.8,80.8,80.8,80.8,100
07/31/2008,85.5,86.5,82.5,82.5,774
08/08/2008,82.62,85.5,82.62,83.51,390
08/11/2008,83.51,83.51,82.76,82.76,110
08/15/2008,84.01,86.5,84.01,84.75,255
08/18/2008,84.5,84.5,84,84,500
08/22/2008,83.25,83.25,82.05,82.05,70
08/25/2008,82,82,78,79.25,510
08/26/2008,80.5,80.5,80.5,80.5,330
08/28/2008,80.5,80.5,80.5,80.5,170
09/02/2008,81.75,81.75,81.75,81.75,15
09/10/2008,79.25,79.25,78.51,79.15,140
09/17/2008,77.9,80,77.9,80,195
09/18/2008,81.1,81.1,80.36,80.36,720
09/22/2008,79.85,79.85,76.26,78.1,2425
09/26/2008,76.85,76.85,76.85,76.85,100
09/30/2008,73,78.75,73,78.2,1535
10/06/2008,79.4,79.45,78.2,78.2,330
10/08/2008,76,76.95,74.4,74.4,1310
10/09/2008,75.65,78.5,75.65,78.5,110
10/15/2008,77.2,77.2,72,75.6,710
10/23/2008,77.8,77.8,77.8,77.8,100
10/30/2008,75.6,76.55,74,74,190
11/04/2008,73,73,73,73,10
12/01/2008,75.5,75.5,59.98,59.98,217
12/02/2008,73,73,73,73,10
12/04/2008,70.5,73,70.5,73,83
12/05/2008,70.5,73,70.5,73,37
12/11/2008,73.55,73.55,73.55,73.55,1200
12/26/2008,72.9,73,72.9,73,2995
12/30/2008,75.3,75.3,75.3,75.3,200
01/06/2009,75,76.72,74.62,74.62,240
01/07/2009,77.02,77.02,77.02,77.02,50
01/08/2009,79.4999,79.4999,79.4999,79.4999,375
01/27/2009,79.1,79.1,79.1,79.1,100
02/02/2009,78.9999,79.51,78.95,79.51,3810
02/06/2009,79,79,79,79,200
02/09/2009,79,79,79,79,25
02/10/2009,76.5,78.05,74.55,78.05,105
02/11/2009,76.05,79.96,76.01,76.01,740
02/12/2009,76,76,76,76,200
02/13/2009,76,78.7,76,78.7,460
02/17/2009,76.01,79,76,79,760
02/19/2009,78.9999,79,78.9999,79,1869
02/20/2009,79,79,79,79,100
02/27/2009,83,83,83,83,10
03/02/2009,78,78,78,78,110
03/09/2009,78,78,78,78,10
03/17/2009,76,76,75.11,75.11,310
03/20/2009,73.01,78,73.01,78,510
03/23/2009,79.5,82.48,79.5,82.48,80
03/27/2009,84,85.5,84,85.5,140
04/03/2009,83,83,79.75,79.75,30
05/22/2009,76.12,76.12,76.12,76.12,10
06/01/2009,78.62,78.62,78.62,78.62,17
06/02/2009,73.62,76.12,73.62,76.12,102
06/17/2009,74,74,74,74,200
06/22/2009,71.5,71.5,68,68.5,440
06/23/2009,69.59,71.95,69.59,71.95,100
06/25/2009,74.45,81.95,74.45,79.25,410
06/29/2009,79.2,79.2,79.2,79.2,10
06/30/2009,79.15,79.15,79.15,79.15,20
07/02/2009,81.45,81.45,81.45,81.45,140
07/21/2009,79,79,79,79,100
07/24/2009,78.95,78.95,78.95,78.95,10
08/04/2009,76.45,76.45,76.45,76.45,16
08/10/2009,77.8,77.8,77.8,77.8,12940
08/19/2009,75.32,75.32,75.32,75.32,10
08/21/2009,75.32,75.32,75.32,75.32,110
08/26/2009,72.82,72.82,70.02,72,120
08/27/2009,70.5,74.5,70.5,74.5,18140
08/28/2009,77,77,73.3,73.3,1580
08/31/2009,73,75.35,70.5,73.5,2170
09/01/2009,74.8,74.8,74.8,74.8,18
09/02/2009,74.8,74.8,72,72,2490
09/03/2009,73,74.75,73,74.75,885
09/08/2009,74,75.5,73,75,3860
09/10/2009,75.5,75.5,75,75,1270
09/14/2009,75.9999,75.9999,75.9999,75.9999,175
09/15/2009,76,76,75.9999,76,450
09/17/2009,76,76,76,76,30
09/18/2009,76,76,76,76,125
09/21/2009,73.5,73.5,72,72,30
09/22/2009,73.1,73.1,73.1,73.1,20
09/23/2009,73,73,73,73,20
09/24/2009,75.5,76,75.5,75.95,185
09/25/2009,73.45,73.45,73.45,73.45,50
09/28/2009,76,76,76,76,200
09/29/2009,73.5,75.95,73.5,75.95,110
10/05/2009,75.95,75.95,75.95,75.95,160
10/09/2009,73.55,73.55,73.55,73.55,100
10/14/2009,75.6,76,75.6,75.6,300
10/15/2009,75.6,75.6,75.6,75.6,200
10/19/2009,76,77.5,74.05,74.05,2025
10/30/2009,76.5,76.5,76.5,76.5,200
11/02/2009,78.95,78.95,77.5501,78.95,555
11/09/2009,80.3,80.3,80.3,80.3,30
11/30/2009,80.3,80.3,80.3,80.3,20
12/01/2009,81.2,81.2,81.2,81.2,17
12/14/2009,81.2,81.2,81.1999,81.1999,340
12/18/2009,81.2,81.2,79.8001,79.8001,320
12/21/2009,81.2,81.2,76.72,76.72,275
12/23/2009,77.75,77.75,77.75,77.75,50
12/28/2009,75.05,75.5,74.88,74.88,180
12/29/2009,73.3,75.6,73.3,75.6,355
12/30/2009,77,77,76.51,76.51,690
12/31/2009,78.05,78.05,78.05,78.05,200
01/04/2010,76.51,76.51,76.51,76.51,100
01/06/2010,79,79,78.995,78.995,150
01/08/2010,76.5,76.5,74,75.995,240
01/11/2010,77,77,77,77,100
01/12/2010,76.95,76.95,75,75,340
01/19/2010,76.85,76.85,76.85,76.85,10
01/20/2010,74.35,74.35,74.35,74.35,50
01/25/2010,76.05,76.05,76.05,76.05,100
01/27/2010,77.4,77.445,77.4,77.445,100
02/03/2010,78.75,78.75,78.75,78.75,120
02/04/2010,76.2501,76.2501,76.2501,76.2501,100
02/10/2010,76.25,76.25,76.25,76.25,70
02/17/2010,74.5,74.5,74.5,74.5,100
02/26/2010,76.8999,76.95,76.8999,76.95,737
03/01/2010,79.4,79.4,79.4,79.4,10
03/04/2010,81.2,81.2,81.2,81.2,120
03/08/2010,78.7,78.7,77.2,77.2,80
03/09/2010,75,76,72.1,76,910
03/10/2010,75.8,77.35,72.6,76.75,1415
03/11/2010,77,77,76.25,76.25,720
03/17/2010,79.2,79.2,79,79,220
03/23/2010,81,81,81,81,10
04/08/2010,79.05,79.05,79.05,79.05,200
04/09/2010,78.5,78.5,77.18,77.18,100
04/19/2010,77,78.5,77,78.5,200
04/20/2010,79.5,89.55,79.5,83.55,715
04/21/2010,87.55,89.05,82.05,82.05,250
04/26/2010,84.55,89.15,84.55,85.15,530
04/29/2010,82.65,83.95,79.959,83.95,2830
05/06/2010,82.85,84.4999,82.5,82.5,1770
05/12/2010,85.5,88.5,85.5,87.5,1290
05/13/2010,83,83,83,83,170
05/21/2010,80.5,80.5,77.05,80.5,320
06/04/2010,78,80,76.5,80,275
06/10/2010,82.5,84,82.5,84,210
06/28/2010,81.5,81.5,81.5,81.5,16
06/29/2010,81.5,81.5,81.5,81.5,10
07/06/2010,80.7,81.9999,80.7,81.9999,195
07/09/2010,83.2,83.2,83,83,180
07/12/2010,83.25,87,83.25,85.5,150
07/16/2010,85.5,85.5,85.5,85.5,30
07/26/2010,83,83,81.6,81.6,170
08/04/2010,82,82,82,82,285
08/05/2010,84.45,84.45,84.45,84.45,100
08/09/2010,80.82,80.82,79.32,79.35,90
08/12/2010,84,84,80.5,81.95,505
08/16/2010,81.45,81.45,79.95,79.95,20
08/17/2010,80.45,80.45,80.45,80.45,10
08/18/2010,80.95,80.95,80.95,80.95,10
08/19/2010,81.45,83.95,81.45,83.95,150
09/01/2010,84.6,84.6,84.6,84.6,10
09/10/2010,82.1,83.55,82.1,83.55,135
09/16/2010,84.6,84.6,84.55,84.6,255
09/23/2010,84.6,84.7,84.6,84.7,235
10/01/2010,84.7,84.7,84.7,84.7,100
10/07/2010,82.2,83.2,81.7,83.2,110
10/11/2010,85.65,85.65,85.65,85.65,10
11/02/2010,84,84.05,84,84.05,70
11/10/2010,84.1,84.1,84.1,84.1,100
11/30/2010,81.6,82.3,80.8,82.3,295
12/06/2010,84.75,84.75,84.75,84.75,90
12/07/2010,82.25,87.98,81.75,81.89,2750
12/09/2010,80.07,80.07,80,80,425
12/14/2010,80,80,80,80,100
12/15/2010,84.9,84.9,82.75,82.95,640
12/20/2010,80.46,80.46,80.45,80.46,1710
12/29/2010,84,84,82.5,82.5,690
12/31/2010,82.4,82.4,82.4,82.4,10
01/11/2011,84.45,84.45,84.44,84.44,25
01/14/2011,83.95,83.95,79.5,79.6,774
01/18/2011,81.53,82.08,80.03,80.03,390
01/21/2011,80,80,80,80,80
01/25/2011,80.02,80.02,80.01,80.01,110
01/27/2011,82.44,82.44,82.44,82.44,60
02/01/2011,80.01,80.01,80.01,80.01,10
02/02/2011,81,81,81,81,200
02/03/2011,80.5,80.5,80.5,80.5,10
02/04/2011,80.5,80.5,80.5,80.5,10
02/11/2011,82.44,82.45,82.44,82.45,320
02/14/2011,80.51,80.95,80.01,80.6,3525
02/15/2011,82,82,82,82,10
02/18/2011,82,82,82,82,600
02/22/2011,80.05,80.0501,80.05,80.0501,100
02/24/2011,80.3,80.78,80.3,80.77,5180
02/28/2011,81.2,81.2,81.2,81.2,160
03/01/2011,81.8,81.8,81.8,81.8,600
03/03/2011,80.07,80.07,80.07,80.07,100
03/04/2011,80.4,80.4,80.4,80.4,40
03/07/2011,81.5,81.5,81.5,81.5,200
03/08/2011,80.06,81.28,79.03,79.8,1405
03/09/2011,80.35,80.35,80.35,80.35,90
03/10/2011,81,81.15,80.99,81,750
03/14/2011,80.15,80.95,80.15,80.6,515
03/15/2011,81.25,81.25,81.25,81.25,250
03/16/2011,81.97,81.97,81.44,81.45,450
03/18/2011,80.16,80.16,80.16,80.16,50
03/22/2011,81.4,81.4,81.39,81.39,175
03/28/2011,80.33,81,80.33,81,120
03/30/2011,80.75,80.75,80.75,80.75,25
03/31/2011,81,81,80.95,80.95,725
04/04/2011,80.9999,80.9999,80.9499,80.9499,415
04/05/2011,81,81,81,81,515
04/08/2011,81.4,81.4,81.39,81.39,30
04/12/2011,80.16,80.1601,80.1,80.105,520
04/15/2011,80.1,80.97,80.1,80.97,519
04/18/2011,81.38,81.4,81.38,81.4,590
04/25/2011,81.5,81.5,81.5,81.5,20
04/26/2011,80.5,82,80.5,82,150
04/28/2011,82,82,81.5,81.75,780
05/02/2011,82.73,82.73,82.73,82.73,10
05/03/2011,85.66,85.66,83.82,83.82,40
05/05/2011,82.57,82.57,82.56,82.57,200
05/06/2011,82.61,82.61,81.15,81.15,248
05/10/2011,82.89,83.85,82.59,82.59,110
05/16/2011,82.25,83.89,82.25,83.89,545
05/23/2011,84,84,84,84,159
05/25/2011,84,84,83.365,83.99,410
05/31/2011,87.41,87.51,85,85.25,130
06/01/2011,85.01,86.29,84.01,84.01,540
06/07/2011,86.51,88.1,86.49,86.49,50
06/08/2011,83.99,83.99,83.99,83.99,44
06/09/2011,84,84.03,84,84.03,100
06/20/2011,86.48,86.48,84.98,84.98,80
06/24/2011,87.47,88,85.37,85.37,100
07/11/2011,86.96,99.38,86.96,88.23,1002
07/12/2011,88.95,89,88.95,89,210
07/14/2011,88,88,88,88,140
07/15/2011,88,88,88,88,143
07/18/2011,88,89,87.99,88,784
07/19/2011,86.55,87.85,86.55,87.85,110
07/21/2011,90,91,90,91,140
07/25/2011,88,90,88,90,2860
08/15/2011,85.92,85.92,85.88,85.88,194
08/19/2011,85.01,86.29,85.01,86.29,31
08/23/2011,88.82,88.86,88,88,130
08/24/2011,87.96,89.4,87.96,89.4,290
08/25/2011,87.55,87.55,87.55,87.55,530
08/26/2011,91.2,91.2,91,91,30
08/29/2011,91.25,91.25,91.25,91.25,12
09/01/2011,91.73,91.73,91.73,91.73,12
09/13/2011,90.5,91.5,90.5,91.5,2860
09/19/2011,90,90,90,90,50
09/21/2011,90,90,90,90,210
09/26/2011,90,90,90,90,310
09/29/2011,97,97,91.28,91.28,350
09/30/2011,94.28,103.23,94.28,99,1040
10/03/2011,96.03,97.47,93.75,94,2590
10/05/2011,93,93,93,93,230
10/06/2011,96.95,98.42,96.95,98.42,90
10/07/2011,95.41,95.41,95.41,95.41,150
10/12/2011,95.46,95.46,95.36,95.36,130
10/21/2011,95.99,97,95.99,97,1250
10/24/2011,93.35,96.19,93.35,96.14,335
10/28/2011,99.14,100.05,99.14,100.05,120
10/31/2011,98.25,100.05,97.25,100.03,340
11/02/2011,96.77,98.2,96.77,98.2,70
11/14/2011,97.25,98.5,95.53,95.53,1340
11/22/2011,97,98.25,97,98.25,12940
12/21/2011,94.51,97.3,94.5,97.3,553
12/29/2011,100,100,100,100,51
12/30/2011,98.5,98.5,98.5,98.5,100
01/03/2012,96.25,96.25,96.25,96.25,500
01/05/2012,94.44,95.86,94.44,95.86,80
01/18/2012,95,95,95,95,50
02/03/2012,97.7,97.7,95.95,96.95,1502
02/08/2012,98,99,98,99,2268
02/10/2012,99.04,99.08,99,99,61
02/28/2012,96.08,96.08,94,96,740
03/05/2012,98.32,98.32,98.32,98.32,30
03/06/2012,96.75,96.84,93.94,93.94,1540
03/07/2012,96,96.78,95.17,96.3,1130
03/12/2012,94.12,94.12,94.0301,94.0301,125
03/15/2012,97,97.95,96.46,96.46,208
03/23/2012,97,97.75,97,97.75,1120
04/03/2012,97.01,97.01,97,97,120
04/09/2012,98,98,98,98,50
04/12/2012,97.95,97.95,95.0301,95.0301,172
04/13/2012,94.0201,94.0201,94.02,94.02,55
04/19/2012,95.25,95.25,95.25,95.25,500
05/04/2012,97.75,98.5,97.5,97.5,4322
05/10/2012,98.95,98.95,98.95,98.95,41
05/11/2012,98.95,98.95,98.95,98.95,55
05/17/2012,98.95,98.95,98.95,98.95,100
05/18/2012,98.95,98.95,98.95,98.95,60
05/21/2012,98.95,98.95,98.95,98.95,23
05/22/2012,98.95,98.95,98.95,98.95,63
05/25/2012,95.95,97.37,94.61,97.37,617
05/29/2012,94.62,94.62,94.62,94.62,15
05/31/2012,97.7,97.7,95.25,95.25,90
06/04/2012,96.83,96.8301,96.83,96.8301,786
06/06/2012,98,99.25,98,99.25,3028
06/07/2012,95.1,96.44,95.01,95.25,375
06/11/2012,95.4,95.4,95.4,95.4,100
06/26/2012,95.45,98,95.45,98,774
06/29/2012,97,97,97,97,23
07/03/2012,98.4499,98.4499,94.91,94.91,246
07/05/2012,96.34,96.34,96.34,96.34,10
07/12/2012,94.9,94.9,94.9,94.9,50
07/18/2012,95.01,95.01,94.8901,94.8901,100
08/01/2012,97.89,97.9399,97.89,97.9399,200
08/02/2012,97.2,98.5,97.2,98.5,1477
08/06/2012,98.95,98.95,98.95,98.95,100
08/08/2012,99,101.95,99,100.45,3485
08/09/2012,97.3,97.3,97.3,97.3,10
08/22/2012,98.5,99.5,98.5,99.5,16792
08/27/2012,99.25,100,99.25,100,5216
09/05/2012,98.01,98.01,98.01,98.01,10
09/06/2012,99.98,99.98,99.98,99.98,10
09/10/2012,99.95,99.95,99.95,99.95,29
09/11/2012,99.95,99.95,99.95,99.95,10
09/13/2012,100,100,100,100,134
09/17/2012,100,100,100,100,44
09/18/2012,98.0101,98.0101,98.0101,98.0101,60
09/28/2012,98.05,98.05,98.05,98.05,11
10/01/2012,98,98,98,98,55
10/09/2012,98,99,98,99,620
10/10/2012,97.0001,97.0001,97.0001,97.0001,50
10/26/2012,97.02,97.02,97.02,97.02,100
11/01/2012,97,97.75,97,97.75,109
11/13/2012,97.05,97.05,97,97,150
11/14/2012,97,97,97,97,10
11/16/2012,97.05,97.05,97,97,103
11/21/2012,97,97,95.64,95.64,218
11/23/2012,98,98,98,98,272
12/03/2012,97.01,98.4,97,97,470
12/05/2012,97,97,97,97,30
12/11/2012,97.99,97.99,97.99,97.99,329
12/12/2012,98,98,98,98,320
12/14/2012,97,97,97,97,87
12/18/2012,95.66,95.66,95.66,95.66,100
01/02/2013,95.66,95.66,95.6401,95.6401,425
01/03/2013,95.6,95.6,94.62,94.62,600
01/04/2013,95.6,95.6,95.56,95.56,200
01/07/2013,96,96,96,96,300
01/08/2013,95.5,95.5,95.5,95.5,179
01/11/2013,95.28,95.3,95.28,95.3,520
01/15/2013,96,97.5,96,97.5,1040
02/01/2013,96.9,98,95.5,95.5,3027
02/04/2013,93.73,93.73,93.73,93.73,16
02/08/2013,93.8001,93.8001,93.8001,93.8001,50
02/11/2013,95.05,95.05,95.05,95.05,100
02/12/2013,95,95.2986,95,95.2986,116
02/26/2013,95.1,95.1001,95.1,95.1001,100
04/02/2013,98.1,98.1,98.1,98.1,20
04/08/2013,98.1,98.1,96,96,700
04/09/2013,97,97,95.25,95.25,675
04/10/2013,98.25,98.25,96.53,97.98,63
04/11/2013,97.89,97.89,96.5,96.5,200
04/12/2013,97.05,97.05,97.05,97.05,10
04/15/2013,97.99,99.75,96.5,98,2160
04/16/2013,100.51,100.51,99.03,99.03,230
04/17/2013,99.6,100,99.6,99.6,2186
04/18/2013,99.6,99.95,99.6,99.95,343
04/19/2013,99.7,103.46,99.7,101.17,327
04/22/2013,99.62,100,99.6,99.6,348
04/24/2013,99.65,100.25,99.6,99.6,7977
04/25/2013,103.95,103.95,99.6,99.6,285
04/29/2013,100.06,100.06,100,100,900
04/30/2013,99.96,100.5,99.25,99.25,7485
05/02/2013,99.91,99.91,99.91,99.91,10
05/03/2013,99.95,99.95,99.95,99.95,113
05/14/2013,96.16,96.16,96.16,96.16,10
05/16/2013,99.75,99.75,99.75,99.75,3709
06/10/2013,96.85,97.15,96.85,97.0975,253
06/11/2013,97.75,99.38,97.75,99.38,290
06/12/2013,99.94,99.94,99.94,99.94,51
06/13/2013,99.14,99.15,95.68,96,843
06/14/2013,97.1,99.9,97.1,99,1683
06/19/2013,96.95,96.95,95.9501,95.9501,200
06/20/2013,100.4,100.45,96,96.0001,523
06/25/2013,96.22,96.22,96.22,96.22,100
06/26/2013,96.35,96.4,96.35,96.4,415
06/27/2013,96.75,96.75,96.75,96.75,90
07/03/2013,95.75,95.775,95.75,95.775,300
07/05/2013,95.759,95.759,95.75,95.75,330
07/16/2013,98.75,98.75,95.9,95.9,24
07/23/2013,95.81,95.81,95.81,95.81,54
07/24/2013,95.81,95.81,95.81,95.81,10
07/25/2013,95.81,95.81,95.81,95.81,44
07/30/2013,98.7,98.7,98.7,98.7,25
08/05/2013,96.9,96.9,96.9,96.9,50
08/14/2013,94.88,94.88,94.88,94.88,75
08/20/2013,94.88,94.88,94.19,94.19,100
08/23/2013,93.74,93.74,93.74,93.74,248
08/30/2013,94,95.25,94,95.25,450
09/04/2013,97.15,97.15,97.15,97.15,10
09/20/2013,93.8001,93.8001,93.76,93.76,300
09/26/2013,93.77,93.77,93.76,93.76,300
09/27/2013,93.76,94.5,93,94.5,2352
10/14/2013,92.24,92.249,92.24,92.249,250
10/15/2013,92.39,93.85,92.24,93.85,1605
10/18/2013,94.25,95.1,94.25,95.1,2440
10/24/2013,92.37,92.37,92.37,92.37,46
10/25/2013,92.37,94.5,92.36,94.5,3320
11/04/2013,92.509,92.509,92.5,92.5,200
11/06/2013,92,92,92,92,100
11/07/2013,92,92,92,92,300
11/08/2013,92.4,92.4,92.4,92.4,107
11/18/2013,98,98,95,95,206
11/25/2013,93.57,93.57,93.57,93.57,33
11/26/2013,97.95,97.95,94.6,95.5,1206
12/02/2013,92.05,92.35,92.05,92.35,247
12/03/2013,91.8,91.866,91.8,91.85,160
12/09/2013,91.75,91.75,91.75,91.75,100
12/10/2013,91.75,91.75,91.75,91.75,50
12/12/2013,91.75,91.75,91.75,91.75,200
12/17/2013,91.75,91.75,91.75,91.75,312
12/18/2013,89.25,89.25,85.29,86.54,1330
12/19/2013,86.97,88,86.97,88,1354
12/20/2013,86.5,87.8,86.5,87.7,320
12/23/2013,88.85,90.1899,88.85,90,320
12/26/2013,90,90,90,90,114
12/27/2013,94.25,97.11,94.25,95.7,274
12/30/2013,94.98,96.36,92.1401,94.8701,1017
12/31/2013,94.96,94.96,93.45,94,403
01/02/2014,98,98,91.6,91.6,330
01/03/2014,92,92,90.6201,90.6201,765
01/08/2014,90.6201,90.6201,90.6201,90.6201,425
01/28/2014,93.33,93.33,93.33,93.33,200
01/30/2014,91.93,91.93,90.5,90.5,110
02/04/2014,90.6,90.6001,90.6,90.6001,270
02/06/2014,90,90,90,90,30
02/10/2014,90.0001,90.0001,90.0001,90.0001,110
02/12/2014,90,90,88.1201,88.1201,400
02/18/2014,88.12,88.12,88.12,88.12,54
02/21/2014,88.12,88.12,88.12,88.12,94
02/24/2014,88,89.32,88,89.32,172
02/25/2014,88,89.32,88,89.32,684
02/27/2014,88,89,88,89,100
03/04/2014,89.3199,89.3199,89.3199,89.3199,75
03/06/2014,89.3199,89.3199,89.3199,89.3199,500
03/07/2014,89.4,90.75,89.4,90.7499,78
03/11/2014,90,90,90,90,10
04/07/2014,88.5,90.9999,88.5,90.9999,698
04/15/2014,88.6501,88.66,88.65,88.66,117
04/25/2014,88.5,88.55,88.5,88.55,200
04/30/2014,88.5,88.5,88.5,88.5,190
05/01/2014,89.98,89.98,88.6301,88.6301,45
05/20/2014,90.1899,90.1899,90.1899,90.1899,235
05/22/2014,90.19,90.19,90.1899,90.1899,128
05/23/2014,90.1899,90.19,90.15,90.15,500
06/02/2014,91.47,92.89,91.47,92.89,128
06/05/2014,92.85,92.85,92.85,92.85,80
06/06/2014,92.99,92.99,92.99,92.99,130
06/09/2014,92.85,92.85,92.85,92.85,50
06/27/2014,93,93,93,93,420
06/30/2014,93.0001,93.0001,93,93,300
07/01/2014,93,93,93,93,310
07/07/2014,92.75,94.25,92.75,94.25,2511
07/11/2014,91.6001,91.6001,91.6001,91.6001,140
07/17/2014,92,93,92,93,2440
07/23/2014,94,95.25,93.4,93.75,2245
07/24/2014,93.85,93.87,93.85,93.87,1000
07/28/2014,93,93,92.0001,92.0001,200
07/31/2014,92.0001,92.0001,92.0001,92.0001,175
08/06/2014,91.07,92,91,92,215
08/11/2014,90,91.15,90,91.15,400
08/14/2014,89.47,89.47,89.43,89.43,570
08/18/2014,89.45,89.45,89.43,89.43,260
08/28/2014,90,91.071,90,91,331
09/02/2014,90.01,90.01,90,90,125
09/03/2014,91.25,91.25,90.9999,90.9999,930
09/08/2014,90.05,90.05,90.05,90.05,200
09/15/2014,91.35,91.5,90.3,90.3,158
09/16/2014,90.5,92.85,90,90,14064
09/17/2014,90.5,92.4,90.1,90.3,3579
09/19/2014,90.55,91.46,90.55,91.15,16164
09/22/2014,91,93,90.9,91.25,3220
09/23/2014,93.84,93.84,92.3,92.4,450
09/24/2014,93.78,96.244,93.244,96.244,1530
09/25/2014,103,103,97.5,97.5,1190
09/26/2014,100,100,95.5,96.5,2073
09/29/2014,100,100,95.5,97,4434
09/30/2014,96.9,98.5,95.82,96.35,6394
10/01/2014,96.3,96.8,94,94.85,12440
10/02/2014,93.8,97.19,93.8,95.5,5131
10/03/2014,95.8,96.22,94.1,95.9,3582
10/06/2014,95.95,96.05,95.5,95.9,2155
10/07/2014,97.5,97.5,95.5,96.6,9245
10/08/2014,95.5,96.68,95,95,5297
10/09/2014,96,96.49,94.7005,95.97,1750
10/10/2014,97.5,97.5,95.5,96.39,2802
10/13/2014,96.13,97.35,96.13,97.35,90
10/14/2014,96,96,93,93,270
10/15/2014,95.05,96,94.5,94.5,305
10/16/2014,91.35,96.05,90.56,94,1278
10/17/2014,97.55,97.55,95.5,95.99,981
10/20/2014,97.55,97.55,96.45,97.45,165
10/21/2014,97.4,97.4,97.195,97.195,200
10/22/2014,97.2,97.2,96.7,96.7,1000
10/23/2014,97.5,97.5,97,97,410
10/24/2014,97.47,97.5,95.5,97,862
10/27/2014,97.49,97.4999,97.49,97.4999,295
10/28/2014,97.5,97.55,97,97.55,375
10/29/2014,97.5,97.5,94.62,97,418
10/30/2014,97.55,97.55,97.35,97.55,135
11/03/2014,97.55,119.81,96.9,119.81,6416
11/04/2014,95,98.5,95,95.0601,4963
11/05/2014,94,95.5,94,95,130
11/06/2014,94,96.2,94,96.2,200
11/07/2014,96,100.41,96,99.91,534
11/10/2014,97.7,99,95,97.7,1250
11/11/2014,97.7,98.2,96.4,97.5,7372
11/12/2014,96,98,95.735,95.735,1075
11/13/2014,96.5,97.2,96.5,97.2,220
11/14/2014,97.2,97.2,95,96,480
11/17/2014,99.91,99.91,97.25,97.25,110
11/18/2014,99.85,99.85,98,98,51
11/19/2014,97,99.9099,97,99,800
11/20/2014,99.9,99.9,98.0001,98.0001,571
11/21/2014,98,98,96.0001,97,135
11/24/2014,95.31,95.3501,95.31,95.3501,170
11/25/2014,96.3,96.3,94.33,94.33,675
11/26/2014,95.9199,95.9199,95.9199,95.9199,100
12/01/2014,99.9,99.9,95.3,95.3,272
12/03/2014,94.18,96.25,94.18,96.25,358
12/08/2014,94.25,94.25,94.25,94.25,21
12/11/2014,94.18,94.18,94.18,94.18,50
12/12/2014,97.7,97.7,97.7,97.7,100
12/16/2014,97.6999,97.6999,97.6999,97.6999,50
12/19/2014,94.18,94.18,89.87,90.0001,181
12/22/2014,96.85,96.85,96.85,96.85,45
12/23/2014,94,94,93,93,150
12/24/2014,96.99,96.99,96.99,96.99,100
12/26/2014,92.88,92.88,92.88,92.88,40
12/29/2014,94.08,94.0801,92,93,645
12/31/2014,93.5,94.75,93.5,94.75,400
01/05/2015,98,98,93.1,93.1,477
01/07/2015,95,95,95,95,180
01/08/2015,93.2001,93.2001,93.2001,93.2001,30
01/14/2015,93.25,94.25,93,94,290
01/20/2015,93.02,93.02,93.02,93.02,20
01/29/2015,93.7,93.7,93.7,93.7,20
02/05/2015,92.0001,92.0001,92.0001,92.0001,40
02/11/2015,91.95,92.2,91.95,92.2,303
02/17/2015,92.25,92.96,92.2,92.91,141
02/19/2015,94.3,94.3,94.3,94.3,10
02/20/2015,94.2499,94.2499,94.1999,94.1999,615
02/24/2015,94.1499,94.1499,94.1499,94.1499,135
02/25/2015,94.15,94.15,92.05,94.15,515
02/26/2015,94.1499,94.15,94.1499,94.15,120
02/27/2015,96.9,96.95,95,96,350
03/02/2015,93.95,93.95,93.95,93.95,10
03/03/2015,97.05,97.07,94.5501,97.07,298
03/04/2015,94.442,94.442,94.442,94.442,200
03/05/2015,94.25,94.25,94.25,94.25,100
03/13/2015,94.2501,94.2501,94.2501,94.2501,10
03/20/2015,97.91,97.91,97.81,97.86,305
03/24/2015,97.9,97.9,97.9,97.9,51
03/25/2015,97.8899,97.8899,97.8899,97.8899,100
03/27/2015,97.89,97.89,97.89,97.89,104
03/30/2015,94.0001,94.0001,94.0001,94.0001,80
04/02/2015,97.84,97.84,97.84,97.84,10
04/06/2015,94.25,94.25,94.25,94.25,115
04/13/2015,94.55,94.55,94.55,94.55,65
04/14/2015,94.55,94.55,94.55,94.55,50
04/15/2015,94,94,94,94,50
04/17/2015,95.48,95.48,95.48,95.48,10
04/20/2015,97.8899,97.89,97.88,97.89,1000
04/27/2015,97.74,98,97,97,428
04/28/2015,97.85,97.85,97.85,97.85,110
04/29/2015,95.5,95.5,95.5,95.5,10
04/30/2015,97.7499,97.7499,96,97,400
05/07/2015,95.51,95.51,95.51,95.51,250
05/08/2015,97.7,97.75,97.7,97.7,125
05/12/2015,95.32,95.32,95.32,95.32,10
05/13/2015,94.42,94.42,94.42,94.42,100
05/18/2015,95.5001,95.5001,94,95,810
05/19/2015,95.25,95.25,94,94,95
05/22/2015,94.1501,94.1501,94.1501,94.1501,50
06/02/2015,97.75,97.75,97.75,97.75,10
06/09/2015,95,95,95,95,61
06/11/2015,94.52,94.52,94.52,94.52,10
06/16/2015,97.75,97.75,97.75,97.75,30
06/17/2015,97.75,97.75,97,97,230
06/18/2015,94.25,94.25,94.25,94.25,75
06/25/2015,95,97.75,93.8,95,25631
06/26/2015,94.6,97.75,94.1,95.01,8702
06/29/2015,93.65,96,93.65,96,120
07/01/2015,95.0999,95.0999,93.6,94.55,940
07/02/2015,94.6,97.65,94,95.51,8940
07/06/2015,95.01,97.69,95.01,97.3005,13750
07/07/2015,95.05,100.5,95.05,97.85,15115
07/08/2015,96.0495,100.5,91.93,96.3,21481
07/09/2015,96.85,99.76,96.53,97,201
07/10/2015,95.5,95.5,95.5,95.5,10
07/13/2015,95.5,95.5,94.1,94.65,2300
07/14/2015,94,95.5,93.57,93.57,1390
07/15/2015,93.65,93.65,92.85,93,2870
07/16/2015,93.1,93.1,93.1,93.1,30
07/17/2015,93.1,93.1,93.1,93.1,29
07/22/2015,93.15,93.15,93.15,93.15,58
07/23/2015,95.5,95.5,95.42,95.5,1571
07/24/2015,95.5,96.9063,95.5,96.9063,687
07/30/2015,101,101,101,101,150
07/31/2015,101,101,97.9701,97.9701,530
08/03/2015,99.05,99.05,99.05,99.05,10
08/14/2015,94,94,94,94,69
08/21/2015,97.8683,97.8683,93,93.15,290
08/26/2015,93,93,93,93,400
08/27/2015,93.009,93.009,93,93,170
09/02/2015,95.95,95.95,92.72,92.72,202
09/04/2015,94.76,94.76,94.76,94.76,225
09/11/2015,93.15,93.15,93.15,93.15,10
09/15/2015,92.8,92.8,92.8,92.8,20
09/30/2015,93.1,93.1,93.1,93.1,14
10/08/2015,94.5,94.7,93.35,93.35,180
10/15/2015,96.95,96.95,93.7,95.5,1201
10/16/2015,94,95.5,94,95.5,1970
10/27/2015,94,95.5,94,95.5,220
10/29/2015,97,97,94.75,94.75,450
11/02/2015,94.05,94.05,94,94,288
11/03/2015,95.25,95.25,95.25,95.25,330
11/05/2015,93.5,93.5,93.4468,93.5,760
11/10/2015,93.25,93.25,93.25,93.25,70
11/11/2015,94.1,94.1,94.1,94.1,70
11/19/2015,94.1,94.11,94.1,94.11,150
11/23/2015,92.7501,92.7501,92.7501,92.7501,50
11/30/2015,93.05,93.05,93.05,93.05,10
12/04/2015,93.02,93.02,93,93,76
12/08/2015,93.5,93.5,93.5,93.5,150
12/09/2015,94,95.25,94,95.25,321
12/15/2015,93,95,93,94,585
12/16/2015,93.77,93.77,93.77,93.77,34
12/23/2015,95.6,96.6,95.6,96.6,400
01/07/2016,93,94,93,94,322
01/12/2016,94.89,94.89,94.89,94.89,90
01/25/2016,97.25,97.97,97.25,97.97,200
01/28/2016,99.85,99.85,94.672,94.672,144
01/29/2016,99.99,99.99,97,97,160
02/01/2016,97.925,98.25,97.925,98.25,100
02/05/2016,94,95.5,94,95.5,530
02/10/2016,93.05,94,92.54,94,1872
02/11/2016,94.45,94.5,94.45,94.5,130
02/17/2016,95.5,95.5,95.5,95.5,120
03/02/2016,96.5,97.5,96.5,97.5,2652
03/10/2016,95.5309,95.5309,95.5309,95.5309,100
03/15/2016,95.5501,97,95.55,95.55,1236
03/16/2016,96.6,97.3,96.6,97.3,210
03/17/2016,97.3,97.3,95.5501,95.5501,935
03/22/2016,95.51,95.5101,95.51,95.5101,95
03/24/2016,96,97,96,97,200
03/29/2016,97.301,97.301,96,96,275
04/07/2016,96,97,96,96,266
04/08/2016,96.4435,96.4435,96.4435,96.4435,50
04/21/2016,97,97,96,96,150
04/22/2016,96.9999,97,96.9999,97,654
04/25/2016,97.5,97.5,97.5,97.5,544
04/26/2016,97.25,97.25,97.25,97.25,790
04/27/2016,97.5,97.5,97.5,97.5,230
04/28/2016,97.5,97.5,97.26,97.26,650
04/29/2016,97.5,97.5,97.395,97.5,525
05/02/2016,97.5,97.5,97.4858,97.4858,39
05/03/2016,97.4865,97.4865,97.4442,97.45,1722
05/04/2016,97.5,98,97.5,98,462
05/10/2016,98.95,99,98.95,99,136
05/11/2016,97.5,98.25,97.5,98.25,940
05/12/2016,98.2501,98.2501,98.2501,98.2501,135
05/18/2016,98.3501,98.37,98.3501,98.37,822
05/24/2016,98.3501,98.37,98.35,98.35,1045
05/31/2016,98.35,98.35,98.35,98.35,35
06/14/2016,98.55,99.0068,98.55,98.55,1754
06/28/2016,100.93,101.01,100.8001,101,2543
06/29/2016,101,101,101,101,40
06/30/2016,101.4,101.65,101.4,101.65,350
07/05/2016,100.0101,100.0101,100.0101,100.0101,100
07/08/2016,101.0001,101.039,100.9999,101.039,1031
07/11/2016,100.5,100.5,100.5,100.5,500
07/12/2016,101.15,101.5,101.15,101.15,1260
07/19/2016,102.2499,102.2499,102.2499,102.2499,193
08/02/2016,101,101,101,101,500
08/05/2016,101.58,101.6,101.55,101.6,818
