07/07/2015,7.5,10,7.5,9.05,42252
07/08/2015,9,9.25,9,9.22,15190
07/09/2015,10.277,11.819,10.277,11.5,14370
07/10/2015,11.95,12.4999,10.11,10.11,10055
07/13/2015,11.29,11.92,9.095,10.38,106601
07/14/2015,9.3,10.3,8.75,9.85,27475
07/15/2015,9.02,9.99,9.02,9.5,8616
07/16/2015,9.25,9.512,9.01,9.5,5125
07/17/2015,9.5,9.5,9,9,399
07/20/2015,9.02,9.02,9,9,2950
07/21/2015,9,9,8.45,9,22933
07/22/2015,9,9,9,9,7834
07/23/2015,9,9.77,8.98,9.4755,9787
07/24/2015,10,10,10,10,500
07/27/2015,9.52,10.03,9.5001,9.99,18400
07/28/2015,9.49,9.5,9.49,9.5,1379
07/29/2015,9.2001,9.41,9.07,9.24,10155
07/30/2015,9.4999,9.4999,9.36,9.49,2900
07/31/2015,9.5,9.83,9.23,9.55,9200
08/03/2015,9.25,9.25,8.9,8.9,1500
08/04/2015,8.91,9.16,8.91,9.15,2600
08/05/2015,9.1,9.4699,9.1,9.4699,2400
08/06/2015,9.5,9.75,9.2201,9.71,9962
08/10/2015,9.49,9.49,9.49,9.49,2000
08/11/2015,9.29,9.49,9.29,9.49,2181
08/12/2015,9.17,9.25,9.17,9.25,2100
08/13/2015,9.4899,9.4899,9.4899,9.4899,100
08/14/2015,9.48,9.5,9.45,9.46,8113
08/17/2015,9.44,9.44,9.01,9.01,753
08/18/2015,9.45,9.5,9.45,9.49,1000
08/19/2015,9.4963,9.5,9.4963,9.5,4700
08/20/2015,9.299,9.7,9.299,9.7,3100
08/21/2015,9.6899,9.69,9.64,9.68,5000
08/24/2015,8.781,9,7.99,9,1829
08/25/2015,7.83,8.45,7.34,8.45,3700
08/27/2015,8.4,9,8.0501,9,3574
08/28/2015,9,9.45,9,9.45,2425
08/31/2015,9.5,9.54,9.46,9.49,5010
09/01/2015,9.06,9.06,8.92,8.92,12494
09/02/2015,8.9,8.9,8.9,8.9,100
09/03/2015,9,9,9,9,1051
09/08/2015,9.1,9.1,9,9.0001,2000
09/09/2015,9.16,9.24,9.16,9.24,4926
09/10/2015,9.229,9.229,9.229,9.229,2000
09/11/2015,9.092,9.092,9.092,9.092,100
09/15/2015,9.2,9.24,9.2,9.24,4667
09/16/2015,9.2399,9.5,9.2399,9.5,8865
09/17/2015,9.3,9.5,9.3,9.4999,6612
09/18/2015,9.3,9.7,9.3,9.48,5410
09/21/2015,9.4899,9.4899,9.4899,9.4899,2000
09/23/2015,9.48,9.7,9.48,9.7,5084
09/24/2015,9.6499,9.6499,9.6499,9.6499,3000
09/25/2015,9.6,9.6,9.6,9.6,2000
09/28/2015,9.649,10,9.311,10,7194
09/29/2015,9.301,9.74,9.301,9.7,4964
09/30/2015,9.7601,9.7601,9.7601,9.7601,100
10/01/2015,9.77,9.77,9.75,9.7501,4852
10/02/2015,9.8,9.8,9.78,9.78,2000
10/05/2015,9.8,9.8,9.76,9.76,600
10/06/2015,9.7,9.73,9.51,9.51,1913
10/07/2015,9.5,9.5001,9.5,9.5001,3200
10/09/2015,9.47,9.48,9.47,9.48,3000
10/12/2015,9.45,9.46,9.45,9.45,4000
10/13/2015,9.3,9.3,9.3,9.3,100
10/15/2015,9.7,9.7,9.6999,9.6999,5276
10/19/2015,9.85,9.85,9.85,9.85,3000
10/20/2015,9.7,9.7,9.6999,9.6999,3286
10/22/2015,9.75,9.8,9.75,9.8,662
10/23/2015,9.8,9.8,9.3,9.3,723
10/26/2015,9.5,9.53,9.3,9.3,6220
10/28/2015,9.301,9.8,9.301,9.8,8100
10/29/2015,9.8,9.8,9.7999,9.8,9224
10/30/2015,9.7,9.7,9.7,9.7,5000
11/03/2015,9.31,9.6999,9.31,9.69,400
11/04/2015,9.301,9.75,9.301,9.75,5100
11/05/2015,9.8,9.8,9.5501,9.5501,2200
11/06/2015,9.7,9.8,9.69,9.7,10690
11/09/2015,9.5,9.52,9.44,9.4499,4300
11/10/2015,9.5,9.5,9.5,9.5,1500
11/13/2015,9.4999,9.4999,9.4999,9.4999,2000
11/16/2015,9.49,9.5,9.49,9.5,1900
11/17/2015,9.69,9.69,9.301,9.301,300
11/19/2015,9.5999,9.6,9.585,9.5999,2600
11/20/2015,9.59,9.6,9.59,9.6,2966
11/23/2015,9.5,9.5,9.4999,9.4999,3000
11/24/2015,9.5,9.5,9.4999,9.4999,3500
11/25/2015,9.6,9.6,9.5999,9.5999,3430
11/27/2015,9.3,9.3001,9.3,9.3001,500
11/30/2015,9.7,9.7,9.7,9.7,500
12/01/2015,9.69,9.69,9.68,9.69,3200
12/02/2015,9.4,9.51,9.4,9.46,3720
12/03/2015,9.49,9.5,9.49,9.5,6500
12/04/2015,9.4999,9.5,9.4999,9.5,3600
12/07/2015,9.4999,9.65,9.45,9.65,4273
12/09/2015,9.6899,9.69,9.6899,9.69,3000
12/10/2015,9.54,9.54,9.54,9.54,400
12/14/2015,9.6899,9.69,9.67,9.69,2120
12/17/2015,9.65,9.65,9.65,9.65,1807
12/21/2015,9.6999,9.7001,9.6999,9.7001,888
12/22/2015,9.79,9.8,9.79,9.8,3000
12/23/2015,9.7,9.7001,9.7,9.7,3362
12/29/2015,9.5001,9.5001,9.5,9.5,600
12/30/2015,9.5,9.5,9.5,9.5,2700
12/31/2015,9.77,9.8,9.77,9.8,400
01/04/2016,9.62,9.62,9.6,9.6,4200
01/05/2016,9.6,9.6,9.5,9.5,2646
01/06/2016,9.5,9.59,9.5,9.59,400
01/07/2016,9.45,9.45,9.3,9.4,2200
01/08/2016,9.55,9.59,9.55,9.58,1869
01/11/2016,9.3638,9.3638,9.3638,9.3638,100
01/13/2016,9.3,9.32,9.3,9.3,1567
01/15/2016,9.5,9.6,9.48,9.6,1800
01/19/2016,9.6,9.6,9.56,9.6,1670
01/21/2016,9.6,9.8,9.6,9.78,4938
01/22/2016,9.76,10,9.76,10,8010
01/25/2016,9.001,11.35,9.001,11.35,3100
01/26/2016,10.16,10.16,10.12,10.13,1500
01/29/2016,10.69,10.69,10.001,10.3,3765
02/04/2016,10.11,10.11,10.1,10.1,1467
02/05/2016,10.1,10.1,10,10,2963
02/09/2016,10.1365,10.1365,10.1365,10.1365,3000
02/11/2016,10.08,10.1,10.08,10.1,201
02/16/2016,10.1,10.104,10.1,10.1,1160
02/17/2016,10.1,10.1,9.95,9.99,1268
02/18/2016,9.9999,9.9999,9.9999,9.9999,2000
02/22/2016,9.8301,9.8301,9.83,9.83,200
02/24/2016,10,10,10,10,100
02/25/2016,9.99,10,9.99,9.9999,1156
03/01/2016,9.83,9.83,9.83,9.83,100
03/03/2016,9.9999,10,9.9999,10,572
03/08/2016,9.5001,9.5001,9.5,9.5,600
03/16/2016,9.6499,9.65,9.6499,9.65,577
03/17/2016,9.95,9.95,9.95,9.95,120
03/21/2016,9.71,9.71,9.7,9.7,220
03/22/2016,9.7,9.7,9.7,9.7,100
03/23/2016,9.7,9.7,9.7,9.7,297
03/30/2016,9.5644,9.59,8.75,9,3333
03/31/2016,9.0801,9.1501,8.8499,8.95,6854
04/01/2016,9.5,9.55,9.1501,9.44,13745
04/04/2016,8.5,8.9,8.5,8.9,1900
04/06/2016,8.8,8.8,8.8,8.8,397
04/08/2016,9.05,9.05,9.05,9.05,1400
04/13/2016,8.15,8.3,8.0343,8.1499,5430
04/15/2016,8,8,8,8,300
04/18/2016,8,8,8,8,287
04/19/2016,7.9,8.05,7.9,8.05,200
04/21/2016,8.15,8.15,8.15,8.15,1200
04/22/2016,8.25,9,8.25,8.25,18529
04/25/2016,8.55,9.5,8.55,9.11,12662
04/26/2016,9.6,9.6,9.3,9.3,5360
04/27/2016,8.05,8.46,8.05,8.17,3241
04/28/2016,8.44,8.44,7.66,7.93,2530
04/29/2016,8.48,8.6701,8.2,8.6701,6219
05/02/2016,8,8,8,8,118
05/03/2016,8.1,9.0301,8.1,8.8,14500
05/04/2016,8.39,8.8501,8.3699,8.6,4400
05/05/2016,8.8,8.8,8.8,8.8,1170
05/09/2016,9.03,9.03,9.03,9.03,100
05/12/2016,8.17,8.17,8.07,8.07,600
05/13/2016,8,8,7.72,7.87,815
05/16/2016,8.6,8.6,8.31,8.4999,720
05/18/2016,7.7,8.31,7.7,7.9701,1500
05/20/2016,8.3,8.3,8.3,8.3,500
05/25/2016,8.6,9.46,8.6,9.37,2100
05/26/2016,8,8,8,8,608
05/31/2016,8,8,8,8,500
06/13/2016,7.5,8,7.48,7.48,2650
06/14/2016,7.5,7.75,7.5,7.638,420
06/20/2016,8,8.5,8,8.19,5001
06/22/2016,8.1999,8.5,8.15,8.5,2200
06/24/2016,8.1,8.66,8.1,8.5,6700
06/27/2016,8.7,8.7,8.6,8.6,1916
06/28/2016,8.3,8.4,8.3,8.4,200
06/30/2016,8.6,8.6,8.6,8.6,1000
07/01/2016,8.8,8.9,8.8,8.8,653
07/06/2016,8.15,8.6501,8.15,8.55,7200
07/07/2016,8.35,8.6,8.35,8.55,2300
07/08/2016,8.6,8.6,8.35,8.3501,2050
07/11/2016,8.56,8.56,8.2,8.5,4100
07/12/2016,8.15,8.47,8.15,8.45,5424
07/13/2016,8.45,8.5,8.45,8.5,2200
07/14/2016,8.5,8.7,8.5,8.7,500
07/15/2016,8.6,8.61,8.3,8.52,1346
07/19/2016,8.5,8.59,8.28,8.59,1950
07/20/2016,8.33,8.5,8.1,8.5,1400
07/21/2016,8.4989,8.6,8.415,8.6,3150
07/22/2016,8.55,8.7,8.55,8.7,3470
07/25/2016,8.8,8.95,8.75,8.95,8154
07/26/2016,9,9,8.96,8.96,4158
07/27/2016,9,9.01,8.5,9,4000
07/28/2016,8.8,8.8,8.8,8.8,400
07/29/2016,8.52,8.8001,8.52,8.8,1810
08/01/2016,9,9,8.55,8.99,2312
08/02/2016,8.5101,8.93,8.5101,8.93,359
08/03/2016,8.51,8.55,8.51,8.53,960
08/04/2016,8.5,8.7,8.5,8.7,2959
08/05/2016,8.7,8.8,8.7,8.8,2000
08/08/2016,8.9,8.9,8.9,8.9,1700
08/09/2016,8.89,8.95,8.89,8.95,2388
08/12/2016,8.9,8.9,8.9,8.9,1200
08/15/2016,8.5,8.5,8.5,8.5,2100
08/16/2016,8.5,8.7,8.5,8.7,4470
08/17/2016,8.18,8.5,7.36,8.18,1450
08/18/2016,8.2,8.45,8.2,8.3001,2387
08/19/2016,8.4,8.4,8.4,8.4,1900
08/22/2016,7.83,8.29,7.83,8.29,600
08/23/2016,7.73,8.4999,7.42,8.1,6047
08/24/2016,8.01,8.45,8.01,8.45,900
08/25/2016,8.48,8.5,8.48,8.5,2000
08/26/2016,8.17,8.17,8.17,8.17,100
08/30/2016,8.4832,8.495,8.45,8.495,499
08/31/2016,8.48,8.59,8.13,8.5,10930
09/01/2016,7.65,7.65,7.65,7.65,100
09/02/2016,8.3,8.4,8.3,8.4,2100
09/06/2016,8.43,8.48,8.38,8.42,1500
09/07/2016,8.44,8.44,8.43,8.44,400
09/08/2016,8.44,8.44,8.14,8.14,700
09/09/2016,8.4,8.4,8.4,8.4,500
09/14/2016,8.16,8.4,8.16,8.4,650
09/15/2016,8.0001,8.13,7.98,7.98,1757
09/16/2016,8.26,8.26,8.26,8.26,243
09/20/2016,8.28,8.3,8.28,8.3,397
09/21/2016,8.3,8.4,8.3,8.35,8700
09/22/2016,8.35,8.3658,8.35,8.3658,4539
09/23/2016,8.36,8.5,8.36,8.5,1258
09/26/2016,8.5,8.5,8.5,8.5,174
09/27/2016,8.5,8.5,8.5,8.5,677
09/30/2016,8.55,8.55,8.55,8.55,100
10/03/2016,8.55,8.55,8.55,8.55,500
10/04/2016,8.615,8.615,8.55,8.55,2968
10/05/2016,8.58,8.58,8.58,8.58,4908
10/06/2016,8.6,8.6489,8.23,8.5,6906
10/07/2016,8.5,8.5501,8.5,8.55,6500
10/11/2016,8.5,8.55,8.23,8.23,5551
10/14/2016,8.4,8.4,8.4,8.4,200
10/17/2016,8.4,8.4,8.4,8.4,100
10/20/2016,8.45,8.45,8.45,8.45,300
10/26/2016,8.5,8.5,8.5,8.5,1000
10/27/2016,8.5,8.5949,8.5,8.5,2170
10/28/2016,8.5,8.5,8.5,8.5,1500
10/31/2016,7.8533,7.8533,7.85,7.85,8700
11/02/2016,8.09,8.09,7.86,7.86,1000
11/03/2016,7.91,7.91,7.9,7.9,400
11/04/2016,8.05,8.05,8.04,8.04,200
11/11/2016,8.02,8.05,8.02,8.05,200
11/15/2016,8.1001,8.1001,8.1,8.1,200
11/25/2016,8.41,8.5,8.41,8.5,1400
11/28/2016,8.78,8.78,8.57,8.57,228
11/30/2016,7.8851,7.8851,7.8851,7.8851,171
12/07/2016,7.94,7.95,7.85,7.85,7080
12/30/2016,7.35,7.35,7.35,7.35,275
01/04/2017,7.45,7.45,7.45,7.45,397
01/05/2017,7.96,8.5,7.96,8.5,2850
01/06/2017,8.45,8.46,8.45,8.46,1895
01/09/2017,8.43,8.68,8.43,8.65,3987
01/10/2017,8.5,8.5,8.49,8.5,6416
01/11/2017,8.5,8.6,8.5,8.6,3194
01/12/2017,8.5,8.6,8.5,8.6,2996
01/18/2017,8.5,8.66,8.5,8.55,1778
01/23/2017,8.5,8.9992,8.5,8.65,2700
01/24/2017,8.5,8.7,8.47,8.47,1400
01/26/2017,8.5,8.5,8.5,8.5,3374
01/27/2017,8.5,8.751,8.5,8.751,2300
02/02/2017,8.75,8.75,8.1,8.1,899
02/03/2017,8.58,8.6,8.58,8.6,200
02/06/2017,8.8,8.8,8.6,8.6,1250
02/08/2017,8.6,8.7,8.6,8.7,1300
02/09/2017,8.8,8.8,8.25,8.3,1100
02/14/2017,8.4,8.4,8.4,8.4,600
02/21/2017,8.4,8.4,8.4,8.4,597
02/22/2017,9.5,9.5,8.288,8.8,7710
02/23/2017,8.4001,8.4001,8.4001,8.4001,200
02/24/2017,8.4084,8.4084,8.4084,8.4084,150
02/27/2017,8.4,8.44,8.4,8.4,731
02/28/2017,8.43,8.43,8.43,8.43,100
03/01/2017,8.43,8.5,8.4,8.5,1775
03/02/2017,8.6001,8.6001,8.6001,8.6001,600
03/06/2017,8.51,8.51,8.5,8.5,790
03/08/2017,8.17,8.17,8.17,8.17,100
03/13/2017,8.48,8.5,8.48,8.5,649
03/16/2017,8.4,8.6,8.4,8.6,842
03/17/2017,8.7,8.7,8.65,8.65,1050
03/20/2017,8.7,8.7,8.7,8.7,772
03/21/2017,8.8,8.8,8.75,8.75,499
03/22/2017,8.8,8.85,8.8,8.85,2192
03/27/2017,8.84,8.84,8.1908,8.31,2950
03/28/2017,8.55,8.6001,8.3109,8.39,2730
03/29/2017,8.6,8.6798,8.2807,8.2999,1768
03/30/2017,8.59,8.59,8.26,8.31,2295
03/31/2017,8.5,8.8,8.48,8.6,6974
04/03/2017,8.75,9,8.75,9,3899
04/04/2017,9.48,10.51,9,9.09,16954
04/05/2017,9,9.5,8.8,9.21,14909
04/06/2017,8.5,9.4,8.5,9.35,4900
04/10/2017,8.83,9.72,8.83,9.32,4839
04/11/2017,9.14,9.14,8.8468,9.05,2283
04/12/2017,8.89,9.34,8.89,9.2499,5694
04/19/2017,9.61,9.8,9,9.05,1200
04/24/2017,9,9,9,9,554
05/03/2017,8.497,8.6501,8.45,8.6501,4900
05/05/2017,8.18,8.18,7.98,7.98,990
05/08/2017,7.71,8.5,7.0229,8.15,11850
05/10/2017,8.22,8.2916,8.22,8.23,1192
05/12/2017,8.15,8.15,8.15,8.15,101
05/15/2017,7.8993,7.9777,7.8821,7.9777,980
05/16/2017,8,8.8,8,8.2,4410
05/17/2017,8.29,8.3118,8.26,8.26,1844
05/24/2017,7.96,7.98,7.6,7.6,300
05/25/2017,7.6001,7.62,7.6001,7.62,300
06/05/2017,8,8,8,8,100
06/09/2017,8.95,8.95,8.95,8.95,100
06/12/2017,8.7,8.7,8.68,8.7,1400
06/15/2017,7.7001,8.47,7.7001,8,300
06/19/2017,8.2499,8.2999,8.1,8.2999,1114
06/20/2017,7.7077,8.05,7.7077,8.05,700
06/23/2017,8.8,8.8,8.8,8.8,1200
06/26/2017,8.87,8.9,8.04,8.5,4400
06/27/2017,8.07,8.9,8.05,8.87,2300
06/28/2017,8.12,8.89,8.12,8.89,1092
06/29/2017,8.527,8.9,8.32,8.9,1700
06/30/2017,8.45,8.88,8.45,8.88,868
07/05/2017,8.88,8.88,8.88,8.88,1095
07/06/2017,8.88,8.89,8.88,8.89,208
07/07/2017,8.9,9.5,8.9,9.5,6885
07/11/2017,8.5591,8.79,8.5591,8.79,3324
07/12/2017,9.55,9.55,8.8,9.1,4024
07/13/2017,9.18,9.21,8.69,9.2,5600
07/14/2017,9.1,9.1,8.58,9,4424
07/17/2017,9.05,9.36,9.05,9.36,1415
07/18/2017,9.36,9.4,9.03,9.25,4100
07/19/2017,9.25,9.25,9.25,9.25,6495
07/20/2017,9.37,9.5,8.95,9,18526
07/21/2017,9,9.205,8.95,8.95,7445
07/24/2017,8.97,9,8.97,9,16400
07/25/2017,9,9,8.925,8.925,1340
07/26/2017,9,9.21,8.9,9,14700
07/27/2017,9,9.1,9,9.1,3200
07/28/2017,9,9.2,8.81,9,11550
07/31/2017,9,9.01,8.7281,9,13944
08/01/2017,9.18,9.18,8.92,9,8854
08/02/2017,9,9.18,8.81,9,17009
08/04/2017,8.5501,9.21,8.5501,9,19236
08/07/2017,9,9.5,8.82,9.42,30700
08/08/2017,9.08,9.8,9,9.8,40908
08/09/2017,9.66,10.4,9.66,9.9,24601
08/10/2017,10.18,10.98,10.13,10.34,29917
08/11/2017,10.351,11.5654,10.351,11.26,35094
08/14/2017,13.51,16,11.61,13.141,43507
08/15/2017,13.65,15.8976,13.65,15.3,124471
08/16/2017,16.81,16.96,15.4,16.51,122163
08/17/2017,16.27,16.27,15.05,15.4501,68454
08/18/2017,15.8,16.8,15.8,16.47,38728
08/21/2017,16.47,16.47,14.07,15.44,44288
08/22/2017,15.43,15.43,14.501,15.23,17271
08/23/2017,14.92,15.34,14.51,15.2,29592
08/24/2017,15,15.8125,14.97,15.6,27352
08/25/2017,15.66,16,15.35,15.965,26914
08/28/2017,15.77,16.4829,14.51,16.15,55310
08/29/2017,14.75,16.35,14.75,16.05,46321
08/30/2017,16.09,16.69,16,16.25,40654
08/31/2017,16.51,16.8792,15.2801,16.8,17087
09/01/2017,16.8,20.25,16.47,18.71,43242
09/05/2017,18.62,18.725,18.01,18.55,24996
09/06/2017,18.66,18.75,18.5,18.75,14038
09/07/2017,18.78,18.98,18.27,18.98,20190
09/08/2017,18.99,19.1,18.4,18.95,16137
09/11/2017,20,20,19.0791,19.31,13054
09/12/2017,19.61,20.44,19.32,19.8,21872
09/13/2017,19.79,19.88,18.453,19.7,25555
09/14/2017,20.32,21,18.922,19.86,36145
09/15/2017,19.9,19.9,19.27,19.68,20573
09/18/2017,19.78,20,19.54,19.65,16204
09/19/2017,19.79,20.6,19.27,19.72,21569
09/20/2017,20.4,20.4606,18.91,19.78,19703
09/21/2017,19.4514,19.77,19.3196,19.72,12437
09/22/2017,19.7,20.0705,19.44,19.5,15621
09/25/2017,19.5,19.7,19.5,19.51,27027
09/26/2017,19.6,19.862,18.97,19.7,26542
09/27/2017,19.8,19.86,19.241,19.69,20290
09/28/2017,19.3132,19.6,19.3132,19.6,10300
09/29/2017,19.82,19.88,19.26,19.49,35248
10/02/2017,19.75,19.75,18.6126,19.44,20558
10/03/2017,19.0236,19.09,17.98,18.78,27190
10/04/2017,18.8,19,18.4421,18.85,14645
10/05/2017,18.9,18.95,18.75,18.82,22723
10/06/2017,18.75,18.8,17.11,17.97,37431
10/09/2017,18.02,18.02,17.4,17.99,43060
10/10/2017,18,18.05,17.5901,18,15323
10/11/2017,17.48,17.98,17.48,17.98,14390
10/12/2017,17.85,18.18,17.64,18.18,13310
10/13/2017,18.19,19.86,18.09,19.15,45047
10/16/2017,19.18,19.3,18.86,19.3,16334
10/17/2017,19.43,19.46,18.88,19.3,32182
10/18/2017,19.29,19.4,18.88,19.09,28586
10/19/2017,18.98,19.4,18.82,19.4,24795
10/20/2017,19.45,19.94,18.61,19.45,33260
10/23/2017,19.108,19.4,18.37,19.1,50953
10/24/2017,20,20.15,18.8,19.9,26290
10/25/2017,19,22.78,19,22,67020
10/26/2017,22,25.01,22,24,76716
10/27/2017,24.36,24.9125,24.0314,24.68,32384
10/30/2017,24.8,26.68,24.2,25.25,81474
10/31/2017,25.3,25.75,24.845,25.68,56813
11/01/2017,25.91,26.4001,25.7,26.15,87155
11/02/2017,26.18,28.96,25.07,28.3,88056
11/03/2017,29.01,33.0132,27.102,28.49,84719
11/06/2017,28.5,30.9,28.05,30.9,98466
11/07/2017,31,32.9999,30.15,31.16,74903
11/08/2017,31.5,36.58,31.1,35.8,166486
11/09/2017,36.43,39.58,35.1,39.58,156496
11/10/2017,39.98,39.98,36.7,38.85,100220
11/13/2017,38.15,39.16,36.28,39.16,66546
11/14/2017,40,40.59,37.81,39.33,53991
11/15/2017,38.98,39.38,37.6812,39.2,48283
11/16/2017,39.2,39.6,38.3,39.6,55443
11/17/2017,39.59,43,39.56,42.95,160276
11/20/2017,43.47,43.95,42,43.8,126151
11/21/2017,43.79,44.29,41.38,44.2,125010
11/22/2017,43.85,43.95,42.82,43.5,60056
11/24/2017,42.45,42.6974,41,42.38,79996
11/27/2017,43.26,43.89,40.15,43.5,103713
11/28/2017,42.82,43.56,42.58,43.05,45900
11/29/2017,43,43.13,41.88,43.05,68005
11/30/2017,44,44,41.01,42.35,57512
12/01/2017,41.36,42,40.05,42,41477
12/04/2017,40.82,41.82,39.6,41.65,71160
12/05/2017,41.82,42.04,40.65,41.8,75459
12/06/2017,41.44,42,41.44,42,47143
12/07/2017,41.98,43.499,41.89,42.38,55855
12/08/2017,43.82,43.82,41.5,43.81,81744
12/11/2017,44,47.5,42.6,44,116202
12/12/2017,44.73,45.4537,41.6,44.9,201091
12/13/2017,44.7,45.75,43.7865,45.62,99230
12/14/2017,45.62,45.64,44.47,45.28,58953
12/15/2017,45.76,46.15,44.0101,45.48,137553
12/18/2017,45.93,45.93,45.14,45.56,70596
12/19/2017,45.85,45.85,45.01,45.5,83050
12/20/2017,45.38,45.38,42.09,44.48,177133
12/21/2017,44.49,44.5,43.9835,44.47,39883
12/22/2017,44.85,44.85,44.01,44.55,66519
12/26/2017,44.6,44.6,43.47,44.5,62919
12/27/2017,45.5,45.5,43.14,44.76,102590
12/28/2017,45.11,45.5,44.41,45.19,114462
12/29/2017,45.38,45.38,44.78,45.2,61908
01/02/2018,45.23,47.764,44.63,47.05,104377
01/03/2018,47.25,48.94,46.5,47.7,94723
01/04/2018,47.9,48,47,47.7,33975
01/05/2018,47.71,47.88,47.4697,47.82,90488
01/08/2018,47.75,47.82,46.545,47.73,117719
01/09/2018,47.54,47.85,45.7,47.85,49188
01/10/2018,47.23,47.9,47.05,47.87,105343
01/11/2018,47.78,47.85,46.17,47.26,262433
01/12/2018,47.09,47.16,46.595,46.99,47406
01/16/2018,47.02,47.12,46.04,47.07,49196
01/17/2018,47.15,47.22,46.85,47.22,43859
01/18/2018,47.09,47.1,46.28,47,61779
01/19/2018,47.03,47.05,46.67,47.05,49073
01/22/2018,46.98,47.06,46.805,47.05,52948
01/23/2018,46.81,47.05,46.4,47.02,44469
01/24/2018,47.02,47.15,46.35,47.15,50125
01/25/2018,47.4,47.72,46.63,47.54,55092
01/26/2018,47.49,47.58,46.8492,47.25,46891
01/29/2018,46.75,47.12,46.56,47.1,70017
01/30/2018,47,47.3,46.99,47.19,49044
01/31/2018,47.26,47.28,45.3,46.59,94985
02/01/2018,46.68,46.83,40.02,46.83,195648
02/02/2018,46.52,46.65,45.81,46.63,68749
02/05/2018,46.8,47.02,45.81,46.94,58146
02/06/2018,46,46.97,45.81,46.95,64445
02/07/2018,46.93,46.95,46.36,46.58,43775
02/08/2018,46.45,49.9,46.45,49.07,207222
02/09/2018,49,51.26,48.8,51.19,232536
02/12/2018,51.2,54.01,51.2,53.01,162109
02/13/2018,54.85,56.23,52.84,55.24,147222
02/14/2018,56,56.06,54.72,55.16,93092
02/15/2018,55.59,57.68,54.79,57.2,63545
02/16/2018,57.4,58.55,56,58.55,154819
02/20/2018,58.9,58.9,57.87,58.4,166549
02/21/2018,58.36,60,58.36,59.77,149006
02/22/2018,60.9,60.9,59.1,60.08,71468
02/23/2018,59.76,60.35,57.64,60.34,138267
02/26/2018,60.6,60.6,59.1755,60.15,99309
02/27/2018,60,60.28,56.16,59.95,149198
02/28/2018,59.7,60.28,56.3541,60.28,203398
03/01/2018,58.51,60.03,58.51,59.5,86721
03/02/2018,59.31,63.01,58.8873,61.99,225680
03/05/2018,62.17,62.52,60.86,62.25,80246
03/06/2018,62.35,62.76,60.56,62.65,89128
03/07/2018,62.21,62.82,61.4236,62.7,59416
03/08/2018,62.7,62.97,62.36,62.89,36100
03/09/2018,62.85,64.01,62,64,89868
03/12/2018,64,65.94,63.0169,64.78,68444
03/13/2018,65,65.18,64.23,65,58463
03/14/2018,65.68,67.8,64.79,67.42,63350
03/15/2018,68.1,68.55,67.525,68.54,64844
03/16/2018,68.78,70.08,62.2,68.54,205315
03/19/2018,69,69,65.81,68.62,87624
03/20/2018,66,68.63,66,68.12,93014
03/21/2018,67.03,67.66,65.64,67.62,82797
03/22/2018,67.1,67.72,65.46,67.67,82259
03/23/2018,66.92,67.59,65.46,67.51,61625
03/26/2018,67.55,68.73,66.876,68.69,57753
03/27/2018,69,75.89,68.66,75.86,128474
03/28/2018,77.18,77.18,72.1873,74.48,101957
03/29/2018,75.29,76.32,73.041,75.25,157213
04/02/2018,75.18,75.28,70.12,73.6,115997
04/03/2018,72.42,74.26,72.1,73.08,92915
04/04/2018,72.5,74.73,66.29,74.73,329005
04/05/2018,74.81,78,74.131,77.48,168048
04/06/2018,77.24,78.23,75.35,76.54,366688
04/09/2018,75.5,76.5,68.85,75.61,699168
04/10/2018,75.01,79.62,74.9003,78,355788
04/11/2018,77.8,78.35,75.762,76.5,132054
04/12/2018,85.62,88.92,76.7208,80.7,302337
04/13/2018,82.43,82.99,79.03,81,175037
04/16/2018,80.6,80.6,79.21,80.52,121855
04/17/2018,79.9,81.05,79.13,80.93,77574
04/18/2018,81.46,81.46,80.11,81.23,127862
04/19/2018,81.25,82.25,80.2001,81.4499,241894
04/20/2018,81.2999,81.39,80.38,80.84,35185
04/23/2018,80.88,80.88,78.41,80.16,61697
04/24/2018,79.33,81.18,79.33,80.73,52178
04/25/2018,81.31,81.64,75.62,78.27,138770
04/26/2018,77.7,82.6523,76.96,81.75,80035
04/27/2018,82.1,82.41,81.05,82.29,89033
04/30/2018,81.63,82.6,81.078,81.99,55088
05/01/2018,82.08,82.11,80.11,81.33,52373
05/02/2018,81.4,82.64,81.33,82.63,61225
05/03/2018,82.64,83.15,77.35,78.1107,297277
05/04/2018,78,78.75,67.4,77.63,647086
05/07/2018,76.08,81.75,76.08,80.2,202963
05/08/2018,80.18,80.35,76.5868,80.33,99909
05/09/2018,80.29,80.87,71.51,73.3,273820
05/10/2018,73,75.75,68.5798,75.59,194811
05/11/2018,73.89,79.16,73.89,77.68,196130
05/14/2018,79.77,79.77,77.4,78.43,36238
05/15/2018,77.62,78.35,77.3259,78.04,45025
05/16/2018,78.29,81.9,78.14,80.68,78111
05/17/2018,79.64,81.19,79.64,81.19,40085
05/18/2018,81.88,81.88,80,80.8,77506
05/21/2018,81.4,81.58,79.07,81.35,72607
05/22/2018,80.58,81.4,79.66,81.26,36821
05/23/2018,81.99,82.09,80.5,82.09,76988
05/24/2018,83,83,81.72,82.47,76811
05/25/2018,83,83,81.34,81.96,71765
05/29/2018,81.95,82.11,80.17,80.62,31936
05/30/2018,80.7,81.73,79.27,80.02,37714
05/31/2018,79.19,79.77,77.77,78.53,59016
06/01/2018,80,80.4,78.78,80.4,31398
06/04/2018,80.65,80.76,79.56,80.01,34386
06/05/2018,79.58,81.08,79.58,80.99,41214
06/06/2018,80.4,82,80.4,81.69,62380
06/07/2018,81.46,81.7999,78.62,81,57979
06/08/2018,81,81.09,80.2,80.78,42908
06/11/2018,80.75,81.7,80.63,81.68,44481
06/12/2018,81.76,87.56,81.5,82.58,206754
06/13/2018,82.57,83.13,79.51,80.95,82975
06/14/2018,80.37,80.75,79.54,80.23,42512
06/15/2018,79.66,80.04,78.588,79.82,78033
06/18/2018,78.3,80.5,76.905,80.5,53364
06/19/2018,79.4999,80.4,78.1693,80.4,43985
06/20/2018,80.679,81.38,80.11,81.19,46598
06/21/2018,81.91,81.91,79.191,80.78,40455
06/22/2018,80.47,80.99,80.28,80.295,44716
06/25/2018,80.61,80.62,77.08,77.9,58640
06/26/2018,77.92,78.35,77,78.29,42967
06/27/2018,78.07,79.18,75.01,77.19,46949
06/28/2018,76.67,78.48,75.4765,78.48,44500
06/29/2018,78.48,82.45,78.17,82.06,49787
07/02/2018,81.9,81.9,81,81.4999,44436
07/03/2018,80.63,81.68,80.63,81.37,23751
07/05/2018,81.3,81.48,79.27,80.45,36557
07/06/2018,79.39,80.36,78.92,80.215,32976
07/09/2018,79.75,80.88,79.1991,80.88,28054
07/10/2018,80.25,81.08,80.01,80.74,22856
07/11/2018,79.85,80.98,79.4177,80.64,32996
07/12/2018,80.12,81.12,80.12,81.11,23868
07/13/2018,81.25,81.67,80.32,81.62,25521
07/16/2018,80.7,81.98,80.7,81.73,20133
07/17/2018,82,82,80.89,81.98,44577
07/18/2018,81.72,82.17,80.4,81.77,44048
07/19/2018,81.7999,82.02,81.58,81.965,27330
07/20/2018,81.65,82.06,74.4212,78.66,88510
07/23/2018,78.71,79.31,77.29,78.86,58014
07/24/2018,79,79.54,76.91,78.51,56293
07/25/2018,77.73,79.58,77.73,79.33,26383
07/26/2018,79.3899,79.39,78.25,79.29,23433
07/27/2018,78.6,79.96,78.6,79.19,23910
07/30/2018,79.4,79.45,76.77,78.98,31047
07/31/2018,79.082,79.71,76.99,79.39,33461
08/01/2018,79.01,80.69,78.99,80.69,33329
08/02/2018,80.53,80.75,80,80.72,25008
08/03/2018,79.86,80.89,79.585,80.83,29494
08/06/2018,81,81.58,80.81,81.58,31375
08/07/2018,81.55,81.93,81.2,81.9,31229
08/08/2018,81.68,82.22,81.485,81.82,24679
08/09/2018,81.56,82.03,81.55,82,26957
08/10/2018,81.79,82.18,81.57,82.18,23915
08/13/2018,75.7,76.09,64.125,69.86,232311
08/14/2018,68.5,72.06,67.97,72.05,88558
08/15/2018,71.5,71.5,68.59,69.74,61639
08/16/2018,69.7,72.21,67.58,72.16,39445
08/17/2018,71.66,72.52,71.041,72.02,36311
08/20/2018,71.14,75.15,71.14,75.06,58752
08/21/2018,75.23,75.23,73.19,74.04,27994
08/22/2018,73.61,74.62,72.99,74.58,31936
08/23/2018,74.48,74.82,73.55,73.89,13086
08/24/2018,74.03,74.03,72.4,73.87,20425
08/27/2018,73.02,74.93,73.02,74.27,10497
08/28/2018,74.26,75.11,73.9068,74.64,25241
08/29/2018,75.24,77,75.1,77,86508
08/30/2018,77.06,77.17,76.07,76.75,33700
08/31/2018,76.12,76.97,75.1,76.18,31139
09/04/2018,76.65,76.65,73.275,74.49,29661
09/05/2018,74.49,74.51,70.31,71.11,38354
09/06/2018,70.75,71.78,69.46,70.58,21935
09/07/2018,70.15,71.76,69.7,70.72,27830
09/10/2018,70.75,71.08,69.56,70.35,19790
09/11/2018,70.71,70.71,69.74,70.36,15066
09/12/2018,70.4,70.4,66.751,68.75,10241
09/13/2018,69.36,69.49,67.7,68.59,8111
09/14/2018,67.51,68.1,65.11,67.98,18162
09/17/2018,67.79,67.88,65.7,66.0725,15694
09/18/2018,66.3,66.94,63.6715,66.75,28511
09/19/2018,66.83,67.35,65.4356,67.35,11849
09/20/2018,67.9,68.06,65.71,67.59,17356
09/21/2018,68.13,68.13,65.1091,67.57,17476
09/24/2018,66.44,71.3,65.2,67.585,10784
09/25/2018,67.54,70.743,66.427,68.9154,7575
09/26/2018,68.9,70.79,68.05,69.8,12807
09/27/2018,66.51,71.94,66.51,69.92,10766
09/28/2018,70.33,70.33,68.6,70.33,6100
10/01/2018,70.29,70.29,68.585,69.73,3190
10/02/2018,70.4106,71.56,66.68,66.69,12211
10/03/2018,66.57,67.68,65.5,66.74,6767
10/04/2018,65.37,65.37,57.65,63,15708
10/05/2018,60.81,65.93,59.9,63.15,4043
10/08/2018,60.15,61.76,57.74,61.76,4164
10/09/2018,59.33,61.5,57.3261,61.5,22009
10/10/2018,60.91,60.91,57.82,59.29,16519
10/11/2018,59.45,61.85,59.08,61.09,9372
10/12/2018,61.15,61.15,59.85,60.51,8680
10/15/2018,59.31,62.39,59.31,61.86,5700
10/16/2018,62,64.69,61.86,64.2,4679
10/17/2018,63.92,64.95,63.3,63.55,9094
10/18/2018,63.18,64.5,60,60,28234
10/19/2018,58.5,63.2,53.01,63.2,61304
10/22/2018,64.49,66,63,65,10278
10/23/2018,61,61.8,56.35,61.8,12788
10/24/2018,62,62,60.56,61.015,1600
10/25/2018,60.81,61.95,59.1201,61.95,11423
10/26/2018,60.51,62,59.4791,61.99,10689
10/29/2018,61.81,62,60.86,61.94,9479
10/30/2018,61.55,62.79,61.33,62.65,10800
10/31/2018,62.7,64.98,59.84,63.29,16000
11/01/2018,63.31,64.25,62.5227,64.25,12809
11/02/2018,62,64.8,60.31,61.0099,16883
11/05/2018,60.53,62.4756,59.6184,61.91,8013
11/06/2018,61.18,63,60.5495,62.35,9528
11/07/2018,61.9,62.6,61.38,62.56,8456
11/08/2018,61.71,63.7,61.71,62.8299,14603
11/09/2018,62.3,63.5,61.19,63.5,8899
11/12/2018,62.97,63.98,62.06,63.02,11595
11/13/2018,63.5,63.88,62.52,62.75,7141
11/14/2018,62.77,63.83,62.2511,63.5,7145
11/15/2018,63.9999,63.9999,61.35,63.73,9163
11/16/2018,63.8,63.8,61.573,63.55,8606
11/19/2018,63.58,63.58,61.3101,63.315,6337
11/20/2018,63.01,63.27,61.222,62.23,8260
11/21/2018,63,63.499,61.56,63.4,7024
11/23/2018,61.3,63.49,61.3,63.42,4039
11/26/2018,63.5,63.5,61.31,63.17,7744
11/27/2018,62.86,62.86,62.01,62.6,3300
11/28/2018,62.92,62.92,60,60.42,9547
11/29/2018,60.8,61.01,59.15,60.84,6807
11/30/2018,60.06,61.48,59.11,61.48,6660
12/03/2018,62,62,60.22,61.6,6148
12/04/2018,60.5325,62.14,60.3,60.555,6388
12/06/2018,61.02,61.5,52.7,55.855,26704
12/07/2018,57.45,57.45,54.99,55.75,3500
12/10/2018,55.5,55.5,51,53.56,13760
12/11/2018,53.39,54.43,50.06,54,17420
12/12/2018,53,54.9,51.85,54.31,8118
12/13/2018,53.31,54.319,52.5,53.02,5577
12/14/2018,52.25,53.999,51.78,53.7999,11088
12/17/2018,50.5,53.9999,50.5,53.55,6868
12/18/2018,53.1,54.1,51.64,53.49,8490
12/19/2018,53.78,54,50.56,50.63,10300
12/20/2018,52.48,52.48,47.23,50.91,19466
12/21/2018,51.23,53.5,47.1,51,34648
12/24/2018,51.79,53.1,49.72,52,15842
12/26/2018,52.9,54.3,51.51,52.87,12287
12/27/2018,52.65,54.42,50.17,52.92,13714
12/28/2018,51.55,53.5,50.1,51.94,11401
12/31/2018,50.6,53.7599,49.25,50.49,14976
01/02/2019,50.28,52,48.33,50.55,12939
01/03/2019,48.32,50.5,47.3,47.3,6656
01/04/2019,47.96,48.5,45.54,47.56,9736
01/07/2019,46.72,48.5,46.72,48.1,11224
01/08/2019,47.8,49.5,47.12,48.1999,8968
01/09/2019,48.06,48.33,47.32,47.4,11128
01/10/2019,47.14,48,46.39,47.46,7514
01/11/2019,47.05,47.5,46.7,47,8670
01/14/2019,46.49,47.5,45.01,45.21,10180
01/15/2019,45.69,46.2,44.12,45.4999,13505
01/16/2019,45.56,45.6,43.1,44.45,10272
01/17/2019,44.26,44.55,43.5,44.24,12615
01/18/2019,45.28,45.28,42.1605,44.0155,10159
01/22/2019,42.54,43.2,41.41,43.1,10081
01/23/2019,42.64,42.64,41.54,42.08,12681
01/24/2019,42.29,42.29,40.38,41.01,8312
01/25/2019,40.74,44.4,38,38.8,8568
01/28/2019,38,38.46,37,37.41,10586
01/29/2019,36.85,37.3,34.031,36.6,14420
01/30/2019,36.46,36.46,33.9141,34.06,12076
01/31/2019,34.69,35.95,34,34.03,17245
02/01/2019,34.79,34.79,34.01,34.63,9589
02/04/2019,33.95,35,33.5016,34.176,16149
02/05/2019,34.06,34.84,33.89,34.749,16109
02/06/2019,34.65,34.8498,34.1552,34.7,13420
02/07/2019,34.03,34.4,33.34,34.3,13599
02/08/2019,33.66,34.68,33.66,34.05,11126
02/11/2019,33.77,34.0999,33.52,34,12242
02/12/2019,34.2,34.2,33.94,34.05,11930
02/13/2019,34,35.33,33.71,33.71,27716
02/14/2019,33.56,35,33.42,33.7,13997
02/15/2019,33.01,34.94,32.66,34.2999,34137
02/19/2019,33.64,34,33.23,33.38,11031
02/20/2019,33.01,33.43,32.01,32.14,18840
02/21/2019,32.51,33.12,32.5,33.12,16289
02/22/2019,32.5,33.3,30.25,33.3,21686
02/25/2019,32.48,35.2,32.48,35.2,20613
02/26/2019,34.02,35.65,34.02,34.75,29238
02/27/2019,34.84,35.865,33.82,34.3,22221
02/28/2019,34.78,36,34.22,35.92,16649
03/01/2019,35.74,36.8,35.74,36,20875
03/04/2019,36.32,36.8456,35.01,35.89,12672
03/05/2019,35.38,36.25,35.248,36.25,16522
03/06/2019,35.41,36.65,35.41,36.25,14660
03/07/2019,35.52,36.51,35.52,36.08,16591
03/08/2019,35.2,36.3,35.2,35.63,12990
03/11/2019,35.73,36.45,35.56,36.01,11187
03/12/2019,36.75,38.4,36.13,38.299,28695
03/13/2019,39,40.53,38.6,39.88,20406
03/14/2019,38.85,39.35,37.21,37.935,27670
03/15/2019,38.39,41.3,38.39,40.15,22331
03/18/2019,40.94,41.15,39,40.83,20851
03/19/2019,40.36,40.55,39.55,39.655,11648
03/20/2019,39.3099,39.35,37.24,39.35,12536
03/21/2019,38.03,40.3896,38.03,39.79,16051
03/22/2019,38.51,40.1,38.325,38.41,15662
03/25/2019,38.01,38.711,38.01,38.21,10149
03/26/2019,37.59,39.31,37.59,38.83,9248
03/27/2019,38.5,39.15,38.175,38.8,10700
03/28/2019,38.5501,39.06,38,38,9663
03/29/2019,41.79,41.79,38.29,39,10133
04/01/2019,38.9,39.1,38.1703,38.85,6982
04/02/2019,39.66,39.66,38.28,39.1,6724
04/03/2019,39.09,39.71,39.09,39.68,10611
04/04/2019,39.8,40.19,39.8,40,10350
04/05/2019,40.1,41.1,39.75,40.8,11549
04/08/2019,41,41.85,40.9384,41.85,12700
04/09/2019,42,44,41.6,43.55,28990
04/10/2019,43.5,44.8199,40.01,41.89,16755
04/11/2019,41.87,43.09,41.87,42.95,16111
04/12/2019,43,44.985,42.815,43.35,11448
04/15/2019,45,45,43.38,43.68,8458
04/16/2019,43.02,44.929,43.0126,44.18,8284
04/17/2019,45,45.625,44.53,45.17,16989
04/18/2019,45.97,47.6,45.96,47.5,27172
04/22/2019,47.68,49.825,47.68,49.4,15071
04/23/2019,49.99,51.035,49.385,50.05,40352
04/24/2019,50.49,50.7,50.025,50.45,23742
04/25/2019,51,51,50.02,50.48,7374
04/26/2019,50.3,59.6028,49.28,56.8,18373
04/29/2019,56.11,58.39,55.49,57.48,8701
04/30/2019,58.29,60,57.5,57.7,10220
05/01/2019,58.5,58.5,57.79,57.94,8223
05/02/2019,58.24,58.4,57.1644,58.1,8079
05/03/2019,58,58.1,57.26,57.9,8009
05/06/2019,57,57,49.37,55.8,17451
05/07/2019,54.55,55.7,53.78,55.45,9465
05/08/2019,55.5,56.19,54.99,55.7,9171
05/09/2019,55.6,55.6,47.2001,53.9,13339
05/10/2019,53.12,54.01,52.01,52.9299,14160
05/13/2019,50.92,50.92,47.89,50.07,13792
05/14/2019,50,51,45.6768,50.65,9598
05/15/2019,49.99,50.1,49.32,50,11959
05/16/2019,50.32,50.8,49.44,50.15,10415
05/17/2019,49.03,50.05,49.03,50.05,9372
05/20/2019,51,51.6,49.8475,51,7969
05/21/2019,50.11,51.29,50.08,51.29,7257
05/22/2019,51.3,51.98,51.27,51.6,8027
05/23/2019,51.61,51.8,51.2,51.79,7150
05/24/2019,51.8,52.05,51.46,51.9999,6439
05/28/2019,52.1,52.1,50.89,52,6721
05/29/2019,52.05,52.4,51.8002,52.4,4726
05/30/2019,52.55,52.9,52.307,52.8,7009
05/31/2019,52.09,53.71,52.09,53.7,4953
06/03/2019,54.17,55.68,54.14,54.5,4535
06/04/2019,53.32,55.06,52.69,54.6,9586
06/05/2019,54.92,54.92,53,54.8,7161
06/06/2019,54.99,56.09,54.8395,55.35,10505
06/07/2019,55.88,57.35,55.5,56.05,9929
06/10/2019,55.6,56.28,55.19,56.05,8159
06/11/2019,57.17,57.17,55.55,55.745,7740
06/12/2019,55.03,55.6,54,55.6,7140
06/13/2019,55,58.065,55,56.2,13215
06/14/2019,56.5,57,56.24,56.7,9952
06/17/2019,59.14,59.14,56.18,58,8185
06/18/2019,58.5,58.89,58.14,58.7,8938
06/19/2019,59,60,58.79,59.78,21993
06/20/2019,60,60.29,59.05,60.05,9424
06/21/2019,60.67,62,60.2,61.7,9191
06/24/2019,61.91,61.91,60.16,61.24,7237
06/25/2019,62,62.0499,60.85,61.84,8426
06/26/2019,60.87,63.62,60.1901,60.9999,8486
06/27/2019,61,61.38,55.1053,59.48,13763
06/28/2019,58.9771,58.9771,56.92,58.3,12126
07/01/2019,58.3,59.25,58.1,58.55,9405
07/02/2019,58.19,58.9,58.19,58.8,10026
07/03/2019,58.9999,59.1,58.5,58.9,7431
07/05/2019,59,59.4,58.58,59.05,10103
07/08/2019,46.84,55.6999,46.84,54.7,12841
07/09/2019,54.99,55,54.12,55,9961
07/10/2019,55.05,55.2,52.11,55.2,8328
07/11/2019,55.5,55.75,54.96,55.75,6341
07/12/2019,55.999,56,54.0381,55.95,8638
07/15/2019,56.46,56.6,55.0321,56.6,8476
07/16/2019,56.4,56.5,56.04,56.5,6896
07/17/2019,56.89,57,55.8,56.75,8958
07/18/2019,57.5,57.95,57,57.65,12910
07/19/2019,56.96,59.3,56.96,58.1,7982
07/22/2019,57.33,58.35,57.33,58.0499,7441
07/23/2019,60.32,60.32,59.49,59.8,12094
07/24/2019,59.3937,60.2,59.3937,60.095,9201
07/25/2019,60.15,60.3,59.89,60.3,8723
07/26/2019,60.5,61.8,59.53,61.8,22261
07/29/2019,63.64,63.64,62.5,63.05,15500
07/30/2019,63.5,63.5,61.49,63.2,14560
07/31/2019,63.48,63.48,62,63.3,14816
08/01/2019,63.51,63.6,60.5,62.63,13807
08/02/2019,63.3,63.35,60.43,62.7,18414
08/05/2019,60.28,62.3,58.0401,61.3,19419
08/06/2019,60.5,60.9,57.335,60.7,28366
08/07/2019,57.63,61.25,57.63,61.15,49683
08/08/2019,61.5,63.045,60.77,61.89,46482
08/09/2019,62.4,62.6,61.4338,62.25,17970
08/12/2019,62,62.4,60.68,62.4,21835
08/13/2019,61.05,62.45,61.05,62.3,37964
08/14/2019,62.335,63,61.52,62.65,22322
08/15/2019,62.7748,63,62.6475,63,16698
08/16/2019,63.1396,63.45,62.54,63.35,12874
08/19/2019,63.44,63.5,53.35,63.45,12109
08/20/2019,63.5,63.55,62.96,63.5,11331
08/21/2019,64,64.2,61.53,63.65,10798
08/22/2019,63.95,63.97,63.098,63.95,15073
08/23/2019,63.9996,64,62.61,63.8,8961
08/26/2019,63.99,63.99,63.05,63.8999,12456
08/27/2019,63.8735,63.99,61.91,63.45,10411
08/28/2019,63.4999,63.4999,62.77,63.45,11622
08/29/2019,63.04,63.38,61.87,63.1,13996
08/30/2019,63.5,63.55,61.655,63,8562
09/03/2019,63.4996,63.55,62.13,63,9598
09/04/2019,63.1,63.1,62.705,63,9648
09/05/2019,63,63.15,62.07,63.05,13353
09/06/2019,63.5,63.5,62.33,63.1,8799
09/09/2019,63.41,63.41,62.8,63.15,8821
09/10/2019,63.09,63.09,62.1759,62.7,10448
09/11/2019,63,63,62.15,62.89,10503
09/12/2019,62.9999,63.25,62.8,63.25,8675
09/13/2019,63,63.1,62.41,63.05,8490
09/16/2019,63.49,63.49,62.6,63.2,8645
09/17/2019,63.4,63.45,62.88,63.3,6497
09/18/2019,63.5,63.5,62.99,63.44,11437
09/19/2019,63.9499,63.95,63.1505,63.705,7906
09/20/2019,63.99,63.99,63.56,63.56,10578
09/23/2019,63.8,64.05,63.44,64,19899
09/24/2019,64.5,64.89,63.6,64.05,10920
09/25/2019,64.4,65.71,63.57,65.07,19140
09/26/2019,65.2,65.5,63.39,65,24237
09/27/2019,65.44,65.48,63.88,64.96,15191
09/30/2019,64.8327,65.25,64.8327,65.1,15219
10/01/2019,65.23,65.5,64.41,65.2,14187
10/02/2019,65.41,65.41,64.821,65.25,9098
10/03/2019,65.44,65.75,64.1,65.6,13072
10/04/2019,65.5999,65.8,65.15,65.75,9867
10/07/2019,66.4,66.4,65.3,65.8301,16587
10/08/2019,66.5,66.5,65.77,66.2,12784
10/09/2019,66.28,66.35,65.7,66.08,12092
10/10/2019,66.35,66.85,63.545,66.15,15556
10/11/2019,66.49,66.49,65.54,66.25,9834
10/14/2019,68.88,68.88,65.65,66.0499,22097
10/15/2019,66.5,66.5,65.7,66,19395
10/16/2019,65.42,66,65.35,65.95,10644
10/17/2019,66.4899,66.4899,65.7577,66.1205,12337
10/18/2019,66.24,66.46,65.9,66.23,15388
10/21/2019,66.44,66.65,65.3115,66.44,20396
10/22/2019,67.5,67.5,64.6683,65.32,9056
10/23/2019,66.9999,66.9999,64.74,65.38,9063
10/24/2019,65.96,66.2,65.45,66.05,14983
10/25/2019,65.9,66.25,65.74,65.82,14551
10/28/2019,66.44,66.5,63.7371,66.23,9880
10/29/2019,66.45,66.45,65.98,66.26,9951
10/30/2019,66.84,66.9,66.2,66.54,10789
10/31/2019,66.5,66.6,65.63,66.5627,9824
11/01/2019,66.49,66.9,66.05,66.8998,10642
11/04/2019,66.51,66.95,65.4634,66.95,10723
11/05/2019,66.86,66.95,66.38,66.95,9853
11/06/2019,66.82,66.95,66.65,66.94,6514
11/07/2019,66.85,67,66.55,66.98,10029
11/08/2019,66.75,66.9,66.43,66.9,8192
11/11/2019,66.88,66.95,66.59,66.95,10794
11/12/2019,66.71,67.39,66.71,67.28,14716
11/13/2019,67.18,67.45,66.853,67.42,17175
11/14/2019,66.95,67.07,66.5,66.95,14368
11/15/2019,67,67.3,66.8,67.1,12952
11/18/2019,66.65,67,66.18,67,11038
11/19/2019,67.2499,67.25,66.3,67.05,10933
11/20/2019,66.8,67.39,66.53,67.34,13318
11/21/2019,66.96,67.1,65.97,66.8,19495
11/22/2019,66.99,66.99,66.3,66.3,8528
11/25/2019,66.3,66.5,65.885,66.45,16729
11/26/2019,66.5,66.55,66.245,66.46,12079
11/27/2019,66.3,66.51,63.9803,66.24,17847
11/29/2019,66.05,66.09,65.49,66.09,800
12/02/2019,66.9318,66.9318,64.85,65.3,7877
12/03/2019,66,66,63.18,65.65,12312
12/04/2019,65.5796,65.71,64.65,65.4565,11307
12/05/2019,65.5,65.8,65.01,65.01,7790
12/06/2019,64.83,65.45,64.83,65.3,7431
12/09/2019,66.3227,66.3227,64.42,64.6,10978
12/10/2019,65.49,67.46,65.38,65.7,9971
12/11/2019,66.42,66.42,64.9899,65.55,6696
12/12/2019,65.8599,65.9666,65.265,65.6828,15181
12/13/2019,65.95,66.2,65.72,66.05,18001
12/16/2019,66,66.25,65.6,66.2,6266
12/17/2019,66.2,66.22,65.625,66.2199,9102
12/18/2019,66.2499,66.58,66.083,66.3,10610
12/19/2019,66.33,66.33,65,65.65,16366
12/20/2019,66.25,66.25,64.05,65.018,18691
12/23/2019,65.9999,65.9999,64.02,64.4456,8725
12/24/2019,65.7,65.7,64.297,64.8,5200
12/26/2019,65.2,65.25,64.09,65,6200
12/27/2019,65.7,65.7,64.7,65.1,8488
12/30/2019,65.63,65.63,64.65,65.19,8725
12/31/2019,65.7,65.8,65.0575,65.2366,11100
01/02/2020,65.25,65.8,64.78,65.71,18369
01/03/2020,65.7499,65.8,64.8504,65.8,7196
01/06/2020,66.16,66.16,65.73,66.05,13888
01/07/2020,65.8,66.88,65.52,66.12,11976
01/08/2020,66.2,66.3999,65.8,66.18,14752
01/09/2020,66.38,66.6,66.1,66.29,16642
01/10/2020,67.5,67.5,65.93,66.35,13109
01/13/2020,66.32,66.45,65.9999,66.44,10972
01/14/2020,66.87,67.14,65.89,66.6,13518
01/15/2020,67.09,67.45,66.8,66.95,9124
01/16/2020,67,67.14,66.9,67,11357
01/17/2020,67,67.85,66.32,67.64,9452
01/21/2020,66.75,67.7,66.25,67.7,11661
01/22/2020,68,68.4,67.95,68.26,12081
01/23/2020,68.3,68.3,67.508,67.7,4820
01/24/2020,67.49,68.5,67.49,68.25,12436
01/27/2020,68.45,68.55,67.3263,68.55,12499
01/28/2020,68.14,69.54,67.837,69.06,36320
01/29/2020,69.7,70.78,68.72,69.5,13997
01/30/2020,68.54,69.67,68.54,69.4,13063
01/31/2020,70.5,71.15,70.45,71.1,12450
02/03/2020,72.01,74.12,71.6,73.05,7360
02/04/2020,73.9,75,73.57,74.36,4367
02/05/2020,75.16,75.43,74,75.43,2808
02/06/2020,75.38,75.3999,74.03,74.03,3081
02/07/2020,73.0432,73.4499,71.23,72.7,4432
02/10/2020,71.89,71.89,71.18,71.3973,1880
02/11/2020,69.7953,71.99,67.33,69.01,8586
02/12/2020,68.3,69.5,67.23,68.09,5002
02/13/2020,67.49,68.74,67.44,67.75,5217
02/14/2020,67.95,67.95,67.09,67.09,2847
02/18/2020,67.15,67.655,65.5,65.5,8193
02/19/2020,67,67.05,64.1429,64.1429,5680
02/20/2020,64.7854,64.7854,62.13,62.63,4705
02/21/2020,61.84,62.3204,57.54,58.17,1097
02/24/2020,56.75,59.8,55.3822,56.85,2142
02/25/2020,57.12,57.12,55.1,55.22,2995
02/26/2020,55.22,55.22,53,54.91,3388
02/27/2020,54.71,55.95,54.53,55.01,1000
02/28/2020,53.2,53.39,52.1,52.46,2096
03/02/2020,60.45,60.45,52.505,53,1900
03/03/2020,53.42,53.42,53.13,53.13,407
03/04/2020,54.99,54.99,54.99,54.99,299
03/05/2020,53.54,53.54,53.54,53.54,331
03/06/2020,50.8,53.19,50.8,53.19,574
03/09/2020,49.72,49.72,49.72,49.72,200
03/10/2020,50,52.5,47.2,47.2,3945
03/11/2020,48.52,52.19,48.52,52.19,306
03/12/2020,46.84,46.84,40.81,43,1902
03/13/2020,48.76,48.76,48.21,48.7,903
03/16/2020,38.33,38.33,35.08,37.65,400
03/17/2020,37.65,40.01,37.29,38.41,3756
03/18/2020,31.85,40,31.85,32.1,1368
03/19/2020,37.12,37.12,32.99,33.2,3855
03/20/2020,34.01,42.51,33.59,35.41,7706
03/23/2020,35.2,35.25,31.88,33.69,17900
03/24/2020,42,42,36.19,40.81,15432
03/25/2020,40.5,54.97,38.69,51.94,31009
03/26/2020,53.5,58.79,49.11,51.5,25837
03/27/2020,49.65,58.99,49.0001,53.4894,7570
03/30/2020,57.99,57.99,51.21,57.9,21636
03/31/2020,57,60.2,56.98,59,14334
04/01/2020,56,60.01,56,56.81,14863
04/02/2020,58,62.8943,56.5,57.0606,4230
04/03/2020,59,61.655,55.92,56.55,14462
04/06/2020,58.99,58.99,55,56.715,8917
04/07/2020,55.32,56.69,46.0601,46.0601,10339
04/08/2020,46.31,48.01,43.1,43.2,7903
04/09/2020,40.81,46.332,37,43.86,4018
04/13/2020,47.01,47.01,42.8954,42.8954,1600
04/14/2020,50.23,52.7,46.01,46.01,4088
04/15/2020,50.6,50.6,45.99,47.1,9022
04/16/2020,48.1423,48.1423,43.12,46.01,9591
04/17/2020,47,47,45,46.34,3038
04/20/2020,48.7,48.7,43.32,44.21,4052
04/21/2020,47.48,47.48,42.69,44.8777,5451
04/22/2020,47.5,50.83,45.48,50.73,2909
04/23/2020,51,53.71,48.08,48.45,3024
04/24/2020,52.7,52.7,48.5,48.73,13496
04/27/2020,49.8553,51.9299,47.1466,49.899,1300
04/28/2020,49.3,49.7,47.98,49.46,1200
04/29/2020,51.919,51.919,48.44,48.44,2140
04/30/2020,50.949,50.949,45.36,47.6,8477
05/01/2020,47.71,50.49,45.7,45.7,1700
05/04/2020,50,50,45.125,46.35,5836
05/05/2020,47.4844,48.65,46.065,47,2205
05/06/2020,49.94,49.94,45.99,48.5594,3122
05/07/2020,47.869,47.8699,46.48,47.71,600
05/08/2020,47.62,48.7,46.095,47.999,960
05/11/2020,46.79,47.3,46.5,47,3331
05/12/2020,47.01,47.01,47.01,47.01,200
05/13/2020,46.33,46.4899,44.98,46.4899,1101
05/14/2020,47.2599,47.2599,45.53,45.53,1105
05/15/2020,46.0999,46.41,45.27,45.27,1290
05/18/2020,47.3,47.3,45.3297,45.82,1747
05/19/2020,45.64,45.64,44.82,45.2,1400
05/20/2020,47.4899,47.4899,45.01,45.97,512
05/21/2020,47.4477,47.4477,47.3,47.3911,1200
05/22/2020,47.37,47.3994,46.0373,46.0373,400
05/26/2020,45.9885,45.9962,45.9885,45.9962,250
05/27/2020,45.999,45.999,45.9845,45.9845,200
05/28/2020,45.5,45.9,45.47,45.8,910
05/29/2020,44.99,45.0304,42.99,43.9894,3226
06/01/2020,43.3,43.3,43.3,43.3,100
06/02/2020,42.6,43.01,39.49,39.5,15820
06/03/2020,39.85,40.3,37.84,38.99,6225
06/04/2020,39.9932,41,38.99,40.5,3693
06/05/2020,41.5224,42.1999,40.55,40.56,843
06/08/2020,41.1,41.9999,40.2101,40.99,2135
06/09/2020,41,42.5,40.0119,40.23,9525
06/10/2020,40.3,42.95,38.41,40.994,3004
06/11/2020,40.98,40.98,38.87,40.32,1195
06/12/2020,41.9599,41.99,39.53,41.8,1150
06/15/2020,40.9999,41.28,39.2951,39.2951,920
06/16/2020,40,41.4,38.9,40.3445,10630
06/17/2020,40.9999,41,39.87,39.87,500
06/18/2020,40.15,41.2799,39.13,40.2,2103
06/19/2020,41.2747,45.6,41,45.6,9462
06/22/2020,46.4255,46.8,45.01,46.75,3050
06/23/2020,46.79,48.48,43.59,45.0799,6595
06/24/2020,46.98,46.98,43.04,44.4899,1000
06/25/2020,44.9899,44.9899,40.55,41.25,6457
06/26/2020,41.05,45.16,41.05,43.9999,2568
06/29/2020,43.74,43.9,39.8301,40.51,10708
06/30/2020,40.2,42.14,40.2,41.0006,11436
07/01/2020,40.0101,42.08,40.0101,41.5798,4495
07/02/2020,42.31,42.31,40.0301,40.0301,1800
07/06/2020,41.21,42.55,41.21,42.4,7505
07/07/2020,42.41,42.89,41.51,42.8899,1700
07/08/2020,42.35,44.9499,42.35,44.9399,3854
07/09/2020,44.75,48.99,44.75,46.05,4145
07/10/2020,45.5,54,45.5,53.83,7466
07/13/2020,53.8,54.35,46.63,46.63,8329
07/14/2020,46.54,50.71,45.8,49.5,5510
07/15/2020,49.5,50.9,48.82,49.4,4501
07/16/2020,49,50.99,47.7,49.57,5494
07/17/2020,50,51.74,49.05,50.945,7096
07/20/2020,52,52,50.51,51.2,2050
07/21/2020,52,52.49,50.89,50.89,1200
07/22/2020,52,52,50.69,51.86,2260
07/23/2020,50.9,50.98,45.9,45.9,13930
07/24/2020,47.56,49,47.5101,48.9999,1167
07/27/2020,50.97,50.97,48.88,48.88,1432
07/28/2020,49.98,49.98,47.6,48.89,3032
07/29/2020,49.77,49.7965,49.14,49.15,2855
07/30/2020,48.99,49.5,45.3886,49.49,810
07/31/2020,49.4999,49.4999,48.43,48.93,1490
08/03/2020,49.5,49.5,47.37,49.375,1200
08/04/2020,47.43,49.48,47.43,49.48,2016
08/05/2020,48.11,49.48,48.11,49.48,900
08/06/2020,46.9838,51.31,46.9838,49.99,7770
08/07/2020,50.05,50.05,49,49.44,3398
08/10/2020,49.92,49.92,48.22,49.8999,1992
08/11/2020,49.84,50.98,48.55,48.55,6712
08/12/2020,49.9,50.49,48.3,48.86,9104
08/13/2020,49.7,49.8,48.61,48.9993,2400
08/14/2020,48.99,49.29,48.87,49.19,400
08/17/2020,49.6,49.6,48.68,49.14,2300
08/18/2020,49.66,49.8,47.9827,48.983,2582
08/19/2020,48.35,49.1,48.35,49,714
08/20/2020,49.11,50.18,48.25,49.1,3871
08/21/2020,49.4,49.4,48.151,49.14,953
08/24/2020,50.49,50.49,49.38,49.38,1503
08/25/2020,49.8,49.8,47.53,47.53,1150
08/26/2020,48.67,48.67,47.73,47.83,3689
08/27/2020,48.3,48.3,46.7,47.8,5003
08/28/2020,47.8,47.8,45.72,45.72,1400
08/31/2020,45.23,46.71,44.52,46,2229
09/01/2020,45.9747,46.35,45.29,45.53,1600
09/02/2020,46.2899,46.3,45.2818,45.7,1040
09/03/2020,48.9679,48.9679,44.5103,45.6,1806
09/04/2020,45.7,45.7,44.44,44.7,2999
09/08/2020,44.4963,47.12,44.4963,46.57,6510
09/09/2020,47.36,48.8,47,47.3374,8413
09/10/2020,47.9999,47.9999,47.2999,47.47,1688
09/11/2020,48.2,48.2,47.08,47.5,3579
09/14/2020,47.2,49.49,46.82,47,5800
09/15/2020,49.25,49.25,47.2,47.2,6643
09/16/2020,48.35,48.35,47.8,47.93,3858
09/17/2020,47.04,49.1857,47.04,47.89,1900
09/18/2020,48.95,48.95,47.21,47.26,6594
09/21/2020,48.4,48.9399,47.02,47.02,1400
09/22/2020,47.49,47.57,46.8,47.57,3201
09/23/2020,47.54,48.5499,47.5,48.5499,2610
09/24/2020,48.88,48.88,46.69,47.82,2601
09/25/2020,48,48,47.21,47.93,3143
09/28/2020,48.22,49.3,48.2,48.51,6940
09/29/2020,48.5,49.05,48.32,48.53,6394
09/30/2020,48.7873,49.65,45.61,49.3,6100
10/01/2020,49.9899,49.9899,49.234,49.6999,2684
10/02/2020,47.67,51,47.67,51,4320
10/05/2020,50.55,52.22,50.43,51.04,3995
10/06/2020,51.86,51.86,50.78,51.5,4480
10/07/2020,51.88,53.8,51.59,52.61,3000
10/08/2020,52.1,54.8,52.1,54.4999,6340
10/09/2020,54.98,56,54.55,55.7999,2359
10/12/2020,55.8,57,55.67,57,7804
10/13/2020,57.8999,57.9,56.205,57.11,3450
10/14/2020,57,60.3975,56.75,59.685,7053
10/15/2020,60.33,60.4999,59.1238,59.78,2105
10/16/2020,61,61.68,60.13,60.29,6262
10/19/2020,61.4,61.94,60.945,61.35,6638
10/20/2020,61.76,62,61.3001,61.3001,4600
10/21/2020,60.89,62.29,59.82,62.15,4159
10/22/2020,64.9999,65,60.7588,62.79,4490
10/23/2020,63,64,62.295,63.58,4380
10/26/2020,63.87,64.99,63.21,64.5,9387
10/27/2020,64.6867,65.2,64.45,64.9,3577
10/28/2020,64.02,65,64,64.6,3098
10/29/2020,64.5999,64.6,63.1,64.53,2103
10/30/2020,63.63,67.55,63.1501,65.28,4720
11/02/2020,65.2,66.1,60.34,66.07,3600
11/03/2020,65.7,66.99,64.895,65.82,4554
11/04/2020,66.4999,66.5,65.615,65.615,3630
11/05/2020,66.03,66.11,65,65.01,7182
11/06/2020,66.01,66.01,65.21,65.9999,3860
11/09/2020,66.38,67.49,65.7,65.88,6353
11/10/2020,65.94,65.9993,64.35,64.52,3719
11/11/2020,64.9981,65.4,64,64.5,6008
11/12/2020,65,65.5,64.45,64.52,4133
11/13/2020,65.5,65.5127,64.75,65.45,1840
11/16/2020,66.96,66.97,61.007,65.9,1855
11/17/2020,65.8,66.25,65.1397,66.22,3392
11/18/2020,66.99,66.99,60.29,64.055,5111
11/19/2020,64.06,65.5,64.06,64.7,7395
11/20/2020,63.99,65.5,63.99,64.1789,2246
11/23/2020,65,65.19,64.03,64.5,2113
11/24/2020,65,65.1,64,65.1,4100
11/25/2020,64.12,65.5,64.12,65.15,1600
11/27/2020,65.48,65.9,65.05,65.77,2900
11/30/2020,65.05,66.3,65.05,65.6453,4087
12/01/2020,65.9,65.9,63.5975,64.1429,4073
12/02/2020,64.45,64.6,63.55,63.68,4221
12/03/2020,64,64,63.3,63.98,2879
12/04/2020,64.44,64.5,63.86,64.48,3000
12/07/2020,65.05,65.5,62.881,65,3623
12/08/2020,65,65,64.54,65,3073
12/09/2020,65,65,64.22,64.22,3800
12/10/2020,64.5,64.6,61.2901,63.4,3254
12/11/2020,65,65,64.1,64.1,2600
12/14/2020,64.8,64.8,62.61,64.8,1200
12/15/2020,64.8,65.15,64.25,65.1,3600
12/16/2020,65.6,65.6,64.9,65.35,3396
12/17/2020,65.8,66,64.5,65.48,5115
12/18/2020,65.2058,65.8,64.6,65.8,5883
12/21/2020,65.85,66,65.6,65.8,2086
12/22/2020,65.4908,66,65.4908,65.89,4315
12/23/2020,66.08,66.08,65.99,66,1200
12/24/2020,65.8,66.3,64.42,65.5,2850
12/28/2020,65.2681,65.64,65.2681,65.6,2117
12/29/2020,66.2,66.2,65.37,65.37,4430
12/30/2020,66,66.24,65.5,65.5,4888
12/31/2020,65.5,65.98,65.45,65.84,4355
