             1. open   2. high    3. low  4. close  5. adjusted close  6. volume  7. dividend amount  8. split coefficient
date                                                                                                                      
2018-03-28  0.980000  0.980000  0.870000  0.880000           0.880000    17650.0                 0.0                   1.0
2018-03-29  0.840000  1.000000  0.840000  0.870000           0.870000   147619.0                 0.0                   1.0
2018-04-02  0.869000  0.948000  0.869000  0.948000           0.948000     9001.0                 0.0                   1.0
2018-04-03  0.900000  0.920000  0.900000  0.900000           0.900000    30752.0                 0.0                   1.0
2018-04-04  0.900000  0.915000  0.900000  0.915000           0.915000     9000.0                 0.0                   1.0
2018-04-05  0.900000  0.940000  0.850000  0.852000           0.852000   137198.0                 0.0                   1.0
2018-04-06  0.852000  0.940000  0.850000  0.890000           0.890000   264336.0                 0.0                   1.0
2018-04-09  0.850000  0.890000  0.830200  0.870000           0.870000    40477.0                 0.0                   1.0
2018-04-10  0.890000  0.920000  0.840000  0.920000           0.920000    96208.0                 0.0                   1.0
2018-04-11  0.900000  0.920000  0.880000  0.880000           0.880000     5700.0                 0.0                   1.0
2018-04-12  0.920000  0.920000  0.880000  0.900000           0.900000    54500.0                 0.0                   1.0
2018-04-13  0.900000  0.919000  0.898200  0.900000           0.900000    32816.0                 0.0                   1.0
2018-04-16  0.910000  0.929900  0.850200  0.905000           0.905000    54516.0                 0.0                   1.0
2018-04-17  0.900000  0.910000  0.850200  0.900000           0.900000   111000.0                 0.0                   1.0
2018-04-18  0.920000  0.920000  0.876529  0.876529           0.876529    11800.0                 0.0                   1.0
2018-04-19  0.910000  0.910000  0.870000  0.890000           0.890000    18668.0                 0.0                   1.0
2018-04-20  0.890000  0.890000  0.860000  0.880000           0.880000     7000.0                 0.0                   1.0
2018-04-23  0.900000  0.900000  0.850200  0.890000           0.890000     3000.0                 0.0                   1.0
2018-04-24  0.900000  0.900000  0.870000  0.870000           0.870000      570.0                 0.0                   1.0
2018-04-25  0.890000  0.890000  0.850000  0.880000           0.880000     8250.0                 0.0                   1.0
2018-04-26  0.877400  0.880000  0.840000  0.880000           0.880000     8400.0                 0.0                   1.0
2018-04-27  0.880000  0.880000  0.840000  0.840000           0.840000     3300.0                 0.0                   1.0
2018-04-30  0.870000  0.900000  0.867500  0.890000           0.890000    34300.0                 0.0                   1.0
2018-05-01  0.900000  0.900000  0.900000  0.900000           0.900000     6400.0                 0.0                   1.0
2018-05-02  0.900000  0.900000  0.885500  0.900000           0.900000    37764.0                 0.0                   1.0
2018-05-03  0.900000  0.900000  0.887500  0.887500           0.887500    26500.0                 0.0                   1.0
2018-05-04  0.900000  0.900000  0.870000  0.879900           0.879900    43656.0                 0.0                   1.0
2018-05-07  0.900000  0.920000  0.840000  0.867400           0.867400   158762.0                 0.0                   1.0
2018-05-08  0.900000  0.960000  0.900000  0.950000           0.950000   208783.0                 0.0                   1.0
2018-05-09  0.901000  0.950000  0.901000  0.920000           0.920000     8932.0                 0.0                   1.0
2018-05-10  0.840100  0.920000  0.840100  0.896000           0.896000    33590.0                 0.0                   1.0
2018-05-11  0.900000  0.919700  0.885600  0.900000           0.900000    25095.0                 0.0                   1.0
2018-05-14  0.920000  0.935000  0.910000  0.920000           0.920000    47815.0                 0.0                   1.0
2018-05-15  0.915000  0.915000  0.841000  0.894000           0.894000     9850.0                 0.0                   1.0
2018-05-16  0.895499  0.915900  0.860000  0.880000           0.880000     7900.0                 0.0                   1.0
2018-05-17  0.909900  0.909900  0.849800  0.890000           0.890000     6900.0                 0.0                   1.0
2018-05-18  0.890000  0.890000  0.810000  0.820000           0.820000    82707.0                 0.0                   1.0
2018-05-21  0.820000  0.820000  0.800000  0.800000           0.800000     1200.0                 0.0                   1.0
2018-05-22  0.860000  0.889900  0.829900  0.830000           0.830000   130700.0                 0.0                   1.0
2018-05-23  0.874200  0.874200  0.795000  0.820000           0.820000   158407.0                 0.0                   1.0
2018-05-24  0.834500  0.850000  0.820000  0.840000           0.840000    53500.0                 0.0                   1.0
2018-05-25  0.849900  0.849900  0.790000  0.820000           0.820000    16900.0                 0.0                   1.0
2018-05-29  0.840000  0.849900  0.800000  0.849900           0.849900    13800.0                 0.0                   1.0
2018-05-30  0.849900  0.849900  0.800000  0.849900           0.849900    65600.0                 0.0                   1.0
2018-05-31  0.850000  0.850000  0.760000  0.850000           0.850000    71648.0                 0.0                   1.0
2018-06-01  0.838000  0.840000  0.819900  0.819900           0.819900    25700.0                 0.0                   1.0
2018-06-04  0.840000  0.840000  0.775700  0.775700           0.775700    37520.0                 0.0                   1.0
2018-06-05  0.780000  0.780200  0.778000  0.780000           0.780000    18100.0                 0.0                   1.0
2018-06-06  0.840000  0.840000  0.758700  0.810000           0.810000    82053.0                 0.0                   1.0
2018-06-07  0.810100  0.810100  0.769800  0.800000           0.800000    13152.0                 0.0                   1.0
2018-06-08  0.800000  0.800000  0.790000  0.790000           0.790000    31450.0                 0.0                   1.0
2018-06-11  0.819900  0.819900  0.795100  0.800000           0.800000    22450.0                 0.0                   1.0
2018-06-12  0.819900  0.819900  0.780000  0.800000           0.800000     1500.0                 0.0                   1.0
2018-06-13  0.819900  0.819900  0.780300  0.800000           0.800000     9300.0                 0.0                   1.0
2018-06-14  0.778999  0.800000  0.778999  0.800000           0.800000     1300.0                 0.0                   1.0
2018-06-15  0.800000  0.800000  0.780000  0.790000           0.790000   162887.0                 0.0                   1.0
2018-06-18  0.800000  0.800000  0.750000  0.799900           0.799900   173205.0                 0.0                   1.0
2018-06-19  0.800000  0.800000  0.740600  0.797500           0.797500    22382.0                 0.0                   1.0
2018-06-20  0.800000  0.819700  0.780000  0.819700           0.819700    73245.0                 0.0                   1.0
2018-06-21  0.810000  0.849000  0.810000  0.847300           0.847300    98300.0                 0.0                   1.0
2018-06-22  0.830000  0.850000  0.830000  0.850000           0.850000   161176.0                 0.0                   1.0
2018-06-25  0.780000  0.900000  0.780000  0.890000           0.890000    65977.0                 0.0                   1.0
2018-06-26  0.890000  0.899000  0.885600  0.890000           0.890000    59400.0                 0.0                   1.0
2018-06-27  0.890000  0.944700  0.885600  0.930000           0.930000   110551.0                 0.0                   1.0
2018-06-28  0.930000  0.940000  0.900000  0.940000           0.940000    18249.0                 0.0                   1.0
2018-06-29  0.940000  0.970000  0.910000  0.950000           0.950000    99460.0                 0.0                   1.0
2018-07-02  0.950000  1.010000  0.950000  1.010000           1.010000    47956.0                 0.0                   1.0
2018-07-03  1.010000  1.080000  1.010000  1.080000           1.080000    35604.0                 0.0                   1.0
2018-07-05  1.080000  1.100000  1.001000  1.100000           1.100000     7100.0                 0.0                   1.0
2018-07-06  1.090000  1.100000  1.090000  1.100000           1.100000     6700.0                 0.0                   1.0
2018-07-09  1.100000  1.150000  1.084700  1.120000           1.120000   122233.0                 0.0                   1.0
2018-07-10  1.150000  1.250000  1.150000  1.239000           1.239000    70198.0                 0.0                   1.0
2018-07-11  1.250000  1.250000  1.220000  1.250000           1.250000    48000.0                 0.0                   1.0
2018-07-12  1.290000  1.300000  1.171200  1.280000           1.280000    36150.0                 0.0                   1.0
2018-07-13  1.280000  1.300000  1.242800  1.280000           1.280000    41433.0                 0.0                   1.0
2018-07-16  1.280000  1.299900  1.240000  1.280000           1.280000   140340.0                 0.0                   1.0
2018-07-17  1.280000  1.300000  1.220000  1.300000           1.300000    20777.0                 0.0                   1.0
2018-07-18  1.320000  1.321000  1.280000  1.310000           1.310000    21500.0                 0.0                   1.0
2018-07-19  1.350000  1.640000  1.300000  1.410000           1.410000    97693.0                 0.0                   1.0
2018-07-20  1.440000  1.440000  1.440000  1.440000           1.440000      400.0                 0.0                   1.0
2018-07-23  1.443300  1.443300  1.400000  1.400000           1.400000     7902.0                 0.0                   1.0
2018-07-24  1.400000  1.400000  1.270000  1.350000           1.350000    48600.0                 0.0                   1.0
2018-07-25  1.400000  1.400000  1.400000  1.400000           1.400000      200.0                 0.0                   1.0
2018-07-26  1.370000  1.400000  1.300000  1.400000           1.400000     5000.0                 0.0                   1.0
2018-07-27  1.440000  1.450000  1.350000  1.390000           1.390000    13202.0                 0.0                   1.0
2018-07-30  1.290000  1.430000  1.290000  1.400000           1.400000    12100.0                 0.0                   1.0
2018-07-31  1.430000  1.430000  1.430000  1.430000           1.430000     1000.0                 0.0                   1.0
2018-08-01  1.400000  1.400000  1.393400  1.400000           1.400000    12700.0                 0.0                   1.0
2018-08-02  1.400000  1.420000  1.290000  1.420000           1.420000     9200.0                 0.0                   1.0
2018-08-03  1.420000  1.480000  1.280000  1.480000           1.480000    28350.0                 0.0                   1.0
2018-08-06  1.480000  1.500000  1.300000  1.430000           1.430000    36997.0                 0.0                   1.0
2018-08-07  1.500000  1.550000  1.487500  1.520000           1.520000    60317.0                 0.0                   1.0
2018-08-08  1.520000  1.550000  1.449900  1.550000           1.550000   135783.0                 0.0                   1.0
2018-08-09  1.500000  1.550000  1.310000  1.400000           1.400000    15415.0                 0.0                   1.0
2018-08-10  1.500000  1.500000  1.000000  1.360000           1.360000    47206.0                 0.0                   1.0
2018-08-13  1.330000  1.330000  1.330000  1.330000           1.330000      200.0                 0.0                   1.0
2018-08-14  1.420000  1.500000  1.240000  1.390000           1.390000    13101.0                 0.0                   1.0
2018-08-15  1.250000  1.380000  1.250000  1.300000           1.300000    17652.0                 0.0                   1.0
2018-08-16  1.400000  1.400000  1.239200  1.290000           1.290000    34210.0                 0.0                   1.0
2018-08-17  1.300000  1.500000  1.200000  1.450000           1.450000    69050.0                 0.0                   1.0
2018-08-20  1.490000  1.490000  1.200000  1.250000           1.250000    10080.0                 0.0                   1.0
2018-08-21  1.420000  1.420000  1.210000  1.330000           1.330000   115150.0                 0.0                   1.0
2018-08-22  1.400000  1.400000  1.300000  1.350000           1.350000    21750.0                 0.0                   1.0
2018-08-23  1.420000  1.420000  1.300000  1.400000           1.400000    19044.0                 0.0                   1.0
2018-08-24  1.450000  1.450000  1.380000  1.447000           1.447000   120016.0                 0.0                   1.0
2018-08-27  1.490000  1.500000  1.400000  1.465000           1.465000    35272.0                 0.0                   1.0
2018-08-28  1.500000  1.550000  1.440000  1.530000           1.530000    48267.0                 0.0                   1.0
2018-08-29  1.550000  1.550000  1.550000  1.550000           1.550000      600.0                 0.0                   1.0
2018-08-30  1.500000  1.600000  1.500000  1.550000           1.550000     5703.0                 0.0                   1.0
2018-08-31  1.550000  1.600000  1.310000  1.600000           1.600000    60629.0                 0.0                   1.0
2018-09-04  1.580000  1.580000  1.501000  1.550000           1.550000    20400.0                 0.0                   1.0
2018-09-05  1.500000  1.590000  1.400000  1.550000           1.550000    28703.0                 0.0                   1.0
2018-09-06  1.550000  1.550000  1.450000  1.480000           1.480000     7550.0                 0.0                   1.0
2018-09-07  1.510000  1.510000  1.447100  1.510000           1.510000    11010.0                 0.0                   1.0
2018-09-10  1.510000  1.510000  1.480000  1.480000           1.480000      365.0                 0.0                   1.0
2018-09-11  1.480000  1.480000  1.480000  1.480000           1.480000      200.0                 0.0                   1.0
2018-09-12  1.480000  1.550000  1.470000  1.550000           1.550000    45004.0                 0.0                   1.0
2018-09-13  1.640000  1.690000  1.570000  1.639000           1.639000     8567.0                 0.0                   1.0
2018-09-14  1.630000  1.630000  1.630000  1.630000           1.630000      200.0                 0.0                   1.0
2018-09-17  1.630000  1.630000  1.530100  1.620000           1.620000    11100.0                 0.0                   1.0
2018-09-18  1.630000  1.630000  1.576100  1.630000           1.630000      800.0                 0.0                   1.0
2018-09-19  1.630000  1.630000  1.600000  1.600000           1.600000     5810.0                 0.0                   1.0
2018-09-20  1.590000  1.630000  1.550000  1.630000           1.630000    16400.0                 0.0                   1.0
2018-09-21  1.600000  1.600000  1.550000  1.550000           1.550000    11800.0                 0.0                   1.0
2018-09-24  1.600000  1.600000  1.550000  1.600000           1.600000     8390.0                 0.0                   1.0
2018-09-25  1.630000  1.630000  1.600000  1.600000           1.600000     7700.0                 0.0                   1.0
2018-09-26  1.620000  1.620000  1.550000  1.620000           1.620000    11460.0                 0.0                   1.0
2018-09-27  1.680000  1.680000  1.510100  1.650000           1.650000    19100.0                 0.0                   1.0
2018-09-28  1.650000  1.690000  1.640000  1.690000           1.690000    56079.0                 0.0                   1.0
2018-10-01  1.550000  1.690000  1.546900  1.607500           1.607500    28204.0                 0.0                   1.0
2018-10-02  1.650000  1.650000  1.650000  1.650000           1.650000      200.0                 0.0                   1.0
2018-10-03  1.650000  1.665700  1.650000  1.650000           1.650000    24362.0                 0.0                   1.0
2018-10-04  1.680000  1.680000  1.510000  1.650000           1.650000    19314.0                 0.0                   1.0
2018-10-05  1.680000  1.680000  1.650000  1.650000           1.650000     7210.0                 0.0                   1.0
2018-10-08  1.680000  1.680000  1.600000  1.610200           1.610200     8140.0                 0.0                   1.0
2018-10-09  1.650000  1.650000  1.600000  1.650000           1.650000     5400.0                 0.0                   1.0
2018-10-10  1.650000  1.650000  1.521600  1.575000           1.575000   155636.0                 0.0                   1.0
2018-10-11  1.650000  1.650000  1.500000  1.580000           1.580000     3200.0                 0.0                   1.0
2018-10-12  1.650000  1.650000  1.632700  1.640000           1.640000      950.0                 0.0                   1.0
2018-10-15  1.650000  1.650000  1.310000  1.640000           1.640000    25600.0                 0.0                   1.0
2018-10-16  1.640000  1.640000  1.500000  1.620000           1.620000    41200.0                 0.0                   1.0
2018-10-17  1.640000  1.640000  1.480800  1.620000           1.620000    35200.0                 0.0                   1.0
2018-10-18  1.620000  1.620000  1.620000  1.620000           1.620000      100.0                 0.0                   1.0
2018-10-19  1.650000  1.650000  1.650000  1.650000           1.650000      300.0                 0.0                   1.0
2018-10-22  1.600000  1.600000  1.510000  1.590000           1.590000     1725.0                 0.0                   1.0
2018-10-23  1.600000  1.600000  1.600000  1.600000           1.600000      200.0                 0.0                   1.0
2018-10-24  1.600000  1.600000  1.600000  1.600000           1.600000      200.0                 0.0                   1.0
2018-10-25  1.550000  1.550000  1.500000  1.550000           1.550000     2600.0                 0.0                   1.0
2018-10-26  1.550000  1.550000  1.450000  1.520000           1.520000    14735.0                 0.0                   1.0
2018-10-29  1.540000  1.540000  1.330000  1.380000           1.380000     6802.0                 0.0                   1.0
2018-10-30  1.450000  1.450000  1.409000  1.430000           1.430000    23200.0                 0.0                   1.0
2018-10-31  1.450000  1.640000  1.450000  1.620000           1.620000   135724.0                 0.0                   1.0
2018-11-01  1.620000  1.620000  1.450000  1.450000           1.450000     5399.0                 0.0                   1.0
2018-11-02  1.400000  1.520000  1.400000  1.520000           1.520000     3300.0                 0.0                   1.0
2018-11-05  1.470000  1.490000  1.300000  1.300000           1.300000    12935.0                 0.0                   1.0
2018-11-06  1.440000  1.455900  1.390000  1.390000           1.390000      700.0                 0.0                   1.0
2018-11-07  1.310000  1.330000  1.200000  1.330000           1.330000    21351.0                 0.0                   1.0
2018-11-08  1.200100  1.210000  1.000000  1.050900           1.050900   142876.0                 0.0                   1.0
2018-11-09  0.920000  1.040000  0.880000  0.930000           0.930000    28606.0                 0.0                   1.0
2018-11-12  0.888600  0.888600  0.750000  0.800000           0.800000   159013.0                 0.0                   1.0
2018-11-13  0.750000  0.780000  0.750000  0.761000           0.761000    44148.0                 0.0                   1.0
2018-11-14  0.780000  0.950000  0.780000  0.946000           0.946000    35390.0                 0.0                   1.0
2018-11-16  1.000000  1.000000  0.820000  0.820000           0.820000    26967.0                 0.0                   1.0
2018-11-19  0.810000  0.890000  0.700000  0.700000           0.700000    50336.0                 0.0                   1.0
2018-11-20  0.800000  0.880000  0.800000  0.876500           0.876500     4200.0                 0.0                   1.0
2018-11-21  0.889700  0.899700  0.889700  0.899700           0.899700      300.0                 0.0                   1.0
2018-11-26  0.930000  0.930000  0.710000  0.740000           0.740000   103250.0                 0.0                   1.0
2018-11-27  0.710000  0.750000  0.700000  0.740000           0.740000    58519.0                 0.0                   1.0
2018-11-28  0.840000  0.940000  0.805100  0.915000           0.915000    20401.0                 0.0                   1.0
2018-11-29  0.780000  0.950000  0.740000  0.950000           0.950000    14900.0                 0.0                   1.0
2018-11-30  0.950000  1.000000  0.950000  1.000000           1.000000     6900.0                 0.0                   1.0
2018-12-03  1.000000  1.000000  0.995100  1.000000           1.000000     3800.0                 0.0                   1.0
2018-12-06  0.900000  0.903800  0.880000  0.880000           0.880000    10100.0                 0.0                   1.0
2018-12-07  1.000000  1.000000  0.900000  0.980000           0.980000      500.0                 0.0                   1.0
2018-12-10  0.862600  0.862600  0.862600  0.862600           0.862600   343006.0                 0.0                   1.0
2018-12-11  1.000000  1.000000  0.810000  0.990000           0.990000     1000.0                 0.0                   1.0
2018-12-12  1.000000  1.000000  1.000000  1.000000           1.000000      200.0                 0.0                   1.0
2018-12-13  1.000000  1.000000  1.000000  1.000000           1.000000      500.0                 0.0                   1.0
2018-12-19  0.835000  0.850000  0.835000  0.850000           0.850000    71000.0                 0.0                   1.0
2018-12-20  0.750000  0.750000  0.750000  0.750000           0.750000     2000.0                 0.0                   1.0
2018-12-21  0.710000  0.800000  0.710000  0.800000           0.800000     6066.0                 0.0                   1.0
2018-12-24  0.850000  0.850000  0.850000  0.850000           0.850000     3750.0                 0.0                   1.0
2018-12-26  0.850000  0.910000  0.850000  0.910000           0.910000      600.0                 0.0                   1.0
2018-12-27  0.910000  0.910000  0.910000  0.910000           0.910000      200.0                 0.0                   1.0
2018-12-28  0.910000  0.910000  0.910000  0.910000           0.910000      200.0                 0.0                   1.0
2018-12-31  0.910000  0.910000  0.910000  0.910000           0.910000      700.0                 0.0                   1.0
2019-01-02  0.920000  0.966198  0.920000  0.966198           0.966198     2400.0                 0.0                   1.0
2019-01-04  0.950000  0.950000  0.950000  0.950000           0.950000    50000.0                 0.0                   1.0
2019-01-07  0.990000  0.990000  0.880000  0.880000           0.880000    11771.0                 0.0                   1.0
2019-01-08  0.880000  0.922000  0.880000  0.922000           0.922000    10200.0                 0.0                   1.0
2019-01-09  0.922000  0.950000  0.901000  0.950000           0.950000    12200.0                 0.0                   1.0
2019-01-10  0.954800  0.954800  0.954800  0.954800           0.954800      200.0                 0.0                   1.0
2019-01-15  0.954800  0.954800  0.954800  0.954800           0.954800      100.0                 0.0                   1.0
2019-01-17  0.954800  1.000000  0.690000  1.000000           1.000000     6043.0                 0.0                   1.0
2019-01-18  0.730000  0.904420  0.730000  0.904420           0.904420      200.0                 0.0                   1.0
2019-01-22  0.817000  0.930000  0.817000  0.930000           0.930000      350.0                 0.0                   1.0
2019-01-25  0.900000  0.900000  0.900000  0.900000           0.900000      600.0                 0.0                   1.0
2019-01-28  0.900000  0.900000  0.900000  0.900000           0.900000      293.0                 0.0                   1.0
2019-01-29  0.880000  0.890000  0.880000  0.886600           0.886600      500.0                 0.0                   1.0
2019-01-30  0.880000  0.880000  0.880000  0.880000           0.880000      357.0                 0.0                   1.0
2019-01-31  0.884500  0.900000  0.884500  0.900000           0.900000      300.0                 0.0                   1.0
2019-02-01  0.890000  0.890000  0.890000  0.890000           0.890000      100.0                 0.0                   1.0
2019-02-04  0.890000  0.890000  0.890000  0.890000           0.890000      215.0                 0.0                   1.0
2019-02-05  0.884500  0.890000  0.884500  0.890000           0.890000     5280.0                 0.0                   1.0
2019-02-06  0.894500  0.894500  0.894500  0.894500           0.894500      200.0                 0.0                   1.0
2019-02-11  0.850000  0.850000  0.850000  0.850000           0.850000    20000.0                 0.0                   1.0
2019-02-12  0.850000  0.894500  0.850000  0.894500           0.894500    20479.0                 0.0                   1.0
2019-02-13  0.850000  0.850000  0.850000  0.850000           0.850000    20000.0                 0.0                   1.0
2019-02-14  0.850000  0.850000  0.850000  0.850000           0.850000    10253.0                 0.0                   1.0
2019-02-15  0.854300  0.894500  0.850000  0.850000           0.850000    14500.0                 0.0                   1.0
2019-02-19  0.670000  0.670000  0.330000  0.430000           0.430000   204008.0                 0.0                   1.0
2019-02-20  0.450000  0.540000  0.450000  0.500000           0.500000    40000.0                 0.0                   1.0
2019-02-21  0.550000  0.550000  0.550000  0.550000           0.550000     4002.0                 0.0                   1.0
2019-02-22  0.499728  0.499728  0.499728  0.499728           0.499728      150.0                 0.0                   1.0
2019-02-25  0.570000  0.570000  0.570000  0.570000           0.570000      309.0                 0.0                   1.0
2019-02-26  0.380000  0.490000  0.380000  0.490000           0.490000     2600.0                 0.0                   1.0
2019-02-28  0.490000  0.560000  0.490000  0.560000           0.560000    17708.0                 0.0                   1.0
2019-03-04  0.450000  0.450000  0.450000  0.450000           0.450000      110.0                 0.0                   1.0
2019-03-05  0.450000  0.450000  0.422587  0.423300           0.423300     2989.0                 0.0                   1.0
2019-03-06  0.423300  0.423300  0.423300  0.423300           0.423300      280.0                 0.0                   1.0
2019-03-11  0.361000  0.361000  0.361000  0.361000           0.361000      180.0                 0.0                   1.0
2019-03-12  0.452300  0.590000  0.448640  0.560000           0.560000    29410.0                 0.0                   1.0
2019-03-13  0.510000  0.510000  0.486789  0.487000           0.487000    29100.0                 0.0                   1.0
2019-03-14  0.501000  0.501000  0.500000  0.500000           0.500000     4700.0                 0.0                   1.0
2019-03-15  0.500000  0.502500  0.450000  0.500000           0.500000   103677.0                 0.0                   1.0
2019-03-18  0.500000  0.550000  0.499900  0.550000           0.550000    40800.0                 0.0                   1.0
2019-03-19  0.550000  0.550000  0.450000  0.500000           0.500000    16036.0                 0.0                   1.0
2019-03-21  0.442769  0.540000  0.442769  0.540000           0.540000    14000.0                 0.0                   1.0
2019-03-22  0.540000  0.550000  0.530000  0.540000           0.540000   357157.0                 0.0                   1.0
2019-03-26  0.420000  0.540000  0.420000  0.540000           0.540000    13400.0                 0.0                   1.0
2019-03-29  0.530000  0.530000  0.375000  0.449200           0.449200    66321.0                 0.0                   1.0
2019-04-02  0.400000  0.400000  0.328001  0.340000           0.340000    63106.0                 0.0                   1.0
2019-04-03  0.340000  0.350000  0.340000  0.350000           0.350000    72886.0                 0.0                   1.0
2019-04-04  0.410000  0.410000  0.340000  0.340000           0.340000    33167.0                 0.0                   1.0
2019-04-08  0.300000  0.360000  0.300000  0.350000           0.350000    57125.0                 0.0                   1.0
2019-04-09  0.420000  0.420000  0.420000  0.420000           0.420000      300.0                 0.0                   1.0
2019-04-10  0.310100  0.390000  0.300000  0.390000           0.390000   127300.0                 0.0                   1.0
2019-04-11  0.420000  0.440000  0.420000  0.420000           0.420000   179400.0                 0.0                   1.0
2019-04-12  0.420000  0.420000  0.420000  0.420000           0.420000       24.0                 0.0                   1.0
2019-04-15  0.435000  0.435000  0.435000  0.435000           0.435000    10000.0                 0.0                   1.0
2019-04-16  0.440000  0.440000  0.400000  0.400000           0.400000    22000.0                 0.0                   1.0
2019-04-17  0.440000  0.440000  0.370000  0.370000           0.370000     8874.0                 0.0                   1.0
2019-04-18  0.370000  0.400000  0.370000  0.400000           0.400000     5100.0                 0.0                   1.0
2019-04-22  0.402000  0.402000  0.350000  0.350000           0.350000    65100.0                 0.0                   1.0
2019-04-23  0.400000  0.402000  0.349800  0.350000           0.350000     2258.0                 0.0                   1.0
2019-04-24  0.350000  0.350000  0.350000  0.350000           0.350000      200.0                 0.0                   1.0
2019-04-26  0.320000  0.358300  0.315000  0.340000           0.340000    42258.0                 0.0                   1.0
2019-04-29  0.320000  0.355000  0.320000  0.330000           0.330000    11427.0                 0.0                   1.0
2019-04-30  0.400000  0.400000  0.400000  0.400000           0.400000      575.0                 0.0                   1.0
2019-05-01  0.400000  0.400000  0.400000  0.400000           0.400000      425.0                 0.0                   1.0
2019-05-02  0.330000  0.330000  0.330000  0.330000           0.330000    11100.0                 0.0                   1.0
2019-05-06  0.320100  0.320100  0.310000  0.310000           0.310000    21500.0                 0.0                   1.0
2019-05-07  0.320100  0.320100  0.320100  0.320100           0.320100      500.0                 0.0                   1.0
2019-05-08  0.350000  0.360000  0.350000  0.360000           0.360000     1865.0                 0.0                   1.0
2019-05-09  0.437000  0.447000  0.398700  0.398700           0.398700     3900.0                 0.0                   1.0
2019-05-10  0.322000  0.447000  0.322000  0.420000           0.420000     2585.0                 0.0                   1.0
2019-05-13  0.322100  0.322100  0.310000  0.310000           0.310000     1222.0                 0.0                   1.0
2019-05-14  0.310000  0.320000  0.270000  0.280000           0.280000    33380.0                 0.0                   1.0
2019-05-15  0.280000  0.280000  0.250000  0.280000           0.280000     6225.0                 0.0                   1.0
2019-05-16  0.250000  0.265000  0.200000  0.230000           0.230000     9006.0                 0.0                   1.0
2019-05-17  0.208200  0.208200  0.180000  0.180000           0.180000     6500.0                 0.0                   1.0
2019-05-20  0.160000  0.220000  0.150000  0.220000           0.220000    11000.0                 0.0                   1.0
2019-05-21  0.180000  0.218000  0.170100  0.200000           0.200000    53128.0                 0.0                   1.0
2019-05-22  0.170000  0.170000  0.170000  0.170000           0.170000     5000.0                 0.0                   1.0
2019-05-23  0.190000  0.191000  0.170000  0.180200           0.180200    41800.0                 0.0                   1.0
2019-05-24  0.160000  0.160800  0.150100  0.160000           0.160000    15430.0                 0.0                   1.0
2019-05-28  0.160000  0.200000  0.160000  0.160000           0.160000    24787.0                 0.0                   1.0
2019-05-29  0.160000  0.160000  0.150000  0.150000           0.150000     5500.0                 0.0                   1.0
2019-05-30  0.150000  0.150000  0.150000  0.150000           0.150000      387.0                 0.0                   1.0
2019-05-31  0.130000  0.130700  0.110000  0.110000           0.110000     9300.0                 0.0                   1.0
2019-06-03  0.100000  0.110000  0.100000  0.101000           0.101000    31313.0                 0.0                   1.0
2019-06-04  0.100000  0.111000  0.100000  0.111000           0.111000    51800.0                 0.0                   1.0
2019-06-05  0.110000  0.110000  0.110000  0.110000           0.110000     1000.0                 0.0                   1.0
2019-06-06  0.090100  0.090100  0.090000  0.090000           0.090000     8900.0                 0.0                   1.0
2019-06-11  0.098600  0.098600  0.098600  0.098600           0.098600      300.0                 0.0                   1.0
2019-06-19  0.070000  0.070000  0.070000  0.070000           0.070000    12000.0                 0.0                   1.0
2019-06-20  0.070000  0.070100  0.030000  0.030000           0.030000    69201.0                 0.0                   1.0
2019-06-21  0.040000  0.040000  0.034800  0.035000           0.035000    59500.0                 0.0                   1.0
2019-06-24  0.035300  0.036600  0.025000  0.030000           0.030000   151054.0                 0.0                   1.0
2019-06-25  0.022200  0.040000  0.022000  0.040000           0.040000    40900.0                 0.0                   1.0
2019-06-26  0.090000  0.090000  0.090000  0.090000           0.090000      310.0                 0.0                   1.0
2019-06-27  0.030000  0.090000  0.030000  0.089800           0.089800    45566.0                 0.0                   1.0
2019-06-28  0.032000  0.045000  0.025000  0.030000           0.030000   356671.0                 0.0                   1.0
2019-07-01  0.062800  0.150000  0.028000  0.035000           0.035000   302815.0                 0.0                   1.0
2019-07-02  0.033000  0.033200  0.025200  0.030000           0.030000   276980.0                 0.0                   1.0
2019-07-03  0.030000  0.030000  0.025000  0.025000           0.025000    11700.0                 0.0                   1.0
2019-07-05  0.043800  0.044000  0.025000  0.043400           0.043400    20500.0                 0.0                   1.0
2019-07-08  0.040000  0.040000  0.029000  0.029000           0.029000   152625.0                 0.0                   1.0
2019-07-09  0.029200  0.029200  0.029000  0.029100           0.029100     9011.0                 0.0                   1.0
2019-07-10  0.029200  0.029200  0.025200  0.025200           0.025200    13274.0                 0.0                   1.0
2019-07-11  0.025300  0.025300  0.025300  0.025300           0.025300    10100.0                 0.0                   1.0
2019-07-15  0.030000  0.030100  0.030000  0.030000           0.030000    16040.0                 0.0                   1.0
2019-07-16  0.030000  0.031000  0.025500  0.025500           0.025500    26300.0                 0.0                   1.0
2019-07-17  0.029000  0.029000  0.029000  0.029000           0.029000    10000.0                 0.0                   1.0
2019-07-18  0.029000  0.030000  0.029000  0.030000           0.030000    15000.0                 0.0                   1.0
2019-07-22  0.025500  0.030000  0.024400  0.030000           0.030000    32410.0                 0.0                   1.0
2019-07-23  0.039700  0.039700  0.035000  0.035000           0.035000    26600.0                 0.0                   1.0
2019-07-24  0.030000  0.030000  0.030000  0.030000           0.030000    41290.0                 0.0                   1.0
2019-07-26  0.035000  0.035000  0.035000  0.035000           0.035000      338.0                 0.0                   1.0
2019-07-29  0.025000  0.035000  0.025000  0.035000           0.035000    19067.0                 0.0                   1.0
2019-07-30  0.034200  0.035000  0.034200  0.035000           0.035000      910.0                 0.0                   1.0
2019-07-31  0.030000  0.030000  0.030000  0.030000           0.030000    46700.0                 0.0                   1.0
2019-08-01  0.030000  0.035000  0.030000  0.035000           0.035000    25096.0                 0.0                   1.0
2019-08-05  0.035000  0.035000  0.035000  0.035000           0.035000       10.0                 0.0                   1.0
2019-08-06  0.035000  0.039400  0.026300  0.039300           0.039300   167318.0                 0.0                   1.0
2019-08-07  0.039400  0.070000  0.039400  0.065000           0.065000   134800.0                 0.0                   1.0
2019-08-08  0.060000  0.060000  0.059900  0.059900           0.059900     1497.0                 0.0                   1.0
2019-08-13  0.059900  0.059900  0.059900  0.059900           0.059900       50.0                 0.0                   1.0
2019-08-14  0.031000  0.065700  0.011000  0.050000           0.050000   940879.0                 0.0                   1.0
2019-08-15  0.040000  0.040000  0.025000  0.028700           0.028700   186423.0                 0.0                   1.0
2019-08-16  0.016500  0.030000  0.016500  0.018000           0.018000     4680.0                 0.0                   1.0
2019-08-19  0.020200  0.029000  0.020200  0.020200           0.020200     2658.0                 0.0                   1.0
2019-08-20  0.025000  0.030000  0.025000  0.030000           0.030000    49595.0                 0.0                   1.0
2019-08-21  0.030000  0.039900  0.030000  0.039900           0.039900    83622.0                 0.0                   1.0
2019-08-22  0.030100  0.034900  0.030100  0.034900           0.034900     6770.0                 0.0                   1.0
2019-08-23  0.040000  0.040000  0.030200  0.034751           0.034751    28924.0                 0.0                   1.0
2019-08-26  0.026600  0.026600  0.026600  0.026600           0.026600     2000.0                 0.0                   1.0
2019-08-27  0.030000  0.030000  0.030000  0.030000           0.030000     7000.0                 0.0                   1.0
2019-08-29  0.030000  0.030200  0.030000  0.030000           0.030000     6200.0                 0.0                   1.0
2019-08-30  0.026600  0.026600  0.020200  0.020200           0.020200    13295.0                 0.0                   1.0
2019-09-04  0.021000  0.021000  0.021000  0.021000           0.021000      100.0                 0.0                   1.0
2019-09-05  0.030000  0.030000  0.021000  0.021000           0.021000    85022.0                 0.0                   1.0
2019-09-06  0.022000  0.050000  0.022000  0.050000           0.050000     5818.0                 0.0                   1.0
2019-09-10  0.049300  0.049300  0.049300  0.049300           0.049300     4000.0                 0.0                   1.0
2019-09-11  0.049000  0.049000  0.049000  0.049000           0.049000    11000.0                 0.0                   1.0
2019-09-12  0.026400  0.048000  0.026400  0.035000           0.035000    33094.0                 0.0                   1.0
2019-09-13  0.030000  0.030000  0.030000  0.030000           0.030000    25000.0                 0.0                   1.0
2019-09-16  0.040000  0.040000  0.040000  0.040000           0.040000    20000.0                 0.0                   1.0
2019-09-18  0.047800  0.047800  0.040000  0.040000           0.040000      696.0                 0.0                   1.0
2019-09-19  0.034200  0.034400  0.034000  0.034000           0.034000    26224.0                 0.0                   1.0
2019-09-23  0.034000  0.040000  0.034000  0.040000           0.040000    51193.0                 0.0                   1.0
2019-09-24  0.040000  0.040000  0.040000  0.040000           0.040000    19727.0                 0.0                   1.0
2019-09-25  0.040000  0.040000  0.040000  0.040000           0.040000       60.0                 0.0                   1.0
2019-09-26  0.040000  0.040000  0.040000  0.040000           0.040000    84566.0                 0.0                   1.0
2019-09-30  0.040000  0.040000  0.040000  0.040000           0.040000       60.0                 0.0                   1.0
2019-10-02  0.040000  0.080000  0.040000  0.040000           0.040000    59666.0                 0.0                   1.0
2019-10-03  0.040000  0.062200  0.040000  0.040000           0.040000    20700.0                 0.0                   1.0
2019-10-04  0.058800  0.058800  0.058600  0.058600           0.058600      320.0                 0.0                   1.0
2019-10-07  0.054800  0.054800  0.054800  0.054800           0.054800     7000.0                 0.0                   1.0
2019-10-08  0.054700  0.054700  0.050000  0.050000           0.050000    76000.0                 0.0                   1.0
2019-10-09  0.050000  0.050000  0.050000  0.050000           0.050000    30400.0                 0.0                   1.0
2019-10-10  0.040000  0.080000  0.040000  0.080000           0.080000   157013.0                 0.0                   1.0
2019-10-11  0.079900  0.079900  0.050000  0.058400           0.058400   186250.0                 0.0                   1.0
2019-10-15  0.050000  0.050000  0.050000  0.050000           0.050000     2500.0                 0.0                   1.0
2019-10-16  0.073909  0.077000  0.057000  0.074000           0.074000    38850.0                 0.0                   1.0
2019-10-17  0.074000  0.074000  0.074000  0.074000           0.074000      756.0                 0.0                   1.0
2019-10-18  0.058400  0.058400  0.058100  0.058100           0.058100      310.0                 0.0                   1.0
2019-10-21  0.058100  0.058100  0.058100  0.058100           0.058100       40.0                 0.0                   1.0
2019-10-30  0.035000  0.035000  0.035000  0.035000           0.035000    15000.0                 0.0                   1.0
2019-10-31  0.030000  0.030100  0.030000  0.030100           0.030100    26576.0                 0.0                   1.0
2019-11-01  0.045000  0.045000  0.030100  0.030100           0.030100     3146.0                 0.0                   1.0
2019-11-04  0.045000  0.053078  0.045000  0.053078           0.053078     6860.0                 0.0                   1.0
2019-11-05  0.045296  0.045296  0.045296  0.045296           0.045296      100.0                 0.0                   1.0
2019-11-06  0.045000  0.045000  0.045000  0.045000           0.045000      205.0                 0.0                   1.0
2019-11-08  0.044800  0.044800  0.044800  0.044800           0.044800     1425.0                 0.0                   1.0
2019-11-13  0.030000  0.030100  0.030000  0.030000           0.030000    12737.0                 0.0                   1.0
2019-11-18  0.030000  0.030000  0.011000  0.011000           0.011000    36500.0                 0.0                   1.0
2019-11-19  0.020000  0.020000  0.016400  0.018974           0.018974     6300.0                 0.0                   1.0
2019-11-21  0.012000  0.012000  0.012000  0.012000           0.012000    10001.0                 0.0                   1.0
2019-11-25  0.025000  0.025000  0.020000  0.020000           0.020000   279708.0                 0.0                   1.0
2019-11-26  0.014000  0.020000  0.010300  0.020000           0.020000    53084.0                 0.0                   1.0
2019-11-27  0.025000  0.025000  0.020000  0.025000           0.025000   256400.0                 0.0                   1.0
2019-12-02  0.020100  0.020200  0.020000  0.020000           0.020000     7000.0                 0.0                   1.0
2019-12-03  0.020000  0.030000  0.020000  0.030000           0.030000    25389.0                 0.0                   1.0
2019-12-04  0.020200  0.060000  0.011200  0.056000           0.056000   127916.0                 0.0                   1.0
2019-12-05  0.040000  0.070000  0.040000  0.070000           0.070000    79257.0                 0.0                   1.0
2019-12-06  0.099000  0.099000  0.052800  0.052800           0.052800    26100.0                 0.0                   1.0
2019-12-09  0.040100  0.040100  0.040000  0.040000           0.040000     3861.0                 0.0                   1.0
2019-12-10  0.052000  0.052000  0.040000  0.040000           0.040000    82917.0                 0.0                   1.0
2019-12-12  0.040300  0.040300  0.040300  0.040300           0.040300      225.0                 0.0                   1.0
2019-12-13  0.050000  0.050000  0.045000  0.045000           0.045000     2480.0                 0.0                   1.0
2019-12-16  0.050000  0.050000  0.029800  0.030000           0.030000    68663.0                 0.0                   1.0
2019-12-17  0.030000  0.036367  0.028000  0.030000           0.030000    30200.0                 0.0                   1.0
2019-12-18  0.036000  0.036000  0.030000  0.030000           0.030000   309597.0                 0.0                   1.0
2019-12-19  0.030000  0.030000  0.025200  0.030000           0.030000    30100.0                 0.0                   1.0
2019-12-20  0.030100  0.049079  0.030100  0.049079           0.049079     4100.0                 0.0                   1.0
2019-12-23  0.030000  0.030100  0.030000  0.030100           0.030100     9500.0                 0.0                   1.0
2019-12-24  0.036100  0.036100  0.030000  0.030000           0.030000    19624.0                 0.0                   1.0
2019-12-26  0.050000  0.080000  0.030000  0.079900           0.079900   396866.0                 0.0                   1.0
2019-12-27  0.095800  0.095800  0.070000  0.070000           0.070000    48048.0                 0.0                   1.0
2019-12-30  0.070000  0.084800  0.070000  0.075000           0.075000    12560.0                 0.0                   1.0
2019-12-31  0.084000  0.099000  0.080000  0.085000           0.085000    62980.0                 0.0                   1.0
2020-01-02  0.085000  0.360000  0.085000  0.290000           0.290000    76254.0                 0.0                   1.0
2020-01-03  0.250000  0.250000  0.030000  0.198900           0.198900    48332.0                 0.0                   1.0
2020-01-06  0.179600  0.179600  0.100000  0.130000           0.130000     3115.0                 0.0                   1.0
2020-01-07  0.050500  0.070000  0.050200  0.070000           0.070000     3070.0                 0.0                   1.0
2020-01-08  0.070000  0.070000  0.070000  0.070000           0.070000       30.0                 0.0                   1.0
2020-01-09  0.060000  0.170000  0.050000  0.050000           0.050000    75791.0                 0.0                   1.0
2020-01-10  0.100000  0.100000  0.082000  0.082000           0.082000     1624.0                 0.0                   1.0
2020-01-13  0.080000  0.080000  0.070000  0.070000           0.070000     1729.0                 0.0                   1.0
2020-01-14  0.065000  0.070000  0.058703  0.060000           0.060000   466894.0                 0.0                   1.0
2020-01-15  0.060000  0.060000  0.060000  0.060000           0.060000     1648.0                 0.0                   1.0
2020-01-16  0.070000  0.080000  0.069000  0.070400           0.070400    22906.0                 0.0                   1.0
2020-01-17  0.070400  0.070400  0.070400  0.070400           0.070400       15.0                 0.0                   1.0
2020-01-21  0.070000  0.070000  0.070000  0.070000           0.070000     3315.0                 0.0                   1.0
2020-01-22  0.070000  0.070000  0.063900  0.063900           0.063900     9992.0                 0.0                   1.0
2020-01-23  0.062600  0.062600  0.050000  0.050000           0.050000    12846.0                 0.0                   1.0
2020-01-27  0.050000  0.050000  0.050000  0.050000           0.050000    50085.0                 0.0                   1.0
2020-01-28  0.035200  0.050200  0.030000  0.039500           0.039500   349574.0                 0.0                   1.0
2020-01-29  0.041200  0.050000  0.040000  0.050000           0.050000    18901.0                 0.0                   1.0
2020-01-30  0.056737  0.056737  0.040000  0.040100           0.040100    24450.0                 0.0                   1.0
2020-01-31  0.040000  0.070000  0.040000  0.060000           0.060000    98942.0                 0.0                   1.0
2020-02-03  0.065800  0.070700  0.042100  0.070700           0.070700    76288.0                 0.0                   1.0
2020-02-04  0.075000  0.099900  0.075000  0.099900           0.099900   155234.0                 0.0                   1.0
2020-02-05  0.100000  0.100000  0.070000  0.070000           0.070000   111280.0                 0.0                   1.0
2020-02-06  0.110000  0.110000  0.099900  0.099900           0.099900     4056.0                 0.0                   1.0
2020-02-07  0.080000  0.080000  0.065500  0.080000           0.080000      905.0                 0.0                   1.0
2020-02-10  0.065600  0.065600  0.045500  0.045500           0.045500    12279.0                 0.0                   1.0
2020-02-11  0.055000  0.055000  0.055000  0.055000           0.055000     5583.0                 0.0                   1.0
2020-02-12  0.069900  0.070000  0.069900  0.070000           0.070000     7234.0                 0.0                   1.0
2020-02-13  0.070000  0.071900  0.070000  0.071900           0.071900    18321.0                 0.0                   1.0
2020-02-14  0.070000  0.070000  0.070000  0.070000           0.070000     2600.0                 0.0                   1.0
2020-02-18  0.070000  0.070400  0.070000  0.070000           0.070000    70235.0                 0.0                   1.0
2020-02-19  0.070000  0.070000  0.070000  0.070000           0.070000        5.0                 0.0                   1.0
2020-02-21  0.070000  0.100000  0.069900  0.100000           0.100000    17575.0                 0.0                   1.0
2020-02-24  0.110000  0.110000  0.070000  0.070000           0.070000   146210.0                 0.0                   1.0
2020-02-26  0.070000  0.080000  0.050000  0.050000           0.050000    63600.0                 0.0                   1.0
2020-02-27  0.050200  0.070000  0.050200  0.069700           0.069700     1160.0                 0.0                   1.0
2020-02-28  0.070000  0.070000  0.070000  0.070000           0.070000     4580.0                 0.0                   1.0
2020-03-02  0.110000  0.110000  0.070000  0.094600           0.094600    21253.0                 0.0                   1.0
2020-03-03  0.070000  0.070000  0.067475  0.070000           0.070000   135020.0                 0.0                   1.0
2020-03-04  0.100000  0.100000  0.089600  0.089600           0.089600     3111.0                 0.0                   1.0
2020-03-05  0.060100  0.060100  0.060100  0.060100           0.060100     5016.0                 0.0                   1.0
2020-03-06  0.060000  0.063901  0.060000  0.060000           0.060000    22757.0                 0.0                   1.0
2020-03-09  0.045200  0.045200  0.045200  0.045200           0.045200      344.0                 0.0                   1.0
2020-03-10  0.045000  0.045000  0.017500  0.040000           0.040000   466378.0                 0.0                   1.0
2020-03-11  0.040200  0.040200  0.040000  0.040000           0.040000   123682.0                 0.0                   1.0
2020-03-12  0.030700  0.030700  0.028000  0.030000           0.030000    35747.0                 0.0                   1.0
2020-03-13  0.019000  0.043600  0.019000  0.043600           0.043600     2782.0                 0.0                   1.0
2020-03-16  0.039200  0.039200  0.039200  0.039200           0.039200      414.0                 0.0                   1.0
2020-03-17  0.030100  0.040000  0.030000  0.035275           0.035275    24500.0                 0.0                   1.0
2020-03-18  0.028701  0.028701  0.028701  0.028701           0.028701      265.0                 0.0                   1.0
2020-03-19  0.020000  0.021000  0.019900  0.020000           0.020000   108952.0                 0.0                   1.0
2020-03-20  0.030000  0.031500  0.026000  0.031500           0.031500     5848.0                 0.0                   1.0
2020-03-23  0.031000  0.031000  0.031000  0.031000           0.031000      525.0                 0.0                   1.0
2020-03-24  0.030000  0.030000  0.030000  0.030000           0.030000    10020.0                 0.0                   1.0
2020-03-25  0.030000  0.030000  0.030000  0.030000           0.030000     3100.0                 0.0                   1.0
2020-03-26  0.031000  0.040000  0.031000  0.040000           0.040000     1475.0                 0.0                   1.0
2020-03-27  0.030200  0.050000  0.030000  0.039900           0.039900    32702.0                 0.0                   1.0
2020-03-30  0.022000  0.050000  0.022000  0.050000           0.050000    19600.0                 0.0                   1.0
2020-03-31  0.059000  0.069500  0.050000  0.050000           0.050000   123536.0                 0.0                   1.0
2020-04-01  0.076900  0.076900  0.049000  0.049000           0.049000    28059.0                 0.0                   1.0
2020-04-02  0.050000  0.060000  0.050000  0.060000           0.060000     1100.0                 0.0                   1.0
2020-04-03  0.058900  0.058900  0.058700  0.058700           0.058700     2063.0                 0.0                   1.0
2020-04-06  0.058700  0.058700  0.058700  0.058700           0.058700       10.0                 0.0                   1.0
2020-04-07  0.030100  0.030100  0.030000  0.030000           0.030000    18400.0                 0.0                   1.0
2020-04-09  0.030100  0.035400  0.030100  0.035400           0.035400     5883.0                 0.0                   1.0
2020-04-13  0.040000  0.040000  0.040000  0.040000           0.040000      312.0                 0.0                   1.0
2020-04-14  0.040000  0.040000  0.039900  0.039900           0.039900    19298.0                 0.0                   1.0
2020-04-16  0.040800  0.040800  0.040800  0.040800           0.040800      590.0                 0.0                   1.0
2020-04-17  0.040000  0.045000  0.030000  0.040000           0.040000    63381.0                 0.0                   1.0
2020-04-20  0.030000  0.030200  0.029800  0.029800           0.029800   232868.0                 0.0                   1.0
2020-04-21  0.030000  0.039990  0.030000  0.039990           0.039990    13936.0                 0.0                   1.0
2020-04-22  0.037500  0.039000  0.018900  0.031224           0.031224    50042.0                 0.0                   1.0
2020-04-27  0.021000  0.021000  0.021000  0.021000           0.021000    10010.0                 0.0                   1.0
2020-04-29  0.022000  0.022000  0.021000  0.021000           0.021000     5050.0                 0.0                   1.0
2020-05-01  0.021000  0.021000  0.020000  0.020000           0.020000     4500.0                 0.0                   1.0
2020-05-05  0.020100  0.020100  0.020000  0.020000           0.020000    11843.0                 0.0                   1.0
2020-05-06  0.015000  0.015000  0.013500  0.015000           0.015000    35000.0                 0.0                   1.0
2020-05-07  0.016000  0.016000  0.015900  0.016000           0.016000    16800.0                 0.0                   1.0
2020-05-08  0.015000  0.020000  0.009900  0.020000           0.020000   590342.0                 0.0                   1.0
2020-05-11  0.020600  0.020600  0.016000  0.019900           0.019900    13700.0                 0.0                   1.0
2020-05-12  0.020000  0.020000  0.010600  0.020000           0.020000     6943.0                 0.0                   1.0
2020-05-13  0.015000  0.020000  0.010100  0.020000           0.020000   110000.0                 0.0                   1.0
2020-05-14  0.020000  0.020000  0.020000  0.020000           0.020000    57100.0                 0.0                   1.0
2020-05-15  0.020000  0.020000  0.018900  0.020000           0.020000    69465.0                 0.0                   1.0
2020-05-18  0.020000  0.024900  0.019000  0.023000           0.023000    43843.0                 0.0                   1.0
2020-05-19  0.025000  0.025000  0.024500  0.025000           0.025000     2400.0                 0.0                   1.0
2020-05-20  0.025000  0.029000  0.019000  0.019000           0.019000    24303.0                 0.0                   1.0
2020-05-21  0.050000  0.050000  0.018900  0.019100           0.019100    57151.0                 0.0                   1.0
2020-05-22  0.023000  0.029000  0.019200  0.019200           0.019200    55555.0                 0.0                   1.0
2020-05-26  0.020000  0.026000  0.020000  0.024900           0.024900    20380.0                 0.0                   1.0
2020-05-27  0.027500  0.027500  0.011500  0.027500           0.027500    33347.0                 0.0                   1.0
2020-05-28  0.027500  0.047000  0.012000  0.028500           0.028500   165416.0                 0.0                   1.0
2020-05-29  0.030000  0.030000  0.021100  0.021100           0.021100     9189.0                 0.0                   1.0
2020-06-01  0.021500  0.029900  0.021000  0.022100           0.022100     4191.0                 0.0                   1.0
2020-06-02  0.022800  0.024900  0.021100  0.024900           0.024900    13497.0                 0.0                   1.0
2020-06-03  0.021600  0.024900  0.016900  0.024600           0.024600    41597.0                 0.0                   1.0
2020-06-04  0.020000  0.024500  0.015000  0.017000           0.017000  1318549.0                 0.0                   1.0
2020-06-05  0.023900  0.023900  0.011000  0.019701           0.019701   309007.0                 0.0                   1.0
2020-06-08  0.020000  0.058000  0.020000  0.044400           0.044400   818030.0                 0.0                   1.0
2020-06-09  0.049600  0.059000  0.027100  0.040000           0.040000   451887.0                 0.0                   1.0
2020-06-10  0.045000  0.055000  0.035101  0.045000           0.045000   193190.0                 0.0                   1.0
2020-06-11  0.055000  0.057900  0.040100  0.050000           0.050000   224880.0                 0.0                   1.0
2020-06-12  0.057000  0.057000  0.043000  0.043100           0.043100    65347.0                 0.0                   1.0
2020-06-15  0.043100  0.070000  0.040000  0.057000           0.057000   303585.0                 0.0                   1.0
2020-06-16  0.210500  0.330000  0.101100  0.131650           0.131650  1634364.0                 0.0                   1.0
2020-06-17  0.238900  0.319900  0.160100  0.220000           0.220000  1265578.0                 0.0                   1.0
2020-06-18  0.250000  0.259999  0.175000  0.190000           0.190000   583549.0                 0.0                   1.0
2020-06-19  0.210000  0.210000  0.060100  0.159900           0.159900   363507.0                 0.0                   1.0
2020-06-22  0.165000  0.165000  0.081600  0.121800           0.121800   145950.0                 0.0                   1.0
2020-06-23  0.124000  0.180000  0.100000  0.130100           0.130100   189813.0                 0.0                   1.0
2020-06-24  0.156000  0.156000  0.110100  0.125000           0.125000   110878.0                 0.0                   1.0
2020-06-25  0.150000  0.159900  0.121000  0.121000           0.121000   146450.0                 0.0                   1.0
2020-06-26  0.140000  0.140000  0.111000  0.120100           0.120100    73005.0                 0.0                   1.0
2020-06-29  0.120000  0.148700  0.105200  0.110800           0.110800   299464.0                 0.0                   1.0
2020-06-30  0.111000  0.150000  0.111000  0.130100           0.130100   230769.0                 0.0                   1.0
2020-07-01  0.151000  0.179990  0.140000  0.154105           0.154105   352060.0                 0.0                   1.0
2020-07-02  0.150100  0.177900  0.135000  0.135000           0.135000   197759.0                 0.0                   1.0
2020-07-06  0.154900  0.169800  0.130300  0.146000           0.146000    55700.0                 0.0                   1.0
2020-07-07  0.140000  0.145100  0.131200  0.140100           0.140100    87100.0                 0.0                   1.0
2020-07-08  0.136100  0.150000  0.135110  0.135400           0.135400    27800.0                 0.0                   1.0
2020-07-09  0.130100  0.150000  0.120000  0.138900           0.138900   102800.0                 0.0                   1.0
2020-07-10  0.130000  0.140000  0.120000  0.130000           0.130000    85900.0                 0.0                   1.0
2020-07-13  0.120000  0.139999  0.100000  0.110000           0.110000   168100.0                 0.0                   1.0
2020-07-14  0.120000  0.138900  0.100000  0.100000           0.100000   207300.0                 0.0                   1.0
2020-07-15  0.105100  0.128200  0.103000  0.120000           0.120000   149100.0                 0.0                   1.0
2020-07-16  0.105000  0.107000  0.100000  0.106900           0.106900    92500.0                 0.0                   1.0
2020-07-17  0.107300  0.116300  0.102100  0.105600           0.105600    43600.0                 0.0                   1.0
2020-07-20  0.105400  0.110000  0.100000  0.100100           0.100100   105500.0                 0.0                   1.0
2020-07-21  0.100000  0.109600  0.100000  0.100100           0.100100    50200.0                 0.0                   1.0
2020-07-22  0.100100  0.104800  0.080300  0.087800           0.087800   119600.0                 0.0                   1.0
2020-07-23  0.080400  0.095000  0.080400  0.094200           0.094200    19509.0                 0.0                   1.0
2020-07-24  0.080100  0.097900  0.080100  0.083600           0.083600    29599.0                 0.0                   1.0
2020-07-27  0.080000  0.099800  0.080000  0.099800           0.099800    93975.0                 0.0                   1.0
2020-07-28  0.100000  0.109600  0.090000  0.100000           0.100000    19934.0                 0.0                   1.0
2020-07-29  0.080000  0.099600  0.080000  0.099600           0.099600    20100.0                 0.0                   1.0
2020-07-30  0.080200  0.100000  0.074000  0.090000           0.090000    40001.0                 0.0                   1.0
2020-07-31  0.090000  0.092396  0.085000  0.092396           0.092396    27210.0                 0.0                   1.0
2020-08-03  0.080100  0.099900  0.080100  0.090100           0.090100    55861.0                 0.0                   1.0
2020-08-04  0.080400  0.099900  0.080400  0.085000           0.085000    43894.0                 0.0                   1.0
2020-08-05  0.109500  0.140000  0.092500  0.094200           0.094200   596719.0                 0.0                   1.0
2020-08-06  0.100000  0.105000  0.094000  0.099900           0.099900   102041.0                 0.0                   1.0
2020-08-07  0.099000  0.100000  0.087500  0.087500           0.087500    52313.0                 0.0                   1.0
2020-08-10  0.095000  0.095500  0.088450  0.093900           0.093900     8311.0                 0.0                   1.0
2020-08-11  0.094000  0.103000  0.080300  0.102900           0.102900   186335.0                 0.0                   1.0
2020-08-12  0.119600  0.119600  0.090000  0.097500           0.097500    52926.0                 0.0                   1.0
2020-08-13  0.100000  0.119600  0.090000  0.112800           0.112800   160925.0                 0.0                   1.0
2020-08-14  0.115000  0.115000  0.095700  0.100000           0.100000     4516.0                 0.0                   1.0
2020-08-17  0.108600  0.118900  0.090600  0.109900           0.109900    28005.0                 0.0                   1.0
2020-08-18  0.109800  0.109800  0.095000  0.095000           0.095000    39280.0                 0.0                   1.0
2020-08-19  0.100100  0.100100  0.094000  0.094000           0.094000     6053.0                 0.0                   1.0
2020-08-20  0.093000  0.106800  0.091000  0.106800           0.106800    75302.0                 0.0                   1.0
2020-08-21  0.100000  0.100000  0.081000  0.091000           0.091000    69404.0                 0.0                   1.0
2020-08-24  0.088005  0.116000  0.088005  0.116000           0.116000   251693.0                 0.0                   1.0
2020-08-25  0.110100  0.170000  0.110100  0.160500           0.160500   370886.0                 0.0                   1.0
2020-08-26  0.179900  0.187049  0.145000  0.187049           0.187049    88027.0                 0.0                   1.0
2020-08-27  0.160250  0.249900  0.150010  0.231200           0.231200   211129.0                 0.0                   1.0
2020-08-28  0.240000  0.299900  0.207111  0.299900           0.299900   305769.0                 0.0                   1.0
2020-08-31  0.299900  0.299900  0.210000  0.270000           0.270000   222720.0                 0.0                   1.0
2020-09-01  0.270000  0.360000  0.270000  0.350000           0.350000    99059.0                 0.0                   1.0
2020-09-02  0.359900  0.389899  0.280010  0.389899           0.389899    54317.0                 0.0                   1.0
2020-09-03  0.390000  0.400000  0.280000  0.350000           0.350000    86847.0                 0.0                   1.0
2020-09-04  0.380000  0.450000  0.362900  0.429700           0.429700    76232.0                 0.0                   1.0
2020-09-08  0.460000  0.589990  0.410100  0.541000           0.541000   269163.0                 0.0                   1.0
2020-09-09  0.500000  0.580000  0.470000  0.580000           0.580000    63593.0                 0.0                   1.0
2020-09-10  0.520000  0.580000  0.355000  0.392000           0.392000   182829.0                 0.0                   1.0
2020-09-11  0.400000  0.420000  0.340100  0.351000           0.351000    53761.0                 0.0                   1.0
2020-09-14  0.370000  0.400000  0.320000  0.360000           0.360000    56344.0                 0.0                   1.0
2020-09-15  0.389800  0.421100  0.362000  0.400000           0.400000   148796.0                 0.0                   1.0
2020-09-16  0.400000  0.484400  0.400000  0.430000           0.430000    27210.0                 0.0                   1.0
2020-09-17  0.362000  0.440000  0.362000  0.440000           0.440000     7286.0                 0.0                   1.0
2020-09-18  0.370000  0.399000  0.298500  0.399000           0.399000   199864.0                 0.0                   1.0
2020-09-21  0.351100  0.395000  0.320600  0.350500           0.350500     4616.0                 0.0                   1.0
2020-09-22  0.360000  0.385000  0.320000  0.350000           0.350000    19260.0                 0.0                   1.0
2020-09-23  0.321200  0.345001  0.280500  0.280500           0.280500    57567.0                 0.0                   1.0
2020-09-24  0.280000  0.280000  0.250000  0.250101           0.250101    35065.0                 0.0                   1.0
2020-09-25  0.260000  0.349900  0.253100  0.310000           0.310000   336706.0                 0.0                   1.0
2020-09-28  0.310100  0.399900  0.308600  0.360000           0.360000   245046.0                 0.0                   1.0
2020-09-29  0.400000  0.470000  0.340200  0.390000           0.390000    79055.0                 0.0                   1.0
2020-09-30  0.410000  0.410100  0.360400  0.362300           0.362300    31680.0                 0.0                   1.0
2020-10-01  0.370000  0.390000  0.300000  0.380000           0.380000   195489.0                 0.0                   1.0
2020-10-02  0.340000  0.369800  0.330000  0.360000           0.360000    24201.0                 0.0                   1.0
2020-10-05  0.320100  0.359000  0.320100  0.325000           0.325000    16575.0                 0.0                   1.0
2020-10-06  0.320000  0.330001  0.300000  0.300000           0.300000    37595.0                 0.0                   1.0
2020-10-07  0.350000  0.365000  0.330000  0.365000           0.365000    26512.0                 0.0                   1.0
2020-10-08  0.379900  0.379900  0.300200  0.345000           0.345000    98950.0                 0.0                   1.0
2020-10-09  0.310400  0.355000  0.300400  0.345000           0.345000    41743.0                 0.0                   1.0
2020-10-12  0.389899  0.420000  0.345000  0.370000           0.370000    43622.0                 0.0                   1.0
2020-10-13  0.360000  0.470000  0.360000  0.459900           0.459900   160585.0                 0.0                   1.0
2020-10-14  0.500000  0.510000  0.440000  0.470000           0.470000   152566.0                 0.0                   1.0
2020-10-15  0.450000  0.490000  0.449900  0.480000           0.480000   113696.0                 0.0                   1.0
2020-10-16  0.489000  0.545000  0.470000  0.539000           0.539000   126876.0                 0.0                   1.0
2020-10-19  0.530000  0.590000  0.474700  0.521000           0.521000   143921.0                 0.0                   1.0
2020-10-20  0.590000  0.640000  0.550000  0.570000           0.570000   134448.0                 0.0                   1.0
2020-10-21  0.600000  0.616900  0.540000  0.550000           0.550000    62845.0                 0.0                   1.0
2020-10-22  0.530000  0.550000  0.500000  0.550000           0.550000    72611.0                 0.0                   1.0
2020-10-23  0.600000  0.600000  0.480600  0.590000           0.590000    53231.0                 0.0                   1.0
2020-10-26  0.590000  0.600000  0.510000  0.555000           0.555000    28194.0                 0.0                   1.0
2020-10-27  0.510100  0.547500  0.510000  0.547500           0.547500    11831.0                 0.0                   1.0
2020-10-28  0.517500  0.520000  0.460000  0.510000           0.510000    41657.0                 0.0                   1.0
2020-10-29  0.510000  0.530000  0.460000  0.529900           0.529900    54832.0                 0.0                   1.0
2020-10-30  0.552000  0.565000  0.470000  0.550000           0.550000    24880.0                 0.0                   1.0
2020-11-02  0.567500  0.620000  0.538700  0.590000           0.590000    89975.0                 0.0                   1.0
2020-11-03  0.650101  0.688000  0.600000  0.650000           0.650000   218362.0                 0.0                   1.0
2020-11-04  0.690000  0.757500  0.590000  0.710000           0.710000   150338.0                 0.0                   1.0
2020-11-05  0.790000  0.920000  0.760101  0.907800           0.907800   359492.0                 0.0                   1.0
2020-11-06  0.970000  0.970000  0.850000  0.950000           0.950000   129319.0                 0.0                   1.0
2020-11-09  1.000000  1.200000  0.950000  1.110000           1.110000   230898.0                 0.0                   1.0
2020-11-10  1.200000  1.600000  1.185800  1.300000           1.300000   602633.0                 0.0                   1.0
2020-11-11  1.400000  1.450000  1.160000  1.330100           1.330100   335372.0                 0.0                   1.0
2020-11-12  1.400000  1.400000  1.160000  1.350000           1.350000   211373.0                 0.0                   1.0
2020-11-13  1.399800  1.450000  1.310000  1.429900           1.429900   209382.0                 0.0                   1.0
2020-11-16  1.380000  1.600000  1.380000  1.500000           1.500000   202343.0                 0.0                   1.0
2020-11-17  1.500000  1.630000  1.479000  1.560000           1.560000   441668.0                 0.0                   1.0
2020-11-18  1.550000  1.700000  1.530000  1.555000           1.555000   441687.0                 0.0                   1.0
2020-11-19  1.530000  1.730000  1.410000  1.680000           1.680000   168819.0                 0.0                   1.0
2020-11-20  1.700000  1.750000  1.610000  1.639000           1.639000   255300.0                 0.0                   1.0
2020-11-23  1.740000  1.990000  1.740000  1.959800           1.959800   608518.0                 0.0                   1.0
2020-11-24  1.990000  2.200000  1.820000  1.841000           1.841000   520372.0                 0.0                   1.0
2020-11-25  1.830000  1.959800  1.790000  1.930000           1.930000   191797.0                 0.0                   1.0
2020-11-27  2.050000  2.050000  1.860000  2.010000           2.010000    88546.0                 0.0                   1.0
2020-11-30  2.000000  2.020000  1.840200  1.870000           1.870000   767090.0                 0.0                   1.0
2020-12-01  1.850000  1.870000  1.450000  1.632200           1.632200   278439.0                 0.0                   1.0
2020-12-02  1.560000  1.609900  1.340000  1.490000           1.490000   151629.0                 0.0                   1.0
2020-12-03  1.589900  1.590000  1.400000  1.480000           1.480000   509674.0                 0.0                   1.0
2020-12-04  1.530000  1.530000  1.410000  1.410000           1.410000   518265.0                 0.0                   1.0
2020-12-07  1.340000  1.449900  1.280100  1.295000           1.295000   505610.0                 0.0                   1.0
2020-12-08  1.230000  1.300000  1.140000  1.150000           1.150000   486241.0                 0.0                   1.0
2020-12-09  1.100000  1.519800  1.100000  1.230000           1.230000   335387.0                 0.0                   1.0
2020-12-10  1.260000  1.600000  1.240000  1.530000           1.530000   285274.0                 0.0                   1.0
2020-12-11  1.580000  1.830000  1.560200  1.670000           1.670000   282412.0                 0.0                   1.0
2020-12-14  1.670000  1.790000  1.510000  1.530000           1.530000   153615.0                 0.0                   1.0
2020-12-15  1.600000  1.600000  1.450000  1.490000           1.490000   157643.0                 0.0                   1.0
2020-12-16  1.480100  1.650000  1.410100  1.640000           1.640000   106590.0                 0.0                   1.0
2020-12-17  1.610000  1.649900  1.480000  1.590000           1.590000    32463.0                 0.0                   1.0
2020-12-18  1.649900  1.890000  1.649900  1.870000           1.870000   196337.0                 0.0                   1.0
2020-12-21  1.850000  2.480000  1.750000  2.460000           2.460000   455942.0                 0.0                   1.0
2020-12-22  2.490000  2.910000  2.460000  2.660000           2.660000   320874.0                 0.0                   1.0
2020-12-23  2.730000  3.350000  2.730000  3.175000           3.175000   495537.0                 0.0                   1.0
2020-12-24  3.460000  3.880000  3.050000  3.366700           3.366700   301481.0                 0.0                   1.0
2020-12-28  3.700000  4.240000  3.260000  3.550000           3.550000   698231.0                 0.0                   1.0
2020-12-29  3.550000  3.820000  3.010000  3.500000           3.500000   162138.0                 0.0                   1.0
2020-12-30  3.440000  3.500000  2.810000  3.003200           3.003200   212697.0                 0.0                   1.0
2020-12-31  2.990000  3.210000  2.800000  2.870000           2.870000    58903.0                 0.0                   1.0
2021-01-04  2.900000  3.000000  2.700000  2.900100           2.900100    76668.0                 0.0                   1.0
2021-01-05  2.950000  3.500000  2.890500  3.480000           3.480000    99530.0                 0.0                   1.0
2021-01-06  3.800000  4.690000  3.610000  3.830000           3.830000   694965.0                 0.0                   1.0
2021-01-07  4.260000  5.689900  4.260000  5.500000           5.500000  1295463.0                 0.0                   1.0
2021-01-08  5.890000  6.130000  4.970000  5.290000           5.290000   818253.0                 0.0                   1.0
2021-01-11  5.250000  5.980000  4.750000  5.040300           5.040300   707230.0                 0.0                   1.0
2021-01-12  5.230000  6.110000  5.230000  6.110000           6.110000   570591.0                 0.0                   1.0
2021-01-13  6.190000  6.240000  5.300000  5.310000           5.310000   369070.0                 0.0                   1.0
2021-01-14  5.600000  6.190000  5.450000  5.600000           5.600000   499301.0                 0.0                   1.0
2021-01-15  5.840000  5.840000  5.010000  5.200000           5.200000   134550.0                 0.0                   1.0
2021-01-19  5.750000  5.750000  5.090000  5.500000           5.500000   167909.0                 0.0                   1.0
2021-01-20  5.650000  6.260000  5.610000  5.810000           5.810000   404500.0                 0.0                   1.0
2021-01-21  5.840000  5.910000  5.550000  5.800000           5.800000   149729.0                 0.0                   1.0
2021-01-22  5.750000  5.750000  5.250000  5.700000           5.700000   505719.0                 0.0                   1.0
2021-01-25  5.420000  5.491700  4.400000  4.980000           4.980000   774263.0                 0.0                   1.0
2021-01-26  4.760000  5.245000  4.760000  4.810000           4.810000   193699.0                 0.0                   1.0
2021-01-27  4.400000  5.040000  4.150000  4.380000           4.380000   362555.0                 0.0                   1.0
2021-01-28  4.400000  4.770000  4.000000  4.340000           4.340000   168819.0                 0.0                   1.0
2021-01-29  4.070000  4.770000  3.960000  4.210000           4.210000   210474.0                 0.0                   1.0
2021-02-01  4.320000  4.819900  4.050000  4.660000           4.660000   173255.0                 0.0                   1.0
2021-02-02  4.719900  5.000000  4.530100  4.800000           4.800000   250306.0                 0.0                   1.0
2021-02-03  4.760000  5.610000  4.630000  5.200000           5.200000   170104.0                 0.0                   1.0
2021-02-04  4.500000  4.760000  4.050000  4.260000           4.260000   481671.0                 0.0                   1.0
2021-02-05  4.520000  4.730000  4.400000  4.580000           4.580000   101418.0                 0.0                   1.0
2021-02-08  4.900000  4.900000  4.200000  4.560000           4.560000   249843.0                 0.0                   1.0
2021-02-09  4.545000  4.680000  3.950000  4.370000           4.370000   486597.0                 0.0                   1.0
2021-02-10  4.320000  4.700000  4.250000  4.380100           4.380100    82556.0                 0.0                   1.0
2021-02-11  4.540000  4.600000  3.950000  4.260000           4.260000   106087.0                 0.0                   1.0
2021-02-12  4.060000  4.460000  4.060000  4.255000           4.255000    18803.0                 0.0                   1.0
2021-02-16  4.200000  4.590000  4.110000  4.330000           4.330000   165680.0                 0.0                   1.0
2021-02-17  4.450000  4.450000  3.810000  3.810000           3.810000   195696.0                 0.0                   1.0
2021-02-18  3.710000  3.930000  3.644700  3.820000           3.820000   365252.0                 0.0                   1.0
2021-02-19  4.030000  4.390100  3.800000  4.160000           4.160000   346405.0                 0.0                   1.0