10/02/2013,22.19,23.65,21.48,22.84,16344375
10/03/2013,22.94,26.28,22.83,25.53,2833693
10/04/2013,26.14,28.36,25.7,26.77,2361235
10/07/2013,26.3,26.57,25.38,26.21,543246
10/08/2013,25.8,25.91,23.74,24.1,1302937
10/09/2013,24.1,24.87,23.46,24.52,434890
10/10/2013,25.37,25.67,25.01,25.17,310734
10/11/2013,25.45,25.45,24.37,24.82,152535
10/14/2013,24.37,25.32,24.15,25.31,212379
10/15/2013,25.45,25.45,24.93,25.29,247383
10/16/2013,25.32,25.41,24.63,25.37,402845
10/17/2013,25.13,25.13,24.31,24.71,293239
10/18/2013,24.53,24.98,24.35,24.77,159738
10/21/2013,25.11,25.26,24.11,24.21,175398
10/22/2013,24.5,24.81,23.84,24.08,226527
10/23/2013,23.77,24.09,23.25,23.65,315283
10/24/2013,23.67,24.93,23.6,24.87,311726
10/25/2013,24.67,25.2,24.1,24.5,176424
10/28/2013,24.31,24.47,23.84,23.96,394461
10/29/2013,23.66,23.84,23.25,23.56,151094
10/30/2013,23.67,23.67,22.79,23.21,327855
10/31/2013,22.96,24.09,22.83,23.83,123811
11/01/2013,23.82,24.1,23.18,23.42,59075
11/04/2013,23.94,24.56,23.46,24.45,121773
11/05/2013,24.2,24.9,23.78,24.83,73464
11/06/2013,24.62,24.82,24.13,24.56,40141
11/07/2013,24.21,24.51,23.81,24,59733
11/08/2013,23.42,23.47,22.54,23.34,230686
11/11/2013,23.19,23.61,22.83,23.08,173510
11/12/2013,23.15,23.67,22.84,23.62,99508
11/13/2013,23.48,24.01,23.48,23.89,380358
11/14/2013,23,23.84,22.97,23.51,261957
11/15/2013,23.59,24.73,23.46,24.72,202467
11/18/2013,24.73,25.43,24.69,24.94,249963
11/19/2013,25.03,25.04,24.48,24.89,78909
11/20/2013,25.09,25.32,24.39,24.56,154373
11/21/2013,24.6,25.44,24.21,25.32,422146
11/22/2013,25.05,25.54,25.05,25.53,105054
11/25/2013,25.37,25.58,25.16,25.28,44594
11/26/2013,25.26,26.13,25.26,25.71,135651
11/27/2013,25.7,26.35,25.62,26.05,161070
11/29/2013,26.08,26.46,25.53,25.53,23774
12/02/2013,25.51,25.61,25.02,25.36,162521
12/03/2013,24.56,25.57,24.56,25.46,166867
12/04/2013,25.27,25.55,25.02,25.36,116527
12/05/2013,25.28,25.45,25.03,25.29,131823
12/06/2013,25.45,25.54,24.42,24.52,94147
12/09/2013,24.46,25.41,24.46,25.19,73693
12/10/2013,25.23,25.23,24.85,25,72950
12/11/2013,25.11,25.31,24.63,24.93,100555
12/12/2013,25.04,25.15,24.33,24.47,103667
12/13/2013,24.63,24.63,23.43,23.51,190310
12/16/2013,23.61,25.31,23.61,25.15,280479
12/17/2013,25.16,25.37,24.79,25.23,176055
12/18/2013,25.21,26.47,24.75,26.22,227089
12/19/2013,25.86,26.21,24.84,24.98,174562
12/20/2013,25.05,25.97,24.62,25.9,1554723
12/23/2013,26.13,27.65,25.96,27.28,172056
12/24/2013,27.18,27.47,26.82,27.31,26153
12/26/2013,27.5,27.68,26.37,26.87,85410
12/27/2013,26.92,27.65,26.48,27.52,72628
12/30/2013,27.5,27.71,26.84,26.93,47395
12/31/2013,26.97,27.51,26.87,27.08,99669
01/02/2014,27.05,27.25,26.7,27.22,82783
01/03/2014,27.2,27.34,26.88,27.12,56422
01/06/2014,26.95,27.1,25.94,26.24,95549
01/07/2014,26.26,26.52,25.91,26.19,71506
01/08/2014,26.27,26.3,25.88,26.04,93182
01/09/2014,26.22,26.39,25.62,26.14,54423
01/10/2014,26.24,26.63,26.04,26.3,67621
01/13/2014,26.31,26.31,25.39,25.77,44681
01/14/2014,25.82,26.3,25.75,25.85,19823
01/15/2014,25.74,26.67,25.73,26.63,61646
01/16/2014,26.54,26.65,25.6,25.83,47160
01/17/2014,25.73,25.91,24.04,24.17,154825
01/21/2014,24.22,25.41,24.22,25.33,154150
01/22/2014,25.31,26.51,24.95,26.35,233572
01/23/2014,26.15,26.63,25.46,26.04,88670
01/24/2014,25.81,26.24,25.03,25.34,65124
01/27/2014,25.23,25.31,23.73,24.37,70649
01/28/2014,24.45,24.66,24.15,24.49,41607
01/29/2014,24.16,24.59,24.1,24.54,62289
01/30/2014,24.85,25.41,24.69,25.31,71231
01/31/2014,24.8,25.27,24.45,24.66,93879
02/03/2014,24.52,24.65,23.92,24.35,154768
02/04/2014,24.37,24.95,24.14,24.56,82659
02/05/2014,24.5,24.77,23.93,24.46,106905
02/06/2014,24.44,24.82,24.02,24.44,105254
02/07/2014,24.46,24.7,24.2,24.66,59977
02/10/2014,24.71,24.75,24.14,24.46,76714
02/11/2014,24.43,24.73,24.37,24.45,47008
02/12/2014,24.5,24.88,24.36,24.82,101175
02/13/2014,24.55,25.2,24.55,25.14,58084
02/14/2014,25.17,25.32,24.93,25.26,69455
02/18/2014,25.23,25.37,24.75,25.36,57814
02/19/2014,25.18,25.37,24.94,25.18,83417
02/20/2014,25.24,25.35,25.11,25.15,34551
02/21/2014,25.15,25.75,25.1,25.2,81685
02/24/2014,26.24,26.85,26.21,26.22,145775
02/25/2014,26.18,26.41,25.09,25.6,153318
02/26/2014,25.7,26.28,25.54,25.8,63275
02/27/2014,25.73,26.38,25.35,26,70317
02/28/2014,26.05,26.16,25.8,25.81,51857
03/03/2014,25.71,25.91,25.64,25.82,60050
03/04/2014,26.09,26.35,25.87,26.18,112753
03/05/2014,26.12,26.63,26.12,26.53,68417
03/06/2014,26.61,26.81,26.46,26.8,82888
03/07/2014,26.84,27.06,26.4,26.87,84111
03/10/2014,26.82,27.12,26.56,26.77,159651
03/11/2014,27.05,27.05,26.19,26.44,72249
03/12/2014,26.49,26.9,26.21,26.74,110402
03/13/2014,26.71,26.79,26.27,26.53,80751
03/14/2014,26.41,27.18,26.41,26.7,74336
03/17/2014,26.79,27,26.49,26.77,51966
03/18/2014,26.84,26.96,26.53,26.92,72921
03/19/2014,26.95,27.11,26.38,26.7,444795
03/20/2014,26.59,27.08,26.48,27.06,64770
03/21/2014,27.12,27.12,26.05,27.03,242327
03/24/2014,27.03,27.03,26.1,26.71,153832
03/25/2014,26.8,26.95,26.02,26.19,82955
03/26/2014,26.31,26.36,25.75,25.83,107215
03/27/2014,25.91,26,25.5,25.77,89546
03/28/2014,26.12,26.17,24.61,24.65,318002
03/31/2014,24.82,24.84,24.14,24.38,140614
04/01/2014,24.33,24.91,24.33,24.78,171626
04/02/2014,24.69,24.94,24.52,24.82,85948
04/03/2014,24.83,24.91,24.59,24.8,70369
04/04/2014,24.81,24.91,24.57,24.87,145131
04/07/2014,24.74,24.74,23.18,23.78,272424
04/08/2014,23.8,24.49,23.34,24.29,48708
04/09/2014,24.42,24.42,23.81,24.12,69895
04/10/2014,24.06,24.24,23.71,23.89,62624
04/11/2014,23.64,23.87,23.53,23.76,77527
04/14/2014,23.96,23.96,23.44,23.82,87091
04/15/2014,23.82,23.92,23.41,23.7,63003
04/16/2014,23.8,23.84,23.37,23.73,72257
04/17/2014,23.66,23.78,23.28,23.65,81671
04/21/2014,23.74,23.79,23.52,23.68,49635
04/22/2014,23.62,23.89,23.62,23.76,57552
04/23/2014,23.8,23.8,23.56,23.71,44857
04/24/2014,23.76,23.8,23.51,23.62,25055
04/25/2014,23.6,23.62,23.37,23.42,71330
04/28/2014,23.56,23.69,23.24,23.68,86161
04/29/2014,23.83,23.98,23.54,23.96,64578
04/30/2014,23.74,23.98,23.53,23.85,36474
05/01/2014,23.83,24.24,23.62,24.09,41723
05/02/2014,24.16,24.57,24.03,24.18,26921
05/05/2014,23.95,23.95,23.39,23.75,120537
05/06/2014,23.6,23.86,23.49,23.62,680396
05/07/2014,23.69,23.69,23.13,23.28,44944
05/08/2014,23.1,23.22,22.41,22.56,209628
05/09/2014,22.39,22.59,21.95,22.5,168327
05/12/2014,22.56,22.77,22.1,22.65,393873
05/13/2014,22.51,22.84,22.18,22.25,105908
05/14/2014,22.15,22.45,21.97,22.01,104259
05/15/2014,22,22.95,22,22.38,312555
05/16/2014,22.51,23.13,22.38,22.94,164971
05/19/2014,22.84,23.13,22.54,22.72,56726
05/20/2014,22.58,22.8,22.2,22.46,113313
05/21/2014,22.63,23.01,22.63,22.93,57432
05/22/2014,22.86,22.99,22.72,22.92,84467
05/23/2014,22.91,23.28,22.91,23.2,35350
05/27/2014,23.2,23.5,23.18,23.48,38929
05/28/2014,23.49,23.84,23.44,23.53,85350
05/29/2014,23.54,23.72,23.45,23.58,39838
05/30/2014,23.69,24.57,23.62,24.46,123008
06/02/2014,24.33,24.36,24.02,24.25,48024
06/03/2014,24.08,24.55,23.95,24.31,75373
06/04/2014,24.29,24.61,24.15,24.38,55854
06/05/2014,24.37,24.88,24.35,24.74,39563
06/06/2014,24.89,25.42,24.89,25.29,44652
06/09/2014,26.23,26.71,25.2,26.44,163285
06/10/2014,26.25,26.25,25.45,25.53,51700
06/11/2014,25.32,25.54,25.13,25.39,31993
06/12/2014,25.47,25.47,25.08,25.33,22422
06/13/2014,25.47,25.61,25.24,25.28,16376
06/16/2014,25.21,25.21,24.46,24.6,47893
06/17/2014,24.54,25.19,24.38,25.15,36331
06/18/2014,25.1,25.27,24.97,25.2,17403
06/19/2014,25.15,25.31,24.93,24.97,21766
06/20/2014,25.07,25.11,24.49,24.72,101655
06/23/2014,24.76,24.76,24.43,24.75,34953
06/24/2014,24.76,24.94,24.26,24.56,42875
06/25/2014,24.46,24.72,24.3,24.66,32611
06/26/2014,24.78,24.79,24.46,24.67,27200
06/27/2014,24.49,25.1,24.46,25.06,142851
06/30/2014,24.86,25.22,24.52,25.15,45959
07/01/2014,25.23,25.48,25.09,25.22,38840
07/02/2014,25.18,25.33,24.89,25.18,27642
07/03/2014,25.26,25.48,25.15,25.39,17136
07/07/2014,25.46,25.47,25.11,25.41,29054
07/08/2014,25.3,25.38,24.64,25.26,29690
07/09/2014,25.23,25.46,25,25.2,19941
07/10/2014,24.79,25.41,24.66,25.07,26772
07/11/2014,24.99,25.11,24.74,24.76,20694
07/14/2014,24.94,25,24.63,24.67,34113
07/15/2014,24.72,24.94,24.21,24.48,50440
07/16/2014,24.5,24.85,23.99,24.5,86944
07/17/2014,24.21,24.77,24.08,24.28,117181
07/18/2014,24.3,24.3,23.78,24.2,148239
07/21/2014,24.01,24.4,23.87,24.32,105871
07/22/2014,24.32,24.45,24.15,24.29,20807
07/23/2014,24.3,25.15,24.08,24.67,89366
07/24/2014,24.72,24.72,24.08,24.31,133895
07/25/2014,24.11,24.51,24.04,24.32,34653
07/28/2014,24.5,24.7,24.13,24.3,64493
07/29/2014,24.23,24.46,24.15,24.25,144897
07/30/2014,24.38,24.41,23.89,24.16,136747
07/31/2014,23.89,24.94,23.88,24.89,126528
08/01/2014,24.94,24.94,24.24,24.84,78111
08/04/2014,24.81,25.05,24.54,24.75,33575
08/05/2014,24.63,24.82,24.42,24.49,58877
08/06/2014,24.42,24.56,24.3,24.42,38575
08/07/2014,24.41,24.48,24.12,24.28,96582
08/08/2014,24.28,24.63,24.01,24.46,43961
08/11/2014,24.62,25.05,24.42,24.85,63976
08/12/2014,24.73,24.85,24.38,24.69,68991
08/13/2014,24.76,24.94,24.6,24.71,45823
08/14/2014,25.02,26.5,25.02,25.9,365861
08/15/2014,26.01,26.03,25.63,25.65,141834
08/18/2014,25.75,27.02,25.75,26.68,312897
08/19/2014,26.63,26.93,26.09,26.43,306613
08/20/2014,26.32,26.78,25.96,26.23,128402
08/21/2014,26.19,26.48,25.97,26.21,166993
08/22/2014,26.27,26.47,26.04,26.34,113130
08/25/2014,26.38,26.38,26.15,26.34,65623
08/26/2014,26.34,26.38,26.11,26.17,51499
08/27/2014,26.1,26.14,25.62,25.75,31497
08/28/2014,25.69,25.71,25.19,25.3,40945
08/29/2014,25.38,25.89,25.36,25.81,35473
09/02/2014,25.91,26.13,25.49,25.72,52443
09/03/2014,25.81,26.13,25.36,25.54,70760
09/04/2014,25.65,26,25.48,25.77,42964
09/05/2014,25.69,26.66,25.62,26.53,75461
09/08/2014,26.35,26.84,26.35,26.69,49751
09/09/2014,26.69,26.72,26.38,26.55,46827
09/10/2014,26.62,26.81,26.37,26.76,39032
09/11/2014,26.6,27,26.58,26.89,40727
09/12/2014,27,27.01,26.62,26.71,70567
09/15/2014,26.66,26.66,25.87,26.23,144878
09/16/2014,26.12,26.25,26,26.15,15702
09/17/2014,26.09,26.3,25.63,26.09,114264
09/18/2014,26.04,26.38,25.92,26.35,38027
09/19/2014,26.38,26.64,25.75,25.81,42663
09/22/2014,25.66,25.7,25.19,25.24,18254
09/23/2014,25.19,25.29,24.74,24.83,48953
09/24/2014,24.91,25.02,24.51,24.63,20173
09/25/2014,24.32,24.99,24.32,24.66,67705
09/26/2014,24.65,24.89,24.58,24.84,36269
09/29/2014,24.65,26.15,24.65,25.16,43402
09/30/2014,25.3,25.48,25.11,25.31,88657
10/01/2014,25.2,25.71,24.76,25.36,43440
10/02/2014,25.36,25.61,24.92,25.18,22720
10/03/2014,25.35,25.97,25.29,25.77,37807
10/06/2014,25.74,25.84,25.07,25.33,29924
10/07/2014,25.18,25.29,24.8,25.11,21008
10/08/2014,25.09,25.78,25.09,25.78,25484
10/09/2014,25.59,25.76,25.12,25.17,29898
10/10/2014,25.07,25.79,25,25.41,28707
10/13/2014,25.34,25.71,24.98,25.48,61075
10/14/2014,25.71,26.22,25.41,25.59,43956
10/15/2014,25.33,26.04,24.72,25.72,169753
10/16/2014,25.35,27.24,25.24,26.44,124129
10/17/2014,26.82,26.82,26.19,26.42,40221
10/20/2014,26.43,27.2,26.38,26.78,56008
10/21/2014,26.85,27.18,26.63,26.78,46839
10/22/2014,27.11,27.24,26.78,26.99,54495
10/23/2014,27.02,27.12,26.37,26.42,49692
10/24/2014,26.57,27.2,26.38,27.02,50078
10/27/2014,27.06,27.07,26.59,27.01,20121
10/28/2014,26.93,27.17,26.84,27.02,65133
10/29/2014,26.91,27.2,26.73,27.19,24255
10/30/2014,27.01,27.23,26.61,26.94,27706
10/31/2014,27.24,27.24,26.6,27.21,66776
11/03/2014,27.18,27.52,27.07,27.41,21886
11/04/2014,27.41,27.74,27.09,27.26,25330
11/05/2014,27.38,27.41,26.82,26.91,46895
11/06/2014,27.24,27.24,26.61,26.72,52806
11/07/2014,26.65,27.16,26.45,26.72,47634
11/10/2014,26.64,27.07,25.53,25.92,98221
11/11/2014,25.87,26,25.69,25.94,75608
11/12/2014,25.88,26.09,25.83,25.96,71759
11/13/2014,25.9,26,25.2,25.42,70599
11/14/2014,25.7,26.33,25.35,26.15,174056
11/17/2014,26.23,26.29,25.56,25.81,48374
11/18/2014,25.88,26.08,25.62,25.81,49564
11/19/2014,25.68,26.87,25.59,26.4,128664
11/20/2014,26.42,26.87,26.23,26.66,129569
11/21/2014,27.11,27.62,26.8,27.56,93509
11/24/2014,27.5,28.06,27.5,27.85,48172
11/25/2014,28.06,28.43,27.97,28.26,70625
11/26/2014,28.36,28.74,28.36,28.6,27932
11/28/2014,28.53,28.97,28.38,28.55,26239
12/01/2014,28.72,31.4,28.72,30.01,254894
12/02/2014,30.13,30.94,29.41,30.1,319862
12/03/2014,30.23,30.42,29.83,29.91,114450
12/04/2014,30.05,30.66,29.45,29.75,274396
12/05/2014,29.7,32.26,29.46,31.76,166145
12/08/2014,31.82,33.06,31.02,31.2,124433
12/09/2014,31.14,32.29,31.12,31.56,119909
12/10/2014,31.65,31.77,30.93,30.99,62634
12/11/2014,31.24,31.85,31.16,31.4,109622
12/12/2014,30.98,30.98,28.88,29.13,116897
12/15/2014,29.41,29.41,28.37,28.5,89215
12/16/2014,28.46,29.04,28.41,28.6,121791
12/17/2014,28.7,29.41,28.39,29.04,83121
12/18/2014,29.25,29.74,28.46,29.39,125225
12/19/2014,29,29.21,29,29.2,94234
12/22/2014,29.08,29.59,29.08,29.45,43746
12/23/2014,29.52,29.64,28.96,29.11,76655
12/24/2014,29.15,29.75,29.09,29.53,42033
12/26/2014,29.59,29.68,29.21,29.46,54304
12/29/2014,29.65,30.13,29.29,29.99,45112
12/30/2014,30.01,30.11,29.36,29.65,22885
12/31/2014,29.84,30.17,29.07,29.24,33452
01/02/2015,29.37,29.62,28.66,29.46,38017
01/05/2015,29.36,29.69,27.8,28.49,84307
01/06/2015,28.55,29.1,27.93,28.18,67942
01/07/2015,28.44,29.12,27.88,28.65,109017
01/08/2015,28.86,29.47,28.61,29.18,95947
01/09/2015,29.21,30.02,29.02,29.88,68911
01/12/2015,30,30.87,29.49,30.79,83181
01/13/2015,31.1,32.03,30.5,31.35,119391
01/14/2015,31.14,31.79,30.87,31.56,59809
01/15/2015,31.55,31.71,31.1,31.39,153176
01/16/2015,31.34,31.57,31.18,31.4,192118
01/20/2015,31.27,31.39,30.62,31.18,67565
01/21/2015,31.25,31.56,31.03,31.28,48861
01/22/2015,31.54,32.98,31.28,32.93,133912
01/23/2015,33.02,33.63,32.25,32.72,120564
01/26/2015,32.78,32.9,31.68,32.02,119286
01/27/2015,31.74,32.77,31.56,32.73,92022
01/28/2015,32.09,32.15,29.42,30.12,302171
01/29/2015,29.28,30.06,28.26,28.94,189830
01/30/2015,28.64,28.76,28.15,28.38,122589
02/02/2015,27.75,28.43,26.3,28.31,318196
02/03/2015,28.13,29.16,27.08,28.49,187248
02/04/2015,28.29,28.72,27.29,27.99,142397
02/05/2015,28,29,28,28.57,166609
02/06/2015,28.57,28.91,27.75,28.6,124216
02/09/2015,28.64,28.89,27.84,28.21,165334
02/10/2015,28.42,28.62,27.99,28.36,39615
02/11/2015,28.18,28.64,28.17,28.38,43306
02/12/2015,28.43,29.26,28.36,29.23,52195
02/13/2015,29.17,29.38,28.86,29.12,54495
02/17/2015,29.26,29.26,28.9,29.13,44331
02/18/2015,28.9,29.2,28.8,29.09,53520
02/19/2015,29.13,29.19,28.69,28.97,49280
02/20/2015,28.95,29.32,28.63,29.12,41384
02/23/2015,29.03,29.2,28.96,29.19,22049
02/24/2015,29.24,29.54,29.04,29.2,42564
02/25/2015,29.19,29.56,28.95,29.22,42516
02/26/2015,29.13,29.13,28.55,28.95,28226
02/27/2015,28.82,29.25,27.9,27.98,106336
03/02/2015,28.01,28.34,27.79,28.17,76657
03/03/2015,28,28.15,27.81,27.85,90179
03/04/2015,27.83,28.35,27.67,28.21,148260
03/05/2015,28.17,28.33,27.66,28.1,53522
03/06/2015,27.91,28.36,27.51,27.77,70406
03/09/2015,27.78,28.11,27.72,27.99,51469
03/10/2015,27.75,27.8,27.29,27.3,22569
03/11/2015,27.46,27.85,27.29,27.68,52812
03/12/2015,28.24,29.3,28.19,28.41,163133
03/13/2015,28.61,29.42,27.69,28.76,143385
03/16/2015,28.9,28.9,28.35,28.41,126311
03/17/2015,28.46,28.96,28.36,28.51,62883
03/18/2015,28.49,29,28.49,28.78,105048
03/19/2015,29.01,29.01,28.5,28.78,53304
03/20/2015,28.96,29.18,28.6,29.13,145831
03/23/2015,29.17,30.02,29.11,29.7,98693
03/24/2015,29.57,29.97,29.45,29.51,39740
03/25/2015,29.48,29.57,28.68,28.76,24054
03/26/2015,28.67,29.17,28.51,29.05,26347
03/27/2015,28.96,29.63,28.96,29.55,35444
03/30/2015,29.62,30.15,29.62,29.8,67136
03/31/2015,29.75,30.02,29.49,29.75,41115
04/01/2015,29.63,29.94,29.3,29.76,25644
04/02/2015,29.6,29.96,29.49,29.58,39091
04/06/2015,29.52,30.11,29.52,29.97,63063
04/07/2015,29.89,30.23,29.47,29.49,47802
04/08/2015,29.7,30.02,29.49,29.87,68810
04/09/2015,29.8,30.08,29.57,30.05,110790
04/10/2015,30.06,30.23,29.71,30.06,80921
04/13/2015,29.98,30.21,29.89,30.04,17504
04/14/2015,29.85,30.23,29.84,30.04,34961
04/15/2015,30.19,30.41,29.99,30.34,36715
04/16/2015,30.37,30.53,30.06,30.37,94130
04/17/2015,30.04,30.32,29.68,30.12,153638
04/20/2015,30.36,30.44,29.97,30.15,54406
04/21/2015,30.11,30.37,29.97,30.08,44438
04/22/2015,30.03,30.38,30.01,30.18,68180
04/23/2015,30.26,30.85,30.01,30.66,93897
04/24/2015,30.58,31.01,30.42,30.67,24080
04/27/2015,30.81,31.26,30.81,31.14,52214
04/28/2015,31.35,31.35,31.11,31.33,64869
04/29/2015,31.36,31.36,30.78,30.86,49661
04/30/2015,31.04,31.04,30.03,30.29,60522
05/01/2015,30.27,30.91,30.18,30.83,24462
05/04/2015,30.45,31.12,30.31,30.36,37298
05/05/2015,30.27,30.58,29.94,30.23,42545
05/06/2015,30.14,30.14,29.37,29.72,86564
05/07/2015,29.62,30.26,29.62,30.19,23615
05/08/2015,31.65,32.25,30.17,31.43,82271
05/11/2015,31.47,31.56,31.12,31.18,30720
05/12/2015,31.06,31.06,30.1,30.39,41377
05/13/2015,30.13,30.28,29.41,29.83,54356
05/14/2015,29.98,31.01,29.93,30.95,50532
05/15/2015,30.98,31.42,30.75,31.25,38291
05/18/2015,31.23,31.48,30.98,31.25,42491
05/19/2015,31.16,31.56,30.71,30.89,51835
05/20/2015,31.08,31.2,30.66,30.73,42212
05/21/2015,30.88,30.88,30.06,30.19,67178
05/22/2015,30.35,30.67,30.22,30.32,29384
05/26/2015,30.08,30.4,29.69,29.82,55152
05/27/2015,29.66,30.53,29.66,30.48,26758
05/28/2015,30.51,30.6,30.13,30.6,35371
05/29/2015,30.46,30.98,29.97,30.06,54803
06/01/2015,30.37,30.84,29.87,30.7,28702
06/02/2015,30.53,31.03,30.46,30.86,142600
06/03/2015,30.85,31.15,30.79,31.03,39503
06/04/2015,31.09,31.3,30.69,31.03,154472
06/05/2015,30.95,30.99,30.54,30.74,29710
06/08/2015,30.65,30.83,29.93,30.02,32631
06/09/2015,30.16,30.3,29.88,30.28,34814
06/10/2015,30.24,30.83,30.24,30.61,58285
06/11/2015,30.8,30.91,30.25,30.36,20394
06/12/2015,30.26,30.79,30.07,30.65,27709
06/15/2015,30.32,30.91,30.02,30.72,54849
06/16/2015,30.39,30.92,30.39,30.75,31574
06/17/2015,30.8,31.18,30.31,30.59,28328
06/18/2015,30.75,31.23,30.6,30.74,61482
06/19/2015,31.03,31.03,30.56,30.68,94750
06/22/2015,30.88,30.89,30.56,30.86,81091
06/23/2015,30.42,30.95,30.42,30.58,93920
06/24/2015,30.66,31.93,30.66,31.38,64661
06/25/2015,31.56,31.69,31.08,31.34,42815
06/26/2015,31.26,31.79,30.86,31.13,119154
06/29/2015,31.15,31.49,30.39,30.89,46660
06/30/2015,30.99,31.95,30.79,31.95,76376
07/01/2015,32.07,33.35,31.84,32.77,79163
07/02/2015,32.95,33.11,32.58,32.81,46001
07/06/2015,32.69,33.54,32.69,33.28,38148
07/07/2015,33.61,33.61,32.87,33.34,30483
07/08/2015,33.13,33.51,32.83,33.45,32177
07/09/2015,33.66,33.8,32.96,33.37,50648
07/10/2015,33.7,34.11,33.27,33.91,34333
07/13/2015,34.17,35.22,34.09,34.8,401393
07/14/2015,34.89,35.5,34.47,34.52,62846
07/15/2015,34.67,34.93,33.98,34.08,163993
07/16/2015,34.28,34.54,34.14,34.17,58191
07/17/2015,34.17,34.44,34.11,34.2,51530
07/20/2015,34.18,35.3,34.17,35.22,32156
07/21/2015,35.25,35.25,34.29,34.74,29250
07/22/2015,34.6,35.43,34.6,35.33,23591
07/23/2015,35.29,35.6,34.7,34.85,46312
07/24/2015,34.86,34.98,34.51,34.67,101769
07/27/2015,34.62,34.76,34.55,34.68,19622
07/28/2015,34.17,34.98,33.93,34.66,31719
07/29/2015,35.04,35.05,34.56,34.63,37104
07/30/2015,34.62,34.63,33.77,34.23,145779
07/31/2015,34.42,34.42,33.8,33.94,112752
08/03/2015,33.96,34.34,33.89,34.26,54293
08/04/2015,34.36,35.57,33.53,35.44,169800
08/05/2015,35.63,35.93,34.98,35.11,65098
08/06/2015,35.38,35.58,34.4,34.64,78085
08/07/2015,35.54,36.87,34.79,34.85,162240
08/10/2015,34.99,35.48,34.37,34.53,42832
08/11/2015,34.42,35.47,34.35,34.99,81243
08/12/2015,34.85,35.32,34.51,34.97,34700
08/13/2015,34.7,35.51,34.69,35.15,26361
08/14/2015,35,35.31,34.99,35.15,47045
08/17/2015,35.2,35.33,35.07,35.12,42885
08/18/2015,34.42,34.89,34.16,34.21,128185
08/19/2015,33.06,33.55,32.07,33.29,204259
08/20/2015,32.77,34.15,32.77,33.87,55934
08/21/2015,33.42,34.55,33.16,34.32,111043
08/24/2015,33.78,34.63,32.89,33.03,189494
08/25/2015,33.82,33.82,31.56,31.73,71529
08/26/2015,32.28,32.83,31.5,32.71,146156
08/27/2015,33.03,33.2,32.2,32.86,75522
08/28/2015,32.91,33.26,32.72,33.17,34618
08/31/2015,33.12,33.82,32.64,33.09,89063
09/01/2015,32.62,33.33,32.62,32.86,71100
09/02/2015,33.06,33.17,32.44,33.08,56796
09/03/2015,33.19,33.58,33.16,33.24,45175
09/04/2015,33.01,33.23,32.2,32.44,26960
09/08/2015,32.53,32.68,32.27,32.41,28069
09/09/2015,32.66,32.71,31.15,32.48,146849
09/10/2015,32.35,32.87,32.07,32.66,64615
09/11/2015,32.56,33.71,32.56,33.56,34231
09/14/2015,33.68,34.02,33.36,33.88,33533
09/15/2015,33.77,33.93,33.3,33.41,22324
09/16/2015,33.64,33.74,33.22,33.58,23114
09/17/2015,33.54,34.31,33.54,33.8,35201
09/18/2015,33.46,34.28,32.8,33.2,55134
09/21/2015,33.2,33.53,32.96,33.41,32387
09/22/2015,33.14,33.35,32.43,33.15,123449
09/23/2015,33.08,33.76,32.89,33.49,38995
09/24/2015,33.35,33.84,33.27,33.38,27554
09/25/2015,33.52,33.83,32.66,32.89,31086
09/28/2015,32.76,32.92,32.18,32.38,83490
09/29/2015,32.35,32.45,31.14,31.32,67163
09/30/2015,31.62,32.62,31.54,32.43,98044
10/01/2015,32.53,32.53,31.44,31.67,114587
10/02/2015,31.58,31.79,31.26,31.49,68079
10/05/2015,31.68,32.3,31.68,31.89,73705
10/06/2015,31.71,32.02,31.55,31.69,47520
10/07/2015,31.78,31.96,31.63,31.85,26579
10/08/2015,31.73,32.07,31.36,31.59,101638
10/09/2015,31.65,31.93,31.5,31.56,50506
10/12/2015,31.64,31.88,31.33,31.37,80404
10/13/2015,31.45,32.15,31.3,31.79,70479
10/14/2015,31.73,31.77,31.18,31.19,38710
10/15/2015,31.31,31.4,30.9,31.2,46146
10/16/2015,31.34,31.69,31.13,31.24,53362
10/19/2015,31.11,31.85,31.11,31.58,37435
10/20/2015,31.49,32.01,31.48,31.8,26142
10/21/2015,31.9,32.32,31.89,31.94,66468
10/22/2015,31.95,32.25,31.78,32.03,67789
10/23/2015,32.18,32.44,31.8,32,158132
10/26/2015,31.97,32.8,31.72,32.63,34364
10/27/2015,32.54,32.85,32.45,32.62,46300
10/28/2015,32.6,33.45,31.88,33.38,72738
10/29/2015,33.32,34.23,33.24,34.03,44824
10/30/2015,34.03,34.26,33.88,34.02,87567
11/02/2015,33.97,34.76,33.82,34.69,65824
11/03/2015,34.74,34.95,34.3,34.51,48344
11/04/2015,34.48,34.99,34.39,34.93,29174
11/05/2015,35.09,35.29,34.66,35.11,40639
11/06/2015,35.06,36,35.05,35.98,128352
11/09/2015,35.93,37.37,35.74,37.26,56285
11/10/2015,37.15,38.12,37.15,38.04,31110
11/11/2015,38.03,39.11,38.03,39.04,63533
11/12/2015,38.76,38.86,37.42,37.56,75433
11/13/2015,37.29,37.7,36.65,36.78,31852
11/16/2015,36.63,38.09,36.63,37.94,57573
11/17/2015,37.62,37.62,34.28,34.76,391372
11/18/2015,35.09,35.1,33.03,33.27,667880
11/19/2015,33.33,33.57,32.91,33.1,2859850
11/20/2015,33.1,33.48,32.77,32.78,255714
11/23/2015,32.9,33.45,32.85,33.12,319172
11/24/2015,33.03,33.48,32.84,33.18,210102
11/25/2015,33.28,34.03,33.09,33.96,220314
11/27/2015,34.06,34.61,33.95,33.97,230648
11/30/2015,34.16,34.24,33.81,33.93,398209
12/01/2015,34.1,34.55,33.37,34.48,248416
12/02/2015,34.32,34.69,34.2,34.47,192240
12/03/2015,34.61,34.91,33.83,33.85,250566
12/04/2015,33.79,34.27,33.44,33.83,166400
12/07/2015,33.75,34.87,33.48,34.6,189012
12/08/2015,34.5,35.55,34.43,35.2,153768
12/09/2015,35.09,35.55,35.03,35.38,190868
12/10/2015,35.56,35.82,35.25,35.66,207518
12/11/2015,35.28,35.75,34.62,34.82,175045
12/14/2015,34.61,35.05,33.64,33.79,155048
12/15/2015,33.82,34.4,33.61,34.38,129361
12/16/2015,34.59,34.72,34.03,34.6,84980
12/17/2015,34.71,34.78,33.72,33.78,77897
12/18/2015,33.78,33.78,33.1,33.32,134456
12/21/2015,33.34,33.73,32.9,33.66,107404
12/22/2015,33.86,34.31,33.56,34.26,82194
12/23/2015,34.31,34.34,33.95,34.17,130680
12/24/2015,34.2,34.43,33.8,34.15,64083
12/28/2015,33.94,34.02,33.31,33.75,77717
12/29/2015,33.92,34.3,33.87,34.26,63845
12/30/2015,33.98,34.45,33.98,34.13,42173
12/31/2015,33.92,34.02,33.51,33.77,66874
01/04/2016,33.27,33.75,32.56,33.03,90071
01/05/2016,33.06,33.39,32.61,33.06,71373
01/06/2016,32.76,33.12,32.49,32.88,51994
01/07/2016,32.52,33.03,32,32.37,131777
01/08/2016,32.33,32.87,31.17,31.4,129366
01/11/2016,31.55,31.55,29.95,30.33,129656
01/12/2016,30.42,30.6,29.29,30.51,159624
01/13/2016,30.63,30.65,29.72,30.32,133444
01/14/2016,30.33,31.3,29.95,31.28,109921
01/15/2016,30.53,30.99,29.69,30.87,169844
01/19/2016,31.22,31.74,30.8,31.72,129197
01/20/2016,31.33,31.45,30.14,30.35,131685
01/21/2016,30.17,30.23,29.24,29.36,301217
01/22/2016,29.64,30.08,29.18,29.21,114963
01/25/2016,29.04,29.9,29.04,29.72,126263
01/26/2016,29.67,30.18,29.3,29.69,79759
01/27/2016,30.66,31.77,30.66,31.11,593087
01/28/2016,31.24,31.39,30.48,30.5,145360
01/29/2016,30.58,31.66,30.58,31.51,341518
02/01/2016,31.5,32.32,31.25,31.48,285321
02/02/2016,31.14,31.6,30.36,30.63,1945966
02/03/2016,30.78,30.84,28.91,28.93,347076
02/04/2016,28.98,29.31,28.69,28.99,247369
02/05/2016,29.01,29.2,28.87,28.9,241155
02/08/2016,28.75,28.75,27.51,27.76,222871
02/09/2016,27.48,28.29,27.37,27.62,204747
02/10/2016,27.95,29.06,27.7,27.9,122202
02/11/2016,27.47,28.15,27.35,27.65,128168
02/12/2016,27.84,28.08,27.53,28.01,131915
02/16/2016,28.15,29.18,27.95,28.72,121496
02/17/2016,29.04,30.93,28.98,30.23,263245
02/18/2016,30.22,30.5,29.54,29.58,146767
02/19/2016,29.55,30.38,29.37,30.26,116039
02/22/2016,30.46,31.04,30.32,30.43,80998
02/23/2016,30.33,30.66,29.9,30.04,66800
02/24/2016,29.77,30.33,29.05,30.17,88507
02/25/2016,30.61,31.18,30.02,31.06,118336
02/26/2016,31.08,31.08,28.99,29.8,199051
02/29/2016,29.6,29.74,28.63,29.04,252258
03/01/2016,29.08,30.02,28.97,29.95,151672
03/02/2016,29.78,30.59,29.4,30.54,230135
03/03/2016,30.56,31.35,30.56,31.25,217127
03/04/2016,31.27,31.27,30.32,30.49,131507
03/07/2016,30.28,30.72,29.63,30.6,106212
03/08/2016,30.5,30.66,29.87,30.42,109404
03/09/2016,30.47,30.96,30.37,30.78,51772
03/10/2016,30.8,31.01,30.48,30.68,65840
03/11/2016,31,31.54,30.8,31.4,115654
03/14/2016,31.2,31.8,30.86,31.18,91443
03/15/2016,30.92,31.5,30.87,30.88,116055
03/16/2016,30.75,31.44,30.66,31.02,105195
03/17/2016,31.09,31.95,31.02,31.83,105735
03/18/2016,31.95,32.08,31.01,31.14,277585
03/21/2016,31.02,31.55,30.9,31.08,93325
03/22/2016,31.03,31.5,30.91,31.08,102737
03/23/2016,31.12,31.25,30.81,30.83,138709
03/24/2016,30.58,30.93,30.18,30.92,56263
03/28/2016,30.93,31.12,30.64,30.88,46268
03/29/2016,30.83,31.62,30.8,31.34,133163
03/30/2016,31.44,32.04,31.44,31.88,110173
03/31/2016,31.44,31.52,30.97,31.17,104504
04/01/2016,30.96,31.87,30.96,31.61,127922
04/04/2016,31.54,31.89,31.15,31.6,117145
04/05/2016,31.48,31.72,31.26,31.55,134968
04/06/2016,31.61,31.98,31.08,31.44,83948
04/07/2016,31.22,31.52,30.83,31.38,80434
04/08/2016,31.6,31.93,31.31,31.62,60325
04/11/2016,31.82,32.22,31.54,31.83,148167
04/12/2016,31.92,32.52,31.73,32.02,32353
04/13/2016,32.34,32.9,32.32,32.66,57173
04/14/2016,32.69,32.69,32.31,32.59,34707
04/15/2016,32.53,32.98,32.16,32.78,46197
04/18/2016,32.72,33.15,32.47,32.91,82748
04/19/2016,33,33.28,32.79,33.16,36379
04/20/2016,33.22,33.25,32.72,32.83,71823
04/21/2016,32.92,33.13,32.52,32.65,39282
04/22/2016,32.58,32.77,32.23,32.6,68163
04/25/2016,32.43,32.7,32.17,32.48,30823
04/26/2016,32.57,34.01,32.57,33.43,140764
04/27/2016,33.52,33.58,32.73,33.32,74154
04/28/2016,33.22,33.68,32.92,33.41,87300
04/29/2016,33.28,33.59,32.82,33.42,116448
05/02/2016,33.57,33.88,33.19,33.61,95377
05/03/2016,33.25,33.72,32.9,33.25,47000
05/04/2016,32.93,33.75,32.9,33.36,55081
05/05/2016,33.52,33.55,32.97,33.27,72307
05/06/2016,33.47,34.31,33.11,34,122707
05/09/2016,34.09,34.86,33.99,34.75,107103
05/10/2016,34.98,35.15,34.54,34.99,61278
05/11/2016,34.99,35.06,34.29,34.6,79850
05/12/2016,34.61,35.3,34.56,34.92,118406
05/13/2016,34.91,35.31,34.39,35.01,48590
05/16/2016,35.02,35.64,35.01,35.49,86581
05/17/2016,35.38,35.57,34.63,35.46,192761
05/18/2016,35.34,35.57,35,35.33,122778
05/19/2016,35.1,35.3,34.64,34.94,150988
05/20/2016,35.1,35.53,34.72,35.42,97615
05/23/2016,35.54,35.72,35.31,35.36,98437
05/24/2016,35.48,36.17,35.37,36,131808
05/25/2016,33.85,36.56,33.85,36.36,71750
05/26/2016,36.46,37.07,36.34,36.69,72830
05/27/2016,36.96,37.39,36.51,36.75,59091
05/31/2016,36.78,36.89,36.31,36.76,257005
06/01/2016,36.87,37.3,36.72,37.11,50579
06/02/2016,37.32,37.35,36.49,37.25,87567
06/03/2016,37.2,37.33,36.75,37.14,41157
06/06/2016,37.26,37.96,37.04,37.66,102559
06/07/2016,37.81,38.25,37.52,37.95,74292
06/08/2016,38.08,38.76,37.94,38.44,69363
06/09/2016,38.23,39.17,37.91,38.58,112613
06/10/2016,38.39,38.8,37.92,38.23,92562
06/13/2016,38.23,38.27,37.41,37.52,78548
06/14/2016,37.42,37.95,37.1,37.63,91543
06/15/2016,37.62,38.28,37.27,37.6,106496
06/16/2016,37.45,38.23,37.23,37.31,83499
06/17/2016,37.41,37.63,37.08,37.14,104880
06/20/2016,37.47,38.17,37.47,37.61,100799
06/21/2016,37.9,38.57,37.58,38.52,230588
06/22/2016,38.33,39.2,38.02,38.15,176456
06/23/2016,38.5,38.98,37.91,38.33,139577
06/24/2016,37.48,37.7,36.13,36.14,664698
06/27/2016,35.97,35.97,34.59,34.89,176099
06/28/2016,35.2,35.77,34.31,35.49,94848
06/29/2016,35.98,36.08,35.69,35.76,95937
06/30/2016,35.93,36.74,35.51,36.74,95941
07/01/2016,36.69,37.05,36.07,36.24,38103
07/05/2016,36.19,36.19,35.61,36,91638
07/06/2016,35.8,36.2,35.52,36.17,87642
07/07/2016,36.12,36.32,35.77,36.08,73502
07/08/2016,36.56,37.5,36.23,37.41,104224
07/11/2016,37.67,37.88,37.19,37.36,79930
07/12/2016,37.71,38.29,37.5,38.2,71890
07/13/2016,38.35,38.64,38.19,38.57,63601
07/14/2016,38.91,39.21,38.44,38.49,63828
07/15/2016,38.75,38.85,38.29,38.68,75984
07/18/2016,38.58,39.14,38.56,38.94,53118
07/19/2016,38.94,39.31,38.77,38.96,44400
07/20/2016,39.16,39.2,38.7,38.86,54767
07/21/2016,38.96,39.69,38.7,39.43,83338
07/22/2016,39.69,40.1,39.36,39.71,52725
07/25/2016,39.6,40.1,39.58,39.71,37781
07/26/2016,39.69,40.02,39.45,39.78,45648
07/27/2016,39.85,40.09,39.42,40.01,41594
07/28/2016,39.92,40.27,39.52,39.59,69242
07/29/2016,39.62,39.88,39.33,39.49,92245
08/01/2016,39.43,39.86,39.19,39.54,54358
08/02/2016,39.44,39.65,38.7,38.73,56727
08/03/2016,38.85,39.28,38.62,38.93,87971
08/04/2016,39.1,39.5,38.64,39.02,52502
08/05/2016,39.46,39.91,38.76,39.42,69930
08/08/2016,39.74,40.09,39.37,39.48,70597
08/09/2016,39.4,39.85,38.46,39.31,58070
08/10/2016,39.33,39.54,38.4,38.64,100985
08/11/2016,38.73,39.06,38.42,38.52,58417
08/12/2016,38.44,38.93,38.21,38.52,48173
08/15/2016,38.81,38.91,38.64,38.69,65849
08/16/2016,38.67,38.75,37.81,37.86,59716
08/17/2016,38,38,37.37,37.78,56641
08/18/2016,37.7,38.14,37.36,37.56,83804
08/19/2016,37.61,37.92,37.04,37.35,68521
08/22/2016,37.15,38.1,37.01,38,88260
08/23/2016,38.14,38.53,38.14,38.46,49646
08/24/2016,38.42,38.42,37.66,37.95,34152
08/25/2016,37.78,38.59,37.78,38.39,50253
08/26/2016,38.46,38.65,37.72,37.92,28403
08/29/2016,38.08,38.4,37.89,38,23277
08/30/2016,38.1,38.44,37.93,38.35,27101
08/31/2016,38.45,38.48,37.67,38.1,69044
09/01/2016,38.28,38.48,37.68,38.35,34935
09/02/2016,38.6,40.08,38.43,39.05,67156
09/06/2016,39.26,39.83,38.98,39.56,62239
09/07/2016,39.67,40.23,39.32,40.04,82399
09/08/2016,40.19,40.19,39.4,39.52,43126
09/09/2016,39.23,39.23,37.96,37.96,58384
09/12/2016,37.95,38.86,37.95,38.82,66641
09/13/2016,38.76,39.08,37.99,38.01,125636
09/14/2016,38.06,38.62,37.54,37.55,37113
09/15/2016,37.67,38.43,37.55,38.33,54466
09/16/2016,38.28,38.43,37.86,38.24,110322
09/19/2016,38.24,38.87,38.19,38.79,31124
09/20/2016,39.04,39.62,38.31,38.51,22538
09/21/2016,38.74,39.28,38.22,38.99,101116
09/22/2016,39.4,40.61,39.19,40.6,64181
09/23/2016,40.43,40.55,40.05,40.27,30623
09/26/2016,39.95,40.4,39.71,39.76,32211
09/27/2016,39.74,40.16,39.51,39.75,37585
09/28/2016,39.96,40.84,39.96,40.4,35647
09/29/2016,40.21,40.47,39.72,39.72,24867
09/30/2016,40.01,40.2,39.48,40.04,46327
10/03/2016,39.87,40.08,39.54,40.05,40840
10/04/2016,39.99,40.7,39.8,40.56,144361
10/05/2016,40.75,40.75,39.84,40.29,80787
10/06/2016,40.03,40.4,39.41,39.57,69529
10/07/2016,39.69,40.06,38.59,38.63,51225
10/10/2016,38.83,39.62,38.83,39.38,80463
10/11/2016,39.43,40.17,37.99,38.14,86334
10/12/2016,38.29,39.23,38.29,38.82,60490
10/13/2016,38.45,39.04,38.05,38.94,81954
10/14/2016,39.05,39.88,38.53,38.67,112105
10/17/2016,38.55,38.87,38.19,38.69,47452
10/18/2016,39.29,39.7,38.83,39.52,37698
10/19/2016,39.7,40.25,38.83,39.84,59144
10/20/2016,39.74,40.25,39.52,40.02,43861
10/21/2016,39.56,40.29,39.15,40.25,41548
10/24/2016,40.66,41.71,40.55,41.44,117044
10/25/2016,41.48,41.48,40.29,40.43,90690
10/26/2016,40.16,40.48,39.15,39.15,37530
10/27/2016,39.42,39.65,39.1,39.15,37170
10/28/2016,39.15,40.16,38.97,39.19,45059
10/31/2016,39.33,39.88,38.92,39.84,42132
11/01/2016,39.84,39.84,38.55,38.83,46434
11/02/2016,38.65,39.24,38.62,38.97,28199
11/03/2016,38.97,39.56,38.78,38.97,48036
11/04/2016,39.06,41.48,39.06,41.12,187997
11/07/2016,41.76,43.36,41.37,43.22,126461
11/08/2016,43.27,43.27,42.31,42.54,67582
11/09/2016,41.99,44.37,41.9,44.32,75870
11/10/2016,44.92,45.83,43.87,44.87,111662
11/11/2016,45.01,45.38,43.91,45.01,137895
11/14/2016,45.56,45.88,44.74,45.01,100143
11/15/2016,44.83,45.01,43.17,43.22,104247
11/16/2016,43.17,43.4,42.53,42.67,147073
11/17/2016,42.9,43.4,42.58,43.17,122626
11/18/2016,43.21,43.92,43.17,43.49,75992
11/21/2016,43.59,44.41,43.59,44.23,81037
11/22/2016,44.6,44.69,44.05,44.46,114209
11/23/2016,44.27,44.78,43.52,44.6,109248
11/25/2016,44.73,45.29,44.73,45.15,26226
11/28/2016,45.15,45.15,44.73,44.83,190518
11/29/2016,45.01,47.26,45.01,46.07,176244
11/30/2016,46.11,46.11,44.41,45.06,252486
12/01/2016,45.24,46.98,45.12,46.8,145618
12/02/2016,46.76,48.18,46.76,48,159358
12/05/2016,48.32,49.37,47.86,49.33,117576
12/06/2016,49.46,49.6,48.96,49.1,221499
12/07/2016,49.01,50.15,49.01,50.06,100257
12/08/2016,50.11,52.04,50.06,51.39,116559
12/09/2016,51.67,51.67,50.66,50.89,73829
12/12/2016,50.61,50.61,49.24,49.88,80558
12/13/2016,49.74,51.03,49.74,50.66,154859
12/14/2016,50.66,50.75,49.37,49.46,56319
12/15/2016,49.65,50.66,49.1,49.69,135420
12/16/2016,49.97,50.61,49.37,49.74,209019
12/19/2016,49.97,50.89,49.79,50.52,60661
12/20/2016,50.8,51.53,50.52,51.44,62150
12/21/2016,51.44,51.99,51.3,51.62,49968
12/22/2016,51.3,51.58,50.7,51.03,56229
12/23/2016,51.03,51.35,50.52,51.3,46101
12/27/2016,51.53,52.27,51.53,51.81,39012
12/28/2016,52.08,52.08,51.07,51.44,48665
12/29/2016,51.44,51.99,51.07,51.49,29893
12/30/2016,51.44,52.17,51.3,51.53,44931
01/03/2017,52.04,52.17,50.85,51.44,81965
01/04/2017,51.81,52.73,51.81,52.22,95354
01/05/2017,52.17,52.77,51.62,52.08,66619
01/06/2017,52.13,52.4,51.44,51.53,71652
01/09/2017,51.58,51.67,50.84,51.12,107103
01/10/2017,51.26,52.22,50.84,51.76,88321
01/11/2017,51.72,52.04,51.14,51.26,64071
01/12/2017,51.21,51.21,50.02,50.93,62582
01/13/2017,51.07,51.53,50.38,50.8,72098
01/17/2017,50.93,50.93,50.34,50.52,66447
01/18/2017,50.84,50.84,50.02,50.2,79492
01/19/2017,50.02,50.15,48.91,48.96,63651
01/20/2017,49.05,49.79,49.05,49.51,48945
01/23/2017,49.46,49.69,48.78,49.42,42151
01/24/2017,49.65,50.11,49.37,49.83,58965
01/25/2017,50.15,51.44,50.06,51.35,97431
01/26/2017,51.16,51.72,50.93,51.12,88452
01/27/2017,51.3,51.3,50.25,50.93,44515
01/30/2017,50.48,50.7,49.79,50.48,64798
01/31/2017,50.43,51.53,50.15,51.49,58155
02/01/2017,51.53,52.05,51.44,51.71,78658
02/02/2017,51.81,51.95,50.93,51.44,55746
02/03/2017,51.9,52.4,51.53,52.13,51076
02/06/2017,52.22,53.51,52.04,52.91,96668
02/07/2017,53.23,53.51,52.63,52.77,72131
02/08/2017,52.59,52.77,51.67,52.34,108832
02/09/2017,52.5,52.63,51.72,52.27,73611
02/10/2017,52.54,54.24,52.54,52.82,140124
02/13/2017,53.05,53.83,52.96,53.74,59492
02/14/2017,53.46,53.97,53.37,53.87,72402
02/15/2017,53.83,54.29,53.46,54.01,78949
02/16/2017,53.83,54.29,53.32,53.92,76090
02/17/2017,53.97,54.98,53.69,54.88,60165
02/21/2017,55.07,55.55,54.75,55.39,47677
02/22/2017,55.48,55.8,55.16,55.53,53138
02/23/2017,55.94,56.4,55.44,56.08,82851
02/24/2017,58.19,58.19,52.86,53.74,293903
02/27/2017,53.69,54.56,52.18,53.72,173599
02/28/2017,53.41,54.24,52.68,52.82,117000
03/01/2017,53.05,54.38,53.05,53.97,102526
03/02/2017,53.87,53.92,52.4,52.59,75753
03/03/2017,52.59,52.91,52.08,52.54,57466
03/06/2017,52.29,52.29,50.96,51.05,87134
03/07/2017,50.87,51.6,50.87,51.46,52571
03/08/2017,51.46,51.97,51.1,51.42,63198
03/09/2017,50.68,51,48.84,48.98,132000
03/10/2017,49.25,51.14,48.93,50.82,105469
03/13/2017,51.05,51.23,50.63,51.16,56123
03/14/2017,51.05,51.05,50.22,50.87,60011
03/15/2017,51.14,52.2,50.96,51.79,61693
03/16/2017,51.97,52.25,51.69,52.2,34032
03/17/2017,52.25,53.26,52.1,53.08,158973
03/20/2017,53.03,53.45,52.16,52.29,31723
03/21/2017,52.43,52.43,51.28,51.33,52481
03/22/2017,51.51,51.97,50.4,51.88,116957
03/23/2017,52.02,52.94,51.69,52.8,114125
03/24/2017,52.85,52.98,51.92,52.34,41600
03/27/2017,51.51,52.29,51.28,52.16,55034
03/28/2017,51.92,53.4,51.46,53.35,47551
03/29/2017,53.21,53.4,52.66,53.17,30541
03/30/2017,53.21,54.14,53.08,53.31,120707
03/31/2017,53.21,55.24,53.12,54.78,127466
04/03/2017,54.83,54.83,52.71,52.85,77095
04/04/2017,52.8,53.45,52.66,53.31,45264
04/05/2017,53.81,53.95,52.02,52.11,57692
04/06/2017,52.02,52.39,51.28,52.06,81264
04/07/2017,51.92,52.85,51.92,52.34,62390
04/10/2017,52.39,52.85,51.51,52.11,62892
04/11/2017,52.02,53.31,51.79,53.31,41026
04/12/2017,52.98,53.03,52.02,52.48,43438
04/13/2017,52.39,52.75,51.56,51.65,28886
04/17/2017,51.74,52.62,51.74,52.62,44531
04/18/2017,52.2,53.4,52.2,53.21,71064
04/19/2017,53.4,53.86,52.98,53.31,73867
04/20/2017,53.49,54.46,52.89,54.32,69738
04/21/2017,54.18,55.15,53.91,54.97,66489
04/24/2017,55.66,56.03,54.6,54.97,47787
04/25/2017,55.29,55.56,54.69,54.69,60512
04/26/2017,54.78,56.07,54.78,55.2,56571
04/27/2017,55.29,56.3,55.29,55.52,97711
04/28/2017,55.75,55.75,54.46,54.5,41992
05/01/2017,54.83,55.24,54.69,55.06,30316
05/02/2017,55.06,55.43,54.87,55.38,46036
05/03/2017,55.15,55.61,54.32,54.37,50772
05/04/2017,54.55,54.69,53.63,54.69,42343
05/05/2017,54.69,54.69,52.75,53.31,67192
05/08/2017,53.17,53.58,52.16,53.58,46422
05/09/2017,53.63,53.72,52.52,52.8,52706
05/10/2017,52.57,52.57,51.6,52.11,67461
05/11/2017,51.69,52.43,51.19,51.26,51231
05/12/2017,51.6,51.97,50.4,50.91,67841
05/15/2017,51.03,51.68,50.43,51.35,45230
05/16/2017,51.4,51.4,50.57,50.85,49436
05/17/2017,50.61,50.85,49.4,49.82,70264
05/18/2017,49.46,49.86,48.82,49.58,68743
05/19/2017,49.55,50.38,49.41,49.83,57522
05/22/2017,49.92,50.38,49.46,50.15,51292
05/23/2017,50.38,50.48,49.92,50.29,36772
05/24/2017,50.43,51.26,49.97,50.15,36710
05/25/2017,50.38,50.48,49.55,50.15,38715
05/26/2017,50.11,51.49,49.97,51.08,58254
05/30/2017,50.85,50.85,49.74,49.88,77822
05/31/2017,50.01,50.06,48.77,49.09,85606
06/01/2017,49.41,50.38,49.18,49.83,94444
06/02/2017,50.01,51.31,50.01,50.38,57091
06/05/2017,50.43,50.43,49.14,49.14,41161
06/06/2017,49,49.92,48.72,49.74,55368
06/07/2017,49.78,50.15,49.37,49.92,43125
06/08/2017,49.69,50.48,49.51,50.15,50269
06/09/2017,50.07,51.38,49.97,50.9,44730
06/12/2017,51.04,51.5,50.43,50.94,50277
06/13/2017,51.08,51.35,50.57,50.89,30584
06/14/2017,51.08,51.08,50.11,50.43,39962
06/15/2017,49.88,50.75,49.41,50.48,39867
06/16/2017,49.92,50.62,49.92,50.57,90334
06/19/2017,50.71,50.8,49.97,50.75,33873
06/20/2017,50.43,50.99,50.43,50.52,30999
06/21/2017,50.8,50.99,50.38,50.85,26973
06/22/2017,50.8,51.56,50.8,51.35,48974
06/23/2017,51.49,52.51,51.26,52.23,80293
06/26/2017,52.19,53.25,52.14,52.83,36791
06/27/2017,52.88,52.88,51.86,52.46,74306
06/28/2017,52.74,53.94,52.74,53.71,67630
06/29/2017,53.71,53.71,52.97,53.34,53721
06/30/2017,51.54,51.86,50.38,51.77,122302
07/03/2017,51.86,52.65,51.77,52.33,34271
07/05/2017,52.33,52.56,51.79,52.46,51624
07/06/2017,52.14,52.6,51.77,52.28,56908
07/07/2017,52.23,52.74,52.09,52.65,77672
07/10/2017,52.37,52.83,52.14,52.28,55646
07/11/2017,52.33,52.46,51.96,52.33,85113
07/12/2017,52.7,53.43,52.51,52.93,26226
07/13/2017,52.88,53.02,52.28,52.56,59984
07/14/2017,52.51,53.11,52.37,52.79,37906
07/17/2017,53.02,53.11,52.51,52.86,66495
07/18/2017,52.6,53.48,52.56,53.16,46730
07/19/2017,53.11,54.91,53.02,54.27,112667
07/20/2017,54.31,54.5,53.62,54.17,40753
07/21/2017,54.64,54.64,53.71,53.76,51546
07/24/2017,53.71,53.99,53.39,53.67,87780
07/25/2017,53.85,54.27,53.48,53.76,152165
07/26/2017,53.8,53.99,53.48,53.67,102394
07/27/2017,53.9,55.47,53.48,53.94,84579
07/28/2017,53.85,54.91,53.07,53.67,39783
07/31/2017,53.62,53.99,53.16,53.85,43015
08/01/2017,53.94,54.73,53.48,54.59,42857
08/02/2017,54.45,54.82,54.31,54.64,81784
08/03/2017,54.64,55.15,54.27,54.64,63658
08/04/2017,55.47,61.11,55.33,59.68,115576
08/07/2017,57.32,58.94,56.72,56.9,94523
08/08/2017,56.76,57.64,56.49,57.36,59004
08/09/2017,57.27,58.47,56.62,57.55,68310
08/10/2017,57.23,57.92,56.25,56.3,68310
08/11/2017,55.52,56.39,54.59,55.52,100991
08/14/2017,55.91,57.07,55.77,56.98,74127
08/15/2017,56.61,56.61,55.96,56.15,42120
08/16/2017,56.28,57.07,56.01,56.38,55432
08/17/2017,56.1,56.52,54.57,54.57,51875
08/18/2017,54.01,55.08,53.73,54.29,52903
08/21/2017,54.24,55.36,54.15,55.13,39134
08/22/2017,55.08,55.64,54.66,55.5,37172
08/23/2017,55.31,55.64,55.03,55.54,23455
08/24/2017,55.5,55.64,55.26,55.54,16432
08/25/2017,55.77,55.96,54.85,54.96,37159
08/28/2017,55.17,55.36,54.98,55.36,39807
08/29/2017,55.08,55.68,54.62,55.13,40150
08/30/2017,55.64,56.93,55.45,56.93,87727
08/31/2017,57.07,57.77,56.7,56.79,58821
09/01/2017,56.89,58.7,56.84,58.7,64297
09/05/2017,58.56,59.58,57.03,57.17,53978
09/06/2017,57.3,58.31,56.47,56.7,63464
09/07/2017,56.93,56.98,55.59,56.05,52393
09/08/2017,55.91,56.7,55.68,56.15,62802
09/11/2017,56.19,56.89,55.73,56.89,38743
09/12/2017,56.94,57.56,56.52,56.98,41429
09/13/2017,57.03,57.21,55.77,56.56,71695
09/14/2017,56.28,56.89,55.64,56.61,48540
09/15/2017,56.7,56.7,55.64,56.7,113322
09/18/2017,56.79,57.21,55.59,55.87,84412
09/19/2017,56.15,56.93,55.73,55.96,44663
09/20/2017,56.28,56.75,56.01,56.28,41973
09/21/2017,56.33,57.12,55.91,57.12,55085
09/22/2017,57.03,57.63,56.98,57.4,44685
09/25/2017,57.35,57.81,57.07,57.63,65191
09/26/2017,57.86,58.23,57.26,57.35,57738
09/27/2017,57.58,59.21,57.4,58.51,94421
09/28/2017,59.39,59.76,57.77,59.72,77010
09/29/2017,59.8,60.24,58.83,58.88,69897
10/02/2017,58.65,59.53,58.51,59.46,50714
10/03/2017,59.44,60.04,59.07,59.72,59080
10/04/2017,59.76,60.78,59.39,60.46,45705
10/05/2017,60.46,60.87,60.23,60.46,31015
10/06/2017,60.41,60.59,59.81,60.09,59762
10/09/2017,60.04,61.01,60.04,60.92,28031
10/10/2017,61.15,61.66,60.78,60.97,50338
10/11/2017,60.74,61.11,60.74,60.92,48184
10/12/2017,60.83,61.01,60.69,60.92,50143
10/13/2017,61.01,61.58,60.87,60.97,56452
10/16/2017,61.01,61.62,60.97,61.29,80935
10/17/2017,61.29,62.36,61.15,62.13,54943
10/18/2017,62.31,62.45,62.03,62.03,51251
10/19/2017,61.85,62.17,61.38,62.13,29367
10/20/2017,62.54,62.54,61.37,62.08,44344
10/23/2017,62.22,62.27,61.57,61.71,22971
10/24/2017,61.89,62.13,60.87,61.57,31071
10/25/2017,61.71,62.27,61.25,62.13,39100
10/26/2017,62.54,62.59,61.76,62.27,49195
10/27/2017,62.22,62.59,61.94,62.31,35657
10/30/2017,62.13,62.13,60.87,61.43,46116
10/31/2017,61.52,61.94,61.43,61.71,81394
11/01/2017,62.08,62.08,61.06,62.03,48742
11/02/2017,61.71,62.08,60.27,61.89,158359
11/03/2017,56.1,56.33,47.38,48.5,755977
11/06/2017,49.05,50.4,48.91,49.65,304855
11/07/2017,49.79,51.23,49.75,50.44,304590
11/08/2017,50.35,51.18,48.48,49.19,213596
11/09/2017,48.87,50.56,48.87,50.31,217222
11/10/2017,50.54,51.46,50.3,50.54,105964
11/13/2017,50.54,50.54,49.24,50.07,75807
11/14/2017,49.82,50.1,49.17,49.36,82709
11/15/2017,48.98,49.12,48.47,48.94,151103
11/16/2017,49.03,49.73,48.33,49.17,112301
11/17/2017,48.75,48.89,47.26,47.63,231936
11/20/2017,47.73,49.63,47.59,49.59,210277
11/21/2017,49.96,50.98,49.08,49.31,163890
11/22/2017,49.26,49.36,48.84,48.94,93117
11/24/2017,49.03,49.63,48.73,48.75,42416
11/27/2017,49.03,49.82,48.33,48.56,87625
11/28/2017,48.52,49.4,48.29,49.36,72057
11/29/2017,49.26,50.24,49.22,49.36,90097
11/30/2017,49.68,50.15,48.99,49.68,82944
12/01/2017,49.87,49.87,48.29,49.5,105429
12/04/2017,49.87,49.96,48.33,48.61,69844
12/05/2017,48.66,49.4,48.43,48.94,122920
12/06/2017,48.98,49.26,48.52,49.26,66029
12/07/2017,49.5,50.47,49.5,49.89,61482
12/08/2017,50.1,50.41,49.64,49.96,51632
12/11/2017,50.05,50.43,49.4,49.59,100520
12/12/2017,49.4,49.77,48.84,48.94,60100
12/13/2017,48.75,49.36,47.91,48.01,98426
12/14/2017,48.01,48.33,46.42,47.22,106138
12/15/2017,46.7,46.7,42.38,43.35,852918
12/18/2017,43.63,45.22,43.61,44.47,214383
12/19/2017,44.51,44.64,43.24,43.31,232264
12/20/2017,43.49,44.56,43.31,44.33,98126
12/21/2017,44.42,44.47,43.08,43.08,145796
12/22/2017,44.57,46.59,44.29,45.24,198436
12/26/2017,45.22,45.63,44.7,45.4,97626
12/27/2017,45.59,45.96,44.29,44.75,97426
12/28/2017,44.7,45.35,44.33,44.98,73783
12/29/2017,45.26,45.59,44.61,45.03,74819
01/02/2018,45.17,45.45,44.18,45.08,104784
01/03/2018,44.89,45.63,44.42,44.61,115994
01/04/2018,44.75,44.75,43.77,44.05,119345
01/05/2018,44.15,44.47,43.77,43.82,79255
01/08/2018,43.73,44.82,43.5,44.38,187737
01/09/2018,44.47,45.45,44.15,44.89,209787
01/10/2018,44.94,44.98,44.38,44.66,303430
01/11/2018,44.7,46.15,44.7,45.66,88216
01/12/2018,45.31,45.82,44.98,45.59,65679
01/16/2018,46.01,46.52,45.82,46.1,107569
01/17/2018,46.05,46.33,45.73,46.15,98692
01/18/2018,45.96,46.38,45.73,46.08,142412
01/19/2018,45.96,46.38,45.75,46.19,208101
01/22/2018,46.19,46.94,45.73,45.96,67817
01/23/2018,45.96,46.61,45.82,46.61,81585
01/24/2018,46.47,47.36,46.01,46.29,92562
01/25/2018,46.2,46.82,45.59,46.1,186615
01/26/2018,46.1,46.47,45.31,45.49,109837
01/29/2018,45.54,45.96,44.89,45.73,124594
01/30/2018,45.64,45.89,45.41,45.78,110172
01/31/2018,46.05,46.05,45.49,45.87,87124
02/01/2018,45.82,46.01,45.08,45.87,136138
02/02/2018,45.77,45.77,45.08,45.35,181914
02/05/2018,44.98,45.35,42.8,43.35,197004
02/06/2018,42.61,43.96,42.05,43.73,116027
02/07/2018,43.64,44.19,43.08,43.22,123698
02/08/2018,43.35,43.54,42.24,42.28,93116
02/09/2018,42.8,42.98,41.63,42.47,143372
02/12/2018,42.66,43.22,40.8,42.98,156021
02/13/2018,42.75,42.75,41.87,42.24,115297
02/14/2018,41.91,44.24,41.73,44.1,134971
02/15/2018,45.35,46.33,44.24,46.1,173844
02/16/2018,45.87,46.84,45.82,46.49,92711
02/20/2018,47.08,47.4,46.89,47.05,189672
02/21/2018,46.93,47.79,46.8,46.98,155487
02/22/2018,47.31,47.73,46.89,46.94,81447
02/23/2018,49.36,52.01,48.61,51.03,237488
02/26/2018,50.7,51.54,50.1,51.4,133978
02/27/2018,51.31,52.05,50.7,51.73,136819
02/28/2018,51.87,52.1,50.75,51.54,182558
03/01/2018,51.31,52.1,51.12,51.63,168299
03/02/2018,51.5,53.4,51.25,52.52,106557
03/05/2018,52.19,53.08,52.19,52.7,87748
03/06/2018,52.99,53.12,52.38,52.8,107201
03/07/2018,52.56,53.22,52.34,52.89,133518
03/08/2018,52.98,53.78,52.42,52.8,295067
03/09/2018,53.03,54.29,52.61,54.15,93279
03/12/2018,54.29,55.97,54.29,55.69,93721
03/13/2018,55.79,56.81,55.7,56.21,95518
03/14/2018,56.49,56.81,55.94,56.16,96086
03/15/2018,56.58,57.2,55.97,56.3,79252
03/16/2018,56.16,57.05,55.74,56.81,170571
03/19/2018,56.76,56.83,55.27,55.83,76234
03/20/2018,55.79,56.25,55.27,55.74,106515
03/21/2018,55.88,56.25,55.23,55.32,93894
03/22/2018,54.9,55.37,54.43,54.43,116403
03/23/2018,54.39,54.57,52.99,52.99,85984
03/26/2018,53.83,54.99,53.5,54.85,77020
03/27/2018,55.09,56.02,54.34,55.09,146600
03/28/2018,55.27,56.49,55.18,56.21,67846
03/29/2018,56.39,57.19,56.07,56.39,111641
04/02/2018,56.21,56.53,54.85,55.51,73875
04/03/2018,55.79,55.88,54.53,55.51,204006
04/04/2018,54.9,56.65,54.58,56.44,95550
04/05/2018,56.82,56.92,55.98,56.35,71434
04/06/2018,56.07,56.3,55.23,55.32,79381
04/09/2018,55.55,55.83,54.99,55.13,81444
04/10/2018,54.62,55.65,54.48,55.32,168815
04/11/2018,55.18,55.79,54.67,54.71,103916
04/12/2018,54.9,54.9,54.11,54.29,92711
04/13/2018,54.34,54.43,53.17,53.87,242819
04/16/2018,54.01,54.2,53.48,53.78,92272
04/17/2018,54.25,54.76,53.87,54.29,140721
04/18/2018,54.43,54.62,53.97,54.11,77161
04/19/2018,54.15,54.39,53.4,53.45,72454
04/20/2018,53.31,53.87,53.08,53.17,56831
04/23/2018,53.27,53.39,52.38,52.48,62453
04/24/2018,52.66,52.69,51.63,51.89,95959
04/25/2018,51.68,52.19,50.51,50.6,87117
04/26/2018,50.65,50.84,50.09,50.28,67554
04/27/2018,50.46,50.93,50.16,50.65,84511
04/30/2018,50.84,51.52,50.52,50.61,57574
05/01/2018,50.42,50.84,50.18,50.7,102845
05/02/2018,50.65,50.88,50.28,50.42,80688
05/03/2018,50.32,50.32,49.58,49.81,81680
05/04/2018,50.28,50.65,49.95,50.46,99995
05/07/2018,50.7,50.93,50.42,50.74,143139
05/08/2018,50.51,50.6,50.09,50.51,125987
05/09/2018,50.74,50.74,50.04,50.28,84921
05/10/2018,50.23,50.42,49.62,49.72,62481
05/11/2018,49.81,50.42,49.44,49.62,63389
05/14/2018,49.67,50,49.44,49.44,79881
05/15/2018,49.25,49.86,48.87,49.72,159307
05/16/2018,49.34,49.86,49.34,49.48,96319
05/17/2018,49.44,49.81,49.25,49.44,83015
05/18/2018,49.72,49.95,49.53,49.95,76439
05/21/2018,49.95,50.61,49.81,50.56,71011
05/22/2018,50.42,50.51,49.76,50.23,129542
05/23/2018,50.14,51.22,50.09,50.98,131129
05/24/2018,50.8,50.89,50.14,50.51,60525
05/25/2018,50.42,50.66,50.05,50.23,56727
05/29/2018,49.91,49.95,49.16,49.16,77799
05/30/2018,49.3,50.23,49.2,49.95,133205
05/31/2018,49.86,49.86,48.55,48.78,114130
06/01/2018,48.92,49.25,47.8,48.87,142289
06/04/2018,49.02,50.23,48.83,50.09,133939
06/05/2018,49.86,50.75,49.82,50.75,127291
06/06/2018,50.71,51.39,50.66,51.32,104251
06/07/2018,51.4,51.55,50.09,50.56,62226
06/08/2018,50.66,50.84,50.47,50.56,82291
06/11/2018,50.7,51.08,50.51,51.03,102126
06/12/2018,50.94,51.26,50.56,51.08,140516
06/13/2018,51.08,51.4,50.47,50.66,64593
06/14/2018,50.84,51.22,50.66,51.17,94261
06/15/2018,51.08,51.22,50.7,51.03,121713
06/18/2018,51.08,51.83,50.84,51.36,107416
06/19/2018,51.12,52.3,50.84,52.25,175679
06/20/2018,52.34,52.72,51.92,51.97,71796
06/21/2018,52.06,52.06,51.31,51.5,56438
06/22/2018,51.59,51.69,51.17,51.64,124283
06/25/2018,51.64,51.64,50.14,50.28,69645
06/26/2018,50.37,50.51,49.91,50.28,109030
06/27/2018,50.42,50.42,49.48,49.53,52927
06/28/2018,49.34,49.62,48.87,49.2,55156
06/29/2018,49.06,49.44,48.79,49.16,57296
07/02/2018,49.16,49.39,48.45,49.25,117657
07/03/2018,49.48,50.75,49.3,50.61,95190
07/05/2018,50.84,51.08,50.42,50.98,82427
07/06/2018,52.2,53,51.12,51.69,88061
07/09/2018,51.88,52.04,51.41,51.6,91755
07/10/2018,51.97,53.14,51.59,52.48,215974
07/11/2018,52.44,53.09,52.3,52.39,64751
07/12/2018,52.76,52.95,52.39,52.81,80992
07/13/2018,52.53,53.2,52.49,52.53,60191
07/16/2018,52.58,52.76,51.36,51.55,61351
07/17/2018,51.59,51.73,51.17,51.55,109376
07/18/2018,51.4,51.83,51.05,51.59,93273
07/19/2018,51.69,52.58,51.69,52.39,75056
07/20/2018,52.53,52.72,52.01,52.11,41920
07/23/2018,52.11,52.11,50.84,51.03,107029
07/24/2018,51.08,51.5,50.14,50.37,103684
07/25/2018,50.28,50.37,48.73,48.92,111637
07/26/2018,49.02,49.62,48.87,48.97,145871
07/27/2018,49.02,49.11,47.28,47.42,57536
07/30/2018,47.56,48.03,47.19,47.61,72684
07/31/2018,47.8,47.94,47.38,47.61,98024
08/01/2018,47.7,48.22,46.16,46.3,73938
08/02/2018,46.2,46.25,45.5,45.92,103675
08/03/2018,46.91,48.03,46.53,47.14,194517
08/06/2018,46.91,47.38,46.16,46.25,77296
08/07/2018,46.25,47.14,45.83,46.44,248512
08/08/2018,46.53,47.05,46.34,46.86,124890
08/09/2018,47,47.7,46.63,47.47,370672
08/10/2018,47.14,47.14,43.16,45.5,246339
08/13/2018,45.41,45.88,45.22,45.59,185967
08/14/2018,45.69,46.21,45.31,45.92,86015
08/15/2018,45.69,46.07,45.17,45.22,56305
08/16/2018,45.31,46.91,44.94,45.92,225346
08/17/2018,45.83,46.25,45.45,46.07,61305
08/20/2018,46.02,46.16,45.59,45.97,60202
08/21/2018,45.88,46.3,45.83,45.92,58015
08/22/2018,45.78,46.35,45.31,46.35,59108
08/23/2018,46.16,46.63,45.97,46.39,43154
08/24/2018,46.44,47.05,46.21,46.58,85168
08/27/2018,46.68,47.38,46.63,47.01,68266
08/28/2018,47.1,47.15,46.82,47.05,34062
08/29/2018,47.15,47.38,46.63,46.87,70618
08/30/2018,46.87,47.34,46.63,47.05,102427
08/31/2018,46.96,47.1,45.97,46.35,92583
09/04/2018,46.16,46.54,45.27,45.69,149385
09/05/2018,45.59,46.21,45.5,45.74,58051
09/06/2018,45.83,46.49,45.17,45.45,84356
09/07/2018,45.41,45.95,44.85,45.22,85333
09/10/2018,45.31,45.31,44.7,45.12,74596
09/11/2018,44.89,44.89,43.76,44.7,122734
09/12/2018,44.7,44.7,42.87,43.24,240533
09/13/2018,43.43,44.37,43.19,43.27,185343
09/14/2018,43.38,44.37,43.1,43.34,231266
09/17/2018,43.38,43.39,41.64,41.83,192651
09/18/2018,41.97,42.16,41.5,41.69,117729
09/19/2018,41.41,41.5,40.61,40.89,135859
09/20/2018,41.17,43.1,40.75,42.21,144658
09/21/2018,42.16,42.35,40.8,41.08,175109
09/24/2018,40.89,40.89,40,40.56,100581
09/25/2018,40.61,41.08,40.47,40.54,81043
09/26/2018,40.7,40.75,40.28,40.32,53181
09/27/2018,40.37,41.41,40.07,41.22,94722
09/28/2018,41.22,41.78,40.89,41.78,66349
10/01/2018,41.9,41.94,41.1,41.12,161184
10/02/2018,41.03,41.53,40.74,41.03,93523
10/03/2018,41.1,41.88,41.03,41.27,76768
10/04/2018,41.16,41.16,40.59,40.98,85221
10/05/2018,40.97,41.06,39.72,39.98,86384
10/08/2018,39.87,40.47,39.87,40.16,60177
10/09/2018,40.07,40.12,39.58,39.62,83366
10/10/2018,39.55,40.14,38.35,38.37,82407
10/11/2018,38.27,38.73,37.49,37.52,154344
10/12/2018,38.09,38.29,36.69,36.74,90238
10/15/2018,36.56,38.45,36.56,37.94,133008
10/16/2018,38.2,39.2,37.41,39.14,65909
10/17/2018,39.24,39.68,38.3,38.81,44473
10/18/2018,38.53,38.89,37.73,38.13,53352
10/19/2018,38.14,38.7,37.9,38.12,65958
10/22/2018,38.17,38.99,37.8,37.9,65861
10/23/2018,37.33,37.72,36.72,37.17,108559
10/24/2018,37.08,37.54,35.42,35.51,115681
10/25/2018,35.86,36.82,35.48,36.53,123597
10/26/2018,36.07,36.33,35.29,35.55,84467
10/29/2018,35.97,36.48,35.22,35.59,62708
10/30/2018,35.64,36.03,35.21,35.67,73345
10/31/2018,36.13,36.13,35,35.19,96595
11/01/2018,35.37,38.11,35.37,37.6,195233
11/02/2018,35.77,36.83,32.77,33.1,348226
11/05/2018,32.69,33.7,31.82,32.37,197097
11/06/2018,32.15,32.26,31.55,32.1,170778
11/07/2018,32.16,32.87,31.71,32.06,143228
11/08/2018,32.03,32.31,31.31,31.54,83542
11/09/2018,31.11,31.71,30.33,30.69,123909
11/12/2018,30.65,30.84,30.26,30.45,95021
11/13/2018,30.51,30.92,30.02,30.28,100637
11/14/2018,30.48,30.74,29.21,29.45,100417
11/15/2018,29.34,29.34,28.47,28.88,112555
11/16/2018,28.65,28.87,28.15,28.67,223618
11/19/2018,29.74,30.26,28.98,29.1,208606
11/20/2018,28.84,30.11,28.46,29.8,195972
11/21/2018,30.01,31.81,30.01,31.45,165867
11/23/2018,31.09,31.27,29.83,29.84,76020
11/26/2018,30.18,31.63,30.18,31.54,149620
11/27/2018,31.48,31.77,31.09,31.5,109916
11/28/2018,31.54,31.74,30.39,31.66,172121
11/29/2018,31.43,32.25,31.01,31.99,190763
11/30/2018,32.05,32.09,30.98,31.19,149537
12/03/2018,31.62,31.62,30.47,31.51,143567
12/04/2018,31.48,31.53,30.12,30.21,323909
12/06/2018,29.89,30.83,29.56,30.23,157149
12/07/2018,30.32,30.42,28.85,29.13,139600
12/10/2018,29.3,29.73,28.56,29.03,120790
12/11/2018,29.5,29.79,28.28,28.6,273688
12/12/2018,28.84,29.85,28.67,29.14,129341
12/13/2018,29.14,29.51,28.55,28.66,98147
12/14/2018,28.49,28.88,27.81,28.06,160534
12/17/2018,27.88,28.06,26.71,27.37,309448
12/18/2018,27.63,28.53,27.28,27.59,240512
12/19/2018,27.55,28.7,26.81,26.96,206691
12/20/2018,26.81,27.56,26.36,26.73,150200
12/21/2018,26.81,27.63,26.78,27.57,404478
12/24/2018,27.4,27.57,26.39,27.37,106682
12/26/2018,27.5,28.48,26.8,28.44,153008
12/27/2018,27.95,29.35,27.76,29.35,182408
12/28/2018,29.43,30.06,29,29.24,142724
12/31/2018,29.56,29.56,28.31,29.1,135096
01/02/2019,28.65,29.88,28.63,29.68,120631
01/03/2019,29.47,30.41,28.95,29.57,135836
01/04/2019,29.82,30.85,29.8,30.72,94468
01/07/2019,30.72,31.7,29.98,31.55,222368
01/08/2019,31.91,32.97,31.05,32.76,138205
01/09/2019,32.91,33.31,32.28,33.2,120878
01/10/2019,33.11,33.6,32.52,33.54,122203
01/11/2019,33.44,34.5,32.92,34.37,150479
01/14/2019,34.28,35.59,34.21,34.59,164578
01/15/2019,34.69,35.17,34.43,34.63,119550
01/16/2019,34.83,35.27,34.1,35.23,91603
01/17/2019,35.17,35.79,35.17,35.7,103664
01/18/2019,35.87,36.84,35.8,36.55,93437
01/22/2019,36.48,37.47,36.03,37.3,244001
01/23/2019,37.41,37.55,35.05,35.41,151222
01/24/2019,35.24,36.38,34.31,35.34,114296
01/25/2019,35.53,36.43,35.08,36.36,84177
01/28/2019,36.12,36.8,35.67,36.7,68923
01/29/2019,36.76,36.95,36.4,36.76,64111
01/30/2019,36.74,37.47,36.2,37.2,183504
01/31/2019,37.22,39.68,36.97,39.52,317157
02/01/2019,39.49,40.03,39.02,39.2,378269
02/04/2019,39.2,39.2,37.51,38.02,277643
02/05/2019,38.02,38.6,37.74,38.55,86276
02/06/2019,38.55,38.56,37.76,37.85,89184
02/07/2019,37.75,37.75,37.24,37.52,132691
02/08/2019,37.28,37.85,37.28,37.46,92872
02/11/2019,37.56,37.77,37.05,37.58,83478
02/12/2019,37.86,38.47,37.8,37.96,42065
02/13/2019,38.04,38.38,37.64,38.08,52046
02/14/2019,37.97,38.37,37.8,38.09,105470
02/15/2019,38.39,38.85,38.24,38.63,67646
02/19/2019,38.58,38.76,37.81,38.3,162652
02/20/2019,38.16,38.57,38.12,38.44,110830
02/21/2019,37.04,38.35,35,38.21,158609
02/22/2019,38.27,38.99,36.87,37.97,135150
02/25/2019,38.11,39.13,38.05,38.58,96677
02/26/2019,38.39,38.44,36.9,36.95,210520
02/27/2019,36.77,37.22,36.47,37.19,92772
02/28/2019,37.07,37.51,36.97,37.14,44455
03/01/2019,37.35,37.35,36.78,37.15,57839
03/04/2019,37.3,37.47,36.6,37.08,53084
03/05/2019,37.04,37.28,36.84,36.99,55238
03/06/2019,36.94,37.32,36.44,36.9,105166
03/07/2019,36.85,37.51,36.17,36.91,146979
03/08/2019,36.64,37.5,36.64,37.38,93360
03/11/2019,37.47,38.19,37.28,38.17,105562
03/12/2019,38.17,38.39,37.45,37.57,88708
03/13/2019,37.51,37.65,36.85,36.93,132030
03/14/2019,36.91,37.01,36,36.41,193239
03/15/2019,36.61,36.81,36.14,36.27,277538
03/18/2019,36.57,37.49,36.05,37.14,178709
03/19/2019,37.38,37.38,36.28,36.3,46876
03/20/2019,36.21,36.41,35.34,35.36,130414
03/21/2019,35.24,36.18,35.22,35.62,159323
03/22/2019,35.35,35.61,34.62,35.06,173682
03/25/2019,35.08,35.94,34.68,35.64,74497
03/26/2019,35.68,36.29,35.6,36.03,54679
03/27/2019,35.95,36.52,35.69,36.24,57121
03/28/2019,36.21,36.8,35.94,36.74,116119
03/29/2019,36.88,36.95,36.14,36.7,75570
04/01/2019,36.86,37.67,36.85,37.6,79553
04/02/2019,37.66,38.15,37.32,37.85,53321
04/03/2019,38.09,38.74,38.09,38.33,38893
04/04/2019,38.54,38.93,38.36,38.81,59628
04/05/2019,39.02,39.43,38.44,39.43,59216
04/08/2019,39.19,39.58,38.84,39.11,59688
04/09/2019,38.83,39.39,37.93,38.06,54647
04/10/2019,38.4,39.46,38.28,39.31,107656
04/11/2019,39.48,39.49,38.97,39.19,52142
04/12/2019,39.38,39.42,38.89,39.38,44820
04/15/2019,39.49,39.49,38.55,38.79,48961
04/16/2019,38.93,38.98,38.34,38.48,51369
04/17/2019,38.66,38.72,37.88,38.32,128354
04/18/2019,38.24,39.25,38.24,39,75897
04/22/2019,39.09,39.14,38.1,38.31,115507
04/23/2019,38.55,39.73,38.11,39.59,93784
04/24/2019,39.59,40.89,39.51,40.63,79025
04/25/2019,40.46,40.77,39.79,40.45,68399
04/26/2019,40.34,41.39,40.34,41.18,52839
04/29/2019,41.04,41.89,40.97,41.82,84694
04/30/2019,41.91,42.04,40.79,41.24,77319
05/01/2019,41.23,41.61,40.33,40.54,152823
05/02/2019,40.19,40.82,38.95,39.56,227236
05/03/2019,38.84,39.03,35.93,38.09,585516
05/06/2019,37.4,39.19,37.04,37.15,261885
05/07/2019,36.84,37,35.89,36.69,129076
05/08/2019,36.75,37.5,36.75,37.12,70824
05/09/2019,36.77,37,35.68,35.78,110579
05/10/2019,35.56,35.92,35.34,35.53,104492
05/13/2019,35.11,35.54,34.67,35.39,136551
05/14/2019,35.55,35.8,34.75,34.93,180230
05/15/2019,34.63,34.83,33.15,33.18,276915
05/16/2019,33.28,33.57,32.63,32.78,368164
05/17/2019,32.59,32.59,31.72,32.08,211323
05/20/2019,31.89,31.89,31.34,31.48,136856
05/21/2019,31.66,32.38,31.59,32.28,121628
05/22/2019,32.11,32.25,30.66,30.82,314179
05/23/2019,30.25,30.63,29.58,30.18,241753
05/24/2019,30.37,30.86,30.33,30.75,178750
05/28/2019,30.75,31.19,30.41,30.44,151768
05/29/2019,29.92,30.2,28.83,29.09,87808
05/30/2019,28.94,29.31,28.8,28.92,153585
05/31/2019,28.63,28.79,28.15,28.36,147244
06/03/2019,28.37,29.05,28.37,28.92,241733
06/04/2019,29.19,29.65,28.8,29.58,239470
06/05/2019,29.6,29.93,28.72,29.1,154265
06/06/2019,30.16,31.63,29.73,29.88,307266
06/07/2019,29.93,31.02,29.82,30.76,541682
06/10/2019,30.79,31.11,30.08,30.38,163782
06/11/2019,30.92,31.61,30.48,30.69,242999
06/12/2019,30.69,31.16,30.28,30.68,245736
06/13/2019,30.87,31.33,30.59,31.09,165173
06/14/2019,31.11,31.11,30.16,30.26,141738
06/17/2019,30.69,31.37,30.47,30.6,170356
06/18/2019,30.81,31.49,30.8,31.06,295767
06/19/2019,30.99,31.01,30.49,30.65,117090
06/20/2019,30.92,30.92,29.4,29.86,310629
06/21/2019,29.69,30.01,29.47,29.49,426439
06/24/2019,29.48,29.81,28.69,28.69,161233
06/25/2019,28.79,28.81,27.46,27.49,120977
06/26/2019,27.49,28.02,27.43,27.88,133460
06/27/2019,27.94,28.74,27.92,28.71,220575
06/28/2019,28.94,29.88,28.63,29.46,316982
07/01/2019,29.85,30.08,29.38,29.4,161531
07/02/2019,29.42,29.66,29.05,29.41,96462
07/03/2019,29.54,30.04,29.46,29.99,81939
07/05/2019,30,30.36,29.69,30.35,123257
07/08/2019,30.77,31.13,30.25,31.03,190286
07/09/2019,30.92,31.24,30.73,31.06,97361
07/10/2019,31.16,31.16,30.12,30.35,105306
07/11/2019,30.36,30.36,28.18,29.12,401908
07/12/2019,29.08,29.63,28.9,29.33,234690
07/15/2019,29.49,29.62,28,28.67,232839
07/16/2019,28.65,29.48,28.6,28.97,139613
07/17/2019,29.01,29.03,28.42,28.6,90835
07/18/2019,28.6,28.6,27.95,28.13,68833
07/19/2019,28.1,28.35,27.47,27.61,153271
07/22/2019,27.66,28.06,27.42,27.89,578734
07/23/2019,27.87,28.39,27.86,28.19,567812
07/24/2019,28.25,29.4,28.06,29.34,529046
07/25/2019,29.43,29.8,28.28,28.55,126428
07/26/2019,28.77,28.91,28.37,28.77,98828
07/29/2019,28.86,28.99,28,28.18,129653
07/30/2019,27.91,28.61,27.91,28.54,90787
07/31/2019,28.45,28.71,27.67,27.84,174852
08/01/2019,27.94,28.13,27.54,27.64,393824
08/02/2019,27,27.27,24.59,27.04,423999
08/05/2019,26.28,26.87,25.72,26.07,209730
08/06/2019,25.49,26.22,24.83,25.95,331673
08/07/2019,25.63,26.29,25.47,25.97,559160
08/08/2019,26.24,26.42,25.69,26.29,184014
08/09/2019,26.19,26.26,25.61,25.71,112586
08/12/2019,25.57,25.72,25.15,25.46,100237
08/13/2019,25.4,25.82,25.29,25.46,89987
08/14/2019,25.15,25.19,24.4,24.87,519510
08/15/2019,24.99,25.09,24.33,24.72,265402
08/16/2019,24.86,25.44,24.8,25.17,136046
08/19/2019,25.5,25.9,25.3,25.43,133728
08/20/2019,25.34,25.81,25.11,25.7,272099
08/21/2019,27.62,27.78,25.97,26.16,310784
08/22/2019,26.25,26.41,25.99,25.99,336310
08/23/2019,25.92,25.98,25.22,25.26,241388
08/26/2019,25.47,25.67,25.27,25.6,120763
08/27/2019,25.76,25.76,24.77,24.78,90165
08/28/2019,24.73,25.55,24.63,25.36,71748
08/29/2019,25.16,25.72,24.68,24.71,139380
08/30/2019,24.71,25.14,24.64,24.76,54516
09/03/2019,24.52,24.85,23.81,24.09,121061
09/04/2019,24.23,24.37,24.1,24.3,84491
09/05/2019,24.51,25.36,24.32,24.77,101405
09/06/2019,24.88,24.93,24.44,24.91,67786
09/09/2019,24.89,25.72,24.89,25.6,101079
09/10/2019,25.47,26.57,25.47,26.45,123728
09/11/2019,26.37,27.14,26.19,27.03,138823
09/12/2019,27.19,27.19,26.1,26.13,71456
09/13/2019,26.13,26.6,26.06,26.32,115798
09/16/2019,27.2,27.83,27.07,27.22,187431
09/17/2019,27.1,27.3,26.66,27.1,119056
09/18/2019,27.2,27.22,26.46,26.71,127473
09/19/2019,26.96,27.37,26.69,27.25,184097
09/20/2019,27.26,27.57,27.03,27.45,244638
09/23/2019,27.48,27.81,27.38,27.78,116480
09/24/2019,28,28.23,27.55,27.96,270481
09/25/2019,27.97,28.59,27.69,28.52,184477
09/26/2019,28.59,29.97,28.48,29.74,327521
09/27/2019,29.78,30.89,29.73,30.85,268572
09/30/2019,30.8,31.35,30.53,31.04,302910
10/01/2019,31.14,31.34,29.86,30.29,228583
10/02/2019,30.02,30.12,29.05,29.99,228176
10/03/2019,29.96,29.96,28.55,29.02,127903
10/04/2019,29.14,29.4,28.63,29.38,111468
10/07/2019,29.27,29.67,28.97,29.57,91474
10/08/2019,29.27,30.08,29.18,29.68,103248
10/09/2019,29.82,29.82,29.25,29.36,83993
10/10/2019,29.47,29.8,29.08,29.54,95606
10/11/2019,29.96,30.53,29.85,29.95,79671
10/14/2019,29.82,29.96,29.26,29.93,105766
10/15/2019,29.77,30.39,29.7,30.21,86669
10/16/2019,30.16,31.04,30.16,30.98,59130
10/17/2019,31.06,31.46,30.36,30.53,103318
10/18/2019,30.37,31.04,30.33,30.84,129477
10/21/2019,31.08,32.04,31.08,31.7,136048
10/22/2019,31.73,32.18,31.16,32.1,57865
10/23/2019,32.18,32.76,31.62,32.72,68284
10/24/2019,32.8,32.8,31.97,32.18,94436
10/25/2019,32.12,32.73,31.97,32.68,53648
10/28/2019,32.64,33.87,32.5,33.64,95170
10/29/2019,33.34,33.43,32.87,33.23,80546
10/30/2019,33.06,33.07,32.06,32.59,80117
10/31/2019,32.37,32.37,31.84,32.3,61588
11/01/2019,32.63,35.7,32.63,35.69,308189
11/04/2019,36.25,36.61,35.03,36.13,202345
11/05/2019,36.57,36.66,35.5,35.66,120776
11/06/2019,35.79,36.18,35.36,35.83,99769
11/07/2019,35.93,36.08,35.36,35.47,67741
11/08/2019,35.69,36.04,35.04,36.01,89723
11/11/2019,35.71,36.76,35.71,36.52,65231
11/12/2019,36.49,36.62,36.13,36.58,36146
11/13/2019,36.41,36.41,35.91,35.98,42542
11/14/2019,36,36.68,35.81,36.47,56421
11/15/2019,36.68,36.68,36.13,36.59,46285
11/18/2019,36.69,36.92,36.35,36.57,72092
11/19/2019,36.69,36.69,36.12,36.37,64551
11/20/2019,36.16,36.76,35.93,36.62,110408
11/21/2019,36.68,36.83,36.3,36.54,41230
11/22/2019,36.69,36.69,35.93,36.05,39649
11/25/2019,36.25,36.92,35.78,36.82,93310
11/26/2019,36.79,37.2,36.51,36.6,77508
11/27/2019,36.78,37.22,36.68,36.99,81453
11/29/2019,36.92,37.47,36.9,37.24,34987
12/02/2019,37.36,37.43,36.65,37.11,120399
12/03/2019,36.71,37.51,36.52,37.44,87041
12/04/2019,37.55,38.2,37.41,37.93,148589
12/05/2019,37.95,38.33,37.65,37.65,134678
12/06/2019,37.96,38.27,37.73,37.76,180112
12/09/2019,37.84,37.98,37.41,37.72,241227
12/10/2019,37.84,38.04,37.5,37.92,240582
12/11/2019,38.1,38.21,37.74,37.75,224189
12/12/2019,37.65,37.93,37.44,37.74,93760
12/13/2019,37.61,37.76,37.01,37.32,140080
12/16/2019,37.39,37.63,37.16,37.56,119904
12/17/2019,37.76,37.88,37.33,37.54,82189
12/18/2019,37.62,37.89,37.05,37.65,75779
12/19/2019,37.58,37.88,37.12,37.66,168757
12/20/2019,37.68,37.95,36.91,37.12,313194
12/23/2019,37.1,37.46,36.31,36.49,159630
12/24/2019,36.28,37.48,36.28,37.34,89332
12/26/2019,37.3,37.79,37.09,37.35,41703
12/27/2019,37.3,37.82,37.03,37.19,57345
12/30/2019,37.24,37.32,36.84,37.21,97556
12/31/2019,37.01,37.84,37.01,37.35,80954
01/02/2020,37.54,37.84,36.27,36.42,156576
01/03/2020,35.98,36.81,35.72,36.68,119685
01/06/2020,36.39,36.85,36.16,36.67,98953
01/07/2020,36.7,37.27,36.32,36.48,130410
01/08/2020,36.38,36.66,36.21,36.31,53532
01/09/2020,36.37,36.73,35.95,36.42,60238
01/10/2020,36.38,36.66,36.08,36.33,67079
01/13/2020,36.22,36.68,36.22,36.68,69070
01/14/2020,36.61,36.78,36.29,36.62,52518
01/15/2020,36.53,37.33,36.53,37.01,38104
01/16/2020,37.38,37.83,37.13,37.44,32603
01/17/2020,37.66,37.87,37.14,37.19,33208
01/21/2020,36.96,37.37,36.96,37.27,43983
01/22/2020,37.34,37.65,37.2,37.42,44364
01/23/2020,37.79,38.19,37.65,37.83,152497
01/24/2020,37.81,37.81,36.65,37.21,34672
01/27/2020,36.59,36.93,36.46,36.83,69057
01/28/2020,36.93,37.84,36.93,37.72,59543
01/29/2020,37.87,38.09,37.63,38.03,33096
01/30/2020,37.7,38.22,37.46,37.88,51345
01/31/2020,37.58,37.69,37.1,37.15,71105
02/03/2020,37.23,37.54,37.01,37.18,79424
02/04/2020,37.72,37.98,37.58,37.81,66749
02/05/2020,38.1,38.49,37.7,38.47,85806
02/06/2020,38.68,38.93,38.52,38.67,41762
02/07/2020,38.52,38.52,37.74,37.96,19631
02/10/2020,37.79,38.17,37.23,37.31,38612
02/11/2020,37.4,37.4,35.45,35.58,131175
02/12/2020,35.75,36.52,35.49,36.07,111848
02/13/2020,36,37.42,36,37.29,43163
02/14/2020,37.27,37.43,37.04,37.04,47593
02/18/2020,36.94,37.87,36.94,37.87,67354
02/19/2020,37.98,38.33,37.59,37.62,116496
02/20/2020,37.79,39.57,37.79,39.47,116771
02/21/2020,38.41,38.41,31.52,32.8,544360
02/24/2020,32.22,32.22,31.3,31.62,167853
02/25/2020,31.68,31.82,30.08,30.29,109402
02/26/2020,30.28,30.9,30.04,30.11,89948
02/27/2020,29.42,29.95,28.5,28.55,103888
02/28/2020,27.66,28.9,27.29,28.28,181682
03/02/2020,28.53,29.38,27.96,29.36,112297
03/03/2020,29.48,29.86,28.14,28.48,113909
03/04/2020,28.96,30.38,28.92,30.03,209151
03/05/2020,29.19,29.71,28.62,29.38,193195
03/06/2020,28.54,28.96,26.24,27.03,83793
03/09/2020,26.59,26.76,25.2,25.33,118115
03/10/2020,26.1,26.35,24.37,25.81,107941
03/11/2020,24.96,25.49,23.94,24.37,108624
03/12/2020,22.55,23.78,21.4,23.02,198599
03/13/2020,24.02,26.74,23.05,26.71,265975
03/16/2020,23.01,26.94,23.01,26.27,210235
03/17/2020,26.6,26.6,24.22,24.76,285233
03/18/2020,23.81,23.89,14.08,14.08,295439
03/19/2020,14.292,20.62,14.175,19.678,397177
03/20/2020,19.812,20.59,16.948,17.251,216776
03/23/2020,17.322,18.036,16.638,17.577,165094
03/24/2020,18.271,20.216,18.146,19.375,214250
03/25/2020,19.452,22.3,19.325,21.4,145601
03/26/2020,21.44,22.94,21.12,21.86,168496
03/27/2020,21.18,22.4,20.22,21.65,115185
03/30/2020,21.91,22.01,20.56,21.35,83178
03/31/2020,21.24,21.89,20.37,21.22,113386
04/01/2020,20.35,20.83,19.16,19.639,126312
04/02/2020,19.102,19.874,17.85,18.212,121853
04/03/2020,18.31,18.466,16.179,16.306,189639
04/06/2020,17.127,19.375,17.127,19.053,113211
04/07/2020,20.17,20.73,19.16,19.454,132120
04/08/2020,19.952,22.22,19.952,21.57,145811
04/09/2020,21.6,23.75,21.51,23.51,154172
04/13/2020,23.1,23.16,21.65,22.86,104984
04/14/2020,23.44,24.03,22.49,22.86,114849
04/15/2020,21.67,23.06,20.94,22.1,109659
04/16/2020,21.88,21.88,20.69,21.33,102113
04/17/2020,21.93,23.09,21.76,22.27,113114
04/20/2020,21.57,21.8,20.48,20.78,75100
04/21/2020,19.942,21.51,19.825,21.33,96048
04/22/2020,22.02,22.06,21.37,21.51,47797
04/23/2020,21.41,22.52,21.41,22.39,71796
04/24/2020,22.44,22.62,21.84,22.35,39799
04/27/2020,22.38,24.32,22.38,23.9,56380
04/28/2020,24.62,25.25,24.28,24.89,110988
04/29/2020,26.23,27.74,25.97,26.96,136424
04/30/2020,26.1,26.39,25.05,25.72,98376
05/01/2020,24.74,24.79,23.57,24.11,70246
05/04/2020,23.64,24.16,23.21,23.7,77964
05/05/2020,24.42,24.63,22.98,23.21,83865
05/06/2020,22.98,23.97,22.69,22.92,70734
05/07/2020,23.05,25.11,22.09,23.98,139519
05/08/2020,24.52,25.85,23.95,25.77,98629
05/11/2020,25.14,25.6,24.37,25.55,114206
05/12/2020,25.38,25.8,23.6,23.68,222642
05/13/2020,23.76,23.76,21.55,21.83,130241
05/14/2020,21.31,21.98,20.29,21.84,94170
05/15/2020,21.98,22.37,21.45,21.98,84654
05/18/2020,23.3,25.32,23.11,25.14,176551
05/19/2020,24.95,25.15,24.01,24.08,64654
05/20/2020,24.57,25.91,24.57,25.44,90898
05/21/2020,25.23,25.9,24.73,24.8,97527
05/22/2020,24.84,25.24,24.25,25.17,48516
05/26/2020,26.09,26.77,25.71,26.44,69877
05/27/2020,27.22,28.66,26.14,28.56,93792
05/28/2020,29,29.62,27.52,27.68,185556
05/29/2020,27.19,27.85,26.77,27.64,112836
06/01/2020,27.64,29.14,27.61,28.31,93988
06/02/2020,28.52,29.29,28.17,28.66,74692
06/03/2020,29.57,30.52,29.37,29.46,104169
06/04/2020,29,31.09,28.89,31.09,72659
06/05/2020,32.77,34.76,32.23,32.72,185083
06/08/2020,33.47,34.78,33.42,34.68,96990
06/09/2020,33.9,34.67,33.54,33.93,119316
06/10/2020,33.66,33.91,32.09,32.72,107847
06/11/2020,30.93,31.79,30.55,30.8,170813
06/12/2020,32.47,32.47,30.2,31.45,96198
06/15/2020,30.11,32.6,30.11,32.27,64619
06/16/2020,33.94,34.05,32.57,33.05,90459
06/17/2020,33.29,33.29,32.41,32.53,46823
06/18/2020,31.96,32.69,31.91,32.45,45257
06/19/2020,32.8,32.96,31.59,31.84,158659
06/22/2020,31.59,31.93,30.98,31.87,45277
06/23/2020,32.38,32.51,31.05,31.13,90317
06/24/2020,30.86,30.86,29.29,29.86,98848
06/25/2020,29.57,30.37,29.12,30.12,101825
06/26/2020,29.85,30.56,29.37,30.49,167825
06/29/2020,30.9,31.4,30.01,30.34,96456
06/30/2020,30.17,31.17,30.17,31.03,85784
07/01/2020,31.12,31.67,30.35,30.78,54233
07/02/2020,31.54,31.73,30.65,30.75,36076
07/06/2020,31.45,31.68,30.82,31.25,62711
07/07/2020,31.03,31.27,30.34,30.63,80654
07/08/2020,30.5,31.08,29.92,30.95,48330
07/09/2020,30.77,30.89,29.92,30.03,86953
07/10/2020,30.12,30.68,29.89,30.23,41462
07/13/2020,30.48,30.48,29.07,29.16,50209
07/14/2020,29.35,29.88,29.26,29.65,47268
07/15/2020,30.58,31.49,30.28,31.14,79426
07/16/2020,31.09,31.09,29.86,30.41,45754
07/17/2020,30.46,31.31,30.3,31.22,44856
07/20/2020,30.98,31.72,30.73,31.57,40332
07/21/2020,31.87,32.41,31.77,32.02,70997
07/22/2020,31.75,33.78,31.75,33.61,77113
07/23/2020,33.57,33.66,32.68,33.6,91390
07/24/2020,33.39,33.5,32.07,32.2,63627
07/27/2020,32.12,32.92,31.99,32.91,42727
07/28/2020,32.59,32.89,32.15,32.19,43439
07/29/2020,32.33,33.41,32.13,33.35,68774
07/30/2020,32.74,33.03,32.25,32.79,44383
07/31/2020,32.61,32.61,31.43,31.96,85743
08/03/2020,32.08,32.15,31.16,31.81,43343
08/04/2020,31.77,33.3,31.77,32.3,72766
08/05/2020,32.69,32.69,31.67,32.25,59922
08/06/2020,32.21,33.11,31.98,32.9,46803
08/07/2020,31.59,34.66,31.12,34.34,141259
08/10/2020,34.8,36.15,34.53,35.11,76141
08/11/2020,35.66,36.69,35.56,35.87,62334
08/12/2020,36.44,36.66,35.95,36.01,49166
08/13/2020,35.7,36.26,34.92,35.3,42283
08/14/2020,34.8,35.4,34.25,35.11,61915
08/17/2020,35.17,36.02,34.96,35.96,39772
08/18/2020,36.12,36.12,35.21,35.47,30615
08/19/2020,35.71,36.01,35.16,35.61,69982
08/20/2020,35.21,37.21,35.21,36.96,87280
08/21/2020,36.54,37.14,35.21,35.58,57744
08/24/2020,35.74,36.3,35.1,36.29,40816
08/25/2020,36.45,36.52,35.73,36.52,28840
08/26/2020,36.45,36.65,35.33,35.48,85746
08/27/2020,35.73,36.46,35.34,35.41,35166
08/28/2020,35.69,35.9,35.02,35.62,76746
08/31/2020,35.63,35.63,34.77,34.9,60605
09/01/2020,34.77,35.57,34.64,35.26,47034
09/02/2020,35.5,35.54,34.6,35.36,152321
09/03/2020,35.26,35.45,34.12,34.58,63094
09/04/2020,35.06,35.18,33.28,34.35,48207
09/08/2020,34.03,34.24,33.45,33.6,36818
09/09/2020,34.07,34.71,33.86,34.59,33968
09/10/2020,34.66,35.05,34.39,34.42,44599
09/11/2020,34.76,34.85,33.49,34.08,50098
09/14/2020,34.49,35.65,34.49,35.15,42310
09/15/2020,35.51,35.7,34.53,34.72,62062
09/16/2020,35,35,34.2,34.27,58313
09/17/2020,33.7,33.78,33.09,33.21,57673
09/18/2020,33.05,33.19,32.23,33.15,246615
09/21/2020,32.41,32.41,30.93,31.57,67132
09/22/2020,31.75,32.31,31.36,31.8,49126
09/23/2020,31.62,31.78,30.93,31.04,84697
09/24/2020,31.03,32.38,30.83,31.21,55967
09/25/2020,31.04,31.8,31.04,31.6,48056
09/28/2020,31.78,33.14,31.78,32.9,67288
09/29/2020,33.01,33.2,32.18,32.42,28344
09/30/2020,32.51,33.19,32.23,32.51,76436
10/01/2020,32.69,33.74,32.34,33.62,48670
10/02/2020,32.92,34.53,32.92,34.24,42830
10/05/2020,34.5,34.72,34.13,34.53,34938
10/06/2020,34.82,36.13,34.51,34.94,61151
10/07/2020,35.6,35.98,34.77,34.94,52341
10/08/2020,35.37,36.45,34.95,35.94,71658
10/09/2020,36.43,36.57,35.46,35.78,60645
10/12/2020,35.83,36.47,35.48,36.45,60708
10/13/2020,35.99,37.17,35.88,36.75,79295
10/14/2020,36.95,36.95,35.76,36.27,60351
10/15/2020,35.84,36.52,35.84,36.42,43600
10/16/2020,36.34,36.68,35.71,35.83,67390
10/19/2020,35.96,36.15,35.26,35.33,40669
10/20/2020,35.66,36.01,35.03,35.09,32134
10/21/2020,35.08,35.08,34.26,34.32,31465
10/22/2020,34.36,34.51,33.81,34.32,34571
10/23/2020,34.63,35.17,34.48,34.84,25555
10/26/2020,34.42,34.42,33.75,33.95,26752
10/27/2020,33.8,34.31,33.48,33.6,25058
10/28/2020,32.83,32.99,32.15,32.27,52738
10/29/2020,32.07,33.66,31.89,33.46,50523
10/30/2020,33.18,33.62,31.82,32.16,68250
11/02/2020,32.6,32.91,32.04,32.46,48971
11/03/2020,33.09,33.6,32.43,33.24,52645
11/04/2020,32.53,33.52,32.5,33.03,37995
11/05/2020,33.12,34.08,33.12,33.9,46651
11/06/2020,34.37,34.8,31.65,31.73,78611
11/09/2020,34.58,35.75,32.44,32.49,108817
11/10/2020,32.96,33.35,29.2,31.31,252529
11/11/2020,31.69,31.69,30.59,31.17,56382
11/12/2020,31.14,31.22,30.14,30.38,107789
11/13/2020,30.82,31.23,30.55,30.9,53713
11/16/2020,31.39,32.94,31.36,32.29,98134
11/17/2020,32.06,32.06,30.87,31.07,81795
11/18/2020,31.27,31.3931,29.72,30.02,174477
11/19/2020,29.91,30.32,29.61,30,268681
11/20/2020,29.54,30.25,29.54,30.1,203716
11/23/2020,30.37,30.69,30.1,30.27,107917
11/24/2020,30.63,32.31,30.61,31.66,87757
11/25/2020,31.58,31.81,31,31.53,39507
11/27/2020,31.49,32.12,30.85,32.07,33065
11/30/2020,31.95,31.95,31.01,31.24,102965
12/01/2020,31.73,32.23,31.11,31.67,89860
12/02/2020,31.66,31.73,30.9,31.32,69707
12/03/2020,31.32,32.37,31.3,31.9,58380
12/04/2020,31.96,32.44,31.9,32.41,31589
12/07/2020,32.24,32.53,31.95,32.48,38269
12/08/2020,32.16,32.81,32.16,32.68,46022
12/09/2020,32.85,33.79,32.85,33.64,45270
12/10/2020,33.21,33.79,33.08,33.49,34230
12/11/2020,33.25,33.8,32.92,33.12,45256
12/14/2020,33.47,34.59,33.21,34.25,92659
12/15/2020,34.6,36.27,34.29,36.2,95840
12/16/2020,36.2,37.675,36.2,37.45,133219
12/17/2020,37.61,38.68,37.34,38.34,101337
12/18/2020,38.59,39.14,37.66,37.69,464780
12/21/2020,38.06,38.65,37.51,38.38,57429
12/22/2020,38.44,39.56,37.965,38.16,60884
12/23/2020,38.33,39.0839,37.08,37.24,52341
12/24/2020,37.57,37.61,36.88,37.52,37790
12/28/2020,37.79,38.55,37.24,37.29,58075
12/29/2020,37.4,37.4,36.085,36.73,55349
12/30/2020,36.75,37.14,36.08,36.11,57515
12/31/2020,36.36,36.57,35.93,35.98,78368
