10/10/2017,19.498,19.498,19.498,19.498,2600
10/11/2017,19.599,19.615,19.382,19.599,42400
10/12/2017,19.599,19.693,19.584,19.615,34900
10/13/2017,19.615,19.771,19.545,19.638,42800
10/16/2017,19.654,19.693,19.615,19.654,31705
10/17/2017,19.67,19.693,19.646,19.654,28580
10/18/2017,19.658,19.673,19.632,19.646,28775
10/19/2017,19.646,19.693,19.615,19.693,26942
10/20/2017,20.05,20.05,19.849,20.004,5750
10/23/2017,19.891,19.965,19.832,19.832,8513
10/24/2017,19.81,19.81,19.752,19.752,4643
10/25/2017,19.771,19.771,19.584,19.646,12199
10/26/2017,19.654,19.654,19.631,19.646,12330
10/27/2017,19.731,19.794,19.658,19.658,8286
10/30/2017,19.584,19.654,19.584,19.615,7580
10/31/2017,19.595,19.615,19.595,19.599,5954
11/01/2017,19.602,19.615,19.599,19.615,6961
11/02/2017,19.654,19.724,19.451,19.452,44565
11/03/2017,19.452,19.576,19.382,19.491,23134
11/06/2017,19.537,19.631,19.529,19.545,13520
11/07/2017,19.576,19.747,19.576,19.623,9139
11/08/2017,19.646,19.755,19.576,19.615,5658
11/09/2017,19.646,19.647,19.615,19.646,1580
11/10/2017,19.654,19.654,19.599,19.615,9763
11/13/2017,19.693,19.898,19.654,19.817,9224
11/14/2017,19.743,19.81,19.743,19.81,1670
11/15/2017,19.805,19.926,19.716,19.849,13913
11/16/2017,19.926,19.926,19.74,19.802,5060
11/17/2017,19.771,19.771,19.771,19.771,257
11/20/2017,19.849,19.849,19.771,19.771,5981
11/21/2017,19.736,19.736,19.736,19.736,385
11/27/2017,19.693,19.779,19.693,19.771,6711
11/28/2017,19.848,19.848,19.693,19.847,2641
11/29/2017,19.81,19.887,19.81,19.88,1027
11/30/2017,19.917,19.926,19.772,19.772,4271
12/01/2017,19.806,19.848,19.802,19.848,1349
12/04/2017,19.832,19.845,19.817,19.845,641
12/05/2017,19.747,19.849,19.557,19.74,898
12/06/2017,19.732,19.732,19.615,19.615,6673
12/07/2017,19.662,19.662,19.654,19.654,385
12/08/2017,19.895,19.96,19.739,19.809,17686
12/11/2017,19.849,19.926,19.849,19.908,16766
12/12/2017,19.893,19.893,19.663,19.724,12251
12/13/2017,19.747,19.864,19.74,19.849,4271
12/14/2017,19.77,19.979,19.77,19.833,3365
12/15/2017,19.981,19.981,19.944,19.944,2878
12/18/2017,19.923,19.973,19.861,19.926,10695
12/19/2017,19.864,19.981,19.864,19.981,4516
12/20/2017,19.996,19.996,19.887,19.946,10536
12/21/2017,20.01,20.01,19.887,20.01,1797
12/22/2017,20.01,20.04,20.01,20.04,2179
12/26/2017,19.997,19.997,19.997,19.997,128
12/27/2017,20.04,20.04,19.895,19.895,2516
12/28/2017,20.13,20.13,20.08,20.11,4676
12/29/2017,20.04,20.11,20.03,20.07,2021
01/02/2018,20.15,20.15,20.15,20.15,316
01/04/2018,20.11,20.12,20.11,20.12,1137
01/05/2018,20.25,20.25,20.13,20.13,1175
01/08/2018,20.19,20.35,20.06,20.35,4439
01/09/2018,20.27,20.27,20.11,20.27,3654
01/10/2018,20.28,20.28,20.27,20.27,1015
01/12/2018,20.06,20.06,20.06,20.06,379
01/16/2018,20.1,20.1,20.03,20.03,2510
01/17/2018,20.01,20.01,20.01,20.01,1363
01/18/2018,20.14,20.14,20.02,20.07,2261
01/22/2018,20.27,20.39,20.27,20.35,1857
01/23/2018,20.2,20.2,20.05,20.05,7023
01/24/2018,20.25,20.25,19.921,19.95,8494
01/25/2018,19.929,19.929,19.843,19.873,8514
01/26/2018,19.984,20.09,19.913,19.992,8813
01/29/2018,20.11,20.11,19.802,19.802,6884
01/30/2018,19.889,19.897,19.794,19.794,3157
01/31/2018,19.952,19.961,19.774,19.786,4056
02/01/2018,19.794,19.794,19.794,19.794,1202
02/02/2018,19.754,19.806,19.754,19.802,3475
02/05/2018,19.794,19.944,19.651,19.794,3149
02/06/2018,19.675,19.873,19.652,19.873,7579
02/07/2018,19.857,19.857,19.762,19.786,4926
02/08/2018,19.572,19.697,19.454,19.454,13768
02/09/2018,19.529,19.605,19.438,19.605,9186
02/12/2018,19.521,19.699,19.521,19.63,5052
02/13/2018,19.691,19.855,19.684,19.855,5444
02/14/2018,19.61,19.81,19.596,19.81,758
02/16/2018,19.857,19.865,19.81,19.81,513
02/20/2018,19.952,19.992,19.398,19.604,12583
02/21/2018,19.873,19.913,19.703,19.77,6060
02/22/2018,19.794,19.794,19.707,19.715,6492
02/23/2018,19.798,19.873,19.596,19.723,7957
02/26/2018,19.723,19.794,19.532,19.532,5852
02/27/2018,19.74,19.794,19.636,19.794,4107
02/28/2018,19.754,19.754,19.732,19.732,442
03/01/2018,19.786,19.794,19.702,19.702,3670
03/02/2018,19.786,20.19,19.786,19.857,2779
03/05/2018,19.874,19.874,19.81,19.81,2767
03/06/2018,19.842,20.031,19.842,20.031,1768
03/08/2018,19.873,20.15,19.873,20.15,5697
03/09/2018,20.02,20.04,19.818,19.834,6089
03/12/2018,19.802,19.873,19.794,19.873,2767
03/13/2018,19.913,19.913,19.913,19.913,758
03/14/2018,19.921,19.992,19.913,19.992,903
03/16/2018,19.992,19.992,19.794,19.972,3096
03/19/2018,19.822,20.1,19.822,19.913,16368
03/20/2018,20.02,20.02,19.911,19.913,1893
03/21/2018,19.873,19.913,19.806,19.818,4129
03/22/2018,20,20,19.873,19.984,6293
03/23/2018,19.992,19.992,19.857,19.857,474
03/26/2018,19.952,19.968,19.929,19.929,2777
03/27/2018,19.929,19.983,19.929,19.962,4042
03/28/2018,20.21,20.21,20.04,20.04,6323
03/29/2018,20.07,20.27,20.07,20.19,2850
04/03/2018,20.19,20.27,20.11,20.22,4211
04/04/2018,20.19,20.24,20.19,20.21,1269
04/05/2018,20.13,20.13,20.13,20.13,619
04/06/2018,20.03,20.07,20.03,20.03,3592
04/09/2018,20.18,20.18,19.792,19.816,7271
04/10/2018,19.897,20.23,19.897,19.946,2334
04/13/2018,20.18,20.19,20.11,20.19,7285
04/16/2018,20.19,20.19,20.19,20.19,545
04/17/2018,20.19,20.19,20.03,20.03,4093
04/18/2018,20.19,20.27,20.14,20.27,1981
04/20/2018,20.23,20.23,20.02,20.02,1758
04/23/2018,20.19,20.19,20.04,20.19,4744
04/24/2018,20.11,20.19,20.05,20.11,6450
04/25/2018,20.19,20.19,19.902,19.902,5893
04/26/2018,19.889,20.07,19.865,20.07,4047
04/27/2018,19.881,20.02,19.865,20.02,9764
04/30/2018,19.918,20.01,19.918,19.99,2043
05/01/2018,20.01,20.02,19.946,19.954,3646
05/02/2018,19.978,19.983,19.978,19.983,372
05/03/2018,19.987,20.09,19.987,20.09,496
05/04/2018,20.03,20.03,20.03,20.03,248
05/07/2018,20.03,20.09,20.01,20.08,3997
05/08/2018,20.06,20.27,20.05,20.27,3543
05/09/2018,20.27,20.27,20.24,20.24,3095
05/10/2018,20.1,20.39,20.03,20.39,6964
05/11/2018,20.39,20.75,20.14,20.31,2012
05/14/2018,20.2,20.2,20.2,20.2,1362
05/16/2018,20.31,20.31,20.23,20.23,2799
05/17/2018,20.3,20.3,20.23,20.23,2229
05/18/2018,20.21,20.25,20.21,20.25,619
05/21/2018,20.21,20.21,20.2,20.2,1734
05/23/2018,20.25,20.25,20.19,20.22,3931
05/24/2018,20.19,20.19,20.16,20.19,5517
05/25/2018,20.19,20.19,20.14,20.14,644
05/29/2018,20.16,20.19,20.12,20.16,3375
05/30/2018,20.19,20.19,20.14,20.19,8368
05/31/2018,20.19,20.36,20.19,20.36,1909
06/04/2018,20.35,20.35,20.35,20.35,1238
06/05/2018,20.23,20.23,20.23,20.23,619
06/06/2018,20.24,20.31,20.24,20.31,749
06/07/2018,20.31,20.37,20.24,20.24,3085
06/08/2018,20.26,20.27,20.26,20.26,3536
06/11/2018,20.29,20.29,20.29,20.29,495
06/12/2018,20.32,20.39,20.31,20.39,1550
06/13/2018,20.33,20.33,20.33,20.33,1238
06/14/2018,20.37,20.41,20.37,20.37,1628
06/15/2018,20.37,20.45,20.33,20.45,5690
06/18/2018,20.36,20.38,20.33,20.38,1618
06/19/2018,20.4,20.4,20.4,20.4,124
06/20/2018,20.47,20.48,20.44,20.48,619
06/21/2018,20.46,20.46,20.36,20.46,991
06/22/2018,20.38,20.46,20.38,20.38,3327
06/25/2018,20.52,20.57,20.52,20.55,1411
06/26/2018,20.78,20.98,20.75,20.9,4375
06/28/2018,20.83,20.96,20.83,20.94,1215
06/29/2018,20.77,20.83,20.77,20.81,850
07/02/2018,20.81,20.86,20.81,20.86,3037
07/03/2018,20.86,20.86,20.8,20.82,4397
07/05/2018,20.8,20.81,20.79,20.81,2430
07/06/2018,20.79,20.83,20.79,20.83,526
07/09/2018,20.87,20.99,20.87,20.98,3462
07/10/2018,20.99,20.99,20.99,20.99,692
07/11/2018,20.99,20.99,20.97,20.97,486
07/12/2018,20.89,20.89,20.89,20.89,638
07/13/2018,20.95,20.95,20.95,20.95,134
07/16/2018,20.95,20.95,20.89,20.95,496
07/17/2018,20.85,20.85,20.85,20.85,121
07/18/2018,20.95,21.07,20.83,20.83,6560
07/19/2018,20.85,20.85,20.85,20.85,1093
07/20/2018,20.94,21.39,20.79,20.79,4599
07/23/2018,20.74,20.79,20.7,20.7,2535
07/24/2018,20.7,20.7,20.66,20.67,5521
07/25/2018,20.67,20.67,20.62,20.62,3996
07/27/2018,20.63,20.63,20.6,20.6,2745
07/30/2018,20.62,20.62,20.58,20.62,5405
07/31/2018,20.62,20.62,20.58,20.61,3730
08/01/2018,20.62,20.62,20.59,20.62,4798
08/02/2018,20.66,20.66,20.66,20.66,756
08/03/2018,20.68,20.7,20.68,20.7,1276
08/06/2018,20.63,20.7,20.63,20.7,5406
08/07/2018,20.7,20.7,20.63,20.69,10545
08/08/2018,20.7,20.7,20.7,20.7,485
08/09/2018,20.7,20.7,20.69,20.7,729
08/10/2018,20.67,20.67,20.65,20.65,1214
08/13/2018,20.66,20.69,20.65,20.65,8847
08/14/2018,20.65,20.65,20.62,20.62,1214
08/15/2018,20.66,20.68,20.64,20.68,2274
08/16/2018,20.68,20.68,20.64,20.64,2792
08/17/2018,20.7,20.7,20.67,20.67,2673
08/20/2018,20.68,20.84,20.66,20.66,8035
08/22/2018,20.67,20.7,20.64,20.65,7860
08/24/2018,20.76,20.76,20.75,20.75,728
08/27/2018,20.75,20.79,20.7,20.75,2878
08/28/2018,20.88,20.88,20.77,20.77,1348
08/29/2018,20.82,20.95,20.74,20.77,8989
08/30/2018,20.95,20.95,20.77,20.93,9587
08/31/2018,20.95,20.95,20.95,20.95,486
09/04/2018,20.8,20.8,20.74,20.74,5771
09/05/2018,20.73,20.83,20.71,20.82,13012
09/06/2018,20.83,20.93,20.82,20.87,22948
09/07/2018,20.83,20.9,20.83,20.83,10932
09/10/2018,20.83,20.91,20.82,20.83,10402
09/11/2018,20.82,20.86,20.71,20.73,19956
09/12/2018,20.76,20.86,20.74,20.74,3694
09/13/2018,20.85,20.89,20.76,20.79,5206
09/14/2018,20.79,20.82,20.79,20.81,4643
09/17/2018,20.79,20.83,20.77,20.83,4717
09/18/2018,20.95,20.95,20.94,20.95,3531
09/19/2018,20.79,20.91,20.78,20.79,8269
09/20/2018,20.82,20.83,20.78,20.79,3307
09/21/2018,20.88,20.94,20.84,20.87,7252
09/24/2018,20.82,20.83,20.74,20.79,3886
09/25/2018,20.79,20.79,20.76,20.79,2428
09/26/2018,20.77,20.83,20.77,20.79,7590
09/27/2018,20.89,20.97,20.81,20.97,11314
09/28/2018,20.94,20.95,20.94,20.95,714
10/01/2018,20.95,21.05,20.92,21.05,4679
10/02/2018,21.05,21.06,20.95,20.99,2607
10/03/2018,21.02,21.05,20.97,20.97,2170
10/04/2018,20.96,21.01,20.9,20.92,6809
10/05/2018,21.07,21.07,20.99,20.99,1638
10/09/2018,21.06,21.06,21.06,21.06,417
10/11/2018,21,21,20.99,20.99,977
10/12/2018,21.02,21.02,20.91,20.91,3395
10/15/2018,21.07,21.07,20.9,20.92,4296
10/16/2018,20.92,20.92,20.9,20.9,2888
10/17/2018,20.91,20.97,20.91,20.97,287
10/18/2018,20.91,20.91,20.91,20.91,596
10/23/2018,20.9,20.92,20.82,20.82,6593
10/24/2018,20.98,20.98,20.98,20.98,476
10/25/2018,20.95,20.95,20.83,20.95,1530
10/26/2018,20.9,20.94,20.9,20.94,1221
10/29/2018,20.94,21.07,20.94,21.07,2383
10/30/2018,20.84,21.07,20.84,20.99,1131
10/31/2018,21.07,21.07,20.84,21.05,5420
11/01/2018,21.07,21.07,20.88,20.88,2312
11/02/2018,20.94,20.99,20.94,20.98,1705
11/05/2018,20.95,20.99,20.95,20.99,1906
11/06/2018,21.03,21.03,20.75,20.82,6277
11/07/2018,20.89,20.89,20.89,20.89,714
11/08/2018,20.67,20.8,20.65,20.67,2515
11/09/2018,20.74,20.74,20.74,20.74,119
11/12/2018,20.71,20.99,20.71,20.82,3335
11/13/2018,20.69,20.69,20.69,20.69,119
11/14/2018,20.84,20.84,20.69,20.83,2858
11/16/2018,20.86,20.86,20.73,20.73,1287
11/19/2018,20.8,20.8,20.74,20.74,548
11/20/2018,20.74,20.86,20.74,20.74,5226
11/21/2018,20.84,20.84,20.84,20.84,375
11/26/2018,20.83,20.84,20.8,20.84,6146
11/27/2018,20.81,20.81,20.38,20.38,9742
11/28/2018,20.41,20.45,20.36,20.38,2152
11/29/2018,20.97,20.97,20.97,20.97,207
12/03/2018,20.4,20.4,20.34,20.34,4348
12/04/2018,20.37,20.46,18.97,20.3,3598
12/06/2018,20.34,20.35,20.34,20.34,1072
12/07/2018,20.15,20.46,19.82,20.46,1072
12/10/2018,20.61,20.62,20.23,20.23,1071
12/11/2018,20.19,20.19,20.19,20.19,357
12/12/2018,20.32,20.32,20.21,20.21,357
12/14/2018,20.15,20.32,19.939,20.19,2895
12/17/2018,19.729,20.02,19.15,20.02,4117
12/18/2018,20.06,20.06,18.94,19.035,8160
12/19/2018,19.041,19.041,18.558,19.032,6581
12/20/2018,18.654,18.722,18.629,18.722,1548
12/21/2018,18.864,18.864,17.336,17.547,11548
12/24/2018,17.429,18.05,17.429,18.05,655
12/26/2018,18.227,19.043,18.076,18.453,5422
12/27/2018,18.806,18.806,17.748,17.781,2223
12/28/2018,18.944,18.944,18.436,18.832,3512
12/31/2018,18.909,19.021,17.68,18.818,8693
01/02/2019,19.038,19.115,18.815,19.115,10831
01/03/2019,19.079,19.079,19.079,19.079,931
01/04/2019,19.193,19.253,19.167,19.253,5699
01/07/2019,19.253,19.574,19.21,19.21,8439
01/08/2019,19.339,19.588,19.339,19.545,3336
01/09/2019,19.502,19.554,19.425,19.554,3660
01/10/2019,19.511,19.597,19.511,19.597,2083
01/11/2019,19.726,19.872,19.726,19.872,5372
01/14/2019,20.02,20.03,19.94,19.984,2126
01/15/2019,20.04,20.04,20,20,2004
01/16/2019,19.984,20.1,19.984,20.1,3057
01/17/2019,20.07,20.1,19.853,19.853,1046
01/18/2019,19.931,20.1,19.915,20.02,5376
01/22/2019,20.11,20.34,20.11,20.34,6644
01/23/2019,20.17,20.37,20.17,20.37,861
01/24/2019,20.53,20.53,20.33,20.33,2733
01/25/2019,20.23,20.23,20.23,20.23,175
01/28/2019,20.24,20.28,20.24,20.28,930
01/30/2019,20.31,20.31,20.13,20.3,3651
01/31/2019,20.3,20.31,20.25,20.25,1175
02/01/2019,20.32,20.51,20.24,20.24,3257
02/04/2019,20.43,20.49,20.4,20.41,3044
02/05/2019,20.41,20.49,20.41,20.49,3128
02/06/2019,20.29,20.46,20.2,20.46,1280
02/07/2019,20.44,20.5,20.37,20.5,1789
02/08/2019,20.5,20.5,20.44,20.44,1961
02/11/2019,20.5,20.53,20.45,20.53,5479
02/12/2019,20.62,20.75,20.62,20.75,2165
02/13/2019,20.68,20.8,20.68,20.76,4318
02/14/2019,21.09,21.09,20.95,20.95,814
02/15/2019,20.7,20.7,20.7,20.7,204
02/19/2019,21.1,21.1,20.75,20.81,994
02/20/2019,21,21,21,21,465
02/21/2019,21.07,21.1,20.98,21.04,5576
02/22/2019,21.06,21.06,21.06,21.06,262
02/25/2019,21.1,21.44,21.09,21.15,2570
02/26/2019,21.4,21.4,21.23,21.32,3132
02/27/2019,21.32,21.32,21.27,21.29,2909
02/28/2019,21.3,21.31,21.27,21.27,4690
03/01/2019,21.29,21.32,21.27,21.32,942
03/04/2019,21.3,21.32,21.27,21.32,3440
03/05/2019,21.31,21.31,21.31,21.31,134
03/06/2019,21.17,21.23,21.17,21.23,721
03/07/2019,21.27,21.32,21.27,21.32,1073
03/08/2019,21.31,21.4,21.3,21.4,1512
03/11/2019,21.32,21.47,21.32,21.47,2780
03/12/2019,21.46,21.47,21.46,21.47,1547
03/13/2019,21.5,21.61,21.5,21.61,698
03/14/2019,21.49,21.49,21.49,21.49,233
03/15/2019,21.58,21.66,21.49,21.66,3693
03/18/2019,21.55,21.66,21.55,21.55,2612
03/19/2019,21.64,21.68,21.49,21.67,8957
03/20/2019,21.55,21.55,21.49,21.55,3240
03/21/2019,21.56,21.67,21.4,21.44,5881
03/22/2019,21.32,21.47,21.32,21.42,1512
03/25/2019,21.49,21.75,21.44,21.74,5689
03/26/2019,21.62,21.65,21.47,21.47,1047
03/28/2019,21.65,21.65,21.65,21.65,465
03/29/2019,22,22,21.87,21.89,6587
04/01/2019,21.9,21.9,21.89,21.9,1561
04/02/2019,21.89,21.95,21.87,21.9,2952
04/03/2019,21.91,21.91,21.89,21.91,570
04/04/2019,21.9,21.92,21.87,21.91,2227
04/05/2019,21.9,21.95,21.87,21.93,1705
04/08/2019,21.99,21.99,21.49,21.75,15560
04/09/2019,21.71,21.71,21.57,21.57,12687
04/10/2019,21.59,21.59,21.49,21.56,9407
04/11/2019,21.57,21.57,21.51,21.52,1148
04/12/2019,21.48,21.5,21.39,21.39,9290
04/15/2019,21.47,21.52,21.42,21.52,9521
04/16/2019,21.64,21.69,21.57,21.68,7007
04/17/2019,21.66,21.76,21.66,21.73,3638
04/18/2019,21.78,21.8,21.78,21.8,1487
04/22/2019,21.7,21.82,21.7,21.82,1267
04/23/2019,21.79,21.82,21.79,21.82,915
04/24/2019,21.82,21.92,21.81,21.91,4963
04/26/2019,21.88,21.92,21.79,21.92,2129
04/29/2019,21.92,21.95,21.91,21.95,855
04/30/2019,21.93,21.93,21.92,21.93,2598
05/01/2019,21.94,21.94,21.9,21.9,1140
05/02/2019,21.95,22.18,21.92,22.18,7509
05/03/2019,22.02,22.02,22.02,22.02,120
05/06/2019,22.07,22.12,22.02,22.12,570
05/07/2019,22.05,22.16,22.05,22.08,1173
05/08/2019,22.05,22.34,22.05,22.28,1653
05/09/2019,22.25,22.41,22.16,22.41,3307
05/10/2019,22.02,22.49,22.01,22.22,1726
05/13/2019,22.17,22.32,22.13,22.25,3346
05/14/2019,22.45,22.6,22.44,22.58,5151
05/15/2019,22.57,22.57,21.98,21.98,1420
05/16/2019,22.22,22.37,22.22,22.31,702
05/17/2019,22.22,22.3,22.22,22.3,228
05/20/2019,22.22,22.22,22.22,22.22,114
05/23/2019,22.35,22.4,22.35,22.35,798
05/24/2019,22.23,22.53,22.23,22.53,2773
05/28/2019,22.23,22.44,22.22,22.23,7306
05/29/2019,22.19,22.37,22.06,22.09,6727
05/30/2019,22.17,22.43,22.17,22.24,3534
05/31/2019,22.34,22.42,22.29,22.42,1795
06/04/2019,22.08,22.53,22.07,22.44,5165
06/05/2019,22.27,22.27,22.27,22.27,570
06/06/2019,22.25,22.27,22.23,22.23,1688
06/07/2019,22.24,22.24,22.24,22.24,114
06/10/2019,22.19,22.35,22.18,22.35,5035
06/11/2019,22.42,22.42,22.35,22.35,1191
06/12/2019,22.35,22.35,22.18,22.18,5766
06/13/2019,22.14,22.27,22.05,22.26,7656
06/14/2019,22.25,22.25,22.25,22.25,228
06/17/2019,22.27,22.51,22.27,22.47,10015
06/18/2019,22.31,22.43,22.31,22.43,4106
06/20/2019,22.4,22.44,22.4,22.43,1342
06/21/2019,22.34,22.37,22.28,22.33,38819
06/24/2019,22.63,22.7,22.46,22.46,2148
06/26/2019,22.35,22.35,22.3,22.32,13696
06/27/2019,22.31,22.35,22.18,22.35,25570
06/28/2019,22.58,22.58,22.38,22.57,11440
07/01/2019,22.57,22.57,22.18,22.39,14241
07/02/2019,22.52,22.58,22.26,22.58,5380
07/03/2019,22.52,22.52,22.47,22.51,672
07/05/2019,22.35,22.63,22.35,22.44,2500
07/08/2019,22.53,22.53,22.44,22.47,3935
07/09/2019,22.49,22.5,22.42,22.5,5130
07/10/2019,22.53,22.53,22.5,22.5,6445
07/11/2019,22.46,22.47,22.43,22.43,2796
07/12/2019,22.44,22.48,22.43,22.45,2171
07/15/2019,22.52,22.53,22.44,22.48,13486
07/16/2019,22.53,22.57,22.4,22.57,10868
07/17/2019,22.53,22.53,22.49,22.5,2882
07/18/2019,22.45,22.5,22.41,22.44,3397
07/19/2019,22.48,22.48,22.44,22.46,8642
07/22/2019,22.46,22.51,22.44,22.45,3904
07/23/2019,22.44,22.59,22.43,22.59,4875
07/24/2019,22.46,22.47,22.44,22.47,1242
07/25/2019,22.47,22.47,22.41,22.41,9945
07/26/2019,22.4,22.44,22.35,22.44,6350
07/29/2019,22.42,22.47,22.42,22.43,3730
07/30/2019,22.37,22.47,22.37,22.37,6374
07/31/2019,22.58,22.62,22.53,22.53,1380
08/01/2019,22.44,22.45,22.37,22.37,3728
08/02/2019,22.37,22.56,22.35,22.56,9895
08/05/2019,22.53,22.64,22.39,22.47,4057
08/06/2019,22.47,22.47,22.32,22.38,6007
08/07/2019,22.37,22.41,22.32,22.35,2633
08/08/2019,22.52,22.54,22.45,22.49,2363
08/09/2019,22.69,22.69,22.5,22.57,1014
08/12/2019,22.57,22.57,22.57,22.57,1896
08/13/2019,22.55,22.57,22.54,22.57,2394
08/14/2019,22.57,22.57,22.55,22.57,6819
08/15/2019,22.55,22.62,22.44,22.62,7422
08/16/2019,22.38,22.65,22.38,22.52,5917
08/19/2019,22.61,22.66,22.49,22.66,6570
08/20/2019,22.49,22.66,22.49,22.66,3726
08/21/2019,22.61,22.66,22.61,22.63,5167
08/22/2019,22.63,22.66,22.51,22.66,5695
08/23/2019,22.64,22.64,22.39,22.59,1763
08/26/2019,22.6,22.6,22.54,22.54,965
08/27/2019,22.54,22.54,22.44,22.5,3855
08/28/2019,22.52,22.53,22.47,22.48,5051
08/29/2019,22.57,22.57,22.47,22.47,582
08/30/2019,22.53,22.59,22.52,22.53,1987
09/03/2019,22.57,22.66,22.52,22.57,6327
09/04/2019,22.45,22.66,22.45,22.45,225315
09/05/2019,22.65,22.66,22.62,22.66,2463
09/06/2019,22.66,22.66,22.59,22.59,2692
09/09/2019,22.62,22.66,22.62,22.64,1785
09/10/2019,22.58,22.64,22.58,22.6,3642
09/11/2019,22.61,22.62,22.61,22.62,671
09/12/2019,22.64,22.69,22.64,22.66,8783
09/16/2019,22.66,22.66,22.63,22.66,2377
09/17/2019,22.63,22.66,22.63,22.66,3155
09/18/2019,22.64,22.66,22.64,22.66,2103
09/19/2019,22.66,22.74,22.63,22.74,21328
09/20/2019,22.66,22.79,22.66,22.79,8329
09/23/2019,22.79,23.01,22.76,23.01,13228
09/24/2019,23.01,23.22,22.99,23.22,3973
09/25/2019,23.2,23.22,23.2,23.2,3580
09/26/2019,23.08,23.22,23.02,23.15,4897
09/27/2019,23.15,23.15,23.15,23.15,224
09/30/2019,23.92,23.92,23.6,23.69,2079
10/01/2019,23.69,23.69,23.69,23.69,2196
10/02/2019,23.65,23.69,23.24,23.52,3540
10/03/2019,23.55,23.55,23.37,23.42,2517
10/04/2019,23.69,23.69,23.37,23.38,1828
10/07/2019,23.25,23.54,23.22,23.33,5264
10/08/2019,23.24,23.29,23.24,23.25,6841
10/09/2019,23.25,23.55,23.24,23.35,5382
10/11/2019,23.32,23.87,23.31,23.53,3843
10/15/2019,23.65,23.65,23.28,23.28,2722
10/16/2019,23.29,23.6,23.28,23.47,2065
10/17/2019,23.32,23.43,23.28,23.33,8459
10/18/2019,23.28,23.34,23.2,23.32,3605
10/21/2019,23.2,23.28,23.2,23.28,348
10/22/2019,23.24,23.24,23.15,23.15,3047
10/23/2019,23.19,23.24,23.15,23.19,2215
10/24/2019,23.19,23.28,23.16,23.24,7789
10/25/2019,23.45,23.45,23.23,23.23,658
10/28/2019,23.72,23.72,23.14,23.14,3923
10/29/2019,23.21,23.55,23.1,23.19,7150
10/30/2019,23.13,23.2,23.13,23.19,1317
10/31/2019,23.27,23.31,23.2,23.29,5046
11/01/2019,23.19,23.19,23.14,23.16,3523
11/04/2019,23.16,23.26,23.16,23.16,3110
11/05/2019,23.2,23.53,23.2,23.37,12773
11/06/2019,23.34,23.34,23.23,23.23,849
11/07/2019,23.14,23.27,23.11,23.21,2162
11/08/2019,23.11,23.11,23.11,23.11,110
11/12/2019,23.11,23.14,23.02,23.08,3340
11/13/2019,23.06,23.12,23.06,23.12,877
11/14/2019,23.09,23.1,22.97,23.08,5221
11/15/2019,23.13,23.13,23.08,23.08,329
11/18/2019,23.13,23.14,23.13,23.14,1224
11/19/2019,23.08,23.1,23.05,23.05,2323
11/20/2019,23.19,23.24,23.05,23.05,3311
11/21/2019,23.06,23.1,23.06,23.1,1975
11/22/2019,23.06,23.22,23.03,23.22,3329
11/25/2019,23.05,23.37,23.05,23.37,4607
11/26/2019,23.71,23.73,23.71,23.73,340
12/03/2019,23.1,23.48,23.1,23.47,943
12/04/2019,23.4,23.51,23.34,23.51,2476
12/05/2019,23.37,23.37,23.37,23.37,439
12/06/2019,23.56,23.56,23.52,23.52,796
12/10/2019,23.3,23.3,23.21,23.21,2204
12/11/2019,23.33,23.57,23.33,23.57,1426
12/12/2019,23.71,23.74,23.68,23.74,3003
12/13/2019,23.76,23.76,23.76,23.76,110
12/17/2019,23.64,23.72,23.49,23.49,922
12/18/2019,23.67,23.92,23.67,23.92,3436
12/19/2019,23.75,23.9,23.75,23.9,1058
12/20/2019,23.86,23.89,23.81,23.89,1426
12/23/2019,23.6,23.6,23.6,23.6,318
12/24/2019,23.92,24.07,23.82,23.96,2211
12/26/2019,23.96,23.97,23.95,23.96,1124
12/27/2019,23.96,24.27,23.96,24.25,2716
12/30/2019,23.95,24,23.95,24,323
12/31/2019,23.95,23.95,23.86,23.86,4847
01/02/2020,23.91,23.92,23.91,23.91,1616
01/03/2020,24,24.43,23.81,24.23,4225
01/06/2020,24.18,24.18,24.18,24.18,108
01/07/2020,24.18,24.18,24.18,24.18,215
01/08/2020,24.14,24.42,24.14,24.37,3881
01/09/2020,24.18,24.18,24.18,24.18,108
01/10/2020,24.49,24.49,24.05,24.18,2369
01/13/2020,24.16,24.27,24.15,24.27,323
01/14/2020,24.28,24.28,24.28,24.28,336
01/15/2020,24.57,24.57,24.39,24.55,676
01/16/2020,24.46,24.46,24.46,24.46,191
01/17/2020,24.51,24.53,24.15,24.32,5817
01/21/2020,24.2,24.2,24.2,24.2,148
01/22/2020,24.45,24.45,24.31,24.31,787
01/23/2020,24.32,24.55,24.31,24.31,1188
01/24/2020,24.23,24.45,24.23,24.45,2096
01/27/2020,24.42,24.46,24.42,24.42,776
01/29/2020,24.35,24.35,24.35,24.35,226
01/30/2020,24.45,24.56,24.32,24.56,2658
01/31/2020,24.56,24.74,24.56,24.6,13115
02/03/2020,24.99,25.13,24.74,24.74,695
02/04/2020,24.57,24.65,24.56,24.63,1846
02/05/2020,24.56,24.94,24.39,24.94,3656
02/06/2020,24.49,24.88,24.49,24.88,437
02/07/2020,24.44,24.77,24.4,24.77,3305
02/10/2020,24.44,24.91,24.35,24.6,4705
02/11/2020,24.6,24.6,24.6,24.6,108
02/12/2020,24.62,24.81,24.38,24.38,1477
02/14/2020,24.79,24.79,24.79,24.79,108
02/18/2020,24.46,24.48,24.39,24.39,969
02/19/2020,24.37,24.39,24.24,24.24,1638
02/20/2020,24.23,24.51,24.23,24.51,657
02/21/2020,24.42,24.53,24.42,24.53,512
02/24/2020,24.51,24.52,24.14,24.23,917
02/25/2020,24.11,24.12,23.56,23.65,1652
02/26/2020,23.51,23.63,23.28,23.53,3363
02/27/2020,23.35,23.36,22.33,22.56,6907
02/28/2020,22.75,23.07,21.4,21.93,8568
03/02/2020,21.12,22.84,20.89,22.84,3107
03/03/2020,22.93,22.93,21.75,22.07,6651
03/04/2020,22.38,22.38,21.93,21.93,6473
03/05/2020,21.99,21.99,21.33,21.33,7398
03/06/2020,21.09,21.45,19.68,20.87,16762
03/09/2020,19.775,20.14,17.407,17.407,6000
03/10/2020,17.779,19.54,15.42,15.829,11876
03/11/2020,15.848,15.875,9.005,9.98,26387
03/12/2020,9.525,9.525,5.9602,6.0252,34738
03/13/2020,7.706,8.588,6.944,7.891,34071
03/16/2020,6.4987,7.125,5.8024,6.5692,19421
03/17/2020,7.009,8.17,6.4499,6.4848,9171
03/18/2020,4.1313,4.2334,2.321,2.7746,28799
03/19/2020,2.6273,3.5557,2.5623,3.0231,61435
03/20/2020,3.4814,5.7467,3.3887,4.2241,19292
03/23/2020,4.0498,4.6902,4.0498,4.1035,6178
03/24/2020,5.431,5.431,4.1313,4.4099,21646
03/25/2020,5.1062,6.5386,4.4656,6.2295,15923
03/26/2020,6.2295,7.631,6.0345,6.4894,28046
03/27/2020,6.8051,6.8051,5.4186,6.378,7692
03/30/2020,6.21,6.8254,5.4674,6.45,5868
03/31/2020,6.86,6.86,5.9249,6.1,14890
04/01/2020,6.1049,6.1049,4.7107,5.23,8158
04/02/2020,5.35,5.99,4.84,4.84,15713
04/03/2020,4.61,5.0573,4,4.6499,6048
04/06/2020,5.41,5.81,4.3,5.45,8465
04/07/2020,5.65,6.49,5.25,6,28449
04/08/2020,5.89,6.9699,5.75,6.9052,10372
04/09/2020,6.97,8.9749,6.97,8.07,19103
04/13/2020,8.98,9.5985,6.77,8.26,24291
04/14/2020,8.5,8.5,7.6501,7.75,10781
04/15/2020,7.99,7.99,7.014,7.23,8526
04/16/2020,7.75,8,7.07,7.35,18442
04/17/2020,7.701,7.701,6.8441,7.12,5905
04/20/2020,7.14,7.14,6.18,6.53,12802
04/21/2020,6.7,6.7326,5.85,5.98,5700
04/22/2020,6.2092,6.25,5.86,5.91,17765
04/23/2020,5.9,6.25,5.86,5.86,15492
04/24/2020,5.7,5.96,5.5,5.71,3680
04/27/2020,5.4831,5.75,5.48,5.7099,4508
04/28/2020,5.9429,6,5.9,5.9,6688
04/29/2020,6.48,7.09,6,6.25,54524
04/30/2020,6.59,6.9277,5.78,6.268,22338
05/01/2020,6.3,6.35,6.154,6.19,6162
05/04/2020,6.34,6.988,6.2574,6.63,62269
05/05/2020,6.8531,7.25,6.59,6.9943,41047
05/06/2020,6.98,6.99,6.6011,6.85,3368
05/07/2020,6.705,6.97,6.5301,6.67,10965
05/08/2020,6.48,6.65,6.02,6.65,12332
05/11/2020,6.17,6.31,6.16,6.21,1050
05/12/2020,6.25,6.2627,5.63,6.06,25791
05/13/2020,5.83,5.8898,5.1424,5.4,13275
05/14/2020,5.6,5.6,5.09,5.28,6325
05/15/2020,5.56,5.56,5.21,5.23,2955
05/18/2020,5.5,5.9899,5.29,5.72,19848
05/19/2020,5.6,5.98,5.5,5.5301,6100
05/20/2020,5.7,5.98,5.33,5.425,8503
05/21/2020,5.42,5.75,5.42,5.4533,13155
05/22/2020,5.46,5.7615,4.95,5.03,41755
05/26/2020,5.56,6.15,5.2501,6,33844
05/27/2020,5.98,7.92,5.84,7.5229,29298
05/28/2020,8.49,9.7399,8.05,8.5,37483
05/29/2020,8.5,8.5,6.9016,8.18,13982
06/01/2020,7.93,8.1859,7.72,8.0045,3490
06/02/2020,7.5,8.47,7.5,8.2741,9793
06/03/2020,8.55,10.09,8.55,9.78,20697
06/04/2020,10.38,11.295,9.98,10.725,28609
06/05/2020,11.3,13.3787,11.3,12.47,21209
06/08/2020,14,15.92,13.8267,15.688,18735
06/09/2020,15.57,15.57,13.37,13.75,23313
06/10/2020,12.5,12.8125,11.15,12.05,16038
06/11/2020,10.94,11.88,10,10.14,7387
06/12/2020,11.92,13.51,10.9023,11,5291
06/15/2020,12.28,12.28,10.63,11.34,5495
06/16/2020,12.3873,12.3873,11.6196,12.1,4222
06/17/2020,12.3,12.3,11.43,11.5335,2000
06/18/2020,11.61,12.14,10.25,10.73,9561
06/19/2020,10.76,10.78,10.25,10.75,3500
06/22/2020,10.4477,10.595,9.24,9.5776,4345
06/23/2020,9.62,9.88,9.59,9.59,2581
06/24/2020,9.64,9.6875,8.43,8.55,5392
06/25/2020,8.5,8.9699,8.16,8.9699,9177
06/26/2020,9,9,8.3,8.3,2500
06/29/2020,8.39,9.28,8.3,8.94,5163
06/30/2020,9.79,9.79,8.81,8.86,2050
07/01/2020,9,9.2989,8.9353,8.96,3680
07/02/2020,9.3,9.3,8.77,8.81,2150
07/06/2020,9.2,9.2,8.84,8.84,1836
07/07/2020,8.86,9.07,8.5,8.51,3631
07/08/2020,8.69,8.7735,8.51,8.51,3022
07/09/2020,8.58,8.58,8,8,7789
07/10/2020,8.13,8.5,8.11,8.5,5325
07/13/2020,8.4,8.49,7.86,7.86,10548
07/14/2020,7.6181,8.31,7.39,8.31,5064
07/15/2020,8.31,8.9395,7.911,8,32396
07/16/2020,7.96,8.02,7.64,7.8,10472
07/17/2020,8,8,7.27,7.5,11522
07/20/2020,7.74,7.8,6.98,7.01,13015
07/21/2020,7.17,7.81,7.1674,7.81,3142
07/22/2020,7.67,8.07,7.3053,7.78,5293
07/23/2020,7.6149,7.6149,7.3045,7.32,1580
07/24/2020,7.32,7.32,7.21,7.22,1900
07/27/2020,7.05,7.07,6.3,6.55,5164
07/28/2020,6.55,6.8526,6.5101,6.61,6503
07/29/2020,6.45,6.74,6.45,6.47,3638
07/30/2020,6.26,6.4,6.12,6.22,2398
07/31/2020,6.25,6.25,6.06,6.06,9635
08/03/2020,6.1,6.1,5.78,5.85,11720
08/04/2020,5.799,6.401,5.7,6.23,12001
08/05/2020,6.39,6.4665,6.14,6.22,6991
08/06/2020,6.26,6.584,6.24,6.46,3098
08/07/2020,6.24,6.7397,6.24,6.3,3114
08/10/2020,6.4877,6.98,6.4877,6.7938,7119
08/11/2020,6.9,8.48,6.9,7.57,13446
08/12/2020,7.54,8.22,7.54,7.82,6700
08/13/2020,7.95,8.03,6.57,7.1028,9713
08/14/2020,6.91,7.25,6.78,7.25,5322
08/17/2020,7.05,7.31,6.75,6.75,9392
08/18/2020,6.84,7.21,6.5,7.09,9203
08/19/2020,7.1,7.1,6.55,6.88,7945
08/20/2020,6.7058,6.8173,6.62,6.8173,1564
08/21/2020,6.93,6.93,6.5,6.565,4802
08/24/2020,6.72,7.165,6.52,6.93,12238
08/25/2020,7.15,7.42,6.8943,7.0501,6260
08/26/2020,6.99,7.2,6.855,7.2,4536
08/27/2020,6.88,6.955,6.51,6.933,5468
08/28/2020,7.02,7.38,6.9046,6.91,2602
08/31/2020,6.92,7.24,6.87,6.99,3900
09/01/2020,6.72,6.72,6.63,6.7,1835
09/02/2020,6.55,6.87,6.3,6.87,25274
09/03/2020,6.925,6.925,6.25,6.85,5947
09/04/2020,6.35,6.67,6.3,6.3,4602
09/08/2020,6.4,6.4,5.66,6.03,17026
09/09/2020,6.06,6.06,5.7,6.022,7317
09/10/2020,5.7801,6.22,5.7801,5.9401,4582
09/11/2020,5.5,5.98,5.4,5.59,8113
09/14/2020,5.828,5.969,5.76,5.95,1700
09/15/2020,6.02,6.0394,5.7499,5.9489,12981
09/16/2020,5.7,5.99,5.69,5.8431,2195
09/17/2020,5.95,6.5,5.8801,5.8801,9375
09/18/2020,5.85,6.272,5.8262,6.145,9643
09/21/2020,5.91,5.9196,5.41,5.7,4473
09/22/2020,6.0248,6.0248,5.58,5.9,3431
09/23/2020,5.68,5.68,4.85,5,23257
09/24/2020,5,5.21,4.95,5.21,8791
09/25/2020,5.04,5.3,4.95,5.3,8967
09/28/2020,5.19,5.74,5.19,5.55,3740
09/29/2020,5.69,5.69,4.8457,5.16,5561
09/30/2020,5.22,5.5,5.21,5.45,3485
10/01/2020,5.31,5.52,5.18,5.49,4828
10/02/2020,5.5,5.76,5.5,5.605,1699
10/05/2020,5.675,5.69,5.25,5.69,3500
10/06/2020,5.67,5.67,5.48,5.551,700
10/07/2020,5.33,5.5178,5.33,5.4803,2327
10/08/2020,5.31,5.43,5.25,5.43,2295
10/09/2020,5.5,5.55,5.44,5.44,4077
10/12/2020,5.2701,5.435,5.26,5.435,3618
10/13/2020,5.37,5.48,5.14,5.36,2561
10/14/2020,5.17,5.49,5.17,5.49,2413
10/15/2020,5.3,5.4,5.1,5.4,8694
10/16/2020,5.2752,5.536,5.2,5.48,7628
10/19/2020,5.4,5.56,5.4,5.5,3122
10/20/2020,5.57,6,5.405,6,8329
10/21/2020,5.8635,6,5.8635,6,1375
10/22/2020,6,6.08,5.9413,6.06,5730
10/23/2020,6.11,6.25,6.085,6.17,637
10/26/2020,6.11,6.125,6.05,6.125,2765
10/27/2020,6.01,6.09,6.01,6.09,1012
10/28/2020,5.9,5.9,5.65,5.85,9457
10/29/2020,5.63,6,5.62,6,3109
10/30/2020,5.9,5.9406,5.8201,5.9,2004
11/02/2020,5.54,6.3398,5.53,6.2,8954
11/03/2020,6.15,6.33,5.83,6.135,9855
11/04/2020,5.9501,6.1,5.9501,6.1,4875
11/05/2020,5.9507,6.0002,5.95,6,1600
11/06/2020,6.01,6.0375,6,6,2200
11/09/2020,7.88,8.95,7.7,8.8473,29796
11/10/2020,8.88,8.9,8.25,8.63,22395
11/11/2020,8.3954,9.05,8.3954,8.91,28706
11/12/2020,8.73,8.73,7.765,8,20318
11/13/2020,7.85,7.99,7.51,7.86,32034
11/16/2020,8.16,8.4262,7.95,8.35,36658
11/17/2020,8.24,8.49,8.24,8.32,3300
11/18/2020,8.5,9.81,8.37,8.87,18499
11/19/2020,8.74,9.1,8.74,9.1,3210
11/20/2020,8.8736,9.27,8.82,9.05,3681
11/23/2020,9.29,10,9.2,10,3555
11/24/2020,10.03,12.4,10.03,11.88,17850
11/25/2020,11.6601,11.92,11.6601,11.88,2454
11/27/2020,11.655,11.85,11.655,11.85,600
11/30/2020,10.905,11.4,10.905,11.1053,5762
12/01/2020,11.89,11.99,10.8688,11.15,3418
12/02/2020,11.64,11.85,11.64,11.85,1550
12/03/2020,11.95,12.395,11.4683,12.332,6250
12/04/2020,12.04,12.04,12.04,12.04,100
12/07/2020,12.355,14.12,12.355,12.84,22263
12/08/2020,12.77,13.0499,12.53,12.99,39101
12/09/2020,12.96,13.75,12.96,13.54,8503
12/10/2020,13.2885,13.7972,13.2885,13.65,2513
12/11/2020,13.66,13.87,13,13.52,6083
12/14/2020,13.8,13.88,13.3,13.57,6506
12/15/2020,13.3,13.65,13.11,13.46,5410
12/16/2020,12.65,13.783,12.61,13.6,2994
12/17/2020,13.3,13.7445,13.02,13.3,2256
12/18/2020,13.36,13.36,12.8,13.0655,2210
12/21/2020,12.54,12.58,12.235,12.27,3956
12/22/2020,12.05,12.298,12,12.03,2400
12/23/2020,12.26,12.26,12,12,2686
12/24/2020,12.08,12.15,12.03,12.05,500
12/28/2020,12.03,12.4,12.03,12.4,6948
12/29/2020,12.08,12.1,11.53,12.06,10986
12/30/2020,11.82,12.25,11.82,11.9,6237
12/31/2020,11.81,11.81,11.2,11.41,7259
