09/16/2014,22,22.39,20.66,21.54,22200
09/17/2014,22,22.2,22,22,26500
09/18/2014,22.5,23.3,22.02,23.1,48400
09/19/2014,23.55,23.55,22.04,23,27100
09/22/2014,23.09,23.44,22.82,23.44,101200
09/23/2014,23.05,24.25,23.04,23.9,109400
09/24/2014,24.26,26.25,22.93,24,144800
09/25/2014,23.55,23.75,22.5,22.6,135400
09/26/2014,22.5,22.61,21.5,21.75,913400
09/29/2014,21.4,21.4,19.55,19.66,738072
09/30/2014,19.85,20.2,19.49,19.75,602847
10/01/2014,19.283,19.51,19.006,19.233,589829
10/02/2014,19.72,21.86,19.45,21.776,1123121
10/03/2014,21.56,23.28,21.25,21.75,1960450
10/06/2014,21.88,22,20.21,20.51,377250
10/07/2014,20.79,21.9995,19.7,19.72,563179
10/08/2014,19.88,20.138,19.61,19.78,450212
10/09/2014,19.64,21.74,19.6,21.35,588130
10/10/2014,21.35,21.56,19.7,20.66,330586
10/13/2014,20.96,21.29,19.7,20.33,291467
10/14/2014,20.74,20.86,19.935,20.5,262959
10/15/2014,20.1,21.48,19.88,20.64,235795
10/16/2014,20.27,20.756,19.9,20.51,376093
10/17/2014,20.65,22.08,20.45,21.74,478324
10/20/2014,21.5,21.69,19.34,20.06,750489
10/21/2014,19.97,20.55,19.7,19.8,221742
10/22/2014,19.85,20.97,19.72,20.7,204460
10/23/2014,21.25,21.8,21,21.66,163803
10/24/2014,21.59,22.336,21.585,21.82,92030
10/27/2014,21.6099,22.01,21.39,21.85,96660
10/28/2014,21.9,22.8599,21.86,22.52,72062
10/29/2014,22.5,22.99,22.06,22.66,44453
10/30/2014,22.63,23.03,21.8,22.98,99615
10/31/2014,23.5,27.68,23.17,24.49,159899
11/03/2014,24.73,24.9,22.44,23.44,145429
11/04/2014,23.4,23.4,22.53,22.79,81925
11/05/2014,23,24.02,21.9,23.53,234152
11/06/2014,23.67,25.42,23.43,24.53,61649
11/07/2014,24.19,25.025,23.39,24.68,45674
11/10/2014,24.97,25,23.817,24.505,106201
11/11/2014,25,26.49,24.4,25.94,242179
11/12/2014,25.82,25.96,24.4,24.71,96960
11/13/2014,24.81,25.8,24.72,25.5,80432
11/14/2014,25.5,25.75,25,25.46,157820
11/17/2014,25.93,26.34,25.58,25.63,208898
11/18/2014,25.89,27.08,25.5,26.86,199286
11/19/2014,26.78,26.78,25.92,26.01,68260
11/20/2014,26.17,27.359,26.0001,26.82,173896
11/21/2014,26.83,27.139,26.7601,26.92,100989
11/24/2014,26.89,27.555,26.51,27.24,157826
11/25/2014,27.2,27.85,27.115,27.45,194552
11/26/2014,27.6,28.52,27.2,27.73,203365
11/28/2014,28.17,29.31,27.79,28.26,91539
12/01/2014,28.26,28.8966,28.26,28.31,84080
12/02/2014,28.39,29.07,28.01,28.56,92134
12/03/2014,28.71,29.86,28.56,29.65,95340
12/04/2014,29.48,29.725,29.14,29.55,82833
12/05/2014,29.6,30.665,29.6,30.65,84068
12/08/2014,30.65,31.122,29.26,29.66,85990
12/09/2014,29.55,29.81,28.9,29.39,79859
12/10/2014,29.18,29.95,28.9,29.58,56698
12/11/2014,29.57,31.005,29.44,30.66,57806
12/12/2014,29.91,31,29.91,30.8,50443
12/15/2014,31.23,32.34,30.82,31.25,134040
12/16/2014,31.06,31.768,31,31.24,71210
12/17/2014,31.12,31.23,29.72,29.76,119715
12/18/2014,29.84,30.11,28.48,29.75,83881
12/19/2014,29.69,29.84,28.92,29.46,96408
12/22/2014,29.6,29.915,28.7,29.36,56389
12/23/2014,29.28,29.69,28.7,29.64,40350
12/24/2014,29.78,30.31,29.5,29.96,36235
12/26/2014,30.01,30.285,28.405,28.71,58078
12/29/2014,28.87,28.87,27.6952,28.05,87718
12/30/2014,27.9,27.9,26.67,26.96,94858
12/31/2014,27.02,28.53,27.02,27.47,92778
01/02/2015,27.5,27.81,26.835,27.39,89848
01/05/2015,26.81,26.8975,24.57,25.04,366319
01/06/2015,24.84,27.151,24.81,26.6,693907
01/07/2015,26.14,27.04,25.89,26.82,287046
01/08/2015,26.89,30.42,26.85,28.39,216434
01/09/2015,28.32,28.79,27.51,28.36,153865
01/12/2015,28.51,28.7222,27.41,27.69,85512
01/13/2015,27.59,28.19,27.26,27.85,73261
01/14/2015,27.52,28.4599,27,27.11,114954
01/15/2015,26.93,27.74,26.76,26.87,55546
01/16/2015,26.52,27.365,26.52,27.24,86190
01/20/2015,27.15,27.39,26.39,27.05,86650
01/21/2015,27.13,27.45,26.564,26.94,75071
01/22/2015,26.93,27.3,26.7,27.24,128181
01/23/2015,27.23,27.57,27.19,27.45,20021
01/26/2015,27.5,28,27.3,27.98,55316
01/27/2015,27.6,28.62,27.48,28.21,58726
01/28/2015,28.58,28.63,28,28.1,65854
01/29/2015,28.22,28.25,27.62,27.84,50144
01/30/2015,27.77,28.33,27.265,27.84,119685
02/02/2015,27.78,28.373,27.6168,28.19,120860
02/03/2015,28.27,30.17,28.08,29.88,90972
02/04/2015,29.66,29.76,28.01,28.63,172628
02/05/2015,28.92,29.3895,28.39,28.88,103195
02/06/2015,28.74,29,28.1401,28.54,83838
02/09/2015,28.29,29.73,28.29,29.42,72412
02/10/2015,29.57,29.74,29.08,29.22,98345
02/11/2015,28.96,29.22,28.83,29,38073
02/12/2015,28.97,30.2,28.97,30.17,50965
02/13/2015,30.06,31.28,30.06,31.245,31667
02/17/2015,31.5,31.7,30.78,31.41,59701
02/18/2015,31.03,31.92,31.03,31.59,50329
02/19/2015,31.6,32.14,31.46,31.94,20162
02/20/2015,31.75,32.56,31.75,32.09,58065
02/23/2015,31.95,32.26,31.71,31.75,36930
02/24/2015,31.74,32.22,31.74,31.94,65387
02/25/2015,31.8,32.34,31.8,32.04,33546
02/26/2015,31.93,32.93,31.93,32.38,34580
02/27/2015,32.31,32.645,31.76,31.79,110722
03/02/2015,31.75,32.95,31.75,32.48,78878
03/03/2015,32.63,33.76,32.24,33.73,85033
03/04/2015,33.52,33.7,31.6,32.21,86062
03/05/2015,32.1,32.285,31.77,31.79,66322
03/06/2015,31.65,31.98,31.25,31.38,52341
03/09/2015,31.3,31.5,30.89,30.9,64402
03/10/2015,30.75,31.25,30.75,30.79,42127
03/11/2015,30.85,31.95,30.8,31.95,36229
03/12/2015,31.89,32.7,31.89,32.47,21021
03/13/2015,32.24,32.44,31.95,32.03,25386
03/16/2015,32.24,33.04,32.2,32.42,51277
03/17/2015,29.88,29.99,27.27,28.74,266340
03/18/2015,28.3,28.3,26.77,26.81,235916
03/19/2015,26.41,26.41,24.9599,25.02,133858
03/20/2015,25.37,25.37,24.78,24.97,108635
03/23/2015,25.05,25.8,25.05,25.5,58031
03/24/2015,25.52,25.9,24.9675,25.06,95128
03/25/2015,25.04,25.48,24.94,24.98,54081
03/26/2015,24.94,25.49,24.88,25.34,76940
03/27/2015,25.47,25.75,25.18,25.63,73605
03/30/2015,25.6,25.6,25.21,25.52,58619
03/31/2015,25.3,25.66,25.1,25.53,102873
04/01/2015,25.51,25.8,25.16,25.65,69931
04/02/2015,25.66,25.738,25.3203,25.6897,54299
04/06/2015,25.5,25.99,25.5,25.9697,28016
04/07/2015,25.84,26.08,25.66,25.9,83708
04/08/2015,26.12,27.6,25.98,27.33,121095
04/09/2015,27.21,28.18,27.17,28.1065,66743
04/10/2015,28.04,28.27,27.81,27.84,67700
04/13/2015,27.57,28.05,27.57,27.92,85213
04/14/2015,27.86,28.825,27.75,28.54,148396
04/15/2015,28.52,28.67,28.01,28.41,113945
04/16/2015,28.24,28.4,28.0105,28.1,27793
04/17/2015,28,28.11,26.94,26.98,48953
04/20/2015,27.3,27.6,27.02,27.28,42552
04/21/2015,27.23,27.49,26.205,26.355,37864
04/22/2015,26.23,26.458,25.88,26.03,43382
04/23/2015,26.15,26.15,25.78,25.91,36463
04/24/2015,25.95,26.08,25.7125,25.85,34371
04/27/2015,25.86,25.98,25.51,25.85,47760
04/28/2015,25.72,26.08,25.5,26.01,55182
04/29/2015,25.8,26.4801,25.69,26.3,56682
04/30/2015,26.17,27.08,25.37,25.47,105612
05/01/2015,25.6,25.75,25.2,25.6,54179
05/04/2015,25.6,26.61,25.46,26.05,44483
05/05/2015,26.05,26.31,24.9,24.98,56161
05/06/2015,25.13,25.7,24.69,25.02,68559
05/07/2015,25.28,26.23,25.25,25.46,112707
05/08/2015,25.52,25.98,24.98,25.562,67034
05/11/2015,25.57,26.67,25.57,26.27,77874
05/12/2015,26.21,26.44,25.46,26.36,49783
05/13/2015,26.49,26.88,25.92,26.4,79239
05/14/2015,26.36,26.7,25,25.9,76912
05/15/2015,25.81,25.925,24.8801,25.6001,117152
05/18/2015,25.5,25.91,24.6,25.66,82789
05/19/2015,25.75,26.49,24.51,26.29,96189
05/20/2015,26.23,26.52,25.25,26.34,83018
05/21/2015,26.06,26.26,24.73,24.79,109528
05/22/2015,24.78,25.77,24.14,25.7,53293
05/26/2015,25.84,25.93,24.45,25.18,59225
05/27/2015,25.17,25.84,24.43,25.51,54807
05/28/2015,25.42,25.86,24.91,25.74,44227
05/29/2015,25.63,25.63,24.998,25.09,93951
06/01/2015,25,25.92,25,25.7301,78281
06/02/2015,25.69,26.56,25.6,25.89,36637
06/03/2015,26.06,26.24,25.68,26.01,39245
06/04/2015,25.91,26.17,24.98,25.04,53996
06/05/2015,25,25.1971,24.23,25.07,87191
06/08/2015,25.11,25.615,24.57,25.5,84394
06/09/2015,25.39,25.39,24.32,24.41,68281
06/10/2015,24.57,25.75,24.57,25.27,94033
06/11/2015,25.23,25.3099,24.61,24.67,48996
06/12/2015,24.43,24.69,24,24.35,48328
06/15/2015,24.07,24.3,23.6,24.01,39433
06/16/2015,23.93,24.86,23.76,24.56,69961
06/17/2015,24.61,24.61,23.98,24.07,55506
06/18/2015,23.92,24.42,23.895,24.16,83126
06/19/2015,24.19,24.29,23.82,23.99,212174
06/22/2015,24.1,24.82,24.02,24.66,194932
06/23/2015,24.7,25,24.5,24.77,127943
06/24/2015,24.79,25.5,24.58,25.4,116398
06/25/2015,25.32,25.46,24.55,25.12,81445
06/26/2015,25,25.33,24.64,25.22,623428
06/29/2015,24.8,25.33,24.6,25.02,93576
06/30/2015,25.12,25.34,24.82,24.9,78923
07/01/2015,25.18,25.66,24.39,25.65,116302
07/02/2015,25.45,25.45,24.18,24.41,53299
07/06/2015,24.19,24.74,24.02,24.68,67723
07/07/2015,24.59,24.59,23.71,23.81,61734
07/08/2015,23.75,24.2392,23.21,23.62,126080
07/09/2015,23.92,24.33,23.74,24.12,49320
07/10/2015,24.4,24.44,24.08,24.11,25963
07/13/2015,24.3,24.78,24.09,24.2,38390
07/14/2015,24.08,25.27,24.08,25.26,70137
07/15/2015,25.14,25.24,24.61,25.17,44403
07/16/2015,25.2,25.99,24.96,25.2,54505
07/17/2015,25.2,25.2,24.01,24.19,57581
07/20/2015,24.18,24.23,22.93,23.19,85108
07/21/2015,23.18,24.75,23.18,24.65,73874
07/22/2015,24.52,24.6893,24.14,24.62,48504
07/23/2015,24.48,25.148,24.2,24.52,75568
07/24/2015,24.41,24.64,23.68,23.73,91320
07/27/2015,23.58,23.75,22.78,22.95,37749
07/28/2015,22.99,23.09,21.95,22.87,72744
07/29/2015,22.77,23.11,22.47,22.97,57685
07/30/2015,22.71,23.15,22.5301,23.12,28276
07/31/2015,23.23,23.742,22.99,23.2,51653
08/03/2015,23.2,23.606,22.63,23.03,74720
08/04/2015,22.87,23.08,22.23,22.61,36365
08/05/2015,22.75,23.5,22.75,23.42,57947
08/06/2015,23.3,26.73,22.9,26.29,177632
08/07/2015,26.09,27,25.25,25.4,185530
08/10/2015,25.5,26.24,25.2,26.14,103279
08/11/2015,25.87,26.33,24.6,25.41,241233
08/12/2015,25.11,26.42,25,26.16,104832
08/13/2015,26.08,26.14,25.48,25.77,64757
08/14/2015,25.74,26.92,25.62,26.91,76545
08/17/2015,26.97,26.97,26.2,26.64,65269
08/18/2015,26.54,26.71,26.08,26.57,47935
08/19/2015,26.36,27,25.72,26.7,97284
08/20/2015,26.51,26.51,26.06,26.11,151444
08/21/2015,25.21,26.49,25.21,25.8,103923
08/24/2015,24.45,25.84,24.22,25.07,74342
08/25/2015,25.7,25.7,24.16,24.26,99062
08/26/2015,24.7,25.22,24.01,25.2,72486
08/27/2015,25.37,25.5,24.57,24.87,62727
08/28/2015,24.73,24.85,23.85,24.02,88512
08/31/2015,23.82,24.9,23.46,24.84,53811
09/01/2015,24.55,24.665,23.89,23.94,125080
09/02/2015,24.27,24.52,23.61,24.44,52905
09/03/2015,24.5,24.6,24.06,24.19,64044
09/04/2015,23.96,23.96,23.2,23.34,30981
09/08/2015,23.81,23.81,23.35,23.61,52308
09/09/2015,23.73,23.9,23.2,23.32,51590
09/10/2015,23.24,23.43,22.835,22.97,62213
09/11/2015,22.86,23.6,22.62,23.56,44779
09/14/2015,23.6,23.6,22.93,23.17,43414
09/15/2015,23.03,24.02,23.03,23.75,46180
09/16/2015,23.64,23.77,23.2,23.56,89747
09/17/2015,23.44,23.93,23.34,23.55,125328
09/18/2015,23.18,23.5799,22.98,23.42,57676
09/21/2015,23.69,23.99,23.31,23.7,65524
09/22/2015,23.39,23.39,22.34,22.98,56886
09/23/2015,22.9,23.335,22.77,23.08,68062
09/24/2015,22.82,23.09,22.6,22.97,51649
09/25/2015,23,23.11,21.98,22.05,40086
09/28/2015,21.85,22.44,21.54,21.78,96878
09/29/2015,21.72,22.66,21.72,22.59,95139
09/30/2015,22.65,22.65,21.59,22.07,96510
10/01/2015,22.23,22.42,21.9,22.11,27867
10/02/2015,21.94,22.21,21.222,22.2,40892
10/05/2015,22.29,23.3,22.29,23.18,61583
10/06/2015,23.28,23.28,22.635,22.68,32109
10/07/2015,22.67,23.47,22.37,23.15,80216
10/08/2015,23.21,23.51,22.91,23.14,41029
10/09/2015,23.19,23.92,23.19,23.55,51118
10/12/2015,23.69,23.89,23.47,23.68,55122
10/13/2015,23.7,24.04,23.58,23.8,69992
10/14/2015,23.74,23.95,22.51,22.6,95080
10/15/2015,22.7,23.71,21.76,23.68,105323
10/16/2015,23.78,24.34,22.42,24.02,111218
10/19/2015,23.97,24.59,23.64,24.27,73935
10/20/2015,24.15,24.5,24.07,24.25,32064
10/21/2015,24.39,24.48,23.69,23.74,24577
10/22/2015,23.74,24.25,23.3,23.71,82866
10/23/2015,24.03,25.04,23.96,24.92,43339
10/26/2015,24.96,25.01,24.24,24.46,36629
10/27/2015,24.23,24.23,23.365,23.65,34092
10/28/2015,23.87,25.1,23.55,24.99,57172
10/29/2015,24.82,25.08,24.165,24.59,37485
10/30/2015,24.49,24.99,24.4,24.93,46712
11/02/2015,24.94,25.15,24.62,25,49115
11/03/2015,25,25.73,24.9473,25.355,126468
11/04/2015,25.42,25.62,24.74,25.34,60321
11/05/2015,25.96,27.275,25.51,25.83,94297
11/06/2015,25.85,26.31,25.65,26.15,80675
11/09/2015,26.07,26.45,24.69,24.75,80342
11/10/2015,24.75,24.92,24.085,24.3,76914
11/11/2015,24.46,24.5,24,24.06,47987
11/12/2015,23.95,23.95,23.3,23.39,38041
11/13/2015,23.2,23.48,22.88,22.98,96652
11/16/2015,23.05,23.495,22.78,23.23,117742
11/17/2015,23.25,23.545,22.85,22.95,81873
11/18/2015,22.94,23.59,22.76,23.5897,88358
11/19/2015,23.53,23.815,23.36,23.5,61210
11/20/2015,23.65,23.859,23.37,23.6299,53318
11/23/2015,23.59,24.14,23.59,24.01,29496
11/24/2015,24.06,24.47,23.76,24.3,41036
11/25/2015,24.39,24.8885,24.16,24.66,23784
11/27/2015,24.84,24.89,24.52,24.56,9541
11/30/2015,24.56,24.85,24.12,24.12,56642
12/01/2015,24.18,24.5391,23.96,24.33,40184
12/02/2015,24.31,24.32,23.93,24.04,30038
12/03/2015,24.03,24.28,23.27,23.4,65497
12/04/2015,23.53,23.72,23.1,23.47,55527
12/07/2015,23.21,23.3,22.34,22.56,80942
12/08/2015,22.32,22.68,22.12,22.16,37509
12/09/2015,22.01,22.2,21.42,21.62,79422
12/10/2015,21.71,22.42,21.6175,22.39,78574
12/11/2015,21.96,22.06,21.31,21.4301,82464
12/14/2015,21.63,21.85,20.97,21.47,56985
12/15/2015,21.58,21.8,21.32,21.72,78219
12/16/2015,21.73,21.9,21.24,21.6,64329
12/17/2015,21.72,22.09,21.41,21.9,98782
12/18/2015,21.65,21.74,20.772,21.01,118456
12/21/2015,20.97,21.28,20.27,21.2,99478
12/22/2015,21.29,21.34,20.6,21.13,52923
12/23/2015,21.25,21.53,21.14,21.45,38708
12/24/2015,21.42,21.64,21.42,21.48,5451
12/28/2015,21.47,21.53,20.84,21.38,44643
12/29/2015,21.41,21.82,21.15,21.52,38893
12/30/2015,21.44,21.7,21.35,21.46,52264
12/31/2015,21.35,21.38,20.86,20.88,43998
01/04/2016,20.4,20.68,19.76,19.85,58269
01/05/2016,19.82,20.23,19.62,20.05,60101
01/06/2016,19.87,20.48,19.8152,20.3,65765
01/07/2016,20.02,20.3,19.64,19.75,46902
01/08/2016,20.56,21.3,20.09,20.79,82490
01/11/2016,20.83,21.23,20.39,20.77,65663
01/12/2016,21.1,21.59,20.865,21.54,44721
01/13/2016,21.49,21.54,19.56,19.83,73701
01/14/2016,19.85,20.18,19.26,20.01,49377
01/15/2016,19.54,20.17,19.12,20.05,55736
01/19/2016,20.21,20.22,18.77,18.92,81651
01/20/2016,18.59,19.73,18.27,19.58,65725
01/21/2016,19.52,19.66,18.83,18.84,44284
01/22/2016,19.32,19.44,18.97,19.24,56258
01/25/2016,19.26,19.28,18.86,18.94,32414
01/26/2016,19.05,19.57,18.9,19.3,23969
01/27/2016,19.31,19.31,18.86,18.88,59372
01/28/2016,19.12,19.13,18.67,18.79,30852
01/29/2016,18.86,19.85,18.86,19.76,60873
02/01/2016,19.71,19.71,19.19,19.22,21036
02/02/2016,19.18,19.25,18.53,18.7,33993
02/03/2016,18.85,18.85,18.09,18.77,24035
02/04/2016,18.67,19.0418,18.555,18.61,16050
02/05/2016,18.53,18.53,17.908,18.05,37093
02/08/2016,17.77,18.19,17.4801,18.12,28335
02/09/2016,17.86,18.095,17.39,17.81,46268
02/10/2016,17.94,18.75,17.75,18.03,47821
02/11/2016,17.76,18.19,17.25,17.77,67966
02/12/2016,17.78,18.315,17.72,18.192,31170
02/16/2016,18.42,18.94,18.15,18.58,64217
02/17/2016,18.67,18.85,18.51,18.72,43527
02/18/2016,18.7,18.95,18.63,18.82,37707
02/19/2016,18.74,18.95,18.605,18.93,27879
02/22/2016,19,19.1292,18.29,18.36,54716
02/23/2016,18.26,18.91,18.26,18.58,45125
02/24/2016,18.33,18.894,18.28,18.6,21082
02/25/2016,18.71,19.23,18.68,19.08,12452
02/26/2016,19.08,19.36,18.8,19.22,20209
02/29/2016,19.14,19.42,19.14,19.26,33832
03/01/2016,19.36,19.62,19.23,19.37,25751
03/02/2016,19.29,19.78,19.24,19.61,27406
03/03/2016,19.59,20.11,19.52,19.76,23486
03/04/2016,19.75,20.33,19.5201,20.05,28438
03/07/2016,19.93,20.15,19.93,20.14,20233
03/08/2016,20.09,20.09,19.78,19.82,24503
03/09/2016,19.86,20.5,19.84,20.34,15572
03/10/2016,20.35,20.35,19.93,20.01,27182
03/11/2016,20.24,20.59,20.1,20.53,17660
03/14/2016,20.32,21.14,20.14,20.29,29811
03/15/2016,20.27,20.27,19.66,19.91,35075
03/16/2016,20.42,22.44,20.26,21.79,170977
03/17/2016,21.83,22.1299,21.31,21.71,55781
03/18/2016,21.86,22.67,21.28,22.59,102605
03/21/2016,22.64,22.99,22.375,22.89,67551
03/22/2016,22.7,22.7,21.8,21.9,35709
03/23/2016,21.89,22.12,21.07,21.1,28761
03/24/2016,21.06,21.86,20.8301,21.75,31007
03/28/2016,21.74,22,21.38,21.443,21954
03/29/2016,21.46,23.13,21.45,23.04,58503
03/30/2016,23.06,23.2499,22.05,22.44,41629
03/31/2016,22.57,22.86,22.44,22.75,28512
04/01/2016,22.54,22.78,22.51,22.75,39331
04/04/2016,22.59,23.175,22.205,22.23,33835
04/05/2016,22.18,22.26,21.8,21.88,16064
04/06/2016,21.86,22.48,21.5,22.36,31333
04/07/2016,22.14,22.43,21.72,21.88,16164
04/08/2016,21.96,22.17,21.75,22.16,29478
04/11/2016,22.22,22.2804,21.42,21.54,30284
04/12/2016,21.52,21.99,21.39,21.82,26722
04/13/2016,21.95,22.54,21.95,22.5,31630
04/14/2016,22.46,22.46,21.88,21.91,21382
04/15/2016,22.04,22.385,21.87,22.26,19661
04/18/2016,22.16,22.85,22.16,22.67,38165
04/19/2016,22.79,22.96,22.58,22.7,15105
04/20/2016,22.61,22.99,22.5,22.87,28729
04/21/2016,22.69,22.73,21.73,21.83,45039
04/22/2016,21.83,22.11,21.77,22.08,46989
04/25/2016,21.92,21.99,21.5,21.83,31244
04/26/2016,21.8,21.9,21.61,21.85,42318
04/27/2016,21.78,21.9568,21.66,21.81,33013
04/28/2016,21.8,21.9499,21.62,21.71,24518
04/29/2016,21.63,21.84,21.26,21.56,92181
05/02/2016,21.53,22.02,21.53,22.01,80398
05/03/2016,21.99,22.19,21.39,21.71,21374
05/04/2016,21.67,21.85,21.44,21.61,31163
05/05/2016,21.6,21.75,21.26,21.34,20442
05/06/2016,21.3,21.85,21.24,21.65,28023
05/09/2016,21.64,22.15,21.44,22.04,29245
05/10/2016,22.05,22.17,21.75,21.85,47270
05/11/2016,22.55,24.21,22.55,23.39,86480
05/12/2016,23.43,23.741,22.574,22.73,61208
05/13/2016,22.69,24.49,22.69,24.23,72155
05/16/2016,24.14,25.08,24.11,24.39,132862
05/17/2016,24.27,24.52,23.26,23.42,69446
05/18/2016,23.33,23.95,23.16,23.68,41028
05/19/2016,23.61,23.61,22.76,23.03,71318
05/20/2016,23.21,24.58,23.12,24.52,89522
05/23/2016,24.74,25.17,24.43,24.51,83472
05/24/2016,24.82,25.04,24.3,24.79,43583
05/25/2016,24.94,24.94,24.48,24.49,43439
05/26/2016,24.49,25.06,24.2701,24.82,54763
05/27/2016,24.91,25.01,24.76,24.94,24500
05/31/2016,24.85,25.6,24.2657,25.43,51532
06/01/2016,25.29,25.6,25.16,25.5079,34364
06/02/2016,25.4,25.75,25.4,25.6,49078
06/03/2016,25.61,25.6576,25.29,25.5,33173
06/06/2016,25.37,25.74,25.37,25.62,36710
06/07/2016,25.75,25.75,25.39,25.4,17465
06/08/2016,25.34,25.9899,25.22,25.74,58713
06/09/2016,25.51,25.99,25.51,25.86,53126
06/10/2016,25.63,26.24,25.59,26.23,35304
06/13/2016,26.24,26.24,25.8,25.82,41495
06/14/2016,25.79,26.08,25.71,25.99,23122
06/15/2016,26.15,26.15,25.76,25.94,24693
06/16/2016,25.8,26.13,25.6,26.1,20333
06/17/2016,26.13,26.3389,25.97,26.24,58610
06/20/2016,26.42,26.91,26.26,26.53,61997
06/21/2016,26.6,26.6,26.08,26.42,59613
06/22/2016,26.28,26.7,26.28,26.58,46432
06/23/2016,26.73,26.95,26.73,26.85,62725
06/24/2016,25.72,26.785,25.72,26.64,314491
06/27/2016,26.5,27.04,26.5,27,116804
06/28/2016,27.23,27.43,26.65,27.3,51989
06/29/2016,27.5,28.3,27.32,28.29,77246
06/30/2016,28.26,28.99,28.26,28.4,99104
07/01/2016,28.61,29.25,28.453,29.21,50098
07/05/2016,29.11,29.36,28.78,28.78,51512
07/06/2016,28.64,29.2,28.64,29.085,47621
07/07/2016,29.06,29.36,28.52,28.71,75616
07/08/2016,28.9,29.87,28.815,29.84,46773
07/11/2016,29.87,30.79,29.85,30.43,70532
07/12/2016,30.64,30.665,30.195,30.38,53880
07/13/2016,30.42,30.96,29.9701,30.66,54733
07/14/2016,30.7,31.09,30.63,30.6875,56352
07/15/2016,30.87,31.3,30.54,31.25,68903
07/18/2016,31.27,31.3,30.56,30.6,57271
07/19/2016,30.43,31.16,30.43,31.11,47227
07/20/2016,31.2,31.51,30.77,31.1,54432
07/21/2016,31.01,31.1,30.89,30.96,55140
07/22/2016,31.31,31.31,30.52,30.64,43969
07/25/2016,30.63,30.99,30.57,30.82,80245
07/26/2016,30.74,31.32,30.74,30.94,64218
07/27/2016,31,31.33,30.82,31.08,55123
07/28/2016,31.06,31.15,30.42,30.83,62825
07/29/2016,30.87,31.18,30.47,31.15,54477
08/01/2016,31.07,31.85,30.68,31.31,79254
08/02/2016,31.37,31.74,31.011,31.31,113959
08/03/2016,31.08,31.86,31.04,31.29,92720
08/04/2016,31.21,31.347,30.84,30.99,89623
08/05/2016,31.01,32.28,31.01,32.08,99817
08/08/2016,32.17,32.72,31.9,32.66,66856
08/09/2016,32.85,33.25,32.48,33.21,85264
08/10/2016,33.2,33.2,30.06,30.99,208584
08/11/2016,30.97,32.07,30.97,31.94,91251
08/12/2016,31.97,32.13,31.59,31.89,55878
08/15/2016,31.77,32.3799,31.51,32.13,81774
08/16/2016,31.98,32.82,31.91,32.64,93141
08/17/2016,32.69,32.69,31.23,32.31,110657
08/18/2016,32.27,32.74,32,32.38,50336
08/19/2016,32.27,32.73,31.835,32.66,45484
08/22/2016,32.62,32.74,32.25,32.57,29914
08/23/2016,32.66,32.99,32.47,32.84,48522
08/24/2016,32.89,33,32.59,32.69,34427
08/25/2016,32.5,33.27,32.42,33,67427
08/26/2016,33.04,33.91,32.98,33.18,41861
08/29/2016,33.17,33.17,32.7,32.82,51980
08/30/2016,32.9,34.98,32.76,34.6,326255
08/31/2016,34.73,34.73,33.62,33.72,72631
09/01/2016,32,32.2,25.15,26.9,613417
09/02/2016,26.84,27.06,25.78,26.37,192540
09/06/2016,26.51,26.6874,25.8001,26.21,119395
09/07/2016,26.31,27.21,26.05,27.06,105986
09/08/2016,27.05,27.45,27.05,27.36,74195
09/09/2016,27.32,27.54,27.201,27.21,137396
09/12/2016,27.19,27.7,27.01,27.68,75392
09/13/2016,27.48,27.64,27.196,27.54,85678
09/14/2016,27.59,27.65,27.28,27.56,67029
09/15/2016,27.49,27.85,27.27,27.67,83210
09/16/2016,27.62,27.69,26.99,27.02,79815
09/19/2016,26.9,27.9,26.69,27.69,79966
09/20/2016,27.9,28.08,27.24,27.24,27916
09/21/2016,27.29,28.435,27.28,28.35,59198
09/22/2016,28.62,29,28.42,28.66,75048
09/23/2016,28.52,28.92,28.34,28.67,56267
09/26/2016,28.69,28.69,28.19,28.19,46501
09/27/2016,28.17,28.24,27.81,27.94,44995
09/28/2016,28.04,28.33,27.79,27.93,64548
09/29/2016,27.84,28.28,27.6,27.63,72812
09/30/2016,17.99,18.9,12.5,15.22,2441984
10/03/2016,15.51,16.84,15.51,16.54,706660
10/04/2016,16.66,17.64,16.6,17.11,394819
10/05/2016,17.39,17.92,16.89,16.98,167100
10/06/2016,16.99,17.0775,16.0501,16.25,175353
10/07/2016,16.35,16.83,16.32,16.41,136553
10/10/2016,16.39,16.966,16.39,16.64,108612
10/11/2016,16.56,16.72,16.2,16.56,76157
10/12/2016,16.56,16.67,16.25,16.58,43594
10/13/2016,16.42,16.42,15.86,15.91,120144
10/14/2016,15.91,16.49,15.7692,16.22,94572
10/17/2016,16.1,16.89,16.1,16.87,125066
10/18/2016,17,17,16.06,16.15,106978
10/19/2016,16,16.62,15.88,16.51,217053
10/20/2016,16.53,16.73,16.35,16.63,95230
10/21/2016,16.42,16.82,16.35,16.77,65204
10/24/2016,16.78,17.24,16.591,17.16,88467
10/25/2016,17.23,17.36,16.59,16.6,81226
10/26/2016,16.59,16.99,16.47,16.65,75859
10/27/2016,16.64,16.88,16.39,16.56,85406
10/28/2016,16.59,16.65,16.3901,16.55,64221
10/31/2016,16.6,16.88,16.565,16.76,111332
11/01/2016,16.76,16.97,16.41,16.63,71179
11/02/2016,16.67,16.67,16.44,16.55,101535
11/03/2016,16.57,16.96,16.43,16.58,84790
11/04/2016,16.4157,16.93,16.4127,16.45,87939
11/07/2016,16.55,17.21,16.52,17.05,90315
11/08/2016,16.89,16.99,16.49,16.86,143745
11/09/2016,17.74,20.785,17.31,20.55,351769
11/10/2016,20.66,21.49,20.427,20.95,144957
11/11/2016,20.69,22.19,20.47,21.89,95381
11/14/2016,22.19,22.75,21.943,22.24,143207
11/15/2016,22.11,22.38,21.58,21.62,89875
11/16/2016,21.58,21.95,21.36,21.55,142843
11/17/2016,21.55,22.09,21.55,21.6,85764
11/18/2016,21.62,22.221,21.4,21.6,95221
11/21/2016,21.62,22.01,21.5,21.96,68743
11/22/2016,22.1,22.98,22.1,22.77,91305
11/23/2016,22.84,23.25,22.67,22.95,36157
11/25/2016,22.97,23.17,22.84,23.1,20223
11/28/2016,23.02,23.43,22.88,23.24,65261
11/29/2016,23.31,23.8,23.11,23.24,65629
11/30/2016,23.21,23.7099,22.82,23.1,71472
12/01/2016,23.02,23.535,22.63,22.88,52213
12/02/2016,23.09,23.23,22.63,23.08,40798
12/05/2016,23.05,23.69,23.05,23.59,79869
12/06/2016,23.59,23.99,23.315,23.63,41343
12/07/2016,23.72,24.29,23.72,23.99,62137
12/08/2016,23.97,24.48,23.84,24.34,59784
12/09/2016,24.51,24.722,24.1,24.19,35182
12/12/2016,24.21,24.28,23.72,24.01,69133
12/13/2016,24.42,24.525,22.69,22.75,174129
12/14/2016,22.89,23.46,22.57,22.6,184120
12/15/2016,22.78,23.75,22.5,23.52,65445
12/16/2016,23.68,23.68,22.65,23.47,133205
12/19/2016,24.16,25.28,24.0506,24.54,104955
12/20/2016,24.71,25.24,24.39,25.11,82798
12/21/2016,24.81,24.85,24.45,24.56,55627
12/22/2016,24.62,24.8199,23.82,23.96,40218
12/23/2016,23.88,24.215,23.82,24.01,21839
12/27/2016,24.03,24.59,24.03,24.24,24940
12/28/2016,24.22,24.24,23.66,23.9,40407
12/29/2016,23.89,24.31,23.31,23.95,40216
12/30/2016,24.28,24.28,23.59,23.89,43929
01/03/2017,23.98,24.11,23.56,23.97,45002
01/04/2017,24.15,24.435,23.98,24.36,64314
01/05/2017,24.16,24.36,23.66,23.82,50676
01/06/2017,23.86,23.99,23.42,23.64,40725
01/09/2017,23.5,23.79,23.23,23.45,35413
01/10/2017,23.59,24,23.55,23.97,30421
01/11/2017,24.01,24.18,23.76,24.04,36046
01/12/2017,23.85,24.06,23.3501,23.99,39594
01/13/2017,24.06,25.18,24.06,24.65,95454
01/17/2017,24.48,24.48,23.3,23.39,54032
01/18/2017,23.46,23.77,23.215,23.55,62574
01/19/2017,23.61,23.86,23.32,23.65,32474
01/20/2017,23.64,23.94,23.25,23.5,47445
01/23/2017,23.5,23.5,22.82,22.93,56386
01/24/2017,23.08,23.52,22.97,23.37,49615
01/25/2017,23.58,23.78,23.42,23.42,38994
01/26/2017,23.55,23.55,23.06,23.25,31466
01/27/2017,23.11,23.52,22.92,22.92,31439
01/30/2017,22.72,22.8075,22,22.31,46890
01/31/2017,22.11,22.74,22.11,22.53,27231
02/01/2017,22.75,23.05,22.54,22.68,29465
02/02/2017,22.58,22.89,22.29,22.49,38560
02/03/2017,22.65,22.66,22.03,22.45,54979
02/06/2017,22.44,22.79,22.4,22.47,44353
02/07/2017,22.62,22.665,22.2,22.27,37061
02/08/2017,22.06,22.23,21.7,22,32386
02/09/2017,21.99,22.76,21.99,22.45,131142
02/10/2017,22.65,23.65,22.65,23.37,63861
02/13/2017,23.61,23.9,23.39,23.56,54165
02/14/2017,23.61,23.83,23.45,23.56,40523
02/15/2017,23.69,23.8045,23.34,23.67,33218
02/16/2017,23.55,23.99,23.3,23.95,60426
02/17/2017,23.74,23.8,23.21,23.35,46773
02/21/2017,23.38,23.66,23.01,23.08,68833
02/22/2017,22.9,23.11,22.83,22.88,66288
02/23/2017,22.94,23.13,22.64,22.74,19128
02/24/2017,22.5,23.39,22.15,23.39,57570
02/27/2017,23.18,24.51,23.18,24.34,84193
02/28/2017,24.44,24.44,23.82,24.21,106307
03/01/2017,24.39,25,24.22,24.78,113717
03/02/2017,24.48,24.48,20.73,21.31,181152
03/03/2017,21.68,22.32,21.52,21.95,120496
03/06/2017,21.88,22.12,21.53,21.54,83343
03/07/2017,21.55,22.19,21.55,22.09,48734
03/08/2017,22.65,23.57,22.57,22.74,149478
03/09/2017,22.69,22.9,21.541,21.72,62440
03/10/2017,21.94,22.49,21.54,22.37,68675
03/13/2017,22.38,22.86,22.24,22.26,71435
03/14/2017,22.21,22.5,21.26,21.63,94246
03/15/2017,21.7,22.5,21.5745,22.09,73971
03/16/2017,22.19,22.92,22.19,22.92,57909
03/17/2017,22.94,24,22.94,23.76,133731
03/20/2017,23.7,23.83,23.265,23.45,56503
03/21/2017,23.54,23.54,22.17,22.25,74184
03/22/2017,22.35,22.7199,22,22.1,133092
03/23/2017,22.18,22.7,22.09,22.29,38020
03/24/2017,22.36,22.91,21.82,22.01,55486
03/27/2017,21.77,21.8,21.374,21.6,74116
03/28/2017,21.58,21.92,21.15,21.78,98660
03/29/2017,21.67,22.075,21.32,21.76,94755
03/30/2017,21.89,22.34,21.57,21.88,177448
03/31/2017,21.9,22.52,21.9,22.32,72610
04/03/2017,22.33,22.805,21.96,22.02,89271
04/04/2017,22.08,22.29,21.7,21.87,67318
04/05/2017,21.43,22.16,21.43,21.69,67040
04/06/2017,21.79,23.315,21.71,23.31,145544
04/07/2017,23.46,23.88,23.01,23.35,88318
04/10/2017,23.36,23.6699,22.52,22.65,68699
04/11/2017,22.46,23.87,22.46,23.85,150577
04/12/2017,23.84,23.84,23,23.17,93486
04/13/2017,23.15,23.405,22.37,22.67,102357
04/17/2017,22.7,23.06,22.68,22.92,68576
04/18/2017,22.83,23.64,22.83,23.52,62445
04/19/2017,23.71,24.42,23.37,23.89,83439
04/20/2017,24.06,24.51,23.96,24.42,67391
04/21/2017,24.35,24.61,23.71,24.2,81235
04/24/2017,24.84,24.96,24.4,24.63,83361
04/25/2017,24.98,25.58,24.96,25.23,94706
04/26/2017,25.51,25.95,25.46,25.899,100852
04/27/2017,25.99,26.38,25.76,26.01,65831
04/28/2017,26.42,26.42,25.29,25.44,60239
05/01/2017,25.59,26.53,25.31,26.12,55150
05/02/2017,26.21,26.43,25.62,26.17,126134
05/03/2017,25.96,26.1399,25.36,25.41,139365
05/04/2017,25.48,26.17,25.48,26.03,89688
05/05/2017,26.12,26.6723,25.77,26.44,80822
05/08/2017,26.29,26.65,25.99,26.07,79788
05/09/2017,26.19,26.8,25.81,26.58,98719
05/10/2017,29.9,32.55,29.37,29.78,432625
05/11/2017,29.82,30.0343,29.05,29.64,167021
05/12/2017,29.33,29.99,29.28,29.31,108048
05/15/2017,29.58,30.51,29.55,29.87,106657
05/16/2017,30.01,30.13,28.84,29.33,117259
05/17/2017,28.97,29.45,28.3391,29.16,106287
05/18/2017,28.94,29.55,28.66,28.89,155955
05/19/2017,28.94,29.5955,28.46,28.49,82382
05/22/2017,28.68,29.47,28.54,29.33,75863
05/23/2017,29.36,29.6,28.88,29.36,79159
05/24/2017,29.47,30.31,29.33,29.76,68279
05/25/2017,29.94,30.2,29.52,29.6,61362
05/26/2017,29.43,29.83,29.195,29.61,27078
05/30/2017,29.75,29.825,29.195,29.48,46640
05/31/2017,29.63,29.79,29.15,29.5,71559
06/01/2017,29.61,30.01,29.23,29.99,59765
06/02/2017,30.04,30.77,29.94,29.98,43252
06/05/2017,29.76,29.96,29.42,29.75,48543
06/06/2017,29.7,29.96,29.41,29.5,61469
06/07/2017,29.5,30.11,29.35,29.49,63057
06/08/2017,29.48,30.42,29.3,30.23,43194
06/09/2017,30.28,31.26,29.65,30.72,59001
06/12/2017,30.72,31.445,30.3,30.48,81903
06/13/2017,30.42,31.35,30.38,31.35,94399
06/14/2017,31.28,32.47,31.07,32.2,89823
06/15/2017,32,32.41,30.99,32.29,96670
06/16/2017,31.76,32.03,30.78,31.13,92489
06/19/2017,31.21,31.53,30.69,30.94,63183
06/20/2017,31.3,31.54,30.7,31.03,74354
06/21/2017,30.95,31.04,29.83,30.05,29572
06/22/2017,30.03,30.465,29.79,29.99,24289
06/23/2017,29.93,30.25,29.72,30.18,113755
06/26/2017,30.2,30.87,30.03,30.86,48148
06/27/2017,30.88,31.46,30.66,31.24,60348
06/28/2017,31.36,32.62,31.27,32.41,126436
06/29/2017,32.42,32.9305,31.57,32.48,78429
06/30/2017,32.47,32.62,31.78,32.31,77211
07/03/2017,32.41,33.12,32.379,33.01,60118
07/05/2017,33.01,33.29,32.8,32.94,107732
07/06/2017,32.6,32.81,32.135,32.37,40869
07/07/2017,32.51,32.91,32.08,32.52,96075
07/10/2017,32.52,34,32.36,33.95,103452
07/11/2017,33.76,34.42,33.45,34.25,83862
07/12/2017,34.75,35.25,34.11,34.27,49292
07/13/2017,34.35,34.35,33.59,34.24,38570
07/14/2017,34.19,34.47,33.85,34.34,52383
07/17/2017,34,34.76,34,34.25,73902
07/18/2017,34.26,34.26,33.59,34.1,34084
07/19/2017,34.17,34.96,33.95,34.49,83665
07/20/2017,34.44,35.08,34.185,34.62,57092
07/21/2017,34.97,34.97,34.27,34.37,48503
07/24/2017,34.25,35.11,34.25,34.82,69953
07/25/2017,34.98,35.58,34.57,35.22,92426
07/26/2017,35.31,35.58,34.24,34.41,69959
07/27/2017,34.58,34.82,33.56,34.02,57351
07/28/2017,33.82,34.81,33.82,34.64,60542
07/31/2017,34.68,34.75,33.87,34.01,83074
08/01/2017,34.26,34.78,34.03,34.39,79363
08/02/2017,34.1,34.21,33.07,33.17,43747
08/03/2017,33.26,33.76,32.92,33.39,30571
08/04/2017,33.43,34.05,33.27,33.8,50283
08/07/2017,33.81,34.2,32.9,33.339,58982
08/08/2017,33.33,33.905,32.991,33.25,123817
08/09/2017,30.73,30.73,25.17,25.78,342417
08/10/2017,25.58,26.841,25.21,26.6,184486
08/11/2017,26.63,29,26.63,28.66,281029
08/14/2017,29.36,30.95,28.695,30.67,190393
08/15/2017,30.66,30.99,29.38,29.64,125092
08/16/2017,29.63,29.69,28.9562,29.05,116931
08/17/2017,29.32,30.15,28.6,28.61,82109
08/18/2017,28.47,29.26,28.255,29,67170
08/21/2017,28.85,29.61,28.75,29.51,72370
08/22/2017,29.4,29.6,29.2,29.56,36983
08/23/2017,29.21,29.67,28.23,28.24,138003
08/24/2017,28.39,28.39,27.52,27.53,56449
08/25/2017,27.7,27.92,27.35,27.42,44952
08/28/2017,27.54,28.3,27.49,28.25,62532
08/29/2017,28.05,28.6,27.9,28.38,51286
08/30/2017,28.35,28.98,28.2895,28.73,72318
08/31/2017,28.95,29,28.53,28.57,62198
09/01/2017,28.69,28.95,28.56,28.9,61747
09/05/2017,28.89,29.21,28.16,28.52,70503
09/06/2017,28.77,29,28.235,28.61,53875
09/07/2017,28.75,28.89,28.31,28.62,39627
09/08/2017,28.54,28.89,27.86,28.06,41516
09/11/2017,27.98,28.62,27.98,28.45,60079
09/12/2017,28.38,28.86,28.29,28.58,41681
09/13/2017,28.38,28.675,28.08,28.29,58602
09/14/2017,28.24,28.53,27.93,28.33,55641
09/15/2017,28.4,28.71,27.89,28.42,74648
09/18/2017,28.42,29.31,27.52,28.95,56160
09/19/2017,29.01,29.02,28.58,28.93,51665
09/20/2017,29,29.38,28.51,29,71288
09/21/2017,29.02,29.28,28.85,29.14,43148
09/22/2017,29.08,30.08,29.08,29.54,44444
09/25/2017,29.57,30.22,29.57,30.14,35390
09/26/2017,30.26,31.66,30.23,31.4,60456
09/27/2017,31.57,32,30.725,31.57,61061
09/28/2017,31.35,31.8899,31.34,31.53,32228
09/29/2017,31.51,31.51,30.6656,30.84,23243
10/02/2017,30.84,31.72,30.84,31.72,30375
10/03/2017,31.75,32.26,31.67,32.07,43621
10/04/2017,32.02,32.15,31.71,31.875,24021
10/05/2017,31.91,32.34,31.84,32.11,21762
10/06/2017,32.08,32.08,30.87,31.7708,126965
10/09/2017,31.94,32.38,31.7159,32.35,32830
10/10/2017,32.5,33.466,32.4265,33.1,86281
10/11/2017,32.95,33.53,32.93,33.53,65062
10/12/2017,33.41,33.77,33.305,33.73,46061
10/13/2017,33.8,33.8,32.4,32.77,50203
10/16/2017,32.82,33.47,32.82,32.88,73220
10/17/2017,32.98,33.07,32.295,32.47,56371
10/18/2017,32.61,32.68,31.87,32.21,43833
10/19/2017,32,32.36,31.612,32.22,25650
10/20/2017,32.55,32.75,32.285,32.65,30035
10/23/2017,32.65,32.84,32.22,32.28,38988
10/24/2017,32.38,32.83,32.21,32.33,32317
10/25/2017,32.2,32.46,31.83,31.99,20450
10/26/2017,32.19,32.36,31.67,31.88,30348
10/27/2017,31.87,32.4,31.47,31.96,33204
10/30/2017,31.58,31.65,29.35,29.68,85211
10/31/2017,29.8,30.92,29.8,30.53,71021
11/01/2017,30.84,31.59,30.4,30.58,28439
11/02/2017,30.56,31.72,30.54,31.53,30110
11/03/2017,31.54,31.61,30.95,31.52,64177
11/06/2017,31.49,31.75,30.6,30.6,35424
11/07/2017,30.85,30.85,29.69,30.2,37507
11/08/2017,32.71,34.75,32.71,33.67,141659
11/09/2017,33.55,33.55,32.1,32.58,73287
11/10/2017,32.64,33.28,32.19,32.48,78105
11/13/2017,32.18,32.72,31.78,31.82,65934
11/14/2017,31.72,32.09,31.38,31.78,46524
11/15/2017,31.55,32.16,31.061,31.64,27978
11/16/2017,31.42,32.46,31.26,32.01,82894
11/17/2017,31.83,32.43,31.83,32.16,53307
11/20/2017,32.12,32.57,31.99,32.26,47328
11/21/2017,32.11,32.91,31.875,32.4,99405
11/22/2017,32.5,33.02,32.244,32.41,38392
11/24/2017,32.58,33.46,32.245,32.5,27863
11/27/2017,32.5,32.88,31.715,32.01,50643
11/28/2017,32.2,32.49,31.76,32.21,54464
11/29/2017,32.25,32.53,31.84,32.15,32366
11/30/2017,32.31,32.89,31.81,32.23,75671
12/01/2017,32.28,32.49,31.21,32.19,48568
12/04/2017,32.58,32.9,31.35,31.41,39944
12/05/2017,31.55,32.14,31.14,31.92,50905
12/06/2017,31.75,32.22,30.94,31,40128
12/07/2017,30.97,31.33,30.63,30.87,47468
12/08/2017,31.04,31.46,30.795,31.12,26844
12/11/2017,31.26,31.33,30.86,31.09,30410
12/12/2017,31.1,31.86,31,31.48,49126
12/13/2017,31.44,32.15,31.02,31.15,41222
12/14/2017,31.06,31.71,31.06,31.66,48956
12/15/2017,31.73,33.16,31.68,32.66,93295
12/18/2017,32.91,33.72,32.56,32.73,26830
12/19/2017,32.76,33.3452,32.37,32.45,32758
12/20/2017,32.73,32.905,32.19,32.25,37573
12/21/2017,32.34,33.14,32.1688,32.86,27995
12/22/2017,32.9,33.04,32.34,32.52,21827
12/26/2017,32.4,32.97,32.25,32.41,15719
12/27/2017,32.32,32.54,31.82,31.92,57492
12/28/2017,31.94,32.05,31.12,31.54,38276
12/29/2017,31.55,31.71,30.78,30.93,58572
01/02/2018,31.12,31.87,31.12,31.64,33538
01/03/2018,31.54,31.8725,30.83,30.91,24517
01/04/2018,31.08,31.31,30.73,31.02,27104
01/05/2018,31.16,31.33,30.66,30.68,32945
01/08/2018,30.68,30.68,30.2,30.28,27055
01/09/2018,30.29,30.53,29.86,30.21,72790
01/10/2018,30.05,31.3,30.05,31.24,50081
01/11/2018,31.22,32.08,31.22,31.93,46175
01/12/2018,32.03,32.27,31.7,31.91,18355
01/16/2018,31.98,32.62,31.07,31.2,43636
01/17/2018,31.31,31.98,30.95,31.87,56085
01/18/2018,31.7388,31.88,31.1301,31.53,32907
01/19/2018,31.51,32.49,31.51,32.47,32986
01/22/2018,32.34,32.52,32.0506,32.33,24598
01/23/2018,32.21,32.21,31.54,31.6,21367
01/24/2018,31.66,31.89,31.22,31.25,34119
01/25/2018,31.41,31.41,30.75,31.2,17497
01/26/2018,31.22,31.34,30.85,31.26,20654
01/29/2018,31.2,31.39,30.85,31.09,31241
01/30/2018,30.95,30.95,30.24,30.44,27751
01/31/2018,30.55,31.12,30.22,30.4,28248
02/01/2018,30.14,30.67,30.05,30.25,19124
02/02/2018,30.07,30.28,29.15,29.17,48062
02/05/2018,28.89,29.61,28.18,28.2,63207
02/06/2018,27.6,28.1206,26.91,27.42,140911
02/07/2018,27.42,27.99,27.04,27.62,85851
02/08/2018,27.5,27.89,26.7666,26.81,49629
02/09/2018,27.11,27.39,26.62,27.09,65190
02/12/2018,27.28,27.5804,26.78,27.36,45957
02/13/2018,27.21,28.11,27.21,28.04,38468
02/14/2018,27.8,28.42,27.8,27.98,41271
02/15/2018,28.26,28.3,27.7,27.85,41823
02/16/2018,27.72,28.64,27.72,28.1,28252
02/20/2018,28.31,28.905,27.8601,27.97,47309
02/21/2018,27.95,29.03,27.95,28.5,57876
02/22/2018,28.53,28.6468,28.175,28.32,27330
02/23/2018,28.47,28.9348,28.11,28.42,41305
02/26/2018,28.48,28.79,28.055,28.13,57972
02/27/2018,28.2,28.405,27.6,27.63,31994
02/28/2018,27.61,27.99,27.21,27.23,71895
03/01/2018,27.17,27.89,26.95,27.435,72673
03/02/2018,30.1,38.15,29.9944,36.86,404278
03/05/2018,36.87,36.9,32.5001,33.53,556506
03/06/2018,33.79,37.78,33.74,37.03,271813
03/07/2018,36.24,37.4,36.24,37.04,132115
03/08/2018,37,38.44,36.71,37.91,64975
03/09/2018,38.25,38.6431,36.9801,37.92,106984
03/12/2018,38.14,41.48,37.68,39.47,218383
03/13/2018,39.8,40.49,39.4,39.84,80965
03/14/2018,40.1,40.4,38.37,38.39,76231
03/15/2018,38.63,39.54,38.145,38.25,59423
03/16/2018,38.27,39.07,37.49,38.71,108371
03/19/2018,38.74,39.52,38.3787,39.24,87902
03/20/2018,39.48,40.02,39.35,39.53,58737
03/21/2018,39.38,39.919,38.6501,38.98,46004
03/22/2018,38.59,39.15,37.65,37.66,49844
03/23/2018,37.66,38.9,36.761,38.07,115210
03/26/2018,38.79,38.79,36.88,37.85,96138
03/27/2018,37.97,38.4,37.18,37.42,49176
03/28/2018,37.42,37.42,36.35,36.74,95372
03/29/2018,36.82,37.8699,36.74,37.22,112298
04/02/2018,36.71,37.61,35.8115,36.78,121264
04/03/2018,37.04,37.91,36.8,37.32,49052
04/04/2018,36.95,37.79,36.71,37.54,41224
04/05/2018,37.72,38.49,37.251,38.03,40467
04/06/2018,37.76,38.78,36.935,37.17,75833
04/09/2018,37.19,37.53,36.05,36.24,114412
04/10/2018,36.6,38.25,36.5,37.7125,96468
04/11/2018,37.57,37.98,37.27,37.63,44687
04/12/2018,37.82,38.18,37.71,37.78,28014
04/13/2018,37.89,38.03,37.16,37.68,40255
04/16/2018,37.79,38.19,37.39,37.97,74917
04/17/2018,38.35,38.67,37.71,38.21,72906
04/18/2018,38.4,39.5,38.34,39.05,117323
04/19/2018,39.08,39.8,38.74,39.17,33274
04/20/2018,39.34,39.5,38.61,39.03,58536
04/23/2018,39.25,39.443,38.08,38.33,74741
04/24/2018,38.54,38.95,37.37,37.86,33405
04/25/2018,37.8,38.12,36.82,37.46,32998
04/26/2018,37.65,37.66,37.02,37.32,28312
04/27/2018,37.08,37.37,36.43,36.52,37927
04/30/2018,36.75,38,35.862,35.99,65441
05/01/2018,35.99,35.99,34.89,35.52,58685
05/02/2018,35.35,35.86,35.12,35.57,55434
05/03/2018,35.27,35.475,34.6628,35.09,51383
05/04/2018,35,35.54,34.7508,35.07,35378
05/07/2018,35.05,35.43,34.781,35,47384
05/08/2018,34.98,35.76,34.6,35.38,65725
05/09/2018,35.33,35.33,28.01,28.55,490651
05/10/2018,28.8,30.0874,28.8,29.49,175148
05/11/2018,29.99,31.12,29.82,30.54,108732
05/14/2018,30.47,30.55,29.2301,29.8,107904
05/15/2018,29.68,29.96,29.35,29.69,77456
05/16/2018,29.84,30.77,29.84,30.38,102806
05/17/2018,30.37,31.29,30.37,31.22,88957
05/18/2018,31.4,32.1,31.116,31.34,111364
05/21/2018,31.35,31.65,30.75,31.26,86073
05/22/2018,31.63,31.82,31.37,31.61,70449
05/23/2018,31.98,32.09,31.41,31.96,57226
05/24/2018,32.12,32.75,31.26,32.66,96703
05/25/2018,32.56,32.85,31.79,32.22,89453
05/29/2018,32,32.37,31.5648,32.03,44623
05/30/2018,32.09,32.48,32.09,32.3,50873
05/31/2018,32.24,32.34,31.845,32.02,57589
06/01/2018,32.18,32.49,32.08,32.37,45992
06/04/2018,32.42,32.425,31.78,31.88,62492
06/05/2018,31.93,32.29,31.03,31.93,138302
06/06/2018,31.9,32.44,31.74,32.11,86249
06/07/2018,32.26,32.62,31.585,31.75,92243
06/08/2018,31.88,32.14,31.61,31.95,39505
06/11/2018,31.99,32.78,31.94,32.66,66335
06/12/2018,32.6,33.3699,32.435,32.77,83896
06/13/2018,33.16,33.23,32.58,32.91,64155
06/14/2018,32.92,32.92,31.75,32.01,55110
06/15/2018,31.94,32.09,31.51,31.54,75594
06/18/2018,31.43,31.99,31.22,31.99,68021
06/19/2018,31.75,31.8,31.025,31.13,72935
06/20/2018,31.24,31.5195,30.89,31.29,72311
06/21/2018,31.26,31.545,30.784,31.39,92712
06/22/2018,31.48,31.82,31.2,31.47,146697
06/25/2018,31.28,31.28,30.63,30.91,49105
06/26/2018,30.86,31.1873,30.5724,30.81,63738
06/27/2018,30.91,30.97,30.3,30.33,35022
06/28/2018,30.28,30.9,30.1008,30.9,60894
06/29/2018,30.94,31.14,30.79,30.85,79064
07/02/2018,30.72,31.5686,30.58,31.32,55893
07/03/2018,31.4,31.95,31.33,31.74,28721
07/05/2018,31.95,32.23,31.56,32.14,46218
07/06/2018,32.06,32.06,31.43,31.64,45342
07/09/2018,31.59,31.8,30.99,31.54,85620
07/10/2018,31.52,31.655,31.3,31.5,43071
07/11/2018,31.31,31.38,30.89,30.92,51581
07/12/2018,31.18,31.18,30.4,30.86,30628
07/13/2018,30.84,31.36,30.635,31.3,34877
07/16/2018,31.31,31.51,30.98,31.35,27768
07/17/2018,31.36,31.56,30.86,31.28,88273
07/18/2018,31.33,31.5,31.04,31.26,55466
07/19/2018,31.15,31.66,31.02,31.29,51365
07/20/2018,31.28,31.55,30.97,31.18,51154
07/23/2018,31.07,31.36,30.65,30.88,110442
07/24/2018,31.07,31.53,30.7475,31.35,96224
07/25/2018,31.18,31.63,30.82,31.56,39466
07/26/2018,31.54,32.28,31.48,32.1,50754
07/27/2018,32.09,32.31,31.46,31.51,27189
07/30/2018,31.44,31.73,31.16,31.24,31366
07/31/2018,31.2,31.88,31.05,31.43,56660
08/01/2018,31.35,31.75,31.07,31.35,50815
08/02/2018,31.24,31.36,30.76,31.08,28120
08/03/2018,31.1,31.15,30.46,30.77,30469
08/06/2018,30.84,30.93,30.53,30.85,72867
08/07/2018,30.87,31.25,30.495,30.83,57149
08/08/2018,31.16,36.79,31.06,35.47,221659
08/09/2018,35.54,37.17,35.28,36.24,110942
08/10/2018,36.11,36.38,35.36,35.45,48735
08/13/2018,35.65,36.0158,35.54,35.61,45077
08/14/2018,35.82,36.1199,35.295,35.4,35502
08/15/2018,35.45,35.45,33.98,34.51,48597
08/16/2018,34.73,34.73,34.09,34.22,33167
08/17/2018,34.22,34.54,33.86,34.09,41948
08/20/2018,34.14,34.45,33.8101,33.89,35589
08/21/2018,34.11,34.12,33.14,33.32,35864
08/22/2018,33.45,33.495,33.02,33.17,37136
08/23/2018,33.25,33.25,32.38,32.63,32193
08/24/2018,32.73,32.73,32.18,32.26,37789
08/27/2018,32.47,33.08,32.17,32.26,29181
08/28/2018,32.34,32.4128,31.32,31.55,39091
08/29/2018,31.64,33.37,31.5,33.1,52397
08/30/2018,33,33.27,32.105,32.31,55614
08/31/2018,32.28,32.985,32.27,32.85,31788
09/04/2018,32.78,32.91,32.13,32.6,49221
09/05/2018,32.46,32.9,32.31,32.78,42459
09/06/2018,32.61,32.86,32.34,32.37,30167
09/07/2018,32.3,32.55,31.76,32.52,39774
09/10/2018,32.54,32.77,32.375,32.64,26854
09/11/2018,32.65,32.89,32.2845,32.53,27699
09/12/2018,32.43,32.67,32.04,32.36,23286
09/13/2018,32.25,32.41,31.52,31.5999,18966
09/14/2018,31.54,32.8,31.54,32.4,29616
09/17/2018,32.37,33.72,32.26,33.34,123532
09/18/2018,33.5,33.53,32.82,33.18,42326
09/19/2018,33.08,33.38,32.44,32.53,46723
09/20/2018,32.58,32.74,31.65,31.97,32966
09/21/2018,31.89,32.24,31.34,31.51,96311
09/24/2018,31.5,31.5,30.62,30.7,27864
09/25/2018,30.7,31.14,30.585,30.7,39407
09/26/2018,30.82,31.24,30.65,30.86,63546
09/27/2018,30.95,31.66,30.9,31.545,36165
09/28/2018,31.42,32.21,30.96,31.2,64311
10/01/2018,31.27,31.4,30.5,30.79,36287
10/02/2018,30.71,31.06,30.42,30.45,35587
10/03/2018,30.48,30.77,30.32,30.54,21773
10/04/2018,30.47,30.67,30.27,30.54,38263
10/05/2018,30.63,30.85,30.075,30.28,24045
10/08/2018,30.34,30.48,29.56,29.93,33718
10/09/2018,29.91,30.75,29.91,30.49,27591
10/10/2018,30.6,31.01,30.38,30.83,46840
10/11/2018,30.7,31.03,29.94,30.03,53083
10/12/2018,30.24,30.24,29.505,30.02,52958
10/15/2018,29.92,30.01,29.07,29.41,52143
10/16/2018,29.59,29.92,29.18,29.83,33819
10/17/2018,29.77,29.86,28.83,29.06,32364
10/18/2018,28.96,29.26,28.46,28.73,24363
10/19/2018,28.6,28.66,27.55,27.97,31052
10/22/2018,28.01,28.95,27.58,28.77,106073
10/23/2018,28.43,28.61,28.02,28.15,33059
10/24/2018,28.08,28.16,26.49,26.5,30011
10/25/2018,26.535,27.69,26.535,27.49,32490
10/26/2018,27.16,27.74,26.41,27.22,35814
10/29/2018,27.38,28,26.9,27.26,35349
10/30/2018,27.16,27.82,27.16,27.39,28964
10/31/2018,27.69,27.71,26.67,26.77,37916
11/01/2018,26.92,27.61,26.46,27.34,28176
11/02/2018,27.48,27.9,27.03,27.28,24177
11/05/2018,27.31,27.5,26.28,26.37,41328
11/06/2018,26.48,28,26.4,27.91,31881
11/07/2018,28.49,29.27,24.51,26.07,71716
11/08/2018,26.03,26.03,24.99,25.81,58519
11/09/2018,25.75,25.95,25.25,25.36,42870
11/12/2018,25.2,25.41,23.91,24.09,67695
11/13/2018,24.1,24.7,23.745,23.91,89106
11/14/2018,24.06,24.87,24.06,24.36,45632
11/15/2018,24.22,25.01,24,24.76,75072
11/16/2018,24.73,25.69,24.73,25.06,38574
11/19/2018,25.01,25.59,24.17,24.84,54114
11/20/2018,24.49,24.75,23.41,23.66,50231
11/21/2018,23.64,24.44,23.64,24.36,38751
11/23/2018,24.11,24.58,24.11,24.35,16200
11/26/2018,24.82,24.98,23.71,23.79,88435
11/27/2018,24,24.38,23.64,23.87,33999
11/28/2018,24.01,24.65,23.53,24.37,36715
11/29/2018,24.21,24.58,23.96,24.05,25075
11/30/2018,24.33,24.33,23.72,24.21,52871
12/03/2018,24.58,24.58,23.91,24.12,47931
12/04/2018,24.14,24.225,22.75,22.82,63590
12/06/2018,22.63,23.17,22.08,22.82,61449
12/07/2018,22.83,23.21,21.86,22.11,53658
12/10/2018,22.2,22.585,21.52,22.06,46018
12/11/2018,22.6,22.85,21.585,22.03,97439
12/12/2018,22.23,22.87,22.12,22.3,80418
12/13/2018,22.52,23.2,22.09,22.16,64496
12/14/2018,22,22.385,21.71,21.92,51985
12/17/2018,21.93,22.9,21.79,22.17,58916
12/18/2018,22.3,22.65,21.93,21.99,48191
12/19/2018,22.01,22.4,21.58,21.68,61097
12/20/2018,21.92,22.03,21.24,21.57,54670
12/21/2018,21.38,21.625,20.23,20.35,97153
12/24/2018,20.17,20.55,19.61,19.77,57480
12/26/2018,19.72,21.05,19.72,20.96,70802
12/27/2018,20.56,21.51,20.54,21.48,69114
12/28/2018,21.4,21.87,21.0586,21.65,49299
12/31/2018,21.84,21.97,21.18,21.56,58048
01/02/2019,21.27,22.33,21.27,22.08,47996
01/03/2019,21.85,22.21,21.54,21.94,46622
01/04/2019,22.25,22.82,22.0528,22.76,38693
01/07/2019,22.81,23.83,22.81,23.51,59750
01/08/2019,23.78,23.87,23.365,23.76,47295
01/09/2019,23.89,23.9,23.37,23.67,32822
01/10/2019,23.55,23.86,23.3,23.57,21959
01/11/2019,23.41,23.53,23.04,23.47,65857
01/14/2019,23.34,23.94,23.34,23.75,29717
01/15/2019,23.81,24.38,23.65,24.2,44385
01/16/2019,24.28,24.54,23.835,23.97,35826
01/17/2019,23.95,24.35,23.825,24.2,37987
01/18/2019,24.46,24.52,24.06,24.1,23079
01/22/2019,23.95,24.16,23,23.65,66743
01/23/2019,23.84,23.95,23.62,23.91,42951
01/24/2019,23.88,24.4,23.83,24.03,16305
01/25/2019,24.23,24.6,24.06,24.44,21074
01/28/2019,24.36,24.61,23.87,24.03,18267
01/29/2019,24.02,24.52,24.02,24.11,31609
01/30/2019,24.46,24.67,23.92,24.56,34756
01/31/2019,24.52,25.23,24.52,25.18,33149
02/01/2019,25.25,25.695,25,25.23,31577
02/04/2019,25.31,25.89,25.28,25.89,28780
02/05/2019,25.79,26.13,25.7,26.05,24984
02/06/2019,26.03,26.03,25.54,25.63,18848
02/07/2019,25.45,25.55,24.66,25.17,17477
02/08/2019,24.98,25.23,24.9,25.15,20166
02/11/2019,25.22,25.29,24.96,25.29,24568
02/12/2019,25.47,26.1,25.42,26.1,44725
02/13/2019,26.11,27,26.11,26.66,32386
02/14/2019,26.6,27.46,26.425,27.18,37463
02/15/2019,27.33,28.14,27.2456,28.06,39058
02/19/2019,28.1,28.16,27.795,28.09,32057
02/20/2019,28.09,28.35,27.88,28.18,44522
02/21/2019,28.17,28.7,28.09,28.37,40781
02/22/2019,28.56,28.56,27.65,27.89,43331
02/25/2019,28.12,28.5325,28.03,28.18,34047
02/26/2019,28.08,28.36,27.5361,27.95,48829
02/27/2019,28.5,28.7943,26.72,27.14,63511
02/28/2019,27.29,27.46,26.59,26.97,67484
03/01/2019,27.22,28.39,26.81,28.3,89741
03/04/2019,28.22,28.44,27.7,27.73,55374
03/05/2019,27.73,27.73,26.74,26.975,32189
03/06/2019,27.12,27.28,27.01,27.2,49478
03/07/2019,27.09,27.42,26.73,27.1,29685
03/08/2019,26.91,27.54,26.84,27.38,46725
03/11/2019,27.5,27.84,27.12,27.7,31370
03/12/2019,27.73,27.95,27.48,27.6,41817
03/13/2019,27.68,28.03,27.42,27.48,31270
03/14/2019,27.49,27.49,26.61,26.66,43552
03/15/2019,26.77,27.0846,26.51,26.61,113236
03/18/2019,26.59,27.155,26.273,26.98,64227
03/19/2019,27.1,27.46,26.87,26.94,68746
03/20/2019,26.85,27.36,26.52,26.87,37440
03/21/2019,26.78,27.84,26.78,27.49,38783
03/22/2019,27.36,27.505,25.845,26,80330
03/25/2019,26.18,26.29,25.63,26.03,48932
03/26/2019,26.28,26.85,26.28,26.76,41210
03/27/2019,26.67,27,26.46,26.65,35917
03/28/2019,26.72,26.9,26.06,26.39,50615
03/29/2019,26.62,26.93,26.44,26.59,71504
04/01/2019,26.79,27.72,26.7119,27.44,43617
04/02/2019,27.13,27.65,26.92,27.59,69156
04/03/2019,27.74,28.53,27.6,28.3099,73523
04/04/2019,28.34,28.74,28.27,28.45,55295
04/05/2019,28.47,28.94,28.36,28.72,66104
04/08/2019,28.68,29.11,28.62,29.05,43935
04/09/2019,28.9,29.02,28.67,28.88,58523
04/10/2019,28.96,29.83,28.96,29.64,64954
04/11/2019,29.65,29.91,29.51,29.69,79354
04/12/2019,29.95,30.21,29.72,29.76,42665
04/15/2019,33,40.63,30.68,39.03,636863
04/16/2019,38.01,40.36,35.81,36.005,250980
04/17/2019,38.71,38.9,37.16,38.5,192536
04/18/2019,38.5,39.75,38.44,39,108803
04/22/2019,38.84,39.37,38.61,39.28,89810
04/23/2019,39.43,40.91,39.07,40.18,92356
04/24/2019,40.18,40.33,39.125,39.17,146983
04/25/2019,39.19,39.47,38.295,39.19,113109
04/26/2019,38.98,40.67,38.97,40.52,67521
04/29/2019,40.34,40.76,39.54,40.245,87809
04/30/2019,40.29,40.725,40.175,40.59,68901
05/01/2019,40.59,41.18,40.45,40.82,61871
05/02/2019,40.76,41.68,40.715,41.49,75913
05/03/2019,41.49,42.245,41.43,42.03,57163
05/06/2019,41.27,42,40.85,41.5,54023
05/07/2019,41.05,41.63,40.22,40.91,79801
05/08/2019,38.57,40.44,36.2524,39.06,124780
05/09/2019,38.45,38.8,37.26,38.24,97124
05/10/2019,38.17,38.17,36.63,38.01,139304
05/13/2019,37.22,37.92,36.98,37.74,54239
05/14/2019,37.72,38.17,37.06,37.25,54644
05/15/2019,36.91,37.93,36.785,37.26,71102
05/16/2019,37.17,38.64,36.84,38.37,97485
05/17/2019,37.98,38.43,37.65,38.14,58799
05/20/2019,37.72,38.68,37.4363,38.25,44443
05/21/2019,38.48,38.88,38.29,38.62,34986
05/22/2019,38.34,38.785,37.945,38.11,59829
05/23/2019,37.63,37.63,36.99,37.07,49018
05/24/2019,37.24,37.59,36.1,36.155,100014
05/28/2019,36.16,37.18,35.99,36.58,137666
05/29/2019,36.32,37.3289,35.72,36.11,128302
05/30/2019,36.11,36.56,35.43,35.77,34392
05/31/2019,35.28,35.57,34.82,35.27,38016
06/03/2019,35.29,35.76,34.82,35.49,66295
06/04/2019,35.92,36.387,35.33,35.85,36402
06/05/2019,36,36.52,35.66,35.83,31110
06/06/2019,36,36.11,35.215,36.03,41759
06/07/2019,36.28,37.64,36.28,36.89,34183
06/10/2019,37.08,37.71,36.47,36.72,20317
06/11/2019,36.88,37.75,35.43,35.89,35396
06/12/2019,36.06,37.24,35.54,36.81,46458
06/13/2019,36.92,38.2,35.99,38.13,75037
06/14/2019,37.99,38.39,37.02,37.27,48676
06/17/2019,37.28,37.69,36.655,37.54,48842
06/18/2019,37.71,39.68,37.7,38.27,75504
06/19/2019,38.25,39.15,37.35,37.875,45783
06/20/2019,38.24,38.64,37.625,38.34,48694
06/21/2019,38.12,38.72,36.9944,38.14,80925
06/24/2019,38.12,38.82,38,38.44,47516
06/25/2019,38.37,38.88,38.08,38.26,82110
06/26/2019,38.85,39.25,38.24,38.81,71389
06/27/2019,38.98,39.7505,38.27,39.37,61844
06/28/2019,39.35,41,39.35,40.58,123362
07/01/2019,40.87,42.77,39.68,40.29,58154
07/02/2019,40.25,41.23,39.81,40.94,56524
07/03/2019,40.98,41.4,40.29,41.07,38260
07/05/2019,40.84,41.64,40.07,41.46,55432
07/08/2019,41.81,46.51,40.945,43.95,147318
07/09/2019,43.6,44.23,42.86,44.12,133493
07/10/2019,44.27,45.15,42.19,42.32,131439
07/11/2019,42.33,42.94,41.33,41.87,63601
07/12/2019,41.81,42.75,40.9101,42.02,59530
07/15/2019,41.94,42.59,41.385,41.99,48929
07/16/2019,41.98,43,41.49,42.26,80038
07/17/2019,42.06,42.45,41.365,42.07,80101
07/18/2019,42.39,42.39,41.57,41.875,86856
07/19/2019,41.9,43.03,41.72,42.68,78836
07/22/2019,42.62,43.27,41.09,41.12,169001
07/23/2019,41.27,41.71,40.7,41.6,54321
07/24/2019,41.32,41.94,40.95,41.61,44230
07/25/2019,41.61,41.96,40.23,40.43,42732
07/26/2019,40.57,41.24,40.18,41.07,36761
07/29/2019,40.99,41.2,40.04,40.29,64783
07/30/2019,39.98,40.89,39.53,40.52,56526
07/31/2019,40.5,41.62,40.31,40.46,61147
08/01/2019,40.29,41.15,39.7358,39.88,39315
08/02/2019,39.45,39.59,38.73,39.09,72070
08/05/2019,38.32,38.62,37.3,37.88,60790
08/06/2019,37.88,38.62,37.09,37.72,59328
08/07/2019,36.24,42.82,36.24,42.05,201054
08/08/2019,42.55,44.285,42.55,43.45,107699
08/09/2019,43.37,43.81,42.05,42.36,48996
08/12/2019,42.24,42.89,41.9,42.3,42304
08/13/2019,42.07,43.16,41.72,41.72,40534
08/14/2019,41.15,41.285,40.03,40.08,41838
08/15/2019,40.31,40.75,39.7,40.58,54009
08/16/2019,40.97,42.16,40.97,41.78,49642
08/19/2019,42.2,43.525,41.7,41.89,67090
08/20/2019,41.65,42.3,40.56,41.01,43935
08/21/2019,41.41,42.385,40.8,41.48,27500
08/22/2019,41.5,42.05,40.6,41.04,36414
08/23/2019,40.63,40.7,38.32,38.61,62148
08/26/2019,39.14,39.14,38.22,39.12,27912
08/27/2019,39.44,39.63,38.88,39.25,46516
08/28/2019,39.01,39.84,38.425,39.4,23169
08/29/2019,39.88,40.4,39.43,40.35,50208
08/30/2019,41.04,41.04,39.35,40.43,30592
09/03/2019,40.01,40.68,39.64,40.58,59970
09/04/2019,40.98,41.41,40.12,41.36,45407
09/05/2019,41.84,43.03,41.69,42.79,72617
09/06/2019,42.62,43,41.505,42.08,58961
09/09/2019,42.36,42.89,40.895,41.62,52949
09/10/2019,41.75,41.78,40.95,41.35,85539
09/11/2019,41.59,41.79,40.45,41.14,34447
09/12/2019,41.21,41.61,40.71,41.28,132308
09/13/2019,41.75,42.63,41.75,41.95,76944
09/16/2019,41.84,42.93,41.81,42.34,55162
09/17/2019,42.26,42.64,41.845,42.21,48702
09/18/2019,42.14,42.18,40.46,41.48,72094
09/19/2019,41.58,42.57,41.43,41.56,47666
09/20/2019,41.4,41.69,40.68,40.86,58250
09/23/2019,40.55,41.05,40.29,40.44,37641
09/24/2019,40.34,40.79,39.82,40.06,40840
09/25/2019,40.14,41.11,39.87,40.97,40157
09/26/2019,41.05,41.14,40.24,40.63,28314
09/27/2019,40.62,40.81,40.01,40.46,32304
09/30/2019,40.62,41.32,40.4,40.65,40493
10/01/2019,40.82,41.195,40.04,40.1,30132
10/02/2019,39.79,39.94,39.19,39.84,51226
10/03/2019,39.75,40.03,38.84,40.03,32654
10/04/2019,39.97,40.87,39.69,40.76,40222
10/07/2019,40.59,41.92,40.39,41.81,54931
10/08/2019,41.62,42.26,41.14,41.99,44794
10/09/2019,42.39,42.39,41.74,41.89,61917
10/10/2019,42.12,42.49,41.39,42.12,99397
10/11/2019,42.72,44.65,42.72,44.22,56711
10/14/2019,44.09,44.09,42.54,43.27,61529
10/15/2019,43.5,43.7,42.58,43.16,42950
10/16/2019,43.05,43.4,42.83,43.06,31372
10/17/2019,43.32,43.53,42.87,43.22,32108
10/18/2019,42.97,43.48,42.68,43,50098
10/21/2019,43.49,44.61,43.21,44.52,44881
10/22/2019,44.35,45.47,44.35,44.98,47935
10/23/2019,45.0937,45.415,44.51,45.37,27622
10/24/2019,45.48,45.56,44.75,45.49,34239
10/25/2019,45.37,46.34,45.37,46.16,29677
10/28/2019,46.42,46.78,45.92,46.27,40562
10/29/2019,46.21,47.29,46.21,46.88,37144
10/30/2019,46.9,47.45,45.71,46.79,35117
10/31/2019,46.87,46.87,45.39,45.67,43808
11/01/2019,46.17,46.17,45.12,45.31,39105
11/04/2019,45.68,46.21,45.32,45.53,33654
11/05/2019,45.8,46.93,45.44,46.56,48026
11/06/2019,48.29,52.83,47.51,51.33,101951
11/07/2019,52.12,52.7,51.02,52.41,71084
11/08/2019,52.78,53.59,51.9,53.12,147324
11/11/2019,52.86,54.1,52.86,54.06,47412
11/12/2019,54.39,55.5,54.23,54.97,61274
11/13/2019,54.55,54.77,52.51,53.96,53582
11/14/2019,53.56,54.45,53.35,53.54,77555
11/15/2019,53.9,54.87,52.17,52.27,30997
11/18/2019,51.97,52.25,51.15,52,93694
11/19/2019,52.45,53.55,51.88,52.01,57982
11/20/2019,51.8,52.4,51.315,51.89,88380
11/21/2019,52.01,52.01,49.87,51.15,108809
11/22/2019,51.38,51.65,50.17,50.48,25450
11/25/2019,50.73,51.93,50.61,51.31,35405
11/26/2019,51.36,51.65,50.39,50.58,136144
11/27/2019,50.77,51.64,50.77,51.34,25009
11/29/2019,51.06,51.7,50.94,50.94,20578
12/02/2019,51.05,51.34,50.35,50.45,60522
12/03/2019,49.96,50.955,49.5262,50.5,76181
12/04/2019,50.83,51.9,50.22,50.48,77458
12/05/2019,50.76,51.23,50.02,50.18,38313
12/06/2019,50.53,51,50.145,50.5,54913
12/09/2019,50.38,50.65,50.0381,50.39,65726
12/10/2019,49.99,50.175,48.65,48.85,78708
12/11/2019,49.12,49.62,48.76,49.09,56760
12/12/2019,49.01,51.06,48.91,50.21,121851
12/13/2019,50.18,51.3,49.705,51.04,131666
12/16/2019,51.22,52.2,50.82,50.94,69838
12/17/2019,51.09,51.86,50.21,50.72,111649
12/18/2019,50.98,51.45,50.38,50.5,88653
12/19/2019,50.68,51.65,50.37,50.92,58878
12/20/2019,51.14,51.51,50.74,51.03,406262
12/23/2019,50.67,50.67,46.02,50.31,116858
12/24/2019,50.41,51.14,49.95,50.57,26804
12/26/2019,50.59,51.32,50.5,50.85,27829
12/27/2019,50.87,51.31,50.215,50.97,49451
12/30/2019,51,51.64,50.55,51.29,51822
12/31/2019,51.23,51.88,50.97,51.23,146104
01/02/2020,51.61,52.69,51.1,52.64,51354
01/03/2020,51.98,53.54,51.98,53.42,55303
01/06/2020,55.08,57.82,54.79,56.47,109107
01/07/2020,56.5,56.5,55.54,55.99,65933
01/08/2020,56.14,57.01,55.95,56.14,107505
01/09/2020,56.35,57.3,56.07,56.94,74393
01/10/2020,57.12,57.98,55.94,56.25,91958
01/13/2020,56.58,57.94,56.27,57.93,76785
01/14/2020,57.68,57.99,57.19,57.42,54675
01/15/2020,57.72,58.1252,56.07,56.59,68375
01/16/2020,56.92,57.59,56.56,57.11,29150
01/17/2020,57.59,57.69,56.39,57.05,44379
01/21/2020,56.91,57.13,55.79,56.79,91451
01/22/2020,57.03,57.46,56.5,57.38,97391
01/23/2020,57.17,57.66,56.61,56.63,78118
01/24/2020,56.89,57.41,56.33,56.78,106396
01/27/2020,55.9,56.88,55.87,56.49,82641
01/28/2020,56.83,57.53,56.57,56.85,96113
01/29/2020,57.11,57.465,56.63,56.66,49775
01/30/2020,56.3,56.775,55.54,56.27,71717
01/31/2020,56.18,56.21,55.31,55.77,66240
02/03/2020,55.78,56.8,55.78,56.41,57039
02/04/2020,57,57.2992,56.065,56.69,41408
02/05/2020,57.3,57.85,56.3,57.77,97805
02/06/2020,57.92,59.24,57.27,58.4,99483
02/07/2020,58.21,58.46,56.44,56.5,73155
02/10/2020,56.38,57.2999,56.28,56.55,32814
02/11/2020,56.88,57.74,56.34,56.62,46366
02/12/2020,56.81,56.97,55.7,56.67,78348
02/13/2020,56.44,57.99,56.1,57.71,38817
02/14/2020,57.82,57.83,56.13,56.17,26991
02/18/2020,55.89,56.92,54.67,55.87,107202
02/19/2020,55.97,58.69,55.38,57.87,150707
02/20/2020,57.53,58.66,56.92,57.58,48851
02/21/2020,57.53,57.53,56.48,57.31,35762
02/24/2020,55.51,56.81,54.98,55.98,62813
02/25/2020,55.89,55.89,52.88,53.47,126428
02/26/2020,53.96,55.5,53.51,53.96,124786
02/27/2020,52.98,54.6,52.17,52.35,79117
02/28/2020,51.38,52.21,50.385,52.09,121887
03/02/2020,52.5,53.37,51.21,53.28,135642
03/03/2020,53.43,54.95,52.71,53.7,108240
03/04/2020,52.91,56.8,50.06,51.97,167924
03/05/2020,52.47,55.1,52.47,53.09,98374
03/06/2020,51.78,53.15,49.69,50.42,94251
03/09/2020,47.71,47.99,45,45.06,108203
03/10/2020,46.36,47.4042,44.305,47.05,82941
03/11/2020,46.03,46.51,43.53,44.62,87442
03/12/2020,39.34,41.27,38.78,38.79,92636
03/13/2020,40.21,40.99,37.67,40.19,117295
03/16/2020,32.18,36.94,31.23,31.36,101983
03/17/2020,31.59,32.22,28.93,32.22,169293
03/18/2020,31.33,31.51,28.9,29.41,144332
03/19/2020,29.89,32.49,28.9409,32.02,115292
03/20/2020,32.34,35.91,32.18,32.4,237358
03/23/2020,32.02,35.41,31.02,34.2,70602
03/24/2020,35.85,36.915,34.28,36.25,116316
03/25/2020,36.5,39.6,35.65,38.26,59157
03/26/2020,39.14,40.86,38.86,40.62,86172
03/27/2020,38.87,40.37,37.71,39.79,137359
03/30/2020,40,42.3,39.18,41.59,135281
03/31/2020,41.3,42.65,40.24,41.37,292043
04/01/2020,39.79,40.45,38.18,39.94,190064
04/02/2020,40.39,41.35,39.38,40.28,96983
04/03/2020,39.73,39.9091,37.54,38.64,134876
04/06/2020,39.93,40.96,38.62,38.78,98280
04/07/2020,40,40.37,35.96,36.78,101484
04/08/2020,37.28,40.37,36.58,40.06,88545
04/09/2020,40.74,43.84,40.41,43.57,80361
04/13/2020,42.96,43.84,41.65,43.31,92313
04/14/2020,44.45,44.6551,42.34,43.25,95809
04/15/2020,42.02,43.39,41.4,42.62,78550
04/16/2020,42.48,42.95,41.13,42.33,77432
04/17/2020,43.69,44.44,42.62,44.13,144376
04/20/2020,43.88,44.46,41.92,42.46,109190
04/21/2020,41.25,41.91,39.925,40.54,69871
04/22/2020,41.47,43.19,40.79,42.69,104225
04/23/2020,42.85,44.31,42.55,43.3,78583
04/24/2020,43.29,44.43,42.585,44.27,41123
04/27/2020,44.3,46.7984,44.3,46.28,45845
04/28/2020,47.61,50.57,47.16,50.38,103098
04/29/2020,51.4,53.16,50.74,52.72,66312
04/30/2020,51.89,52.21,50.665,52.09,56091
05/01/2020,51.01,51.01,49.06,50.94,63354
05/04/2020,49.8,50.89,47.66,49.07,57930
05/05/2020,50.08,50.76,49.22,50.56,71161
05/06/2020,50.71,51.31,48.21,48.65,63102
05/07/2020,49.35,49.57,47.335,47.75,92084
05/08/2020,48.46,49.41,48.08,48.24,80127
05/11/2020,47.46,49.01,46.77,48.57,84101
05/12/2020,48.6,50.103,47.17,47.44,122424
05/13/2020,47.26,48.045,43.61,43.99,100498
05/14/2020,42.91,43.615,40.05,42.97,68137
05/15/2020,43.54,43.85,42.02,43.68,41991
05/18/2020,45.86,47.85,45.86,47.65,45992
05/19/2020,48.07,49.08,47.12,47.24,46705
05/20/2020,48.17,48.92,47.96,48.62,30704
05/21/2020,48.38,49.72,48.38,49.39,27950
05/22/2020,49.75,49.85,48.65,49.8,24526
05/26/2020,51.67,53.305,51.21,52.8,42636
05/27/2020,53.07,56.17,52.704,56.05,97339
05/28/2020,57.35,57.35,55.03,55.46,78798
05/29/2020,54.68,54.97,53.6,54.92,71893
06/01/2020,54.69,55,53.37,53.775,81700
06/02/2020,53.7,54.4,52.73,53.69,59683
06/03/2020,54,56.895,53.54,55.66,51078
06/04/2020,55.11,56.59,55.11,56.17,57208
06/05/2020,57.89,58.28,56.52,56.71,54696
06/08/2020,57.21,57.98,56.68,57.32,73679
06/09/2020,56.25,58.12,56.145,57.2,48766
06/10/2020,56.87,57.82,56.125,56.22,53715
06/11/2020,53.96,54.46,52.5,52.65,62902
06/12/2020,54.89,54.89,52.97,54.21,56437
06/15/2020,52.3,53.44,51.63,53.42,50442
06/16/2020,55.67,55.74,53.53,54.31,39766
06/17/2020,54.59,54.93,52.34,52.38,58917
06/18/2020,51.72,53,51.72,52.06,43227
06/19/2020,52.12,52.57,49.81,49.84,180518
06/22/2020,49.49,50.945,48.61,50.66,54171
06/23/2020,51.25,51.31,49.24,49.67,45747
06/24/2020,48.9,49.08,46.81,47.1,42242
06/25/2020,46.55,47.63,45.7801,47.63,46030
06/26/2020,47.06,47.915,46.14,46.36,193033
06/29/2020,47.44,49.67,46.64,49.38,51372
06/30/2020,49.1,49.4,48.38,49.06,56391
07/01/2020,49.3,49.61,48.6161,48.94,63660
07/02/2020,50.03,50.27,48.46,48.54,29122
07/06/2020,49.68,49.68,47.13,48.14,55112
07/07/2020,47.77,48.15,46.32,46.34,30363
07/08/2020,46.27,46.99,44.66,45.28,39015
07/09/2020,45.23,45.23,42.89,43.27,40048
07/10/2020,42.93,44.01,42.93,43.79,36926
07/13/2020,44.37,45.54,43.6,43.91,44001
07/14/2020,43.66,44.5299,43.12,43.88,28019
07/15/2020,45.02,46.14,44.58,45.1,74539
07/16/2020,45.03,45.3,44.249,44.54,27392
07/17/2020,44.36,45.02,44,44.49,66557
07/20/2020,44.64,44.64,43.25,43.84,41953
07/21/2020,44.2,44.7,43.95,44.36,67383
07/22/2020,44.17,45.85,44.17,45.66,30086
07/23/2020,45.59,46.25,44.96,45.36,27459
07/24/2020,45.35,45.81,44.97,45.28,44502
07/27/2020,45.4,45.4,44.03,44.38,24605
07/28/2020,44.65,45.68,44.31,45.04,65057
07/29/2020,45.21,46.53,45.03,45.62,41292
07/30/2020,45.25,45.74,44.78,45.45,20145
07/31/2020,45.08,45.58,42.7294,43.94,150499
08/03/2020,44.1,46.41,43.85,46.11,46760
08/04/2020,46,46.695,45.77,46.38,49433
08/05/2020,47,47.64,46.62,47.58,36819
08/06/2020,47.57,48.73,47.57,48.11,71551
08/07/2020,48.04,49.18,47.63,49.18,41030
08/10/2020,49.59,51.3,49.26,51.12,48686
08/11/2020,51.8,53.69,51.8,52.3,112529
08/12/2020,49.3,49.65,45.31,47.2,125824
08/13/2020,46.88,47.0101,44.09,44.09,43280
08/14/2020,44.05,44.41,42.98,43.07,112595
08/17/2020,43.29,43.69,41.15,42.32,66624
08/18/2020,42.08,42.28,41.17,41.23,82010
08/19/2020,41.36,42.16,41.28,41.9,62871
08/20/2020,41.54,41.96,41.16,41.68,59960
08/21/2020,41.11,43.05,41.11,42.48,106916
08/24/2020,42.69,43.36,42.14,42.92,77798
08/25/2020,43.42,43.42,41.93,42.61,30358
08/26/2020,42.36,43.06,41.9,43,62324
08/27/2020,42.99,43.34,42.65,43.1,44486
08/28/2020,43.4,43.56,42.8302,43.52,83764
08/31/2020,43.24,44.2,43.1,43.42,91918
09/01/2020,43.3,43.73,42.9075,43.36,44546
09/02/2020,43.3,43.3,42.21,42.87,70329
09/03/2020,42.98,43,40.59,40.72,50555
09/04/2020,41.09,42.29,39.86,41.7,104848
09/08/2020,41.2,41.2,39.81,39.95,42020
09/09/2020,40.24,40.38,39.12,39.83,60760
09/10/2020,39.76,39.76,38.58,39.51,97716
09/11/2020,39.51,40.39,39.38,39.59,137874
09/14/2020,40.11,41.54,39.99,41.33,115173
09/15/2020,41.78,41.78,40.41,40.52,35133
09/16/2020,40.89,40.89,40.27,40.44,44566
09/17/2020,39.96,40.99,39.92,40.73,55916
09/18/2020,41.02,41.16,40.06,40.57,131470
09/21/2020,39.76,39.76,38.715,39.3,61272
09/22/2020,39.32,39.78,38.98,39.78,68448
09/23/2020,39.85,40.53,38.42,38.51,81166
09/24/2020,38.64,39.13,38.03,38.77,51221
09/25/2020,38.64,39.2524,38.375,39.12,33412
09/28/2020,39.63,40.02,39.365,39.48,27354
09/29/2020,39.13,39.4,38.37,39.05,89668
09/30/2020,38.98,39.55,37.77,38,92851
10/01/2020,38.15,38.53,37.41,37.7,39952
10/02/2020,36.83,38.71,36.83,38.23,59847
10/05/2020,38.45,39.28,38.45,38.59,37657
10/06/2020,39.22,39.89,38.4,38.51,35589
10/07/2020,39.06,39.37,38.5,38.88,33744
10/08/2020,39.3,39.65,38.84,39.19,46871
10/09/2020,39.48,40.1,39.08,39.55,22517
10/12/2020,39.53,40.39,39.46,40.19,35894
10/13/2020,39.75,40.2,39.745,39.9,34114
10/14/2020,39.87,40.48,39.67,39.95,26757
10/15/2020,39.66,40.49,39.59,40.27,24103
10/16/2020,40.3,41.07,40.08,40.59,35176
10/19/2020,40.54,41.35,40.24,40.46,38677
10/20/2020,40.54,41.3,40.23,40.66,32975
10/21/2020,40.7,41.45,40,40.38,47163
10/22/2020,40.48,41.22,40.36,40.91,42206
10/23/2020,40.95,42,40.95,41.69,39534
10/26/2020,41.35,41.4525,40.38,40.85,49023
10/27/2020,40.61,41.55,40.36,40.76,68090
10/28/2020,40.06,40.54,38.01,38.28,92730
10/29/2020,38.16,39.57,37.7,39.25,57653
10/30/2020,38.96,40.11,38.75,39.52,72648
11/02/2020,40.14,41.61,39.18,41.17,52717
11/03/2020,41.89,43.04,41.53,42.72,64264
11/04/2020,42.31,42.75,41.27,41.71,67003
11/05/2020,41.81,42.91,41.35,41.51,117507
11/06/2020,41.33,42.63,40.64,40.79,83169
11/09/2020,42.75,44.61,41.84,42.03,102662
11/10/2020,42.5,46.32,42.5,45.84,148079
11/11/2020,46.69,47.59,43.3,45.38,153655
11/12/2020,44.79,45.05,42.9,43.28,92555
11/13/2020,43.73,44.8399,43.53,44.48,54105
11/16/2020,45.57,46.68,45.46,46.3,42837
11/17/2020,45.97,46.88,45.68,46.73,117519
11/18/2020,46.73,48.62,46.19,47.16,75109
11/19/2020,46.8,47.56,46.49,47.3,43589
11/20/2020,46.88,47.74,46.88,47.4,36854
11/23/2020,47.98,49.17,47.98,48.92,19440
11/24/2020,49.87,50,48.955,49.66,63723
11/25/2020,49.6,50.2,48.82,49.26,54198
11/27/2020,49.17,49.49,48.56,48.56,22446
11/30/2020,48.62,49.09,47.16,47.59,79674
12/01/2020,48.4,49.18,48.115,48.61,44198
12/02/2020,48.4,49.87,48.4,49.62,38197
12/03/2020,49.76,51,49.67,50.51,39576
12/04/2020,50.77,51.47,49.18,50.41,84994
12/07/2020,50.27,51.64,50.16,50.55,79747
12/08/2020,50.41,52,50.2525,51.63,91609
12/09/2020,52,52.445,51.02,51.67,41217
12/10/2020,51.23,51.94,50.6301,51.24,35442
12/11/2020,50.82,51.1,48.9701,49.19,46176
12/14/2020,49.74,49.74,47.87,47.95,42571
12/15/2020,48.48,48.48,47.71,48.2,102377
12/16/2020,48.55,49.79,48.54,49.13,57518
12/17/2020,49.04,49.735,48.6397,49.57,75565
12/18/2020,49.56,51.24,49.14,49.81,143907
12/21/2020,48.78,48.89,47.8221,48.05,39364
12/22/2020,48.01,48.31,46.69,46.7,23226
12/23/2020,47.19,48.03,46.95,47.59,16307
12/24/2020,47.49,47.84,46.83,47.52,11073
12/28/2020,48.21,48.39,47.01,47.4,28010
12/29/2020,48.2,50.38,46.77,47.27,28137
12/30/2020,47.75,49.3,47.71,48.96,34218
12/31/2020,49,50.16,48.75,49.67,37162
