01/18/2005,12.2,12.2,12,12,400
01/31/2005,14,14,14,14,300
02/01/2005,14,14,14,14,300
02/02/2005,13,13,13,13,100
02/03/2005,13,13,13,13,100
02/15/2005,14,14,13.6,13.6,1000
02/22/2005,14,14,13.6,13.6,100
03/02/2005,12,12,12,12,500
03/03/2005,12,12,12,12,800
04/08/2005,11,11,11,11,300
04/28/2005,11,11,11,11,7200
05/04/2005,11.4,11.4,11.4,11.4,100
05/31/2005,11,11,11,11,1800
06/01/2005,11,11,11,11,7200
06/02/2005,11.2,11.2,11.2,11.2,100
07/06/2005,11,11,11,11,100
07/27/2005,11,11,11,11,300
07/29/2005,11,11,11,11,200
09/08/2005,11,11,11,11,400
09/22/2005,11,11,11,11,800
11/07/2005,11,11,11,11,1100
11/18/2005,11,11,11,11,500
11/21/2005,11,11,11,11,500
11/29/2005,11,11,11,11,1000
12/02/2005,11,11,11,11,800
12/05/2005,11,11,11,11,500
12/13/2005,11,11,11,11,600
12/14/2005,11,11,11,11,500
12/16/2005,11,11,10,10,400
12/27/2005,9.2,9.2,9.2,9.2,200
12/30/2005,9,9,9,9,800
01/12/2006,9,9,9,9,200
01/13/2006,9,9,9,9,500
01/17/2006,9,9,9,9,1000
01/18/2006,9.2,9.2,9.2,9.2,400
01/25/2006,9,9,9,9,400
01/30/2006,9,9.2,9,9.2,600
01/31/2006,9.2,9.2,9.2,9.2,400
02/01/2006,9.2,9.2,9.2,9.2,600
02/03/2006,9.2,9.2,9,9,500
02/06/2006,9,9,9,9,200
02/07/2006,9,9,9,9,500
02/16/2006,9,9.2,9,9.2,800
03/02/2006,9,9,9,9,200
03/27/2006,9,9,9,9,400
03/29/2006,9,9,9,9,200
04/07/2006,9,9,9,9,500
04/12/2006,9,9,9,9,500
04/17/2006,9,9,9,9,200
04/19/2006,9,9,9,9,200
04/24/2006,9,9,9,9,500
04/25/2006,9,9,9,9,500
04/28/2006,9,9,9,9,500
05/01/2006,9,9,9,9,200
05/05/2006,9,9,9,9,200
05/08/2006,9,9,9,9,200
05/09/2006,9,9,9,9,200
05/11/2006,9,9,9,9,800
05/12/2006,9,9,9,9,500
05/17/2006,9,9,9,9,200
05/19/2006,9,9,9,9,200
05/31/2006,8,8,8,8,800
06/06/2006,8,8,8,8,200
06/08/2006,7.6,7.6,7.6,7.6,800
06/19/2006,7.6,7.6,7.2,7.2,1800
06/22/2006,8,8,7.6,7.6,600
06/28/2006,7.6,7.6,7.6,7.6,500
07/13/2006,7.6,7.6,7.6,7.6,200
07/24/2006,7.6,11,7.6,11,2000
07/28/2006,7.6,7.8,7.6,7.8,600
08/29/2006,7.6,7.6,7.6,7.6,200
09/15/2006,7.8,7.8,7.8,7.8,300
10/05/2006,7.6,7.6,7.6,7.6,100
11/16/2006,7.6,7.6,7.6,7.6,100
11/28/2006,8,8,8,8,1500
12/26/2006,7.6,7.6,7.6,7.6,100
12/29/2006,7.6,7.6,7.6,7.6,200
02/13/2007,7.6,8,7,8,1800
03/06/2007,6.4,6.4,6.4,6.4,200
03/07/2007,6.4,6.4,6.4,6.4,200
03/19/2007,6.4,6.4,6.4,6.4,800
03/23/2007,6,6,6,6,400
03/26/2007,6,6,6,6,200
04/10/2007,6,6,6,6,500
04/13/2007,6,6,6,6,1000
04/23/2007,6,6,6,6,100
04/25/2007,6,6,6,6,400
05/14/2007,6,6,6,6,200
05/25/2007,6,6,6,6,1800
05/31/2007,6,6,6,6,600
06/06/2007,6,6,6,6,200
06/19/2007,4.4,6,4.4,6,3900
08/01/2007,6,6,6,6,3900
10/23/2007,6,6,6,6,1900
10/24/2007,6.4,7,6.4,7,2200
11/29/2007,6,6,6,6,600
12/24/2007,6,6,6,6,100
12/28/2007,6,6,6,6,600
01/09/2008,6,6,6,6,200
02/01/2008,6.8,6.8,6.8,6.8,200
02/27/2008,6,6,6,6,100
06/17/2008,6,6,6,6,100
07/03/2008,6,6,6,6,300
10/10/2008,5.8,5.8,5.8,5.8,300
11/07/2008,4,4,4,4,200
11/12/2008,3,3,3,3,100
11/13/2008,3,3,3,3,100
12/19/2008,3,3,3,3,400
12/30/2008,3,3,2.4,2.4,400
04/29/2009,2,2,1.2,1.2,1500
09/28/2009,1.2,1.2,1,1,300
10/02/2009,1,1,1,1,1600
10/09/2009,1,1,1,1,200
10/27/2009,1,1,1,1,100
11/18/2009,0.4,0.4,0.4,0.4,8600
12/24/2009,1,1,1,1,400
12/31/2009,0.4,0.4,0.4,0.4,1900
01/04/2010,0.6,0.6,0.6,0.6,400
01/27/2010,0.6,0.6,0.6,0.6,200
02/16/2010,0.6,0.6,0.6,0.6,500
02/22/2010,0.8,0.8,0.6,0.6,1100
03/01/2010,0.6,0.6,0.6,0.6,200
05/11/2010,0.6,0.6,0.4,0.6,600
05/12/2010,0.4,0.4,0.4,0.4,100
05/17/2010,0.4,0.4,0.2,0.2,5200
05/18/2010,0.2,0.2,0.2,0.2,8000
05/20/2010,0.2,0.2,0.2,0.2,200
05/25/2010,0.2,0.2,0.2,0.2,50900
05/26/2010,0.2,0.2,0.2,0.2,200
05/27/2010,0.2,0.2,0.2,0.2,4400
06/02/2010,0.2,0.2,0.2,0.2,3000
06/17/2010,0.2,0.2,0.2,0.2,300
06/23/2010,0.2,0.2,0.2,0.2,800
06/29/2010,0.2,0.2,0.2,0.2,5500
07/29/2010,0.2,0.2,0.2,0.2,2500
08/04/2010,0.2,0.2,0.2,0.2,200
10/05/2010,0.2,0.2,0.2,0.2,1200
10/13/2010,0.2,0.2,0.2,0.2,2500
10/27/2010,0.2,0.2,0.2,0.2,700
10/28/2010,0.4,1,0.4,0.4,5300
11/02/2010,0.6,0.6,0.4,0.6,800
11/10/2010,0.4,0.4,0.4,0.4,7500
11/11/2010,0.4,0.4,0.4,0.4,1300
12/13/2010,0.4,0.4,0.2,0.2,2800
12/16/2010,0.2,0.2,0.2,0.2,4500
01/24/2011,0.4,0.4,0.4,0.4,100
02/08/2011,0.4,59.4,0.4,37.8,99100
02/09/2011,34.4,57.6,27,57.4,50600
02/10/2011,61,107.8,60.2,90,80400
02/11/2011,82.4,95,52.4,57,60500
02/14/2011,55.2,58,30,37.8,33800
02/15/2011,37.4,54.8,32.2,51,39400
02/16/2011,48,52,40,52,1100
02/17/2011,60,65,56,56,1500
02/18/2011,49.5,51,38,40.5,2800
02/22/2011,34,50,34,34,10000
02/23/2011,34.1,36,34.1,36,1600
02/24/2011,36.1,36.1,34,34,600
02/25/2011,34,34,34,34,400
02/28/2011,32.5,32.5,28.5,32,3400
03/01/2011,32,32,28,28.1,1600
03/02/2011,26,28,25.5,27.68,700
03/03/2011,28,28,24,24,3000
03/04/2011,20.5,26,20.5,26,400
03/07/2011,26,26,21.5,21.5,2300
03/08/2011,21.7,21.7,19,19,1200
03/09/2011,24,24,19,19,2100
03/10/2011,19,21.5,19,21.5,200
03/11/2011,19,19,19,19,500
03/14/2011,19,22,19,22,900
03/15/2011,19,23.8,19,23.8,300
03/16/2011,24,24,24,24,100
03/17/2011,23.5,23.5,23.5,23.5,500
03/18/2011,19,19,16,16,800
03/21/2011,14,19,14,19,800
03/22/2011,19,19.5,19,19.5,700
03/23/2011,19,19,19,19,400
03/25/2011,19.5,19.5,19.5,19.5,400
03/28/2011,21.9,22,18,20.2,800
03/30/2011,23.6,23.6,23.6,23.6,100
03/31/2011,21,23.6,21,23.6,600
04/01/2011,21,23.6,21,23.6,200
04/04/2011,23,23,20.5,20.5,600
04/05/2011,16.6,16.6,16.6,16.6,100
04/08/2011,22,22,16.6,22,200
04/14/2011,22,22,22,22,100
04/20/2011,22.5,22.5,22.5,22.5,400
04/21/2011,22.5,22.5,22.5,22.5,200
04/25/2011,18,20.5,18,20.5,200
04/26/2011,20.5,20.5,20.5,20.5,100
04/27/2011,20.5,20.5,20.5,20.5,100
05/03/2011,20.5,20.5,20.5,20.5,100
05/12/2011,20,20,20,20,100
05/13/2011,14,22,14,22,300
05/16/2011,22,24,21,24,1100
05/17/2011,24,24,24,24,100
05/19/2011,25,25,25,25,200
05/23/2011,22,22,22,22,200
05/27/2011,21.9,21.9,21.9,21.9,100
06/03/2011,22,22,22,22,100
06/06/2011,22,22,21.94,22,4500
06/08/2011,21.8,21.8,21.8,21.8,600
06/09/2011,21.8,21.8,21.8,21.8,200
06/14/2011,21.8,21.8,21.8,21.8,100
06/28/2011,21,21,18,18,300
06/29/2011,18.1,18.1,18.1,18.1,100
07/01/2011,13,19,13,19,400
07/05/2011,15.3,15.3,13,15,900
07/06/2011,13,13,4.5,12.5,600
07/11/2011,12.5,12.5,12.5,12.5,600
07/14/2011,12.5,21.2,12.5,21.2,400
07/15/2011,21.2,21.2,12.5,12.5,400
07/18/2011,12.5,12.5,12.5,12.5,100
07/19/2011,21.4,21.4,21.4,21.4,200
07/20/2011,12.5,12.5,12.5,12.5,300
07/21/2011,20.2,20.2,12.5,20.1,1100
07/22/2011,13.54,20.1,13.54,20.1,1400
07/26/2011,20.1,20.1,20.1,20.1,1000
07/27/2011,13.9,20.1,13.9,14,600
07/29/2011,14,14,13.9,13.9,4200
08/01/2011,19.98,19.98,15,15,800
08/04/2011,14.2,15,13,14,2800
08/05/2011,13,14,12.5,14,1100
08/08/2011,13,13,12.12,12.12,1400
08/09/2011,13,14.5,13,14.5,2200
08/10/2011,14.5,14.5,13.8,14.4,1400
08/11/2011,14,14,14,14,200
08/12/2011,14,14,14,14,500
08/15/2011,13,13,13,13,300
08/16/2011,13,13,13,13,200
08/17/2011,13,13,13,13,1700
08/18/2011,12.2,12.2,11,11,1600
08/19/2011,11,11,10,10,1500
08/22/2011,12.5,12.5,9.5,9.5,400
08/24/2011,11.5,14,9.32,13,2500
08/25/2011,13,13,12,13,1500
08/26/2011,13,13,12,12,600
08/29/2011,13.9,13.9,13.9,13.9,1800
08/30/2011,12,12,10.3,10.3,1800
08/31/2011,13.9,13.9,13.9,13.9,200
09/01/2011,15.8,16,13.9,13.9,1400
09/07/2011,13.9,13.9,13.9,13.9,500
09/08/2011,13.9,13.9,12.1,13,2200
09/09/2011,12.1,12.1,12.1,12.1,200
09/12/2011,12.1,12.1,12,12,2400
09/13/2011,13.9,13.9,13.9,13.9,200
09/16/2011,13.9,13.9,13.7,13.7,1300
09/20/2011,13,13,13,13,100
09/21/2011,13.5,13.5,13.5,13.5,1000
09/26/2011,13.9,13.9,13.5,13.5,100
09/27/2011,13,13.5,13,13.5,1200
09/28/2011,12,12,12,12,200
09/29/2011,13.5,16,13.5,16,23400
09/30/2011,16,16.5,16,16,8300
10/03/2011,18,18,15,15,1600
10/04/2011,14.8,14.8,14,14,800
10/05/2011,14.02,14.02,14.02,14.02,1400
10/11/2011,14,14,14,14,300
10/12/2011,13.98,13.98,13,13,1000
10/13/2011,12.98,13.04,12.98,13.04,3400
10/14/2011,13.98,13.98,13.98,13.98,200
10/18/2011,13,13.9,13,13.9,800
10/19/2011,13.8,13.8,13.8,13.8,600
10/20/2011,13.78,13.78,13.78,13.78,400
10/24/2011,13.6,13.6,13.6,13.6,800
10/25/2011,13.8,13.8,13.8,13.8,1800
10/26/2011,13.8,13.8,13.6,13.78,3600
10/27/2011,13.4,13.88,13.2,13.2,4600
10/28/2011,13,13.2,12,12,3400
10/31/2011,12,12,11.2,11.2,600
11/02/2011,12,12,12,12,200
11/03/2011,12.92,12.92,12,12,1200
11/07/2011,12.5,12.5,12.5,12.5,3300
11/09/2011,12.5,12.5,12.5,12.5,1100
11/10/2011,11.1,12.4,11.1,12.4,400
11/11/2011,10,10.02,9,9.9,2000
11/14/2011,10.1,11,9.9,11,1000
11/16/2011,11,11,11,11,100
11/17/2011,11.08,12.3,11.08,12.3,2800
11/18/2011,12.3,12.3,12.3,12.3,9600
11/22/2011,12.3,12.3,12.3,12.3,200
11/25/2011,12.4,12.4,12.4,12.4,400
11/28/2011,12.3,12.3,12.3,12.3,100
11/29/2011,12.5,12.5,12.5,12.5,10000
11/30/2011,12.5,13.4,12.5,13.4,5000
12/01/2011,13.4,13.4,13.4,13.4,4100
12/02/2011,13.4,13.4,13.4,13.4,100
12/05/2011,13.5,13.5,12.4,12.4,400
12/06/2011,13,13.4,13,13,400
12/07/2011,13.3,13.3,12,12.8,7900
12/08/2011,12.8,12.8,12.2,12.8,2700
12/09/2011,12.8,12.8,12.8,12.8,300
12/12/2011,12.8,12.8,11.9,11.9,500
12/14/2011,11.5,11.5,10.5,10.5,500
12/15/2011,9.6,9.78,9.6,9.78,1200
12/16/2011,10.96,11.42,10.78,10.78,2700
12/20/2011,9.68,11.5,9.68,11.5,900
12/21/2011,11.5,11.5,11,11,600
12/22/2011,11.5,11.9,11.3,11.9,2400
12/23/2011,11.9,11.9,11.6,11.6,600
12/27/2011,11.6,11.8,11.6,11.8,1500
12/28/2011,11.8,11.8,9.1,11.8,2600
12/29/2011,11.8,12.7,10,12.5,13900
12/30/2011,12.7,13,12.5,12.5,19200
01/03/2012,11.4,13,11.4,13,13200
01/04/2012,13,13,12,12.9,400
01/05/2012,12.9,13.1,12.9,13.1,2200
01/06/2012,13.1,13.1,13,13,200
01/09/2012,13,13,13,13,600
01/10/2012,13,13,12.4,12.4,500
01/12/2012,13,13.5,12.7,13,40000
01/13/2012,13.38,14,13.3,14,35100
01/17/2012,14,17.8,14,15.72,4700
01/18/2012,18.4,18.4,15.4,17.5,5200
01/19/2012,19.3,19.3,16.2,17.8,7500
01/20/2012,17.8,17.8,16,16,7400
01/23/2012,16,16,15.5,16,2500
01/24/2012,16,16,13.6,13.9,6800
01/25/2012,13.9,14.5,13.9,14.5,3200
01/26/2012,14.5,14.5,14,14.46,13100
01/27/2012,14.5,14.5,14.2,14.5,5600
01/30/2012,14.3,14.5,13.32,13.6,14400
01/31/2012,13.2,13.5,13,13.5,1000
02/01/2012,12.8,13,12.3,12.3,10700
02/02/2012,8.546,12.413,8.546,11,5768400
02/03/2012,11.333,11.47,10.486,11.367,437970
02/06/2012,11.191,11.2,10.503,11.1,204240
02/07/2012,11.43,11.43,11.023,11.37,146190
02/08/2012,11.386,11.981,11.259,11.514,268370
02/09/2012,13.072,13.072,11.259,11.4,138100
02/10/2012,11.392,11.596,11.35,11.4,78020
02/13/2012,11.359,11.587,11.156,11.441,180790
02/14/2012,11.73,11.73,11.597,11.73,80610
02/15/2012,11.356,11.756,11.263,11.62,187910
02/16/2012,11.759,12.2,10.965,12.081,223380
02/17/2012,12.889,13.016,12.5,12.5,115800
02/21/2012,15.294,15.294,14.38,14.38,76750
02/22/2012,14.328,14.551,14.175,14.48,155780
02/23/2012,13.503,14.052,13.484,14,59900
02/24/2012,13.986,14.108,13.6,13.6,87660
02/27/2012,13.426,13.918,13.37,13.76,88870
02/28/2012,13.573,13.655,13.473,13.627,36460
02/29/2012,13.892,14.103,13.762,13.808,25240
03/01/2012,13.632,14.367,13.632,13.88,116490
03/02/2012,12.999,13.034,12.785,12.82,67220
03/05/2012,12.958,12.958,12.82,12.82,27040
03/06/2012,12.759,12.767,12.121,12.5,124570
03/07/2012,12.959,13.338,12.8,12.8,43300
03/08/2012,13.623,13.725,12.898,13,166950
03/09/2012,13.095,13.486,12.965,13.105,139130
03/12/2012,13.509,13.71,12.676,12.82,135100
03/13/2012,12.643,13.084,12.54,12.84,265130
03/14/2012,12.725,13.007,12.397,12.615,341190
03/15/2012,12.646,12.845,12.492,12.574,172650
03/16/2012,12.52,12.619,12.295,12.52,90660
03/19/2012,12.672,13.365,12.609,12.8,328480
03/20/2012,12.506,12.996,12.354,12.88,127680
03/21/2012,12.51,12.7,12.105,12.7,50200
03/22/2012,12.373,12.513,12.171,12.5,100990
03/23/2012,12.604,12.647,12.237,12.476,112780
03/26/2012,12.75,13.149,12.309,12.56,157350
03/27/2012,12.171,12.626,12.171,12.5,62190
03/28/2012,11.387,12.415,11.142,12.3,152230
03/29/2012,12.868,12.868,11.91,12.2,140630
03/30/2012,11.494,12.053,11.004,11.6,703020
04/02/2012,11.199,11.629,10.769,10.9,146940
04/03/2012,11.146,11.161,10.812,10.88,92870
04/04/2012,9.619,9.619,9.155,9.4,194610
04/05/2012,7.909,8.357,7.856,8.2,376000
04/09/2012,7.614,8.031,7.53,7.92,492830
04/10/2012,7.832,8.036,7.728,7.9,492950
04/11/2012,7.996,8.095,7.76,7.964,183520
04/12/2012,7.487,7.783,7.487,7.64,136740
04/13/2012,7.522,7.522,7.376,7.4,39320
04/16/2012,7.1,7.811,7.081,7.46,264090
04/17/2012,7.757,7.757,7.224,7.32,165740
04/18/2012,7.249,7.383,7.187,7.34,66090
04/19/2012,7.172,7.428,7.088,7.2,129600
04/20/2012,7.214,7.288,7.135,7.14,163580
04/23/2012,6.1849,6.2051,5.9197,6.1,256150
04/24/2012,6.1159,6.2827,6.1159,6.1241,261820
04/25/2012,6.3196,6.4234,6.2009,6.3404,379280
04/26/2012,6.3372,6.3953,6.3082,6.3828,193370
04/27/2012,6.3497,6.3951,6.2672,6.3703,140580
04/30/2012,6.1839,6.1839,6.0921,6.14,131080
05/01/2012,6.4709,6.5637,6.2936,6.34,136190
05/02/2012,6.6585,6.6808,6.3599,6.4,210080
05/03/2012,6.4986,6.4986,5.9263,5.96,450270
05/04/2012,6.4126,6.4126,5.8956,6.2,402610
05/07/2012,5.8359,5.8359,5.6493,5.8041,160300
05/08/2012,5.0526,5.2279,4.9808,5.2,370450
05/09/2012,5.782,5.8625,5.71,5.8,227720
05/10/2012,6.1102,6.1102,5.7342,5.8,579250
05/11/2012,5.1332,6.0442,5.1332,5.8,1556730
05/14/2012,5.7155,5.9078,5.5748,5.76,579060
05/15/2012,5.5187,5.5763,5.3444,5.4,255050
05/16/2012,5.1514,5.1926,5.0417,5.1,164330
05/17/2012,5.0747,5.1461,4.9898,5,241680
05/18/2012,4.9864,5.1021,4.9455,5.0136,281320
05/21/2012,5.2679,5.2751,5.1142,5.2,146300
05/22/2012,5.4262,5.4674,5.3514,5.4,124360
05/23/2012,5.3254,5.4037,5.3142,5.4,23390
05/24/2012,5.5884,5.6116,5.5112,5.6116,63440
05/25/2012,5.4606,5.6904,5.4266,5.6,73630
05/29/2012,5.6896,5.9214,5.6675,5.8,578640
05/30/2012,6.6412,7.0064,6.5817,6.9,817020
05/31/2012,6.8283,6.9759,6.7019,6.9,342110
06/01/2012,6.9259,7.004,6.7662,6.8741,209200
06/04/2012,6.3462,6.3462,6.1447,6.2,94580
06/05/2012,6.1616,6.2915,5.9728,6.02,195670
06/06/2012,5.943,6.0392,5.816,6.02,84800
06/07/2012,6.1369,6.1369,6.0161,6.02,75360
06/08/2012,6.0869,6.2287,5.9806,6.02,96870
06/11/2012,6.0832,6.1425,6.0081,6.02,79470
06/12/2012,5.8286,6.043,5.6564,6.02,124850
06/13/2012,6.0238,6.0391,5.9244,6.0162,145740
06/14/2012,5.9791,6.0399,5.8954,6.0209,76360
06/15/2012,6.617,6.617,6.4833,6.5,178890
06/18/2012,6.3605,6.6272,6.3153,6.5,195650
06/19/2012,6.2609,6.8607,6.2609,6.5,593580
06/20/2012,6.7339,6.7339,6.3952,6.5,152300
06/21/2012,6.8829,6.9977,6.4575,6.5,141390
06/22/2012,6.3912,6.5167,6.1988,6.5,360440
06/25/2012,6.3962,6.5291,6.2634,6.5,54590
06/26/2012,6.2254,6.5239,6.2055,6.5,84090
06/27/2012,5.752,5.9036,5.4698,5.498,210220
06/28/2012,5.359,5.5138,5.3315,5.5,93520
06/29/2012,5.4493,5.5777,5.372,5.5,228900
07/02/2012,5.6,5.7257,5.4437,5.6,136940
07/03/2012,5.5364,5.61,5.5364,5.6,42480
07/05/2012,5.6135,5.6474,5.4544,5.5865,104480
07/06/2012,5.3297,5.502,5.3297,5.45,94630
07/09/2012,5.0609,5.1811,4.9918,5.1,142590
07/10/2012,5.3024,5.3211,5.044,5.1,242280
07/11/2012,5.3665,5.4922,5.2905,5.3335,462730
07/12/2012,5.5566,5.5849,5.3397,5.35,223420
07/13/2012,5.2923,5.4553,5.2923,5.35,163410
07/16/2012,5.345,5.4122,5.2643,5.355,51580
07/17/2012,5.355,5.3885,5.2415,5.345,42650
07/18/2012,5.367,5.4689,5.3262,5.333,114120
07/19/2012,5.3075,5.3345,5.2432,5.25,108620
07/20/2012,5.4164,5.4338,5.3395,5.35,102980
07/23/2012,5.0469,5.0637,5,5,196040
07/24/2012,5.0067,5.0436,4.9631,4.9933,88340
07/25/2012,4.7065,4.7128,4.5841,4.65,69340
07/26/2012,4.6526,4.797,4.5631,4.6174,144130
07/27/2012,4.975,4.9932,4.4452,4.6,494700
07/30/2012,4.3661,4.5255,4.3088,4.5,157920
07/31/2012,4.26,4.3536,4.1089,4.13,125280
08/01/2012,3.55,3.6513,3.5474,3.55,153060
08/02/2012,3.31,3.417,3.31,3.4,219950
08/03/2012,2.9822,3.0945,2.9822,3.05,209890
08/06/2012,2.894,2.912,2.838,2.9,117110
08/07/2012,1.9836,2.0205,1.9672,2,468360
08/08/2012,1.5726,1.5726,1.5296,1.55,177550
08/09/2012,1.4041,1.4627,1.3923,1.45,420370
08/10/2012,1.2219,1.2797,1.2219,1.25,850040
08/13/2012,1.1138,1.1262,1.0787,1.1,693950
08/14/2012,1.1546,1.1546,1.1393,1.1454,457880
08/15/2012,1.1469,1.1692,1.1469,1.1531,256220
08/16/2012,1.1496,1.1557,1.1473,1.1504,704580
08/17/2012,1.1561,1.1777,1.1548,1.17,305530
08/20/2012,1.2483,1.2691,1.2459,1.25,243610
08/21/2012,1.1727,1.1912,1.1588,1.1673,581520
08/22/2012,0.9965,1.0622,0.9965,1.03,3047310
08/23/2012,0.8875,0.8875,0.8593,0.87,2735810
08/24/2012,0.907,0.907,0.8894,0.89,200580
08/27/2012,0.7497,0.8079,0.7497,0.8,4738490
08/28/2012,0.8234,0.8566,0.8084,0.84,3331910
08/29/2012,0.8517,0.8578,0.8303,0.84,4249120
08/30/2012,0.7884,0.7884,0.7194,0.75,8857360
08/31/2012,0.71,0.7114,0.6909,0.7,2355080
09/04/2012,0.6796,0.7093,0.6624,0.7,6000280
09/05/2012,0.7637,0.7719,0.7388,0.75,9340820
09/06/2012,0.7662,0.8005,0.7589,0.8,3478910
09/07/2012,0.8003,0.8309,0.7868,0.7997,2452690
09/10/2012,0.8021,0.8189,0.7858,0.7979,4426380
09/11/2012,0.8202,0.8202,0.7963,0.8,2196260
09/12/2012,0.7987,0.8316,0.7971,0.8013,1219100
09/13/2012,0.8311,0.8452,0.8272,0.83,4998500
09/14/2012,0.818,0.8436,0.818,0.83,2340980
09/17/2012,0.8108,0.8343,0.8065,0.83,1614610
09/18/2012,0.8215,0.8332,0.8167,0.83,1515010
09/19/2012,0.9887,0.9917,0.9811,0.99,458120
09/20/2012,1.0268,1.051,1.0255,1.05,1065850
09/21/2012,1.0459,1.0622,1.0335,1.04,2146110
09/24/2012,0.9888,1.0069,0.9869,1,667530
09/25/2012,1.2119,1.2391,1.2058,1.23,904560
09/26/2012,1.7653,1.8033,1.7502,1.8,622460
09/27/2012,2.1509,2.2,2.1509,2.2,1481290
09/28/2012,1.9176,1.9424,1.8961,1.93,1087710
10/01/2012,1.9032,2,1.8976,2,2808480
10/02/2012,1.9945,2.1297,1.9336,2.0555,6033640
10/03/2012,2.0667,2.0667,2.001,2.05,751440
10/04/2012,2.0578,2.1336,2.0399,2.06,3049150
10/05/2012,1.9563,1.9663,1.9038,1.95,3217190
10/08/2012,2.0043,2.0412,1.9913,2,1561160
10/09/2012,1.9753,2.015,1.9602,2,2723780
10/10/2012,1.9671,2.0053,1.9517,2,1416690
10/11/2012,1.9569,1.9746,1.9309,1.96,1261120
10/12/2012,2.1734,2.2081,2.1654,2.2,1603020
10/15/2012,2.0074,2.0127,1.961,1.98,1348310
10/16/2012,2.0111,2.0207,1.9649,2.01,1113000
10/17/2012,2.0172,2.0644,1.9866,2,1305040
10/18/2012,1.9681,2.0201,1.9501,2,1813570
10/19/2012,2.0993,2.1038,1.9794,2.05,2720750
10/22/2012,1.9415,1.9701,1.8844,1.95,1773290
10/23/2012,2.1058,2.1174,2.063,2.1,1171180
10/24/2012,2.0556,2.0714,2.015,2.05,874330
10/25/2012,2.2989,2.2989,2.1611,2.23,2803130
10/26/2012,2.3831,2.3845,2.2986,2.3,1272230
10/31/2012,2.293,2.315,2.2013,2.307,1227390
11/01/2012,2.1733,2.2609,2.1733,2.24,1186430
11/02/2012,2.0866,2.2794,1.9834,2.24,2365670
11/05/2012,2.1126,2.1579,2.0924,2.1,855290
11/06/2012,1.9149,1.9149,1.8805,1.9,996720
11/07/2012,1.8969,1.9072,1.8682,1.89,937530
11/08/2012,1.4643,1.4812,1.4429,1.45,664010
11/09/2012,1.3319,1.3578,1.3179,1.35,2137690
11/12/2012,1.3112,1.3408,1.3112,1.34,1227990
11/13/2012,1.3101,1.3439,1.3007,1.34,1567970
11/14/2012,1.2833,1.2906,1.251,1.26,1112750
11/15/2012,1.1721,1.2056,1.163,1.2,2262890
11/16/2012,1.0803,1.1132,1.0708,1.11,2395960
11/19/2012,1.7029,1.7606,1.6894,1.75,2512010
11/20/2012,1.8956,1.9782,1.8914,1.95,2060320
11/21/2012,1.9437,1.9437,1.868,1.9063,1647900
11/23/2012,1.9353,1.9658,1.9311,1.95,270320
11/26/2012,1.8292,1.852,1.8045,1.85,1401950
11/27/2012,1.7378,1.765,1.7322,1.75,868150
11/28/2012,1.7168,1.7735,1.7021,1.75,1787950
11/29/2012,1.6841,1.7317,1.6683,1.7,3140460
11/30/2012,1.7044,1.7211,1.6419,1.7,9044670
12/03/2012,1.7934,1.8026,1.6993,1.7066,2519770
12/04/2012,1.769,1.7939,1.6828,1.7,2854720
12/05/2012,1.5964,1.6309,1.5782,1.6,3001870
12/06/2012,1.5938,1.6143,1.5848,1.6062,1833710
12/07/2012,1.6379,1.6442,1.5738,1.6,1739790
12/10/2012,1.4226,1.4716,1.411,1.45,3745200
12/11/2012,1.5557,1.5557,1.4848,1.49,2079470
12/12/2012,1.4515,1.4515,1.4067,1.41,1280870
12/13/2012,1.5012,1.5214,1.4447,1.45,2990450
12/14/2012,1.4129,1.4224,1.3914,1.4,1528040
12/17/2012,1.4175,1.4196,1.3616,1.4,2661740
12/18/2012,1.2273,1.2606,1.2091,1.25,2782210
12/19/2012,1.2279,1.2481,1.201,1.21,2824740
12/20/2012,1.2261,1.2412,1.2109,1.22,1713710
12/21/2012,1.2177,1.2337,1.201,1.2223,2458710
12/24/2012,1.3088,1.3088,1.2777,1.29,161520
12/26/2012,1.2201,1.2217,1.1946,1.2,1293280
12/27/2012,1.1217,1.1217,1.0899,1.1,2168370
12/28/2012,1.087,1.123,1.087,1.1,998700
12/31/2012,1.2427,1.2533,1.206,1.25,1396830
01/02/2013,1.2195,1.2667,1.2172,1.25,1199440
01/03/2013,1.2637,1.2826,1.2227,1.25,1712020
01/04/2013,1.2237,1.2274,1.1793,1.2,2318140
01/07/2013,1.1448,1.2154,1.1419,1.19,3715500
01/08/2013,1.1893,1.1893,1.1358,1.14,1208070
01/09/2013,1.2485,1.2493,1.2023,1.21,1951340
01/10/2013,1.2092,1.2192,1.1985,1.2108,1865900
01/11/2013,1.1034,1.111,1.0793,1.1,2960080
01/14/2013,0.8479,0.8537,0.8442,0.85,1676040
01/15/2013,0.9465,0.95,0.9318,0.95,1594180
01/16/2013,0.8413,0.8475,0.8335,0.84,1014000
01/17/2013,0.8418,0.8423,0.8289,0.8382,714340
01/18/2013,0.8591,0.8591,0.8352,0.84,1270030
01/22/2013,0.8285,0.8405,0.8258,0.84,1327040
01/23/2013,0.8306,0.8421,0.8275,0.84,910840
01/24/2013,0.872,0.9016,0.8693,0.9,1306220
01/25/2013,0.8771,0.9033,0.845,0.86,1672230
01/28/2013,0.8881,0.8936,0.8782,0.8919,818280
01/29/2013,0.9779,0.9886,0.9223,0.94,7842240
01/30/2013,0.9046,0.9052,0.8437,0.85,5068450
01/31/2013,0.7281,0.7933,0.7261,0.77,5016120
02/01/2013,0.8017,0.8154,0.7763,0.79,9684580
02/04/2013,1.0072,1.0208,0.9954,1,1469410
02/05/2013,1.226,1.2515,1.2133,1.23,1412860
02/06/2013,1.19,1.2039,1.1784,1.2,1058220
02/07/2013,1.2181,1.2291,1.1906,1.2,449470
02/08/2013,1.1845,1.2039,1.1829,1.2,1210920
02/11/2013,1.0013,1.0016,0.9688,1,1397660
02/12/2013,1.037,1.0398,0.9913,1,3256630
02/13/2013,0.894,0.9648,0.8734,0.93,12094440
02/14/2013,1.134,1.1608,1.134,1.16,2828530
02/15/2013,0.9228,0.9541,0.9171,0.95,2892070
02/19/2013,0.9951,1.0223,0.9732,1.01,3747610
02/20/2013,0.9476,0.9798,0.9324,0.95,3398240
02/21/2013,0.8122,0.8315,0.7933,0.82,3334080
02/22/2013,0.8081,0.8278,0.8019,0.82,2377210
02/25/2013,0.8263,0.8326,0.8101,0.82,3712650
02/26/2013,0.8821,0.8928,0.8625,0.89,2679700
02/27/2013,0.902,0.9111,0.8906,0.898,1851550
02/28/2013,0.786,0.797,0.781,0.79,1995110
03/01/2013,0.7278,0.7628,0.7227,0.76,5104070
03/04/2013,0.7809,0.7833,0.76,0.77,2192340
03/05/2013,0.8054,0.8094,0.7965,0.8,1464050
03/06/2013,0.8085,0.8085,0.793,0.8,1909240
03/07/2013,0.8081,0.8156,0.7955,0.8,1458530
03/08/2013,0.7031,0.7075,0.6916,0.7,934660
03/11/2013,0.9021,0.9061,0.8948,0.8979,870180
03/12/2013,0.9338,0.9356,0.8929,0.9,1623470
03/13/2013,0.7081,0.7147,0.7081,0.7119,679040
03/14/2013,0.785,0.8031,0.7788,0.8,781210
03/15/2013,0.85,0.855,0.8345,0.85,1987940
03/18/2013,0.8295,0.8576,0.8262,0.85,2309220
03/19/2013,0.8511,0.8549,0.8229,0.8489,1429390
03/20/2013,0.8626,0.8719,0.8429,0.85,607450
03/21/2013,0.8364,0.8614,0.8245,0.85,982260
03/22/2013,0.7577,0.765,0.7456,0.75,1000680
03/25/2013,0.7603,0.7617,0.7456,0.75,811920
03/26/2013,0.7305,0.7502,0.729,0.75,1239810
03/27/2013,0.7952,0.811,0.7932,0.81,1405060
03/28/2013,0.8817,0.885,0.8656,0.88,4450310
04/01/2013,0.8685,0.8822,0.8456,0.88,2331920
04/02/2013,0.843,0.8435,0.8158,0.82,773950
04/03/2013,0.7325,0.7381,0.6921,0.7,1814610
04/04/2013,0.6032,0.6232,0.5912,0.61,1861360
04/05/2013,0.7281,0.7339,0.7188,0.73,2237260
04/08/2013,0.7156,0.7314,0.7094,0.73,678620
04/09/2013,0.7098,0.7098,0.6935,0.7,632620
04/10/2013,0.6419,0.6734,0.6394,0.65,1236240
04/11/2013,0.6301,0.6458,0.6284,0.64,1701840
04/12/2013,0.4008,0.4073,0.3961,0.4,1019910
04/15/2013,0.5202,0.5218,0.5086,0.51,1818360
04/16/2013,0.5023,0.511,0.4963,0.51,1359460
04/17/2013,0.5015,0.5115,0.5009,0.5085,1541660
04/18/2013,0.5762,0.5804,0.5729,0.58,1127840
04/19/2013,0.5977,0.6039,0.5946,0.6023,1055010
04/22/2013,0.5931,0.6008,0.5921,0.6,1206560
04/23/2013,0.6244,0.6308,0.6229,0.63,858600
04/24/2013,0.5065,0.5106,0.5032,0.51,1425450
04/25/2013,0.5992,0.6023,0.5947,0.6,779640
04/26/2013,0.693,0.7048,0.693,0.7,1330520
04/29/2013,0.7601,0.7732,0.649,0.65,25719840
04/30/2013,0.5592,0.6102,0.542,0.61,14282440
05/01/2013,0.7466,0.7471,0.6917,0.7,3869190
05/02/2013,0.6409,0.6444,0.607,0.61,2163620
05/03/2013,0.5183,0.5324,0.5075,0.51,4696630
05/06/2013,0.7739,0.7796,0.7444,0.75,2804580
05/07/2013,0.7117,0.7272,0.7105,0.72,1765730
05/08/2013,0.676,0.7011,0.6749,0.7,2014630
05/09/2013,0.619,0.6615,0.619,0.66,7549990
05/10/2013,0.7135,0.726,0.6828,0.7,3103840
05/13/2013,0.6147,0.6175,0.5991,0.6,2515590
05/14/2013,0.5936,0.5936,0.5778,0.59,4400980
05/15/2013,0.6133,0.6195,0.6038,0.61,2948920
05/16/2013,0.6085,0.6142,0.5986,0.6015,1334500
05/17/2013,0.6266,0.6266,0.5966,0.6,2551260
05/20/2013,0.6825,0.6848,0.6758,0.6775,1018100
05/21/2013,0.7166,0.7172,0.6976,0.7,1802700
05/22/2013,0.7072,0.7072,0.6881,0.7,3947950
05/23/2013,0.5264,0.5332,0.519,0.53,3629590
05/24/2013,0.6463,0.6627,0.6463,0.66,1407070
05/28/2013,0.661,0.672,0.6462,0.65,1267770
05/29/2013,0.5997,0.6023,0.5952,0.6003,1992650
05/30/2013,0.6397,0.65,0.6351,0.65,1456340
05/31/2013,0.7176,0.7338,0.7098,0.72,1603830
06/03/2013,0.7519,0.7581,0.7394,0.75,1256820
06/04/2013,0.7519,0.755,0.7318,0.7381,1593540
06/05/2013,0.6015,0.608,0.5866,0.6,1635300
06/06/2013,0.5376,0.5537,0.5334,0.55,1948660
06/07/2013,0.6826,0.695,0.6667,0.6774,1756820
06/10/2013,0.6409,0.656,0.6296,0.65,2026970
06/11/2013,0.7157,0.7354,0.7157,0.73,6832410
06/12/2013,0.7558,0.7558,0.7073,0.73,3726800
06/13/2013,0.6319,0.6319,0.6084,0.61,3707720
06/14/2013,0.5919,0.6111,0.5893,0.61,1761920
06/17/2013,0.6251,0.6533,0.6229,0.65,1449490
06/18/2013,0.7294,0.7374,0.7232,0.73,791170
06/19/2013,0.7466,0.7568,0.7217,0.73,1583030
06/20/2013,0.6951,0.7049,0.6767,0.7,1784580
06/21/2013,0.8004,0.8214,0.7947,0.82,2419100
06/24/2013,0.7577,0.7846,0.7524,0.78,1520640
06/25/2013,0.6651,0.6662,0.628,0.66,2696960
06/26/2013,0.6611,0.6684,0.6544,0.6589,2089400
06/27/2013,0.6479,0.6726,0.6413,0.66,2890140
06/28/2013,0.6428,0.6713,0.6284,0.66,9367120
07/01/2013,0.6692,0.6692,0.6502,0.66,2593470
07/02/2013,0.6813,0.6874,0.655,0.66,2188660
07/03/2013,0.749,0.749,0.7031,0.721,1225480
07/05/2013,0.7392,0.7464,0.7228,0.73,2706260
07/08/2013,0.7534,0.7588,0.7387,0.74,1680670
07/09/2013,0.7871,0.7871,0.7537,0.78,1396540
07/10/2013,0.742,0.7427,0.7081,0.74,7508360
07/11/2013,0.8132,0.8184,0.7682,0.78,3698720
07/12/2013,0.7052,0.732,0.6898,0.73,2755370
07/15/2013,0.6554,0.6938,0.6482,0.68,2817260
07/16/2013,0.6873,0.7097,0.6798,0.7,1881060
07/17/2013,0.6934,0.7036,0.6863,0.7,725190
07/18/2013,0.6865,0.707,0.6865,0.69,1160170
07/19/2013,0.6785,0.7015,0.6762,0.69,1782830
07/22/2013,0.7089,0.7201,0.6994,0.7,1219830
07/23/2013,0.6634,0.667,0.6454,0.66,1603080
07/24/2013,0.6721,0.6751,0.6329,0.66,10007530
07/25/2013,0.6489,0.6606,0.6448,0.66,6652670
07/26/2013,0.6922,0.7002,0.6898,0.6978,3318900
07/29/2013,0.6863,0.6985,0.6863,0.69,2759680
07/30/2013,0.6267,0.6361,0.6212,0.63,1924140
07/31/2013,0.6328,0.6561,0.6301,0.64,3187380
08/01/2013,0.63,0.6479,0.6278,0.63,3002290
08/02/2013,0.6876,0.6977,0.6847,0.69,1926290
08/05/2013,0.6698,0.6811,0.6584,0.68,1654300
08/06/2013,0.6513,0.6546,0.6142,0.6387,1365170
08/07/2013,0.6152,0.6216,0.6078,0.62,1436480
08/08/2013,0.6077,0.6149,0.6046,0.6123,1508540
08/09/2013,0.68,0.6944,0.6765,0.68,1883690
08/12/2013,0.644,0.6571,0.6413,0.65,2017300
08/13/2013,0.6377,0.6665,0.6303,0.65,3293090
08/14/2013,0.6479,0.6558,0.6442,0.6521,1934010
08/15/2013,0.6406,0.6521,0.6379,0.65,2238930
08/16/2013,0.65,0.6632,0.6442,0.65,1763710
08/19/2013,0.6092,0.6293,0.6072,0.62,4572280
08/20/2013,0.6612,0.6952,0.6565,0.68,8231350
08/21/2013,0.6941,0.7176,0.6829,0.7,5288120
08/22/2013,0.6989,0.7091,0.6893,0.7,1436510
08/23/2013,0.7694,0.7806,0.7629,0.77,1902990
08/26/2013,0.7039,0.7533,0.7015,0.75,4457410
08/27/2013,0.6813,0.7056,0.6738,0.7,3002410
08/28/2013,0.7025,0.7213,0.6965,0.6975,2051030
08/29/2013,0.7067,0.7123,0.6974,0.7,1376750
08/30/2013,0.6974,0.7026,0.6954,0.7026,1920640
09/03/2013,0.6081,0.6304,0.6076,0.63,3575260
09/04/2013,0.6176,0.6304,0.615,0.63,1199520
09/05/2013,0.6061,0.651,0.6052,0.63,14609020
09/06/2013,0.5707,0.6109,0.5605,0.6,6017280
09/09/2013,0.5996,0.606,0.5928,0.6004,2008410
09/10/2013,0.6319,0.6535,0.6206,0.65,2600070
09/11/2013,0.6506,0.6571,0.6433,0.6494,3196590
09/12/2013,0.6404,0.652,0.6404,0.65,2617490
09/13/2013,0.6085,0.6236,0.5987,0.61,4846550
09/16/2013,0.6879,0.7044,0.6841,0.69,1294250
09/17/2013,0.6974,0.7017,0.6877,0.7,1245070
09/18/2013,0.6933,0.7046,0.6928,0.7,1231900
09/19/2013,0.6481,0.6508,0.6371,0.65,1396880
09/20/2013,0.6416,0.6519,0.6381,0.65,3223630
09/23/2013,0.642,0.65,0.6318,0.65,1537340
09/24/2013,0.6949,0.7019,0.6938,0.7,262744790
09/25/2013,0.6986,0.7017,0.6966,0.7014,17951380
09/26/2013,0.6399,0.6503,0.6393,0.65,13848130
09/27/2013,0.6812,0.6825,0.6742,0.6788,15057170
09/30/2013,0.6502,0.6601,0.6502,0.6598,13125770
10/01/2013,0.6514,0.6521,0.6445,0.6486,3819850
10/02/2013,0.6487,0.6554,0.6487,0.6513,4885890
10/03/2013,0.5996,0.6025,0.5969,0.6004,2304380
10/04/2013,0.6468,0.65,0.6456,0.65,4937590
10/07/2013,0.6395,0.6423,0.6386,0.6405,4368840
10/08/2013,0.672,0.6743,0.669,0.67,2608100
10/09/2013,0.6298,0.6314,0.6277,0.6302,4425230
10/10/2013,0.6295,0.6311,0.6286,0.6305,2069940
10/11/2013,0.6484,0.65,0.6468,0.65,2002020
10/14/2013,0.6545,0.66,0.6545,0.66,1679650
10/15/2013,0.6107,0.6116,0.6084,0.6093,2016320
10/16/2013,0.6197,0.6215,0.6194,0.6203,2330400
10/17/2013,0.6194,0.6212,0.6194,0.6206,2526010
10/18/2013,0.6203,0.6206,0.6188,0.6197,3053040
10/21/2013,0.6,0.6015,0.5982,0.6,3772360
10/22/2013,0.6194,0.6206,0.6188,0.6206,1417600
10/23/2013,0.5809,0.5814,0.5797,0.58,1895010
10/24/2013,0.5907,0.591,0.5893,0.5893,3971910
10/25/2013,0.5891,0.5926,0.5891,0.5909,2323990
10/28/2013,0.5899,0.591,0.5881,0.5901,4295290
10/29/2013,0.5903,0.5906,0.5888,0.5897,4553260
10/30/2013,0.5901,0.5913,0.5899,0.5899,4100540
10/31/2013,0.5997,0.6003,0.5997,0.6,1862940
11/01/2013,0.6003,0.6006,0.5997,0.5997,6775330
11/05/2013,0.5501,0.65,0.5501,0.65,860
11/06/2013,0.58,0.59,0.58,0.59,1794
11/08/2013,0.5501,0.562,0.5501,0.56,15446
11/11/2013,0.58,0.64,0.5701,0.5701,12050
11/12/2013,0.5601,0.5601,0.5601,0.5601,500
11/13/2013,0.65,0.69,0.57,0.61,18284
11/14/2013,0.6,0.61,0.5551,0.5601,21600
11/15/2013,0.5606,0.5999,0.5601,0.5999,12000
11/18/2013,0.5999,0.6,0.5941,0.6,15500
11/21/2013,0.55,0.5501,0.55,0.5501,3000
11/22/2013,0.5501,0.5999,0.5501,0.5501,2500
11/25/2013,0.5502,0.5502,0.55,0.55,5502
11/26/2013,0.55,0.55,0.55,0.55,6428
11/27/2013,0.5999,0.6,0.5999,0.6,5000
11/29/2013,0.5151,0.5699,0.5,0.52,19743
12/02/2013,0.52,0.52,0.52,0.52,8000
12/03/2013,0.3203,0.44,0.3203,0.44,5000
12/04/2013,0.45,0.45,0.45,0.45,1000
12/06/2013,0.4,0.4,0.4,0.4,1000
12/09/2013,0.38,0.4,0.38,0.4,1600
12/10/2013,0.43,0.48,0.43,0.48,11300
12/11/2013,0.481,0.565,0.481,0.565,13379
12/12/2013,0.595,0.7,0.5855,0.69,40669
12/13/2013,0.69,0.69,0.641,0.641,2834
12/16/2013,0.69,0.69,0.61,0.69,3840
12/17/2013,0.69,0.69,0.5171,0.6299,9742
12/18/2013,0.6294,0.6294,0.5419,0.5435,12658
12/19/2013,0.6199,0.6199,0.6199,0.6199,1000
12/20/2013,0.6294,0.65,0.6294,0.6394,11256
12/26/2013,0.5675,0.62,0.5675,0.5679,6888
12/27/2013,0.6099,0.6099,0.6099,0.6099,3000
12/30/2013,0.5713,0.6049,0.57,0.6,13280
12/31/2013,0.64,0.64,0.47,0.4701,28899
01/02/2014,0.5,0.5,0.5,0.5,4030
01/03/2014,0.5,0.5,0.3901,0.5,3600
01/06/2014,0.391,0.5,0.391,0.5,5420
01/07/2014,0.5,0.5,0.5,0.5,500
01/08/2014,0.5149,0.6499,0.5149,0.6499,1200
01/09/2014,0.6499,0.6499,0.6499,0.6499,1000
01/10/2014,0.63,0.63,0.6,0.6,1125
01/14/2014,0.4501,0.49,0.4501,0.4701,8406
01/16/2014,0.451,0.451,0.451,0.451,8355
01/17/2014,0.451,0.55,0.451,0.55,5900
01/21/2014,0.5664,0.5664,0.47,0.5285,2600
01/23/2014,0.46,0.48,0.46,0.48,19400
01/24/2014,0.509,0.55,0.4998,0.55,11900
01/27/2014,0.5975,0.6,0.48,0.48,16699
01/29/2014,0.5,0.5,0.5,0.5,5000
01/30/2014,0.52,0.52,0.52,0.52,100
01/31/2014,0.46,0.46,0.46,0.46,1263
02/03/2014,0.46,0.52,0.46,0.52,3700
02/04/2014,0.46,0.5,0.46,0.5,3450
02/05/2014,0.5999,0.5999,0.5,0.5,8400
02/06/2014,0.5,0.5,0.5,0.5,3580
02/10/2014,0.5101,0.5101,0.51,0.51,2600
02/11/2014,0.5099,0.6,0.5099,0.5203,32650
02/12/2014,0.55,0.6,0.55,0.6,1964
02/13/2014,0.59,0.6,0.59,0.6,7294
02/18/2014,0.6,0.6,0.6,0.6,460
02/19/2014,0.5301,0.55,0.5301,0.55,2600
02/20/2014,0.5313,0.54,0.46,0.5099,16068
02/21/2014,0.51,0.51,0.4603,0.4603,7033
02/24/2014,0.4603,0.6,0.4603,0.4604,8660
02/25/2014,0.5,0.5999,0.5,0.5899,6300
02/26/2014,0.51,0.55,0.51,0.55,1600
03/03/2014,0.5121,0.5201,0.5121,0.5201,4950
03/04/2014,0.53,0.53,0.53,0.53,400
03/06/2014,0.59,0.6,0.52,0.52,5300
03/07/2014,0.56,0.56,0.468,0.468,34399
03/10/2014,0.48,0.5,0.45,0.45,34588
03/11/2014,0.45,0.45,0.45,0.45,100
03/12/2014,0.44,0.45,0.4,0.41,13900
03/13/2014,0.45,0.5,0.45,0.5,4200
03/14/2014,0.4,0.4,0.4,0.4,3700
03/17/2014,0.3244,0.3244,0.3244,0.3244,5000
03/18/2014,0.4,0.4739,0.4,0.4001,6548
03/21/2014,23,25,23,23.05,3226
03/24/2014,23.5,23.5,23.5,23.5,500
03/31/2014,21.09,21.09,21,21.05,1825
04/01/2014,21,21.01,21,21,790
04/02/2014,23.2,23.2,21,21,302
04/10/2014,20.91,21.85,20,20,1088
04/15/2014,19.78,19.78,19.78,19.78,100
04/17/2014,20.2,20.2,20.2,20.2,100
04/21/2014,19.5,19.5,19.5,19.5,100
04/22/2014,18.25,18.25,18,18,868
04/23/2014,18,18,18,18,200
04/24/2014,19.2,19.2,17,17,2000
04/25/2014,7.65,8.1,5.59,5.85,824168
04/28/2014,6.1,6.25,5.42,5.81,241845
04/29/2014,5.85,6.05,5.25,5.75,198730
04/30/2014,5.46,5.9,5.25,5.39,197856
05/01/2014,5.89,5.89,5.25,5.44,40915
05/02/2014,5.7,6.1,5.22,5.35,137911
05/05/2014,5.26,5.3799,4.9,5.12,88954
05/06/2014,5.11,5.28,4.85,4.85,55635
05/07/2014,4.9,5.12,4.66,4.7,29850
05/08/2014,4.71,5.13,4.65,4.66,56416
05/09/2014,4.65,4.65,3.92,4,122125
05/12/2014,4.2,4.52,4.05,4.26,62819
05/13/2014,4.5,4.5,4.09,4.42,43538
05/14/2014,4.19,4.49,4.19,4.19,27106
05/15/2014,4.49,4.49,3.799,4.08,33290
05/16/2014,3.6,4.1,3.6,4.0601,7571
05/19/2014,4.1,4.65,4.1,4.54,61219
05/20/2014,4.54,4.98,4.49,4.59,80697
05/21/2014,4.7501,4.939,4.65,4.89,26547
05/22/2014,4.97,5.4564,4.9,5.28,93952
05/23/2014,5.3,5.37,4.9901,5.03,30970
05/27/2014,5,5.33,4.71,5,51937
05/28/2014,5.05,5.24,4.85,5.192,48945
05/29/2014,5.5,6.1,5,5.15,360437
05/30/2014,5.2,5.8,5.16,5.57,178622
06/02/2014,5.7,5.89,5.52,5.78,113768
06/03/2014,5.74,5.81,4.5332,4.9301,408378
06/04/2014,5,5.05,4.6,5,97699
06/05/2014,4.8058,5.05,4.8,4.8,26219
06/06/2014,4.88,5.11,4.88,5.05,100598
06/09/2014,5.1,5.2,4.95,5.08,45272
06/10/2014,5.15,5.16,4.9,4.96,39119
06/11/2014,5,5.035,4.85,4.98,27291
06/12/2014,4.8101,5,4.8101,5,19191
06/13/2014,5.05,5.05,4.8,4.95,21444
06/16/2014,5.1,5.15,4.88,4.95,24635
06/17/2014,4.95,5.18,4.91,5.17,33797
06/18/2014,5.12,5.15,4.8,5.12,43679
06/19/2014,4.97,5.13,4.83,5.07,33833
06/20/2014,5.1,5.1,4.5,4.6,128410
06/23/2014,4.4,4.4301,4.1,4.35,60566
06/24/2014,4.72,4.72,3.8205,4.1,85225
06/25/2014,3.8,4.4765,3.72,4.41,73258
06/26/2014,4.4,4.69,4.254,4.69,13368
06/27/2014,4.65,4.65,4.39,4.39,22400
06/30/2014,4.45,4.45,4.12,4.27,8440
07/01/2014,4.39,4.39,4.07,4.17,28958
07/02/2014,4.12,4.45,4.0301,4.16,34999
07/03/2014,4.05,4.24,4.05,4.083,5150
07/07/2014,4.23,4.23,3.89,3.91,13369
07/08/2014,3.91,4.01,3.75,3.77,39447
07/09/2014,3.66,3.8,2.95,3.275,282031
07/10/2014,3.19,3.45,3.1208,3.18,55906
07/11/2014,3.21,3.53,3.19,3.21,14500
07/14/2014,3.19,3.3,3.09,3.11,28119
07/15/2014,3.08,3.21,3.08,3.16,19254
07/16/2014,3.2,3.48,3.14,3.18,51100
07/17/2014,3.15,3.15,3.0001,3.05,28497
07/18/2014,3.11,3.11,2.9,2.95,30277
07/21/2014,2.97,2.97,2.85,2.9,29389
07/22/2014,2.9,2.9,2.65,2.7,60009
07/23/2014,2.75,2.81,2.74,2.787,14899
07/24/2014,2.8579,3.25,2.7992,3.15,47192
07/25/2014,3.17,3.34,2.96,2.97,16994
07/28/2014,2.99,3,2.85,2.87,21951
07/29/2014,2.8801,2.94,2.86,2.89,15524
07/30/2014,2.86,2.87,2.75,2.8001,7738
07/31/2014,2.87,2.87,2.75,2.76,15536
08/01/2014,2.71,2.82,2.24,2.35,52716
08/04/2014,2.36,2.469,2.019,2.12,63630
08/05/2014,2.12,2.12,1.95,2.05,40595
08/06/2014,2.06,2.0615,1.97,2.02,20491
08/07/2014,2.05,3.75,2.05,3.73,1375817
08/08/2014,3.75,4.0702,3.03,3.17,1526279
08/11/2014,3.1,3.24,2.75,3.09,191943
08/12/2014,3.11,3.15,2.65,3.09,108560
08/13/2014,2.83,2.98,2.76,2.7925,43571
08/14/2014,2.83,2.85,2.71,2.84,28331
08/15/2014,2.84,2.86,2.69,2.76,78070
08/18/2014,2.79,2.79,2.6911,2.7699,16499
08/19/2014,2.95,3.19,2.7,3.0775,125165
08/20/2014,3.09,3.09,2.88,2.88,35014
08/21/2014,2.92,2.93,2.8255,2.89,20300
08/22/2014,2.94,3.0199,2.87,3,12412
08/25/2014,2.8601,3.05,2.8601,3.03,22482
08/26/2014,3,3.1,2.96,2.98,31455
08/27/2014,3.08,3.08,2.96,3.02,18406
08/28/2014,3,3.09,2.97,3.066,14387
08/29/2014,3,3.1265,3,3.09,8404
09/02/2014,3.09,4.49,3.01,4.38,874023
09/03/2014,4.5,5.7,4.4,4.83,1328719
09/04/2014,5.14,5.15,4.62,4.9,318239
09/05/2014,4.83,4.85,4.47,4.62,128682
09/08/2014,4.67,5.05,4.33,4.46,141945
09/09/2014,4.3,4.59,4.11,4.16,131113
09/10/2014,4.19,4.19,3.79,3.93,85609
09/11/2014,3.97,3.98,3.67,3.69,49107
09/12/2014,3.63,3.944,3.5701,3.67,31971
09/15/2014,3.6,3.83,3.3,3.45,56407
09/16/2014,3.41,3.8,3.3112,3.75,166705
09/17/2014,3.79,4.1099,3.62,3.86,129675
09/18/2014,3.99,3.99,3.59,3.65,92742
09/19/2014,3.72,3.74,3.57,3.61,99105
09/22/2014,3.62,3.7,3.21,3.5,64449
09/23/2014,3.48,3.48,3.11,3.22,93521
09/24/2014,3.23,3.46,3.11,3.389,67553
09/25/2014,3.39,3.73,3.29,3.46,112354
09/26/2014,3.54,3.54,3.169,3.27,78648
09/29/2014,3.27,4.53,3.27,4.01,685936
09/30/2014,4.06,4.06,3.41,3.54,218284
10/01/2014,3.45,3.55,3.1606,3.38,131622
10/02/2014,3.4,3.499,3.1,3.21,72370
10/03/2014,3.21,3.3701,3.05,3.26,96635
10/06/2014,3.21,3.84,3.21,3.55,139147
10/07/2014,3.5,3.88,3.4,3.48,381244
10/08/2014,3.3,3.55,3.1999,3.28,52511
10/09/2014,3.2405,3.37,3.2,3.29,39863
10/10/2014,3.26,3.45,2.98,3.01,93604
10/13/2014,3,3.0895,2.72,2.96,71228
10/14/2014,2.94,2.97,2.85,2.898,22390
10/15/2014,2.8101,2.92,2.75,2.9,20384
10/16/2014,2.8,3.18,2.8,3.18,27900
10/17/2014,3.15,3.16,2.9248,2.97,35278
10/20/2014,2.94,3.17,2.9,2.99,42481
10/21/2014,3.03,3.65,2.92,3.5,293273
10/22/2014,3.54,3.7,3.19,3.2399,82776
10/23/2014,3.13,3.33,3.03,3.1899,30795
10/24/2014,3.14,3.25,3.1,3.2,33804
10/27/2014,3.2099,3.58,3.1699,3.35,61272
10/28/2014,3.32,3.32,2.63,2.91,131089
10/29/2014,3.03,3.09,2.4,2.551,288352
10/30/2014,2.5,2.6,2.4,2.42,209137
10/31/2014,2.62,2.62,2.15,2.21,179361
11/03/2014,2.28,2.28,1.95,1.9501,285579
11/04/2014,2.01,2.0595,1.85,1.9,388122
11/05/2014,1.92,1.95,1.65,1.7152,317580
11/06/2014,1.75,1.75,1.27,1.637,442311
11/07/2014,1.7,1.71,1.58,1.58,144347
11/10/2014,1.65,1.65,1.53,1.6,175167
11/11/2014,1.59,1.65,1.53,1.61,149470
11/12/2014,1.86,3.97,1.8,3.48,15732856
11/13/2014,3.39,3.67,2.8,2.85,6088511
11/14/2014,2.78,3.13,2.68,3.11,1428046
11/17/2014,3.01,4.54,2.96,3.7213,12877759
11/18/2014,3.75,4.09,3.32,3.3999,6222431
11/19/2014,3.59,3.59,3.06,3.15,1316626
11/20/2014,3.16,3.42,3,3.255,1089684
11/21/2014,3.3,3.34,2.85,2.92,964576
11/24/2014,3,3.1,2.68,2.71,1138351
11/25/2014,2.66,2.868,2.55,2.66,795015
11/26/2014,2.62,3.65,2.55,3.42,14255566
11/28/2014,3.3,4.17,3.17,3.46,8819303
12/01/2014,3.44,3.88,3.35,3.67,6996380
12/02/2014,4.28,4.88,4.14,4.1799,15739500
12/03/2014,4,4.44,3.84,3.95,4507224
12/04/2014,3.98,4.13,3.5,3.68,2009829
12/05/2014,3.69,3.76,3.43,3.6299,960537
12/08/2014,3.5,3.6,3.3,3.325,496969
12/09/2014,3.32,3.72,3.14,3.69,877866
12/10/2014,3.76,3.85,3.31,3.38,1011108
12/11/2014,3.36,3.47,3.22,3.4,429811
12/12/2014,3.39,3.4,3.2,3.28,311457
12/15/2014,3.36,3.57,3.14,3.155,688190
12/16/2014,3.17,3.5,3.15,3.4,554441
12/17/2014,3.43,3.45,3.23,3.35,338071
12/18/2014,3.34,3.48,3.2,3.2,259019
12/19/2014,3.18,3.19,2.97,3.112,456180
12/22/2014,3.1,3.23,2.94,2.99,300279
12/23/2014,2.93,3.12,2.85,2.86,319833
12/24/2014,2.89,3.0166,2.78,2.89,209120
12/26/2014,2.87,2.93,2.73,2.92,503898
12/29/2014,2.88,2.98,2.69,2.7572,442603
12/30/2014,2.75,2.7999,2.485,2.64,548118
12/31/2014,2.62,2.73,2.5,2.61,346202
01/02/2015,2.62,3.55,2.57,3.28,2827423
01/05/2015,3.41,3.659,3.09,3.19,1714738
01/06/2015,3.16,3.24,2.97,3.1965,434747
01/07/2015,3.21,3.25,2.91,2.9899,289679
01/08/2015,3.02,3.16,2.86,2.928,376044
01/09/2015,2.9,3.03,2.86,2.9,264075
01/12/2015,2.97,2.97,2.81,2.94,121083
01/13/2015,2.87,3.06,2.83,2.866,244255
01/14/2015,2.87,2.87,2.75,2.7899,229393
01/15/2015,2.75,2.78,2.61,2.72,129576
01/16/2015,2.73,2.81,2.65,2.8099,149032
01/20/2015,2.79,2.79,2.65,2.69,58968
01/21/2015,2.691,2.691,2.4,2.44,256797
01/22/2015,2.45,2.45,2.21,2.28,383859
01/23/2015,2.56,3.15,2.37,2.42,3291753
01/26/2015,2.41,2.51,2.3,2.41,232662
01/27/2015,2.42,2.55,2.36,2.46,276601
01/28/2015,2.43,2.437,2.35,2.4025,214010
01/29/2015,2.52,2.5599,2.37,2.43,204178
01/30/2015,2.44,2.6,2.4,2.46,135851
02/02/2015,2.49,2.56,2.44,2.46,154122
02/03/2015,2.52,2.65,2.46,2.56,482242
02/04/2015,2.74,2.92,2.3,2.33,2577905
02/05/2015,2.39,2.43,2.22,2.3,439208
02/06/2015,2.32,2.32,2.14,2.1955,274230
02/09/2015,2.17,2.18,1.914,2,676243
02/10/2015,2,2.0048,1.89,1.935,243410
02/11/2015,1.92,1.9665,1.85,1.91,284633
02/12/2015,1.97,1.97,1.85,1.85,198136
02/13/2015,1.85,1.87,1.75,1.7799,272294
02/17/2015,1.75,2.2,1.75,2.1094,1340330
02/18/2015,2.15,2.15,1.9,1.91,546876
02/19/2015,2.05,2.07,1.85,1.92,324731
02/20/2015,1.94,2,1.8,1.81,232029
02/23/2015,1.84,1.84,1.76,1.82,138574
02/24/2015,1.85,1.92,1.8,1.8,130939
02/25/2015,1.83,1.83,1.76,1.76,333173
02/26/2015,1.78,1.81,1.653,1.7,483831
02/27/2015,1.68,1.71,1.65,1.685,185176
03/02/2015,1.74,1.887,1.7,1.7051,351557
03/03/2015,1.71,1.76,1.67,1.69,100941
03/04/2015,1.67,1.71,1.66,1.6868,83475
03/05/2015,1.68,1.7494,1.66,1.7494,80623
03/06/2015,1.75,1.75,1.69,1.72,96467
03/09/2015,1.74,1.8,1.68,1.681,119988
03/10/2015,1.75,1.75,1.67,1.68,72952
03/11/2015,1.67,1.69,1.64,1.66,90536
03/12/2015,1.69,1.69,1.65,1.66,80912
03/13/2015,1.63,1.67,1.6,1.6,147327
03/16/2015,1.64,1.64,1.47,1.52,148220
03/17/2015,1.54,1.55,1.43,1.52,157922
03/18/2015,1.48,1.49,1.35,1.3899,100478
03/19/2015,1.39,1.66,1.3101,1.45,310451
03/20/2015,1.8,1.85,1.63,1.66,1937776
03/23/2015,1.54,1.7,1.46,1.54,444316
03/24/2015,1.51,1.557,1.4669,1.5192,150505
03/25/2015,1.54,1.55,1.44,1.45,145131
03/26/2015,1.4364,1.4699,1.37,1.38,145090
03/27/2015,1.36,1.42,1.36,1.41,58142
03/30/2015,1.38,1.59,1.38,1.49,289228
03/31/2015,1.46,1.58,1.42,1.43,146634
04/01/2015,1.43,1.4499,1.4,1.41,55420
04/02/2015,1.4101,1.54,1.4,1.4,70421
04/06/2015,1.39,1.48,1.38,1.4523,169264
04/07/2015,1.43,1.45,1.4,1.4,79299
04/08/2015,1.4,1.478,1.4,1.4105,54384
04/09/2015,1.46,1.4697,1.38,1.4,63447
04/10/2015,1.37,1.49,1.37,1.42,161921
04/13/2015,1.43,1.45,1.4,1.4,82906
04/14/2015,1.42,1.54,1.4,1.5103,479622
04/15/2015,1.5,2.4,1.5,2.19,8757594
04/16/2015,2.2,2.35,1.93,2.0101,2231128
04/17/2015,2,2,1.74,1.86,605081
04/20/2015,1.88,2.14,1.73,1.99,1206190
04/21/2015,2.02,2.81,2.02,2.5,7441075
04/22/2015,2.5,3.03,2.34,2.78,5377736
04/23/2015,2.78,3.39,2.57,2.64,8833479
04/24/2015,2.65,2.78,2.35,2.5552,2773488
04/27/2015,2.47,2.7,2.3,2.325,1520370
04/28/2015,2.35,2.51,2.3,2.4701,996304
04/29/2015,2.43,2.77,2.36,2.42,2009260
04/30/2015,2.49,2.68,2.45,2.57,1930774
05/01/2015,2.74,2.92,2.56,2.61,2368630
05/04/2015,2.74,2.87,2.62,2.78,1741430
05/05/2015,2.86,2.95,2.55,2.62,1553441
05/06/2015,2.64,2.64,2.3,2.33,990208
05/07/2015,2.34,2.35,2.22,2.2601,384890
05/08/2015,2.31,2.45,2.28,2.36,461102
05/11/2015,3.07,4.24,3,3.7601,40248234
05/12/2015,3.8,3.98,3.1309,3.16,13845324
05/13/2015,3.19,3.72,2.97,3.4586,8491061
05/14/2015,3.32,3.69,3.26,3.37,3641508
05/15/2015,3.38,3.45,2.9132,3,3721648
05/18/2015,3.26,3.26,2.98,3.1,1180342
05/19/2015,3.11,3.32,3,3.27,2822574
05/20/2015,3.34,3.37,3.1,3.24,2781399
05/21/2015,3.19,3.28,3.05,3.08,1278951
05/22/2015,2.64,2.66,2.37,2.46,4434998
05/26/2015,2.43,2.44,2.35,2.4,613382
05/27/2015,2.42,2.42,2.2599,2.295,743688
05/28/2015,2.27,2.55,2.25,2.32,1955068
05/29/2015,2.32,2.33,2.25,2.2675,658307
06/01/2015,2.26,2.29,2.15,2.15,514484
06/02/2015,2.13,2.24,2.05,2.2,463891
06/03/2015,2.14,2.37,2.09,2.2,904500
06/04/2015,2.16,2.23,2.09,2.2,470563
06/05/2015,2.2,2.22,2.11,2.18,270948
06/08/2015,2.2,2.2,2.09,2.11,311135
06/09/2015,2.11,2.1399,2.06,2.1,208573
06/10/2015,2.1,2.34,2.07,2.23,1438810
06/11/2015,2.29,2.33,2.1,2.13,762216
06/12/2015,2.13,2.17,2.1,2.1,166789
06/15/2015,2.06,2.15,1.94,2.11,524948
06/16/2015,2.13,2.135,2.01,2.06,221418
06/17/2015,2.06,2.08,2.01,2.02,232909
06/18/2015,2.04,2.24,2,2.165,1492857
06/19/2015,2.2,2.27,2.035,2.21,1573348
06/22/2015,2.22,2.2596,2.1,2.13,456175
06/23/2015,2.11,2.15,2.05,2.12,379256
06/24/2015,2.11,2.1299,2.06,2.09,216441
06/25/2015,2.16,2.16,2.06,2.09,370450
06/26/2015,2.08,2.14,2.01,2.05,380452
06/29/2015,2,2.19,1.97,2.13,911945
06/30/2015,2.12,2.14,1.98,2.045,424179
07/01/2015,2.07,2.14,2.01,2.12,713664
07/02/2015,2.12,2.17,2.07,2.12,693295
07/06/2015,2.08,2.12,2.05,2.09,395663
07/07/2015,2.04,2.09,1.83,1.865,850879
07/08/2015,1.86,1.86,1.54,1.62,913025
07/09/2015,1.7,1.74,1.65,1.66,338100
07/10/2015,1.68,2.0299,1.66,1.85,2498578
07/13/2015,1.82,1.92,1.76,1.79,1199740
07/14/2015,1.77,1.925,1.77,1.86,726082
07/15/2015,1.9,1.9,1.75,1.81,403441
07/16/2015,1.8,1.87,1.8,1.83,209599
07/17/2015,1.82,1.84,1.75,1.76,385953
07/20/2015,1.76,1.76,1.6,1.62,758483
07/21/2015,1.65,1.65,1.53,1.56,458147
07/22/2015,1.57,1.73,1.555,1.71,370987
07/23/2015,2,2.1,1.6,1.6,5421326
07/24/2015,1.6,1.65,1.55,1.64,497037
07/27/2015,1.6,1.62,1.54,1.56,279953
07/28/2015,1.59,1.8,1.51,1.68,1017621
07/29/2015,1.71,1.8099,1.71,1.75,537384
07/30/2015,1.79,1.7999,1.66,1.69,286405
07/31/2015,1.66,1.69,1.66,1.67,129340
08/03/2015,1.72,1.746,1.6,1.61,173493
08/04/2015,1.61,1.61,1.55,1.55,176446
08/05/2015,1.55,1.67,1.55,1.6,240865
08/06/2015,1.58,1.64,1.5,1.5301,470678
08/07/2015,1.53,1.55,1.38,1.39,512038
08/10/2015,1.39,1.45,1.35,1.37,246500
08/11/2015,1.36,1.39,1.35,1.35,115994
08/12/2015,1.35,1.36,1.27,1.28,320243
08/13/2015,1.28,1.38,1.2799,1.36,267811
08/14/2015,1.36,1.36,1.3105,1.34,134907
08/17/2015,1.33,1.37,1.3109,1.36,142545
08/18/2015,1.34,1.62,1.34,1.47,2228522
08/19/2015,1.45,1.49,1.322,1.36,390010
08/20/2015,1.37,1.42,1.3,1.3018,380385
08/21/2015,1.3,1.33,1.21,1.2801,374208
08/24/2015,1.15,1.28,1.12,1.1201,521504
08/25/2015,1.25,1.27,1.19,1.195,350851
08/26/2015,1.23,1.2327,1.11,1.12,263215
08/27/2015,1.14,1.25,1.14,1.18,293974
08/28/2015,1.16,1.25,1.16,1.24,232218
08/31/2015,1.24,1.35,1.24,1.27,365560
09/01/2015,1.21,1.33,1.18,1.21,207383
09/02/2015,1.28,1.33,1.22,1.31,247184
09/03/2015,1.33,1.43,1.2899,1.34,856846
09/04/2015,1.29,1.32,1.26,1.27,125379
09/08/2015,1.3,1.3285,1.22,1.26,232501
09/09/2015,1.47,1.53,1.3,1.32,1030648
09/10/2015,1.45,1.45,1.28,1.36,328304
09/11/2015,1.34,1.58,1.34,1.46,1507455
09/14/2015,1.45,1.54,1.41,1.51,614319
09/15/2015,1.5,1.59,1.42,1.44,717714
09/16/2015,1.44,1.46,1.4,1.42,170357
09/17/2015,1.43,1.48,1.37,1.4599,236972
09/18/2015,1.43,1.56,1.42,1.55,624751
09/21/2015,1.59,1.64,1.5,1.59,745325
09/22/2015,1.61,1.72,1.45,1.46,1183760
09/23/2015,1.5,1.53,1.36,1.42,519738
09/24/2015,1.39,1.42,1.26,1.3,432446
09/25/2015,1.32,1.32,1.22,1.23,404364
09/28/2015,1.24,1.24,1.0028,1.02,742340
09/29/2015,1.01,1.02,0.8,0.803,871983
09/30/2015,0.83,0.87,0.8111,0.8304,526179
10/01/2015,0.81,0.8398,0.7601,0.765,278767
10/02/2015,0.74,0.7754,0.725,0.7721,142066
10/05/2015,0.82,0.92,0.75,0.915,782273
10/06/2015,0.9441,0.9607,0.83,0.8797,701828
10/07/2015,0.898,0.9599,0.88,0.932,577857
10/08/2015,0.899,1.07,0.899,1.04,1062742
10/09/2015,1.05,1.051,0.95,0.96,667527
10/12/2015,0.98,0.99,0.89,0.89,155756
10/13/2015,0.86,0.89,0.8224,0.83,219069
10/14/2015,0.84,0.89,0.83,0.8501,110637
10/15/2015,0.867,0.95,0.83,0.945,719692
10/16/2015,0.94,1.02,0.9112,0.9273,473888
10/19/2015,0.9,0.9399,0.86,0.88,272962
10/20/2015,0.897,0.9,0.88,0.8895,94476
10/21/2015,0.97,0.97,0.88,0.921,319110
10/22/2015,0.93,0.9554,0.85,0.8859,450431
10/23/2015,0.9,0.9,0.77,0.87,322017
10/26/2015,0.86,0.86,0.78,0.813,145330
10/27/2015,0.8024,0.8099,0.7784,0.79,137801
10/28/2015,0.78,0.8032,0.77,0.77,140954
10/29/2015,0.75,0.8157,0.75,0.7512,143193
10/30/2015,0.77,0.792,0.75,0.7569,100419
11/02/2015,0.76,0.79,0.759,0.7721,101413
11/03/2015,0.79,0.8232,0.75,0.8,192836
11/04/2015,0.81,0.8118,0.77,0.7701,100211
11/05/2015,0.8,0.8,0.76,0.7679,81278
11/06/2015,0.78,0.78,0.77,0.771,70489
11/09/2015,0.76,0.77,0.75,0.7504,84893
11/10/2015,0.75,0.7708,0.75,0.7521,96861
11/11/2015,0.75,0.7799,0.615,0.6745,300515
11/12/2015,0.675,0.675,0.551,0.575,337915
11/13/2015,0.57,0.59,0.511,0.536,144733
11/16/2015,0.53,0.54,0.4129,0.43,595791
11/17/2015,0.43,0.4697,0.43,0.45,267987
11/18/2015,0.483,0.53,0.462,0.5156,315161
11/19/2015,0.51,0.5198,0.5,0.512,120552
11/20/2015,0.5121,0.5348,0.46,0.4601,216681
11/23/2015,0.46,0.46,0.407,0.4301,314377
11/24/2015,0.4071,0.4742,0.407,0.47,99924
11/25/2015,0.48,0.5298,0.437,0.524,259986
11/27/2015,0.53,0.53,0.49,0.5102,77874
11/30/2015,0.52,0.5299,0.422,0.46,133362
12/01/2015,0.475,0.51,0.4501,0.474,85833
12/02/2015,0.479,0.5,0.4601,0.462,58619
12/03/2015,0.476,0.5,0.45,0.46,83670
12/04/2015,0.46,0.47,0.4402,0.46,62802
12/07/2015,0.44,0.47,0.41,0.435,102395
12/08/2015,0.45,0.585,0.43,0.548,761109
12/09/2015,0.52,0.57,0.4752,0.52,229689
12/10/2015,0.49,0.5079,0.4586,0.4801,84167
12/11/2015,0.47,0.51,0.4401,0.464,275382
12/14/2015,0.481,0.4982,0.4401,0.4453,171214
12/15/2015,0.45,0.4898,0.44,0.45,147399
12/16/2015,0.4498,0.4499,0.4135,0.4151,102919
12/17/2015,0.415,0.43,0.4,0.4,133064
12/18/2015,0.4,0.41,0.385,0.4,147571
12/21/2015,0.37,0.4141,0.36,0.4141,197849
12/22/2015,0.4001,0.4298,0.4,0.4,131803
12/23/2015,0.43,0.43,0.4,0.405,74610
12/24/2015,0.4,0.41,0.4,0.41,18775
12/28/2015,0.39,0.43,0.39,0.42,88093
12/29/2015,0.43,0.43,0.36,0.375,231413
12/30/2015,0.3843,0.4,0.36,0.362,151539
12/31/2015,0.36,0.3878,0.35,0.3536,164662
01/04/2016,0.35,0.3734,0.322,0.339,133267
01/05/2016,0.347,0.3602,0.3341,0.3411,49130
01/06/2016,0.36,0.36,0.321,0.321,118644
01/07/2016,0.326,0.3302,0.2,0.27,351312
01/08/2016,0.27,0.279,0.22,0.2428,152771
01/11/2016,0.23,0.26,0.23,0.2574,63125
01/12/2016,0.26,0.26,0.23,0.2312,46251
01/13/2016,0.25,0.25,0.2389,0.25,122609
01/14/2016,0.2371,0.24,0.2371,0.2371,42746
01/15/2016,0.245,0.25,0.23,0.2497,31224
01/19/2016,0.24,0.25,0.24,0.25,21194
01/20/2016,0.25,0.26,0.2437,0.26,73649
01/21/2016,0.26,0.309,0.2312,0.2854,69061
01/22/2016,0.3,0.31,0.3,0.31,70698
01/25/2016,0.35,0.449,0.33,0.4299,455890
01/26/2016,0.439,0.439,0.38,0.4201,111470
01/27/2016,0.43,0.43,0.38,0.4189,62922
