            1. open  2. high  3. low  4. close  5. adjusted close   6. volume  7. dividend amount  8. split coefficient
date                                                                                                                   
2013-09-27   7.5000  7.98000  7.0200    7.0200            28.0800  20744800.0                 0.0                  1.00
2013-09-30   7.0000  7.46000  7.0000    7.3500            29.4000   3644300.0                 0.0                  1.00
2013-10-01   7.5000  7.90000  7.4200    7.8500            31.4000   2602200.0                 0.0                  1.00
2013-10-02   7.7400  7.90000  7.5300    7.5300            30.1200   1411900.0                 0.0                  1.00
2013-10-03   7.6400  7.68000  7.3800    7.5000            30.0000    795900.0                 0.0                  1.00
2013-10-04   7.5200  7.59000  7.4400    7.5100            30.0400    468200.0                 0.0                  1.00
2013-10-07   7.5000  7.51000  7.2500    7.2700            29.0800    686500.0                 0.0                  1.00
2013-10-08   7.4000  7.40000  7.0000    7.0700            28.2800   1322900.0                 0.0                  1.00
2013-10-09   7.0200  7.05000  6.8100    6.8700            27.4800    759600.0                 0.0                  1.00
2013-10-10   6.8700  7.10000  6.8700    6.9300            27.7200    416600.0                 0.0                  1.00
2013-10-11   6.8700  7.32000  6.8700    7.2700            29.0800    514100.0                 0.0                  1.00
2013-10-14   7.3000  7.31000  7.0500    7.3000            29.2000    235900.0                 0.0                  1.00
2013-10-15   7.2600  7.34000  7.2200    7.2400            28.9600    664500.0                 0.0                  1.00
2013-10-16   7.3100  7.31000  7.2000    7.2000            28.8000    296500.0                 0.0                  1.00
2013-10-17   7.0700  7.26000  7.0700    7.1900            28.7600    190800.0                 0.0                  1.00
2013-10-18   7.2000  7.28000  7.1500    7.2500            29.0000    250300.0                 0.0                  1.00
2013-10-21   7.3600  7.37000  7.2000    7.3000            29.2000    245100.0                 0.0                  1.00
2013-10-22   7.5000  7.57000  7.2200    7.2500            29.0000    816300.0                 0.0                  1.00
2013-10-23   7.2700  7.45000  7.1600    7.2500            29.0000    411600.0                 0.0                  1.00
2013-10-24   7.3900  7.40000  7.1100    7.1600            28.6400    351900.0                 0.0                  1.00
2013-10-25   7.1500  7.19000  6.9700    7.0300            28.1200    442200.0                 0.0                  1.00
2013-10-28   7.1900  7.28000  6.9900    7.0100            28.0400    309700.0                 0.0                  1.00
2013-10-29   7.1000  7.16000  6.9500    7.0000            28.0000    175900.0                 0.0                  1.00
2013-10-30   7.1000  7.10000  6.7800    6.8900            27.5600    737900.0                 0.0                  1.00
2013-10-31   6.8800  6.96000  6.5000    6.6500            26.6000    401600.0                 0.0                  1.00
2013-11-01   6.5600  6.56000  5.9100    6.1000            24.4000   1210400.0                 0.0                  1.00
2013-11-04   6.1500  6.28000  5.9600    5.9700            23.8800    666100.0                 0.0                  1.00
2013-11-05   5.9700  6.00000  5.5700    5.7800            23.1200    819800.0                 0.0                  1.00
2013-11-06   5.8000  5.98000  5.6500    5.9300            23.7200    629300.0                 0.0                  1.00
2013-11-07   6.0000  6.34000  5.9000    6.2000            24.8000    832600.0                 0.0                  1.00
2013-11-08   6.3800  6.39000  6.2000    6.2800            25.1200    348700.0                 0.0                  1.00
2013-11-11   6.2500  6.25000  5.9300    6.0000            24.0000    774000.0                 0.0                  1.00
2013-11-12   6.0000  6.08000  5.9200    6.0000            24.0000    254700.0                 0.0                  1.00
2013-11-13   6.0000  6.10000  5.9000    5.9500            23.8000    291800.0                 0.0                  1.00
2013-11-14   6.0000  6.00000  5.8000    5.8500            23.4000    268200.0                 0.0                  1.00
2013-11-15   5.8900  5.95000  5.6000    5.7200            22.8800    472200.0                 0.0                  1.00
2013-11-18   5.7500  5.80000  5.5000    5.5000            22.0000    423600.0                 0.0                  1.00
2013-11-19   5.5000  5.76000  5.5000    5.7600            23.0400    304200.0                 0.0                  1.00
2013-11-20   5.8000  5.97000  5.7600    5.8800            23.5200    364000.0                 0.0                  1.00
2013-11-21   5.8800  6.21000  5.8300    6.0000            24.0000    991400.0                 0.0                  1.00
2013-11-22   3.0200  3.45000  2.9900    3.1100            12.4400  11853300.0                 0.0                  1.00
2013-11-25   3.1400  3.30000  3.0000    3.2500            13.0000   2156000.0                 0.0                  1.00
2013-11-26   3.2800  3.29000  3.1600    3.2900            13.1600    583800.0                 0.0                  1.00
2013-11-27   3.2900  3.47000  3.2000    3.4500            13.8000   1297400.0                 0.0                  1.00
2013-11-29   3.4700  3.51000  3.4300    3.4500            13.8000    635800.0                 0.0                  1.00
2013-12-02   3.3400  3.49000  3.3000    3.3300            13.3200    392700.0                 0.0                  1.00
2013-12-03   3.3000  3.33000  3.2000    3.3200            13.2800    350500.0                 0.0                  1.00
2013-12-04   3.3100  3.44000  3.2500    3.4200            13.6800    344500.0                 0.0                  1.00
2013-12-05   3.4000  3.47000  3.4000    3.4200            13.6800    206200.0                 0.0                  1.00
2013-12-06   3.3900  3.48000  3.3500    3.3800            13.5200    167100.0                 0.0                  1.00
2013-12-09   3.4200  3.43000  3.3400    3.3900            13.5600    494700.0                 0.0                  1.00
2013-12-10   3.3900  3.42000  3.3400    3.3600            13.4400    384800.0                 0.0                  1.00
2013-12-11   3.3500  3.36000  3.0700    3.0800            12.3200    659700.0                 0.0                  1.00
2013-12-12   3.0000  3.00000  2.5000    2.5600            10.2400   4115800.0                 0.0                  1.00
2013-12-13   2.5600  2.79000  2.5200    2.6900            10.7600   1096300.0                 0.0                  1.00
2013-12-16   2.6800  3.35000  2.6200    3.2700            13.0800   3983000.0                 0.0                  1.00
2013-12-17   3.2500  3.39000  3.1300    3.3600            13.4400   1555900.0                 0.0                  1.00
2013-12-18   3.3700  3.54000  3.3000    3.5000            14.0000   1568600.0                 0.0                  1.00
2013-12-19   3.5400  4.37000  3.3500    4.0000            16.0000   3751800.0                 0.0                  1.00
2013-12-20   4.0000  4.10000  3.7100    3.8200            15.2800   2676800.0                 0.0                  1.00
2013-12-23   3.9500  4.06000  3.7000    3.9300            15.7200    785600.0                 0.0                  1.00
2013-12-24   3.9300  3.99000  3.8200    3.8400            15.3600    148500.0                 0.0                  1.00
2013-12-26   3.8400  3.95000  3.8200    3.9400            15.7600    277500.0                 0.0                  1.00
2013-12-27   4.0000  4.03000  3.8300    3.8500            15.4000    368300.0                 0.0                  1.00
2013-12-30   3.9000  4.17000  3.8000    3.9900            15.9600    705600.0                 0.0                  1.00
2013-12-31   3.9900  3.99000  3.8000    3.9600            15.8400    497600.0                 0.0                  1.00
2014-01-02   3.9300  3.93000  3.8100    3.9200            15.6800    429300.0                 0.0                  1.00
2014-01-03   3.9500  3.98000  3.7100    3.7700            15.0800    594000.0                 0.0                  1.00
2014-01-06   3.7900  3.95000  3.6400    3.9200            15.6800    470500.0                 0.0                  1.00
2014-01-07   4.0100  4.01000  3.8500    3.9800            15.9200    461300.0                 0.0                  1.00
2014-01-08   3.9900  3.99000  3.7600    3.8500            15.4000    568300.0                 0.0                  1.00
2014-01-09   3.8600  3.95000  3.7800    3.9000            15.6000    548100.0                 0.0                  1.00
2014-01-10   3.8900  3.89000  3.7000    3.8500            15.4000    421500.0                 0.0                  1.00
2014-01-13   3.8600  3.99000  3.7800    3.8900            15.5600    448300.0                 0.0                  1.00
2014-01-14   3.9200  4.05000  3.8200    3.9900            15.9600    911200.0                 0.0                  1.00
2014-01-15   4.0000  4.00000  3.8600    3.9500            15.8000    499300.0                 0.0                  1.00
2014-01-16   3.9100  3.96000  3.7600    3.8000            15.2000    312700.0                 0.0                  1.00
2014-01-17   3.7800  3.87000  3.7500    3.7600            15.0400    377800.0                 0.0                  1.00
2014-01-21   3.7000  3.70000  3.3800    3.4700            13.8800    702800.0                 0.0                  1.00
2014-01-22   3.4900  3.55000  3.4000    3.4100            13.6400    227300.0                 0.0                  1.00
2014-01-23   3.4100  3.53000  3.3700    3.4900            13.9600    825200.0                 0.0                  1.00
2014-01-24   3.4500  3.45000  3.2800    3.3400            13.3600    485900.0                 0.0                  1.00
2014-01-27   3.3600  3.45000  3.2000    3.3600            13.4400    608500.0                 0.0                  1.00
2014-01-28   3.3800  3.43000  3.2800    3.3500            13.4000    438100.0                 0.0                  1.00
2014-01-29   3.3700  3.97000  3.3400    3.5800            14.3200   2219000.0                 0.0                  1.00
2014-01-30   3.6200  3.85000  3.6000    3.7700            15.0800   1926400.0                 0.0                  1.00
2014-01-31   3.7500  3.86000  3.6800    3.7800            15.1200    756100.0                 0.0                  1.00
2014-02-03   3.9500  3.99000  3.5700    3.7800            15.1200   1014900.0                 0.0                  1.00
2014-02-04   3.7600  3.87000  3.6300    3.8500            15.4000    796000.0                 0.0                  1.00
2014-02-05   3.8400  3.85000  3.6600    3.7500            15.0000    338300.0                 0.0                  1.00
2014-02-06   3.7500  3.75000  3.6700    3.7100            14.8400    293900.0                 0.0                  1.00
2014-02-07   3.7000  3.85000  3.6800    3.7400            14.9600    346400.0                 0.0                  1.00
2014-02-10   3.7900  3.82000  3.6300    3.7000            14.8000    401400.0                 0.0                  1.00
2014-02-11   3.7200  4.15000  3.6500    4.0100            16.0400   2281400.0                 0.0                  1.00
2014-02-12   3.9000  3.96000  3.7700    3.9100            15.6400   1146200.0                 0.0                  1.00
2014-02-13   3.8600  4.18000  3.8300    4.1300            16.5200   1532500.0                 0.0                  1.00
2014-02-14   4.2100  4.22000  4.0400    4.0600            16.2400   1045000.0                 0.0                  1.00
2014-02-18   4.0700  4.19000  3.8800    3.9800            15.9200    544200.0                 0.0                  1.00
2014-02-19   3.9800  4.00000  3.8500    3.8700            15.4800    398800.0                 0.0                  1.00
2014-02-20   3.8900  3.95000  3.8600    3.9100            15.6400    380400.0                 0.0                  1.00
2014-02-21   4.0600  4.06000  3.8600    3.9300            15.7200    723700.0                 0.0                  1.00
2014-02-24   3.9400  3.96000  3.8700    3.9100            15.6400    392600.0                 0.0                  1.00
2014-02-25   3.9600  4.02000  3.8600    3.9000            15.6000    540100.0                 0.0                  1.00
2014-02-26   3.9800  4.18000  3.9100    3.9400            15.7600   1139700.0                 0.0                  1.00
2014-02-27   3.9500  4.22000  3.9500    4.2100            16.8400    850100.0                 0.0                  1.00
2014-02-28   4.2600  4.47000  4.0700    4.3500            17.4000   1433600.0                 0.0                  1.00
2014-03-03   4.3600  4.36000  4.0400    4.3100            17.2400    748700.0                 0.0                  1.00
2014-03-04   4.3700  4.43000  4.2500    4.3400            17.3600    941400.0                 0.0                  1.00
2014-03-05   4.3600  4.74000  4.2900    4.5600            18.2400   1150300.0                 0.0                  1.00
2014-03-06   4.6600  4.72000  4.3000    4.4200            17.6800   1263400.0                 0.0                  1.00
2014-03-07   3.8500  4.52000  3.7800    4.1900            16.7600   1717900.0                 0.0                  1.00
2014-03-10   4.1600  4.58000  4.1600    4.4900            17.9600   1338100.0                 0.0                  1.00
2014-03-11   4.4800  4.68000  4.4000    4.4400            17.7600    888000.0                 0.0                  1.00
2014-03-12   4.4000  4.41000  4.2200    4.2700            17.0800    427200.0                 0.0                  1.00
2014-03-13   4.5500  4.70000  4.4000    4.5300            18.1200    988100.0                 0.0                  1.00
2014-03-14   4.5100  4.78000  4.4400    4.5800            18.3200    717500.0                 0.0                  1.00
2014-03-17   4.7300  5.00000  4.7300    4.8900            19.5600    722500.0                 0.0                  1.00
2014-03-18   4.8800  5.22000  4.8800    5.1500            20.6000    602200.0                 0.0                  1.00
2014-03-19   5.1300  5.48000  4.9300    4.9500            19.8000    899000.0                 0.0                  1.00
2014-03-20   4.9300  5.03000  4.8300    4.9400            19.7600    602700.0                 0.0                  1.00
2014-03-21   4.9600  5.00000  4.8100    4.8500            19.4000    387900.0                 0.0                  1.00
2014-03-24   4.8800  4.91000  4.4600    4.6700            18.6800    504000.0                 0.0                  1.00
2014-03-25   4.7100  4.79000  4.5600    4.6400            18.5600    471000.0                 0.0                  1.00
2014-03-26   4.6000  4.62000  4.1500    4.3000            17.2000   1684800.0                 0.0                  1.00
2014-03-27   4.2700  4.35000  4.1100    4.1200            16.4800   1120200.0                 0.0                  1.00
2014-03-28   4.1100  4.15000  3.8400    3.9000            15.6000   1532200.0                 0.0                  1.00
2014-03-31   3.9000  4.17000  3.9000    4.0000            16.0000   1084600.0                 0.0                  1.00
2014-04-01   4.1000  4.16000  4.0100    4.1500            16.6000    841400.0                 0.0                  1.00
2014-04-02   4.1500  4.57000  4.1500    4.5200            18.0800    987100.0                 0.0                  1.00
2014-04-03   4.5000  4.63000  4.2700    4.3600            17.4400    911100.0                 0.0                  1.00
2014-04-04   4.3800  4.38000  4.0500    4.1600            16.6400    644900.0                 0.0                  1.00
2014-04-07   4.1000  4.20000  3.9700    3.9800            15.9200    615000.0                 0.0                  1.00
2014-04-08   4.0000  4.13000  3.9600    3.9800            15.9200   1833700.0                 0.0                  1.00
2014-04-09   4.0000  4.02000  3.9200    3.9800            15.9200    414100.0                 0.0                  1.00
2014-04-10   3.9700  3.99000  3.8000    3.8000            15.2000    605500.0                 0.0                  1.00
2014-04-11   3.8600  3.89000  3.7000    3.7000            14.8000    493600.0                 0.0                  1.00
2014-04-14   3.7100  3.84000  3.6200    3.6700            14.6800    610600.0                 0.0                  1.00
2014-04-15   3.6900  3.75000  3.4000    3.4900            13.9600   1309300.0                 0.0                  1.00
2014-04-16   3.5200  3.73000  3.4300    3.7200            14.8800    549000.0                 0.0                  1.00
2014-04-17   3.6800  3.88000  3.5700    3.8100            15.2400    716600.0                 0.0                  1.00
2014-04-21   3.8500  3.95000  3.6900    3.8200            15.2800    515100.0                 0.0                  1.00
2014-04-22   3.9100  4.04000  3.8200    3.9600            15.8400    842200.0                 0.0                  1.00
2014-04-23   4.0000  4.05000  3.7700    3.9900            15.9600    741100.0                 0.0                  1.00
2014-04-24   4.0800  4.08000  3.7600    3.8500            15.4000    568300.0                 0.0                  1.00
2014-04-25   3.8200  3.87000  3.6500    3.6800            14.7200    860900.0                 0.0                  1.00
2014-04-28   3.7400  3.85000  3.5100    3.6000            14.4000   1074200.0                 0.0                  1.00
2014-04-29   3.6100  3.69000  3.5100    3.5600            14.2400    393800.0                 0.0                  1.00
2014-04-30   3.5600  3.65000  3.5100    3.6000            14.4000    383300.0                 0.0                  1.00
2014-05-01   3.6000  3.63000  3.4900    3.5300            14.1200    587000.0                 0.0                  1.00
2014-05-02   3.5300  3.56000  3.4700    3.4700            13.8800    395900.0                 0.0                  1.00
2014-05-05   3.4500  3.50000  3.4000    3.4900            13.9600    632800.0                 0.0                  1.00
2014-05-06   3.4700  3.48000  3.3700    3.3900            13.5600    478900.0                 0.0                  1.00
2014-05-07   3.3900  3.42000  3.1700    3.2100            12.8400    615700.0                 0.0                  1.00
2014-05-08   3.2100  3.25000  3.0500    3.0700            12.2800   1230700.0                 0.0                  1.00
2014-05-09   3.1100  3.14000  3.0400    3.0700            12.2800    584200.0                 0.0                  1.00
2014-05-12   3.1300  3.29000  3.1000    3.2600            13.0400    562200.0                 0.0                  1.00
2014-05-13   3.2400  3.34000  3.2000    3.2800            13.1200    688400.0                 0.0                  1.00
2014-05-14   3.2900  3.31000  3.2300    3.2600            13.0400    405300.0                 0.0                  1.00
2014-05-15   3.2400  3.28000  3.1500    3.2000            12.8000    405300.0                 0.0                  1.00
2014-05-16   3.1800  3.27000  3.1600    3.2500            13.0000    243800.0                 0.0                  1.00
2014-05-19   3.2500  3.33000  3.2000    3.2800            13.1200    446800.0                 0.0                  1.00
2014-05-20   3.2600  3.26000  3.1700    3.2300            12.9200    366800.0                 0.0                  1.00
2014-05-21   3.1800  3.26000  3.1500    3.2500            13.0000    461300.0                 0.0                  1.00
2014-05-22   3.2100  3.27000  3.1900    3.2400            12.9600    426500.0                 0.0                  1.00
2014-05-23   3.1700  3.25000  3.1700    3.2200            12.8800    386300.0                 0.0                  1.00
2014-05-27   3.2000  3.57000  3.1900    3.4700            13.8800   1115500.0                 0.0                  1.00
2014-05-28   3.4400  3.66000  3.4400    3.6100            14.4400   1280400.0                 0.0                  1.00
2014-05-29   3.6200  3.65000  3.4700    3.5200            14.0800   1287700.0                 0.0                  1.00
2014-05-30   3.3000  3.46000  3.3000    3.3700            13.4800   1782100.0                 0.0                  1.00
2014-06-02   3.3700  3.41000  3.3100    3.4000            13.6000    766500.0                 0.0                  1.00
2014-06-03   3.2700  3.40000  3.2700    3.3800            13.5200    666000.0                 0.0                  1.00
2014-06-04   3.3500  3.54000  3.3300    3.5200            14.0800    609300.0                 0.0                  1.00
2014-06-05   3.5100  3.66000  3.4400    3.6500            14.6000   1195100.0                 0.0                  1.00
2014-06-06   3.6800  3.94000  3.6800    3.9200            15.6800   1086500.0                 0.0                  1.00
2014-06-09   3.8900  3.91000  3.7600    3.7900            15.1600    721200.0                 0.0                  1.00
2014-06-10   3.7700  3.87000  3.7100    3.8500            15.4000    771700.0                 0.0                  1.00
2014-06-11   3.8400  3.88000  3.7900    3.8800            15.5200    422100.0                 0.0                  1.00
2014-06-12   3.8400  4.04000  3.8400    3.9100            15.6400    821000.0                 0.0                  1.00
2014-06-13   3.8400  3.97000  3.8400    3.9500            15.8000    639700.0                 0.0                  1.00
2014-06-16   4.1400  4.23000  3.9800    4.1700            16.6800   1819200.0                 0.0                  1.00
2014-06-17   4.1400  4.47000  4.1200    4.3800            17.5200   1447800.0                 0.0                  1.00
2014-06-18   4.4000  4.61000  4.3500    4.5800            18.3200   1267400.0                 0.0                  1.00
2014-06-19   4.5600  4.58000  4.2000    4.2300            16.9200   1059400.0                 0.0                  1.00
2014-06-20   4.2400  4.30000  4.1400    4.2800            17.1200   1890200.0                 0.0                  1.00
2014-06-23   4.3000  4.49000  4.1800    4.4200            17.6800   1738300.0                 0.0                  1.00
2014-06-24   4.4200  4.49000  4.3000    4.3500            17.4000    973500.0                 0.0                  1.00
2014-06-25   4.3400  4.48000  4.2200    4.4600            17.8400   1046400.0                 0.0                  1.00
2014-06-26   4.3000  4.44000  4.2800    4.3700            17.4800   1023100.0                 0.0                  1.00
2014-06-27   4.3300  4.59000  4.3000    4.4800            17.9200   6049100.0                 0.0                  1.00
2014-06-30   4.5000  4.68000  4.3700    4.4300            17.7200   1852400.0                 0.0                  1.00
2014-07-01   4.4200  4.57000  4.3900    4.4000            17.6000    909800.0                 0.0                  1.00
2014-07-02   4.3700  4.53000  4.3300    4.3700            17.4800    580800.0                 0.0                  1.00
2014-07-03   4.5400  4.65000  4.4400    4.4800            17.9200   1222100.0                 0.0                  1.00
2014-07-07   4.5000  4.50000  4.2200    4.2400            16.9600    867600.0                 0.0                  1.00
2014-07-08   4.2600  4.26000  3.9000    4.0000            16.0000   1445700.0                 0.0                  1.00
2014-07-09   4.0100  4.26000  3.9800    4.1500            16.6000   1069600.0                 0.0                  1.00
2014-07-10   4.0300  4.12000  4.0000    4.0200            16.0800    441100.0                 0.0                  1.00
2014-07-11   4.0200  4.17000  4.0200    4.1200            16.4800    401100.0                 0.0                  1.00
2014-07-14   4.2200  4.22000  3.9800    4.0000            16.0000    727000.0                 0.0                  1.00
2014-07-15   4.0000  4.06000  3.9100    3.9500            15.8000    964200.0                 0.0                  1.00
2014-07-16   3.9900  4.04000  3.9300    3.9700            15.8800    503600.0                 0.0                  1.00
2014-07-17   3.9400  4.06000  3.9300    3.9500            15.8000    667800.0                 0.0                  1.00
2014-07-18   3.9100  4.11000  3.9100    4.0600            16.2400    504400.0                 0.0                  1.00
2014-07-21   4.0300  4.05000  3.9500    4.0200            16.0800    212600.0                 0.0                  1.00
2014-07-22   4.0600  4.11000  3.9600    4.0100            16.0400    572100.0                 0.0                  1.00
2014-07-23   4.0000  4.07000  3.9400    4.0200            16.0800    351600.0                 0.0                  1.00
2014-07-24   4.0000  4.06000  3.9600    4.0100            16.0400    378300.0                 0.0                  1.00
2014-07-25   3.9500  3.98000  3.9000    3.9600            15.8400    401000.0                 0.0                  1.00
2014-07-28   3.9700  3.99000  3.8300    3.8300            15.3200    690400.0                 0.0                  1.00
2014-07-29   3.8300  3.91000  3.8200    3.8900            15.5600    452200.0                 0.0                  1.00
2014-07-30   3.9200  4.01000  3.8300    3.9700            15.8800    403600.0                 0.0                  1.00
2014-07-31   3.8600  3.99000  3.8600    3.9600            15.8400    595000.0                 0.0                  1.00
2014-08-01   3.9600  4.05000  3.9400    4.0100            16.0400    533000.0                 0.0                  1.00
2014-08-04   4.0000  4.04000  3.9000    3.9400            15.7600    596000.0                 0.0                  1.00
2014-08-05   3.9000  3.94000  3.6700    3.7200            14.8800    521300.0                 0.0                  1.00
2014-08-06   3.7200  3.89000  3.7100    3.7300            14.9200    491400.0                 0.0                  1.00
2014-08-07   3.7700  3.80000  3.6700    3.7000            14.8000    385100.0                 0.0                  1.00
2014-08-08   3.6900  4.01000  3.6200    3.9900            15.9600    833800.0                 0.0                  1.00
2014-08-11   4.0100  4.01000  3.8400    3.9100            15.6400    403100.0                 0.0                  1.00
2014-08-12   3.8800  3.98000  3.7600    3.7600            15.0400    269300.0                 0.0                  1.00
2014-08-13   3.8000  3.85000  3.7500    3.7800            15.1200    266100.0                 0.0                  1.00
2014-08-14   3.7600  3.83000  3.7200    3.7300            14.9200    232700.0                 0.0                  1.00
2014-08-15   3.7800  3.78000  3.6000    3.6100            14.4400    368000.0                 0.0                  1.00
2014-08-18   3.6200  3.92000  3.6200    3.6600            14.6400    301200.0                 0.0                  1.00
2014-08-19   3.6500  3.70000  3.6300    3.6600            14.6400    295000.0                 0.0                  1.00
2014-08-20   3.6500  3.74000  3.6500    3.6800            14.7200    242000.0                 0.0                  1.00
2014-08-21   3.6600  3.70000  3.6400    3.7000            14.8000    217000.0                 0.0                  1.00
2014-08-22   3.7100  3.80000  3.6800    3.7400            14.9600    322300.0                 0.0                  1.00
2014-08-25   3.7500  3.80000  3.6600    3.7400            14.9600    313300.0                 0.0                  1.00
2014-08-26   3.7400  4.07000  3.7400    4.0500            16.2000    859200.0                 0.0                  1.00
2014-08-27   4.0400  4.20000  3.9500    4.1900            16.7600   1421300.0                 0.0                  1.00
2014-08-28   3.9900  4.00000  3.7500    3.7600            15.0400   1801100.0                 0.0                  1.00
2014-08-29   3.7600  4.25000  3.7000    4.2200            16.8800   2511800.0                 0.0                  1.00
2014-09-02   4.2000  4.40000  3.9900    4.3300            17.3200    902700.0                 0.0                  1.00
2014-09-03   4.3400  4.40000  4.2000    4.3100            17.2400    912900.0                 0.0                  1.00
2014-09-04   4.3000  4.52000  4.2700    4.4600            17.8400   1212800.0                 0.0                  1.00
2014-09-05   4.4500  4.47000  4.3500    4.4000            17.6000    849400.0                 0.0                  1.00
2014-09-08   4.4000  4.72000  4.4000    4.6600            18.6400   1327300.0                 0.0                  1.00
2014-09-09   4.7400  4.95000  4.5500    4.7600            19.0400   1172400.0                 0.0                  1.00
2014-09-10   4.7100  4.88000  4.6500    4.8500            19.4000    752700.0                 0.0                  1.00
2014-09-11   4.7900  5.05000  4.7900    5.0100            20.0400   1081800.0                 0.0                  1.00
2014-09-12   5.0300  5.33000  5.0200    5.3200            21.2800   1631400.0                 0.0                  1.00
2014-09-15   5.3000  5.32000  4.9300    5.0200            20.0800   1181200.0                 0.0                  1.00
2014-09-16   5.0200  5.03000  4.8000    4.8600            19.4400    727200.0                 0.0                  1.00
2014-09-17   4.8600  5.00000  4.7500    4.8700            19.4800    664000.0                 0.0                  1.00
2014-09-18   4.8600  4.86000  4.3600    4.4100            17.6400   3423400.0                 0.0                  1.00
2014-09-19   4.3900  4.80000  4.3900    4.5500            18.2000   2881800.0                 0.0                  1.00
2014-09-22   4.4900  4.49000  4.1400    4.1600            16.6400   1200785.0                 0.0                  1.00
2014-09-23   4.1700  4.53000  4.1600    4.3100            17.2400   1738765.0                 0.0                  1.00
2014-09-24   4.3000  4.41000  4.2200    4.2600            17.0400    886022.0                 0.0                  1.00
2014-09-25   4.2200  4.23000  4.0500    4.0900            16.3600    913663.0                 0.0                  1.00
2014-09-26   4.3500  4.39000  4.2400    4.3700            17.4800   1105981.0                 0.0                  1.00
2014-09-29   4.3000  4.55000  4.2400    4.5400            18.1600   1250886.0                 0.0                  1.00
2014-09-30   4.5700  4.98000  4.5600    4.8700            19.4800   2416479.0                 0.0                  1.00
2014-10-01   4.9000  5.00000  4.7100    4.7300            18.9200   1174699.0                 0.0                  1.00
2014-10-02   4.7100  4.89000  4.6000    4.6500            18.6000   1061232.0                 0.0                  1.00
2014-10-03   4.8300  4.90000  4.7300    4.7700            19.0800   1086649.0                 0.0                  1.00
2014-10-06   4.8100  4.87000  4.5600    4.5700            18.2800    855924.0                 0.0                  1.00
2014-10-07   4.5400  4.63000  4.3900    4.4200            17.6800    836778.0                 0.0                  1.00
2014-10-08   4.4000  4.51000  4.3100    4.4300            17.7200   1008194.0                 0.0                  1.00
2014-10-09   4.4100  4.49000  4.2900    4.3700            17.4800    660007.0                 0.0                  1.00
2014-10-10   4.3300  4.40000  4.0500    4.0600            16.2400   1076120.0                 0.0                  1.00
2014-10-13   4.0600  4.08000  3.7900    3.8000            15.2000   1212469.0                 0.0                  1.00
2014-10-14   3.8500  4.01000  3.8000    3.9100            15.6400    622808.0                 0.0                  1.00
2014-10-15   3.9700  4.25000  3.8001    4.2300            16.9200    828809.0                 0.0                  1.00
2014-10-16   4.1400  4.29000  3.9900    4.1600            16.6400   1269428.0                 0.0                  1.00
2014-10-17   4.2300  4.33000  4.1600    4.2000            16.8000    533393.0                 0.0                  1.00
2014-10-20   4.1600  4.30000  4.1200    4.2900            17.1600    678694.0                 0.0                  1.00
2014-10-21   4.3400  4.40000  4.2100    4.4000            17.6000    631018.0                 0.0                  1.00
2014-10-22   4.3900  4.41990  4.1400    4.1500            16.6000   1774168.0                 0.0                  1.00
2014-10-23   4.1900  4.42000  4.1500    4.3800            17.5200    702668.0                 0.0                  1.00
2014-10-24   4.3700  4.49000  4.3000    4.4600            17.8400   1341329.0                 0.0                  1.00
2014-10-27   4.3800  4.69000  4.3400    4.5600            18.2400    756510.0                 0.0                  1.00
2014-10-28   4.5500  4.79000  4.5350    4.7000            18.8000    791354.0                 0.0                  1.00
2014-10-29   4.6900  4.79000  4.5900    4.6100            18.4400    411667.0                 0.0                  1.00
2014-10-30   4.5600  4.69000  4.5600    4.6800            18.7200    298595.0                 0.0                  1.00
2014-10-31   4.7600  4.85000  4.7000    4.8400            19.3600    790442.0                 0.0                  1.00
2014-11-03   4.8300  4.88500  4.7300    4.8500            19.4000    374357.0                 0.0                  1.00
2014-11-04   4.8200  4.88500  4.6700    4.7300            18.9200    463047.0                 0.0                  1.00
2014-11-05   4.7700  4.84000  4.7100    4.8300            19.3200    435867.0                 0.0                  1.00
2014-11-06   4.7900  4.88000  4.7900    4.8300            19.3200    375259.0                 0.0                  1.00
2014-11-07   4.8400  4.92000  4.7900    4.8200            19.2800    983313.0                 0.0                  1.00
2014-11-10   4.8100  4.99000  4.7500    4.9000            19.6000   1058842.0                 0.0                  1.00
2014-11-11   4.9000  4.93000  4.8500    4.8900            19.5600    478948.0                 0.0                  1.00
2014-11-12   4.8600  5.00000  4.8600    5.0000            20.0000    678314.0                 0.0                  1.00
2014-11-13   4.9900  5.02000  4.9600    5.0000            20.0000    597199.0                 0.0                  1.00
2014-11-14   5.0200  5.40000  4.9900    5.3800            21.5200   1381578.0                 0.0                  1.00
2014-11-17   5.3700  5.49200  5.0810    5.1100            20.4400    850467.0                 0.0                  1.00
2014-11-18   5.1100  5.25000  5.0700    5.2200            20.8800    440300.0                 0.0                  1.00
2014-11-19   5.1600  5.24000  5.0400    5.0500            20.2000    496256.0                 0.0                  1.00
2014-11-20   5.0700  5.12000  4.9400    4.9800            19.9200    440042.0                 0.0                  1.00
2014-11-21   5.1100  5.19000  5.0200    5.1100            20.4400    627038.0                 0.0                  1.00
2014-11-24   5.1200  5.48000  5.1200    5.2900            21.1600   1306464.0                 0.0                  1.00
2014-11-25   5.5500  5.55000  5.0700    5.1700            20.6800   2073139.0                 0.0                  1.00
2014-11-26   5.1900  5.40000  5.1700    5.3700            21.4800   1095636.0                 0.0                  1.00
2014-11-28   5.3000  5.40000  5.2300    5.2400            20.9600    445579.0                 0.0                  1.00
2014-12-01   5.1900  5.28000  5.0800    5.0900            20.3600    765126.0                 0.0                  1.00
2014-12-02   5.0900  5.25000  5.0600    5.1500            20.6000    687236.0                 0.0                  1.00
2014-12-03   5.1800  5.22000  5.1000    5.1200            20.4800    552248.0                 0.0                  1.00
2014-12-04   5.1100  5.19000  4.7800    4.9000            19.6000   1111323.0                 0.0                  1.00
2014-12-05   4.8500  5.14000  4.8500    5.0800            20.3200    986741.0                 0.0                  1.00
2014-12-08   5.0300  5.10000  4.8500    4.8800            19.5200    677559.0                 0.0                  1.00
2014-12-09   4.8200  4.94000  4.7300    4.9100            19.6400    607223.0                 0.0                  1.00
2014-12-10   4.9100  4.98000  4.6600    4.6800            18.7200    551251.0                 0.0                  1.00
2014-12-11   4.7000  4.83000  4.6400    4.7100            18.8400    510819.0                 0.0                  1.00
2014-12-12   4.6200  4.68000  4.4900    4.5300            18.1200   1205849.0                 0.0                  1.00
2014-12-15   4.5200  4.60000  4.4200    4.5000            18.0000   1139379.0                 0.0                  1.00
2014-12-16   4.4900  4.57000  4.4400    4.4800            17.9200    798284.0                 0.0                  1.00
2014-12-17   4.4700  4.59000  4.4500    4.5800            18.3200    876176.0                 0.0                  1.00
2014-12-18   4.5900  4.87000  4.5800    4.8000            19.2000   1149873.0                 0.0                  1.00
2014-12-19   4.7800  4.81000  4.6900    4.7900            19.1600    996077.0                 0.0                  1.00
2014-12-22   4.8000  4.93000  4.7400    4.9300            19.7200    583401.0                 0.0                  1.00
2014-12-23   4.9500  5.02000  4.8450    4.8600            19.4400    489799.0                 0.0                  1.00
2014-12-24   4.9000  5.03000  4.8800    4.9700            19.8800    269829.0                 0.0                  1.00
2014-12-26   5.0000  5.10000  4.9620    5.0600            20.2400    500048.0                 0.0                  1.00
2014-12-29   5.0000  5.08000  4.9500    5.0100            20.0400    429406.0                 0.0                  1.00
2014-12-30   5.0000  5.00000  4.7900    4.8000            19.2000    321350.0                 0.0                  1.00
2014-12-31   4.8100  4.84000  4.6850    4.7900            19.1600    373598.0                 0.0                  1.00
2015-01-02   4.8300  4.89000  4.6700    4.8500            19.4000    373803.0                 0.0                  1.00
2015-01-05   4.7900  4.87000  4.6500    4.7000            18.8000    501156.0                 0.0                  1.00
2015-01-06   4.7200  4.74000  4.4500    4.5700            18.2800    607931.0                 0.0                  1.00
2015-01-07   4.6000  4.67000  4.5400    4.6500            18.6000    281039.0                 0.0                  1.00
2015-01-08   4.6500  4.74000  4.5800    4.7000            18.8000    341995.0                 0.0                  1.00
2015-01-09   4.6800  4.77000  4.6100    4.6900            18.7600    294557.0                 0.0                  1.00
2015-01-12   4.6600  4.66000  4.5100    4.5700            18.2800    444800.0                 0.0                  1.00
2015-01-13   4.6100  4.62000  4.3502    4.4300            17.7200    534075.0                 0.0                  1.00
2015-01-14   4.3700  4.45000  4.1900    4.4400            17.7600    674098.0                 0.0                  1.00
2015-01-15   4.4300  4.43000  4.1400    4.1600            16.6400    632210.0                 0.0                  1.00
2015-01-16   4.1400  4.25000  4.1200    4.2500            17.0000    449047.0                 0.0                  1.00
2015-01-20   4.2500  4.29990  4.0600    4.0800            16.3200    507166.0                 0.0                  1.00
2015-01-21   4.0500  4.21000  4.0100    4.1100            16.4400    900296.0                 0.0                  1.00
2015-01-22   4.1400  4.21000  4.0500    4.2000            16.8000    681206.0                 0.0                  1.00
2015-01-23   4.2300  4.37000  4.1900    4.3100            17.2400   1544084.0                 0.0                  1.00
2015-01-26   4.3000  4.34000  4.2200    4.2700            17.0800    870623.0                 0.0                  1.00
2015-01-27   4.2400  4.28900  4.1800    4.2400            16.9600    706328.0                 0.0                  1.00
2015-01-28   4.3000  4.31000  4.0600    4.1000            16.4000   1417787.0                 0.0                  1.00
2015-01-29   4.1000  4.11000  3.9200    4.0100            16.0400   1330189.0                 0.0                  1.00
2015-01-30   4.0000  4.00000  3.8200    3.8400            15.3600   1405340.0                 0.0                  1.00
2015-02-02   3.8200  4.01000  3.8200    4.0000            16.0000    877086.0                 0.0                  1.00
2015-02-03   4.0300  4.08200  3.9300    4.0000            16.0000    608986.0                 0.0                  1.00
2015-02-04   4.0100  4.03000  3.9501    3.9700            15.8800    286052.0                 0.0                  1.00
2015-02-05   3.9800  4.36500  3.9700    4.3600            17.4400   1284203.0                 0.0                  1.00
2015-02-06   4.3200  4.41000  4.2100    4.2500            17.0000    523581.0                 0.0                  1.00
2015-02-09   4.2000  4.24990  3.9000    3.9700            15.8800    749933.0                 0.0                  1.00
2015-02-10   3.9900  4.02990  3.8700    3.9500            15.8000    226046.0                 0.0                  1.00
2015-02-11   3.9700  4.05000  3.9500    3.9900            15.9600    248566.0                 0.0                  1.00
2015-02-12   4.0300  4.15000  4.0090    4.1200            16.4800    355990.0                 0.0                  1.00
2015-02-13   4.1200  4.17000  4.0600    4.1200            16.4800    338823.0                 0.0                  1.00
2015-02-17   4.1200  4.24000  4.1200    4.2100            16.8400    574611.0                 0.0                  1.00
2015-02-18   4.1900  4.22000  4.1100    4.1800            16.7200    410818.0                 0.0                  1.00
2015-02-19   4.1500  4.24000  4.1000    4.1400            16.5600    486666.0                 0.0                  1.00
2015-02-20   4.1200  4.16000  3.9900    4.0000            16.0000    489938.0                 0.0                  1.00
2015-02-23   4.0000  4.00000  3.9000    3.9400            15.7600    374035.0                 0.0                  1.00
2015-02-24   3.9300  4.03000  3.9300    3.9900            15.9600    299872.0                 0.0                  1.00
2015-02-25   4.0000  4.02000  3.9700    4.0000            16.0000    246818.0                 0.0                  1.00
2015-02-26   4.0000  4.04000  3.9700    3.9800            15.9200    161697.0                 0.0                  1.00
2015-02-27   3.9700  3.99000  3.9200    3.9300            15.7200    391464.0                 0.0                  1.00
2015-03-02   3.9500  3.99000  3.9100    3.9700            15.8800    455845.0                 0.0                  1.00
2015-03-03   3.9600  3.96000  3.9000    3.9100            15.6400    250526.0                 0.0                  1.00
2015-03-04   3.8900  4.07000  3.8600    4.0400            16.1600    907101.0                 0.0                  1.00
2015-03-05   4.0400  4.14000  3.9600    3.9900            15.9600   1064151.0                 0.0                  1.00
2015-03-06   3.7000  3.74000  3.5100    3.5900            14.3600   3865053.0                 0.0                  1.00
2015-03-09   3.5500  3.55000  3.2800    3.2900            13.1600   1662411.0                 0.0                  1.00
2015-03-10   3.2600  3.26000  3.0200    3.1600            12.6400   3080867.0                 0.0                  1.00
2015-03-11   3.1600  3.17000  3.0500    3.0700            12.2800   1199990.0                 0.0                  1.00
2015-03-12   3.0900  3.49000  3.0800    3.1600            12.6400   2152077.0                 0.0                  1.00
2015-03-13   3.3600  3.55000  3.2800    3.5300            14.1200   1622560.0                 0.0                  1.00
2015-03-16   3.5700  3.65000  3.4400    3.5900            14.3600   1319813.0                 0.0                  1.00
2015-03-17   3.5800  3.65000  3.4900    3.6100            14.4400    886472.0                 0.0                  1.00
2015-03-18   3.5800  3.63000  3.5100    3.5300            14.1200    534098.0                 0.0                  1.00
2015-03-19   3.5100  3.55400  3.2300    3.2500            13.0000   1131589.0                 0.0                  1.00
2015-03-20   3.2900  3.56000  3.2300    3.5200            14.0800   1530344.0                 0.0                  1.00
2015-03-23   3.5000  3.65000  3.4600    3.6200            14.4800    699565.0                 0.0                  1.00
2015-03-24   3.6200  3.68000  3.5800    3.6400            14.5600    837581.0                 0.0                  1.00
2015-03-25   3.6600  3.66000  3.5000    3.5400            14.1600    868341.0                 0.0                  1.00
2015-03-26   3.4800  3.63000  3.4000    3.5600            14.2400   1268682.0                 0.0                  1.00
2015-03-27   3.5900  3.69000  3.4650    3.6800            14.7200   1341755.0                 0.0                  1.00
2015-03-30   3.7200  3.91000  3.6600    3.7600            15.0400   1245923.0                 0.0                  1.00
2015-03-31   3.7200  3.80000  3.6900    3.7700            15.0800    627856.0                 0.0                  1.00
2015-04-01   3.7600  3.95000  3.7200    3.8700            15.4800   1710471.0                 0.0                  1.00
2015-04-02   3.8600  3.94900  3.8050    3.9100            15.6400    710009.0                 0.0                  1.00
2015-04-06   3.8300  3.87000  3.7700    3.8200            15.2800    474988.0                 0.0                  1.00
2015-04-07   3.8100  3.88000  3.7500    3.7900            15.1600    331396.0                 0.0                  1.00
2015-04-08   3.7200  3.79500  3.6700    3.7800            15.1200    429494.0                 0.0                  1.00
2015-04-09   3.7800  3.83000  3.7400    3.8300            15.3200    426904.0                 0.0                  1.00
2015-04-10   3.8100  4.06180  3.8100    4.0100            16.0400    813418.0                 0.0                  1.00
2015-04-13   4.0000  4.04000  3.9700    4.0200            16.0800   1300030.0                 0.0                  1.00
2015-04-14   4.0400  4.15000  3.9850    3.9900            15.9600   1016765.0                 0.0                  1.00
2015-04-15   4.0600  4.12000  3.9700    4.0500            16.2000   1186561.0                 0.0                  1.00
2015-04-16   4.0000  4.13000  3.9600    4.0500            16.2000    758413.0                 0.0                  1.00
2015-04-17   4.0100  4.03000  3.7600    3.8700            15.4800   1233547.0                 0.0                  1.00
2015-04-20   3.9200  3.93000  3.7000    3.7400            14.9600   1064781.0                 0.0                  1.00
2015-04-21   3.7500  3.81000  3.6900    3.7500            15.0000   1810147.0                 0.0                  1.00
2015-04-22   3.7400  3.80000  3.7100    3.7300            14.9200    291717.0                 0.0                  1.00
2015-04-23   3.7200  3.78000  3.7200    3.7700            15.0800    242626.0                 0.0                  1.00
2015-04-24   3.7700  3.80000  3.7300    3.7400            14.9600    357322.0                 0.0                  1.00
2015-04-27   3.7500  3.75000  3.5500    3.5500            14.2000    659621.0                 0.0                  1.00
2015-04-28   3.5200  3.67000  3.5100    3.6700            14.6800    621847.0                 0.0                  1.00
2015-04-29   3.6500  3.67000  3.5900    3.6100            14.4400    322776.0                 0.0                  1.00
2015-04-30   3.5800  3.60000  3.4100    3.4100            13.6400    799484.0                 0.0                  1.00
2015-05-01   3.4100  3.55000  3.4100    3.4500            13.8000    693423.0                 0.0                  1.00
2015-05-04   3.4500  3.56000  3.4300    3.5000            14.0000    512014.0                 0.0                  1.00
2015-05-05   3.4800  3.50000  3.3500    3.3600            13.4400    510915.0                 0.0                  1.00
2015-05-06   3.3900  3.47000  3.3500    3.3800            13.5200    507285.0                 0.0                  1.00
2015-05-07   3.3400  3.34010  3.1900    3.2200            12.8800   1102586.0                 0.0                  1.00
2015-05-08   3.2600  3.30000  3.2300    3.2800            13.1200    290011.0                 0.0                  1.00
2015-05-11   3.2500  3.36500  3.2000    3.3400            13.3600    867725.0                 0.0                  1.00
2015-05-12   3.3000  3.45000  3.2600    3.4100            13.6400    518280.0                 0.0                  1.00
2015-05-13   3.3900  3.52000  3.3900    3.4000            13.6000    505572.0                 0.0                  1.00
2015-05-14   3.4100  3.46500  3.3700    3.4000            13.6000    286904.0                 0.0                  1.00
2015-05-15   3.4000  3.41990  3.2400    3.3100            13.2400    987004.0                 0.0                  1.00
2015-05-18   3.3200  3.32000  3.1800    3.2000            12.8000   1652171.0                 0.0                  1.00
2015-05-19   3.1800  3.21000  3.1100    3.1400            12.5600    640369.0                 0.0                  1.00
2015-05-20   3.1300  3.26000  3.0990    3.1700            12.6800   1667233.0                 0.0                  1.00
2015-05-21   3.1600  3.35000  3.1600    3.3000            13.2000    684160.0                 0.0                  1.00
2015-05-22   3.3000  3.45000  3.3000    3.3900            13.5600    898111.0                 0.0                  1.00
2015-05-26   3.3700  3.41000  3.2800    3.3000            13.2000    403724.0                 0.0                  1.00
2015-05-27   3.3100  3.43000  3.2800    3.4000            13.6000    658485.0                 0.0                  1.00
2015-05-28   3.3800  3.42000  3.3700    3.3900            13.5600    294291.0                 0.0                  1.00
2015-05-29   3.3900  3.40000  3.3450    3.3500            13.4000    678096.0                 0.0                  1.00
2015-06-01   3.3400  3.38000  3.1700    3.2100            12.8400   1051857.0                 0.0                  1.00
2015-06-02   3.1700  3.26000  3.1600    3.1600            12.6400   1909974.0                 0.0                  1.00
2015-06-03   2.8000  2.99000  2.7200    2.7700            11.0800   5964154.0                 0.0                  1.00
2015-06-04   2.7500  2.87000  2.7100    2.7900            11.1600   2556360.0                 0.0                  1.00
2015-06-05   2.7500  2.76000  2.6400    2.7100            10.8400   1963107.0                 0.0                  1.00
2015-06-08   2.6700  2.83000  2.6700    2.8200            11.2800   1280690.0                 0.0                  1.00
2015-06-09   2.8300  2.87000  2.7300    2.8500            11.4000   1686693.0                 0.0                  1.00
2015-06-10   2.8500  2.85000  2.7000    2.7500            11.0000   2042993.0                 0.0                  1.00
2015-06-11   2.8100  2.81000  2.7300    2.7400            10.9600    400989.0                 0.0                  1.00
2015-06-12   2.7300  2.76000  2.7000    2.7000            10.8000    493087.0                 0.0                  1.00
2015-06-15   2.7000  2.76000  2.6200    2.7400            10.9600    542603.0                 0.0                  1.00
2015-06-16   2.7100  2.75000  2.6850    2.7100            10.8400   1145971.0                 0.0                  1.00
2015-06-17   2.7100  2.76000  2.6900    2.7300            10.9200    393846.0                 0.0                  1.00
2015-06-18   2.7300  2.76000  2.6500    2.6700            10.6800    582038.0                 0.0                  1.00
2015-06-19   2.6800  2.70000  2.6300    2.6300            10.5200    662298.0                 0.0                  1.00
2015-06-22   2.6400  2.65000  2.5900    2.6000            10.4000    712281.0                 0.0                  1.00
2015-06-23   2.5800  2.70000  2.5800    2.6900            10.7600    670876.0                 0.0                  1.00
2015-06-24   2.6900  2.70000  2.6100    2.6100            10.4400    625274.0                 0.0                  1.00
2015-06-25   2.6100  2.69000  2.6100    2.6600            10.6400    685817.0                 0.0                  1.00
2015-06-26   2.6600  2.67500  2.6000    2.6600            10.6400   1335496.0                 0.0                  1.00
2015-06-29   2.6100  2.72000  2.5800    2.5800            10.3200   1104029.0                 0.0                  1.00
2015-06-30   2.5800  2.62000  2.4300    2.4500             9.8000   1817013.0                 0.0                  1.00
2015-07-01   2.4600  2.53000  2.2300    2.3500             9.4000   2477452.0                 0.0                  1.00
2015-07-02   2.3400  2.34000  2.2400    2.2400             8.9600   1186000.0                 0.0                  1.00
2015-07-06   2.1600  2.21000  2.1100    2.1400             8.5600   1250346.0                 0.0                  1.00
2015-07-07   2.1100  2.13000  2.0400    2.1200             8.4800   2208008.0                 0.0                  1.00
2015-07-08   2.0900  2.17000  1.9900    2.0200             8.0800   1107518.0                 0.0                  1.00
2015-07-09   2.0400  2.06000  1.9400    2.0100             8.0400   1182372.0                 0.0                  1.00
2015-07-10   2.0200  2.15000  2.0200    2.1200             8.4800   1426771.0                 0.0                  1.00
2015-07-13   2.1200  2.22000  2.1100    2.1600             8.6400    697724.0                 0.0                  1.00
2015-07-14   2.1600  2.25000  2.1200    2.2400             8.9600    877908.0                 0.0                  1.00
2015-07-15   2.2400  2.30500  2.1600    2.2200             8.8800   1363453.0                 0.0                  1.00
2015-07-16   2.2200  2.48000  2.2200    2.4500             9.8000   1331693.0                 0.0                  1.00
2015-07-17   2.5200  2.63000  2.4700    2.5200            10.0800   2244552.0                 0.0                  1.00
2015-07-20   2.5300  2.53000  2.3100    2.3100             9.2400    983408.0                 0.0                  1.00
2015-07-21   2.3300  2.45000  2.2300    2.2400             8.9600   1099185.0                 0.0                  1.00
2015-07-22   2.2200  2.33000  2.2100    2.2400             8.9600    645867.0                 0.0                  1.00
2015-07-23   2.2300  2.27000  2.0800    2.1400             8.5600   3155896.0                 0.0                  1.00
2015-07-24   2.1400  2.19000  2.0100    2.0700             8.2800   2011893.0                 0.0                  1.00
2015-07-27   2.0700  2.10000  2.0000    2.0600             8.2400   1039387.0                 0.0                  1.00
2015-07-28   2.0500  2.21000  2.0100    2.1700             8.6800   1192197.0                 0.0                  1.00
2015-07-29   2.1700  2.36500  2.1698    2.3300             9.3200    893012.0                 0.0                  1.00
2015-07-30   2.3300  2.59000  2.3100    2.4700             9.8800   1519443.0                 0.0                  1.00
2015-07-31   2.4800  2.48000  2.3100    2.3600             9.4400    723926.0                 0.0                  1.00
2015-08-03   2.3200  2.33990  2.1200    2.1300             8.5200    786301.0                 0.0                  1.00
2015-08-04   2.1100  2.15000  2.0500    2.0700             8.2800    624920.0                 0.0                  1.00
2015-08-05   2.1200  2.32500  2.1000    2.1100             8.4400   1006742.0                 0.0                  1.00
2015-08-06   2.1200  2.50500  2.0700    2.3200             9.2800   2191584.0                 0.0                  1.00
2015-08-07   2.2900  2.33000  2.1200    2.1500             8.6000    892563.0                 0.0                  1.00
2015-08-10   2.1500  2.38000  2.1500    2.3100             9.2400    698441.0                 0.0                  1.00
2015-08-11   2.2800  2.30990  2.2100    2.2500             9.0000    647834.0                 0.0                  1.00
2015-08-12   2.2200  2.35000  2.1800    2.3300             9.3200    717299.0                 0.0                  1.00
2015-08-13   2.3500  2.39000  2.1300    2.1600             8.6400    780006.0                 0.0                  1.00
2015-08-14   2.1500  2.29000  2.1500    2.2600             9.0400    715300.0                 0.0                  1.00
2015-08-17   2.2500  2.38000  2.1600    2.1800             8.7200   1126806.0                 0.0                  1.00
2015-08-18   2.1500  2.17000  2.0900    2.1100             8.4400    584942.0                 0.0                  1.00
2015-08-19   2.1100  2.11000  2.0302    2.0400             8.1600    744826.0                 0.0                  1.00
2015-08-20   2.0300  2.05000  1.9700    1.9800             7.9200    831254.0                 0.0                  1.00
2015-08-21   1.9400  2.01000  1.9000    1.9900             7.9600    802759.0                 0.0                  1.00
2015-08-24   1.8400  2.00000  1.8000    1.8800             7.5200   1521111.0                 0.0                  1.00
2015-08-25   2.0100  2.18000  1.8900    1.9000             7.6000   2096454.0                 0.0                  1.00
2015-08-26   1.9900  2.32990  1.8700    2.1800             8.7200   2956829.0                 0.0                  1.00
2015-08-27   2.2300  2.46000  2.2000    2.4300             9.7200   3683021.0                 0.0                  1.00
2015-08-28   1.8000  1.96000  1.7100    1.8400             7.3600   5955598.0                 0.0                  1.00
2015-08-31   1.8100  1.92000  1.7400    1.7700             7.0800   2006105.0                 0.0                  1.00
2015-09-01   1.7200  1.84000  1.6400    1.6500             6.6000   1962025.0                 0.0                  1.00
2015-09-02   1.7200  1.72000  1.5500    1.6000             6.4000   1644492.0                 0.0                  1.00
2015-09-03   1.6500  1.72000  1.5800    1.6100             6.4400   1548113.0                 0.0                  1.00
2015-09-04   1.5900  1.70000  1.5400    1.6000             6.4000   1090720.0                 0.0                  1.00
2015-09-08   1.6200  1.66000  1.4900    1.5400             6.1600   1525845.0                 0.0                  1.00
2015-09-09   1.5400  1.56000  1.4500    1.4700             5.8800   1827536.0                 0.0                  1.00
2015-09-10   1.4800  1.55000  1.4200    1.5400             6.1600   1654294.0                 0.0                  1.00
2015-09-11   1.5200  1.81000  1.5200    1.7800             7.1200   2572630.0                 0.0                  1.00
2015-09-14   1.8300  1.92000  1.7600    1.8700             7.4800   2068026.0                 0.0                  1.00
2015-09-15   1.8300  1.87000  1.7600    1.8000             7.2000    948241.0                 0.0                  1.00
2015-09-16   1.7600  1.81000  1.7600    1.7800             7.1200    711574.0                 0.0                  1.00
2015-09-17   1.7600  1.82000  1.7600    1.7700             7.0800    630188.0                 0.0                  1.00
2015-09-18   1.7500  1.76000  1.6550    1.7600             7.0400   1296159.0                 0.0                  1.00
2015-09-21   1.7400  1.77000  1.6600    1.6900             6.7600    721037.0                 0.0                  1.00
2015-09-22   1.6500  1.70000  1.6100    1.6100             6.4400    431066.0                 0.0                  1.00
2015-09-23   1.6000  1.60990  1.5000    1.5100             6.0400    934885.0                 0.0                  1.00
2015-09-24   1.5000  1.60000  1.5000    1.5900             6.3600    518673.0                 0.0                  1.00
2015-09-25   1.5900  1.60000  1.4600    1.4800             5.9200   1043198.0                 0.0                  1.00
2015-09-28   1.4500  1.52000  1.4150    1.4200             5.6800    783080.0                 0.0                  1.00
2015-09-29   1.4300  1.52000  1.2900    1.5200             6.0800   2034912.0                 0.0                  1.00
2015-09-30   1.5100  1.53000  1.3600    1.3800             5.5200    959671.0                 0.0                  1.00
2015-10-01   1.3800  1.39000  1.3100    1.3800             5.5200    733157.0                 0.0                  1.00
2015-10-02   1.3500  1.51000  1.3100    1.4700             5.8800   1022761.0                 0.0                  1.00
2015-10-05   1.4700  1.60000  1.4300    1.6000             6.4000   1015177.0                 0.0                  1.00
2015-10-06   1.5900  1.67000  1.5700    1.6100             6.4400    718542.0                 0.0                  1.00
2015-10-07   1.6100  1.76000  1.6100    1.7600             7.0400    854845.0                 0.0                  1.00
2015-10-08   1.7400  1.75000  1.6600    1.7000             6.8000    874069.0                 0.0                  1.00
2015-10-09   1.7400  1.77000  1.6700    1.7100             6.8400    873457.0                 0.0                  1.00
2015-10-12   1.7000  1.75000  1.6100    1.7400             6.9600    644719.0                 0.0                  1.00
2015-10-13   1.7200  1.74000  1.6500    1.7300             6.9200    710304.0                 0.0                  1.00
2015-10-14   1.7300  1.75000  1.6000    1.7400             6.9600   1014835.0                 0.0                  1.00
2015-10-15   1.7500  1.78000  1.6400    1.7600             7.0400    964898.0                 0.0                  1.00
2015-10-16   1.7600  1.76000  1.4900    1.6000             6.4000   1207695.0                 0.0                  1.00
2015-10-19   1.6000  1.60000  1.5301    1.6000             6.4000    334420.0                 0.0                  1.00
2015-10-20   1.6300  1.64000  1.5700    1.5900             6.3600    368575.0                 0.0                  1.00
2015-10-21   1.5600  1.58000  1.5000    1.5600             6.2400    616147.0                 0.0                  1.00
2015-10-22   1.5500  1.59500  1.5100    1.5200             6.0800   1009362.0                 0.0                  1.00
2015-10-23   1.5500  1.72000  1.5300    1.7000             6.8000   1309357.0                 0.0                  1.00
2015-10-26   1.6800  1.70000  1.5600    1.5700             6.2800    555863.0                 0.0                  1.00
2015-10-27   1.5400  1.59000  1.3499    1.5800             6.3200   1917488.0                 0.0                  1.00
2015-10-28   1.5400  1.64000  1.5400    1.6200             6.4800    325549.0                 0.0                  1.00
2015-10-29   1.5700  1.64340  1.5700    1.5700             6.2800    398646.0                 0.0                  1.00
2015-10-30   1.5800  1.63000  1.5500    1.6100             6.4400    459773.0                 0.0                  1.00
2015-11-02   1.6100  1.67000  1.5900    1.6700             6.6800    712008.0                 0.0                  1.00
2015-11-03   1.6500  1.82000  1.6500    1.7600             7.0400   1340142.0                 0.0                  1.00
2015-11-04   1.7500  1.76000  1.6800    1.7100             6.8400    377196.0                 0.0                  1.00
2015-11-05   1.7100  1.72000  1.5350    1.6100             6.4400   1074940.0                 0.0                  1.00
2015-11-06   1.6000  1.63000  1.5900    1.6000             6.4000    618465.0                 0.0                  1.00
2015-11-09   1.5900  1.60990  1.4900    1.5400             6.1600    760544.0                 0.0                  1.00
2015-11-10   1.5300  1.56000  1.4400    1.4600             5.8400    700929.0                 0.0                  1.00
2015-11-11   1.4700  1.47000  1.4100    1.4100             5.6400    770571.0                 0.0                  1.00
2015-11-12   1.4000  1.44000  1.3300    1.3500             5.4000    918161.0                 0.0                  1.00
2015-11-13   1.3400  1.34000  1.2400    1.2600             5.0400   1325194.0                 0.0                  1.00
2015-11-16   1.2600  1.26000  1.1300    1.2000             4.8000   1389499.0                 0.0                  1.00
2015-11-17   1.2000  1.28000  1.1800    1.2300             4.9200   1364050.0                 0.0                  1.00
2015-11-18   1.2000  1.27000  1.1200    1.2500             5.0000   1193217.0                 0.0                  1.00
2015-11-19   1.2500  1.28000  1.1800    1.2600             5.0400   1040781.0                 0.0                  1.00
2015-11-20   1.2600  1.26000  1.1800    1.1900             4.7600    574593.0                 0.0                  1.00
2015-11-23   1.1600  1.20000  0.9545    1.1600             4.6400   3808350.0                 0.0                  1.00
2015-11-24   1.1400  1.24000  1.1200    1.2400             4.9600    976693.0                 0.0                  1.00
2015-11-25   1.2300  1.35000  1.2300    1.3200             5.2800    586463.0                 0.0                  1.00
2015-11-27   1.3200  1.34000  1.2900    1.3100             5.2400    463090.0                 0.0                  1.00
2015-11-30   1.3000  1.34000  1.3000    1.3100             5.2400    914819.0                 0.0                  1.00
2015-12-01   1.3400  1.37000  1.3100    1.3200             5.2800   1279423.0                 0.0                  1.00
2015-12-02   1.4700  1.48000  1.2100    1.3100             5.2400   2078220.0                 0.0                  1.00
2015-12-03   1.1100  1.13000  0.9399    0.9641             3.8564   4448724.0                 0.0                  1.00
2015-12-04   0.9600  0.97670  0.8180    0.9121             3.6484   2585666.0                 0.0                  1.00
2015-12-07   0.9100  0.94010  0.8400    0.8885             3.5540   1096945.0                 0.0                  1.00
2015-12-08   0.8700  0.91770  0.8300    0.8981             3.5924   2004311.0                 0.0                  1.00
2015-12-09   0.8800  0.89000  0.8210    0.8339             3.3356   1190994.0                 0.0                  1.00
2015-12-10   0.8235  0.90950  0.8235    0.8989             3.5956   1940623.0                 0.0                  1.00
2015-12-11   0.8765  0.90000  0.8526    0.9000             3.6000    947600.0                 0.0                  1.00
2015-12-14   0.9000  0.90000  0.8400    0.8501             3.4004   1116393.0                 0.0                  1.00
2015-12-15   0.8521  0.96000  0.8521    0.9101             3.6404   1390172.0                 0.0                  1.00
2015-12-16   0.9169  0.94520  0.8750    0.8814             3.5256   1592845.0                 0.0                  1.00
2015-12-17   0.8800  0.92900  0.8321    0.8704             3.4816    964746.0                 0.0                  1.00
2015-12-18   0.8800  0.92800  0.8380    0.8626             3.4504   1963165.0                 0.0                  1.00
2015-12-21   0.8800  0.91360  0.8611    0.9000             3.6000    710889.0                 0.0                  1.00
2015-12-22   0.8977  0.94990  0.8800    0.9389             3.7556   1254036.0                 0.0                  1.00
2015-12-23   0.9026  1.05000  0.9026    1.0200             4.0800   1533904.0                 0.0                  1.00
2015-12-24   0.9535  1.02000  0.9500    1.0100             4.0400    500801.0                 0.0                  1.00
2015-12-28   1.0000  1.07000  0.9600    0.9700             3.8800   1266371.0                 0.0                  1.00
2015-12-29   0.9995  1.01000  0.9702    0.9999             3.9996   1552590.0                 0.0                  1.00
2015-12-30   0.9700  0.99800  0.8900    0.9012             3.6048    831368.0                 0.0                  1.00
2015-12-31   0.9000  0.92730  0.8710    0.9001             3.6004    844304.0                 0.0                  1.00
2016-01-04   0.8816  0.94970  0.8601    0.9000             3.6000    970329.0                 0.0                  1.00
2016-01-05   0.9098  0.94500  0.8500    0.8600             3.4400    593008.0                 0.0                  1.00
2016-01-06   0.8500  0.85000  0.7900    0.8054             3.2216    903185.0                 0.0                  1.00
2016-01-07   0.7900  0.79010  0.6170    0.7101             2.8404   2099265.0                 0.0                  1.00
2016-01-08   0.6980  0.75900  0.6210    0.6748             2.6992   1582613.0                 0.0                  1.00
2016-01-11   0.7045  0.73960  0.6900    0.7300             2.9200   1388533.0                 0.0                  1.00
2016-01-12   0.7100  0.77000  0.6780    0.7600             3.0400   1117559.0                 0.0                  1.00
2016-01-13   0.7700  0.78790  0.7010    0.7181             2.8724    710755.0                 0.0                  1.00
2016-01-14   0.7028  0.77910  0.7028    0.7201             2.8804    809435.0                 0.0                  1.00
2016-01-15   0.7100  0.73800  0.6500    0.6683             2.6732    716982.0                 0.0                  1.00
2016-01-19   0.6800  0.69740  0.6500    0.6500             2.6000    480924.0                 0.0                  1.00
2016-01-20   0.6565  0.68850  0.6000    0.6701             2.6804    567791.0                 0.0                  1.00
2016-01-21   0.6420  0.73960  0.6420    0.7084             2.8336   1001732.0                 0.0                  1.00
2016-01-22   0.7200  0.82000  0.7200    0.8009             3.2036    679191.0                 0.0                  1.00
2016-01-25   0.8200  0.82000  0.7000    0.7435             2.9740    704670.0                 0.0                  1.00
2016-01-26   0.7200  0.76630  0.7051    0.7622             3.0488    234148.0                 0.0                  1.00
2016-01-27   0.7700  0.94000  0.7212    0.7800             3.1200    839190.0                 0.0                  1.00
2016-01-28   0.7800  0.88000  0.7103    0.8688             3.4752    452033.0                 0.0                  1.00
2016-01-29   0.8700  0.98000  0.8421    0.8900             3.5600   2100208.0                 0.0                  1.00
2016-02-01   0.8837  0.89100  0.7626    0.8069             3.2276    373932.0                 0.0                  1.00
2016-02-02   0.8400  0.85000  0.7541    0.7700             3.0800    397281.0                 0.0                  1.00
2016-02-03   0.8100  0.84500  0.7650    0.8193             3.2772    432987.0                 0.0                  1.00
2016-02-04   0.8200  0.91800  0.7829    0.8700             3.4800    567700.0                 0.0                  1.00
2016-02-05   0.8975  0.91000  0.8500    0.8500             3.4000    365132.0                 0.0                  1.00
2016-02-08   0.8603  0.94000  0.8000    0.9261             3.7044    622418.0                 0.0                  1.00
2016-02-09   0.9300  0.93000  0.8574    0.9101             3.6404    469664.0                 0.0                  1.00
2016-02-10   0.9100  0.92000  0.8500    0.8530             3.4120    395571.0                 0.0                  1.00
2016-02-11   0.8500  0.87000  0.8000    0.8289             3.3156    565921.0                 0.0                  1.00
2016-02-12   0.8500  0.85000  0.7869    0.7998             3.1992    530352.0                 0.0                  1.00
2016-02-16   0.7999  0.84000  0.7999    0.8113             3.2452    340533.0                 0.0                  1.00
2016-02-17   0.8000  0.90000  0.8000    0.8109             3.2436    553197.0                 0.0                  1.00
2016-02-18   0.8340  0.83400  0.7706    0.8000             3.2000    518700.0                 0.0                  1.00
2016-02-19   0.8300  0.83850  0.7881    0.7941             3.1764    263322.0                 0.0                  1.00
2016-02-22   0.8000  0.83800  0.7850    0.7900             3.1600    564531.0                 0.0                  1.00
2016-02-23   0.8100  0.83500  0.7827    0.7916             3.1664    426191.0                 0.0                  1.00
2016-02-24   0.8000  0.80000  0.7511    0.7688             3.0752    397829.0                 0.0                  1.00
2016-02-25   0.7700  0.78910  0.7336    0.7480             2.9920    283727.0                 0.0                  1.00
2016-02-26   0.7500  0.77920  0.7500    0.7550             3.0200    357537.0                 0.0                  1.00
2016-02-29   0.7500  0.80000  0.7418    0.8000             3.2000   1130237.0                 0.0                  1.00
2016-03-01   0.7998  0.82050  0.7700    0.8000             3.2000   1162463.0                 0.0                  1.00
2016-03-02   0.7900  0.81995  0.7700    0.8061             3.2244    845507.0                 0.0                  1.00
2016-03-03   0.8000  0.83800  0.7728    0.8270             3.3080   1160605.0                 0.0                  1.00
2016-03-04   0.8300  0.89500  0.8119    0.8800             3.5200   1178341.0                 0.0                  1.00
2016-03-07   0.8600  0.91000  0.8170    0.8617             3.4468    945089.0                 0.0                  1.00
2016-03-08   0.8610  0.89000  0.7123    0.7390             2.9560   1242528.0                 0.0                  1.00
2016-03-09   0.7700  0.78490  0.7311    0.7418             2.9672    728322.0                 0.0                  1.00
2016-03-10   0.7520  0.77900  0.6824    0.6916             2.7664    663314.0                 0.0                  1.00
2016-03-11   0.5665  0.56650  0.4800    0.5100             2.0400   3300036.0                 0.0                  1.00
2016-03-14   0.5300  0.54000  0.5056    0.5150             2.0600    960664.0                 0.0                  1.00
2016-03-15   0.5100  0.54770  0.4700    0.4900             1.9600   1068993.0                 0.0                  1.00
2016-03-16   0.4800  0.50000  0.4750    0.4899             1.9596    736384.0                 0.0                  1.00
2016-03-17   0.4800  0.51000  0.4716    0.5100             2.0400    793374.0                 0.0                  1.00
2016-03-18   0.5300  0.55000  0.5031    0.5300             2.1200    959822.0                 0.0                  1.00
2016-03-21   0.5200  0.53970  0.4920    0.5000             2.0000    818590.0                 0.0                  1.00
2016-03-22   0.5000  0.51000  0.4800    0.4988             1.9952    697699.0                 0.0                  1.00
2016-03-23   0.4999  0.49990  0.4700    0.4745             1.8980    563096.0                 0.0                  1.00
2016-03-24   0.4800  0.48000  0.4507    0.4551             1.8204    673831.0                 0.0                  1.00
2016-03-28   0.4600  0.47990  0.4001    0.4165             1.6660   1001072.0                 0.0                  1.00
2016-03-29   0.4168  0.42130  0.4005    0.4213             1.6852   1174625.0                 0.0                  1.00
2016-03-30   0.4380  0.53000  0.4022    0.5038             2.0152   2413355.0                 0.0                  1.00
2016-03-31   0.5080  0.52850  0.4900    0.5222             2.0888   2181117.0                 0.0                  1.00
2016-04-01   0.5000  0.53500  0.4900    0.5243             2.0972    651877.0                 0.0                  1.00
2016-04-04   0.5300  0.53000  0.4935    0.4992             1.9968   1839212.0                 0.0                  1.00
2016-04-05   0.5200  0.52800  0.4400    0.4499             1.7996    851810.0                 0.0                  1.00
2016-04-06   0.4500  0.48990  0.4420    0.4689             1.8756    540052.0                 0.0                  1.00
2016-04-07   0.4600  0.46000  0.4316    0.4350             1.7400    972330.0                 0.0                  1.00
2016-04-08   0.4600  0.46880  0.4300    0.4494             1.7976    319150.0                 0.0                  1.00
2016-04-11   0.4500  0.46980  0.4320    0.4404             1.7616    366319.0                 0.0                  1.00
2016-04-12   0.4300  0.45400  0.4100    0.4239             1.6956    768334.0                 0.0                  1.00
2016-04-13   0.4105  0.43080  0.4073    0.4200             1.6800    977416.0                 0.0                  1.00
2016-04-14   0.4200  0.42010  0.4011    0.4075             1.6300    752622.0                 0.0                  1.00
2016-04-15   0.4070  0.41740  0.3700    0.3911             1.5644   2356156.0                 0.0                  1.00
2016-04-18   0.4000  0.40000  0.3700    0.3892             1.5568    548687.0                 0.0                  1.00
2016-04-19   0.3950  0.39500  0.3618    0.3700             1.4800    916881.0                 0.0                  1.00
2016-04-20   0.3800  0.38510  0.3479    0.3600             1.4400   1091751.0                 0.0                  1.00
2016-04-21   0.3505  0.36000  0.3345    0.3569             1.4276    847516.0                 0.0                  1.00
2016-04-22   0.3600  0.38000  0.3598    0.3668             1.4672    603188.0                 0.0                  1.00
2016-04-25   0.3700  0.38000  0.3411    0.3499             1.3996   1442341.0                 0.0                  1.00
2016-04-26   0.3499  0.36600  0.3316    0.3500             1.4000    769782.0                 0.0                  1.00
2016-04-27   0.3600  0.36880  0.3163    0.3400             1.3600    499218.0                 0.0                  1.00
2016-04-28   0.3500  0.35700  0.3110    0.3201             1.2804    823733.0                 0.0                  1.00
2016-04-29   0.3298  0.36400  0.3116    0.3531             1.4124   1792522.0                 0.0                  1.00
2016-05-02   0.3690  0.36900  0.3300    0.3320             1.3280    493843.0                 0.0                  1.00
2016-05-03   0.3400  0.34100  0.3126    0.3201             1.2804    825040.0                 0.0                  1.00
2016-05-04   0.3610  0.37000  0.3125    0.3310             1.3240    959540.0                 0.0                  1.00
2016-05-05   0.3500  0.35500  0.3100    0.3150             1.2600    650733.0                 0.0                  1.00
2016-05-06   0.3100  0.33100  0.3000    0.3154             1.2616    575069.0                 0.0                  1.00
2016-05-09   0.3200  0.32000  0.3000    0.3073             1.2292    696743.0                 0.0                  1.00
2016-05-10   0.3189  0.31890  0.2712    0.2850             1.1400    714637.0                 0.0                  1.00
2016-05-11   0.2802  0.31600  0.2800    0.2898             1.1592    584654.0                 0.0                  1.00
2016-05-12   0.2900  0.31500  0.2800    0.2999             1.1996    948351.0                 0.0                  1.00
2016-05-13   0.2910  0.30990  0.2751    0.2921             1.1684    580644.0                 0.0                  1.00
2016-05-16   0.2990  0.30900  0.2900    0.3069             1.2276    322724.0                 0.0                  1.00
2016-05-17   0.3090  0.32900  0.2900    0.2999             1.1996    996325.0                 0.0                  1.00
2016-05-18   0.3090  0.32000  0.2911    0.2994             1.1976    199384.0                 0.0                  1.00
2016-05-19   0.2915  0.31690  0.2915    0.2921             1.1684    369599.0                 0.0                  1.00
2016-05-20   0.3000  0.31950  0.2950    0.3129             1.2516    349788.0                 0.0                  1.00
2016-05-23   0.3180  0.32690  0.3100    0.3239             1.2956    561687.0                 0.0                  1.00
2016-05-24   0.3390  0.37900  0.3150    0.3700             1.4800   2061515.0                 0.0                  1.00
2016-05-25   0.3600  0.36000  0.3130    0.3350             1.3400   3204673.0                 0.0                  1.00
2016-05-26   0.3498  0.34980  0.3210    0.3382             1.3528   1329546.0                 0.0                  1.00
2016-05-27   0.3382  0.42500  0.3360    0.4200             1.6800   4160562.0                 0.0                  1.00
2016-05-31   0.4300  0.58890  0.4160    0.5678             2.2712   8155229.0                 0.0                  1.00
2016-06-01   0.5800  0.63770  0.4820    0.6019             2.4076   5848250.0                 0.0                  1.00
2016-06-02   0.6019  0.63000  0.5500    0.6096             2.4384   1518806.0                 0.0                  1.00
2016-06-03   0.6603  0.68990  0.6200    0.6600             2.6400   1152415.0                 0.0                  1.00
2016-06-06   0.6700  0.67500  0.5718    0.6200             2.4800   1009872.0                 0.0                  1.00
2016-06-07   0.6400  0.64000  0.5605    0.6293             2.5172    970931.0                 0.0                  1.00
2016-06-08   0.6498  0.68010  0.6018    0.6339             2.5356    550217.0                 0.0                  1.00
2016-06-09   0.6300  0.75000  0.6300    0.7434             2.9736   1131618.0                 0.0                  1.00
2016-06-10   0.7020  0.79000  0.7011    0.7358             2.9432   1417770.0                 0.0                  1.00
2016-06-13   0.7258  0.72990  0.6622    0.7024             2.8096    948035.0                 0.0                  1.00
2016-06-14   0.7002  0.71990  0.6700    0.6800             2.7200    986489.0                 0.0                  1.00
2016-06-15   0.6850  0.93700  0.6850    0.9000             3.6000   2721873.0                 0.0                  1.00
2016-06-16   0.8730  1.14000  0.8701    1.0400             4.1600   5930428.0                 0.0                  1.00
2016-06-17   1.0500  1.05000  0.7732    0.8803             3.5212   2227570.0                 0.0                  1.00
2016-06-20   0.9100  1.00000  0.7900    0.9500             3.8000   3978418.0                 0.0                  1.00
2016-06-21   0.9948  1.09000  0.8636    1.0500             4.2000   4672353.0                 0.0                  1.00
2016-06-22   1.0500  1.05000  0.9131    0.9150             3.6600   2288368.0                 0.0                  1.00
2016-06-23   0.9773  1.03000  0.9111    0.9972             3.9888   1208633.0                 0.0                  1.00
2016-06-24   0.9000  0.97800  0.8100    0.8314             3.3256   8829234.0                 0.0                  1.00
2016-06-27   0.8017  0.81170  0.6900    0.7800             3.1200   1840787.0                 0.0                  1.00
2016-06-28   0.8000  0.85000  0.7813    0.7936             3.1744    608103.0                 0.0                  1.00
2016-06-29   0.7800  0.84970  0.7510    0.8337             3.3348    516322.0                 0.0                  1.00
2016-06-30   0.8600  0.93000  0.8300    0.9198             3.6792    991113.0                 0.0                  1.00
2016-07-01   0.9050  0.92000  0.8200    0.8450             3.3800   1098172.0                 0.0                  1.00
2016-07-05   0.8400  0.90730  0.8276    0.8474             3.3896    376616.0                 0.0                  1.00
2016-07-06   3.5000  3.50000  2.8600    2.9500             2.9500    347842.0                 0.0                  0.25
2016-07-07   2.9500  3.35500  2.9301    3.1500             3.1500    257677.0                 0.0                  1.00
2016-07-08   3.1800  3.24000  3.0400    3.0500             3.0500    252737.0                 0.0                  1.00
2016-07-11   3.1000  3.15000  3.0100    3.0700             3.0700    101663.0                 0.0                  1.00
2016-07-12   3.0700  3.18000  3.0300    3.1400             3.1400    117347.0                 0.0                  1.00
2016-07-13   3.1600  3.20880  3.0000    3.0100             3.0100     93909.0                 0.0                  1.00
2016-07-14   2.9700  3.05000  2.8600    2.9600             2.9600    122239.0                 0.0                  1.00
2016-07-15   2.9300  3.02000  2.8800    2.9300             2.9300    264290.0                 0.0                  1.00
2016-07-18   2.9300  2.99000  2.8310    2.9100             2.9100    140670.0                 0.0                  1.00
2016-07-19   2.8400  2.93000  2.6900    2.7200             2.7200    171595.0                 0.0                  1.00
2016-07-20   2.7600  2.76000  2.6800    2.7200             2.7200    127484.0                 0.0                  1.00
2016-07-21   2.6600  2.86990  2.5500    2.6100             2.6100     64394.0                 0.0                  1.00
2016-07-22   2.6700  2.95000  2.5800    2.7600             2.7600    279372.0                 0.0                  1.00
2016-07-25   2.8600  3.16000  2.5200    2.9700             2.9700    528924.0                 0.0                  1.00
2016-07-26   3.0000  3.14580  2.7400    2.9000             2.9000    227936.0                 0.0                  1.00
2016-07-27   2.8600  2.93990  2.6900    2.6900             2.6900    124695.0                 0.0                  1.00
2016-07-28   2.7200  2.80900  2.5500    2.6300             2.6300    145367.0                 0.0                  1.00
2016-07-29   2.5900  2.62990  2.5000    2.5200             2.5200    300987.0                 0.0                  1.00
2016-08-01   2.5200  2.59000  2.5000    2.5600             2.5600     52455.0                 0.0                  1.00
2016-08-02   2.5000  2.55000  2.4600    2.5400             2.5400    295911.0                 0.0                  1.00
2016-08-03   2.4200  2.49000  2.4200    2.4600             2.4600    265797.0                 0.0                  1.00
2016-08-04   2.3900  2.47000  2.3500    2.3700             2.3700    210552.0                 0.0                  1.00
2016-08-05   2.3600  2.42000  2.2700    2.3100             2.3100    115416.0                 0.0                  1.00
2016-08-08   2.2500  2.42000  2.2500    2.2900             2.2900    231014.0                 0.0                  1.00
2016-08-09   2.2300  2.38000  2.1000    2.1000             2.1000    268751.0                 0.0                  1.00
2016-08-10   2.1000  2.15000  1.9100    1.9900             1.9900    353651.0                 0.0                  1.00
2016-08-11   1.9400  2.04000  1.9400    1.9700             1.9700    161866.0                 0.0                  1.00
2016-08-12   1.9400  1.97990  1.8600    1.8900             1.8900    212939.0                 0.0                  1.00
2016-08-15   1.8600  1.99000  1.8600    1.9800             1.9800    266644.0                 0.0                  1.00
2016-08-16   1.9800  2.06000  1.9500    2.0500             2.0500    244967.0                 0.0                  1.00
2016-08-17   2.0500  2.05000  1.9300    1.9700             1.9700    116087.0                 0.0                  1.00
2016-08-18   1.9500  1.95000  1.9100    1.9200             1.9200     85853.0                 0.0                  1.00
2016-08-19   1.9200  1.94000  1.8750    1.8900             1.8900    135055.0                 0.0                  1.00
2016-08-22   1.8600  1.92000  1.7700    1.7800             1.7800    240021.0                 0.0                  1.00
2016-08-23   1.8000  1.88460  1.7600    1.7700             1.7700    173290.0                 0.0                  1.00
2016-08-24   1.7600  1.90000  1.7600    1.7800             1.7800    181350.0                 0.0                  1.00
2016-08-25   1.7700  1.88000  1.6800    1.6900             1.6900    292951.0                 0.0                  1.00
2016-08-26   1.7900  1.86000  1.7001    1.8400             1.8400    176958.0                 0.0                  1.00
2016-08-29   1.9000  1.95000  1.7452    1.8300             1.8300    274492.0                 0.0                  1.00
2016-08-30   1.7900  1.85000  1.7600    1.8300             1.8300     56813.0                 0.0                  1.00
2016-08-31   1.7700  1.85000  1.7700    1.8200             1.8200     19032.0                 0.0                  1.00
2016-09-01   1.8300  1.85000  1.7600    1.7700             1.7700     99936.0                 0.0                  1.00
2016-09-02   1.8200  1.82000  1.7500    1.7500             1.7500     94882.0                 0.0                  1.00
2016-09-06   1.7600  1.77000  1.6400    1.6400             1.6400    258042.0                 0.0                  1.00
2016-09-07   1.6200  1.71900  1.6000    1.6500             1.6500    270537.0                 0.0                  1.00
2016-09-08   1.6100  1.65990  1.5950    1.6000             1.6000    240286.0                 0.0                  1.00
2016-09-09   1.1000  1.15000  0.9450    1.0100             1.0100   2733079.0                 0.0                  1.00
2016-09-12   1.0000  1.00000  0.9500    0.9792             0.9792    669041.0                 0.0                  1.00
2016-09-13   0.9500  0.97000  0.8478    0.8823             0.8823    641748.0                 0.0                  1.00
2016-09-14   0.9000  1.04000  0.8824    0.9590             0.9590   1475969.0                 0.0                  1.00
2016-09-15   0.9000  0.93840  0.8600    0.9000             0.9000    305189.0                 0.0                  1.00
2016-09-16   0.8800  0.89000  0.8410    0.8500             0.8500    325737.0                 0.0                  1.00
2016-09-19   0.8700  0.87000  0.7650    0.7950             0.7950    336915.0                 0.0                  1.00
2016-09-20   0.8000  0.80000  0.7600    0.7697             0.7697    164764.0                 0.0                  1.00
2016-09-21   0.7500  0.78000  0.7000    0.7201             0.7201    449016.0                 0.0                  1.00
2016-09-22   0.7301  0.84990  0.7300    0.8100             0.8100    285775.0                 0.0                  1.00
2016-09-23   0.8200  0.83000  0.7900    0.8016             0.8016    114856.0                 0.0                  1.00
2016-09-26   0.7964  0.83000  0.7900    0.8300             0.8300     70351.0                 0.0                  1.00
2016-09-27   0.8488  0.84880  0.7600    0.7900             0.7900     91018.0                 0.0                  1.00
2016-09-28   0.7612  0.80990  0.7500    0.7575             0.7575    127267.0                 0.0                  1.00
2016-09-29   0.7600  0.78000  0.7400    0.7409             0.7409    127189.0                 0.0                  1.00
2016-09-30   0.7400  0.76720  0.7296    0.7300             0.7300    151306.0                 0.0                  1.00
2016-10-03   0.7200  0.76000  0.7112    0.7190             0.7190     79729.0                 0.0                  1.00
2016-10-04   0.7190  0.74680  0.7000    0.7136             0.7136    191129.0                 0.0                  1.00
2016-10-05   0.7136  0.71360  0.6285    0.6444             0.6444    430138.0                 0.0                  1.00
2016-10-06   0.6400  0.65330  0.5920    0.6000             0.6000    330453.0                 0.0                  1.00
2016-10-07   0.6400  0.67000  0.5137    0.5680             0.5680    345944.0                 0.0                  1.00
2016-10-10   0.5350  0.60000  0.5350    0.5601             0.5601    131279.0                 0.0                  1.00
2016-10-11   0.5601  0.57760  0.5300    0.5311             0.5311    195275.0                 0.0                  1.00
2016-10-12   0.5176  0.53200  0.4720    0.4720             0.4720    443367.0                 0.0                  1.00
2016-10-13   0.4600  0.49950  0.4557    0.4634             0.4634    146888.0                 0.0                  1.00
2016-10-14   0.4700  0.47000  0.4100    0.4130             0.4130    308165.0                 0.0                  1.00
2016-10-17   0.3550  0.42510  0.3400    0.3900             0.3900    747355.0                 0.0                  1.00
2016-10-18   0.4100  0.42900  0.3900    0.4051             0.4051    221796.0                 0.0                  1.00
2016-10-19   0.4200  0.42000  0.3528    0.3843             0.3843    210334.0                 0.0                  1.00
2016-10-20   0.3600  0.39990  0.3600    0.3650             0.3650    197116.0                 0.0                  1.00
2016-10-21   0.3600  0.38150  0.3500    0.3513             0.3513    204450.0                 0.0                  1.00
2016-10-24   0.3410  0.35030  0.3231    0.3231             0.3231    340446.0                 0.0                  1.00
2016-10-25   0.3200  0.46600  0.3200    0.3630             0.3630   1670046.0                 0.0                  1.00
2016-10-26   0.3700  0.39960  0.3370    0.3809             0.3809    395197.0                 0.0                  1.00
2016-10-27   0.3900  0.40000  0.3517    0.3591             0.3591    153851.0                 0.0                  1.00