            1. open  2. high  3. low  4. close  5. adjusted close  6. volume  7. dividend amount  8. split coefficient
date                                                                                                                  
2010-04-06    6.980    7.280   6.980     7.280              7.280     7139.0                 0.0                   1.0
2010-04-07    7.200    7.200   7.030     7.030              7.030     3100.0                 0.0                   1.0
2010-04-08    7.000    7.050   6.940     7.000              7.000     4396.0                 0.0                   1.0
2010-04-09    7.000    7.010   7.000     7.010              7.010     3142.0                 0.0                   1.0
2010-04-12    6.980    7.000   6.630     6.630              6.630     2046.0                 0.0                   1.0
2010-04-13    6.800    7.010   6.800     6.930              6.930     3815.0                 0.0                   1.0
2010-04-14    7.000    7.150   6.960     6.960              6.960      300.0                 0.0                   1.0
2010-04-15    7.100    7.180   6.810     6.810              6.810     1401.0                 0.0                   1.0
2010-04-16    6.750    6.750   6.530     6.630              6.630     5792.0                 0.0                   1.0
2010-04-19    6.100    6.230   5.810     6.040              6.040    49314.0                 0.0                   1.0
2010-04-20    6.030    6.030   5.850     5.850              5.850     4470.0                 0.0                   1.0
2010-04-21    5.860    5.980   5.860     5.940              5.940     1629.0                 0.0                   1.0
2010-04-22    5.950    6.020   5.950     6.020              6.020     3248.0                 0.0                   1.0
2010-04-23    6.050    6.090   6.020     6.090              6.090     3550.0                 0.0                   1.0
2010-04-26    6.010    6.010   5.410     5.600              5.600    51163.0                 0.0                   1.0
2010-04-27    6.410    6.620   6.210     6.290              6.290   140458.0                 0.0                   1.0
2010-04-28    6.340    6.340   6.130     6.200              6.200    23310.0                 0.0                   1.0
2010-04-29    6.200    6.230   6.190     6.200              6.200    10935.0                 0.0                   1.0
2010-04-30    6.300    6.310   6.240     6.240              6.240     7988.0                 0.0                   1.0
2010-05-03    6.290    6.290   6.240     6.240              6.240     2737.0                 0.0                   1.0
2010-05-04    6.200    6.200   6.000     6.180              6.180    34180.0                 0.0                   1.0
2010-05-05    6.200    6.200   5.950     6.050              6.050    19825.0                 0.0                   1.0
2010-05-06    5.990    5.990   5.530     5.740              5.740    15442.0                 0.0                   1.0
2010-05-07    5.990    5.990   5.610     5.620              5.620     6499.0                 0.0                   1.0
2010-05-10    5.760    5.990   5.760     5.990              5.990     2335.0                 0.0                   1.0
2010-05-11    5.960    6.020   5.960     5.980              5.980     9500.0                 0.0                   1.0
2010-05-12    5.980    6.300   5.860     6.300              6.300     8495.0                 0.0                   1.0
2010-05-13    6.370    6.600   6.290     6.600              6.600     2075.0                 0.0                   1.0
2010-05-14    6.450    6.450   6.450     6.450              6.450     5920.0                 0.0                   1.0
2010-05-17    6.650    6.650   6.270     6.270              6.270     6300.0                 0.0                   1.0
2010-05-18    6.260    6.480   6.120     6.150              6.150     8652.0                 0.0                   1.0
2010-05-19    6.250    6.250   5.950     6.150              6.150     8048.0                 0.0                   1.0
2010-05-20    6.140    6.150   5.930     6.150              6.150     1800.0                 0.0                   1.0
2010-05-21    6.060    6.070   6.010     6.010              6.010      715.0                 0.0                   1.0
2010-05-24    6.110    6.320   6.110     6.130              6.130     2105.0                 0.0                   1.0
2010-05-25    6.130    6.130   6.130     6.130              6.130      386.0                 0.0                   1.0
2010-05-26    6.300    6.300   6.240     6.250              6.250     2400.0                 0.0                   1.0
2010-05-27    6.360    6.360   6.120     6.160              6.160     4081.0                 0.0                   1.0
2010-05-28    6.000    6.000   6.000     6.000              6.000      760.0                 0.0                   1.0
2010-06-01    6.050    6.130   6.050     6.120              6.120     1430.0                 0.0                   1.0
2010-06-02    6.100    6.100   6.100     6.100              6.100      603.0                 0.0                   1.0
2010-06-03    6.080    6.080   6.050     6.050              6.050      440.0                 0.0                   1.0
2010-06-04    6.000    6.000   5.930     5.930              5.930     5636.0                 0.0                   1.0
2010-06-07    5.970    6.060   5.900     5.900              5.900     1986.0                 0.0                   1.0
2010-06-08    5.860    5.860   5.510     5.570              5.570     4037.0                 0.0                   1.0
2010-06-09    5.600    5.610   5.480     5.480              5.480    14300.0                 0.0                   1.0
2010-06-10    5.500    5.780   5.500     5.780              5.780      750.0                 0.0                   1.0
2010-06-11    5.490    5.660   5.490     5.490              5.490      500.0                 0.0                   1.0
2010-06-14    5.620    5.620   5.600     5.600              5.600      800.0                 0.0                   1.0
2010-06-15    5.670    5.670   5.610     5.650              5.650     4200.0                 0.0                   1.0
2010-06-16    5.650    5.650   5.600     5.600              5.600     1312.0                 0.0                   1.0
2010-06-17    5.520    5.620   5.520     5.620              5.620     1360.0                 0.0                   1.0
2010-06-18    5.590    5.590   5.590     5.590              5.590      300.0                 0.0                   1.0
2010-06-21    5.770    5.910   5.540     5.540              5.540     3325.0                 0.0                   1.0
2010-06-22    5.760    5.760   5.400     5.610              5.610     4627.0                 0.0                   1.0
2010-06-23    5.560    5.560   5.530     5.530              5.530      728.0                 0.0                   1.0
2010-06-24    5.380    5.390   5.280     5.290              5.290     2400.0                 0.0                   1.0
2010-06-25    5.500    5.500   5.310     5.310              5.310     1600.0                 0.0                   1.0
2010-06-28    5.400    5.700   5.350     5.600              5.600     4348.0                 0.0                   1.0
2010-06-29    5.900    5.900   5.310     5.440              5.440    19136.0                 0.0                   1.0
2010-06-30    5.500    5.500   5.260     5.260              5.260     1300.0                 0.0                   1.0
2010-07-01    5.220    5.220   4.830     4.830              4.830     4539.0                 0.0                   1.0
2010-07-02    4.810    4.810   4.400     4.690              4.690     5150.0                 0.0                   1.0
2010-07-06    4.730    4.800   4.400     4.400              4.400     9821.0                 0.0                   1.0
2010-07-07    4.400    4.600   4.400     4.550              4.550     8105.0                 0.0                   1.0
2010-07-08    4.500    4.500   4.500     4.500              4.500     4475.0                 0.0                   1.0
2010-07-09    4.540    4.750   4.540     4.750              4.750      550.0                 0.0                   1.0
2010-07-12    4.870    5.000   4.870     5.000              5.000    19470.0                 0.0                   1.0
2010-07-13    5.000    5.000   4.910     4.930              4.930     2979.0                 0.0                   1.0
2010-07-14    4.900    4.950   4.900     4.950              4.950      650.0                 0.0                   1.0
2010-07-15    4.950    5.000   4.820     4.820              4.820    14732.0                 0.0                   1.0
2010-07-16    4.810    4.850   4.770     4.770              4.770     1421.0                 0.0                   1.0
2010-07-19    4.800    4.800   4.800     4.800              4.800      800.0                 0.0                   1.0
2010-07-20    4.760    4.760   4.750     4.750              4.750      600.0                 0.0                   1.0
2010-07-21    4.850    4.870   4.850     4.870              4.870     1600.0                 0.0                   1.0
2010-07-22    4.850    5.220   4.800     5.190              5.190    17979.0                 0.0                   1.0
2010-07-23    5.240    5.680   5.190     5.670              5.670     8200.0                 0.0                   1.0
2010-07-26    5.670    6.200   5.670     6.090              6.090     1200.0                 0.0                   1.0
2010-07-27    6.250    6.380   6.110     6.380              6.380    14300.0                 0.0                   1.0
2010-07-28    6.350    6.370   6.230     6.250              6.250    14904.0                 0.0                   1.0
2010-07-29    6.420    6.500   6.100     6.100              6.100    14948.0                 0.0                   1.0
2010-07-30    6.100    6.220   6.100     6.110              6.110    14645.0                 0.0                   1.0
2010-08-02    6.150    6.220   6.080     6.150              6.150    14431.0                 0.0                   1.0
2010-08-03    6.150    6.200   6.100     6.100              6.100    10679.0                 0.0                   1.0
2010-08-04    6.200    6.210   6.170     6.170              6.170     6701.0                 0.0                   1.0
2010-08-05    6.570    6.570   6.230     6.340              6.340     9376.0                 0.0                   1.0
2010-08-06    6.300    6.300   6.250     6.250              6.250     4552.0                 0.0                   1.0
2010-08-09    6.420    6.420   6.300     6.350              6.350    14400.0                 0.0                   1.0
2010-08-10    6.250    6.340   6.220     6.220              6.220     5528.0                 0.0                   1.0
2010-08-11    6.570    6.570   6.100     6.120              6.120     6599.0                 0.0                   1.0
2010-08-12    6.110    6.110   5.870     5.870              5.870     5996.0                 0.0                   1.0
2010-08-13    5.900    5.900   5.800     5.800              5.800     3525.0                 0.0                   1.0
2010-08-16    5.780    5.780   5.700     5.740              5.740     5071.0                 0.0                   1.0
2010-08-17    5.900    5.900   5.750     5.790              5.790     3911.0                 0.0                   1.0
2010-08-18    5.840    6.090   5.780     5.780              5.780     4225.0                 0.0                   1.0
2010-08-19    5.800    5.850   5.700     5.700              5.700     1456.0                 0.0                   1.0
2010-08-20    5.750    5.880   5.750     5.760              5.760     1700.0                 0.0                   1.0
2010-08-23    5.810    5.810   5.550     5.550              5.550     2975.0                 0.0                   1.0
2010-08-24    5.550    5.550   5.230     5.230              5.230     9284.0                 0.0                   1.0
2010-08-25    5.200    5.230   5.020     5.020              5.020     7160.0                 0.0                   1.0
2010-08-26    5.090    5.230   5.040     5.040              5.040     2925.0                 0.0                   1.0
2010-08-27    5.300    5.300   5.070     5.140              5.140     1916.0                 0.0                   1.0
2010-08-30    5.200    5.500   5.150     5.500              5.500     2491.0                 0.0                   1.0
2010-08-31    5.160    5.160   4.880     4.910              4.910     7281.0                 0.0                   1.0
2010-09-01    4.880    5.030   4.880     5.030              5.030     1585.0                 0.0                   1.0
2010-09-02    5.000    5.000   4.910     4.950              4.950     2708.0                 0.0                   1.0
2010-09-03    4.940    5.080   4.940     5.000              5.000     3465.0                 0.0                   1.0
2010-09-07    5.090    5.100   4.650     4.700              4.700    15033.0                 0.0                   1.0
2010-09-08    4.700    5.280   4.680     5.140              5.140    60727.0                 0.0                   1.0
2010-09-09    5.350    5.420   5.230     5.250              5.250   154439.0                 0.0                   1.0
2010-09-10    5.310    5.310   5.110     5.150              5.150    35807.0                 0.0                   1.0
2010-09-13    5.290    5.290   4.950     5.000              5.000    78374.0                 0.0                   1.0
2010-09-14    4.950    4.960   4.820     4.860              4.860    27675.0                 0.0                   1.0
2010-09-15    4.960    4.960   4.900     4.910              4.910     7100.0                 0.0                   1.0
2010-09-16    4.920    5.100   4.860     4.890              4.890    21175.0                 0.0                   1.0
2010-09-17    4.900    4.900   4.800     4.800              4.800    12276.0                 0.0                   1.0
2010-09-20    4.910    4.950   4.850     4.860              4.860    24640.0                 0.0                   1.0
2010-09-21    4.850    5.050   4.850     5.050              5.050     7235.0                 0.0                   1.0
2010-09-22    4.870    4.870   4.790     4.810              4.810    13026.0                 0.0                   1.0
2010-09-23    4.800    4.800   4.740     4.740              4.740     5116.0                 0.0                   1.0
2010-09-24    4.800    4.910   4.800     4.910              4.910     1899.0                 0.0                   1.0
2010-09-27    4.890    4.900   4.760     4.760              4.760     5051.0                 0.0                   1.0
2010-09-28    4.760    4.800   4.560     4.590              4.590    17531.0                 0.0                   1.0
2010-09-29    4.500    4.510   4.420     4.480              4.480    42254.0                 0.0                   1.0
2010-09-30    4.500    4.700   4.500     4.700              4.700     3150.0                 0.0                   1.0
2010-10-01    4.990    5.580   4.990     5.580              5.580    28647.0                 0.0                   1.0
2010-10-04    5.630    5.700   5.300     5.500              5.500    24394.0                 0.0                   1.0
2010-10-05    5.490    5.490   5.370     5.380              5.380     8073.0                 0.0                   1.0
2010-10-06    5.470    5.470   5.230     5.280              5.280     8125.0                 0.0                   1.0
2010-10-07    5.320    5.530   5.320     5.430              5.430     4260.0                 0.0                   1.0
2010-10-08    5.520    5.520   5.330     5.420              5.420     5984.0                 0.0                   1.0
2010-10-11    5.500    5.820   5.500     5.680              5.680    19510.0                 0.0                   1.0
2010-10-12    5.750    5.770   5.500     5.700              5.700    23050.0                 0.0                   1.0
2010-10-13    6.000    6.040   5.850     6.040              6.040    22520.0                 0.0                   1.0
2010-10-14    6.030    6.060   6.000     6.010              6.010    17413.0                 0.0                   1.0
2010-10-15    6.020    6.030   5.960     5.990              5.990    13229.0                 0.0                   1.0
2010-10-18    6.000    6.320   6.000     6.140              6.140     8178.0                 0.0                   1.0
2010-10-19    6.180    6.180   5.790     5.860              5.860    13219.0                 0.0                   1.0
2010-10-20    5.750    5.860   5.520     5.860              5.860     8179.0                 0.0                   1.0
2010-10-21    5.900    5.900   5.600     5.600              5.600     9582.0                 0.0                   1.0
2010-10-22    5.700    5.850   5.700     5.730              5.730     7081.0                 0.0                   1.0
2010-10-25    5.980    6.160   5.850     6.110              6.110    12794.0                 0.0                   1.0
2010-10-26    6.150    6.170   5.970     5.980              5.980    16425.0                 0.0                   1.0
2010-10-27    5.980    6.050   5.770     5.840              5.840    14770.0                 0.0                   1.0
2010-10-28    5.950    5.950   5.800     5.800              5.800    12900.0                 0.0                   1.0
2010-10-29    5.850    5.850   5.770     5.830              5.830     8774.0                 0.0                   1.0
2010-11-01    5.830    6.000   5.830     5.950              5.950     8900.0                 0.0                   1.0
2010-11-02    5.950    5.970   5.850     5.870              5.870     9880.0                 0.0                   1.0
2010-11-03    5.900    5.940   5.750     5.830              5.830    36436.0                 0.0                   1.0
2010-11-04    6.000    6.000   5.800     5.900              5.900     5224.0                 0.0                   1.0
2010-11-05    5.900    6.190   5.900     6.190              6.190    11610.0                 0.0                   1.0
2010-11-08    6.190    6.190   5.900     6.000              6.000    25590.0                 0.0                   1.0
2010-11-09    6.000    6.000   5.530     5.540              5.540    32426.0                 0.0                   1.0
2010-11-10    5.630    5.630   5.200     5.260              5.260    37968.0                 0.0                   1.0
2010-11-11    5.500    5.650   5.440     5.510              5.510     9130.0                 0.0                   1.0
2010-11-12    5.300    5.300   4.900     4.920              4.920    73139.0                 0.0                   1.0
2010-11-15    4.990    4.990   4.650     4.650              4.650    51398.0                 0.0                   1.0
2010-11-16    4.660    4.750   4.510     4.570              4.570    40436.0                 0.0                   1.0
2010-11-17    4.500    4.580   4.480     4.580              4.580    48851.0                 0.0                   1.0
2010-11-18    4.590    4.590   4.470     4.500              4.500    30168.0                 0.0                   1.0
2010-11-19    4.640    4.980   4.600     4.910              4.910    40889.0                 0.0                   1.0
2010-11-22    5.000    5.350   5.000     5.330              5.330    23990.0                 0.0                   1.0
2010-11-23    5.370    5.400   5.200     5.370              5.370    41184.0                 0.0                   1.0
2010-11-24    5.480    5.480   5.340     5.430              5.430    17037.0                 0.0                   1.0
2010-11-26    5.430    5.890   5.430     5.780              5.780    17349.0                 0.0                   1.0
2010-11-29    5.680    5.770   5.600     5.700              5.700    21159.0                 0.0                   1.0
2010-11-30    5.650    5.770   5.650     5.680              5.680    17470.0                 0.0                   1.0
2010-12-01    5.750    5.760   5.400     5.500              5.500    40838.0                 0.0                   1.0
2010-12-02    5.500    5.570   5.450     5.500              5.500    43930.0                 0.0                   1.0
2010-12-03    5.590    5.660   5.390     5.400              5.400    12741.0                 0.0                   1.0
2010-12-06    5.390    5.600   5.390     5.510              5.510    19678.0                 0.0                   1.0
2010-12-07    5.930    5.930   5.500     5.510              5.510    42751.0                 0.0                   1.0
2010-12-08    5.490    5.750   5.490     5.730              5.730    16197.0                 0.0                   1.0
2010-12-09    5.730    5.730   5.580     5.580              5.580    16005.0                 0.0                   1.0
2010-12-10    5.600    5.630   5.550     5.590              5.590    23082.0                 0.0                   1.0
2010-12-13    5.520    5.800   5.500     5.590              5.590    27718.0                 0.0                   1.0
2010-12-14    5.610    5.650   5.590     5.630              5.630    12800.0                 0.0                   1.0
2010-12-15    5.600    5.600   5.530     5.560              5.560     5200.0                 0.0                   1.0
2010-12-16    5.500    5.580   5.500     5.580              5.580     1745.0                 0.0                   1.0
2010-12-17    5.590    5.630   5.580     5.590              5.590    21900.0                 0.0                   1.0
2010-12-20    5.600    5.600   5.560     5.600              5.600    11368.0                 0.0                   1.0
2010-12-21    5.580    5.650   5.580     5.600              5.600    18920.0                 0.0                   1.0
2010-12-22    5.600    5.600   5.580     5.600              5.600    10585.0                 0.0                   1.0
2010-12-23    5.570    5.650   5.570     5.650              5.650    20829.0                 0.0                   1.0
2010-12-27    5.650    5.650   5.550     5.550              5.550     8855.0                 0.0                   1.0
2010-12-28    5.580    5.650   5.180     5.270              5.270    21445.0                 0.0                   1.0
2010-12-29    5.590    5.590   5.290     5.400              5.400     3100.0                 0.0                   1.0
2010-12-30    5.400    5.520   5.350     5.460              5.460     8791.0                 0.0                   1.0
2010-12-31    5.400    5.600   5.400     5.490              5.490     4887.0                 0.0                   1.0
2011-01-03    5.500    5.500   5.300     5.300              5.300    17540.0                 0.0                   1.0
2011-01-04    5.280    5.530   5.280     5.340              5.340    13567.0                 0.0                   1.0
2011-01-05    5.730    5.730   5.550     5.560              5.560    16758.0                 0.0                   1.0
2011-01-06    5.640    5.640   5.580     5.580              5.580    10034.0                 0.0                   1.0
2011-01-07    5.580    5.920   5.580     5.580              5.580    35968.0                 0.0                   1.0
2011-01-10    5.580    5.640   5.580     5.600              5.600    18310.0                 0.0                   1.0
2011-01-11    5.920    5.920   5.820     5.840              5.840    60955.0                 0.0                   1.0
2011-01-12    5.950    6.000   5.610     5.870              5.870    13702.0                 0.0                   1.0
2011-01-13    6.000    6.050   5.970     6.050              6.050     6154.0                 0.0                   1.0
2011-01-14    6.100    6.100   5.950     6.040              6.040     8601.0                 0.0                   1.0
2011-01-18    6.050    6.050   5.930     5.990              5.990    10500.0                 0.0                   1.0
2011-01-19    5.990    6.000   5.990     6.000              6.000     1897.0                 0.0                   1.0
2011-01-20    6.000    6.000   5.890     5.910              5.910     3362.0                 0.0                   1.0
2011-01-21    5.900    5.950   5.890     5.950              5.950     4700.0                 0.0                   1.0
2011-01-24    5.930    5.930   5.810     5.850              5.850     1618.0                 0.0                   1.0
2011-01-25    5.920    5.920   5.770     5.770              5.770    18200.0                 0.0                   1.0
2011-01-26    5.770    5.900   5.650     5.800              5.800    10006.0                 0.0                   1.0
2011-01-27    5.860    5.860   5.840     5.840              5.840     2050.0                 0.0                   1.0
2011-01-28    5.900    5.900   5.820     5.900              5.900     6545.0                 0.0                   1.0
2011-01-31    5.790    5.790   5.630     5.650              5.650     8778.0                 0.0                   1.0
2011-02-01    5.590    5.660   5.580     5.620              5.620    11800.0                 0.0                   1.0
2011-02-02    5.620    5.710   5.590     5.590              5.590     2008.0                 0.0                   1.0
2011-02-03    5.660    5.660   5.580     5.610              5.610     6628.0                 0.0                   1.0
2011-02-04    5.590    5.720   5.590     5.720              5.720     2706.0                 0.0                   1.0
2011-02-07    5.720    5.730   5.700     5.730              5.730     3536.0                 0.0                   1.0
2011-02-08    5.710    5.710   5.610     5.610              5.610      800.0                 0.0                   1.0
2011-02-09    5.640    5.640   5.580     5.590              5.590    42158.0                 0.0                   1.0
2011-02-10    5.680    5.800   5.680     5.700              5.700     5800.0                 0.0                   1.0
2011-02-11    5.670    5.730   5.660     5.730              5.730     2300.0                 0.0                   1.0
2011-02-14    5.710    5.710   5.580     5.620              5.620    22461.0                 0.0                   1.0
2011-02-15    5.620    5.650   5.420     5.530              5.530    27898.0                 0.0                   1.0
2011-02-16    5.410    5.410   5.250     5.330              5.330    28627.0                 0.0                   1.0
2011-02-17    5.310    5.310   5.000     5.040              5.040    16390.0                 0.0                   1.0
2011-02-18    5.000    5.000   4.760     4.830              4.830    37731.0                 0.0                   1.0
2011-02-22    4.760    4.840   4.750     4.800              4.800    14303.0                 0.0                   1.0
2011-02-23    4.780    4.790   4.690     4.760              4.760    11132.0                 0.0                   1.0
2011-02-24    4.800    5.250   4.800     5.020              5.020    81729.0                 0.0                   1.0
2011-02-25    5.150    5.230   5.030     5.230              5.230     4299.0                 0.0                   1.0
2011-02-28    5.210    5.220   5.170     5.200              5.200     8590.0                 0.0                   1.0
2011-03-01    5.220    5.220   5.140     5.150              5.150    10583.0                 0.0                   1.0
2011-03-02    5.150    5.150   5.150     5.150              5.150     1285.0                 0.0                   1.0
2011-03-03    5.160    5.160   5.140     5.140              5.140      500.0                 0.0                   1.0
2011-03-04    5.070    5.070   5.050     5.050              5.050     3845.0                 0.0                   1.0
2011-03-07    5.020    5.090   5.000     5.000              5.000     4276.0                 0.0                   1.0
2011-03-08    5.000    5.070   4.930     5.040              5.040     2873.0                 0.0                   1.0
2011-03-09    5.040    5.050   5.040     5.050              5.050     4268.0                 0.0                   1.0
2011-03-10    5.030    5.030   4.850     4.850              4.850    15994.0                 0.0                   1.0
2011-03-11    4.890    4.970   4.840     4.850              4.850     5035.0                 0.0                   1.0
2011-03-14    4.860    4.860   4.800     4.800              4.800    11231.0                 0.0                   1.0
2011-03-15    4.750    4.750   4.730     4.730              4.730     4678.0                 0.0                   1.0
2011-03-16    4.750    4.750   4.700     4.700              4.700     8149.0                 0.0                   1.0
2011-03-17    4.720    4.750   4.670     4.700              4.700     5996.0                 0.0                   1.0
2011-03-18    4.705    4.705   4.700     4.700              4.700      500.0                 0.0                   1.0
2011-03-21    4.720    4.800   4.720     4.800              4.800     6279.0                 0.0                   1.0
2011-03-22    4.810    4.810   4.720     4.720              4.720     5605.0                 0.0                   1.0
2011-03-23    4.710    4.710   4.600     4.610              4.610     8008.0                 0.0                   1.0
2011-03-24    4.600    4.670   4.550     4.560              4.560    14241.0                 0.0                   1.0
2011-03-25    4.550    4.560   4.400     4.470              4.470    25938.0                 0.0                   1.0
2011-03-28    4.530    4.550   4.460     4.470              4.470    13512.0                 0.0                   1.0
2011-03-29    4.530    4.590   4.460     4.590              4.590    11882.0                 0.0                   1.0
2011-03-30    4.610    4.610   4.520     4.520              4.520     4005.0                 0.0                   1.0
2011-03-31    4.560    4.600   4.550     4.600              4.600     4137.0                 0.0                   1.0
2011-04-01    4.650    4.650   4.550     4.620              4.620     2936.0                 0.0                   1.0
2011-04-04    4.610    4.630   4.600     4.600              4.600    12244.0                 0.0                   1.0
2011-04-05    4.620    4.620   4.600     4.620              4.620     7391.0                 0.0                   1.0
2011-04-06    4.600    4.770   4.600     4.750              4.750     8930.0                 0.0                   1.0
2011-04-07    4.700    4.720   4.660     4.710              4.710    11265.0                 0.0                   1.0
2011-04-08    4.720    4.720   4.330     4.440              4.440    25629.0                 0.0                   1.0
2011-04-11    4.410    4.580   4.370     4.580              4.580     6750.0                 0.0                   1.0
2011-04-12    4.520    4.520   4.450     4.490              4.490     6899.0                 0.0                   1.0
2011-04-13    4.500    4.510   4.480     4.510              4.510     6204.0                 0.0                   1.0
2011-04-14    4.500    4.630   4.490     4.630              4.630     5548.0                 0.0                   1.0
2011-04-15    4.600    4.750   4.590     4.750              4.750     5926.0                 0.0                   1.0
2011-04-18    4.660    4.750   4.650     4.750              4.750     7798.0                 0.0                   1.0
2011-04-19    4.750    4.840   4.740     4.840              4.840     2676.0                 0.0                   1.0
2011-04-20    4.900    5.030   4.700     5.020              5.020    14506.0                 0.0                   1.0
2011-04-21    5.070    5.270   5.070     5.200              5.200    14900.0                 0.0                   1.0
2011-04-25    5.250    5.250   5.080     5.090              5.090     7125.0                 0.0                   1.0
2011-04-26    5.130    5.130   4.875     4.880              4.880     5358.0                 0.0                   1.0
2011-04-27    4.980    5.040   4.920     4.960              4.960    10966.0                 0.0                   1.0
2011-04-28    4.940    5.300   4.890     5.230              5.230    18660.0                 0.0                   1.0
2011-04-29    5.200    5.200   5.050     5.050              5.050     4800.0                 0.0                   1.0
2011-05-02    5.060    5.060   4.980     4.990              4.990     4914.0                 0.0                   1.0
2011-05-03    5.000    5.010   4.970     5.000              5.000     5907.0                 0.0                   1.0
2011-05-04    4.980    4.980   4.740     4.770              4.770    12486.0                 0.0                   1.0
2011-05-05    4.740    4.740   4.700     4.720              4.720     2000.0                 0.0                   1.0
2011-05-06    4.740    4.770   4.740     4.770              4.770     4821.0                 0.0                   1.0
2011-05-09    4.790    4.790   4.700     4.740              4.740     5363.0                 0.0                   1.0
2011-05-10    4.740    4.740   4.670     4.740              4.740     2052.0                 0.0                   1.0
2011-05-11    4.800    4.890   4.700     4.760              4.760    14820.0                 0.0                   1.0
2011-05-12    4.790    4.790   4.750     4.770              4.770     7801.0                 0.0                   1.0
2011-05-13    4.820    5.020   4.820     5.020              5.020     3575.0                 0.0                   1.0
2011-05-16    5.020    5.180   5.010     5.170              5.170     5900.0                 0.0                   1.0
2011-05-17    5.180    5.180   5.000     5.120              5.120     2123.0                 0.0                   1.0
2011-05-18    5.100    5.160   5.030     5.070              5.070     2065.0                 0.0                   1.0
2011-05-19    4.950    4.950   4.650     4.720              4.720    44859.0                 0.0                   1.0
2011-05-20    4.700    4.700   4.580     4.600              4.600    20381.0                 0.0                   1.0
2011-05-23    4.600    4.700   4.560     4.700              4.700    24788.0                 0.0                   1.0
2011-05-24    4.560    4.650   4.550     4.650              4.650     5200.0                 0.0                   1.0
2011-05-25    4.620    4.620   4.530     4.550              4.550     8200.0                 0.0                   1.0
2011-05-26    4.580    4.580   4.540     4.540              4.540     3700.0                 0.0                   1.0
2011-05-27    4.530    4.570   4.520     4.570              4.570     6953.0                 0.0                   1.0
2011-05-31    4.570    4.570   4.510     4.550              4.550    10600.0                 0.0                   1.0
2011-06-01    4.520    4.520   4.500     4.510              4.510     3220.0                 0.0                   1.0
2011-06-02    4.500    4.540   4.500     4.510              4.510     1850.0                 0.0                   1.0
2011-06-03    4.500    4.520   4.500     4.500              4.500     3742.0                 0.0                   1.0
2011-06-06    4.490    4.520   4.480     4.500              4.500     8992.0                 0.0                   1.0
2011-06-07    4.500    4.510   4.500     4.510              4.510     3950.0                 0.0                   1.0
2011-06-08    4.480    4.500   4.480     4.500              4.500    10000.0                 0.0                   1.0
2011-06-09    4.520    4.520   4.500     4.520              4.520     9600.0                 0.0                   1.0
2011-06-10    4.480    4.620   4.480     4.570              4.570     7311.0                 0.0                   1.0
2011-06-13    4.570    4.570   4.540     4.540              4.540      815.0                 0.0                   1.0
2011-06-14    4.540    4.540   4.500     4.500              4.500     3572.0                 0.0                   1.0
2011-06-15    4.600    4.600   4.480     4.500              4.500    11631.0                 0.0                   1.0
2011-06-16    4.500    4.500   4.500     4.500              4.500      965.0                 0.0                   1.0
2011-06-17    4.500    4.510   4.500     4.500              4.500    28700.0                 0.0                   1.0
2011-06-20    4.480    4.500   4.470     4.470              4.470     5620.0                 0.0                   1.0
2011-06-21    4.500    4.550   4.470     4.530              4.530     8773.0                 0.0                   1.0
2011-06-22    4.550    4.600   4.550     4.600              4.600     2102.0                 0.0                   1.0
2011-06-23    4.600    4.600   4.580     4.580              4.580     1700.0                 0.0                   1.0
2011-06-24    4.510    4.610   4.510     4.610              4.610     3055.0                 0.0                   1.0
2011-06-27    4.680    4.700   4.520     4.630              4.630     6609.0                 0.0                   1.0
2011-06-28    4.680    4.700   4.550     4.550              4.550     1600.0                 0.0                   1.0
2011-06-29    4.550    4.600   4.550     4.600              4.600     5656.0                 0.0                   1.0
2011-06-30    4.600    4.700   4.550     4.610              4.610     4907.0                 0.0                   1.0
2011-07-01    4.620    4.690   4.620     4.690              4.690      700.0                 0.0                   1.0
2011-07-05    4.700    4.700   4.690     4.700              4.700     7787.0                 0.0                   1.0
2011-07-06    4.730    4.730   4.700     4.700              4.700      900.0                 0.0                   1.0
2011-07-07    4.750    4.750   4.730     4.730              4.730     4315.0                 0.0                   1.0
2011-07-08    4.680    4.680   4.660     4.670              4.670      855.0                 0.0                   1.0
2011-07-11    4.720    4.810   4.720     4.810              4.810     1472.0                 0.0                   1.0
2011-07-12    4.770    4.770   4.700     4.710              4.710     2402.0                 0.0                   1.0
2011-07-13    4.670    4.740   4.660     4.740              4.740     1841.0                 0.0                   1.0
2011-07-14    4.810    4.810   4.750     4.750              4.750     1250.0                 0.0                   1.0
2011-07-15    4.930    4.930   4.670     4.670              4.670     2680.0                 0.0                   1.0
2011-07-18    4.820    4.820   4.750     4.750              4.750     2596.0                 0.0                   1.0
2011-07-19    4.700    4.865   4.700     4.865              4.865     2100.0                 0.0                   1.0
2011-07-20    4.790    4.790   4.000     4.570              4.570    12251.0                 0.0                   1.0
2011-07-21    4.520    4.520   4.000     4.510              4.510     4600.0                 0.0                   1.0
2011-07-22    4.510    4.530   4.280     4.480              4.480     7720.0                 0.0                   1.0
2011-07-25    4.330    4.530   4.330     4.490              4.490    10112.0                 0.0                   1.0
2011-07-26    4.470    4.525   4.470     4.500              4.500     1141.0                 0.0                   1.0
2011-07-27    4.500    4.690   4.490     4.490              4.490     6823.0                 0.0                   1.0
2011-07-28    4.470    4.520   4.470     4.480              4.480     2220.0                 0.0                   1.0
2011-07-29    4.480    4.650   4.480     4.650              4.650     5400.0                 0.0                   1.0
2011-08-01    4.680    4.680   4.510     4.510              4.510     1450.0                 0.0                   1.0
2011-08-02    4.510    4.520   4.500     4.510              4.510     1650.0                 0.0                   1.0
2011-08-03    4.520    4.520   4.480     4.510              4.510     1800.0                 0.0                   1.0
2011-08-04    4.250    4.520   4.250     4.460              4.460     7571.0                 0.0                   1.0
2011-08-05    4.480    4.510   4.310     4.390              4.390    10735.0                 0.0                   1.0
2011-08-08    4.440    4.490   4.060     4.450              4.450    11604.0                 0.0                   1.0
2011-08-09    4.350    4.490   4.230     4.230              4.230     6605.0                 0.0                   1.0
2011-08-10    4.060    4.210   4.060     4.200              4.200     4800.0                 0.0                   1.0
2011-08-11    4.000    4.180   3.750     4.180              4.180     2672.0                 0.0                   1.0
2011-08-12    4.040    4.170   4.020     4.040              4.040     4247.0                 0.0                   1.0
2011-08-15    3.990    3.990   3.500     3.500              3.500     3986.0                 0.0                   1.0
2011-08-16    3.760    3.760   3.670     3.700              3.700     3151.0                 0.0                   1.0
2011-08-17    3.690    3.750   3.690     3.750              3.750     1500.0                 0.0                   1.0
2011-08-18    3.670    3.680   3.360     3.450              3.450     4580.0                 0.0                   1.0
2011-08-19    3.400    3.500   3.390     3.500              3.500     1189.0                 0.0                   1.0
2011-08-22    3.520    3.660   3.400     3.400              3.400     2300.0                 0.0                   1.0
2011-08-23    3.350    3.390   3.150     3.390              3.390     2200.0                 0.0                   1.0
2011-08-24    3.620    3.800   3.620     3.700              3.700     5600.0                 0.0                   1.0
2011-08-25    3.700    3.950   3.540     3.540              3.540     4500.0                 0.0                   1.0
2011-08-26    3.500    3.510   3.350     3.390              3.390     6300.0                 0.0                   1.0
2011-08-29    3.400    3.610   3.400     3.520              3.520     9100.0                 0.0                   1.0
2011-08-30    3.550    3.550   3.520     3.520              3.520      800.0                 0.0                   1.0
2011-08-31    3.550    3.700   3.550     3.550              3.550     9615.0                 0.0                   1.0
2011-09-01    3.640    3.800   3.640     3.800              3.800      400.0                 0.0                   1.0
2011-09-02    3.840    3.840   3.810     3.810              3.810      200.0                 0.0                   1.0
2011-09-06    3.820    3.830   3.680     3.820              3.820     2069.0                 0.0                   1.0
2011-09-07    3.730    3.790   3.590     3.590              3.590     2782.0                 0.0                   1.0
2011-09-08    3.530    3.530   3.310     3.310              3.310     3400.0                 0.0                   1.0
2011-09-09    3.370    3.420   3.350     3.370              3.370     2148.0                 0.0                   1.0
2011-09-12    3.280    3.350   3.240     3.270              3.270     3484.0                 0.0                   1.0
2011-09-13    3.360    3.490   3.350     3.490              3.490     1691.0                 0.0                   1.0
2011-09-14    3.440    3.440   3.270     3.340              3.340      800.0                 0.0                   1.0
2011-09-15    3.260    3.395   3.210     3.395              3.395     2500.0                 0.0                   1.0
2011-09-16    3.350    3.360   3.350     3.360              3.360     2175.0                 0.0                   1.0
2011-09-19    3.340    3.450   3.340     3.440              3.440      919.0                 0.0                   1.0
2011-09-20    3.390    3.440   3.370     3.430              3.430     1813.0                 0.0                   1.0
2011-09-21    3.400    3.400   3.250     3.250              3.250     2673.0                 0.0                   1.0
2011-09-22    3.220    3.220   3.180     3.180              3.180     1300.0                 0.0                   1.0
2011-09-23    3.160    3.200   3.150     3.170              3.170     1050.0                 0.0                   1.0
2011-09-26    3.190    3.200   3.180     3.180              3.180      577.0                 0.0                   1.0
2011-09-27    3.210    3.210   3.170     3.200              3.200     1700.0                 0.0                   1.0
2011-09-28    3.300    3.420   3.150     3.170              3.170     7100.0                 0.0                   1.0
2011-09-29    3.170    3.320   3.160     3.320              3.320     6732.0                 0.0                   1.0
2011-09-30    3.170    3.280   3.160     3.170              3.170     4681.0                 0.0                   1.0
2011-10-03    3.050    3.150   3.050     3.060              3.060     2411.0                 0.0                   1.0
2011-10-04    3.050    3.050   3.050     3.050              3.050      541.0                 0.0                   1.0
2011-10-05    3.060    3.100   3.060     3.100              3.100    10456.0                 0.0                   1.0
2011-10-06    3.050    3.050   3.050     3.050              3.050     2140.0                 0.0                   1.0
2011-10-07    3.080    3.120   3.050     3.120              3.120      960.0                 0.0                   1.0
2011-10-10    3.120    3.120   3.120     3.120              3.120        0.0                 0.0                   1.0
2011-10-11    3.120    3.120   2.910     2.910              2.910     7737.0                 0.0                   1.0
2011-10-12    2.810    2.890   2.810     2.840              2.840     4680.0                 0.0                   1.0
2011-10-13    2.830    3.050   2.830     3.050              3.050     7137.0                 0.0                   1.0
2011-10-14    3.100    3.100   3.080     3.100              3.100     1100.0                 0.0                   1.0
2011-10-17    3.120    3.120   3.120     3.120              3.120      650.0                 0.0                   1.0
2011-10-18    3.150    3.150   3.050     3.090              3.090     5171.0                 0.0                   1.0
2011-10-19    3.110    3.110   3.100     3.100              3.100     1744.0                 0.0                   1.0
2011-10-20    3.060    3.060   3.060     3.060              3.060      300.0                 0.0                   1.0
2011-10-21    3.120    3.120   3.040     3.040              3.040     9600.0                 0.0                   1.0
2011-10-24    3.190    3.190   3.050     3.050              3.050     6410.0                 0.0                   1.0
2011-10-25    3.010    3.030   3.010     3.010              3.010     3157.0                 0.0                   1.0
2011-10-26    3.010    3.070   3.010     3.070              3.070     3826.0                 0.0                   1.0
2011-10-27    3.090    3.090   3.020     3.090              3.090     1530.0                 0.0                   1.0
2011-10-28    3.030    3.100   3.030     3.100              3.100     1553.0                 0.0                   1.0
2011-10-31    3.100    3.100   3.100     3.100              3.100        0.0                 0.0                   1.0
2011-11-01    3.030    3.060   3.010     3.010              3.010     7925.0                 0.0                   1.0
2011-11-02    3.070    3.110   3.060     3.060              3.060     1134.0                 0.0                   1.0
2011-11-03    3.080    3.080   3.080     3.080              3.080      100.0                 0.0                   1.0
2011-11-04    3.110    3.110   3.050     3.050              3.050     3200.0                 0.0                   1.0
2011-11-07    2.990    3.110   2.990     3.110              3.110     1346.0                 0.0                   1.0
2011-11-08    3.120    3.160   3.120     3.160              3.160     1502.0                 0.0                   1.0
2011-11-09    3.060    3.200   3.060     3.200              3.200     5300.0                 0.0                   1.0
2011-11-10    3.100    3.120   3.100     3.120              3.120     1380.0                 0.0                   1.0
2011-11-11    3.070    3.120   3.070     3.120              3.120     2133.0                 0.0                   1.0
2011-11-14    3.070    3.090   3.070     3.070              3.070     7751.0                 0.0                   1.0
2011-11-15    3.060    3.060   3.050     3.050              3.050     6802.0                 0.0                   1.0
2011-11-16    3.000    3.030   3.000     3.030              3.030     1093.0                 0.0                   1.0
2011-11-17    3.030    3.030   3.030     3.030              3.030        0.0                 0.0                   1.0
2011-11-18    3.050    3.100   3.050     3.100              3.100     4203.0                 0.0                   1.0
2011-11-21    3.010    3.190   3.010     3.190              3.190     4224.0                 0.0                   1.0
2011-11-22    3.100    3.100   3.100     3.100              3.100     1900.0                 0.0                   1.0
2011-11-23    3.120    3.120   3.090     3.090              3.090      600.0                 0.0                   1.0
2011-11-25    3.100    3.250   3.100     3.250              3.250     6453.0                 0.0                   1.0
2011-11-28    3.430    3.430   3.000     3.250              3.250     5487.0                 0.0                   1.0
2011-11-29    3.260    3.260   3.000     3.000              3.000     3900.0                 0.0                   1.0
2011-11-30    3.130    3.320   2.900     3.320              3.320     9696.0                 0.0                   1.0
2011-12-01    3.270    3.270   3.050     3.260              3.260     3994.0                 0.0                   1.0
2011-12-02    3.120    3.120   3.090     3.090              3.090      900.0                 0.0                   1.0
2011-12-05    3.090    3.110   3.080     3.080              3.080     2321.0                 0.0                   1.0
2011-12-06    3.060    3.060   2.900     2.900              2.900     8400.0                 0.0                   1.0
2011-12-07    2.950    2.950   2.850     2.850              2.850     9350.0                 0.0                   1.0
2011-12-08    2.850    2.850   2.780     2.830              2.830     6430.0                 0.0                   1.0
2011-12-09    2.810    2.830   2.740     2.760              2.760     9300.0                 0.0                   1.0
2011-12-12    2.750    2.760   2.750     2.750              2.750    12590.0                 0.0                   1.0
2011-12-13    2.710    2.710   2.590     2.630              2.630     7033.0                 0.0                   1.0
2011-12-14    2.620    2.620   2.590     2.590              2.590     2225.0                 0.0                   1.0
2011-12-15    2.590    2.610   2.590     2.590              2.590     3900.0                 0.0                   1.0
2011-12-16    2.610    2.620   2.610     2.610              2.610     1466.0                 0.0                   1.0
2011-12-19    2.610    2.610   2.550     2.610              2.610    17681.0                 0.0                   1.0
2011-12-20    2.600    2.610   2.550     2.570              2.570    18219.0                 0.0                   1.0
2011-12-21    2.530    2.610   2.530     2.610              2.610    15100.0                 0.0                   1.0
2011-12-22    2.600    2.610   2.590     2.610              2.610     2500.0                 0.0                   1.0
2011-12-23    2.600    2.620   2.600     2.620              2.620     1400.0                 0.0                   1.0
2011-12-27    2.630    2.630   2.580     2.610              2.610    14830.0                 0.0                   1.0
2011-12-28    2.610    2.690   2.610     2.690              2.690     2163.0                 0.0                   1.0
2011-12-29    2.650    2.650   2.600     2.600              2.600     3489.0                 0.0                   1.0
2011-12-30    2.650    2.660   2.590     2.600              2.600    19024.0                 0.0                   1.0
2012-01-03    2.610    2.610   2.560     2.610              2.610    18300.0                 0.0                   1.0
2012-01-04    2.590    2.610   2.590     2.610              2.610    15100.0                 0.0                   1.0
2012-01-05    2.580    2.610   2.580     2.600              2.600    16000.0                 0.0                   1.0
2012-01-06    2.590    2.600   2.590     2.600              2.600    14350.0                 0.0                   1.0
2012-01-09    2.560    2.600   2.560     2.570              2.570    17025.0                 0.0                   1.0
2012-01-10    2.550    2.580   2.550     2.560              2.560    18400.0                 0.0                   1.0
2012-01-11    2.550    2.600   2.550     2.600              2.600     9153.0                 0.0                   1.0
2012-01-12    2.600    2.980   2.600     2.980              2.980     6395.0                 0.0                   1.0
2012-01-13    2.860    2.980   2.860     2.980              2.980     1730.0                 0.0                   1.0
2012-01-17    2.970    3.000   2.850     2.850              2.850    11550.0                 0.0                   1.0
2012-01-18    2.820    2.820   2.800     2.800              2.800     2335.0                 0.0                   1.0
2012-01-19    2.790    3.000   2.790     3.000              3.000     2527.0                 0.0                   1.0
2012-01-20    2.980    3.000   2.980     3.000              3.000      349.0                 0.0                   1.0
2012-01-23    2.970    3.000   2.900     2.980              2.980     5165.0                 0.0                   1.0
2012-01-24    2.950    2.950   2.950     2.950              2.950      100.0                 0.0                   1.0
2012-01-25    2.990    2.990   2.950     2.950              2.950     3500.0                 0.0                   1.0
2012-01-26    2.900    2.900   2.810     2.810              2.810     4010.0                 0.0                   1.0
2012-01-27    2.870    2.870   2.810     2.810              2.810     2150.0                 0.0                   1.0
2012-01-30    2.870    2.870   2.840     2.860              2.860     4636.0                 0.0                   1.0
2012-01-31    2.860    3.000   2.860     3.000              3.000     2826.0                 0.0                   1.0
2012-02-01    3.000    3.000   2.820     2.840              2.840     3382.0                 0.0                   1.0
2012-02-02    2.870    2.900   2.730     2.900              2.900     5588.0                 0.0                   1.0
2012-02-03    2.940    3.010   2.940     2.950              2.950     4289.0                 0.0                   1.0
2012-02-06    2.990    3.040   2.960     3.040              3.040     3100.0                 0.0                   1.0
2012-02-07    3.020    3.070   3.020     3.040              3.040     4400.0                 0.0                   1.0
2012-02-08    3.040    3.050   3.040     3.050              3.050     2900.0                 0.0                   1.0
2012-02-09    3.000    3.050   3.000     3.050              3.050     4950.0                 0.0                   1.0
2012-02-10    3.050    3.050   2.880     2.880              2.880    10666.0                 0.0                   1.0
2012-02-13    2.920    2.950   2.870     2.870              2.870     3750.0                 0.0                   1.0
2012-02-14    2.940    3.100   2.940     3.060              3.060    28370.0                 0.0                   1.0
2012-02-15    3.110    3.210   3.050     3.050              3.050    17457.0                 0.0                   1.0
2012-02-16    3.140    3.140   3.070     3.080              3.080     4874.0                 0.0                   1.0
2012-02-17    3.000    3.000   3.000     3.000              3.000      100.0                 0.0                   1.0
2012-02-21    3.010    3.140   3.000     3.120              3.120    12101.0                 0.0                   1.0
2012-02-22    3.140    3.270   3.140     3.270              3.270    38800.0                 0.0                   1.0
2012-02-23    3.260    3.850   3.260     3.800              3.800   101352.0                 0.0                   1.0
2012-02-24    3.880    3.880   3.680     3.720              3.720    18773.0                 0.0                   1.0
2012-02-27    3.700    3.810   3.700     3.810              3.810     2444.0                 0.0                   1.0
2012-02-28    3.740    3.800   3.740     3.800              3.800     1425.0                 0.0                   1.0
2012-02-29    3.810    3.810   3.740     3.740              3.740     5150.0                 0.0                   1.0
2012-03-01    3.730    3.800   3.700     3.800              3.800     2994.0                 0.0                   1.0
2012-03-02    3.790    3.790   3.700     3.700              3.700     2886.0                 0.0                   1.0
2012-03-05    3.700    3.740   3.700     3.710              3.710     8606.0                 0.0                   1.0
2012-03-06    3.710    3.710   3.700     3.700              3.700     5100.0                 0.0                   1.0
2012-03-07    3.700    3.730   3.400     3.450              3.450    24588.0                 0.0                   1.0
2012-03-08    3.390    3.390   3.210     3.250              3.250    15989.0                 0.0                   1.0
2012-03-09    3.290    3.390   3.290     3.350              3.350      950.0                 0.0                   1.0
2012-03-12    3.360    3.360   3.210     3.210              3.210     3000.0                 0.0                   1.0
2012-03-13    3.230    3.270   3.230     3.230              3.230     1017.0                 0.0                   1.0
2012-03-14    3.310    3.310   3.210     3.260              3.260     2550.0                 0.0                   1.0
2012-03-15    3.260    3.260   3.010     3.080              3.080    11463.0                 0.0                   1.0
2012-03-16    3.090    3.100   3.090     3.100              3.100      488.0                 0.0                   1.0
2012-03-19    3.050    3.290   3.050     3.270              3.270     7632.0                 0.0                   1.0
2012-03-20    3.270    3.340   3.270     3.300              3.300     3080.0                 0.0                   1.0
2012-03-21    3.280    3.450   3.280     3.450              3.450      705.0                 0.0                   1.0
2012-03-22    3.330    3.450   3.330     3.420              3.420     2451.0                 0.0                   1.0
2012-03-23    3.370    3.370   3.290     3.290              3.290     2339.0                 0.0                   1.0
2012-03-26    3.270    3.270   3.150     3.150              3.150      340.0                 0.0                   1.0
2012-03-27    3.170    3.170   3.150     3.150              3.150     2000.0                 0.0                   1.0
2012-03-28    3.210    3.310   3.210     3.310              3.310     1208.0                 0.0                   1.0
2012-03-29    3.260    3.260   3.260     3.260              3.260     2800.0                 0.0                   1.0
2012-03-30    3.260    3.450   3.240     3.450              3.450     7522.0                 0.0                   1.0
2012-04-02    3.920    4.090   3.900     4.000              4.000    52333.0                 0.0                   1.0
2012-04-03    4.010    4.010   3.730     3.860              3.860     6097.0                 0.0                   1.0
2012-04-04    3.670    3.840   3.670     3.770              3.770     5982.0                 0.0                   1.0
2012-04-05    3.700    3.790   3.700     3.790              3.790     2809.0                 0.0                   1.0
2012-04-09    3.790    3.790   3.770     3.770              3.770     1095.0                 0.0                   1.0
2012-04-10    3.780    3.780   3.770     3.780              3.780      400.0                 0.0                   1.0
2012-04-11    3.820    3.820   3.790     3.790              3.790     3350.0                 0.0                   1.0
2012-04-12    3.840    3.850   3.820     3.820              3.820      300.0                 0.0                   1.0
2012-04-13    3.760    3.950   3.760     3.860              3.860     7000.0                 0.0                   1.0
2012-04-16    3.820    3.970   3.720     3.970              3.970     2100.0                 0.0                   1.0
2012-04-17    3.860    3.950   3.850     3.910              3.910     2180.0                 0.0                   1.0
2012-04-18    3.850    3.850   3.710     3.710              3.710     2500.0                 0.0                   1.0
2012-04-19    3.740    3.790   3.720     3.790              3.790     1167.0                 0.0                   1.0
2012-04-20    3.790    3.790   3.730     3.730              3.730     1200.0                 0.0                   1.0
2012-04-23    3.870    4.000   3.870     3.980              3.980     6765.0                 0.0                   1.0
2012-04-24    3.920    3.920   3.920     3.920              3.920      100.0                 0.0                   1.0
2012-04-25    3.850    3.850   3.850     3.850              3.850      100.0                 0.0                   1.0
2012-04-26    3.830    3.830   3.800     3.800              3.800      500.0                 0.0                   1.0
2012-04-27    3.810    3.840   3.810     3.840              3.840      201.0                 0.0                   1.0
2012-04-30    3.810    3.810   3.800     3.800              3.800     2126.0                 0.0                   1.0
2012-05-01    3.800    3.800   3.800     3.800              3.800        0.0                 0.0                   1.0
2012-05-02    3.820    3.870   3.810     3.870              3.870     1199.0                 0.0                   1.0
2012-05-03    3.810    3.870   3.810     3.870              3.870     6172.0                 0.0                   1.0
2012-05-04    3.810    3.860   3.810     3.850              3.850     1000.0                 0.0                   1.0
2012-05-07    3.810    3.810   3.800     3.800              3.800     2100.0                 0.0                   1.0
2012-05-08    3.800    3.800   3.800     3.800              3.800     1550.0                 0.0                   1.0
2012-05-09    3.790    3.880   3.790     3.880              3.880     2600.0                 0.0                   1.0
2012-05-10    3.750    3.840   3.750     3.810              3.810     3100.0                 0.0                   1.0
2012-05-11    3.820    3.820   3.810     3.810              3.810     2300.0                 0.0                   1.0
2012-05-14    3.770    3.770   3.750     3.750              3.750      400.0                 0.0                   1.0
2012-05-15    3.770    3.770   3.660     3.710              3.710    11983.0                 0.0                   1.0
2012-05-16    3.660    3.790   3.660     3.790              3.790     5450.0                 0.0                   1.0
2012-05-17    3.830    3.850   3.830     3.850              3.850      200.0                 0.0                   1.0
2012-05-18    3.790    3.790   3.760     3.790              3.790     3494.0                 0.0                   1.0
2012-05-21    3.760    3.790   3.740     3.740              3.740     5481.0                 0.0                   1.0
2012-05-22    3.740    3.750   3.740     3.750              3.750     4105.0                 0.0                   1.0
2012-05-23    3.770    3.770   3.710     3.710              3.710    12306.0                 0.0                   1.0
2012-05-24    3.720    3.740   3.680     3.680              3.680     1300.0                 0.0                   1.0
2012-05-25    3.690    3.690   3.680     3.680              3.680      200.0                 0.0                   1.0
2012-05-29    3.660    3.700   3.660     3.700              3.700     4113.0                 0.0                   1.0
2012-05-30    3.760    3.800   3.710     3.720              3.720      835.0                 0.0                   1.0
2012-05-31    3.770    3.770   3.700     3.700              3.700      200.0                 0.0                   1.0
2012-06-01    3.700    3.710   3.700     3.700              3.700     1895.0                 0.0                   1.0
2012-06-04    3.660    3.680   3.560     3.560              3.560     1600.0                 0.0                   1.0
2012-06-05    3.520    3.520   3.480     3.480              3.480     1240.0                 0.0                   1.0
2012-06-06    3.510    3.510   3.330     3.350              3.350     1125.0                 0.0                   1.0
2012-06-07    3.360    3.360   3.200     3.240              3.240     2276.0                 0.0                   1.0
2012-06-08    3.240    3.310   3.230     3.250              3.250     1017.0                 0.0                   1.0
2012-06-11    3.260    3.280   3.260     3.280              3.280      500.0                 0.0                   1.0
2012-06-12    3.300    3.530   3.300     3.490              3.490      700.0                 0.0                   1.0
2012-06-13    3.410    3.410   3.410     3.410              3.410      200.0                 0.0                   1.0
2012-06-14    3.400    3.400   3.300     3.300              3.300     8959.0                 0.0                   1.0
2012-06-15    3.330    3.420   3.330     3.380              3.380    24833.0                 0.0                   1.0
2012-06-18    3.390    3.560   3.390     3.400              3.400     6316.0                 0.0                   1.0
2012-06-19    3.460    3.640   3.460     3.640              3.640     2300.0                 0.0                   1.0
2012-06-20    3.640    3.680   3.640     3.680              3.680     3200.0                 0.0                   1.0
2012-06-21    3.660    3.750   3.660     3.750              3.750     9075.0                 0.0                   1.0
2012-06-22    3.770    3.800   3.750     3.800              3.800     2697.0                 0.0                   1.0
2012-06-25    3.700    3.840   3.700     3.830              3.830    19004.0                 0.0                   1.0
2012-06-26    3.800    3.840   3.800     3.840              3.840     6350.0                 0.0                   1.0
2012-06-27    3.820    3.980   3.800     3.980              3.980    12801.0                 0.0                   1.0
2012-06-28    3.920    3.920   3.920     3.920              3.920     2000.0                 0.0                   1.0
2012-06-29    3.950    3.950   3.850     3.950              3.950    11308.0                 0.0                   1.0
2012-07-02    3.960    4.010   3.960     4.010              4.010     8195.0                 0.0                   1.0
2012-07-03    4.040    4.070   4.040     4.070              4.070     9190.0                 0.0                   1.0
2012-07-05    4.050    4.050   4.050     4.050              4.050     2798.0                 0.0                   1.0
2012-07-06    4.050    4.090   4.050     4.090              4.090      400.0                 0.0                   1.0
2012-07-09    4.060    4.060   4.050     4.050              4.050     2115.0                 0.0                   1.0
2012-07-10    4.050    4.080   3.850     4.080              4.080     4997.0                 0.0                   1.0
2012-07-11    4.050    4.050   4.010     4.010              4.010    20069.0                 0.0                   1.0
2012-07-12    4.010    4.050   4.010     4.020              4.020    23400.0                 0.0                   1.0
2012-07-13    4.010    4.050   4.010     4.050              4.050     1163.0                 0.0                   1.0
2012-07-16    4.030    4.050   4.010     4.010              4.010     4000.0                 0.0                   1.0
2012-07-17    4.010    4.010   4.010     4.010              4.010     2470.0                 0.0                   1.0
2012-07-18    4.010    4.040   4.010     4.040              4.040      962.0                 0.0                   1.0
2012-07-19    4.050    4.050   4.050     4.050              4.050    22200.0                 0.0                   1.0
2012-07-20    4.050    4.050   3.970     3.970              3.970   106035.0                 0.0                   1.0
2012-07-23    4.000    4.060   4.000     4.050              4.050    15082.0                 0.0                   1.0
2012-07-24    4.160    4.300   4.160     4.210              4.210    44632.0                 0.0                   1.0
2012-07-25    4.210    4.250   4.210     4.220              4.220     3273.0                 0.0                   1.0
2012-07-26    4.230    4.240   4.210     4.230              4.230     3413.0                 0.0                   1.0
2012-07-27    4.210    4.250   4.190     4.200              4.200    45952.0                 0.0                   1.0
2012-07-30    4.240    4.240   4.190     4.230              4.230     6083.0                 0.0                   1.0
2012-07-31    4.200    4.200   4.190     4.190              4.190    12100.0                 0.0                   1.0
2012-08-01    4.250    4.250   4.200     4.250              4.250    14382.0                 0.0                   1.0
2012-08-02    4.190    4.230   4.190     4.230              4.230    47573.0                 0.0                   1.0
2012-08-03    4.230    4.260   4.230     4.260              4.260    14781.0                 0.0                   1.0
2012-08-06    4.260    4.280   4.250     4.260              4.260    12705.0                 0.0                   1.0
2012-08-07    4.260    4.260   4.250     4.250              4.250     7639.0                 0.0                   1.0
2012-08-08    4.260    4.260   4.250     4.250              4.250     6199.0                 0.0                   1.0
2012-08-09    4.260    4.260   4.250     4.250              4.250    26699.0                 0.0                   1.0
2012-08-10    4.260    4.280   4.250     4.280              4.280    10020.0                 0.0                   1.0
2012-08-13    4.290    4.290   4.250     4.260              4.260    17090.0                 0.0                   1.0
2012-08-14    4.260    4.270   4.250     4.270              4.270     7000.0                 0.0                   1.0
2012-08-15    4.250    4.280   4.250     4.270              4.270     3221.0                 0.0                   1.0
2012-08-16    4.270    4.270   4.270     4.270              4.270      300.0                 0.0                   1.0
2012-08-17    4.270    4.270   4.260     4.260              4.260     7651.0                 0.0                   1.0
2012-08-20    4.280    4.290   4.260     4.290              4.290    20271.0                 0.0                   1.0
2012-08-21    4.260    4.290   4.260     4.290              4.290     7237.0                 0.0                   1.0
2012-08-22    4.240    4.300   4.240     4.270              4.270     3413.0                 0.0                   1.0
2012-08-23    4.260    4.300   4.260     4.270              4.270      864.0                 0.0                   1.0
2012-08-24    4.240    4.300   4.240     4.260              4.260     9290.0                 0.0                   1.0
2012-08-27    4.250    4.280   4.250     4.280              4.280     8009.0                 0.0                   1.0
2012-08-28    4.290    4.290   4.250     4.260              4.260     2920.0                 0.0                   1.0
2012-08-29    4.290    4.290   4.270     4.280              4.280     8076.0                 0.0                   1.0
2012-08-30    4.270    4.300   4.260     4.300              4.300     4204.0                 0.0                   1.0
2012-08-31    4.300    4.300   4.290     4.300              4.300     1000.0                 0.0                   1.0
2012-09-04    4.280    4.280   4.260     4.280              4.280    10341.0                 0.0                   1.0
2012-09-05    4.290    4.290   4.290     4.290              4.290     6100.0                 0.0                   1.0
2012-09-06    4.260    4.290   4.260     4.270              4.270      588.0                 0.0                   1.0
2012-09-07    4.290    4.300   4.270     4.270              4.270     2273.0                 0.0                   1.0
2012-09-10    4.260    4.400   4.260     4.290              4.290    10966.0                 0.0                   1.0
2012-09-11    4.390    4.400   4.290     4.290              4.290     2100.0                 0.0                   1.0
2012-09-12    4.390    4.400   4.350     4.390              4.390     5920.0                 0.0                   1.0
2012-09-13    4.390    4.400   4.270     4.270              4.270      785.0                 0.0                   1.0
2012-09-14    4.350    4.400   4.340     4.350              4.350    10923.0                 0.0                   1.0
2012-09-17    4.400    4.400   4.380     4.380              4.380     5126.0                 0.0                   1.0
2012-09-18    4.390    4.400   4.370     4.400              4.400    40882.0                 0.0                   1.0
2012-09-19    4.380    4.400   4.370     4.400              4.400    12344.0                 0.0                   1.0
2012-09-20    4.390    4.390   4.370     4.370              4.370     3236.0                 0.0                   1.0
2012-09-21    4.370    4.370   4.370     4.370              4.370    13000.0                 0.0                   1.0
2012-09-24    4.380    4.400   4.370     4.400              4.400    13994.0                 0.0                   1.0
2012-09-25    4.400    4.400   4.400     4.400              4.400     4750.0                 0.0                   1.0
2012-09-26    4.380    4.400   4.380     4.380              4.380      300.0                 0.0                   1.0
2012-09-27    4.400    4.400   4.380     4.380              4.380     1355.0                 0.0                   1.0
2012-09-28    4.390    4.400   4.380     4.380              4.380     5765.0                 0.0                   1.0
2012-10-01    4.380    4.450   4.380     4.450              4.450    19637.0                 0.0                   1.0
2012-10-02    4.450    4.450   4.400     4.410              4.410      598.0                 0.0                   1.0
2012-10-03    4.420    4.450   4.420     4.450              4.450     7100.0                 0.0                   1.0
2012-10-04    4.450    4.450   4.400     4.400              4.400     4600.0                 0.0                   1.0
2012-10-05    4.410    4.410   4.370     4.400              4.400     8441.0                 0.0                   1.0
2012-10-08    4.440    4.440   4.400     4.400              4.400     2211.0                 0.0                   1.0
2012-10-09    4.410    4.430   4.400     4.400              4.400     1538.0                 0.0                   1.0
2012-10-10    4.400    4.430   4.400     4.400              4.400     1175.0                 0.0                   1.0
2012-10-11    4.400    4.430   4.400     4.420              4.420     1281.0                 0.0                   1.0
2012-10-12    4.430    4.440   4.420     4.420              4.420      919.0                 0.0                   1.0
2012-10-15    4.450    4.450   4.450     4.450              4.450     3380.0                 0.0                   1.0
2012-10-16    4.450    4.470   4.450     4.470              4.470     7999.0                 0.0                   1.0
2012-10-17    4.450    4.460   4.450     4.460              4.460     7309.0                 0.0                   1.0
2012-10-18    4.450    4.450   4.450     4.450              4.450     2605.0                 0.0                   1.0
2012-10-19    4.450    4.450   4.450     4.450              4.450     2380.0                 0.0                   1.0
2012-10-22    4.440    4.450   4.430     4.440              4.440    17894.0                 0.0                   1.0
2012-10-23    4.430    4.440   4.430     4.440              4.440     1200.0                 0.0                   1.0
2012-10-24    4.430    4.430   4.430     4.430              4.430     1800.0                 0.0                   1.0
2012-10-25    4.420    4.430   4.420     4.430              4.430     3000.0                 0.0                   1.0
2012-10-26    4.410    4.430   4.410     4.430              4.430    12300.0                 0.0                   1.0
2012-10-31    4.430    4.450   4.430     4.450              4.450     1586.0                 0.0                   1.0
2012-11-01    4.430    4.440   4.430     4.440              4.440      838.0                 0.0                   1.0
2012-11-02    4.440    4.440   4.440     4.440              4.440      200.0                 0.0                   1.0
2012-11-05    4.450    4.460   4.420     4.460              4.460     1676.0                 0.0                   1.0
2012-11-06    4.440    4.460   4.440     4.450              4.450     2200.0                 0.0                   1.0
2012-11-07    4.440    4.450   4.440     4.450              4.450     4775.0                 0.0                   1.0
2012-11-08    4.420    4.450   4.410     4.450              4.450    15815.0                 0.0                   1.0
2012-11-09    4.420    4.420   4.400     4.400              4.400      400.0                 0.0                   1.0
2012-11-12    4.400    4.400   4.400     4.400              4.400      200.0                 0.0                   1.0
2012-11-13    4.400    4.400   4.400     4.400              4.400      400.0                 0.0                   1.0
2012-11-14    4.410    4.410   4.410     4.410              4.410     1500.0                 0.0                   1.0
2012-11-15    4.430    4.440   4.430     4.440              4.440     1010.0                 0.0                   1.0
2012-11-16    4.440    4.440   4.440     4.440              4.440        0.0                 0.0                   1.0
2012-11-19    4.430    4.440   4.430     4.440              4.440     3820.0                 0.0                   1.0
2012-11-20    4.430    4.430   4.430     4.430              4.430       17.0                 0.0                   1.0
2012-11-21    4.430    4.440   4.430     4.440              4.440     2200.0                 0.0                   1.0
2012-11-23    4.440    4.440   4.440     4.440              4.440        0.0                 0.0                   1.0
2012-11-26    4.430    4.430   4.400     4.400              4.400      145.0                 0.0                   1.0
2012-11-27    4.400    4.450   4.400     4.450              4.450    45260.0                 0.0                   1.0
2012-11-28    4.450    4.460   4.450     4.460              4.460     4715.0                 0.0                   1.0
2012-11-29    4.450    4.470   4.450     4.460              4.460    17102.0                 0.0                   1.0
2012-11-30    4.460    4.470   4.460     4.470              4.470      438.0                 0.0                   1.0
2012-12-03    4.450    4.460   4.450     4.460              4.460     1973.0                 0.0                   1.0
2012-12-04    4.450    4.480   4.450     4.480              4.480    15835.0                 0.0                   1.0
2012-12-05    4.470    4.480   4.470     4.480              4.480     1984.0                 0.0                   1.0
2012-12-06    4.480    4.480   4.450     4.450              4.450      524.0                 0.0                   1.0
2012-12-07    4.460    4.460   4.460     4.460              4.460     1317.0                 0.0                   1.0
2012-12-10    4.460    4.460   4.460     4.460              4.460      839.0                 0.0                   1.0
2012-12-11    4.480    4.490   4.480     4.480              4.480     7883.0                 0.0                   1.0
2019-09-26    1.300    1.300   1.300     1.300              1.300      300.0                 0.0                   1.0
2019-09-30    1.300    1.320   1.300     1.320              1.320      600.0                 0.0                   1.0
2019-10-01    1.350    1.500   1.350     1.500              1.500      500.0                 0.0                   1.0
2019-10-17    1.510    4.000   1.510     4.000              4.000     1000.0                 0.0                   1.0
2019-10-23    3.500    4.000   3.500     4.000              4.000      200.0                 0.0                   1.0
2019-10-24    4.000    4.000   4.000     4.000              4.000      400.0                 0.0                   1.0
2019-11-13    2.750    2.750   2.500     2.500              2.500      300.0                 0.0                   1.0
2019-11-21    4.000    4.000   4.000     4.000              4.000      100.0                 0.0                   1.0
2020-02-03    4.000    4.000   4.000     4.000              4.000       50.0                 0.0                   1.0
2020-03-25    4.000    4.000   4.000     4.000              4.000       50.0                 0.0                   1.0
2020-05-08    2.750    2.750   2.750     2.750              2.750      100.0                 0.0                   1.0
2020-05-20    4.200    4.200   4.200     4.200              4.200      100.0                 0.0                   1.0
2020-07-17    4.200    4.200   4.200     4.200              4.200        0.0                 0.0                   1.0
2020-07-22    4.200    4.200   4.200     4.200              4.200        0.0                 0.0                   1.0
2020-07-23    4.200    4.200   4.200     4.200              4.200       35.0                 0.0                   1.0
2020-07-24    4.200    4.200   4.200     4.200              4.200        0.0                 0.0                   1.0
2020-07-27    4.200    4.200   4.200     4.200              4.200        0.0                 0.0                   1.0
2020-07-28    4.200    4.200   4.200     4.200              4.200        0.0                 0.0                   1.0
2020-07-29    4.200    4.200   4.200     4.200              4.200        0.0                 0.0                   1.0
2020-07-30    4.200    4.200   4.200     4.200              4.200        0.0                 0.0                   1.0
2020-07-31    4.200    4.200   4.200     4.200              4.200        0.0                 0.0                   1.0
2020-08-03    4.200    4.200   4.200     4.200              4.200        0.0                 0.0                   1.0
2020-08-04    4.200    4.200   4.200     4.200              4.200        0.0                 0.0                   1.0
2020-08-05    4.200    4.200   4.200     4.200              4.200        0.0                 0.0                   1.0
2020-08-06    4.200    4.200   4.200     4.200              4.200       25.0                 0.0                   1.0
2020-08-07    4.200    4.200   4.200     4.200              4.200        0.0                 0.0                   1.0
2020-08-10    4.200    4.200   4.200     4.200              4.200        0.0                 0.0                   1.0
2020-08-11    4.200    4.200   4.200     4.200              4.200        0.0                 0.0                   1.0
2020-08-12    4.200    4.200   4.200     4.200              4.200        0.0                 0.0                   1.0
2020-08-13    4.200    4.200   4.200     4.200              4.200        0.0                 0.0                   1.0
2020-08-14    4.200    4.200   4.200     4.200              4.200        0.0                 0.0                   1.0
2020-08-17    4.200    4.200   4.200     4.200              4.200        0.0                 0.0                   1.0
2020-08-18    4.200    4.200   4.200     4.200              4.200        0.0                 0.0                   1.0
2020-08-19    4.200    4.200   4.200     4.200              4.200        0.0                 0.0                   1.0
2020-08-20    4.200    4.200   4.200     4.200              4.200        0.0                 0.0                   1.0
2020-08-21    4.200    4.200   4.200     4.200              4.200        0.0                 0.0                   1.0
2020-08-24    4.200    4.200   4.200     4.200              4.200        0.0                 0.0                   1.0
2020-08-25    4.200    4.200   4.200     4.200              4.200        0.0                 0.0                   1.0
2020-08-26    4.200    4.200   4.200     4.200              4.200        0.0                 0.0                   1.0
2020-08-27    4.200    4.200   4.200     4.200              4.200        0.0                 0.0                   1.0
2020-08-28    4.200    4.200   4.200     4.200              4.200        0.0                 0.0                   1.0
2020-08-31    4.200    4.200   4.200     4.200              4.200        0.0                 0.0                   1.0
2020-09-01    4.200    4.200   4.200     4.200              4.200        0.0                 0.0                   1.0
2020-09-02    4.200    4.200   4.200     4.200              4.200        0.0                 0.0                   1.0
2020-09-03    4.200    4.200   4.200     4.200              4.200        0.0                 0.0                   1.0
2020-09-04    4.200    4.200   4.200     4.200              4.200        0.0                 0.0                   1.0
2020-09-08    4.200    4.200   4.200     4.200              4.200        0.0                 0.0                   1.0
2020-09-09    4.200    4.200   4.200     4.200              4.200        0.0                 0.0                   1.0
2020-09-10    4.200    4.200   4.200     4.200              4.200        0.0                 0.0                   1.0
2020-09-11    4.200    4.200   4.200     4.200              4.200        0.0                 0.0                   1.0
2020-09-14    4.200    4.200   4.200     4.200              4.200        0.0                 0.0                   1.0
2020-09-15    4.200    4.200   4.200     4.200              4.200        0.0                 0.0                   1.0
2020-09-16    4.200    4.200   4.200     4.200              4.200        0.0                 0.0                   1.0
2020-09-17    4.200    4.200   4.200     4.200              4.200        0.0                 0.0                   1.0
2020-09-18    4.200    4.200   4.200     4.200              4.200       16.0                 0.0                   1.0
2020-09-21    4.200    4.200   4.200     4.200              4.200        0.0                 0.0                   1.0
2020-09-22    4.200    4.200   4.200     4.200              4.200      100.0                 0.0                   1.0
2020-09-23    4.200    4.200   4.200     4.200              4.200        0.0                 0.0                   1.0
2020-09-24    4.200    4.200   4.200     4.200              4.200        0.0                 0.0                   1.0
2020-09-25    4.900    4.900   4.900     4.900              4.900      100.0                 0.0                   1.0
2020-09-28    4.900    4.900   4.900     4.900              4.900        0.0                 0.0                   1.0
2020-09-29    4.900    4.900   4.900     4.900              4.900        2.0                 0.0                   1.0
2020-09-30    4.900    4.900   4.900     4.900              4.900        0.0                 0.0                   1.0
2020-10-01    4.900    4.900   4.900     4.900              4.900        0.0                 0.0                   1.0
2020-10-02    4.900    4.900   4.900     4.900              4.900        0.0                 0.0                   1.0
2020-10-05    4.900    4.900   4.900     4.900              4.900        0.0                 0.0                   1.0
2020-10-06    4.900    4.900   4.900     4.900              4.900        0.0                 0.0                   1.0
2020-10-07    4.900    4.900   4.900     4.900              4.900        0.0                 0.0                   1.0
2020-10-08    4.900    4.900   4.900     4.900              4.900        0.0                 0.0                   1.0
2020-10-09    4.900    4.900   4.900     4.900              4.900        0.0                 0.0                   1.0
2020-10-12    4.900    4.900   4.900     4.900              4.900        0.0                 0.0                   1.0
2020-10-13    4.900    4.900   4.900     4.900              4.900        0.0                 0.0                   1.0
2020-10-14    4.900    4.900   4.900     4.900              4.900        0.0                 0.0                   1.0
2020-10-15    4.900    4.900   4.900     4.900              4.900        0.0                 0.0                   1.0
2020-10-16    4.900    4.900   4.900     4.900              4.900        0.0                 0.0                   1.0
2020-10-19    4.900    4.900   4.900     4.900              4.900        0.0                 0.0                   1.0
2020-10-20    4.900    4.900   4.900     4.900              4.900        0.0                 0.0                   1.0
2020-10-21    4.900    4.900   4.900     4.900              4.900        0.0                 0.0                   1.0
2020-10-22    4.900    4.900   4.900     4.900              4.900        0.0                 0.0                   1.0
2020-10-23    4.900    4.900   4.900     4.900              4.900        0.0                 0.0                   1.0
2020-10-26    4.900    4.900   4.900     4.900              4.900        0.0                 0.0                   1.0
2020-10-27    4.900    4.900   4.900     4.900              4.900        0.0                 0.0                   1.0
2020-10-28    4.900    4.900   4.900     4.900              4.900        0.0                 0.0                   1.0
2020-10-29    4.900    4.900   4.900     4.900              4.900        0.0                 0.0                   1.0
2020-10-30    4.900    4.900   4.900     4.900              4.900        0.0                 0.0                   1.0
2020-11-02    4.900    4.900   4.900     4.900              4.900        0.0                 0.0                   1.0
2020-11-03    4.900    4.900   4.900     4.900              4.900        0.0                 0.0                   1.0
2020-11-04    4.900    4.900   4.900     4.900              4.900        0.0                 0.0                   1.0
2020-11-05    4.900    4.900   4.900     4.900              4.900        0.0                 0.0                   1.0
2020-11-06    4.900    4.900   4.900     4.900              4.900        0.0                 0.0                   1.0
2020-11-09    4.900    4.900   4.900     4.900              4.900        0.0                 0.0                   1.0
2020-11-10    4.900    4.900   4.900     4.900              4.900        0.0                 0.0                   1.0
2020-11-11    4.900    4.900   4.900     4.900              4.900        0.0                 0.0                   1.0
2020-11-12    4.900    4.900   4.900     4.900              4.900        0.0                 0.0                   1.0
2020-11-13    4.900    4.900   4.900     4.900              4.900        0.0                 0.0                   1.0
2020-11-16    4.900    4.900   4.900     4.900              4.900        0.0                 0.0                   1.0
2020-11-17    4.900    4.900   4.900     4.900              4.900        0.0                 0.0                   1.0
2020-11-18    4.900    4.900   4.900     4.900              4.900        0.0                 0.0                   1.0
2020-11-19    4.900    4.900   4.900     4.900              4.900        0.0                 0.0                   1.0
2020-11-20    4.900    4.900   4.900     4.900              4.900        0.0                 0.0                   1.0
2020-11-23    4.900    4.900   4.900     4.900              4.900        0.0                 0.0                   1.0
2020-11-24    4.900    4.900   4.900     4.900              4.900        0.0                 0.0                   1.0
2020-11-25    4.900    4.900   4.900     4.900              4.900        0.0                 0.0                   1.0
2020-11-27    4.900    4.900   4.900     4.900              4.900        0.0                 0.0                   1.0
2020-11-30    4.900    4.900   4.900     4.900              4.900        0.0                 0.0                   1.0
2020-12-01    4.900    4.900   4.900     4.900              4.900        0.0                 0.0                   1.0
2020-12-02    4.900    4.900   4.900     4.900              4.900        0.0                 0.0                   1.0
2020-12-03    4.900    4.900   4.900     4.900              4.900        0.0                 0.0                   1.0
2020-12-04    4.900    4.900   4.900     4.900              4.900        0.0                 0.0                   1.0
2020-12-07    4.900    4.900   4.900     4.900              4.900        0.0                 0.0                   1.0
2020-12-08    4.900    4.900   4.900     4.900              4.900        0.0                 0.0                   1.0
2020-12-09    4.900    4.900   4.900     4.900              4.900        0.0                 0.0                   1.0
2020-12-10    4.900    4.900   4.900     4.900              4.900        0.0                 0.0                   1.0
2020-12-11    4.900    4.900   4.900     4.900              4.900        0.0                 0.0                   1.0
2020-12-14    4.900    4.900   4.900     4.900              4.900        0.0                 0.0                   1.0
2020-12-15    4.900    4.900   4.900     4.900              4.900        0.0                 0.0                   1.0
2020-12-16    4.900    4.900   4.900     4.900              4.900        0.0                 0.0                   1.0
2020-12-17    4.900    4.900   4.900     4.900              4.900        0.0                 0.0                   1.0
2020-12-18    4.900    4.900   4.900     4.900              4.900        0.0                 0.0                   1.0
2020-12-21    4.900    4.900   4.900     4.900              4.900        0.0                 0.0                   1.0
2020-12-22    4.900    4.900   4.900     4.900              4.900        0.0                 0.0                   1.0
2020-12-23    4.900    4.900   4.900     4.900              4.900        0.0                 0.0                   1.0
2020-12-24    4.900    4.900   4.900     4.900              4.900        0.0                 0.0                   1.0
2020-12-28    4.900    4.900   4.900     4.900              4.900        0.0                 0.0                   1.0
2020-12-29    4.900    4.900   4.900     4.900              4.900        0.0                 0.0                   1.0
2020-12-30    4.900    4.900   4.900     4.900              4.900        0.0                 0.0                   1.0
2020-12-31    4.900    4.900   4.900     4.900              4.900        0.0                 0.0                   1.0
2021-01-04    4.900    4.900   4.900     4.900              4.900        0.0                 0.0                   1.0
2021-01-05    4.900    4.900   4.900     4.900              4.900        0.0                 0.0                   1.0
2021-01-06    4.900    4.900   4.900     4.900              4.900        0.0                 0.0                   1.0
2021-01-07    4.900    4.900   4.900     4.900              4.900        0.0                 0.0                   1.0
2021-01-08    4.900    4.900   4.900     4.900              4.900        0.0                 0.0                   1.0
2021-01-11    4.900    4.900   4.900     4.900              4.900        0.0                 0.0                   1.0
2021-01-12    4.900    4.900   4.900     4.900              4.900        0.0                 0.0                   1.0
2021-01-13    4.900    4.900   4.900     4.900              4.900        0.0                 0.0                   1.0
2021-01-14    4.900    4.900   4.900     4.900              4.900        0.0                 0.0                   1.0
2021-01-15    4.900    4.900   4.900     4.900              4.900        0.0                 0.0                   1.0
2021-01-19    4.900    4.900   4.900     4.900              4.900        0.0                 0.0                   1.0
2021-01-20    4.900    4.900   4.900     4.900              4.900        0.0                 0.0                   1.0
2021-01-21    4.900    4.900   4.900     4.900              4.900        0.0                 0.0                   1.0
2021-01-22    4.900    4.900   4.900     4.900              4.900        0.0                 0.0                   1.0
2021-01-25    4.900    4.900   4.900     4.900              4.900        0.0                 0.0                   1.0
2021-01-26    4.900    4.900   4.900     4.900              4.900        0.0                 0.0                   1.0
2021-01-27    4.900    4.900   4.900     4.900              4.900        0.0                 0.0                   1.0
2021-01-28    4.900    4.900   4.900     4.900              4.900        0.0                 0.0                   1.0
2021-01-29    4.900    4.900   4.900     4.900              4.900        0.0                 0.0                   1.0
2021-02-01    4.900    4.900   4.900     4.900              4.900        0.0                 0.0                   1.0
2021-02-02    4.900    4.900   4.900     4.900              4.900        0.0                 0.0                   1.0
2021-02-03    4.900    4.900   4.900     4.900              4.900        0.0                 0.0                   1.0
2021-02-04    4.900    4.900   4.900     4.900              4.900        2.0                 0.0                   1.0
2021-02-05    4.900    4.900   4.900     4.900              4.900        0.0                 0.0                   1.0
2021-02-08    4.900    4.900   4.900     4.900              4.900        0.0                 0.0                   1.0
2021-02-09    4.900    4.900   4.900     4.900              4.900        0.0                 0.0                   1.0
2021-02-10    4.900    4.900   4.900     4.900              4.900        1.0                 0.0                   1.0
2021-02-11    4.900    4.900   4.900     4.900              4.900        0.0                 0.0                   1.0
2021-02-12    4.900    4.900   4.900     4.900              4.900        0.0                 0.0                   1.0
2021-02-16    4.900    4.900   4.900     4.900              4.900        0.0                 0.0                   1.0
2021-02-17    4.900    4.900   4.900     4.900              4.900        0.0                 0.0                   1.0
2021-02-18    4.900    4.900   4.900     4.900              4.900        0.0                 0.0                   1.0
2021-02-19    4.900    4.900   4.900     4.900              4.900        0.0                 0.0                   1.0