10/01/2020,12,13,11.99,12.15,10569401
10/02/2020,12.15,12.99,11.9,12,1024978
10/05/2020,11.9,12.2867,11.8,12.03,242446
10/06/2020,12.18,12.18,11.74,11.8,322522
10/07/2020,11.89,11.9,11.74,11.755,78643
10/08/2020,12.08,12.08,11.76,11.79,42231
10/09/2020,11.94,11.94,11.74,11.75,155829
10/12/2020,12,12,11.5,11.7,567982
10/13/2020,11.8,11.99,11.68,11.75,56724
10/14/2020,12.3,12.3,11.725,11.75,151717
10/15/2020,11.87,12.22,11.6275,11.9,39920
10/16/2020,12.24,12.24,11.84,11.9,44395
10/19/2020,12,12,11.85,11.875,104813
10/20/2020,11.78,11.94,11.76,11.825,55547
10/21/2020,11.85,11.95,11.76,11.85,96203
10/22/2020,11.835,11.85,11.7,11.8,44544
10/23/2020,11.7001,11.91,11.7001,11.75,3282
10/26/2020,11.85,11.85,11.65,11.65,18272
10/27/2020,11.79,12.44,11.65,11.71,292059
10/28/2020,11.9,11.9,11.55,11.67,74092
10/29/2020,11.7,11.85,11.6,11.765,141114
10/30/2020,11.84,11.84,11.55,11.66,50601
11/02/2020,11.6,11.8,11.6,11.75,80016
11/03/2020,11.935,11.99,11.78,11.99,56224
11/04/2020,11.99,13.38,11.95,12.1,16059
11/05/2020,12,12.15,11.98,12.1,19135
11/06/2020,12.3,12.3,12.18,12.22,43049
11/09/2020,12.34,12.9448,11.8,11.8,41383
11/10/2020,12.28,12.32,11.905,11.98,81272
11/11/2020,12.12,12.12,11.97,12.06,23767
11/12/2020,11.965,12.185,11.95,11.96,45457
11/13/2020,12.017,12.08,11.87,11.975,39183
11/16/2020,11.875,12,11.84,12,34425
11/17/2020,11.66,12.05,11.66,12.01,52954
11/18/2020,12.4,12.4,11.85,12.16,45023
11/19/2020,12.18,12.18,11.96,12.04,59503
11/20/2020,12,12.07,11.85,12,25229
11/23/2020,12.1062,12.15,11.92,12,59641
11/24/2020,12,12.12,11.9667,12.12,125263
11/25/2020,12.18,12.18,11.98,12.06,31614
11/27/2020,12.01,12.2,11.98,12.08,171574
11/30/2020,12.08,12.2,12,12.1,84252
12/01/2020,12.6,13.58,12.4,12.78,95516
12/02/2020,12.6,12.6536,12.34,12.425,16361
12/03/2020,12.6159,12.8,12.51,12.72,32337
12/04/2020,12.67,13.04,12.66,12.96,110068
12/07/2020,13.7187,13.97,12.67,12.9,94724
12/08/2020,12.97,13.7,12.72,12.7727,56429
12/09/2020,12.96,13.35,12.73,12.84,240627
12/10/2020,12.85,13.46,12.82,12.84,57166
12/11/2020,12.84,14.2699,12.7,12.75,168422
12/14/2020,12.97,13.75,12.95,13.225,100594
12/15/2020,13.79,13.79,12.96,13,147042
12/16/2020,13.1,14,12.98,13.62,47887
12/17/2020,14.36,14.36,13.4574,13.67,33567
12/18/2020,13.74,14.375,13.74,14.22,88726
12/21/2020,14,14.92,14,14.55,35267
12/22/2020,14.7,14.99,14.19,14.28,91028
12/23/2020,14.36,14.9999,14.24,14.24,127611
12/24/2020,14.8753,14.94,14.15,14.24,56280
12/28/2020,14.24,14.78,13.73,13.81,262669
12/29/2020,14,14,13.4,13.43,66819
12/30/2020,14.49,14.49,13.3968,13.88,26320
12/31/2020,13.68,14.3054,13,13,132407
