05/16/2007,25.74,25.74,25.74,25.74,500
05/17/2007,25.74,25.74,25.74,25.74,2600
05/18/2007,25.74,25.74,25.58,25.58,1100
05/21/2007,25.75,25.75,25.55,25.55,10100
05/22/2007,25.75,25.75,25.7,25.73,600
05/23/2007,25.7,25.7,25.69,25.69,2500
05/24/2007,25.7,25.7,25.7,25.7,800
05/29/2007,25.7,25.7,25.58,25.58,1400
05/30/2007,25.66,25.7,25.66,25.7,600
05/31/2007,25.75,25.75,25.7,25.7,1100
06/04/2007,25.65,25.72,25.65,25.72,1400
06/05/2007,25.72,25.72,25.58,25.59,3500
06/06/2007,25.56,25.56,25.5,25.5,2300
06/07/2007,25.5,25.58,25.5,25.58,800
06/08/2007,25.45,25.45,25.45,25.45,600
06/11/2007,25.45,25.49,25.45,25.49,1000
06/12/2007,25.4,25.4,25.4,25.4,100
06/13/2007,24.91,24.91,24.9,24.9,500
06/14/2007,24.91,24.91,24.91,24.91,4100
06/15/2007,24.91,24.91,24.9,24.9,1400
06/18/2007,25.05,25.05,24.22,25,121600
06/19/2007,25,25,24.9,24.92,2500
06/21/2007,24.98,25,24.97,25,2200
06/22/2007,24.95,24.95,24.95,24.95,3000
06/25/2007,24.98,24.98,24.98,24.98,400
06/26/2007,24.95,24.95,24.9,24.95,28100
06/27/2007,24.9,24.95,24.9,24.91,2400
06/28/2007,24.95,24.95,24.95,24.95,900
06/29/2007,24.98,25,24.9,24.9,2300
07/02/2007,24.9,25,24.9,24.99,2700
07/03/2007,24.95,24.95,24.95,24.95,2000
07/05/2007,25,25.05,25,25,2400
07/06/2007,24.92,25,24.92,25,1700
07/10/2007,25.05,25.15,24.94,25,9500
07/11/2007,25,25,24.94,24.94,1900
07/12/2007,25,25,24.04,24.4,310400
07/13/2007,24.42,24.52,24.42,24.5,800
07/16/2007,24.49,24.49,24.49,24.49,800
07/17/2007,24.52,24.52,24.52,24.52,100
07/18/2007,24.49,24.5,24.49,24.5,2100
07/19/2007,24.52,24.52,24.4,24.4,3100
07/20/2007,24.51,24.51,24.5,24.5,800
07/23/2007,24.61,24.61,24.42,24.52,3600
07/24/2007,24.5,24.5,24.15,24.15,5800
07/25/2007,24.01,24.01,23.35,23.35,16100
07/26/2007,23.5,23.5,23.35,23.35,600
07/27/2007,23.37,23.75,23.37,23.75,1700
07/30/2007,23.74,23.74,23.5,23.5,1200
07/31/2007,23.55,23.55,23.5,23.55,4700
08/01/2007,23.65,23.65,23.2,23.4,9800
08/02/2007,23.4,24.25,23.31,24.25,10200
08/03/2007,24.25,24.25,24.25,24.25,100
08/06/2007,24.25,24.25,23.5,23.5,2200
08/07/2007,23.7,24,23.31,23.48,2300
08/08/2007,23.68,23.68,23.68,23.68,200
08/09/2007,23.6,24,23.6,24,4300
08/10/2007,23.7,24.45,23.7,24.45,4000
08/13/2007,24.75,24.9,24.45,24.9,2900
08/14/2007,24.6,24.6,24.05,24.28,1600
08/15/2007,24,24.28,24,24.28,1500
08/16/2007,24.4,24.4,24,24.35,2100
08/17/2007,24.16,24.4,23.15,24.1,47000
08/20/2007,24.25,24.35,24.05,24.35,3600
08/21/2007,24.55,24.55,23.85,24.25,7200
08/22/2007,24.7,24.7,24,24.3,6300
08/23/2007,24.32,24.35,24.28,24.35,3800
08/24/2007,24.01,24.35,24,24.2,4600
08/27/2007,24.15,24.2,24.14,24.18,1700
08/28/2007,24.32,24.32,24.32,24.32,800
08/29/2007,24.2,24.2,24.15,24.2,4200
08/30/2007,24.25,24.25,24.25,24.25,500
08/31/2007,24.75,25.24,24.75,25.24,2000
09/04/2007,24.95,24.95,24.92,24.92,3600
09/05/2007,25.2,25.2,24.85,24.85,6800
09/06/2007,24.88,24.88,24.51,24.51,1300
09/07/2007,24.52,24.66,24.52,24.66,700
09/10/2007,24.6,24.6,24.36,24.49,4800
09/11/2007,24.4,24.74,24.4,24.49,5300
09/12/2007,24.25,24.25,24.16,24.16,400
09/13/2007,24.06,24.06,24,24,800
09/14/2007,23.9,23.9,23.89,23.89,1400
09/17/2007,23.92,23.92,23.89,23.89,700
09/18/2007,23.9,23.9,23.9,23.9,1000
09/19/2007,24.12,24.12,23.07,23.79,11600
09/20/2007,23.75,23.75,23.69,23.69,1500
09/21/2007,23.79,23.79,23.76,23.76,600
09/24/2007,23.76,23.76,23.51,23.51,1900
09/25/2007,23.55,23.58,23.45,23.45,29800
09/26/2007,23.2,23.45,23.07,23.15,11400
09/27/2007,23.49,23.49,23.49,23.49,100
09/28/2007,23.69,23.9,23.69,23.9,5900
10/01/2007,23.9,23.9,23.4,23.4,4500
10/02/2007,23.6,23.85,23.6,23.8,4000
10/04/2007,23.93,23.95,23.93,23.95,600
10/05/2007,23.75,24.45,23.75,24.2,2300
10/08/2007,24.2,24.2,23.35,23.35,2000
10/10/2007,24,24,23.8,23.85,11100
10/11/2007,23.85,24.05,23.84,24.05,6900
10/12/2007,23.75,23.9,23.75,23.88,5000
10/18/2007,23.9,23.9,23.82,23.82,5600
10/19/2007,24.14,24.14,24.14,24.14,100
10/22/2007,24.1,24.1,24.1,24.1,1800
10/24/2007,24.25,24.25,23.85,24,16600
10/25/2007,23.51,23.89,23.51,23.89,500
10/26/2007,23.9,23.9,23.81,23.81,2100
10/30/2007,23.51,23.51,23.51,23.51,200
10/31/2007,23.85,23.85,23.85,23.85,400
11/01/2007,24,24,23.75,23.75,1500
11/02/2007,23.99,23.99,23.95,23.95,1200
11/05/2007,23.95,23.95,23.74,23.74,600
11/06/2007,23.95,23.95,23.56,23.56,400
11/07/2007,23.61,23.61,23.55,23.55,200
11/08/2007,23.03,23.03,22.5,22.75,3400
11/09/2007,22.7,23.91,22.7,22.75,8100
11/12/2007,22.75,22.75,22.75,22.75,400
11/13/2007,22.75,23.1,22.75,23.1,2000
11/14/2007,22.85,23.11,22.6,22.85,1200
11/15/2007,23,23.15,22.51,22.51,2900
11/16/2007,22.51,22.7,22.5,22.5,5200
11/20/2007,22.51,22.7,22.5,22.5,1700
11/21/2007,22.5,22.5,22.5,22.5,400
11/26/2007,22.75,22.75,22.5,22.5,1300
11/28/2007,22.5,22.5,22.5,22.5,13400
11/29/2007,22.41,22.41,22.4,22.4,300
11/30/2007,22.4,22.5,22.2,22.5,6000
12/03/2007,22.5,22.5,22.5,22.5,4000
12/04/2007,22.5,22.5,22.35,22.35,1100
12/05/2007,22.5,23.91,22.25,22.9,8200
12/06/2007,23.05,23.75,23.05,23.75,4100
12/07/2007,23.65,23.65,23.4,23.4,700
12/10/2007,23.25,23.25,23.25,23.25,200
12/11/2007,23.05,23.05,23.05,23.05,100
12/12/2007,22.5,22.5,22,22.25,1100
12/13/2007,22.02,22.02,21.51,21.95,5100
12/14/2007,21.95,21.95,21.9,21.9,400
12/17/2007,21.8,21.8,21.7,21.7,400
12/18/2007,21.7,21.7,21.3,21.3,1200
12/19/2007,21.5,21.6,21.01,21.01,2900
12/20/2007,21.3,21.3,21.3,21.3,200
12/21/2007,21.2,21.5,20.94,21.5,12400
12/24/2007,21.4,21.5,21.25,21.25,3000
12/26/2007,21.01,21.01,21.01,21.01,100
12/27/2007,20.45,21,20.45,20.75,19900
12/28/2007,21.1,22.25,21.1,22,9900
12/31/2007,21.85,22.1,20.56,21.85,12100
01/02/2008,22.5,22.5,22.5,22.5,1200
01/03/2008,22.98,22.98,22.98,22.98,4500
01/04/2008,22.9,22.9,22.85,22.9,800
01/07/2008,22.75,22.75,22.75,22.75,668800
01/08/2008,22.11,22.55,22.11,22.55,1100
01/09/2008,22.5,22.75,22.5,22.75,2100
01/14/2008,22.75,22.75,22.35,22.35,2600
01/15/2008,22.01,22.06,22,22,6200
01/16/2008,22,22.3,22,22.3,2700
01/17/2008,22.39,22.39,22.3,22.3,800
01/18/2008,21.65,21.65,21.25,21.5,3995
01/22/2008,21.7,21.7,21.7,21.7,200
01/23/2008,21.9,21.9,21.9,21.9,400
01/24/2008,22,22.3,22,22.05,1800
01/25/2008,22.4,22.5,22.4,22.5,8200
01/28/2008,22.75,24.25,22.16,22.3,4900
01/29/2008,22.74,22.75,22.1,22.5,5200
01/30/2008,22.25,22.38,22.25,22.38,1300
01/31/2008,22.25,22.85,22.25,22.75,7500
02/01/2008,22.33,22.33,22.25,22.25,5300
02/04/2008,22.5,22.5,22.16,22.16,3800
02/05/2008,22.29,22.35,22.12,22.3,15800
02/06/2008,22.3,22.3,22.3,22.3,22300
02/07/2008,22.4,22.41,22.27,22.3,8200
02/08/2008,22.26,22.3,22.26,22.3,1500
02/11/2008,22.3,22.3,22.16,22.2,5600
02/12/2008,22.18,22.18,22.18,22.18,400
02/13/2008,22.35,22.35,22.3,22.3,2000
02/14/2008,22.16,22.16,22.01,22.01,10800
02/15/2008,22.12,22.12,22.12,22.12,200
02/19/2008,22.15,22.24,22.12,22.24,800
02/20/2008,22.3,22.5,22.3,22.5,400
02/21/2008,22.45,22.5,22.4,22.5,2200
02/22/2008,22.25,22.25,22,22.11,11500
02/25/2008,22.05,22.1,22,22.1,1000
02/26/2008,22.05,22.05,22.02,22.02,2800
02/27/2008,22,22,22,22,1000
02/28/2008,22,22.01,22,22.01,600
02/29/2008,22.07,22.07,22,22,300
03/03/2008,22,22.25,21.95,22.05,18435
03/04/2008,22,22.15,22,22,1300
03/05/2008,22.01,22.2,22.01,22.08,3500
03/06/2008,22,22.02,21.57,21.57,7200
03/07/2008,22,22.25,22,22,2300
03/10/2008,22,22,22,22,100
03/11/2008,22.15,22.15,20.95,21.75,6400
03/12/2008,21.49,21.49,21.49,21.49,100
03/13/2008,21.45,21.49,21.04,21.4,1400
03/14/2008,21.25,21.25,21.25,21.25,100
03/17/2008,21.25,21.25,20.25,20.5,1500
03/18/2008,20.5,21,20.5,21,400
03/19/2008,21.1,21.1,21.1,21.1,100
03/20/2008,21.4,21.4,21.4,21.4,200
03/24/2008,21.4,21.4,21.4,21.4,400
03/25/2008,21.49,21.6,21.49,21.6,360800
03/26/2008,21.25,21.25,21.2,21.2,2900
03/27/2008,21.08,21.29,21.08,21.29,600
03/31/2008,21.07,21.55,21.07,21.55,1100
04/02/2008,21.64,21.64,21.06,21.3,1400
04/03/2008,21.49,21.5,21.49,21.5,300
04/04/2008,21.55,21.55,21.55,21.55,200
04/08/2008,21.64,21.64,21.64,21.64,500
04/10/2008,21.64,21.69,21.64,21.69,1700
04/11/2008,21.7,21.7,21.2,21.36,2400
04/14/2008,21.17,21.17,21.08,21.08,1600
04/15/2008,21.06,21.06,21.06,21.06,412000
04/16/2008,21.08,21.25,21.08,21.25,900
04/17/2008,21.42,21.65,21.42,21.65,300
04/21/2008,21.8,21.8,21.45,21.45,900
04/22/2008,21.63,21.95,21.05,21.95,2930
04/24/2008,21.8,21.8,21.8,21.8,200
04/25/2008,21.75,21.75,21.75,21.75,1200
04/28/2008,22,22,22,22,200
04/29/2008,22,22,21.9,21.9,1400
05/01/2008,22.2,22.3,22.2,22.3,400
05/05/2008,22.39,22.39,21.85,21.85,1100
05/07/2008,21.96,22.35,21.96,22.35,500
05/09/2008,22.3,22.3,21,22.25,200800
05/14/2008,22.33,22.34,22.3,22.3,1500
05/15/2008,22.3,22.3,22.3,22.3,800
05/16/2008,22.34,22.34,22.32,22.32,2750
05/19/2008,22.04,22.25,22.04,22.25,500
05/20/2008,22.28,22.28,21.88,22.05,3700
05/21/2008,22.09,22.1,22.09,22.1,1000
05/22/2008,21.87,21.87,21.87,21.87,100
05/27/2008,21.99,22.2,21.63,22.2,5600
05/28/2008,22.19,22.19,22.19,22.19,700
05/29/2008,22.34,22.34,22.34,22.34,500
06/03/2008,22.4,22.4,22.4,22.4,100
06/04/2008,22.4,22.4,22.4,22.4,1200
06/06/2008,22.15,22.15,22.15,22.15,400
06/09/2008,22.4,22.4,22.16,22.16,2000
06/10/2008,22.4,22.45,22.4,22.45,300
06/12/2008,21.25,21.5,21.25,21.5,1400
06/16/2008,21.44,22.05,21.44,22.05,700
06/17/2008,22.04,22.04,21.61,21.61,200
06/18/2008,21.65,21.65,21.65,21.65,200
06/19/2008,22,22,22,22,500
06/20/2008,21.99,21.99,21.99,21.99,600
06/24/2008,21.5,21.66,21.5,21.65,10400
06/25/2008,21.75,21.75,21.75,21.75,100
06/26/2008,21.75,21.75,21.75,21.75,100
06/30/2008,21.69,21.69,21,21.6,1050
07/01/2008,21.68,21.68,20.55,20.55,2000
07/02/2008,21,21,20.55,20.55,900
07/03/2008,20.06,20.06,19.05,19.85,8600
07/09/2008,20.25,20.5,20.25,20.5,200
07/10/2008,20.05,20.05,20.05,20.05,100
07/11/2008,19.9,19.9,18.91,19.66,1400
07/14/2008,19.16,19.16,17.8,17.95,7900
07/15/2008,17.45,17.45,14.45,15.8,4700
07/16/2008,15.95,16.6,15.35,16.6,17100
07/17/2008,16.6,17.15,16.5,16.5,4200
07/18/2008,16.5,16.7,15.38,15.38,17700
07/21/2008,16.1,16.4,15.57,15.57,5900
07/22/2008,16.02,18.98,15.63,16.25,3700
07/23/2008,16.26,17,16.26,16.95,5600
07/24/2008,16.99,17.1,16.95,16.95,2500
07/25/2008,16.63,17,16.63,17,700
07/28/2008,16.66,17.49,16.66,17.1,1400
07/29/2008,17.25,17.25,17.25,17.25,100
07/30/2008,17.32,17.32,17.1,17.1,3600
07/31/2008,17.2,18.35,17.2,17.75,8133
08/01/2008,17.7,17.8,17.6,17.78,3800
08/04/2008,18,18.02,18,18,3300
08/05/2008,18.02,18.1,17.4,18.1,5100
08/06/2008,17.5,17.74,17.5,17.74,10100
08/07/2008,17.74,18.02,17.5,18,5100
08/08/2008,17.99,18.05,17.9,17.95,14500
08/11/2008,17.91,17.91,17.5,17.75,6000
08/12/2008,17.75,17.75,17.75,17.75,200
08/13/2008,17.9,17.9,17.41,17.41,1600
08/14/2008,17.8,17.8,16.75,16.75,3700
08/15/2008,16.78,17.6,16.78,17,3825
08/18/2008,17.35,17.4,17,17,2500
08/19/2008,17.39,17.5,17,17,13400
08/20/2008,17.5,17.5,16.86,16.86,2600
08/21/2008,17,17,16.75,16.75,4400
08/22/2008,17.25,17.49,17.1,17.49,2100
08/25/2008,17.4,17.4,17,17,8470
08/26/2008,16.84,16.84,16.7,16.75,3200
08/27/2008,17,17,16.65,16.76,4100
08/28/2008,16.78,16.78,16.56,16.75,6200
08/29/2008,16.75,16.75,16.74,16.75,3900
09/02/2008,16.75,16.75,16.75,16.75,1600
09/03/2008,17.24,17.24,17.24,17.24,2400
09/04/2008,16.75,17.26,16.21,17,9500
09/05/2008,16.94,16.95,16.94,16.95,1500
09/08/2008,17.3,17.3,16.75,17.29,4950
09/09/2008,16.05,16.7,15.95,15.95,35357
09/10/2008,16.15,16.15,16.05,16.05,5100
09/11/2008,15.75,15.75,13.99,14.5,24900
09/12/2008,14.51,16,14.25,16,9800
09/15/2008,16,16,15.5,15.5,1500
09/16/2008,15.25,15.25,14.75,14.93,3100
09/17/2008,14.55,14.55,12.53,13.8,5103
09/18/2008,13.2,13.5,11.95,13.5,9950
09/19/2008,16,16.52,15.02,16.35,5975
09/22/2008,16.5,16.5,16.5,16.5,3300
09/23/2008,16.4,16.4,15.4,15.88,850
09/24/2008,15.3,15.88,14.96,15.72,9500
09/25/2008,15.68,15.68,15.68,15.68,800
09/26/2008,16,16.5,16,16.41,4700
09/29/2008,15,15,14.2,15,4800
09/30/2008,15.09,15.5,14,14.2,10900
10/01/2008,13.5,14.28,13.5,14.28,1100
10/02/2008,14.75,15,14.75,15,600
10/03/2008,15.75,16.24,15.49,15.49,1300
10/06/2008,14.37,15,14,14.15,8660
10/07/2008,14.37,14.8,13.85,14.25,1810
10/08/2008,13.75,14,12.5,13.25,16100
10/09/2008,12.75,12.75,12.75,12.75,100
10/10/2008,12.21,12.25,8.5,9.75,30500
10/13/2008,9.99,11.5,9.99,11,6700
10/14/2008,11.75,12,11.11,11.11,14900
10/15/2008,11.2,11.5,11.2,11.5,11800
10/16/2008,11.4,11.4,11.27,11.27,9200
10/17/2008,11,11.25,11,11.2,22178
10/20/2008,11.3,11.3,10.87,11.14,11400
10/21/2008,10.65,12.73,10.65,12.73,7200
10/22/2008,11.6,11.6,11.48,11.48,1900
10/23/2008,12,12,11.5,11.5,353100
10/24/2008,11.5,11.5,11.2,11.5,3800
10/27/2008,11,11.58,11,11.5,2600
10/28/2008,11.5,11.5,11.11,11.5,3100
10/29/2008,11.5,12,11.5,11.75,17450
10/30/2008,12,12.25,11.99,12.25,8800
10/31/2008,12.25,13,12.25,13,10700
11/03/2008,13,13,13,13,100
11/04/2008,13.47,13.5,13.25,13.25,2400
11/05/2008,13.5,13.5,13.5,13.5,1700
11/06/2008,13.25,13.25,13.25,13.25,1000
11/07/2008,13.25,13.25,13.25,13.25,500
11/10/2008,13.3,14.16,13.3,14.15,7400
11/11/2008,13.6,14.41,13.42,14.41,2000
11/12/2008,13.9,13.9,13,13,1506
11/13/2008,13.5,13.97,13.5,13.97,500
11/14/2008,13.25,13.67,13,13.65,4000
11/18/2008,13,14,13,13,1500
11/19/2008,13.45,13.45,12.75,12.9,5500
11/20/2008,12.75,12.75,12.75,12.75,600
11/21/2008,12.74,12.74,12.09,12.1,2100
11/24/2008,12.05,12.05,12.05,12.05,500
11/25/2008,12.05,12.05,12.05,12.05,2500
11/26/2008,12.05,12.05,12,12.05,12400
11/28/2008,12,12,11.75,11.75,9600
12/01/2008,12.05,12.05,12.05,12.05,1100
12/02/2008,12.04,12.05,12.04,12.05,4500
12/03/2008,12.5,12.73,12.5,12.7,1612
12/04/2008,12.25,13.25,12.25,13.25,900
12/05/2008,13.72,13.72,13,13.6,2400
12/08/2008,13.45,15,13.45,15,700
12/09/2008,14.9,15,14.4,14.4,15250
12/10/2008,14,14,13.01,13.05,25700
12/11/2008,12.9,12.99,12.53,12.53,3200
12/12/2008,12.54,12.54,12.54,12.54,300
12/15/2008,12.7,12.85,12.5,12.6,1600
12/16/2008,12.25,12.55,12.01,12.55,950
12/17/2008,12.5,13.1,12.5,12.55,2250
12/18/2008,14,14,13.7,13.7,38865
12/19/2008,13.75,13.75,13.75,13.75,400
12/22/2008,13.6999,13.7,13.07,13.6,2200
12/23/2008,13,13,12.0601,12.5,7100
12/24/2008,12.5,12.6,12.4,12.4,3600
12/26/2008,12.51,12.75,12.51,12.75,800
12/29/2008,12.5,12.9,12.27,12.9,4000
12/30/2008,12.9,13.2299,12.4201,12.4201,1785
12/31/2008,12.43,12.59,12.3,12.59,9200
01/02/2009,12.6,13,12.5,13,14280
01/05/2009,13.5,14.49,13.25,14.39,5800
01/06/2009,14.3,15.4,14.25,15.4,24829
01/07/2009,14.5,15.3,14.5,14.85,15553
01/08/2009,15.25,15.25,14.6,14.6,43951
01/09/2009,15,15,14.6,14.85,13400
01/12/2009,15.35,15.95,15.35,15.5,3150
01/13/2009,15.5,15.5,15.5,15.5,100
01/14/2009,15.45,15.45,15.45,15.45,3100
01/15/2009,15.45,15.45,14,14.5,9700
01/16/2009,14.2,14.96,14.2,14.96,400
01/20/2009,14.69,14.69,14,14,3300
01/21/2009,14.75,14.9,14,14,4320
01/22/2009,14.69,14.69,14.69,14.69,100
01/26/2009,14.01,14.01,14.01,14.01,100
01/28/2009,14.47,14.7,14.47,14.7,5604
01/29/2009,14.7,14.7001,14.7,14.7,600
01/30/2009,14.2501,14.69,14,14.68,6500
02/02/2009,14.18,14.18,14,14,4800
02/03/2009,14,14.3,14,14.3,300
02/04/2009,14.1,14.59,14,14.59,600
02/05/2009,14,14.6,13.29,14.6,3000
02/06/2009,14.7,15.41,14.7,14.75,3300
02/09/2009,14.7,14.75,14.4,14.75,900
02/10/2009,14.7,14.7,14.25,14.25,1500
02/11/2009,14.15,14.25,14.15,14.25,400
02/12/2009,14.11,14.11,14.01,14.03,1700
02/13/2009,14.39,14.39,14.39,14.39,300
02/17/2009,14.4,14.4,14,14.01,1700
02/18/2009,14,14,14,14,600
02/19/2009,13.52,13.52,11.5,11.7,24100
02/20/2009,11.4,12.24,11.07,12.24,19150
02/23/2009,11.74,13.99,11.5,13.9,9700
02/24/2009,13.45,13.45,13,13.3,1400
02/25/2009,13.8,13.94,13.8,13.8,1800
02/26/2009,13.32,13.32,13.32,13.32,300
02/27/2009,13.5,13.5,13.5,13.5,100
03/02/2009,13.94,13.94,13.01,13.01,1300
03/03/2009,12.31,12.6,12.25,12.5,2800
03/04/2009,12,12,11.6,11.6,7600
03/05/2009,11.6,11.74,11.4,11.7,5000
03/06/2009,11.21,11.7,11.2,11.5,4900
03/09/2009,11.01,11.071,11.0011,11.01,850
03/10/2009,11,11.25,10.51,11.1,7210
03/11/2009,10.85,11.37,10.85,11.37,300
03/12/2009,11.8699,11.87,11.86,11.87,400
03/13/2009,12.37,12.37,12.25,12.25,870
03/16/2009,12.4,12.99,12.3,12.99,2400
03/17/2009,13.15,13.15,13.15,13.15,100
03/18/2009,12.68,12.7499,12.68,12.7499,200
03/19/2009,12.4,12.58,12.4,12.56,600
03/23/2009,12.7,13.7,12.7,13.7,1000
03/24/2009,14.02,14.05,14.02,14.05,200
03/25/2009,14.49,14.49,14,14,1700
03/26/2009,13.65,13.65,13,13,2400
03/27/2009,13.45,13.45,12.97,13.38,1200
03/31/2009,13.45,13.4501,13.43,13.43,625
04/01/2009,13.9299,15,11.99,12,261825
04/02/2009,12.2,12.24,11.85,11.9999,37500
04/03/2009,12,12.05,11.78,12,63300
04/06/2009,12.05,12.1,12,12,41950
04/07/2009,12.05,12.07,12,12.01,11100
04/08/2009,12.05,12.1,11.85,11.85,568150
04/09/2009,12,12.24,11.99,12.24,31250
04/13/2009,12.64,12.64,12.1,12.2,92400
04/14/2009,12.36,12.5,12.25,12.25,190115
04/15/2009,12.49,12.64,12.1,12.18,147300
04/16/2009,12.49,12.49,12.21,12.22,129350
04/17/2009,12.43,12.74,12.32,12.66,45750
04/20/2009,12.51,12.83,12.5,12.69,42725
04/21/2009,12.6,12.85,12.55,12.8,31248
04/22/2009,12.86,13.3,12.86,13.15,20300
04/23/2009,13.25,13.81,13.02,13.77,13480
04/24/2009,13.9,15.38,13.875,14.75,21200
04/27/2009,14.65,14.8,13.85,13.85,20300
04/28/2009,14.2501,14.95,14.25,14.26,1800
04/29/2009,14.51,14.52,14.51,14.52,1173
04/30/2009,14.98,15.095,13.99,14,45920
05/01/2009,14.54,14.57,14.54,14.55,2100
05/04/2009,15,15.25,14.64,15,7200
05/05/2009,14.66,14.66,13.91,14.24,120650
05/06/2009,14.3,15.32,14.3,15.1,12500
05/07/2009,15.2499,15.2499,14.51,14.51,2800
05/08/2009,14.5,15.51,14.5,15.45,9500
05/11/2009,15.45,15.45,15.4499,15.45,370029
05/12/2009,15.4,15.4,15.4,15.4,700
05/13/2009,15.4,15.62,15.14,15.62,4742
05/14/2009,15.45,15.6,15.15,15.35,9160
05/15/2009,15.45,15.6,15.45,15.6,1100
05/18/2009,15.628,15.628,15.49,15.5,18400
05/19/2009,15.5,15.59,15.49,15.4999,39200
05/20/2009,15.25,15.68,15.15,15.25,17854
05/21/2009,15.45,16.5,15.45,16.5,8900
05/22/2009,16.4,16.5,16.01,16.2,9725
05/26/2009,16,16.23,16,16,1400
05/27/2009,16.15,16.15,15.8101,15.85,14250
05/28/2009,15.72,16.01,15.6,15.95,7702
05/29/2009,15.95,16,15.9272,16,6500
06/01/2009,15.9,16.4399,15.9,16,25937
06/02/2009,16.1999,16.1999,15.27,16,75970
06/03/2009,16,16,15.95,16,4800
06/04/2009,16.2,16.2,15.75,15.75,49748
06/05/2009,16.01,16.01,16,16,10000
06/08/2009,14.75,15.86,14.75,15.55,389239
06/09/2009,15.51,15.63,15.5,15.59,46375
06/10/2009,16,16.25,15.96,16.1,24800
06/11/2009,15.95,16,15.9499,16,9600
06/12/2009,16,16.5,16,16.25,9880
06/15/2009,16.5,16.5,15.76,15.85,13500
06/16/2009,16.4,16.4,15.7001,16,5095
06/17/2009,16.1,16.15,16,16.05,10550
06/18/2009,16.49,16.49,16,16,15020
06/19/2009,16,16.2,16,16.1,15305
06/22/2009,16,16.1,15.7,15.7,7450
06/23/2009,15.91,15.91,15.7489,15.75,13800
06/24/2009,16.18,16.25,16.1,16.25,4575
06/25/2009,16.25,16.4999,16.08,16.1,4980
06/26/2009,16.0001,16.4,16.0001,16.4,3000
06/29/2009,16.2,16.2,16.2,16.2,6400
06/30/2009,16.14,16.14,16,16.05,4700
07/01/2009,16.05,16.1,15.74,16.02,16000
07/02/2009,16.05,16.1,16.02,16.04,13800
07/06/2009,16.2,16.2,15.71,16.09,20300
07/07/2009,16,16,15.74,15.75,41250
07/08/2009,15.6001,15.9,15.6001,15.9,7850
07/09/2009,15.92,15.95,15.65,15.79,10500
07/10/2009,16.09,16.38,15.9501,15.9501,6130
07/13/2009,16.25,16.25,16.2,16.25,10340
07/14/2009,16.23,16.25,16,16.2499,5730
07/15/2009,16.1201,16.4,16.12,16.37,21234
07/16/2009,16.3,16.3,16.1001,16.18,19000
07/17/2009,16.17,16.5,16.17,16.5,7925
07/20/2009,16.5,16.5,16.35,16.5,6095
07/21/2009,16.5,16.75,16.35,16.51,42420
07/22/2009,16.5,16.75,16.4999,16.75,6815
07/23/2009,16.8,17.05,16.75,17,16360
07/24/2009,17,17,16.73,17,17300
07/27/2009,17.22,17.24,16.994,17,20300
07/28/2009,17,17.02,16.99,17,35675
07/29/2009,17,17.35,17,17.1,17725
07/30/2009,17.49,18.65,17.3002,17.88,28995
07/31/2009,18,18.24,18,18.2,17990
08/03/2009,18.15,18.2,18.02,18.1,50430
08/04/2009,18.11,18.25,17.75,17.85,265340
08/05/2009,18.0899,18.93,18.0658,18.8,23483
08/06/2009,18.83,19.48,18.4501,19.13,12310
08/07/2009,19.2601,19.5,19.26,19.37,7471
08/10/2009,19.36,19.9799,19.36,19.82,11065
08/11/2009,19.8,19.906,19.13,19.13,22975
08/12/2009,19.22,19.5,19.08,19.13,25995
08/13/2009,19.19,19.738,19.04,19.18,16220
08/14/2009,19.2863,19.2863,18.93,19,52454
08/17/2009,18.59,19,18.16,18.6184,57700
08/18/2009,18.64,18.7,18.6,18.6,11235
08/19/2009,18.65,19,18.401,18.421,65650
08/20/2009,18.66,18.95,18.46,18.95,7669
08/21/2009,18.9,18.95,18.56,18.56,10125
08/24/2009,18.56,18.6,18.4,18.5,21695
08/25/2009,18.6,18.6,18.49,18.5,16320
08/26/2009,18.5,18.5,18.35,18.36,40930
08/27/2009,18.55,18.55,18.45,18.4992,5790
08/28/2009,18.54,18.9,18.54,18.85,2500
08/31/2009,18.83,19.94,18.57,19,12637
09/01/2009,19.8,19.81,18.9,19.04,20910
09/02/2009,18.95,19.45,18.4,18.7,12995
09/03/2009,18.56,19.3899,18.52,18.73,7000
09/04/2009,19.07,19.536,18.8,19.39,42050
09/08/2009,19.47,19.5,18.9,19,35200
09/09/2009,19,19.8,19,19.6601,9825
09/10/2009,19.78,19.85,19.34,19.6,20245
09/11/2009,19.4,19.4,19.12,19.2,11092
09/14/2009,19.2,19.73,19.2,19.64,25539
09/15/2009,19.85,19.85,19.35,19.64,21540
09/16/2009,19.618,19.65,19.4,19.6,17500
09/17/2009,19.75,19.75,19.4868,19.4868,16100
09/18/2009,19.7,19.73,19.6065,19.73,3250
09/21/2009,19.6,19.89,19.46,19.89,30700
09/22/2009,19.7,20,19.7,19.8,16770
09/23/2009,19.85,20.18,19.85,20.05,14800
09/24/2009,20.03,20.05,20,20.0499,1170
09/25/2009,20.1403,20.75,20,20.52,16625
09/28/2009,20.7,20.7,20.65,20.65,1400
09/29/2009,20.65,20.7,20.18,20.18,12150
09/30/2009,20.3,20.3,20.2999,20.2999,1550
10/01/2009,20.3,20.45,20.2,20.26,4450
10/02/2009,19.9253,20.29,19.9253,20.03,5600
10/05/2009,20.48,20.54,19.95,20,30825
10/06/2009,20.25,20.25,19.9,19.95,40870
10/07/2009,19.95,20,19.64,19.72,121770
10/08/2009,19.804,20.4,19.804,20.35,8550
10/09/2009,20.33,20.34,19.9001,20.15,3040
10/12/2009,19.98,20.29,19.98,20.06,3400
10/13/2009,20.25,20.25,19.8,19.8,69100
10/14/2009,19.9,20,19.81,19.81,24100
10/15/2009,19.87,19.87,19.75,19.86,21900
10/16/2009,19.82,20.1,19.82,20,5835
10/19/2009,19.95,20.04,19.91,19.95,9100
10/20/2009,19.95,20.15,19.94,20.15,6900
10/21/2009,20.17,20.17,19.92,19.95,2800
10/22/2009,19.94,20.18,19.9,20.18,12220
10/23/2009,20.2,20.39,20.17,20.35,13765
10/26/2009,20.7,20.7,20.41,20.48,5250
10/27/2009,20.6799,20.68,20.2692,20.5,3950
10/28/2009,20.3,20.5,20.08,20.08,7738
10/29/2009,20.4299,20.53,20.4299,20.5,10078
10/30/2009,20.75,20.75,20.1501,20.1501,8650
11/02/2009,20.3,20.55,20.3,20.5,3480
11/03/2009,20.0001,20.55,20.0001,20.55,5235
11/04/2009,20.54,20.65,20.5,20.52,8387
11/05/2009,20.63,20.7,20.5999,20.65,4975
11/06/2009,20.54,20.86,20.52,20.86,20194
11/09/2009,20.86,20.86,20.7,20.85,7979
11/10/2009,20.89,21.3,20.85,20.95,6565
11/11/2009,21.25,21.26,21.19,21.25,5400
11/12/2009,21,21.22,20.9999,21.17,5800
11/13/2009,21.25,21.5,21.1,21.3,6769
11/16/2009,21.4,21.83,21.2,21.4,8550
11/17/2009,21.7,21.89,21.64,21.89,9650
11/18/2009,21.98,21.98,21.47,21.5001,1710
11/19/2009,21.67,21.67,21.35,21.55,3100
11/20/2009,21.7,21.7,21.4101,21.4201,3265
11/23/2009,21.722,21.7295,21.7,21.7,3000
11/24/2009,21.61,21.71,21.53,21.6,4494
11/25/2009,21.73,22.51,21.715,22.35,13819
11/27/2009,22.2,22.25,22.01,22.25,8682
11/30/2009,22.25,22.5477,22.23,22.54,5300
12/01/2009,22.52,22.86,22.26,22.41,17140
12/02/2009,22.5,22.88,22.32,22.42,22363
12/03/2009,22.64,23.32,22.41,22.41,10266
12/04/2009,22.59,22.744,22.52,22.52,10199
12/07/2009,22.7,22.725,22.5,22.5,8290
12/08/2009,22.6,22.66,22.42,22.42,1500
12/09/2009,22.5499,22.69,22.46,22.69,3600
12/10/2009,22.56,22.66,22.5,22.5,9712
12/11/2009,22.03,22.27,22.03,22.27,5300
12/14/2009,22.37,22.37,22.35,22.35,1998
12/15/2009,22.2799,22.31,22.06,22.06,4322
12/16/2009,22.2,22.46,22.12,22.13,15630
12/17/2009,22.295,22.295,22.22,22.23,2549
12/18/2009,22.24,22.37,21.8,21.81,5533
12/21/2009,22.2399,22.2399,22.1899,22.1899,830
12/22/2009,22.18,22.18,22,22.14,2004
12/23/2009,22.13,22.2,22.13,22.18,3373
12/24/2009,22.2,22.25,22.2,22.25,1900
12/28/2009,22.25,22.25,21.25,22.08,217250
12/29/2009,22.25,22.25,22.0801,22.25,43422
12/30/2009,22.2476,22.2476,22.15,22.15,3500
12/31/2009,22.2,22.4,22.2,22.2,7037
01/04/2010,22.25,22.25,22.18,22.2,4165
01/05/2010,22.38,22.4,22.24,22.35,8383
01/06/2010,22.32,22.87,22.07,22.15,31059
01/07/2010,22.3,22.45,22.3,22.416,1868
01/08/2010,22.5,22.5,22.4,22.4,5161
01/11/2010,22.495,22.65,22.4801,22.5,2003
01/12/2010,22.5999,22.69,22.5,22.5,9845
01/13/2010,22.46,22.55,22.32,22.35,18200
01/14/2010,22.52,22.52,22.4,22.45,18150
01/15/2010,22.6699,22.6699,22.4,22.47,10075
01/19/2010,22.59,22.66,22.43,22.45,12677
01/20/2010,22.6,22.6,22.4,22.4,17057
01/21/2010,22.58,22.58,22.476,22.48,2134
01/22/2010,22.5,22.5,22.4,22.4799,9281
01/25/2010,22.44,22.55,22.3999,22.4,3500
01/26/2010,21.9,22.11,21.77,22,78653
01/27/2010,22.12,22.1999,22,22,9550
01/28/2010,22.21,22.21,22,22.095,9575
01/29/2010,22.06,22.4,22.06,22.14,4050
02/01/2010,22.38,22.39,22.16,22.39,7737
02/02/2010,22.38,22.39,22.34,22.35,1200
02/03/2010,22.25,22.5,22.25,22.42,7300
02/04/2010,22.4,22.4,22.25,22.35,4600
02/05/2010,22.16,22.48,22.01,22.13,6650
02/08/2010,22.5,22.5,22.15,22.15,8525
02/09/2010,22.4,22.4,21.94,21.95,20400
02/10/2010,22.01,22.14,21.75,21.95,19300
02/11/2010,22.22,22.26,22.22,22.25,4300
02/12/2010,22.35,22.49,22.22,22.22,4220
02/16/2010,22.45,22.45,22.34,22.39,6885
02/17/2010,22.45,22.49,22.43,22.49,12699
02/18/2010,22.471,22.49,22.452,22.49,3041
02/19/2010,22.49,22.7,22.474,22.5,22713
02/22/2010,22.7,22.72,22.5,22.6,11600
02/23/2010,22.74,22.74,22.35,22.67,8000
02/24/2010,22.69,22.69,22.6294,22.64,6095
02/25/2010,22.65,22.65,22.65,22.65,5175
02/26/2010,22.7001,22.97,22.585,22.65,15111
03/01/2010,22.86,22.86,22.61,22.78,6195
03/02/2010,22.78,22.9,22.76,22.78,12254
03/03/2010,22.9,23,22.79,22.82,5350
03/04/2010,22.89,22.9,22.77,22.77,6500
03/05/2010,22.89,22.99,22.83,22.9274,3909
03/08/2010,23,23,22.89,22.924,3600
03/09/2010,22.97,22.99,22.85,22.86,1900
03/10/2010,22.93,23.35,22.93,23.02,5326
03/11/2010,22.98,22.98,22.65,22.65,11300
03/12/2010,22.765,22.8,22.5701,22.8,700
03/15/2010,22.725,22.9,22.71,22.85,2600
03/16/2010,22.71,22.92,22.57,22.799,6931
03/17/2010,22.9,22.9,22.54,22.55,8370
03/18/2010,22.64,23.125,22.58,22.96,79991
03/19/2010,22.95,23.0999,22.82,23.0999,3591
03/22/2010,23.1,23.1,22.9,23.1,4525
03/23/2010,22.9201,23.32,22.9201,23.32,3600
03/24/2010,23.1,23.24,22.999,23.02,6220
03/25/2010,23.2,23.21,22.94,22.955,2700
03/26/2010,23.03,23.03,22.94,22.94,2500
03/29/2010,22.85,23.01,22.85,22.9,10520
03/30/2010,23,23.07,23,23.07,4600
03/31/2010,23.16,23.2,23.12,23.13,3200
04/01/2010,23.02,23.1,23,23,7656
04/05/2010,23,23.16,23,23.1299,4391
04/06/2010,23.14,23.36,23.105,23.2,9262
04/07/2010,23.255,23.255,23.0501,23.2,3280
04/08/2010,23.0001,23.2,23.0001,23.05,4700
04/09/2010,23.1,23.2093,22.93,23.15,10133
04/12/2010,23.24,23.3,23.2,23.29,18065
04/13/2010,23.35,23.38,23.08,23.265,21960
04/14/2010,23.32,23.32,23,23.04,16600
04/15/2010,23.15,23.169,23.05,23.16,3300
04/16/2010,23.16,23.25,23.11,23.25,4469
04/19/2010,23.1,23.25,23.099,23.235,7244
04/20/2010,23.26,23.35,23.17,23.35,12215
04/21/2010,23.17,23.45,23.17,23.29,7375
04/22/2010,23.37,23.4,23.3499,23.35,5440
04/23/2010,23.35,23.47,23.3332,23.3499,17036
04/26/2010,23.4,23.5,23.3955,23.48,5997
04/27/2010,23.41,23.4506,23.211,23.35,5969
04/28/2010,23.4,23.5,23.35,23.45,3677
04/29/2010,23.5,23.65,23.45,23.45,5648
04/30/2010,23.35,23.36,23.2,23.2,3150
05/03/2010,23.13,23.59,23.13,23.2001,4253
05/04/2010,23.48,23.575,23.2,23.43,5632
05/05/2010,23.27,23.27,22.85,22.97,11345
05/06/2010,22.8,23.05,22.7,22.71,20518
05/07/2010,22.71,23.035,22.71,22.9,5675
05/10/2010,23.14,23.67,23.14,23.39,4200
05/11/2010,23.25,23.25,23.17,23.17,1075
05/12/2010,23.215,23.52,23.2,23.2,1469
05/13/2010,23.215,23.69,22.75,23.27,102400
05/14/2010,23.2,23.25,23.1,23.18,3775
05/17/2010,23.37,23.37,22.8201,23,3819
05/18/2010,23.05,23.05,23,23,4090
05/19/2010,22.9,22.9,22.415,22.9,7160
05/20/2010,22.58,23,22.3,22.3,19526
05/21/2010,22.02,23,21.85,22.5,4300
05/24/2010,22.7,23.12,22.515,23.12,3137
05/25/2010,22.74,22.74,21.93,22.45,8780
05/26/2010,22.35,22.4799,22.06,22.08,10675
05/27/2010,22.39,22.701,22.39,22.6,17521
05/28/2010,22.64,22.64,22.35,22.6,3500
06/01/2010,22.6499,22.75,22.6,22.7,11500
06/02/2010,22.85,22.85,22.5,22.7,6200
06/03/2010,22.87,22.87,22.75,22.84,12010
06/04/2010,22.85,22.85,22.51,22.8,4576
06/07/2010,22.76,22.76,22.51,22.51,3175
06/08/2010,22.51,22.7,22.51,22.67,800
06/09/2010,22.63,22.79,22.63,22.65,5000
06/10/2010,22.686,22.99,22.61,22.99,17025
06/11/2010,22.35,22.49,22.3,22.3,13237
06/14/2010,22.21,22.34,22.08,22.2,9529
06/15/2010,22.16,22.37,22,22.2,67026
06/16/2010,22.15,22.19,22.14,22.15,2025
06/17/2010,22.245,22.27,22.235,22.24,608
06/18/2010,22.16,22.29,22.14,22.14,4150
06/21/2010,22.25,22.41,22.25,22.4,3250
06/22/2010,22.33,22.33,22.25,22.3,2537
06/23/2010,22.35,22.35,22.1,22.11,5052
06/24/2010,22.3,22.35,22.2,22.35,7925
06/25/2010,22.35,22.35,22.2999,22.3,1256
06/28/2010,22.34,22.35,22,22.08,5487
06/29/2010,22.11,22.2699,22.11,22.24,1950
06/30/2010,22.25,22.9997,22.25,22.5365,16077
07/01/2010,22.55,22.6,22.45,22.48,3725
07/02/2010,22.48,22.48,22.38,22.38,3690
07/06/2010,22.48,22.48,22.341,22.36,5036
07/07/2010,22.35,22.35,22.3,22.35,8346
07/08/2010,22.39,22.4,22.33,22.4,2300
07/09/2010,22.45,22.45,22.45,22.45,300
07/12/2010,22.44,22.45,22.31,22.31,11300
07/13/2010,22.375,22.48,22.375,22.48,1050
07/14/2010,22.47,22.7556,22.43,22.43,4260
07/15/2010,22.45,22.45,22.36,22.45,2126
07/16/2010,22.41,22.45,22.41,22.4499,1460
07/19/2010,22.45,22.48,22.413,22.413,1300
07/20/2010,22.46,22.5,22.46,22.5,7600
07/21/2010,22.67,22.67,22.41,22.47,8100
07/22/2010,22.49,22.67,22.49,22.5,6500
07/23/2010,22.45,22.5,22.26,22.3494,20785
07/26/2010,22.33,22.4399,22.31,22.3799,6941
07/27/2010,22.44,22.44,22.44,22.44,200
07/28/2010,22.38,22.5299,22.36,22.4,6641
07/29/2010,22.55,22.55,22,22.37,114481
07/30/2010,22.26,22.3,22.2,22.3,28950
08/02/2010,22.2,22.37,22.2,22.27,16650
08/03/2010,22.34,22.34,22.2,22.25,17350
08/04/2010,22.3,22.3,22.2,22.2499,27469
08/05/2010,22.28,22.28,22.17,22.17,18706
08/06/2010,22.25,22.28,22.1,22.279,59666
08/09/2010,22.3,22.37,22.2999,22.37,31550
08/10/2010,22.37,22.55,22.3,22.49,12110
08/11/2010,22.5,22.5,22.41,22.4501,8050
08/12/2010,22.35,22.499,22.25,22.47,30500
08/13/2010,22.47,22.48,22.4,22.45,14875
08/16/2010,22.48,22.48,22.05,22.4,111729
08/17/2010,22.4,22.45,22.32,22.4,25597
08/18/2010,22.13,22.48,22.13,22.45,50641
08/19/2010,22.7,22.7,22.3,22.4,60189
08/20/2010,22.35,22.48,22.3,22.4,24400
08/23/2010,22.44,22.47,22.35,22.38,40124
08/24/2010,22.4,22.4,22.2,22.37,118822
08/25/2010,22.37,22.48,22.35,22.4,23275
08/26/2010,22.46,22.48,22.27,22.41,31871
08/27/2010,22.48,22.55,22.45,22.54,18807
08/30/2010,22.5,22.58,22.4,22.55,50289
08/31/2010,22.55,22.58,22.5,22.55,59707
09/01/2010,22.55,22.8799,22.5,22.55,70926
09/02/2010,22.55,22.57,22.5,22.54,26054
09/03/2010,22.54,22.7201,22.54,22.68,27162
09/07/2010,22.6,22.745,22.45,22.65,264438
09/08/2010,22.7,22.75,22.65,22.75,51700
09/09/2010,22.8,22.97,22.7,22.8,66005
09/10/2010,22.8,23.6,22.6,23.6,429584
09/13/2010,22.7,22.85,22.5,22.85,177447
09/14/2010,22.85,22.88,22.7,22.75,173134
09/15/2010,22.83,22.83,22.7,22.75,67539
09/16/2010,22.75,22.87,22.7,22.84,67136
09/17/2010,22.85,22.85,22.7,22.84,98012
09/20/2010,22.83,23.452,22.75,23.4299,45074
09/21/2010,23.4,23.9,23.4,23.85,29507
09/22/2010,23.98,24,23.65,23.8899,16301
09/23/2010,23.85,24.27,23.8,24.25,16715
09/24/2010,24.19,24.25,24.1,24.244,29822
09/27/2010,24.3,24.3,23.73,23.99,13674
09/28/2010,24.03,24.38,24.01,24.38,16163
09/29/2010,24.33,24.38,24.07,24.305,13805
09/30/2010,24.2,24.33,24.2,24.2201,10342
10/01/2010,24.305,24.38,24.305,24.38,5325
10/04/2010,24.35,24.43,24.2595,24.36,13479
10/05/2010,24.413,24.43,24.34,24.35,14134
10/06/2010,24.35,24.55,24.34,24.53,14901
10/07/2010,24.4,24.5,24.4,24.5,9311
10/08/2010,24.5,24.55,24.04,24.28,25388
10/11/2010,24.25,24.55,24.25,24.55,13998
10/12/2010,24.5,24.7,24.25,24.7,14882
10/13/2010,24.56,24.56,24.32,24.36,16765
10/14/2010,24.45,24.53,24.37,24.44,8138
10/15/2010,24.3,24.3999,24.15,24.3,6094
10/18/2010,24.2,24.51,24.2,24.35,7832
10/19/2010,24.4,24.4,24.23,24.23,7383
10/20/2010,24.25,24.44,24.1601,24.1601,10582
10/21/2010,24.31,24.48,24.25,24.25,12460
10/22/2010,24.3,24.39,24.25,24.3,6301
10/25/2010,24.39,24.39,24.24,24.3,11029
10/26/2010,24.2,24.45,24.2,24.31,3620
10/27/2010,24.4,24.4399,24.02,24.4,8680
10/28/2010,24.44,24.44,24.03,24.15,21760
10/29/2010,24.295,24.295,24.15,24.25,1930
11/01/2010,24.28,24.439,24.265,24.39,2800
11/02/2010,24.25,24.25,24.15,24.19,920
11/03/2010,24.25,24.39,24.2,24.39,6825
11/04/2010,24.41,24.59,24.16,24.4,7536
11/05/2010,24.46,24.7,24.46,24.7,16877
11/08/2010,24.54,24.75,24.54,24.6,7228
11/09/2010,24.72,24.72,24.6,24.6,4100
11/10/2010,24.7,24.72,24.7,24.72,1726
11/11/2010,24.58,24.7,24.57,24.7,5725
11/12/2010,24.7,24.7,24.43,24.5,6825
11/15/2010,24.55,24.73,24.4501,24.485,11775
11/16/2010,24.5,24.615,24,24,18375
11/17/2010,24.1,24.5,24.1,24.49,4596
11/18/2010,24.49,24.74,24.49,24.73,2112
11/19/2010,24.61,24.73,24.575,24.73,8770
11/22/2010,24.6,24.7899,24.6,24.61,3350
11/23/2010,24.61,24.61,24.55,24.55,7360
11/24/2010,24.62,24.74,24.5,24.6,5522
11/26/2010,24.55,24.5501,24.55,24.5501,325
11/29/2010,24.52,24.62,24.32,24.5571,3754
11/30/2010,24.64,24.65,24.46,24.505,2351
12/01/2010,24.5,24.5,24.33,24.41,9351
12/02/2010,24.41,24.65,24.41,24.65,1506
12/03/2010,24.55,24.78,24.55,24.78,10961
12/06/2010,24.75,24.8,24.655,24.78,9009
12/07/2010,24.78,24.78,24.64,24.695,3110
12/08/2010,24.63,24.75,24.6,24.65,6375
12/09/2010,24.6296,24.6999,24.6,24.6999,5702
12/10/2010,24.7,24.8,24.58,24.8,10047
12/13/2010,24.42,24.43,24.35,24.35,4832
12/14/2010,24.24,24.48,24.21,24.48,1616
12/15/2010,24.12,24.6699,24.02,24.02,11325
12/16/2010,24.17,24.19,23.96,24.1,5541
12/17/2010,24.18,24.19,24.12,24.15,4978
12/20/2010,24.19,24.59,23.94,24.1,6834
12/21/2010,24.14,24.14,24.05,24.05,6769
12/22/2010,23.93,24.05,23.87,23.987,4579
12/23/2010,24,24,23.965,24,9981
12/27/2010,24.25,24.3,24,24,3742
12/28/2010,24,24.45,23.9,23.95,5743
12/29/2010,23.99,24.2,23.9,23.9825,4809
12/30/2010,24.12,24.28,24.03,24.05,2500
12/31/2010,24.1999,24.2,24.18,24.2,500
01/03/2011,24.28,24.29,23.82,23.82,30354
01/04/2011,24,24.17,23.88,23.95,7489
01/05/2011,24.09,24.09,23.9892,23.9892,3484
01/06/2011,24,24,23.89,23.9001,3875
01/07/2011,24,24.1799,23.95,24.03,79756
01/10/2011,24.06,24.06,23.85,23.85,11710
01/11/2011,23.9999,24,23.94,23.94,5271
01/12/2011,24,24,24,24,2000
01/13/2011,23.9,24,23.88,23.88,7825
01/14/2011,23.99,24,23.94,23.98,5150
01/18/2011,24,24,23.95,23.9999,2185
01/19/2011,24,24,23.9,24,6810
01/20/2011,24,24,23.97,24,4511
01/21/2011,24,24,23.99,24,5312
01/24/2011,23.95,24.03,23.95,24,7940
01/25/2011,24,24,23.98,23.98,5133
01/26/2011,24,24,23.95,23.98,8221
01/27/2011,23.95,23.99,23.9,23.9,14320
01/28/2011,24,24.17,23.83,23.945,21865
01/31/2011,23.93,24.17,23.85,24.0101,10329
02/01/2011,24,24,23.9,23.99,28204
02/02/2011,24.014,24.11,23.9966,24.11,14292
02/03/2011,24.1151,24.1151,23.99,24.08,17534
02/04/2011,24,24.07,23.93,24.0001,15552
02/07/2011,24.07,24.07,23.94,23.9601,10152
02/08/2011,24.07,24.07,23.9999,24.07,14252
02/09/2011,24.08,24.1,24.01,24.1,13930
02/10/2011,24.13,24.29,24.13,24.2613,7475
02/11/2011,24.29,24.57,24.25,24.485,34734
02/14/2011,24.54,24.75,24.51,24.74,5989
02/15/2011,24.72,24.82,24.65,24.795,9225
02/16/2011,24.7724,24.9,24.74,24.8,9793
02/17/2011,24.8,24.813,24.75,24.8,9338
02/18/2011,24.84,24.84,24.7,24.8,9459
02/22/2011,24.84,24.95,24.7371,24.8868,11017
02/23/2011,24.91,24.95,24.65,24.85,20470
02/24/2011,24.85,25,24.85,24.85,11210
02/25/2011,24.9432,25.071,24.9,25.071,5011
02/28/2011,25.05,25.1,25,25.0899,7688
03/01/2011,25.05,25.08,25,25,3522
03/02/2011,25,25.07,24.99,25,3604
03/03/2011,25.07,25.1,24.9552,25.1,8977
03/04/2011,25,25.04,25,25.02,4463
03/07/2011,25.1,25.1,25.04,25.082,5251
03/08/2011,25.05,25.1,25,25.045,125157
03/09/2011,25.05,25.05,25.04,25.05,15383
03/10/2011,25.05,25.1,25.0101,25.08,10748
03/11/2011,24.7,24.7,24.43,24.55,40227
03/14/2011,24.5,24.5,24.34,24.48,37288
03/15/2011,24.29,24.29,23.81,23.81,78582
03/16/2011,23.82,24.2,23,23.74,25039
03/17/2011,23.98,24.15,23.66,23.9,18175
03/18/2011,24.09,24.21,23.76,24.156,12225
03/21/2011,24.1,24.2799,23.82,24.09,521344
03/22/2011,24.19,24.19,23.95,24.06,7920
03/23/2011,24.05,24.05,24,24.05,17272
03/24/2011,24.17,24.17,24,24.05,4050
03/25/2011,24.05,24.23,24,24,13554
03/28/2011,24.1,24.1001,24,24.07,31955
03/29/2011,24,24.1,23.87,24.05,6540
03/30/2011,24.11,24.3,23.9601,24.29,14582
03/31/2011,24.34,24.37,24.22,24.37,6256
04/01/2011,24.4,24.5148,24.31,24.39,7545
04/04/2011,24.5,24.549,24.2701,24.46,8330
04/05/2011,24.39,24.46,24.34,24.3807,9937
04/06/2011,24.48,24.5,24.34,24.48,7334
04/07/2011,24.47,24.5,24.4,24.47,9784
04/08/2011,24.46,24.5,24.35,24.35,7750
04/11/2011,24.34,24.46,24.29,24.29,4528
04/12/2011,24.38,24.38,24.2692,24.3,4415
04/13/2011,24.3,24.37,24.27,24.3414,13544
04/14/2011,24.36,24.36,24.11,24.11,83650
04/15/2011,24.18,24.3781,24.1794,24.3781,81493
04/18/2011,24.35,24.57,24.23,24.25,73032
04/19/2011,24.22,24.3,24.18,24.18,8254
04/20/2011,24.2604,24.4,24.2001,24.3981,4010
04/21/2011,24.3532,24.4,24.35,24.4,6210
04/25/2011,24.43,24.92,24.41,24.84,12880
04/26/2011,24.75,25,24.69,24.74,17057
04/27/2011,24.63,24.85,24.6001,24.85,4968
04/28/2011,24.85,24.85,24.65,24.8399,22597
04/29/2011,24.98,24.9991,24.8,24.86,12614
05/02/2011,24.94,24.9999,24.8,24.85,15624
05/03/2011,24.9699,24.9699,24.69,24.6999,12851
05/04/2011,24.7889,24.85,24.6999,24.8,21894
05/05/2011,24.72,24.8,24.7,24.8,6055
05/06/2011,24.94,24.94,24.8,24.8,1900
05/09/2011,24.8,24.8,24.73,24.74,5214
05/10/2011,24.71,24.85,24.71,24.7815,8241
05/11/2011,24.92,25.13,24.87,24.88,8611
05/12/2011,25.0001,25.36,25,25.36,4110
05/13/2011,25.24,25.38,25,25.35,15825
05/16/2011,25.2301,25.24,24.99,25.09,2750
05/17/2011,25.0999,25.0999,24.92,24.92,6034
05/18/2011,25,25.14,24.99,24.99,2800
05/19/2011,25.13,25.381,25.02,25.36,6209
05/20/2011,25.16,25.3,25.16,25.3,4054
05/23/2011,25.35,25.37,25.29,25.29,3500
05/24/2011,25.32,25.39,25.22,25.37,9126
05/25/2011,25.37,25.4,25.27,25.4,5366
05/26/2011,25.29,25.35,25.23,25.29,6739
05/27/2011,25.3,25.3,25.26,25.2601,9806
05/31/2011,25.25,25.35,25.2,25.2,5441
06/01/2011,25.28,25.35,25.13,25.15,10620
06/02/2011,25.26,25.4,25.11,25.17,10655
06/03/2011,25.25,25.32,25.25,25.32,2077
06/06/2011,25.22,25.3,25.1401,25.21,5456
06/07/2011,25.25,25.39,25.25,25.39,3865
06/08/2011,25.22,25.3099,25.18,25.27,25329
06/09/2011,25.26,25.3,25.23,25.3,4865
06/10/2011,25.32,25.44,25.1901,25.2001,5280
06/13/2011,24.9,24.979,24.84,24.979,8180
06/14/2011,24.95,24.98,24.8,24.9,22010
06/15/2011,24.84,24.87,24.6717,24.7,9507
06/16/2011,24.7892,24.8894,24.49,24.56,6700
06/17/2011,24.64,24.79,24.55,24.6,5270
06/20/2011,24.6,24.72,24.5,24.5,8600
06/21/2011,24.58,24.74,24.58,24.67,2784
06/22/2011,24.58,24.8415,24.58,24.82,2715
06/23/2011,24.8099,24.8099,24.49,24.5,29101
06/24/2011,24.52,24.64,24.5,24.64,2300
06/27/2011,24.55,24.71,24.53,24.6799,5077
06/28/2011,24.72,24.8499,24.57,24.57,7510
06/29/2011,24.74,24.98,24.58,24.98,16432
06/30/2011,24.89,24.98,24.86,24.91,5679
07/01/2011,24.87,24.98,24.87,24.97,4340
07/05/2011,25,25.24,24.99,25.15,7516
07/06/2011,25.05,25.1,24.96,25,6422
07/07/2011,24.9899,25,24.9899,25,2870
07/08/2011,24.95,25.12,24.94,25.12,4364
07/11/2011,25.01,25.09,25,25.01,2525
07/12/2011,25.15,25.15,25,25.02,10950
07/13/2011,25.15,25.18,25.038,25.172,6896
07/14/2011,25.1764,25.18,25.05,25.1,4654
07/15/2011,25.17,25.17,25.1124,25.1124,1275
07/18/2011,25,25.17,25,25.1386,29140
07/19/2011,25.07,25.13,25.05,25.0501,9819
07/20/2011,25.1,25.18,25.098,25.18,4506
07/21/2011,25.14,25.15,25.06,25.12,7825
07/22/2011,25.17,25.17,25.04,25.0428,4913
07/25/2011,25.07,25.07,24.84,24.97,11283
07/26/2011,24.95,25.01,24.88,25,4372
07/27/2011,25,25,24.9,24.9,3129
07/28/2011,25.0001,25.07,24.87,24.87,4625
07/29/2011,24.9,24.92,24.75,24.9,6923
08/01/2011,24.87,24.9,24.85,24.9,3166
08/02/2011,25.05,25.07,24.9,24.91,10640
08/03/2011,24.9714,24.9714,24.8,24.81,13482
08/04/2011,24.86,24.87,24.4,24.4,11796
08/05/2011,24.37,24.55,23.81,24.1079,34208
08/08/2011,20.81,23.0001,20.57,22.88,76442
08/09/2011,23,24,23,23.45,33432
08/10/2011,23.68,23.75,23.38,23.75,19010
08/11/2011,23.75,24.69,23.5001,24.69,10304
08/12/2011,24.46,24.71,24.21,24.21,10418
08/15/2011,24.1759,24.5,24.1759,24.38,7073
08/16/2011,24.57,24.6565,24.3,24.4,20212
08/17/2011,24.36,24.7099,24.31,24.4,19040
08/18/2011,24.35,24.48,24.2,24.38,5557
08/19/2011,24.0701,24.63,24.0701,24.1,2828
08/22/2011,24.17,24.58,24.14,24.5665,2277
08/23/2011,24.53,24.53,24.29,24.29,4110
08/24/2011,24.45,24.45,24.27,24.27,6125
08/25/2011,24.36,24.41,24.16,24.38,8486
08/26/2011,24.46,24.68,24.21,24.21,10602
08/29/2011,24.35,24.9,24.35,24.75,5520
08/30/2011,24.62,24.98,24.5,24.9,8774
08/31/2011,24.89,25.15,24.89,25,17713
09/01/2011,24.92,24.95,24.77,24.93,2188
09/02/2011,24.8999,25.13,24.89,25.1,6022
09/06/2011,24.82,25.14,24.45,25.14,5018
09/07/2011,25.12,25.34,25.06,25.34,4307
09/08/2011,25.28,25.32,25.18,25.2,2675
09/09/2011,25.21,25.21,25.14,25.1925,7751
09/12/2011,25.14,25.19,25,25.19,2984
09/13/2011,24.93,24.93,24.63,24.676,4983
09/14/2011,24.71,24.73,24.68,24.7118,4166
09/15/2011,24.63,24.67,24.44,24.44,8872
09/16/2011,24.37,24.52,23.93,24.4,18549
09/19/2011,24.48,24.48,24.0369,24.4,11875
09/20/2011,24.43,24.59,24.39,24.44,1523
09/21/2011,24.51,24.62,24.49,24.49,3635
09/22/2011,24.5,24.5,24.25,24.25,14826
09/23/2011,24.3,24.35,24.25,24.35,6950
09/26/2011,24.3,24.3,24.15,24.21,3458
09/27/2011,24.35,24.35,24.02,24.14,39447
09/28/2011,24.05,24.39,24,24,6952
09/29/2011,24.1001,24.1001,24.1001,24.1001,600
09/30/2011,24.17,24.41,24.17,24.35,2650
10/03/2011,24.31,24.3801,24.05,24.1,5130
10/04/2011,24.06,24.3,24.05,24.1,13478
10/05/2011,24.29,24.7,24,24.516,22830
10/06/2011,24.68,24.94,24.57,24.86,35878
10/07/2011,24.7,24.74,24.61,24.61,2779
10/10/2011,24.48,24.5,24.25,24.3138,2425
10/11/2011,24.2634,24.6899,24.2634,24.3,3630
10/12/2011,24.33,24.59,24.25,24.43,5477
10/13/2011,24.5,24.55,24.32,24.55,10535
10/14/2011,24.48,24.79,24.48,24.79,1500
10/17/2011,24.79,24.85,24.55,24.66,5820
10/18/2011,24.65,24.75,24.451,24.75,6412
10/19/2011,24.71,24.72,24.61,24.72,1820
10/20/2011,24.6835,24.74,24.661,24.74,3750
10/21/2011,24.7112,24.75,24.66,24.75,4710
10/24/2011,24.71,24.82,24.69,24.7056,7423
10/25/2011,24.711,24.98,24.6598,24.75,4839
10/26/2011,24.7755,24.8,24.4,24.45,20931
10/27/2011,24.4,24.79,24.4,24.73,6252
10/28/2011,24.79,24.8,24.75,24.8,3570
10/31/2011,24.85,24.85,24.71,24.7433,7048
11/01/2011,24.7,24.8,24.7,24.8,5452
11/02/2011,24.85,24.98,24.8,24.95,4859
11/03/2011,24.85,24.95,24.76,24.95,4248
11/04/2011,24.94,24.95,24.9,24.91,3030
11/07/2011,24.9,24.9001,24.7,24.7,4957
11/08/2011,24.8,24.95,24.8,24.86,2841
11/09/2011,24.81,25.09,24.8,24.8,5893
11/10/2011,24.98,25.09,24.98,25,1766
11/11/2011,24.9,25,24.9,25,2500
11/14/2011,24.9,25.15,24.721,24.91,5349
11/15/2011,24.99,25.07,24.72,25.0465,11156
11/16/2011,24.9999,25.14,24.79,24.804,7082
11/17/2011,24.82,24.87,24.7,24.7,9966
11/18/2011,24.77,25.1099,24.7,24.7,5839
11/21/2011,24.72,24.79,24.7,24.79,5846
11/22/2011,24.63,24.83,24.63,24.7,4742
11/23/2011,24.59,24.7655,24.57,24.57,3297
11/25/2011,24.52,24.824,24.5,24.824,1757
11/28/2011,24.83,24.9799,24.69,24.942,5886
11/29/2011,24.75,24.9299,24.65,24.9299,7616
11/30/2011,24.73,24.9,24.73,24.81,7842
12/01/2011,24.82,24.95,24.82,24.95,1531
12/02/2011,25.0787,25.0787,25.04,25.05,1260
12/05/2011,25.09,25.25,25.05,25.05,9521
12/06/2011,25.05,25.1,25.05,25.06,1474
12/07/2011,25.06,25.1,25,25.1,5940
12/08/2011,25.01,25.15,24.98,25.15,6550
12/09/2011,25.03,25.14,25,25,14172
12/12/2011,25.08,25.09,24.899,24.9,7856
12/13/2011,24.56,24.64,24.3001,24.4,6300
12/14/2011,24.47,24.6,24.374,24.45,7511
12/15/2011,24.46,24.6864,24.2515,24.41,5475
12/16/2011,24.6199,24.65,24.5,24.51,2180
12/19/2011,24.45,24.6108,24.45,24.6108,2121
12/20/2011,24.6085,24.65,24.45,24.6299,6252
12/21/2011,24.59,24.64,24.59,24.64,1831
12/22/2011,24.61,24.67,24.55,24.67,6050
12/23/2011,24.6782,24.68,24.58,24.68,3937
12/27/2011,24.51,24.66,24.51,24.66,5719
12/28/2011,24.7,24.91,24.7,24.75,5941
12/29/2011,24.87,24.87,24.7,24.7,5560
12/30/2011,24.7001,24.74,24.7,24.74,1501
01/03/2012,24.69,24.89,24.47,24.71,27600
01/04/2012,24.7499,24.7499,24.51,24.58,22846
01/05/2012,24.57,24.65,24.57,24.65,11702
01/06/2012,24.74,24.786,24.68,24.75,6987
01/09/2012,24.8,24.94,24.6434,24.94,26305
01/10/2012,24.8699,24.94,24.76,24.86,4181
01/11/2012,24.93,25,24.93,24.9899,1266
01/12/2012,24.9187,24.93,24.75,24.87,3279
01/13/2012,24.9,24.99,24.9,24.94,3663
01/17/2012,24.82,24.93,24.811,24.86,3560
01/18/2012,24.8477,24.9,24.71,24.818,10885
01/19/2012,24.78,24.93,24.78,24.93,5195
01/20/2012,24.92,24.95,24.84,24.95,4667
01/23/2012,24.88,25.07,24.82,25.034,13268
01/24/2012,25,25.05,25,25.037,2046
01/25/2012,25,25.0999,25,25.0999,1981
01/26/2012,25,25.19,24.95,25.127,12505
01/27/2012,25.11,25.39,25.11,25.38,6544
01/30/2012,25.305,25.41,25.0805,25.41,3031
01/31/2012,25.23,25.41,25.2,25.4,11318
02/01/2012,25.32,25.33,25.15,25.33,7928
02/02/2012,25.39,25.74,25.39,25.59,17939
02/03/2012,25.62,25.62,25.41,25.42,5909
02/06/2012,25.41,25.41,25.1,25.3,7871
02/07/2012,25.33,25.33,24.95,25.03,10481
02/08/2012,25.0426,25.12,25,25.05,5387
02/09/2012,25.02,25.29,25.02,25.281,12698
02/10/2012,25.2,25.25,25.11,25.18,1636
02/13/2012,25.16,25.29,25,25.25,5528
02/14/2012,25.2,25.27,25.13,25.2564,8912
02/15/2012,25.28,25.6544,25.2417,25.615,8063
02/16/2012,25.5,25.57,25.25,25.559,7373
02/17/2012,25.55,25.66,25.45,25.6,21110
02/21/2012,25.72,25.92,25.4801,25.684,12199
02/22/2012,25.65,25.7,25.36,25.46,4812
02/23/2012,25.5,25.6399,25.5,25.5225,4658
02/24/2012,25.43,25.93,25.4,25.93,10045
02/27/2012,25.85,25.85,25.75,25.8,5900
02/28/2012,25.83,25.96,25.7,25.75,7196
02/29/2012,25.88,25.89,25.4,25.6,16559
03/01/2012,25.51,25.7,25.49,25.5,5494
03/02/2012,25.52,25.92,25.46,25.92,6433
03/05/2012,25.65,25.82,25.45,25.45,19891
03/06/2012,25.43,25.583,25.4,25.4,8958
03/07/2012,25.47,25.47,25.25,25.32,17078
03/08/2012,25.35,25.35,25.31,25.31,3495
03/09/2012,25.35,25.42,25.29,25.35,4251
03/12/2012,25.31,25.52,25.31,25.52,4691
03/13/2012,25.11,25.19,24.94,25.1899,11840
03/14/2012,25.19,25.2399,25.05,25.1,13308
03/15/2012,25.1,25.1999,25.05,25.0929,5490
03/16/2012,25.06,25.2152,25,25.2,6501
03/19/2012,25.2,25.25,25.2,25.242,3091
03/20/2012,25.14,25.2299,25.13,25.15,3254
03/21/2012,25.22,25.32,25.2083,25.32,4494
03/22/2012,25.21,25.46,25.12,25.43,10485
03/26/2012,25.44,25.81,25.23,25.25,9636
03/27/2012,25.3,25.7399,25.2,25.7399,5667
03/28/2012,25.52,25.7899,25.52,25.62,1515
03/29/2012,25.62,25.62,25.42,25.44,2678
03/30/2012,25.37,25.85,25.2,25.75,104456
04/02/2012,25.75,25.75,25.7012,25.7499,1770
04/03/2012,25.73,25.85,25.634,25.6762,71463
04/04/2012,25.6,25.62,25.43,25.51,24802
04/05/2012,25.5,25.51,25.4,25.4,7049
04/09/2012,25.47,25.5,25.2,25.23,9345
04/10/2012,25.25,25.312,25.23,25.23,12956
04/11/2012,25.23,25.3566,25.2,25.2,6022
04/12/2012,25.21,25.46,25.21,25.43,2840
04/13/2012,25.29,25.54,25.2501,25.39,17173
04/16/2012,25.43,25.6,25.352,25.5,34527
04/17/2012,25.47,25.7275,25.47,25.594,39547
04/18/2012,25.61,25.61,25.51,25.55,8740
04/19/2012,25.43,25.43,25.25,25.29,10340
04/20/2012,25.22,25.39,25.22,25.39,8043
04/23/2012,25.37,25.382,25.15,25.18,15514
04/24/2012,25.25,25.3,25.12,25.17,13055
04/25/2012,25.23,25.37,25.23,25.3246,6695
04/26/2012,25.33,25.43,25.329,25.34,7889
04/27/2012,25.3954,25.5,25.3954,25.49,2127
04/30/2012,25.4,25.5,25.4,25.42,3490
05/01/2012,25.31,25.56,25.3,25.39,3331
05/02/2012,25.48,25.5,25.42,25.436,2777
05/03/2012,25.34,25.75,25.34,25.39,25815
05/04/2012,25.51,25.51,25.48,25.48,2353
05/07/2012,25.4,25.5,25.4,25.5,3298
05/08/2012,25.5,25.5,25.49,25.5,3631
05/09/2012,25.4614,25.5,25.22,25.3,26173
05/10/2012,25.3699,25.3899,25.29,25.3899,4225
05/11/2012,25.26,25.409,25.26,25.26,3107
05/14/2012,25.26,25.37,25.26,25.366,3485
05/15/2012,25.29,25.38,25.28,25.28,1666
05/16/2012,25.3,25.36,25.3,25.36,3000
05/17/2012,25.3,25.31,25.18,25.2241,5548
05/18/2012,25.19,25.2199,24.76,24.87,8009
05/21/2012,24.9,25.25,24.9,25.25,4330
05/22/2012,25.24,25.25,25.24,25.25,2955
05/23/2012,25.48,25.53,25.334,25.42,2050
05/24/2012,25.56,25.59,25.5376,25.59,2912
05/25/2012,25.5,25.519,25.3908,25.4399,8507
05/29/2012,25.45,25.5599,25.38,25.42,6681
05/30/2012,25.51,25.55,25.43,25.55,3008
05/31/2012,25.44,25.55,25.4,25.55,3394
06/01/2012,25.46,25.56,25.45,25.56,2092
06/04/2012,25.55,25.592,25.5,25.56,2365
06/05/2012,25.57,25.6,25.57,25.6,1900
06/06/2012,25.52,25.65,25.47,25.63,2821
06/07/2012,25.52,25.65,25.51,25.65,5996
06/08/2012,25.81,25.81,25.75,25.79,3027
06/11/2012,25.75,25.8501,25.57,25.57,9276
06/12/2012,25.73,25.86,25.59,25.6,4384
06/13/2012,25.4,25.4901,25.32,25.34,3750
06/14/2012,25.33,25.47,25.33,25.4,4640
06/15/2012,25.36,25.55,25.32,25.36,5415
06/18/2012,25.38,25.4999,25.27,25.49,4170
06/19/2012,25.43,25.65,25.41,25.49,1674
06/20/2012,25.4639,25.59,25.4639,25.49,3825
06/21/2012,25.5711,25.612,25.5,25.612,4692
06/22/2012,25.68,25.6999,25.6189,25.6999,1145
06/25/2012,25.6,25.6,25.52,25.5446,1961
06/26/2012,25.5,25.6462,25.44,25.55,3811
06/27/2012,25.55,25.8,25.5195,25.8,3504
06/28/2012,25.82,25.846,25.63,25.78,1900
06/29/2012,25.79,25.82,25.69,25.69,2078
07/02/2012,25.72,25.9795,25.72,25.8401,5257
07/03/2012,25.9195,26,25.87,25.87,4162
07/05/2012,25.91,25.96,25.71,25.9,8491
07/06/2012,25.85,26,25.85,25.93,6657
07/09/2012,25.84,26,25.84,25.97,3727
07/10/2012,26,26.4199,25.93,25.93,12446
07/11/2012,25.96,25.98,25.9,25.9,6653
07/12/2012,25.87,26.1,25.7601,25.79,9126
07/13/2012,25.81,26.17,25.81,25.9822,20433
07/16/2012,26,26.2,25.98,26.2,7927
07/17/2012,26.22,26.5462,26.06,26.06,14132
07/18/2012,26.19,26.3,26.06,26.06,5241
07/19/2012,26.09,26.15,25.85,26.15,9841
07/20/2012,26,26.25,26,26.152,5975
07/23/2012,26.02,26.18,26.02,26.134,5848
07/24/2012,26.13,26.2,26,26.2,7718
07/25/2012,26.11,26.1309,25.75,26.05,36464
07/26/2012,25.96,26.25,25.8,26.22,18064
07/27/2012,26.29,26.29,26.06,26.0799,8639
07/30/2012,26.2,26.25,26.05,26.2008,3944
07/31/2012,26.29,26.4,26.17,26.17,8542
08/01/2012,26.13,26.22,25.99,26.1,17266
08/02/2012,26.12,26.17,26.06,26.17,2918
08/03/2012,26.11,26.37,26.05,26.35,12212
08/06/2012,26.2,26.55,26.2,26.37,5675
08/07/2012,26.31,26.46,26.11,26.24,11587
08/08/2012,26.22,26.7299,26.22,26.459,36878
08/09/2012,26.47,26.5,26.26,26.499,13882
08/10/2012,26.34,26.77,26.34,26.77,32171
08/13/2012,26.67,26.85,26.67,26.8,13791
08/14/2012,26.7,26.79,26.4705,26.79,10501
08/15/2012,26.7,26.87,26.32,26.85,30346
08/16/2012,26.57,26.82,26.524,26.82,5515
08/17/2012,26.85,26.88,26.73,26.83,7042
08/20/2012,26.76,26.7835,26.6,26.63,4813
08/21/2012,26.65,26.75,26.63,26.65,8938
08/22/2012,26.65,26.75,26.53,26.73,4166
08/23/2012,26.73,26.73,26.6101,26.62,2539
08/24/2012,26.6812,26.7899,26.6577,26.7899,2196
08/27/2012,26.7,26.72,26.64,26.67,1792
08/28/2012,26.69,26.815,26.69,26.69,10649
08/29/2012,26.743,26.8025,26.658,26.658,7442
08/30/2012,26.66,26.72,26.5,26.58,4375
08/31/2012,26.62,26.75,26.62,26.75,1639
09/04/2012,26.65,26.69,26.52,26.66,3843
09/05/2012,26.55,26.8093,26.55,26.8093,7772
09/06/2012,26.68,26.84,26.62,26.7,7197
09/07/2012,26.9299,26.9299,26.72,26.72,930
09/10/2012,26.73,26.95,26.73,26.76,5075
09/11/2012,26.9,26.9,26.56,26.71,5720
09/12/2012,26.29,26.41,26.29,26.35,1944
09/13/2012,26.41,26.5399,26.2775,26.28,4897
09/14/2012,26.4,26.5,26.4,26.5,4502
09/17/2012,26.42,26.76,26.36,26.6155,10927
09/18/2012,26.62,26.85,26.51,26.61,13925
09/19/2012,26.6386,26.809,26.6386,26.651,6530
09/20/2012,26.78,26.78,26.65,26.65,4459
09/21/2012,26.74,26.96,26.74,26.85,8845
09/24/2012,26.84,26.84,26.46,26.46,3544
09/25/2012,26.67,26.67,26.456,26.456,4750
09/26/2012,26.42,26.65,26.42,26.508,2527
09/27/2012,26.5955,26.67,26.5,26.6,3439
09/28/2012,26.68,26.94,26.66,26.93,6473
10/01/2012,26.98,26.98,26.821,26.9,4500
10/02/2012,26.85,26.9222,26.66,26.73,15872
10/03/2012,26.71,26.85,26.65,26.67,4499
10/04/2012,26.65,26.65,26.39,26.47,3479
10/05/2012,26.4899,26.66,26.46,26.47,1385
10/08/2012,26.41,26.6999,26.35,26.5214,3104
10/09/2012,26.61,26.72,26.53,26.72,9547
10/10/2012,26.58,26.69,26.58,26.66,1548
10/11/2012,26.843,26.843,26.63,26.73,3022
10/12/2012,26.7204,26.791,26.7,26.738,2047
10/15/2012,26.76,26.8494,26.74,26.75,5269
10/16/2012,26.75,26.93,26.661,26.93,1362
10/17/2012,26.75,27.19,26.63,26.8,12928
10/18/2012,26.74,26.83,26.72,26.81,4727
10/19/2012,26.79,26.83,26.79,26.79,3430
10/22/2012,26.8,26.9772,26.77,26.77,8985
10/23/2012,26.83,26.85,26.7235,26.77,4496
10/24/2012,26.84,26.85,26.71,26.74,2189
10/25/2012,26.67,26.77,26.66,26.715,3583
10/26/2012,26.69,26.7399,26.53,26.53,7891
10/31/2012,26.35,26.65,26.35,26.57,10844
11/01/2012,26.62,26.75,26.61,26.685,11120
11/02/2012,26.7599,26.77,26.7599,26.76,1120
11/05/2012,26.72,26.72,26.53,26.61,8375
11/06/2012,26.69,26.74,26.6,26.7,5095
11/07/2012,26.6,26.63,26.55,26.57,1725
11/08/2012,26.68,26.68,26.42,26.61,12784
11/09/2012,26.61,26.7799,26.46,26.75,12933
11/12/2012,26.74,26.74,26.6272,26.65,7143
11/13/2012,26.49,26.5632,26.47,26.5,2208
11/14/2012,26.47,26.51,26.41,26.476,4561
11/15/2012,26.34,26.34,25.97,25.97,9948
11/16/2012,26.26,26.46,26.1556,26.255,1481
11/19/2012,26.52,26.55,26.49,26.55,4117
11/20/2012,26.65,26.65,26.6,26.615,4349
11/21/2012,26.62,26.65,26.62,26.6345,1540
11/23/2012,26.65,26.65,26.62,26.65,2365
11/26/2012,26.65,26.91,26.65,26.84,3500
11/27/2012,26.8,26.83,26.6,26.6,3132
11/28/2012,26.701,26.71,26.575,26.6,4569
11/29/2012,26.68,26.72,26.55,26.56,3832
11/30/2012,26.64,26.64,26.5,26.5,9371
12/03/2012,26.57,26.6,26.4,26.4,6545
12/04/2012,26.4,26.46,26.38,26.4341,4639
12/05/2012,26.45,26.5,26.29,26.35,12526
12/06/2012,26.36,26.44,26.25,26.43,5696
12/07/2012,26.4,26.55,26.4,26.55,2604
12/10/2012,26.45,26.54,26.44,26.54,7849
12/11/2012,26.55,26.58,26.5,26.56,5092
12/12/2012,26.1,26.28,26.1,26.2599,7386
12/13/2012,26.34,26.34,26.2,26.2,3167
12/14/2012,26.11,26.236,26.11,26.206,3478
12/17/2012,26.13,26.21,25.94,25.94,8718
12/18/2012,26.07,26.2,25.82,25.95,3325
12/19/2012,25.97,26.25,25.97,26.24,10689
12/20/2012,26.16,26.16,25.91,26.133,5138
12/21/2012,26.13,26.3,26.13,26.3,9253
12/24/2012,26.45,26.45,26.11,26.11,717
12/26/2012,26.2,26.36,26.1901,26.228,2523
12/27/2012,26.2986,26.38,26.22,26.22,4544
12/28/2012,26.06,26.31,26.06,26.2717,1372
12/31/2012,26.3,26.35,26.25,26.25,13462
01/02/2013,26.39,26.95,26.3491,26.84,8095
01/03/2013,26.825,26.9,26.7814,26.9,2605
01/04/2013,26.94,26.94,26.77,26.92,4155
01/07/2013,26.93,27.1234,26.8,26.95,2080
01/08/2013,26.83,26.904,26.7301,26.81,5445
01/09/2013,26.73,26.93,26.73,26.8501,10015
01/10/2013,26.79,27.0099,26.79,26.9,5143
01/11/2013,26.87,26.95,26.84,26.8401,6531
01/14/2013,26.82,26.9,26.728,26.77,19089
01/15/2013,26.67,26.76,26.46,26.46,24954
01/16/2013,26.5,26.53,26.4786,26.4799,9217
01/17/2013,26.55,26.75,26.55,26.65,12810
01/18/2013,26.7,26.7,26.4031,26.4899,10342
01/22/2013,26.5283,26.65,26.476,26.65,9019
01/23/2013,26.59,26.75,26.59,26.743,7885
01/24/2013,26.78,26.78,26.61,26.7,7133
01/25/2013,26.707,26.78,26.6404,26.78,4380
01/28/2013,26.83,26.97,26.83,26.9096,4842
01/29/2013,26.79,26.9,26.79,26.88,3655
01/30/2013,26.8902,26.9602,26.88,26.95,2008
01/31/2013,26.92,26.98,26.82,26.98,3457
02/01/2013,26.8801,26.9922,26.8801,26.9922,3682
02/04/2013,26.93,26.98,26.79,26.98,11275
02/05/2013,27,27,26.88,26.89,69184
02/06/2013,26.97,26.97,26.88,26.97,5602
02/07/2013,26.85,26.963,26.85,26.9568,4268
02/08/2013,26.906,26.98,26.88,26.9598,3532
02/11/2013,26.9632,26.99,26.91,26.9799,4498
02/12/2013,26.929,27,26.92,26.96,8546
02/13/2013,27,27,26.9,26.92,4838
02/14/2013,26.86,27.03,26.86,27.03,3065
02/15/2013,26.951,27.01,26.89,27.01,6261
02/19/2013,27.01,27.03,26.87,26.92,3767
02/20/2013,26.95,26.99,26.95,26.9576,1464
02/21/2013,26.92,27.03,26.92,26.9627,4050
02/22/2013,27.01,27.09,26.96,26.96,7485
02/25/2013,27.05,27.06,26.97,27,2211
02/26/2013,26.91,27,26.91,27,4224
02/27/2013,26.9962,27.18,26.9601,27.15,3227
02/28/2013,27.16,27.24,27.13,27.2199,9925
03/01/2013,27.24,27.24,27.1,27.13,9640
03/04/2013,27.23,27.3,27.16,27.2,7356
03/05/2013,27.3,27.3,27.01,27.112,12582
03/06/2013,27.14,27.18,26.97,27.08,11085
03/07/2013,27.1104,27.1599,27.01,27.01,5972
03/08/2013,27.05,27.15,27.05,27.1499,6436
03/11/2013,27.23,27.29,27.23,27.29,3810
03/12/2013,27.17,27.31,27.17,27.3,14615
03/13/2013,26.84,26.95,26.8,26.9188,9470
03/14/2013,26.85,26.95,26.81,26.81,10553
03/15/2013,26.98,26.98,26.78,26.82,10223
03/18/2013,26.88,26.95,26.701,26.95,5929
03/19/2013,26.83,27.08,26.82,26.9,5897
03/20/2013,26.9,27.04,26.8,27.04,9984
03/21/2013,27.01,27.25,27.01,27.222,4593
03/22/2013,27.11,27.26,27.1,27.2,5364
03/25/2013,27.14,27.33,27.14,27.302,6842
03/26/2013,27.21,27.33,27.21,27.2201,1634
03/27/2013,27.2876,27.35,27.231,27.342,8350
03/28/2013,27.21,27.43,27.2,27.39,5028
04/01/2013,27.3412,27.5764,27.2988,27.5764,2905
04/02/2013,27.34,27.7899,27.34,27.7899,4349
04/03/2013,27.5,27.81,27.5,27.78,4937
04/04/2013,27.78,27.83,27.64,27.7686,3347
04/05/2013,27.62,27.77,27.62,27.75,1975
04/08/2013,27.79,27.79,27.56,27.56,5169
04/09/2013,27.62,27.68,27.4667,27.61,5108
04/10/2013,27.619,27.63,27.54,27.54,3414
04/11/2013,27.58,27.62,27.23,27.4309,6814
04/12/2013,27.473,27.6478,27.473,27.64,3237
04/15/2013,27.63,27.63,27.46,27.55,1974
04/16/2013,27.56,27.56,27.42,27.42,1399
04/17/2013,27.36,27.4488,27.34,27.4488,3136
04/18/2013,27.46,27.49,27.38,27.44,2821
04/19/2013,27.41,27.73,27.41,27.49,6143
04/22/2013,27.46,27.49,27.43,27.45,6404
04/23/2013,27.54,27.6,27.53,27.5914,2107
04/24/2013,27.52,27.63,27.42,27.63,7753
04/25/2013,27.53,27.5966,27.48,27.49,3319
04/26/2013,27.55,27.6,27.45,27.46,20699
04/29/2013,27.5234,27.5734,27.5,27.51,5412
04/30/2013,27.5,27.56,27.46,27.56,3433
05/01/2013,27.46,27.5201,27.448,27.5201,5860
05/02/2013,27.53,27.64,27.53,27.55,26604
05/03/2013,27.6,27.6,27.53,27.54,6781
05/06/2013,27.5808,27.59,27.52,27.53,14724
05/07/2013,27.57,27.75,27.52,27.75,6542
05/08/2013,27.6765,27.79,27.5756,27.63,63157
05/09/2013,27.74,27.74,27.574,27.58,4662
05/10/2013,27.56,27.56,27.44,27.46,57214
05/13/2013,27.4537,27.5108,27.44,27.4799,4154
05/14/2013,27.45,27.55,27.4383,27.4383,11017
05/15/2013,27.38,27.55,27.38,27.4488,4013
05/16/2013,27.48,27.52,27.37,27.45,37725
05/17/2013,27.42,27.5,27.38,27.41,4734
05/20/2013,27.4,27.52,27.4,27.4916,4179
05/21/2013,27.51,27.51,27.4015,27.45,12385
05/22/2013,27.461,27.65,27.37,27.3899,14518
05/23/2013,27.4,27.4,27.3,27.38,15474
05/24/2013,27.33,27.5399,27.33,27.4376,5257
05/28/2013,27.4601,27.7,27.4601,27.59,8688
05/29/2013,27.49,27.7,27.3701,27.3701,120146
05/30/2013,27.431,27.5,27.43,27.4596,5523
05/31/2013,27.42,27.55,27.2401,27.3431,8529
06/03/2013,27.4,27.4099,27.19,27.31,10236
06/04/2013,27.27,27.3808,27.2,27.22,3582
06/05/2013,27.38,27.44,27.16,27.27,15857
06/06/2013,27.35,27.4799,27.25,27.328,112033
06/07/2013,27.48,27.6502,27.3401,27.6502,9272
06/10/2013,27.47,27.57,27.44,27.45,7942
06/11/2013,27.32,27.45,27.13,27.2,17540
06/12/2013,26.73,26.88,26.28,26.35,22686
06/13/2013,26.25,26.87,26.03,26.87,16005
06/14/2013,26.84,26.84,26.561,26.832,3612
06/17/2013,26.35,26.89,26.35,26.89,5045
06/18/2013,26.66,26.84,26.65,26.84,12529
06/19/2013,26.81,26.81,26.501,26.69,2378
06/20/2013,26.35,26.36,25.9,26.15,21586
06/21/2013,26.34,26.51,25.87,26.25,12519
06/24/2013,25.7,25.9,25.6,25.85,13657
06/25/2013,25.86,26.25,25.67,25.7,19445
06/26/2013,25.8,26.15,25.749,25.98,22700
06/27/2013,26.26,26.47,26.1,26.1,9063
06/28/2013,26.26,26.8191,25.7,26.79,11156
07/01/2013,26.85,26.85,26.67,26.84,3784
07/02/2013,26.7942,26.84,26.5,26.56,3515
07/03/2013,26.4,26.9,26.32,26.74,5475
07/05/2013,26.49,26.49,26.27,26.432,9366
07/08/2013,26.57,26.66,26.431,26.66,3751
07/09/2013,26.56,26.71,26.4,26.62,3846
07/10/2013,26.41,26.72,26.36,26.67,8379
07/11/2013,26.7,26.737,26.4405,26.68,10047
07/12/2013,26.66,26.67,26.55,26.64,1443
07/15/2013,26.69,26.92,26.69,26.75,5490
07/16/2013,26.72,26.96,26.69,26.94,2920
07/17/2013,26.83,26.95,26.701,26.75,4136
07/18/2013,26.91,26.91,26.74,26.8,9336
07/19/2013,26.89,26.89,26.73,26.73,3108
07/22/2013,26.88,26.9972,26.7,26.95,4946
07/23/2013,26.82,27.1491,26.7901,26.97,4219
07/24/2013,26.87,26.99,26.72,26.97,8298
07/25/2013,26.8824,27.13,26.75,26.978,2844
07/26/2013,26.71,27.03,26.7,26.98,7509
07/29/2013,26.81,26.99,26.7,26.7,11140
07/30/2013,26.94,26.94,26.72,26.8,1350
07/31/2013,26.88,26.88,26.5,26.655,5100
08/01/2013,26.79,26.79,26.46,26.55,4731
08/02/2013,26.49,26.78,26.48,26.48,6403
08/05/2013,26.59,26.59,26.27,26.32,4415
08/06/2013,26.38,26.38,26.22,26.2501,4505
08/07/2013,26.21,26.36,26.14,26.1499,3299
08/08/2013,26.15,26.529,26.12,26.25,5015
08/09/2013,26.27,26.31,26.12,26.228,4234
08/12/2013,26.17,26.39,26.121,26.1601,3915
08/13/2013,26.29,26.34,26.055,26.11,2867
08/14/2013,26.21,26.21,25.85,25.99,6542
08/15/2013,25.7464,25.99,25.71,25.71,5674
08/16/2013,25.69,25.86,25.45,25.57,13643
08/19/2013,25.71,25.71,25.273,25.273,8466
08/20/2013,25.3,25.504,25.29,25.418,4029
08/21/2013,25.53,25.54,25.18,25.1901,8942
08/22/2013,25.16,25.55,25.16,25.45,10906
08/23/2013,25.58,25.7275,25.58,25.7199,5766
08/26/2013,25.79,26.1563,25.79,25.98,5638
08/27/2013,25.66,26.0668,25.66,25.97,4943
08/28/2013,26,26,25.7916,25.96,3038
08/29/2013,26,26.42,26,26.25,4237
08/30/2013,26.3877,26.3877,26.178,26.181,1820
09/03/2013,26.2,26.3,26.11,26.1101,3250
09/04/2013,26.07,26.28,26.07,26.2,6550
09/05/2013,26.18,26.43,26.1056,26.18,8630
09/06/2013,26.13,26.29,26,26,5019
09/09/2013,26,26.32,26,26.32,16240
09/10/2013,26.32,26.498,26.3168,26.46,7665
09/11/2013,26.17,26.2399,25.83,26.16,6089
09/12/2013,26.22,26.22,25.94,26.01,13010
09/13/2013,26.17,26.17,26.01,26.134,7867
09/16/2013,25.95,26.06,25.84,25.92,13200
09/17/2013,25.9,25.9,25.75,25.79,5031
09/18/2013,25.76,26.04,25.7,25.98,11811
09/19/2013,26,26,25.85,25.85,15402
09/20/2013,25.74,25.8791,25.66,25.69,15227
09/23/2013,25.79,25.8198,25.62,25.69,15319
09/24/2013,25.69,25.69,25.62,25.64,6618
09/25/2013,25.73,25.75,25.57,25.59,8871
09/26/2013,25.69,25.69,25.5801,25.6518,5536
09/27/2013,25.6794,25.68,25.5449,25.56,2729
09/30/2013,25.65,25.69,25.54,25.69,5222
10/01/2013,25.66,25.749,25.66,25.705,3097
10/02/2013,25.65,25.7699,25.65,25.751,3255
10/03/2013,25.85,25.89,25.7001,25.8701,5120
10/04/2013,25.7801,25.84,25.7801,25.8,2554
10/07/2013,25.74,25.86,25.71,25.73,6197
10/08/2013,25.7348,25.8,25.7,25.7,3524
10/09/2013,25.61,25.85,25.61,25.83,8688
10/10/2013,25.85,25.9477,25.8101,25.9378,4414
10/11/2013,25.95,25.9625,25.8701,25.935,2953
10/14/2013,25.8,25.98,25.8,25.92,5843
10/15/2013,25.9,25.98,25.8845,25.8932,2612
10/16/2013,25.84,25.98,25.65,25.688,16390
10/17/2013,25.79,25.84,25.72,25.7601,4865
10/18/2013,25.8515,25.98,25.85,25.8785,4477
10/21/2013,25.9778,25.9778,25.75,25.84,4126
10/22/2013,25.93,26.08,25.91,26.0085,5566
10/23/2013,26.1,26.12,25.97,26.12,3619
10/24/2013,26.24,26.24,25.96,26.15,4913
10/25/2013,26.19,26.19,26.0564,26.15,2649
10/28/2013,26.14,26.15,26.05,26.12,9698
10/29/2013,26.1,26.13,26.05,26.06,2128
10/30/2013,25.98,26.11,25.97,25.98,3591
10/31/2013,25.97,26.0999,25.97,26.01,2428
11/01/2013,26.09,26.09,25.9,25.9,2562
11/04/2013,26.0099,26.0099,25.74,25.9,4028
11/05/2013,25.9,25.9,25.7,25.7,8662
11/06/2013,25.76,25.84,25.68,25.77,3876
11/07/2013,25.67,25.76,25.57,25.58,6222
11/08/2013,25.58,25.61,25.529,25.58,3984
11/11/2013,25.5558,25.65,25.525,25.5915,3522
11/12/2013,25.58,25.58,25.35,25.46,8293
11/13/2013,25.31,25.49,25.31,25.4165,7252
11/14/2013,25.38,25.5319,25.38,25.42,8447
11/15/2013,25.5,25.56,25.5,25.56,4129
11/18/2013,25.72,25.72,25.424,25.4738,9982
11/19/2013,25.43,25.51,25.4,25.5,9376
11/20/2013,25.42,25.55,25.4,25.48,10976
11/21/2013,25.55,25.55,25.48,25.48,3411
11/22/2013,25.56,25.5699,25.5096,25.51,5346
11/25/2013,25.51,25.57,25.5,25.51,3907
11/26/2013,25.7,25.7,25.55,25.55,7368
11/27/2013,25.66,25.69,25.54,25.64,11302
11/29/2013,25.75,25.7885,25.6601,25.78,1658
12/02/2013,25.75,25.82,25.68,25.68,4793
12/03/2013,25.64,25.84,25.64,25.774,3539
12/04/2013,25.6896,25.76,25.68,25.71,13266
12/05/2013,25.7125,25.7499,25.66,25.67,17081
12/06/2013,25.67,25.85,25.67,25.74,6981
12/09/2013,25.67,26,25.67,25.8052,13462
12/10/2013,25.87,25.87,25.75,25.85,11960
12/11/2013,25.45,25.7,25.3899,25.69,18214
12/12/2013,25.56,25.69,25.4901,25.5501,9988
12/13/2013,25.48,25.7,25.48,25.679,7263
12/16/2013,25.56,25.6,25.4101,25.51,9075
12/17/2013,25.44,25.54,25.4201,25.48,8077
12/18/2013,25.57,25.57,25.46,25.46,7066
12/19/2013,25.39,25.44,25.36,25.4272,11220
12/20/2013,25.28,25.445,25.28,25.44,22891
12/23/2013,25.45,25.45,25.28,25.39,6466
12/24/2013,25.28,25.3531,25.27,25.28,4437
12/26/2013,25.29,25.348,25.24,25.26,6511
12/27/2013,25.3,25.3184,25.2,25.27,17638
12/30/2013,25.34,25.34,25.15,25.27,13262
12/31/2013,25.19,25.38,25.19,25.3,7705
01/02/2014,25.24,25.36,25.24,25.34,11450
01/03/2014,25.34,25.54,25.34,25.5,9990
01/06/2014,25.48,25.72,25.48,25.72,10593
01/07/2014,25.62,25.73,25.62,25.73,2861
01/08/2014,25.65,25.82,25.642,25.8099,4246
01/09/2014,25.72,25.87,25.71,25.87,9589
01/10/2014,25.66,25.86,25.66,25.82,13960
01/13/2014,25.77,25.8204,25.75,25.75,6392
01/14/2014,25.73,25.83,25.73,25.76,4115
01/15/2014,25.8155,25.84,25.76,25.7898,7263
01/16/2014,25.83,25.83,25.74,25.7601,5926
01/17/2014,25.7814,25.8599,25.7814,25.8,3625
01/21/2014,25.84,25.94,25.73,25.94,12079
01/22/2014,25.84,25.94,25.82,25.928,6396
01/23/2014,25.82,25.99,25.82,25.9412,10647
01/24/2014,25.98,25.98,25.88,25.91,12816
01/27/2014,25.94,26.0079,25.8801,25.8801,4825
01/28/2014,25.9686,25.97,25.91,25.94,1845
01/29/2014,25.9275,25.9275,25.7802,25.8479,8730
01/30/2014,25.8,25.936,25.78,25.93,4850
01/31/2014,25.958,25.958,25.72,25.78,13660
02/03/2014,25.66,25.73,25.63,25.6888,9647
02/04/2014,25.616,25.77,25.61,25.65,7686
02/05/2014,25.67,25.73,25.64,25.64,2523
02/06/2014,25.68,25.78,25.65,25.65,8834
02/07/2014,25.7031,25.7389,25.62,25.64,6603
02/10/2014,25.57,25.71,25.57,25.62,12731
02/11/2014,25.64,25.73,25.63,25.66,43982
02/12/2014,25.71,25.79,25.68,25.75,35458
02/13/2014,25.72,25.8399,25.7,25.8,17261
02/14/2014,25.79,25.85,25.7899,25.85,27410
02/18/2014,25.8,25.89,25.78,25.85,27299
02/19/2014,25.85,25.9599,25.8,25.89,32329
02/20/2014,25.8501,25.9152,25.7679,25.9,14410
02/21/2014,25.9099,25.9362,25.85,25.918,2641
02/24/2014,25.98,25.98,25.8907,25.91,2995
02/25/2014,25.8871,25.89,25.8,25.88,23715
02/26/2014,25.899,25.92,25.85,25.89,22836
02/27/2014,25.98,25.98,25.87,25.95,22374
02/28/2014,25.97,26.0108,25.88,25.96,42663
03/03/2014,25.907,26.03,25.907,26.03,4064
03/04/2014,25.93,26.08,25.93,26.02,6971
03/05/2014,26.09,26.09,25.92,26.02,27396
03/06/2014,25.94,26.05,25.94,26.03,25869
03/07/2014,25.96,25.98,25.9,25.97,17007
03/10/2014,25.98,26.04,25.9001,26.023,22363
03/11/2014,26,26.05,25.9301,26.05,27702
03/12/2014,25.77,25.77,25.6501,25.7004,14790
03/13/2014,25.9,25.9,25.69,25.7894,19592
03/14/2014,25.76,25.82,25.726,25.76,29192
03/17/2014,25.84,25.95,25.83,25.91,10398
03/18/2014,25.7901,26.09,25.78,26.03,20375
03/19/2014,26.03,26.0636,25.96,26,44756
03/20/2014,26,26.12,26,26.0294,29236
03/21/2014,26,26.07,25.87,25.9436,47170
03/24/2014,26.1,26.1,25.85,25.94,58107
03/25/2014,25.98,26.12,25.89,25.9,29274
03/26/2014,26.04,26.07,25.894,26,93379
03/27/2014,26.08,26.08,26,26,25921
03/28/2014,26.14,26.14,25.84,25.84,63937
03/31/2014,25.77,25.98,25.77,25.9399,33335
04/01/2014,25.98,25.98,25.89,25.93,41145
04/02/2014,26,26.02,25.8945,25.8945,20588
04/03/2014,25.86,25.9099,25.83,25.86,17202
04/04/2014,25.85,25.91,25.84,25.89,6074
04/07/2014,25.93,25.95,25.86,25.93,23665
04/08/2014,25.9,25.92,25.84,25.87,7059
04/09/2014,25.85,25.95,25.78,25.95,44840
04/10/2014,25.97,26.03,25.9193,26.02,16249
04/11/2014,25.9022,26.07,25.9022,26.07,3065
04/14/2014,26.16,26.17,25.95,25.99,16717
04/15/2014,26.05,26.08,25.97,26.0171,5403
04/16/2014,25.98,26.1,25.98,26.06,11221
04/17/2014,26.14,26.14,26.0136,26.05,9041
04/21/2014,26.06,26.16,26.02,26.07,42090
04/22/2014,26.08,26.1899,26.08,26.11,19694
04/23/2014,26.18,26.22,26,26.1,59363
04/24/2014,26.18,26.18,26.0201,26.109,7009
04/25/2014,26.05,26.22,26.05,26.2,10394
04/28/2014,26.29,26.29,26.16,26.2,4380
04/29/2014,26.25,26.41,26.211,26.36,17312
04/30/2014,26.43,26.43,26.28,26.2862,7456
05/01/2014,26.35,26.49,26.28,26.49,41505
05/02/2014,26.55,26.7,26.451,26.5588,44920
05/05/2014,26.449,26.729,26.44,26.7001,1330
05/06/2014,26.74,26.74,26.67,26.67,450
05/07/2014,26.688,26.92,26.61,26.86,55628
05/08/2014,26.8,26.86,26.78,26.8,5544
05/09/2014,26.76,27.04,26.75,26.96,15991
05/12/2014,27.09,27.09,26.851,26.9,897
05/13/2014,26.92,26.98,26.9,26.9,4463
05/14/2014,27.04,27.04,26.93,26.96,1677
05/15/2014,27.08,27.08,26.9,27.0532,7758
05/16/2014,27.08,27.11,26.96,27.0545,7883
05/19/2014,27.2,27.23,27.001,27.1,3970
05/20/2014,27.12,27.1401,27.12,27.12,1038
05/21/2014,27.19,27.19,27.02,27.02,3992
05/22/2014,27.16,27.16,27.08,27.15,3805
05/23/2014,27.2,27.2,27.08,27.14,5005
05/27/2014,27.1076,27.12,27.1,27.12,1780
05/28/2014,27.2,27.2,27.1,27.1,12101
05/29/2014,27.17,27.2,27.05,27.12,3811
05/30/2014,27.1107,27.16,27.1107,27.12,2867
06/02/2014,27.1,27.129,27.05,27.11,13506
06/03/2014,27.2,27.2,27.09,27.12,4301
06/04/2014,27.2,27.2,26.9,27.036,6038
06/05/2014,27.16,27.16,27.01,27.01,764
06/06/2014,27.05,27.13,26.95,27.0706,22115
06/09/2014,27.18,27.18,27,27,10166
06/10/2014,27.19,27.2,27.02,27.1,14151
06/11/2014,26.77,26.87,26.6855,26.87,5175
06/12/2014,26.85,27.0322,26.85,26.86,2668
06/13/2014,26.8101,26.97,26.81,26.81,924
06/16/2014,26.8401,26.8701,26.8401,26.8701,1356
06/17/2014,26.82,26.91,26.8,26.8305,25964
06/18/2014,26.95,27.02,26.87,26.889,22162
06/19/2014,27.01,27.09,26.82,26.85,2776
06/20/2014,26.98,26.98,26.8,26.91,4583
06/23/2014,26.83,26.9267,26.8101,26.8135,1729
06/24/2014,26.781,26.92,26.781,26.92,3058
06/25/2014,27.05,27.05,26.85,26.8734,2339
06/26/2014,26.97,27.05,26.63,26.63,11862
06/27/2014,26.69,26.7485,26.69,26.71,3851
06/30/2014,26.71,26.83,26.71,26.828,1242
07/01/2014,26.71,26.83,26.71,26.76,4165
07/02/2014,26.75,26.7724,26.71,26.7724,1570
07/03/2014,26.89,26.89,26.68,26.81,962
07/07/2014,26.85,26.85,26.64,26.64,4878
07/08/2014,26.76,26.76,26.69,26.69,1631
07/09/2014,26.74,26.84,26.74,26.84,1688
07/10/2014,26.83,26.99,26.81,26.84,12335
07/11/2014,26.91,26.92,26.8999,26.9106,5411
07/14/2014,26.88,26.96,26.88,26.9,5702
07/15/2014,26.8507,26.91,26.83,26.83,67316
07/16/2014,26.69,26.81,26.69,26.74,2497
07/17/2014,26.79,26.79,26.65,26.6504,1752
07/18/2014,26.73,26.73,26.7,26.7,200
07/21/2014,26.71,26.8,26.71,26.795,2630
07/22/2014,26.9,26.96,26.7511,26.79,15136
07/23/2014,26.75,26.85,26.75,26.84,1409
07/24/2014,26.88,26.88,26.75,26.75,2701
07/25/2014,26.75,26.7799,26.75,26.7799,400
07/28/2014,26.8,26.88,26.69,26.88,3175
07/29/2014,26.91,26.98,26.91,26.98,1306
07/30/2014,26.98,26.98,26.93,26.98,2246
07/31/2014,26.92,26.92,26.8,26.8,1453
08/01/2014,26.71,26.87,26.71,26.87,1629
08/04/2014,26.7,26.81,26.4148,26.6999,4730
08/05/2014,26.7,26.7,26.5,26.57,1415
08/06/2014,26.68,26.71,26.551,26.71,1646
08/07/2014,26.708,26.79,26.66,26.79,2095
08/08/2014,26.76,26.9,26.75,26.83,3999
08/11/2014,26.75,26.81,26.75,26.81,2286
08/12/2014,26.79,26.95,26.79,26.89,1803
08/13/2014,26.86,26.87,26.8385,26.87,2576
08/14/2014,26.946,26.9801,26.946,26.98,1023
08/15/2014,26.99,27,26.9749,26.984,1432
08/18/2014,26.98,27.0005,26.96,26.97,1255
08/19/2014,27.08,27.08,26.95,27.04,3285
08/20/2014,27.05,27.05,26.99,27.04,969
08/21/2014,27.09,27.09,26.99,27.05,3231
08/22/2014,27.03,27.03,26.97,27.0068,8124
08/25/2014,27.03,27.06,27,27.03,4329
08/26/2014,27,27.1,27,27.05,1481
08/27/2014,27.058,27.058,27.058,27.058,600
08/28/2014,26.96,27,26.8701,27,4305
08/29/2014,26.76,26.99,26.76,26.9502,2321
09/02/2014,26.94,26.94,26.83,26.912,3805
09/03/2014,26.9,26.9,26.86,26.87,1753
09/04/2014,26.96,26.96,26.79,26.79,15759
09/05/2014,26.92,27.0899,26.6139,27.056,35122
09/08/2014,27.1,27.32,26.77,26.92,26449
09/09/2014,26.82,27.1,26.77,26.93,11815
09/10/2014,27.03,27.03,26.85,26.92,10016
09/11/2014,26.5,26.5,25.87,26.33,58578
09/12/2014,26.33,26.41,26.3,26.36,34404
09/15/2014,26.46,26.53,26.32,26.43,19224
09/16/2014,26.3,26.5,26.2301,26.29,3597
09/17/2014,26.33,26.41,26.2632,26.27,11658
09/18/2014,26.14,26.322,26.14,26.24,11770
09/19/2014,26.29,26.37,26.23,26.37,5119
09/22/2014,26.25,26.39,26.2,26.251,7245
09/23/2014,26.36,26.4899,26.25,26.46,90531
09/24/2014,26.26,26.48,26.26,26.41,3697
09/25/2014,26.45,26.464,26.38,26.459,2793
09/26/2014,26.378,26.4,26.28,26.3824,969
09/29/2014,26.41,26.41,26.35,26.3501,400
09/30/2014,26.3601,26.42,26.349,26.42,1109
10/01/2014,26.43,26.802,26.43,26.5785,13451
10/02/2014,26.64,26.64,26.5699,26.6,1378
10/03/2014,26.63,26.7,26.6297,26.6556,3000
10/06/2014,26.6082,27,26.6082,26.89,13495
10/07/2014,26.87,27.1895,26.8653,26.94,6117
10/08/2014,26.94,27.06,26.92,27.05,8552
10/09/2014,26.94,27.05,26.94,27,11167
10/10/2014,27,27.11,26.96,27.04,8496
10/13/2014,27.09,27.11,27,27.11,2595
10/14/2014,26.98,27.1663,26.838,26.9654,3808
10/15/2014,26.98,26.98,26.82,26.9499,908
10/16/2014,26.92,27,26.87,26.9092,5171
10/17/2014,26.9,27.07,26.9,27.03,1400
10/20/2014,27.0599,27.07,27.0399,27.07,1570
10/21/2014,26.99,27.07,26.99,27.07,3923
10/22/2014,27.07,27.07,27.0001,27.07,1493
10/23/2014,27.1,27.1,26.91,26.98,2353
10/24/2014,26.91,26.95,26.7791,26.8899,2943
10/27/2014,26.9699,26.9699,26.86,26.86,6186
10/28/2014,26.94,27.05,26.86,26.86,3895
10/29/2014,26.95,27.03,26.87,26.951,5389
10/30/2014,26.97,26.97,26.91,26.92,1250
10/31/2014,26.9744,26.98,26.93,26.93,1477
11/03/2014,26.921,27.03,26.9091,26.99,5148
11/04/2014,26.94,27.29,26.94,27.164,11506
11/05/2014,27.24,27.24,27.08,27.189,7577
11/06/2014,27.23,27.3399,27.19,27.2067,2599
11/07/2014,27.3699,27.37,27.123,27.15,5113
11/10/2014,27.1,27.2108,27.1,27.16,1229
11/11/2014,27.18,27.19,27.14,27.17,1851
11/12/2014,27.1,27.16,27.1,27.16,1705
11/13/2014,27.16,27.19,27.1584,27.17,8050
11/14/2014,27.26,27.26,27.16,27.16,1590
11/17/2014,27.23,27.37,27.22,27.29,1628
11/18/2014,27.3,27.34,27.23,27.25,2274
11/19/2014,27.32,27.3823,27.19,27.3349,10086
11/20/2014,27.4099,27.4099,27.271,27.271,2178
11/21/2014,27.29,27.47,27.29,27.38,6545
11/24/2014,27.47,27.51,27.47,27.51,347
11/25/2014,27.67,27.67,27.4001,27.5,862
11/26/2014,27.5,27.67,27.4501,27.59,3135
11/28/2014,27.51,27.76,27.51,27.76,2125
12/01/2014,27.69,27.75,27.67,27.74,2264
12/02/2014,27.3,27.46,27.3,27.38,53630
12/03/2014,27.4,27.4,27.321,27.3841,5713
12/04/2014,27.35,27.35,27.17,27.21,6416
12/05/2014,27.1499,27.542,27.1499,27.34,10037
12/08/2014,27.44,27.72,26.5,27.1,18015
12/09/2014,27.01,27.2299,26.65,26.9999,12067
12/10/2014,27.0999,27.0999,26.29,26.6,29858
12/11/2014,26.25,26.45,26.0817,26.44,5200
12/12/2014,26.31,26.3985,26.18,26.24,14178
12/15/2014,26.25,26.3,26.17,26.232,7645
12/16/2014,26.14,26.2199,26.11,26.11,3429
12/17/2014,26.12,26.12,25.6586,25.9848,11733
12/18/2014,26.15,26.15,25.59,25.9,18005
12/19/2014,25.9,25.97,25.78,25.8,10501
12/22/2014,25.8001,25.92,25.8,25.9,17570
12/23/2014,25.84,25.85,25.72,25.8,16625
12/24/2014,25.8,25.85,25.755,25.839,9686
12/26/2014,25.8,25.885,25.731,25.86,10147
12/29/2014,25.97,25.97,25.85,25.9042,6926
12/30/2014,25.97,26.1599,25.9213,26.1599,7477
12/31/2014,26.08,26.24,26.08,26.17,6758
01/02/2015,26.11,26.26,26.05,26.17,8681
01/05/2015,26.2,26.26,25.75,25.89,129658
01/06/2015,25.97,26,25.89,25.9,14422
01/07/2015,25.98,26.07,25.94,25.98,33019
01/08/2015,26,26.1,25.97,26.08,32743
01/09/2015,26.12,26.2199,26.04,26.04,21747
01/12/2015,26.04,26.06,25.99,26.02,38263
01/13/2015,25.98,26.05,25.88,26.01,35165
01/14/2015,26,26.04,25.9943,26.01,6917
01/15/2015,26.019,26.04,25.98,26,11318
01/16/2015,26,26.06,25.91,25.97,39352
01/20/2015,26.01,26.23,26.01,26.15,24742
01/21/2015,26.29,26.33,26.2,26.28,8563
01/22/2015,26.3,26.3,26.15,26.21,7801
01/23/2015,26.29,26.29,26.21,26.2352,9918
01/26/2015,26.29,26.29,26.2404,26.2596,6932
01/27/2015,26.24,26.43,26.24,26.29,29089
01/28/2015,26.36,26.4,26.2971,26.36,2081
01/29/2015,26.32,26.44,26.32,26.44,5344
01/30/2015,26.51,26.54,26.35,26.51,5524
02/02/2015,26.46,26.63,26.46,26.55,5848
02/03/2015,26.5159,26.55,26.43,26.475,7771
02/04/2015,26.4,26.48,26.36,26.43,7569
02/05/2015,26.37,26.47,26.3101,26.41,6366
02/06/2015,26.47,26.47,26.29,26.42,6963
02/09/2015,26.4,26.44,26.36,26.44,4095
02/10/2015,26.41,26.44,26.35,26.43,5574
02/11/2015,26.46,26.56,26.407,26.47,3960
02/12/2015,26.45,26.53,26.4301,26.4301,3667
02/13/2015,26.52,26.6,26.34,26.34,26002
02/17/2015,26.43,26.44,26.28,26.28,3323
02/18/2015,26.28,26.28,26.15,26.22,8969
02/19/2015,26.25,26.34,26.25,26.29,6251
02/20/2015,26.3,26.35,26.27,26.3,13465
02/23/2015,26.35,26.41,26.32,26.41,8077
02/24/2015,26.32,26.47,26.32,26.4396,7188
02/25/2015,26.371,26.49,26.371,26.47,13666
02/26/2015,26.48,26.48,26.444,26.47,3604
02/27/2015,26.49,26.56,26.4632,26.5,91687
03/02/2015,26.59,26.59,26.5,26.5,6456
03/03/2015,26.55,26.56,26.47,26.48,13858
03/04/2015,26.49,26.74,26.49,26.74,24660
03/05/2015,26.73,26.8,26.6601,26.72,8472
03/06/2015,26.6,26.6,26.41,26.43,4787
03/09/2015,26.42,26.42,26.3,26.38,8656
03/10/2015,26.35,26.35,26.2,26.27,28953
03/11/2015,25.9,25.97,25.8104,25.9,15515
03/12/2015,25.98,25.99,25.87,25.9,13780
03/13/2015,25.92,25.92,25.81,25.8918,18882
03/16/2015,25.94,25.96,25.88,25.88,31706
03/17/2015,25.84,26.07,25.84,25.935,27630
03/18/2015,25.97,26.12,25.9401,25.97,50353
03/19/2015,26.05,26.13,25.99,25.99,8093
03/20/2015,26.02,26.11,26.01,26.03,50330
03/23/2015,26.08,26.12,25.94,26.06,73290
03/24/2015,26,26.17,25.988,26.17,9913
03/25/2015,26.1439,26.1999,26.1,26.15,4566
03/26/2015,26.16,26.19,26.05,26.18,3945
03/27/2015,26.162,26.18,26.1,26.128,1220
03/30/2015,26.13,26.22,26.1108,26.22,5407
03/31/2015,26.2016,26.22,26.15,26.15,7258
04/01/2015,26.13,26.2,26.1,26.1887,2676
04/02/2015,26.175,26.2771,26.1501,26.2,20054
04/06/2015,26.24,26.24,26.14,26.15,2495
04/07/2015,26.15,26.1768,26.0703,26.121,2934
04/08/2015,26.0786,26.13,25.96,25.9999,13037
04/09/2015,26.02,26.1096,26.02,26.06,41595
04/10/2015,26.09,26.17,26.04,26.15,11384
04/13/2015,26.22,26.22,26.11,26.134,2261
04/14/2015,26.09,26.21,26.09,26.14,12322
04/15/2015,26.14,26.23,26.14,26.21,11595
04/16/2015,26.23,26.34,26.15,26.19,33420
04/17/2015,26.16,26.25,26,26.1995,5062
04/20/2015,26.091,26.2,26.091,26.1238,8633
04/21/2015,26.13,26.22,26.13,26.17,8699
04/22/2015,26.17,26.2091,26.1258,26.19,4354
04/23/2015,26.19,26.27,26.19,26.21,4228
04/24/2015,26.28,26.28,26.249,26.27,5578
04/27/2015,26.22,26.3493,26.22,26.3,6381
04/28/2015,26.25,26.37,26.25,26.3166,7293
04/29/2015,26.3,26.359,26.2608,26.27,32391
04/30/2015,26.29,26.34,26.17,26.25,28813
05/01/2015,26.3,26.33,26.234,26.2904,6072
05/04/2015,26.27,26.29,26.21,26.27,16823
05/05/2015,26.3093,26.3093,26.05,26.25,5257
05/06/2015,26.18,26.24,26.12,26.174,4600
05/07/2015,26.16,26.16,26.0755,26.1,5035
05/08/2015,26.05,26.14,26.05,26.1,21951
05/11/2015,26.06,26.1,25.91,25.9972,8488
05/12/2015,25.98,26.149,25.97,26.016,12471
05/13/2015,26.06,26.1,25.9,26,31983
05/14/2015,26.15,26.15,25.96,26.01,41712
05/15/2015,26,26.01,25.93,25.9501,13804
05/18/2015,25.98,26.09,25.98,26.036,8349
05/19/2015,25.97,26.07,25.94,25.9909,16624
05/20/2015,26.02,26.06,26,26,19666
05/21/2015,26.125,26.125,26,26.05,28037
05/22/2015,26,26.14,26,26.09,13306
05/26/2015,26.02,26.09,25.99,25.99,12238
05/27/2015,26,26.06,26,26.03,11610
05/28/2015,26.06,26.06,26.0043,26.0043,2918
05/29/2015,25.9926,26.0792,25.99,26,14722
06/01/2015,26,26.07,25.9501,25.9501,9996
06/02/2015,25.89,26.19,25.89,26.19,7649
06/03/2015,26.11,26.11,26.035,26.05,28562
06/04/2015,26.06,26.07,26,26,7220
06/05/2015,26.07,26.11,26.06,26.11,6108
06/08/2015,26.12,26.15,26.08,26.09,30181
06/09/2015,26.19,26.19,25.98,25.9978,11757
06/10/2015,26.04,26.08,26.0296,26.04,8351
06/11/2015,25.71,25.83,25.63,25.73,15638
06/12/2015,25.76,25.7899,25.64,25.6455,13296
06/15/2015,25.67,25.67,25.52,25.56,13639
06/16/2015,25.64,25.64,25.51,25.54,16051
06/17/2015,25.59,25.65,25.52,25.55,32684
06/18/2015,25.6,25.63,25.5,25.5499,5742
06/19/2015,25.54,25.63,25.51,25.55,17395
06/22/2015,25.62,25.62,25.5201,25.56,18227
06/23/2015,25.57,25.65,25.53,25.549,19526
06/24/2015,25.5801,25.63,25.5,25.54,13688
06/25/2015,25.51,25.55,25.51,25.55,4597
06/26/2015,25.6,25.7199,25.5,25.5725,19043
06/29/2015,25.46,25.7,25.46,25.5499,38300
06/30/2015,25.5701,25.71,25.5,25.55,51909
07/01/2015,25.58,25.78,25.56,25.6,96354
07/02/2015,25.6201,25.78,25.6,25.7201,38388
07/06/2015,25.74,25.8899,25.73,25.88,14840
07/07/2015,25.94,25.95,25.85,25.94,8622
07/08/2015,25.98,25.99,25.79,25.93,10745
07/09/2015,25.94,25.94,25.87,25.89,8912
07/10/2015,25.94,25.94,25.86,25.94,5047
07/13/2015,25.89,25.93,25.78,25.8199,20544
07/14/2015,25.87,26,25.85,25.93,52922
07/15/2015,25.8607,26.08,25.85,26.08,51889
07/16/2015,26.0384,26.17,26.0384,26.14,31930
07/17/2015,26.17,26.22,26.05,26.2,21637
07/20/2015,26.07,26.2,26.07,26.16,11548
07/21/2015,26.04,26.31,26.04,26.26,16031
07/22/2015,26.47,26.47,26.2,26.27,4881
07/23/2015,26.22,26.45,26.08,26.2522,7987
07/24/2015,26.37,26.37,26.18,26.19,10024
07/27/2015,26.13,26.21,26.06,26.11,5643
07/28/2015,26.154,26.25,26.12,26.21,11380
07/29/2015,26.21,26.25,26.2065,26.25,1269
07/30/2015,26.1807,26.28,26.1807,26.28,3452
07/31/2015,26.16,26.31,26.15,26.25,2174
08/03/2015,26.2,26.35,26.18,26.25,4686
08/04/2015,26.14,26.32,26.14,26.32,6710
08/05/2015,26.21,26.2818,26.21,26.2596,5291
08/06/2015,26.18,26.33,26.18,26.32,4240
08/07/2015,26.3,26.35,26.2732,26.31,2652
08/10/2015,26.3,26.35,26.25,26.32,8942
08/11/2015,26.2876,26.35,26.2701,26.31,5178
08/12/2015,26.33,26.33,26.285,26.291,6465
08/13/2015,26.25,26.3199,26.25,26.25,27510
08/14/2015,26.21,26.3,26.21,26.29,6930
08/17/2015,26.2631,26.31,26.2631,26.31,2662
08/18/2015,26.31,26.31,26.25,26.2501,5302
08/19/2015,26.25,26.29,26.19,26.22,6112
08/20/2015,26.2201,26.26,26.22,26.22,2676
08/21/2015,26.07,26.2299,26.06,26.14,4482
08/24/2015,26.03,26.03,25.84,25.93,5090
08/25/2015,25.97,26.1299,25.78,26.07,2137
08/26/2015,26.06,26.0798,25.95,26.0184,3449
08/27/2015,26.17,26.3,26.0501,26.2301,16456
08/28/2015,26.29,26.31,26.232,26.3,11140
08/31/2015,26.3475,26.3475,26.2601,26.2899,7686
09/01/2015,26.26,26.27,26.18,26.2499,7890
09/02/2015,26.27,26.35,26.25,26.3,11829
09/03/2015,26.301,26.301,26.27,26.29,7565
09/04/2015,26.321,26.3239,26.2735,26.3,9515
09/08/2015,26.35,26.35,26.27,26.283,9888
09/09/2015,26.35,26.37,26.3364,26.37,16267
09/10/2015,26.373,26.39,26.3,26.37,15031
09/11/2015,26,26.2299,26,26.1231,6532
09/14/2015,26.13,26.13,26.02,26.13,14900
09/15/2015,26.24,26.24,26.2103,26.2268,2890
09/16/2015,26.2,26.4,26.2,26.4,8427
09/17/2015,26.34,26.375,26.2512,26.3425,7614
09/18/2015,26.27,26.46,26.27,26.44,103456
09/21/2015,26.39,26.41,26.3,26.3,18717
09/22/2015,26.23,26.33,26.23,26.3,10749
09/23/2015,26.3348,26.3348,26.18,26.1852,6930
09/24/2015,26.11,26.192,25.99,25.99,10643
09/25/2015,25.96,26.04,25.91,26,6273
09/28/2015,26.0196,26.0196,25.94,26,7438
09/29/2015,26,26.0199,26,26.0111,6445
09/30/2015,25.31,25.96,24.9,25.918,4915
10/01/2015,25.9,25.94,25.9,25.92,2122
10/02/2015,25.92,25.92,25.53,25.79,7502
10/05/2015,25.83,25.96,25.83,25.93,6047
10/06/2015,25.94,25.94,25.8536,25.88,5817
10/07/2015,25.9,25.98,25.89,25.89,10144
10/08/2015,25.89,25.9,25.63,25.68,16930
10/09/2015,25.7001,25.727,25.5,25.56,14494
10/12/2015,25.61,25.61,25.28,25.39,24360
10/13/2015,25.42,25.6799,25.19,25.2,20384
10/14/2015,25.2276,25.239,24.9558,25,31486
10/15/2015,25,25,24.63,24.76,86926
10/16/2015,24.71,24.93,24.59,24.66,75327
10/19/2015,24.8,24.84,24.73,24.84,38462
10/20/2015,24.89,25.17,24.89,25.12,46188
10/21/2015,25.161,25.22,25.14,25.1899,10860
10/22/2015,25.24,25.33,25.2,25.24,32287
10/23/2015,25.31,25.36,25.25,25.355,21279
10/26/2015,25.35,25.45,25.27,25.42,30905
10/27/2015,25.48,25.54,25.39,25.5,22916
10/28/2015,25.432,25.64,25.432,25.58,14054
10/29/2015,25.62,25.6292,25.52,25.62,11025
10/30/2015,25.55,25.58,25.49,25.55,10071
11/02/2015,25.55,25.81,25.49,25.64,51514
11/03/2015,25.59,25.64,25.53,25.55,20141
11/04/2015,25.53,25.53,25.39,25.39,33189
11/05/2015,25.4858,25.55,25.4,25.45,8758
11/06/2015,25.42,25.5,25.3301,25.48,6890
11/09/2015,25.5,25.5999,25.3911,25.5999,8812
11/10/2015,25.53,25.65,25.507,25.6,12662
11/11/2015,25.5465,25.57,25.5,25.56,5200
11/12/2015,25.4856,25.54,25.4856,25.4901,6154
11/13/2015,25.49,25.55,25.49,25.55,6612
11/16/2015,25.6,25.75,25.596,25.62,5452
11/17/2015,25.55,25.75,25.55,25.65,8840
11/18/2015,25.59,25.7,25.59,25.7,8472
11/19/2015,25.75,25.82,25.6907,25.77,13460
11/20/2015,25.7,25.7,25.5809,25.6,56013
11/23/2015,25.6173,25.82,25.5984,25.6501,45647
11/24/2015,25.64,25.7,25.51,25.67,14097
11/25/2015,25.6125,25.79,25.6125,25.748,6399
11/27/2015,25.74,25.83,25.63,25.69,9362
11/30/2015,25.7697,25.88,25.6101,25.62,11605
12/01/2015,25.65,25.6845,25.59,25.68,5769
12/02/2015,25.68,25.7,25.62,25.65,11762
12/03/2015,25.7,25.706,25.65,25.65,10572
12/04/2015,25.6415,25.65,25.64,25.65,7539
12/07/2015,25.65,25.65,25.55,25.59,9997
12/08/2015,25.59,25.59,25.53,25.53,7567
12/09/2015,25.5899,25.6,25.5,25.59,9079
12/10/2015,25.53,25.65,25.53,25.65,4254
12/11/2015,25.28,25.35,25.16,25.17,14777
12/14/2015,25.27,25.27,24.78,24.889,23366
12/15/2015,25.05,25.13,24.82,24.91,19441
12/16/2015,24.9108,25.2499,24.9,25.08,6526
12/17/2015,24.93,25.1683,24.93,25.15,4471
12/18/2015,25.1474,25.169,25.01,25.01,3919
12/21/2015,25.01,25.25,25.01,25.17,12574
12/22/2015,25.14,25.3199,25.13,25.13,13963
12/23/2015,25.11,25.16,25.11,25.1561,4161
12/24/2015,25.15,25.36,25.1,25.1,36852
12/28/2015,25.18,25.35,25.18,25.35,8544
12/29/2015,25.25,25.27,25.1201,25.15,19473
12/30/2015,25.18,25.219,25.1,25.1,29030
12/31/2015,25.17,25.2,25.1,25.2,16880
01/04/2016,25.08,25.1691,25.05,25.1,16872
01/05/2016,25.12,25.1499,25.01,25.0985,27412
01/06/2016,25.12,25.17,24.94,25.02,43490
01/07/2016,24.96,25.26,24.96,25.01,49296
01/08/2016,25.08,25.08,24.98,25.02,43733
01/11/2016,25.08,25.08,24.88,24.88,29245
01/12/2016,25,25.1299,24.9501,25,23881
01/13/2016,25.11,25.12,24.86,24.87,55651
01/14/2016,24.97,24.9916,24.76,24.8,65050
01/15/2016,24.85,24.8501,24.398,24.79,94542
01/19/2016,24.8,24.85,24.59,24.73,64188
01/20/2016,24.68,24.7443,24.2,24.52,26037
01/21/2016,24.83,24.83,24.4021,24.5,28566
01/22/2016,24.5701,24.65,24.35,24.38,26671
01/25/2016,24.46,24.46,23.9,24.0899,32257
01/26/2016,24.11,24.4,23.85,24.115,29697
01/27/2016,24.31,24.35,24.0301,24.27,32112
01/28/2016,24.3,24.46,24.03,24.28,36318
01/29/2016,24.39,24.5,24.21,24.32,61243
02/01/2016,24.45,24.7,24.3314,24.5,44588
02/02/2016,24.35,24.4599,24.15,24.3,33061
02/03/2016,24.3,24.52,24.01,24.101,33291
02/04/2016,24.28,24.53,23.6568,24.21,37307
02/05/2016,24.2118,24.41,23.5798,23.7,44904
02/08/2016,23.7,23.7,23.16,23.4,148348
02/09/2016,23.82,23.82,23.0101,23.36,43920
02/10/2016,23.5,23.8,23.351,23.49,27401
02/11/2016,23.31,23.49,23.03,23.2,23943
02/12/2016,23.16,23.39,23,23.2775,23835
02/16/2016,23.39,23.39,23.0812,23.2,39442
02/17/2016,23.3,23.71,23.25,23.41,47375
02/18/2016,23.51,23.85,23.5,23.51,37459
02/19/2016,23.6,23.785,23.46,23.69,23163
02/22/2016,23.845,24.2,23.845,23.98,32943
02/23/2016,24,24,23.75,23.89,27599
02/24/2016,23.89,24,23.6845,23.94,38922
02/25/2016,24,24.48,23.8701,24.3899,32897
02/26/2016,24.5561,24.5561,24.15,24.19,28823
02/29/2016,24.44,24.5,24.15,24.5,36461
03/01/2016,24.56,24.65,24.3,24.6069,18074
03/02/2016,24.52,24.7,24.43,24.63,18519
03/03/2016,24.62,24.7599,24.577,24.7178,28247
03/04/2016,24.68,24.93,24.68,24.88,42039
03/07/2016,24.94,24.94,24.8,24.89,22867
03/08/2016,24.89,24.9,24.82,24.86,42194
03/09/2016,24.87,24.9,24.65,24.8372,69945
03/10/2016,24.88,24.88,24.65,24.8,20844
03/11/2016,24.58,24.58,24.11,24.3,25427
03/14/2016,24.49,24.49,24.25,24.35,28338
03/15/2016,24.3,24.4,24.12,24.24,16957
03/16/2016,24.2,24.58,24.2,24.29,38315
03/17/2016,24.3,24.4699,24.27,24.31,41439
03/18/2016,24.44,24.51,24.2601,24.4,59761
03/21/2016,24.59,24.59,24.42,24.54,58698
03/22/2016,24.62,24.64,24.3,24.4899,76308
03/23/2016,24.49,24.53,24.4101,24.53,52313
03/24/2016,24.52,24.5499,24.3624,24.52,56174
03/28/2016,24.62,24.8,24.6,24.67,70799
03/29/2016,24.68,24.68,24.6,24.65,103945
03/30/2016,24.66,24.66,24.57,24.642,33536
03/31/2016,24.67,24.79,24.6004,24.6374,47989
04/01/2016,24.65,24.65,24.52,24.6,30564
04/04/2016,24.54,24.56,24.34,24.48,27484
04/05/2016,24.53,24.58,24.45,24.52,37933
04/06/2016,24.52,24.52,24.4,24.46,49801
04/07/2016,24.4699,24.5199,24.44,24.5199,9859
04/08/2016,24.5005,24.52,24.45,24.45,32648
04/11/2016,24.6,24.64,24.4,24.408,27467
04/12/2016,24.55,24.55,24.4801,24.51,30421
04/13/2016,24.44,24.64,24.44,24.64,63835
04/14/2016,24.65,24.65,24.51,24.59,32357
04/15/2016,24.64,24.75,24.5788,24.74,22693
04/18/2016,24.74,24.9,24.74,24.9,43964
04/19/2016,24.89,24.9,24.7,24.7101,44105
04/20/2016,24.7,24.88,24.7,24.82,31570
04/21/2016,24.85,24.89,24.7485,24.7485,43888
04/22/2016,24.8,24.89,24.7504,24.79,15475
04/25/2016,24.86,24.89,24.77,24.77,53254
04/26/2016,24.75,24.8397,24.6101,24.6999,36618
04/27/2016,24.7,24.82,24.7,24.78,40037
04/28/2016,24.8061,24.92,24.78,24.83,155398
04/29/2016,24.76,24.8499,24.63,24.7999,44295
05/02/2016,24.85,24.95,24.82,24.8899,39679
05/03/2016,24.94,24.966,24.77,24.813,57605
05/04/2016,24.93,24.93,24.74,24.74,39840
05/05/2016,24.71,24.84,24.65,24.7381,39927
05/06/2016,24.68,24.79,24.58,24.65,52460
05/09/2016,24.68,24.69,24.57,24.59,42857
05/10/2016,24.65,24.8199,24.6,24.6101,35974
05/11/2016,24.65,24.8,24.6,24.72,33504
05/12/2016,24.8,24.9,24.75,24.75,42294
05/13/2016,24.73,24.795,24.7,24.76,26021
05/16/2016,24.76,25.36,24.76,25.22,197082
05/17/2016,25.25,25.37,25.13,25.3,23011
05/18/2016,25.2238,25.28,25.16,25.2,14237
05/19/2016,25.23,25.23,25.11,25.21,35850
05/20/2016,25.23,25.463,25.16,25.3601,35989
05/23/2016,25.45,25.45,25.17,25.38,23244
05/24/2016,25.28,25.28,25.18,25.22,32738
05/25/2016,25.25,25.49,25.22,25.3999,29352
05/26/2016,25.46,25.66,25.2701,25.4559,66039
05/27/2016,25.57,25.61,25.36,25.41,7681
05/31/2016,25.41,25.53,25.36,25.36,17615
06/01/2016,25.37,25.45,25.36,25.41,121434
06/02/2016,25.45,25.6094,25.45,25.595,8292
06/03/2016,25.64,25.87,25.546,25.8299,15097
06/06/2016,25.83,25.93,25.63,25.8196,21161
06/07/2016,25.75,25.88,25.745,25.8399,18287
06/08/2016,25.75,25.84,25.6,25.76,14166
06/09/2016,25.84,25.84,25.7,25.7511,15929
06/10/2016,25.68,25.813,25.5675,25.74,10442
06/13/2016,25.46,25.46,25.05,25.0601,51717
06/14/2016,25.08,25.2,24.99,25,67938
06/15/2016,25.15,25.15,24.95,24.96,44111
06/16/2016,24.99,25.091,24.96,25.01,41426
06/17/2016,25.08,25.0896,24.9801,25.05,202597
06/20/2016,25.13,25.16,24.97,25,78116
06/21/2016,25.01,25.0999,24.96,25.02,42667
06/22/2016,25.02,25.089,24.96,24.96,27662
06/23/2016,24.98,25.08,24.97,24.97,56818
06/24/2016,24.45,25.03,24.42,24.85,49426
06/27/2016,24.97,25.14,24.95,25.13,16405
06/28/2016,25.14,25.28,25.0399,25.05,96712
06/29/2016,25.15,25.215,25.0601,25.0999,62268
06/30/2016,25.1,25.18,25,25.13,27737
07/01/2016,25.2,25.67,25.2,25.66,51091
07/05/2016,25.58,25.93,25.58,25.88,67657
07/06/2016,25.89,26.1,25.7001,25.86,52776
07/07/2016,25.85,25.85,25.7,25.83,36154
07/08/2016,25.85,26.0499,25.85,26.04,90142
07/11/2016,26,26.105,25.89,25.96,97439
07/12/2016,25.9,26,25.75,25.91,65986
07/13/2016,25.85,25.99,25.82,25.85,36299
07/14/2016,25.879,25.879,25.61,25.72,44550
07/15/2016,25.68,25.8,25.45,25.61,482973
07/18/2016,25.67,25.67,25.33,25.45,52224
07/19/2016,25.37,25.4999,25.25,25.4,21512
07/20/2016,25.41,25.45,25.33,25.45,9432
07/21/2016,25.55,25.55,25.35,25.45,27550
07/22/2016,25.51,25.53,25.42,25.43,13016
07/25/2016,25.49,25.5282,25.44,25.49,8878
07/26/2016,25.43,25.5099,25.35,25.43,23715
07/27/2016,25.47,25.54,25.38,25.54,18170
07/28/2016,25.54,25.56,25.41,25.49,21904
07/29/2016,25.45,25.5399,25.45,25.46,17198
08/01/2016,25.47,25.65,25.47,25.62,15647
08/02/2016,25.56,25.91,25.56,25.91,36989
08/03/2016,25.72,25.88,25.72,25.8,17588
08/04/2016,25.89,25.89,25.6779,25.84,6118
08/05/2016,25.73,25.86,25.66,25.8,15060
08/08/2016,25.78,25.99,25.78,25.97,29608
08/09/2016,25.97,26,25.925,25.98,21901
08/10/2016,26,26,25.92,25.94,12215
08/11/2016,25.95,25.9699,25.9,25.9299,18194
08/12/2016,25.9199,25.9199,25.762,25.83,11821
08/15/2016,25.8,25.9063,25.8,25.86,10363
08/16/2016,25.87,25.91,25.87,25.9,7514
08/17/2016,25.95,25.97,25.9227,25.93,10107
08/18/2016,25.97,25.98,25.92,25.98,19428
08/19/2016,25.98,25.98,25.86,25.9,15620
08/22/2016,25.92,25.95,25.9145,25.95,12485
08/23/2016,25.97,25.97,25.8565,25.97,10704
08/24/2016,25.95,25.98,25.86,25.98,10554
08/25/2016,25.92,25.96,25.92,25.96,2902
08/26/2016,25.98,26.04,25.89,26,21837
08/29/2016,26.04,26.0583,25.8401,25.9,13297
08/30/2016,25.92,26.07,25.89,25.93,7090
08/31/2016,25.97,25.97,25.87,25.89,11364
09/01/2016,25.852,25.95,25.775,25.95,10655
09/02/2016,25.7621,25.89,25.7621,25.846,9346
09/06/2016,25.82,25.95,25.8,25.93,12309
09/07/2016,25.8849,25.97,25.83,25.95,8331
09/08/2016,25.97,26.19,25.91,26.17,121147
09/09/2016,26.01,26.19,26.0009,26.19,51782
09/12/2016,25.94,26.6899,25.94,26.44,38295
09/13/2016,25.97,25.97,25.28,25.4,44261
09/14/2016,25.4,25.4,25.1101,25.2301,32509
09/15/2016,25.447,25.4499,25.15,25.25,15054
09/16/2016,25.23,25.3,25.21,25.25,16835
09/19/2016,25.45,25.74,25.2807,25.68,49634
09/20/2016,25.6,25.65,25.51,25.52,11504
09/21/2016,25.75,25.75,25.5238,25.55,8507
09/22/2016,25.5372,25.685,25.36,25.48,74704
09/23/2016,25.55,25.77,25.02,25.15,164888
09/26/2016,25.2,25.3312,25.2,25.22,20679
09/27/2016,25.22,25.42,25.22,25.42,19284
09/28/2016,25.3738,25.5601,25.3738,25.5,11169
09/29/2016,25.49,25.49,25.3843,25.4,7969
09/30/2016,25.48,25.48,25.27,25.33,14005
10/03/2016,25.35,25.49,25.35,25.49,2951
10/04/2016,25.37,25.45,25.37,25.39,9163
10/05/2016,25.37,25.53,25.34,25.46,20531
10/06/2016,25.45,25.53,25.4121,25.4442,16368
10/07/2016,25.4,25.55,25.3901,25.51,5652
10/10/2016,25.5,25.5,25.36,25.41,10598
10/11/2016,25.38,25.4,25.3,25.3272,13205
10/12/2016,25.27,25.3899,25.2,25.3,26910
10/13/2016,25.28,25.48,25.28,25.44,10405
10/14/2016,25.44,25.45,25.41,25.45,3003
10/17/2016,25.4485,25.4485,25.4144,25.44,1834
10/18/2016,25.44,25.48,25.43,25.47,9901
10/19/2016,25.47,25.47,25.3701,25.44,2946
10/20/2016,25.46,25.47,25.39,25.47,4742
10/21/2016,25.47,25.49,25.3601,25.48,20171
10/24/2016,25.53,25.53,25.46,25.46,6774
10/25/2016,25.43,25.5,25.4056,25.48,7976
10/26/2016,25.4513,25.4616,25.4,25.4,2789
10/27/2016,25.46,25.46,25.29,25.3,34518
10/28/2016,25.37,25.3721,25.3001,25.3001,3349
10/31/2016,25.31,25.372,25.27,25.3,15430
11/01/2016,25.3,25.3,25.26,25.27,2927
11/02/2016,25.29,25.37,25.28,25.28,46787
11/03/2016,25.297,25.328,25.19,25.22,16230
11/04/2016,25.31,25.3454,25.2999,25.3441,43965
11/07/2016,25.31,25.3844,25.31,25.34,50497
11/08/2016,25.35,25.4213,25.35,25.37,6144
11/09/2016,25.37,25.4344,25.37,25.39,26922
11/10/2016,25.39,25.4274,25.39,25.3901,21076
11/11/2016,25.39,25.43,25.39,25.428,26923
11/14/2016,25.39,25.423,25.39,25.3995,162319
11/15/2016,25.39,25.458,25.39,25.39,12680
11/16/2016,25.39,25.4252,25.39,25.4252,12942
11/17/2016,25.4,25.4499,25.4,25.4254,10145
11/18/2016,25.4,25.4199,25.4,25.41,11307
11/21/2016,25.41,25.4302,25.41,25.41,7143
11/22/2016,25.42,25.43,25.42,25.43,13711
11/23/2016,25.43,25.5,25.43,25.4307,32876
11/25/2016,25.43,25.455,25.43,25.4303,5692
11/28/2016,25.438,25.4999,25.43,25.433,7849
11/29/2016,25.5,25.5176,25.43,25.451,11547
11/30/2016,25.43,25.45,25.43,25.43,1729
12/01/2016,25.43,25.46,25.43,25.46,11995
12/02/2016,25.43,25.49,25.43,25.44,17995
12/05/2016,25.45,25.4653,25.44,25.4599,7169
12/06/2016,25.44,25.4543,25.44,25.44,30877
12/07/2016,25.5,25.5,25.44,25.44,7998
12/08/2016,25.44,25.4519,25.44,25.444,4591
12/09/2016,25.44,25.4425,25.44,25.44,932
12/12/2016,25.44,25.46,25.44,25.44,17076
12/13/2016,25.03,25.03,24.98,24.9872,9274
12/14/2016,24.98,24.99,24.98,24.99,2335
12/15/2016,24.98,25,24.98,24.98,4790
12/16/2016,24.98,25,24.97,24.98,14095
12/19/2016,24.98,24.9899,24.98,24.98,16133
12/20/2016,24.98,24.99,24.98,24.99,5398
12/21/2016,24.98,25,24.98,24.985,8204
12/22/2016,24.98,24.9921,24.98,24.9921,3074
12/23/2016,24.98,24.9899,24.98,24.9801,2030
12/27/2016,24.98,25,24.98,25,8648
12/28/2016,25,25,24.99,24.9939,2093
12/29/2016,24.9999,24.9999,24.9999,24.9999,1306
12/30/2016,24.98,24.9999,24.98,24.99,1316
