05/02/2014,7.5,7.69,6.01,7.2,553077
05/05/2014,6.6,6.7789,6.101,6.7,39681
05/06/2014,6.65,6.8499,6.1,6.1,23321
05/07/2014,6.12,6.24,6.05,6.05,12493
05/08/2014,6.5001,6.99,6.49,6.99,23461
05/09/2014,6.9799,6.9799,6.55,6.55,1210
05/12/2014,6.97,6.97,6.7,6.9443,3053
05/13/2014,6.5,6.9802,6.5,6.9798,1400
05/14/2014,6.954,6.954,6.52,6.52,200
05/15/2014,6.95,7.4,6.851,7.4,3700
05/16/2014,6.92,7.4399,6.92,7.22,1200
05/19/2014,7.44,7.44,7.05,7.41,5755
05/20/2014,7.34,7.34,7.34,7.34,600
05/21/2014,7.78,7.78,6.72,6.7301,4600
05/22/2014,7.11,7.11,6.5501,6.7,3400
05/23/2014,6.83,7.17,6.6794,6.74,7235
05/27/2014,6.72,6.72,6.11,6.36,12260
05/28/2014,6.21,6.21,6.16,6.16,1924
05/29/2014,6.0201,6.3,6.0201,6.25,2018
05/30/2014,6.06,6.2599,6.01,6.1028,3021
06/02/2014,6.09,6.09,6.0801,6.09,1671
06/03/2014,6.09,6.28,6.09,6.28,4500
06/04/2014,6.14,6.149,6.01,6.09,5700
06/05/2014,6,6.55,6,6.55,9580
06/06/2014,6.01,6.6399,6,6.58,5550
06/09/2014,5.9278,6.57,5.9278,6.57,4744
06/10/2014,6.0301,6.76,6.0301,6.76,10451
06/11/2014,6.9899,6.9902,6.42,6.51,5423
06/12/2014,6.54,6.98,6.13,6.67,10697
06/13/2014,6.8,6.8,6.52,6.79,2653
06/16/2014,6.44,6.92,6.44,6.92,6101
06/17/2014,6.51,7,6.51,7,7143
06/18/2014,7,7,6.5,6.69,25878
06/19/2014,7.56,8.1249,7.2334,7.5,133152
06/20/2014,7.25,7.25,6.8187,6.95,53050
06/23/2014,6.95,7.25,6.79,7.2,14746
06/24/2014,7.05,7.191,6.59,6.65,28211
06/25/2014,6.75,6.9699,6.7,6.7,1995
06/26/2014,6.72,6.72,6.57,6.65,6446
06/27/2014,6.68,6.9334,6.67,6.736,15891
06/30/2014,7,7,6.5,6.56,8908
07/01/2014,6.76,6.76,6.58,6.66,850
07/02/2014,6.62,7.01,6.5501,6.59,4487
07/07/2014,6.51,6.7,6.51,6.594,4397
07/08/2014,6.74,6.75,6.5,6.5,17532
07/09/2014,6.5001,7,6.5001,6.7,1651
07/10/2014,6.6,6.6,6.31,6.31,6005
07/11/2014,6.54,6.9001,6.54,6.54,1000
07/14/2014,6.5001,6.5001,6.098,6.1,34449
07/15/2014,6.4,6.4,6,6,4963
07/16/2014,5.58,5.75,4.7501,5.3497,31019
07/17/2014,5.349,5.35,4.71,4.8399,15865
07/18/2014,4.6001,5,4.6001,4.83,12097
07/21/2014,4.8561,5.1799,4.75,4.99,13900
07/22/2014,4.94,4.952,4.71,4.75,5500
07/23/2014,4.64,4.7395,4.45,4.5,16079
07/24/2014,4.67,4.67,4.25,4.29,13650
07/25/2014,4.25,4.37,4.25,4.27,9429
07/28/2014,4.26,4.262,3.54,3.63,54273
07/29/2014,3.64,4.1,3.64,3.845,41652
07/30/2014,3.9,3.945,3.65,3.7,7050
07/31/2014,3.65,3.65,3.28,3.55,18938
08/01/2014,3.92,3.92,3.4,3.5,5237
08/04/2014,3.5,3.5,3,3.34,18761
08/05/2014,3.45,3.5,3.25,3.28,11558
08/06/2014,3.64,3.88,3.28,3.6101,12027
08/07/2014,4.74,4.74,3.82,3.84,13784
08/08/2014,3.96,4.1499,3.85,4.1499,4620
08/11/2014,4.4,4.47,4.22,4.32,10579
08/12/2014,4.41,4.41,3.9001,3.97,5000
08/13/2014,3.82,4.58,3.7721,4.03,8111
08/14/2014,4.15,4.43,4,4.2001,8221
08/15/2014,4.15,4.15,4.02,4.02,1379
08/18/2014,4.0518,4.2148,4,4.12,15921
08/19/2014,4.26,4.2739,3.76,4.14,6690
08/20/2014,3.84,4.17,3.84,4.01,7800
08/21/2014,3.86,4,3.8,3.89,3464
08/22/2014,3.82,3.907,3.82,3.82,6400
08/25/2014,3.87,3.9,3.82,3.86,4800
08/26/2014,3.77,3.97,3.59,3.6,23914
08/27/2014,3.59,3.66,3.4,3.4,9978
08/28/2014,3.43,3.55,3.31,3.35,1825
08/29/2014,3.47,3.47,3.45,3.46,500
09/02/2014,4.18,4.18,3.6,3.63,2859
09/03/2014,3.73,3.73,3.58,3.6,3099
09/04/2014,3.6468,3.91,3.38,3.89,19532
09/05/2014,4.3,4.49,3.82,4.2,11461
09/08/2014,4.38,4.38,4.05,4.05,800
09/09/2014,4.25,4.25,4.01,4.17,4254
09/10/2014,4.24,4.25,4.08,4.08,2870
09/11/2014,4.1,4.15,4.1,4.15,1046
09/12/2014,4.1,5.1,4.1,5.03,19250
09/15/2014,5.28,7.4,5.27,6.75,166611
09/16/2014,6.9,7.25,5.4501,6.88,61194
09/17/2014,6.63,7.27,5.8,6.9501,16629
09/18/2014,7.05,7.1,6.5101,6.9,10568
09/19/2014,7.32,7.4,7.01,7.4,72428
09/22/2014,7.49,7.63,6.8601,7.2999,19562
09/23/2014,6.85,7.16,6.83,6.83,7821
09/24/2014,6.72,6.72,5.81,6.54,20955
09/25/2014,6.5,6.5,5.66,6.12,13675
09/26/2014,5.885,6.11,5.77,6.1,3876
09/29/2014,5.99,6.15,5.77,5.77,6250
09/30/2014,5.85,6.12,5.85,5.9201,4021
10/01/2014,5.98,6,5.47,5.99,7562
10/02/2014,5.97,6,5.5,6,3865
10/03/2014,6.01,6.05,5.72,6,6300
10/06/2014,5.5401,6,5.5401,5.96,1839
10/07/2014,5.715,5.87,5.39,5.74,5027
10/08/2014,5.85,6.04,5.58,5.86,11300
10/09/2014,5.83,5.9,5.55,5.9,8600
10/10/2014,5.55,6.01,5.55,5.88,7318
10/13/2014,5.835,5.99,5.72,5.77,6483
10/14/2014,5.58,5.99,5.47,5.99,12950
10/15/2014,5.78,5.98,5.78,5.98,3675
10/16/2014,5.99,6,5.56,5.792,14540
10/17/2014,5.54,5.88,5.52,5.75,15319
10/20/2014,5.86,5.89,5.7,5.89,5575
10/21/2014,5.92,7.99,5.71,7.9499,27779
10/22/2014,7.95,7.95,7.011,7.191,19204
10/23/2014,6.82,8.2,6.54,7.85,17172
10/24/2014,7.6301,8.1,7.62,7.81,11403
10/27/2014,7.9599,8.245,7.5101,8.245,4533
10/28/2014,8.37,9.6,7.81,8.99,10401
10/29/2014,8.95,11.99,8.95,9.76,43802
10/30/2014,7.5,8.6,7.3669,7.5,83702
10/31/2014,7.9,7.91,6.84,6.9,29869
11/03/2014,6.65,6.9,6.1,6.71,30944
11/04/2014,7.026,8.32,7.026,7.89,22162
11/05/2014,7.9,7.9299,7.3,7.38,15352
11/06/2014,7.15,7.77,6.81,7.72,7537
11/07/2014,7.73,7.73,6.85,7.12,42513
11/10/2014,7.04,7.92,7.018,7.91,34252
11/11/2014,7.6992,7.95,7.34,7.51,54494
11/12/2014,7.65,7.91,7.3,7.52,11032
11/13/2014,7.86,7.91,7.86,7.9099,300
11/14/2014,7.76,7.79,7.14,7.47,4100
11/17/2014,7.6,7.77,7.474,7.65,6585
11/18/2014,7.61,7.9,7.22,7.22,6545
11/19/2014,7.2,7.44,7.14,7.33,1752
11/20/2014,7.57,7.67,7.03,7.25,6434
11/21/2014,7.114,7.54,7.114,7.53,3291
11/24/2014,7.43,7.5699,7.0401,7.51,1510
11/25/2014,7.2,7.36,7.2,7.3503,2300
11/28/2014,7.13,7.35,7.05,7.22,1509
12/01/2014,7.0797,7.45,7.03,7.34,11105
12/02/2014,7.15,7.26,7.15,7.26,3000
12/03/2014,7.64,7.64,7.32,7.55,4200
12/04/2014,7.34,7.59,7.33,7.39,3281
12/05/2014,7.5001,7.51,7.18,7.19,3190
12/08/2014,7.44,8,7.34,7.8,44562
12/09/2014,7.8,7.9,7.71,7.71,3745
12/10/2014,7.85,7.95,7.8,7.85,7473
12/11/2014,7.9,7.9,7.75,7.9,5376
12/12/2014,8.38,8.93,7.695,7.8,60708
12/15/2014,7.7,7.7,7.501,7.6,2673
12/16/2014,7.59,7.59,7.02,7.05,7905
12/17/2014,7.27,7.73,6.72,6.74,7855
12/18/2014,7,7.9,6.9,7.46,12056
12/19/2014,6.87,7.42,6.87,7.4,3756
12/22/2014,7.86,7.9,7.29,7.83,5419
12/23/2014,7.9,7.9,7.24,7.32,17955
12/24/2014,7.57,7.64,7.29,7.52,15592
12/26/2014,7.89,7.9,6.53,6.65,36381
12/29/2014,6.91,7.15,6.7883,7.1,11510
12/30/2014,6.72,7.3,6.62,7.01,9857
12/31/2014,7.08,7.49,7,7.25,23353
01/02/2015,7.65,7.65,6.9,7.3,21555
01/05/2015,7.6,8.1,7.56,7.61,10203
01/06/2015,7.54,7.85,7.33,7.85,11141
01/07/2015,7.74,7.8145,7.46,7.5,3929
01/08/2015,7.4315,7.79,7.4315,7.58,7509
01/09/2015,7.72,8.006,7.36,7.48,26190
01/12/2015,7.4804,7.88,7.4,7.83,5355
01/13/2015,7.75,7.9,7.3101,7.8799,14396
01/14/2015,7.85,8.08,7.61,7.86,220719
01/15/2015,7.9,7.95,7.88,7.897,32242
01/16/2015,8.2,11.66,8.2,10.17,78145
01/20/2015,10.1,11.92,9.95,10.65,72494
01/21/2015,10.68,10.68,9.4,9.43,33213
01/22/2015,9.4,9.7499,8.55,9.6,43996
01/23/2015,9.58,9.58,8.8,8.86,4174
01/26/2015,9.44,11,9.1,9.81,40400
01/27/2015,9.81,11.9,9.81,10.97,77581
01/28/2015,11.62,13.5,10.79,11.5899,107012
01/29/2015,12,12.1899,11.5301,11.84,35332
01/30/2015,12.3,12.3,11.8,12.1,24326
02/02/2015,12.3,12.3,11.4999,11.4999,14510
02/03/2015,11.5,11.97,10.66,10.68,26433
02/04/2015,10.66,11.24,10.618,11.09,10121
02/05/2015,11.12,11.49,11.12,11.35,9187
02/06/2015,11.5,12.1,11.45,11.59,22181
02/09/2015,10.96,11.99,10.91,11.15,11924
02/10/2015,11.1501,12.26,11.15,11.25,14006
02/11/2015,11.151,12.07,10.951,10.9901,7752
02/12/2015,11.01,11.84,10.98,11.26,9087
02/13/2015,11.4999,11.4999,10.89,11.01,2143
02/17/2015,10.94,11.19,10.94,11.14,7000
02/18/2015,11.19,11.3,10.7007,11.0499,5530
02/19/2015,11.45,12.16,11.4,11.87,22620
02/20/2015,12.07,12.28,10.35,10.5,49559
02/23/2015,10.62,10.6995,9.7101,10.31,16010
02/24/2015,10.25,10.5,9.6205,9.85,15777
02/25/2015,9.9,10.27,9.9,10.25,5030
02/26/2015,10.03,10.27,9.83,10.27,6051
02/27/2015,10.25,10.26,10,10.2,11140
03/02/2015,10.15,10.8798,10.13,10.58,10956
03/03/2015,10.62,11.29,10.6,10.6,9131
03/04/2015,10.6,10.83,10.37,10.37,7882
03/05/2015,11,11,10.5,10.5,3100
03/06/2015,10.5,10.9899,10.5,10.52,4037
03/09/2015,10.56,10.9899,9.62,10.01,7813
03/10/2015,10.33,10.979,10.33,10.4701,8834
03/11/2015,10.7,10.7,10.26,10.62,1622
03/12/2015,10.4338,10.84,10.35,10.59,2100
03/13/2015,10.4,10.41,10.38,10.41,300
03/16/2015,11.45,11.6995,10.4363,11.46,6221
03/17/2015,10.251,11.24,10.25,11.11,3296
03/18/2015,10.51,11.25,10.51,11.22,2732
03/19/2015,10.77,10.78,10.5,10.6,11493
03/20/2015,10.46,10.9887,10.46,10.8,5686
03/23/2015,10.74,10.75,10.29,10.62,7016
03/24/2015,10.9,10.9,10.6001,10.61,4327
03/25/2015,10.75,10.75,10.5501,10.6413,1500
03/26/2015,10.6,10.85,10,10.41,22312
03/27/2015,10.67,10.9399,10.43,10.75,3113
03/30/2015,10.83,10.93,10,10.12,12572
03/31/2015,10.1601,10.38,10.15,10.18,1749
04/01/2015,10.15,10.25,10.01,10.01,3322
04/02/2015,10.02,10.5,10,10.15,19635
04/06/2015,10.35,10.9933,10.35,10.64,13413
04/07/2015,10.34,10.65,10.17,10.61,4354
04/08/2015,10.1,10.5884,10.1,10.12,17760
04/09/2015,10.28,10.28,10.17,10.25,7710
04/10/2015,10.27,10.3,10.2,10.2862,3500
04/13/2015,10.63,10.632,10.12,10.12,17755
04/14/2015,10.25,10.45,10.25,10.45,17783
04/15/2015,10.41,10.49,10.4,10.49,15301
04/16/2015,10.61,10.61,10.31,10.59,3775
04/17/2015,10.451,11,10.4501,10.97,3723
04/20/2015,11,11.79,10.71,10.72,15595
04/21/2015,11.19,11.19,10.72,10.75,4943
04/22/2015,10.54,10.874,9.15,9.3,20067
04/23/2015,9.53,10.3,9.53,9.74,5950
04/24/2015,9.57,9.7999,9.43,9.56,5607
04/27/2015,9.45,9.55,9.45,9.55,1093
04/28/2015,9.98,9.98,9.53,9.53,450
04/29/2015,9.637,9.8675,9.32,9.32,4832
04/30/2015,9.5,9.5,9.4432,9.4432,896
05/01/2015,9.45,9.45,9.33,9.33,3400
05/04/2015,9.74,9.74,9.27,9.27,1400
05/05/2015,9.25,9.25,8.9,9.04,1401
05/06/2015,9,9,7.86,8.35,8599
05/07/2015,8.04,8.47,8.04,8.26,8097
05/08/2015,7.44,7.74,7.15,7.54,500608
05/11/2015,7.62,7.62,7.3,7.51,69465
05/12/2015,7.4,7.51,7.4,7.51,33004
05/13/2015,7.41,7.59,7.17,7.49,127758
05/14/2015,7.66,7.66,7.37,7.43,26428
05/15/2015,7.11,7.11,7,7.02,11705
05/18/2015,7.15,7.34,7.15,7.28,37492
05/19/2015,7.2306,7.32,7.077,7.31,73548
05/20/2015,7.2,7.27,7.2,7.27,928
05/21/2015,7.2,7.35,7.15,7.22,5214
05/22/2015,7.22,7.36,7.04,7.13,36322
05/26/2015,7.07,7.17,6.64,6.81,17235
05/27/2015,7.05,7.67,7.05,7.44,89965
05/28/2015,7.61,7.81,7.4295,7.49,25954
05/29/2015,7.455,7.49,7.11,7.45,17727
06/01/2015,7.6,7.6,7.4852,7.59,14494
06/02/2015,7.433,7.79,7.377,7.6,28651
06/03/2015,7.67,8.1,7.65,7.85,33942
06/04/2015,7.72,7.8999,7.63,7.6701,34162
06/05/2015,7.64,7.9499,7.64,7.72,4800
06/08/2015,7.6,7.87,7.59,7.86,21623
06/09/2015,7.9,7.9,7.44,7.74,9877
06/10/2015,7.3838,7.62,7.36,7.62,16111
06/11/2015,7.7,8.95,7.7,8.3,69452
06/12/2015,8.39,8.63,8.17,8.17,20122
06/15/2015,7.8999,8.3,7.8622,8.24,34303
06/16/2015,8.3,8.72,8.17,8.55,42444
06/17/2015,8.82,9,8.32,8.63,70227
06/18/2015,8.85,8.899,8.11,8.35,37854
06/19/2015,8.7,8.7,8.11,8.6,12028
06/22/2015,8.61,8.61,8.08,8.44,13278
06/23/2015,8.35,8.815,7.5,7.98,26476
06/24/2015,7.423,8.02,7.423,7.99,5279
06/25/2015,8.02,8.21,7.66,8.09,7801
06/26/2015,7.39,7.75,7.39,7.75,2907
06/29/2015,7.58,7.91,7.01,7.91,126196
06/30/2015,7.45,7.76,7.33,7.76,9321
07/01/2015,8.32,8.93,8.101,8.33,49326
07/02/2015,8.34,8.5,8.31,8.5,47255
07/06/2015,8.31,8.38,8.2,8.37,16743
07/07/2015,8.34,8.49,8.33,8.48,24473
07/08/2015,8.49,8.49,7.91,7.92,31850
07/09/2015,7.96,8.5,7.81,8.01,13851
07/10/2015,8.01,8.3099,7.93,8.15,16102
07/13/2015,8.09,8.3,8,8.29,26532
07/14/2015,8.02,8.35,8.02,8.31,9352
07/15/2015,8.2915,8.4,8.14,8.33,24749
07/16/2015,8.4449,8.4449,8.2,8.4,22840
07/17/2015,8.4,9.0181,8.4,8.973,57242
07/20/2015,9.05,9.82,8.99,9.69,75234
07/21/2015,9.79,10.35,9.71,10.25,106027
07/22/2015,10.25,10.76,10.14,10.63,40159
07/23/2015,10.63,10.9,10.06,10.19,24995
07/24/2015,10.02,10.02,9.66,9.68,12652
07/27/2015,9.67,9.67,8.77,9.05,34135
07/28/2015,9.2,9.2599,9.0101,9.13,16098
07/29/2015,8.88,9.24,8.86,9.1699,63577
07/30/2015,9.01,9.2,8.975,9.16,11036
07/31/2015,9.13,9.4,8.89,8.89,98217
08/03/2015,8.89,8.9999,8.13,8.47,11053
08/04/2015,8.35,8.93,7.98,8.04,26877
08/05/2015,8.5,8.5,8.01,8.15,17004
08/06/2015,8.31,8.73,8.09,8.15,11808
08/07/2015,8.3,8.79,8.0301,8.2799,12064
08/10/2015,8.2,9.22,8.12,8.12,30435
08/11/2015,8.03,8.77,8.01,8.24,28591
08/12/2015,8.32,8.7,7.63,7.69,61600
08/13/2015,7.77,8.2399,7.77,7.81,29492
08/14/2015,7.99,8.1676,7.11,8.03,28624
08/17/2015,7.81,8.42,7.81,7.89,16388
08/18/2015,7.97,8.48,7.7,7.7101,18906
08/19/2015,7.82,8.297,7.7,7.71,10288
08/20/2015,7.8813,7.8813,7.398,7.59,12709
08/21/2015,7.45,7.77,7.1901,7.4101,10063
08/24/2015,7,7.42,7,7,18827
08/25/2015,7.07,7.4,6.61,6.76,26208
08/26/2015,7.115,7.115,6.16,6.935,9569
08/27/2015,6.94,7.265,6.6,6.62,11809
08/28/2015,6.46,7.4375,6.46,7.035,19660
08/31/2015,7.1,7.62,6.62,7.22,6379
09/01/2015,7.08,7.1699,6.76,6.85,6521
09/02/2015,6.94,7.27,6.75,7.17,9677
09/03/2015,7.21,7.31,7.0501,7.19,3601
09/04/2015,7.09,7.09,7.08,7.08,300
09/08/2015,7.5,7.804,7.14,7.15,22752
09/09/2015,7.16,7.6999,6.845,6.845,6213
09/10/2015,6.88,7.02,6.86,6.86,2045
09/11/2015,6.94,6.94,6.9,6.9,734
09/14/2015,6.9,7.47,6.7501,6.84,4388
09/15/2015,7.11,7.25,6.8,6.8,3500
09/16/2015,6.87,7.34,6.7,6.81,7254
09/17/2015,6.75,6.91,6.69,6.76,5700
09/18/2015,6.5669,6.95,6.561,6.93,6341
09/21/2015,6.97,7.07,6.784,6.904,5100
09/22/2015,6.73,7.25,6.5,6.86,30355
09/23/2015,6.752,7.26,6.74,7,3891
09/24/2015,6.86,7.1199,6.83,7,3851
09/25/2015,6.87,7.08,6.545,6.8899,5688
09/28/2015,6.65,6.684,5.9,6.05,27154
09/29/2015,6,6.44,6,6.03,8073
09/30/2015,7.33,7.33,5.35,5.785,32744
10/01/2015,5.706,5.82,5.35,5.63,4500
10/02/2015,5.32,5.86,5.32,5.78,10557
10/05/2015,5.98,6.1895,5.4,5.7799,6870
10/06/2015,5.83,5.83,5.43,5.49,6103
10/07/2015,5.509,5.84,5.39,5.51,38885
10/08/2015,5.52,6.01,5.15,5.154,51036
10/09/2015,5.37,6.112,5.37,5.38,31761
10/12/2015,5.38,5.84,5.05,5.34,19888
10/13/2015,5.2,6.12,4.84,6.05,86201
10/14/2015,6.08,6.315,5.62,6.1999,17537
10/15/2015,6,6.5988,5.71,6.47,28865
10/16/2015,6.41,6.77,5.81,6.36,12342
10/19/2015,6.32,6.759,5.96,6.33,150780
10/20/2015,6.41,6.75,5.72,6.4,26986
10/21/2015,6.39,6.55,5.6701,6.5,83073
10/22/2015,6.44,6.74,5.67,6.5,40902
10/23/2015,6.4,6.72,5.77,6.26,17019
10/26/2015,6.13,6.6,5.8608,6.43,59042
10/27/2015,6.38,6.75,6.38,6.58,13812
10/28/2015,6.5,7.4492,5.72,6.92,90474
10/29/2015,7.03,7.375,6.68,6.965,22774
10/30/2015,7.2,7.22,6.73,6.88,4422
11/02/2015,6.85,7.685,6.7,7.13,25569
11/03/2015,7.2201,7.6266,6.75,7.38,16095
11/04/2015,7.32,7.5,7.09,7.355,5112
11/05/2015,7.3,7.41,7.3,7.31,7173
11/06/2015,7.2,7.4,7,7.31,8540
11/09/2015,7.41,7.54,7.17,7.3,5830
11/10/2015,7.25,7.4899,7.07,7.36,9253
11/11/2015,7.39,7.49,7.32,7.4899,7107
11/12/2015,7.32,7.5,7.0601,7.26,7814
11/13/2015,7.245,7.31,7.0401,7.25,3050
11/16/2015,7.28,7.35,7.16,7.2032,2744
11/17/2015,7.36,7.36,7.17,7.17,762
11/18/2015,7.23,7.5,7.12,7.29,40493
11/19/2015,7.0901,7.39,7.0901,7.1307,6049
11/20/2015,7.04,7.19,6.7,7.11,8456
11/23/2015,7.06,7.19,6.8101,7,6447
11/24/2015,6.96,7.14,6.9046,6.9046,813
11/25/2015,6.86,7.07,6.8301,7.035,1845
11/27/2015,7.01,7.15,7.01,7.0192,7638
11/30/2015,7.1,7.4999,7.1,7.28,21141
12/01/2015,7.3,7.4599,7.3,7.375,4440
12/02/2015,7.63,7.7,7.21,7.4897,13395
12/03/2015,7.49,7.49,7.2,7.2,3700
12/04/2015,7.1701,7.4499,7.1701,7.34,4575
12/07/2015,7.4,7.4,7.25,7.27,2094
12/08/2015,7.2501,7.286,6.8,7,19541
12/09/2015,6.8542,6.999,6.85,6.999,6796
12/10/2015,6.84,6.84,6.03,6.4908,38927
12/11/2015,5.96,6.78,5.96,6.61,7535
12/14/2015,6.51,6.85,6.39,6.5,4275
12/15/2015,6.55,6.829,6.54,6.829,3874
12/16/2015,6.75,6.98,6.75,6.98,2800
12/17/2015,7.1,7.54,6.98,6.98,12234
12/18/2015,7.05,7.05,6.75,6.75,5991
12/21/2015,6.54,6.79,6.3601,6.63,4391
12/22/2015,6.592,6.66,6.38,6.38,8452
12/23/2015,6.75,7.135,6.51,6.51,3550
12/28/2015,6.93,6.93,6.56,6.75,2030
12/29/2015,6.865,6.967,6.51,6.5364,6526
12/30/2015,6.9,6.9,6.5501,6.63,6644
12/31/2015,6.61,6.94,6.61,6.89,12829
01/04/2016,6.59,6.78,6.46,6.6299,3195
01/05/2016,6.68,6.72,6.4501,6.68,4723
01/06/2016,6.6,6.62,6.23,6.5,4790
01/07/2016,6.51,6.66,6.29,6.63,7909
01/08/2016,6.79,6.79,5.98,6.7483,26158
01/11/2016,6.67,6.9499,6.66,6.75,18369
01/12/2016,6.7001,6.84,6.49,6.69,31377
01/13/2016,6.74,6.74,6.22,6.55,16378
01/14/2016,6.8922,6.96,6.5761,6.71,8000
01/15/2016,6.85,6.855,5.9,6.43,31380
01/19/2016,6.43,6.43,6.13,6.25,5210
01/20/2016,5.99,6.175,5.66,5.79,33006
01/21/2016,5.79,6.26,5.38,5.62,18440
01/22/2016,5.56,5.745,5.38,5.5,10994
01/25/2016,5.06,6.12,4.97,5.39,8300
01/26/2016,5.12,5.4615,4.87,5.09,22851
01/27/2016,5.2361,5.51,4.98,5.05,5099
01/28/2016,5,5.025,4.71,4.88,9575
01/29/2016,4.92,4.98,4.575,4.8101,5372
02/01/2016,4.78,4.8,4.75,4.8,1844
02/02/2016,4.6,4.64,4.35,4.52,5998
02/03/2016,4.4001,4.44,4.25,4.26,3700
02/04/2016,4.4,4.8,4.25,4.3,12467
02/05/2016,4.49,4.49,3.9727,4.1499,4949
02/08/2016,3.65,4.08,3.62,3.9399,13051
02/09/2016,3.72,3.9076,3.39,3.7,16896
02/10/2016,3.61,4,3.59,4,9146
02/11/2016,4.18,4.18,3.7219,3.9,5847
02/12/2016,3.83,4.05,3.82,3.9,2500
02/16/2016,3.8699,3.8699,3.6901,3.8196,1000
02/17/2016,3.9,4.72,3.9,4.5,7601
02/18/2016,4.49,4.61,3.88,4,7651
02/19/2016,4.07,4.13,4.07,4.13,432
02/22/2016,4.15,4.51,3.97,4.03,10523
02/23/2016,4.03,4.06,3.53,3.7,16284
02/24/2016,3.52,3.52,3.52,3.52,200
02/25/2016,3.66,3.76,3.58,3.58,9578
02/26/2016,3.95,3.95,3.65,3.7323,3700
02/29/2016,5.15,5.82,4.4201,4.9309,400650
03/01/2016,5.2,5.2,4.06,4.6175,93495
03/02/2016,4.6,4.63,4.45,4.5,63474
03/03/2016,4.5,4.59,4.36,4.52,39068
03/04/2016,4.463,4.52,4.463,4.51,19942
03/07/2016,4.43,4.655,4.4,4.655,22411
03/08/2016,4.9,4.9,4.25,4.49,52123
03/09/2016,4.6,4.6,4.45,4.48,5797
03/10/2016,4.5,4.51,4.18,4.18,1760
03/11/2016,4.29,4.57,4.27,4.3,1902
03/14/2016,4.27,5.02,4.27,4.91,19737
03/15/2016,4.82,5,4.565,4.565,56068
03/16/2016,4.5,5.4,4.31,4.52,217224
03/17/2016,4.7,4.7,4.2135,4.44,41574
03/18/2016,4.45,4.575,4.15,4.42,17810
03/21/2016,4.3307,4.8044,4.31,4.45,22968
03/22/2016,4.5,4.51,4.4,4.45,12863
03/23/2016,4.47,4.65,4.31,4.32,14513
03/24/2016,4.32,4.32,4.01,4.26,16857
03/28/2016,4.25,4.32,4.04,4.1,3550
03/29/2016,4.16,4.462,3.81,4.22,36760
03/30/2016,4.03,4.27,3.94,4.0501,31865
03/31/2016,4.2,4.4119,4.2,4.2,17752
04/01/2016,4.12,4.5,4.11,4.4,36384
04/04/2016,4.4,4.5235,4.24,4.5,21434
04/05/2016,4.4,4.65,4.31,4.55,69511
04/06/2016,4.69,4.75,4.61,4.65,52190
04/07/2016,4.7,5.7,4.43,5.25,168731
04/08/2016,5.25,5.5,5.02,5.29,69599
04/11/2016,5.181,5.4,5.181,5.3,11469
04/12/2016,5.24,5.37,5.24,5.37,19134
04/13/2016,5.35,5.4899,5.2,5.35,44059
04/14/2016,5.33,5.63,5.3,5.4501,35209
04/15/2016,5.46,5.7,5.46,5.69,60853
04/18/2016,5.68,5.9,5.65,5.88,32873
04/19/2016,5.95,6.1,5.85,6.1,63034
04/20/2016,6.07,6.15,5.67,5.8,35620
04/21/2016,5.9,5.9,5.68,5.85,28694
04/22/2016,5.83,6.2,5.64,5.98,22102
04/25/2016,5.9,6.1131,5.65,5.9,16804
04/26/2016,5.6039,5.99,5.6039,5.86,22977
04/27/2016,5.95,6.09,5.64,6.09,28860
04/28/2016,6.05,6.13,5.83,6.0101,25348
04/29/2016,6.15,6.2,5.87,6.17,25586
05/02/2016,6.25,6.44,6.25,6.35,21569
05/03/2016,6.16,6.18,6.085,6.16,13944
05/04/2016,6.051,6.48,6.04,6.48,69287
05/05/2016,6.43,6.45,6.26,6.31,106266
05/06/2016,6.22,6.26,5.73,6.19,56689
05/09/2016,6.69,6.69,5.5,6.2,114186
05/10/2016,6.16,6.16,5.31,6,88366
05/11/2016,5.99,5.99,5.75,5.8,37755
05/12/2016,5.62,5.67,5.4,5.52,15393
05/13/2016,5.5,5.6,5.5,5.51,8263
05/16/2016,5.5,5.51,5.4001,5.45,7392
05/17/2016,5.5,5.6699,5.33,5.36,30566
05/18/2016,5.22,5.57,5.19,5.49,93641
05/19/2016,5.45,5.495,5.26,5.3301,30318
05/20/2016,5.3886,5.3886,5.25,5.34,3179
05/23/2016,5.39,5.47,5.25,5.25,6867
05/24/2016,5.11,5.44,5.11,5.27,2410
05/25/2016,5.35,5.6,5.35,5.58,5892
05/26/2016,5.1,5.68,5.01,5.56,433564
05/27/2016,5.45,6.08,5.4,6.0201,75230
05/31/2016,6.1,6.19,5.94,5.98,71719
06/01/2016,5.85,6.1,5.85,6.02,83691
06/02/2016,6.05,6.05,5.73,5.9,41073
06/03/2016,5.79,5.99,5.51,5.7,58896
06/06/2016,5.9079,5.9079,5.6,5.69,47258
06/07/2016,5.9,6,5.75,5.93,66941
06/08/2016,5.8,6.04,5.783,5.94,29157
06/09/2016,5.87,5.97,5.83,5.91,13143
06/10/2016,5.99,6.01,5.71,5.84,33102
06/13/2016,5.79,5.94,5.61,5.76,10678
06/14/2016,5.69,5.69,5.21,5.45,26337
06/15/2016,5.58,5.58,5.36,5.499,3850
06/16/2016,5.45,5.5,5.05,5.25,18502
06/17/2016,5.1612,5.42,5.14,5.35,22220
06/20/2016,5.22,5.8036,5.1601,5.25,69927
06/21/2016,5.3,5.49,5.02,5.02,19385
06/22/2016,5.08,5.8,5,5.11,19968
06/23/2016,5.28,5.28,4.86,5.16,36239
06/24/2016,5.05,5.28,4.94,5.23,14923
06/27/2016,5.14,5.29,5.11,5.26,93443
06/28/2016,5.29,5.4,5.29,5.39,27135
06/29/2016,5.68,5.68,5.26,5.5,28730
06/30/2016,5.53,5.85,5.38,5.76,46529
07/01/2016,5.87,6.45,5.87,6.13,90880
07/05/2016,6.34,6.4,6.101,6.23,18125
07/06/2016,6.19,6.4,6.0304,6.4,36822
07/07/2016,6.4,6.75,6.4,6.66,34690
07/08/2016,6.94,6.97,6.62,6.8,29678
07/11/2016,6.86,6.99,6.5,6.57,14580
07/12/2016,6.47,6.6,6.06,6.18,33587
07/13/2016,6.32,6.4436,5.76,5.76,24126
07/14/2016,5.92,6.1099,5.64,5.92,33974
07/15/2016,6.02,6.27,5.835,6.06,18705
07/18/2016,5.99,6.1,5.75,5.87,21306
07/19/2016,5.95,5.97,5.6,5.62,17818
07/20/2016,5.65,5.879,5.6175,5.78,16600
07/21/2016,5.78,5.96,5.65,5.7,9066
07/22/2016,5.8,5.84,5.776,5.81,5286
07/25/2016,5.92,5.95,5.6,5.7,15746
07/26/2016,5.67,5.919,5.4233,5.9,13015
07/27/2016,5.91,6.02,5.9,5.96,14156
07/28/2016,6.049,6.06,5.88,5.99,11951
07/29/2016,5.75,6.25,5.75,6.15,18665
08/01/2016,6.12,6.205,5.847,6,27742
08/02/2016,5.92,6.25,5.89,6.18,7356
08/03/2016,6.02,6.16,5.92,6,15175
08/04/2016,6.03,6.15,5.75,5.95,12785
08/05/2016,5.8,6.132,5.7333,5.94,28483
08/08/2016,5.96,5.9963,5.7952,5.88,30340
08/09/2016,7.22,7.23,5.8,6,657644
08/10/2016,5.72,6.33,5.72,5.86,53958
08/11/2016,5.8,6.09,5.64,6.02,75885
08/12/2016,5.99,6.019,5.75,5.76,37827
08/15/2016,5.75,6,5.68,5.79,40186
08/16/2016,5.78,5.849,5.664,5.75,48403
08/17/2016,5.69,5.7,5.39,5.52,41747
08/18/2016,5.53,5.6,5.4815,5.6,20293
08/19/2016,5.4934,5.6,5.38,5.5101,7522
08/22/2016,5.563,5.625,5.5,5.53,16193
08/23/2016,5.6,5.67,5.52,5.5899,114288
08/24/2016,5.54,5.67,5.39,5.46,104519
08/25/2016,5.45,5.48,5.33,5.39,69077
08/26/2016,5.6299,5.6299,5.35,5.43,4650
08/29/2016,5.3501,5.5899,5.3501,5.49,11199
08/30/2016,5.44,5.73,5.364,5.7192,43639
08/31/2016,5.81,5.83,5.366,5.54,64303
09/01/2016,5.49,5.55,5.37,5.37,6637
09/02/2016,5.41,5.4801,5.38,5.42,11182
09/06/2016,5.32,5.97,5.3001,5.81,73741
09/07/2016,5.7067,5.98,5.57,5.7,10512
09/08/2016,5.56,5.9199,5.48,5.58,58538
09/09/2016,5.45,5.88,5.33,5.77,72862
09/12/2016,5.67,5.68,5.4,5.6,26714
09/13/2016,5.4501,5.78,5.4501,5.62,5787
09/14/2016,5.54,6.25,5.54,5.88,187135
09/15/2016,6.04,6.33,6.04,6.11,97667
09/16/2016,5.82,6.7,5.8,6.7,84410
09/19/2016,6.62,6.89,6.41,6.88,55281
09/20/2016,6.82,7.5399,6.82,7.35,103217
09/21/2016,7.45,7.669,7.04,7.27,42890
09/22/2016,7.16,7.432,7.06,7.35,19699
09/23/2016,7.45,7.5493,7.34,7.45,96475
09/26/2016,7.6,8.17,7.6,7.7,120955
09/27/2016,7.73,8.1899,7.39,7.75,48154
09/28/2016,7.84,8,7.23,7.5,56023
09/29/2016,7.47,7.69,7.2581,7.52,29949
09/30/2016,7.52,7.98,7.436,7.82,52447
10/03/2016,7.89,7.89,7.38,7.48,63292
10/04/2016,7.57,7.64,7.28,7.33,29648
10/05/2016,7.39,7.52,7.32,7.51,12762
10/06/2016,7.47,7.6375,7.02,7.08,28691
10/07/2016,7.15,7.37,7.027,7.2,19561
10/10/2016,7.385,7.61,7.22,7.29,18796
10/11/2016,7.3,7.36,7.04,7.23,14690
10/12/2016,7.1,7.1,6.8303,7.04,19494
10/13/2016,7,7.11,6.81,6.9301,12355
10/14/2016,7.35,7.51,6.38,6.93,47022
10/17/2016,6.88,7.05,6.45,6.85,10258
10/18/2016,6.9,6.97,6.67,6.74,31873
10/19/2016,6.65,7.11,6.43,7.005,56092
10/20/2016,6.8301,7.45,6.71,6.94,34582
10/21/2016,6.88,6.9745,6.54,6.81,12752
10/24/2016,7.045,7.045,6.66,6.86,74295
10/25/2016,7.3,7.5684,6.6,6.6,85056
10/26/2016,6.92,6.98,5.78,5.84,70112
10/27/2016,5.95,6,5.5501,5.7,55177
10/28/2016,5.68,5.7215,5.15,5.25,81668
10/31/2016,5.25,5.39,5,5.25,15000
11/01/2016,5.3,5.45,5.25,5.4,17193
11/02/2016,5.4,5.45,5.3,5.3,6142
11/03/2016,5.2,5.39,5.11,5.2,11033
11/04/2016,5.2,5.5,5.2,5.5,12467
11/07/2016,5.4,6,5.4,5.9,37412
11/08/2016,6.05,6.25,5.6,6,26762
11/09/2016,6.2,6.445,6.05,6.35,23505
11/10/2016,6.35,6.35,5.7,6.35,11477
11/11/2016,6.345,6.35,6.1,6.325,28272
11/14/2016,6.45,6.8595,6.355,6.85,19161
11/15/2016,6.8,6.8,6.35,6.5,13223
11/16/2016,6.5666,6.7,6.35,6.35,34200
11/17/2016,6.3,6.7,5.51,5.75,20144
11/18/2016,5.85,6.5,5.85,6.1,12003
11/21/2016,6.1,6.9,5.9,6.2,86775
11/22/2016,6.45,6.65,5.9,5.9,123404
11/23/2016,5.9,6.1,5.861,5.95,20817
11/25/2016,5.9,6.1,5.85,5.9,16353
11/28/2016,5.85,5.95,5.55,5.7,71269
11/29/2016,5.65,5.85,5.45,5.45,40390
11/30/2016,5.55,6,5.15,5.15,49287
12/01/2016,5.2,5.875,5.1,5.1,40991
12/02/2016,5.1,5.6,5.05,5.3,18316
12/05/2016,5.25,5.6,5.25,5.3,11886
12/06/2016,5.35,5.55,5.2,5.55,8991
12/07/2016,5.4,5.55,5.1,5.2,17981
12/08/2016,5.15,5.251,5,5.1,29728
12/09/2016,4.95,5,4.85,4.9,22224
12/12/2016,4.85,4.85,4.7,4.7,7558
12/13/2016,4.8,5.0175,4.8,4.95,19819
12/14/2016,4.95,5,4.8,4.9,4223
12/15/2016,4.85,4.86,4.7,4.7561,10605
12/16/2016,4.845,4.845,4.65,4.65,15850
12/19/2016,4.795,4.8,4.6499,4.6499,6992
12/20/2016,4.72,4.7686,4.45,4.75,48039
12/21/2016,4.7,4.9,4.65,4.7648,30175
12/22/2016,4.92,4.92,4.7,4.7,9500
12/23/2016,4.7,4.806,4.6,4.75,12945
12/27/2016,4.8,4.9,4.8,4.8,5214
12/28/2016,4.85,5,4.8172,5,6729
12/29/2016,4.9,4.929,4.8,4.9,5625
12/30/2016,5.05,5.35,5,5.25,10370
01/03/2017,5.35,5.485,4.6585,5.1,7914
01/04/2017,5.2,5.45,5.15,5.25,21692
01/05/2017,5.1755,5.3,4.93,5.3,7157
01/06/2017,5.25,5.5,4.65,5.45,20074
01/09/2017,5.5,5.5,5.15,5.15,7300
01/10/2017,5.2,5.35,5.15,5.25,5609
01/11/2017,5.3,5.4,5.3,5.3,4259
01/12/2017,5.3,5.3,5.05,5.2,22054
01/13/2017,5.384,5.5,5.25,5.35,8553
01/17/2017,5.387,5.4,5.15,5.15,638
01/18/2017,5.25,5.3,5.2,5.3,3540
01/20/2017,5.45,5.65,5.3681,5.6,22592
01/23/2017,5.8,5.8,5.4,5.55,11710
01/24/2017,5.45,5.8845,5.45,5.7,2536
01/25/2017,5.9,5.9,5.55,5.65,25512
01/26/2017,5.65,5.85,5.477,5.75,48027
01/27/2017,5.75,5.9,5.55,5.9,29171
01/30/2017,5.85,5.85,5.3,5.6,16631
01/31/2017,5.45,5.5347,5.1,5.2,24790
02/01/2017,5.35,5.4,5.35,5.4,1136
02/02/2017,5.45,5.5,5.25,5.25,14599
02/03/2017,5.26,5.35,4.8,4.8,57870
02/06/2017,4.9,5.15,4.75,4.8,15782
02/07/2017,4.65,5.15,4.4,5,45704
02/08/2017,5.1,5.15,4.8,4.85,19876
02/09/2017,4.85,5.1,4.6875,4.7,13493
02/10/2017,4.85,4.85,4.1,4.7,63060
02/13/2017,4.65,4.8785,4.65,4.74,20719
02/14/2017,4.65,4.7,4.5,4.5,717004
02/15/2017,4.55,4.85,4.5,4.8,168806
02/16/2017,4.95,5.2,4.85,5,75634
02/17/2017,4.9,5.15,4.9,5,10818
02/21/2017,5.15,5.15,4.94,5.05,30136
02/22/2017,5.05,5.15,5,5,85465
02/23/2017,5.05,5.05,4.85,5,54109
02/24/2017,4.95,5.05,4.9,4.925,33888
02/27/2017,4.95,5.15,4.9,4.95,108953
02/28/2017,4.85,5.1,4.85,4.95,37993
03/01/2017,5.1,5.1,4.805,4.95,40829
03/02/2017,5.05,5.05,4.95,5,45517
03/03/2017,5.1,5.1,5,5.1,36780
03/06/2017,5.1,5.2,5,5,36770
03/07/2017,5.05,5.05,4.8,4.9,52747
03/08/2017,4.95,5.1,4.8,5.05,37831
03/09/2017,5.05,5.3,5,5.2,47476
03/10/2017,5.25,5.3,5.15,5.275,14729
03/13/2017,5.35,5.4,5.25,5.3,14339
03/14/2017,5.25,5.35,5.15,5.2297,18525
03/15/2017,5.4,5.463,5.2,5.35,22949
03/16/2017,5.2,5.35,5.15,5.15,8992
03/17/2017,5.2,5.3,5.1,5.25,20575
03/20/2017,5.35,5.395,5.25,5.25,10150
03/21/2017,5.2,5.3,4.8584,4.95,48831
03/22/2017,5.14,5.14,4.925,5,11583
03/23/2017,4.95,5.05,4.9,4.9455,2800
03/24/2017,4.9,5.05,4.85,5.05,9026
03/27/2017,5.05,5.2,5,5.05,13118
03/28/2017,5.05,5.15,4.9,5.05,11853
03/29/2017,5.1,5.1822,5.05,5.15,8227
03/30/2017,5.1,5.15,4.9,5.05,38036
03/31/2017,5.05,5.05,4.9,5.05,19904
04/03/2017,5.05,5.55,5,5.2,67256
04/04/2017,5.15,5.3,5.1,5.2,17401
04/05/2017,5.15,5.25,4.95,4.95,20424
04/06/2017,5.01,5.2,4.9,5,5500
04/07/2017,4.95,5.1,4.95,4.955,11763
04/10/2017,5.05,5.05,4.9,4.9,4349
04/11/2017,4.95,5.05,4.9,4.95,5133
04/12/2017,5,5,4.8,4.85,6470
04/13/2017,4.95,4.95,4.75,4.8352,6069
04/17/2017,4.798,4.984,4.75,4.85,7699
04/18/2017,4.945,4.945,4.75,4.9,14999
04/19/2017,4.91,5.3,4.8,5.1845,180720
04/20/2017,5.5,5.645,4.2,4.4,1793150
04/21/2017,4.45,4.55,4.35,4.4,263672
04/24/2017,4.45,4.45,3.9798,4.15,249981
04/25/2017,4.2,4.5,4.2,4.3,235127
04/26/2017,4.35,4.45,4.3,4.35,91581
04/27/2017,4.3,4.45,4.25,4.35,33280
04/28/2017,4.35,4.35,4.2,4.35,49193
05/01/2017,4.3,4.35,4.25,4.3,23528
05/02/2017,4.3,4.35,3.975,4.24,282546
05/03/2017,4.15,4.2,4.1,4.125,53734
05/04/2017,4.1,4.15,3.95,4.05,87609
05/05/2017,4.05,4.05,3.95,3.95,32203
05/08/2017,4,4.05,3.95,3.95,48288
05/09/2017,4,4.1,3.8,4.05,40246
05/10/2017,4.05,4.1,4,4.1,29374
05/11/2017,4,4.05,3.85,4,65282
05/12/2017,4.02,4.1,3.85,3.95,29500
05/15/2017,4.05,4.15,4,4.1,26536
05/16/2017,4.15,4.25,4.0784,4.25,55760
05/17/2017,4.25,4.55,4.05,4.45,109694
05/18/2017,4.35,4.6,4.336,4.45,35997
05/19/2017,4.395,4.55,4.31,4.4,62481
05/22/2017,4.4,4.45,4.3,4.35,57600
05/23/2017,4.35,4.7,4.25,4.6,153936
05/24/2017,4.65,4.7,4.5,4.625,63760
05/25/2017,4.65,4.8,4.65,4.7184,84937
05/26/2017,4.7,4.8,4.667,4.75,39088
05/30/2017,4.8,5.1,4.8,4.9,184184
05/31/2017,5,5.05,4.75,4.95,81571
06/01/2017,5.2,5.45,5.05,5.3,91875
06/02/2017,5.3,5.475,5.25,5.45,195294
06/05/2017,5.25,5.25,4.85,5.2,95989
06/06/2017,5.25,5.35,5.125,5.25,65115
06/07/2017,5.25,5.45,5.15,5.3,137050
06/08/2017,5.3,5.4,5.15,5.15,111894
06/09/2017,5.15,5.15,4.95,5.15,158721
06/12/2017,5.1,5.35,5.025,5.05,57781
06/13/2017,5.1,5.25,5.05,5.1,49628
06/14/2017,4.3,4.655,4.175,4.6,452696
06/15/2017,4.6,4.65,4,4.15,128687
06/16/2017,4.1,4.45,4.1,4.3,75252
06/19/2017,4.45,4.55,4.35,4.35,91435
06/20/2017,4.5,4.5,4.25,4.25,44662
06/21/2017,4.3,4.3,4.15,4.2,72249
06/22/2017,4.2,4.35,4.2,4.25,23680
06/23/2017,4.319,4.4,4.2,4.35,10329
06/26/2017,4.35,4.65,4.305,4.5,66557
06/27/2017,4.5,4.6,4.35,4.45,34161
06/28/2017,4.5,4.65,4.45,4.5,31833
06/29/2017,4.5,4.65,4.4645,4.55,7149
06/30/2017,4.55,4.7,4.5,4.65,309394
07/03/2017,4.65,4.75,4.55,4.7,7247
07/05/2017,4.7,4.8,4.7,4.75,15766
07/06/2017,4.85,4.85,4.7,4.8,34690
07/07/2017,4.85,4.9,4.7,4.875,64556
07/10/2017,5,5.1,4.7,4.9,47732
07/11/2017,4.85,4.95,4.75,4.85,40744
07/12/2017,4.9,5,4.9,4.9,17219
07/13/2017,4.8,5.1,4.8,5,17171
07/14/2017,5.05,5.1,4.9,4.95,20301
07/17/2017,4.9,5.1,4.75,4.85,29007
07/18/2017,5,5,4.7,4.75,14259
07/19/2017,4.85,4.9785,4.7,4.875,45857
07/20/2017,4.85,4.85,4.61,4.7805,15107
07/21/2017,4.85,4.85,4.6,4.75,20769
07/24/2017,4.75,4.85,4.6,4.7305,44939
07/25/2017,4.75,4.8,4.65,4.75,18747
07/26/2017,4.6,5.05,4.6,4.975,76360
07/27/2017,5,5.1,4.7,4.75,71973
07/28/2017,4.8,4.95,4.7,4.9,25833
07/31/2017,4.85,4.95,4.65,4.75,16891
08/01/2017,4.8,4.8,4.4,4.7,73180
08/02/2017,4.65,4.7,4.495,4.65,20236
08/03/2017,4.55,4.6,4.35,4.4,21521
08/04/2017,4.4,4.55,4.35,4.4,15040
08/07/2017,4.25,4.7,4.25,4.7,26092
08/08/2017,4.7,4.75,4.3175,4.45,39999
08/09/2017,4.45,4.5,4.2643,4.5,7045
08/10/2017,4.35,4.45,4.2,4.45,22056
08/11/2017,4.5,4.5,4.15,4.4,8946
08/14/2017,4.4,4.4,4.275,4.275,17217
08/15/2017,4.25,4.25,4.1,4.15,16534
08/16/2017,4.25,4.35,4,4.2,17013
08/17/2017,4.3,4.35,4.2,4.3,4706
08/18/2017,4.25,4.25,4.2,4.2,6291
08/21/2017,4.25,4.25,3.9,3.9,33151
08/22/2017,4,4.15,4,4.15,12484
08/23/2017,4.06,4.15,4.05,4.1,8739
08/24/2017,4.1,4.2,4.05,4.175,10142
08/25/2017,4.1,4.25,4.1,4.2,18490
08/28/2017,4.15,4.34,4.15,4.225,36353
08/29/2017,4.1,4.3,4.1,4.3,10767
08/30/2017,4.25,4.3,4.25,4.25,8763
08/31/2017,4.05,4.2,4.05,4.15,21869
09/01/2017,4.25,4.3,4.055,4.3,20560
09/05/2017,4.35,4.4,4.155,4.3,13925
09/06/2017,4.25,4.25,4.05,4.15,21590
09/07/2017,4.05,4.2741,4,4.2,15271
09/08/2017,4.3,4.3,4.1,4.15,25264
09/11/2017,4.2184,4.25,4.188,4.2,19605
09/12/2017,6.9,7.3,5.6,5.7,10968838
09/13/2017,6.35,6.6,6.1,6.5,2742312
09/14/2017,6.8,11.045,6.6,10.9,9901195
09/15/2017,9.8,11.9,8.15,8.625,5927488
09/18/2017,8.8,9.55,8.55,9,956293
09/19/2017,7.6,7.9,7,7.2,5954366
09/20/2017,7.25,7.75,7.1188,7.65,1652121
09/21/2017,7.75,9.05,7.705,8,3156401
09/22/2017,8.2,8.65,7.9,8.0372,1275016
09/25/2017,8.05,8.2765,7.6,7.65,606223
09/26/2017,7.8,8,7.15,7.2,634055
09/27/2017,7.3,7.695,7.05,7.325,407840
09/28/2017,7.45,7.7669,7.1,7.25,425703
09/29/2017,7.35,7.5,7.1,7.2,543787
10/02/2017,7.15,7.4,7.0675,7.4,488700
10/03/2017,7.5,7.7,7.25,7.5,469107
10/04/2017,7.45,7.8833,7.31,7.65,429068
10/05/2017,7.7,7.945,7.45,7.75,223377
10/06/2017,7.75,7.9,7.3,7.355,387099
10/09/2017,7.3,7.75,7.25,7.75,262623
10/10/2017,7.9,8.3,7.45,7.7,511829
10/11/2017,7.65,7.71,7.2,7.525,480847
10/12/2017,7.45,7.4749,7.2,7.35,177109
10/13/2017,7.3,7.39,7,7.15,224503
10/16/2017,7.15,7.2,6.8,6.975,209634
10/17/2017,6.95,7,6.425,6.65,333424
10/18/2017,6.6,6.85,6.45,6.45,180935
10/19/2017,6.5,6.95,6.25,6.775,214105
10/20/2017,6.85,7.095,6.65,6.75,154397
10/23/2017,6.7,6.85,6.25,6.25,184614
10/24/2017,6.25,6.35,5.75,6.25,315647
10/25/2017,6.9,7.35,6.2,6.45,968552
10/26/2017,6.4,6.6,6.15,6.25,214218
10/27/2017,6.25,6.45,6.0721,6.3,152768
10/30/2017,6.45,6.5,6.1,6.25,126860
10/31/2017,6.2,6.35,6.0685,6.3,93902
11/01/2017,6.3,6.45,6.2,6.35,46237
11/02/2017,6.25,6.4,6,6.05,154449
11/03/2017,6,6.3,5.95,6.225,98308
11/06/2017,6.25,6.3,6.05,6.05,63682
11/07/2017,6.05,6.1325,5.85,5.9,144795
11/08/2017,5.85,5.95,5.75,5.75,117694
11/09/2017,5.8,5.9,5.55,5.7,225430
11/10/2017,5.7,6.25,5.65,5.95,117975
11/13/2017,6,6.15,5.85,6.05,70911
11/14/2017,5.95,6.05,5.75,6.05,98832
11/15/2017,6.05,6.3,5.9,6.25,102171
11/16/2017,6.2,6.3,6,6.1,80452
11/17/2017,6.15,6.3,6.1,6.15,35763
11/20/2017,6.15,6.4,6.15,6.25,88390
11/21/2017,6.25,6.4,6,6.1,109163
11/22/2017,6.1405,6.45,6,6.375,89852
11/24/2017,6.4,6.55,6.3,6.4,61850
11/27/2017,6.35,7,6.241,6.85,294569
11/28/2017,6.85,7.075,6.4,6.85,130946
11/29/2017,6.9,6.9,6.45,6.75,65347
11/30/2017,6.75,6.89,6.55,6.6,69234
12/01/2017,6.65,6.7,6.3,6.4,77340
12/04/2017,6.5,6.6,6.3625,6.45,50043
12/05/2017,6.45,6.5,6.31,6.4,69467
12/06/2017,6.3,6.45,6.2,6.4,95463
12/07/2017,6.35,6.6,6.25,6.5,61130
12/08/2017,6.5,6.95,6.4717,6.9,155095
12/11/2017,7,7.1,6.6,6.825,46602
12/12/2017,6.85,6.9,6.425,6.6,88066
12/13/2017,6.5,6.64,6.4,6.5,35923
12/14/2017,6.5,6.65,6.45,6.475,29663
12/15/2017,6.55,6.65,6.4,6.5,67883
12/18/2017,6.45,6.563,6.3,6.425,80416
12/19/2017,6.25,6.583,6.25,6.45,37586
12/20/2017,6.45,6.4784,6.25,6.3,49084
12/21/2017,6.3,6.45,6.2,6.45,46750
12/22/2017,6.2725,6.7,6.25,6.7,60484
12/26/2017,6.7,7.1,6.65,6.9,147383
12/27/2017,6.9,7.25,6.75,6.8,98793
12/28/2017,6.9,6.94,6.5,6.575,64546
12/29/2017,6.55,6.9,6.55,6.8,66921
01/02/2018,6.9,7.1,6.8,7.1,110852
01/03/2018,7,7.1,6.9,7,44207
01/04/2018,7.1,7.15,6.85,7.15,70599
01/05/2018,7.1,7.15,6.85,7.1,57861
01/08/2018,7.1,7.1,6.55,6.55,261290
01/09/2018,6.59,6.65,6.5,6.65,73660
01/10/2018,6.65,6.85,6.35,6.75,171867
01/11/2018,6.8,7,6.6,6.9,143380
01/12/2018,6.75,6.85,6.5,6.85,29859
01/16/2018,6.9,7.04,6.5,6.55,73892
01/17/2018,6.6,6.9,6.6,6.65,38464
01/18/2018,6.65,6.8,6.55,6.625,56625
01/19/2018,6.65,7,6.6,6.9,97938
01/22/2018,6.9,7.45,6.85,7.45,243156
01/23/2018,7.45,7.75,7,7.2,302230
01/24/2018,7.4,7.45,7.125,7.35,85201
01/25/2018,7.3,7.45,7.15,7.25,38828
01/26/2018,7.4,7.55,7.25,7.45,89814
01/29/2018,7.6,7.6382,7.403,7.575,179094
01/30/2018,7.55,7.6672,7.45,7.6,76062
01/31/2018,7.65,7.65,7.11,7.5,125638
02/01/2018,7.4,7.69,7.4,7.5,141785
02/02/2018,7.545,7.59,7.05,7.075,115620
02/05/2018,7,7.1,6.55,6.75,89348
02/06/2018,6.65,6.85,6.45,6.75,76545
02/07/2018,6.75,7.1,6.7,7.025,42971
02/08/2018,7.1,7.15,6.75,6.75,30266
02/09/2018,6.8,6.89,6.25,6.8,109741
02/12/2018,6.9,7.05,6.65,7.025,38778
02/13/2018,7,7.1,6.9401,7,51877
02/14/2018,7.05,7.25,6.51,7.1,89441
02/15/2018,7.2,7.3,6.9,7,48864
02/16/2018,7.05,7.3,7,7.15,37070
02/20/2018,7.25,7.34,7.05,7.1,22514
02/21/2018,7.22,7.52,7.1,7.5,96848
02/22/2018,7.5,7.6,7.35,7.449,60838
02/23/2018,7.6,7.65,7.4,7.55,91023
02/26/2018,7.55,7.75,7.55,7.725,90740
02/27/2018,7.95,8.9,7.385,8.65,440562
02/28/2018,8.55,8.95,7.8409,8.3,215792
03/01/2018,8.25,8.5169,8,8.3,89331
03/02/2018,8.25,8.45,7.95,8.375,62659
03/05/2018,8.4,8.55,8.36,8.5,72324
03/06/2018,8.55,8.8,8.4,8.65,54946
03/07/2018,8.71,8.85,8.419,8.6,109319
03/08/2018,8.55,8.71,8.35,8.65,68364
03/09/2018,8.8,8.8,8.6773,8.775,71440
03/12/2018,8.75,8.94,8.7,8.9,103383
03/13/2018,8.9,8.95,8.735,8.85,98304
03/14/2018,8.9,8.95,8.65,8.9,94841
03/15/2018,8.85,8.95,8.56,8.75,47275
03/16/2018,8.5857,8.7,8.35,8.545,103997
03/19/2018,8.4,8.5,8.2,8.5,46358
03/20/2018,8.35,8.545,8.15,8.175,41308
03/21/2018,8.25,8.35,8.1,8.25,51060
03/22/2018,8.3,8.5,8.1343,8.25,80737
03/23/2018,8.3,8.3,7.85,7.975,76131
03/26/2018,8.1,8.35,7.8486,8.35,61685
03/27/2018,8.35,8.35,7.7,7.9,85635
03/28/2018,7.9,8.39,7.45,8.2,141139
03/29/2018,8.15,8.15,7.25,7.5,193721
04/02/2018,7.5,7.5,7,7.05,81667
04/03/2018,7.1,7.2,6.9,7,57988
04/04/2018,6.8,7.2,6.8,7.15,43302
04/05/2018,7.15,7.4,7.05,7.05,43406
04/06/2018,7,7.35,6.85,6.95,59649
04/09/2018,7,7.15,6.85,6.95,28224
04/10/2018,6.95,7.1,6.9,7,41603
04/11/2018,6.95,7.2,6.9,6.95,53079
04/12/2018,7.05,7.4,7,7.1,48315
04/13/2018,7.2,7.2,6.9,7,41329
04/16/2018,7.05,7.35,6.95,7,24674
04/17/2018,7.05,7.24,6.95,7.1,63874
04/18/2018,7.1,7.25,7.05,7.15,31423
04/19/2018,7.15,7.175,7,7.05,40075
04/20/2018,7.055,7.15,6.875,6.975,48678
04/23/2018,7,7.25,6.9,7.2,66312
04/24/2018,7.2,7.35,6.85,6.9,102225
04/25/2018,6.95,7.2,6.85,7.15,48126
04/26/2018,7.145,7.45,7.1,7.3,92987
04/27/2018,7.4,8,7.2,7.95,624267
04/30/2018,7.95,8.19,7.69,7.85,90806
05/01/2018,7.9,8.15,7.7,7.95,53378
05/02/2018,7.85,8.1,7.85,8.025,82307
05/03/2018,7.95,8.2,7.8,7.95,46012
05/04/2018,7.9337,8,7.55,7.85,41046
05/07/2018,7.9,8.1,7.75,7.8,37461
05/08/2018,7.8,8.05,7.7254,8,52363
05/09/2018,8.008,8.1,7.85,8.05,67337
05/10/2018,7.9,8.4,7.75,7.75,65880
05/11/2018,7.8,8.3,7.75,8.225,90397
05/14/2018,8.35,8.8,8.1505,8.55,175054
05/15/2018,8,8.75,8,8.5,63342
05/16/2018,8.55,8.95,8.25,8.9,110969
05/17/2018,8.9,9.275,8.8674,9.175,213075
05/18/2018,9.3,9.3,8.5,8.8,77812
05/21/2018,8.8,8.95,8.35,8.5,53192
05/22/2018,8.49,8.75,8.45,8.7,34890
05/23/2018,8.5,8.75,8.41,8.7,125723
05/24/2018,8.75,8.8,8.6,8.7,92483
05/25/2018,8.85,8.95,8.4,8.55,114047
05/29/2018,8.6,8.6,8.15,8.15,59830
05/30/2018,8.4,8.6,8.275,8.3,52676
05/31/2018,8.4,8.45,8.25,8.35,58927
06/01/2018,8.5,8.5,8.05,8.15,85058
06/04/2018,8.15,8.4,8.1,8.4,69233
06/05/2018,8.35,8.5,8.25,8.4,45271
06/06/2018,8.4018,8.5,8.35,8.45,44046
06/07/2018,8.4,8.525,8.15,8.4,69819
06/08/2018,8.35,8.55,8.25,8.45,56692
06/11/2018,8.4,8.5,8.25,8.4,60410
06/12/2018,8.45,8.7,8.4083,8.5,129374
06/13/2018,8.55,8.7,8.45,8.5,79388
06/14/2018,8.6,8.7,8.6,8.65,123078
06/15/2018,8.7,8.95,8.7,8.8,107823
06/18/2018,8.75,8.9,8.6,8.65,111295
06/19/2018,8.65,8.8,8.55,8.6,95385
06/20/2018,8.9,8.9,8.3,8.4,142084
06/21/2018,8.5,8.65,8.2,8.55,121708
06/22/2018,8.5,8.65,8.3,8.65,1431608
06/25/2018,8.6,8.65,8.1,8.25,62179
06/26/2018,8.35,8.5304,8.15,8.475,86463
06/27/2018,8.5,8.5,7.9,8.1,72475
06/28/2018,8.1,8.2,7.8,8.15,55607
06/29/2018,8.1,8.2572,7.8,7.95,72749
07/02/2018,8,8.2,7.75,8.1,30838
07/03/2018,8.15,8.3,7.9,8.05,27239
07/05/2018,8,8.25,7.8,8.225,68690
07/06/2018,8.15,8.35,8.05,8.15,37574
07/09/2018,8.3,8.35,8.05,8.25,60969
07/10/2018,8.3,8.3333,8.15,8.3,109971
07/11/2018,8.2,8.4,8.15,8.25,109168
07/12/2018,8.35,8.4,8.25,8.4,47488
07/13/2018,8.4,8.55,8.35,8.55,93843
07/16/2018,8.5,8.55,7.75,7.9,96579
07/17/2018,7.9,8.1,7.85,8.05,57582
07/18/2018,8.05,8.2,7.8,8.1,48489
07/19/2018,8.05,8.15,8,8.075,37185
07/20/2018,8.05,8.1,7.9,7.925,42268
07/23/2018,7.9,8,7.7,7.95,64256
07/24/2018,7.95,8.05,7.45,7.525,186589
07/25/2018,7.5,7.65,7.2,7.4,115952
07/26/2018,7.35,7.75,7.11,7.45,97154
07/27/2018,7.5,7.6,7.11,7.4,158960
07/30/2018,7.3,7.45,6.75,6.8,121204
07/31/2018,7,7.15,6.8256,6.975,71648
08/01/2018,6.95,7.2,6.95,7.1,68926
08/02/2018,7.1,7.45,7.05,7.175,38514
08/03/2018,7.2,7.3,6.9,6.95,54513
08/06/2018,6.95,7.1,6.75,6.95,44027
08/07/2018,7,7.1,6.85,7.05,58828
08/08/2018,7.04,7.3,6.95,7.2,60363
08/09/2018,7.2,7.5527,7.05,7.4,66218
08/10/2018,7.55,7.89,7.45,7.725,75117
08/13/2018,7.8,7.8,7.45,7.7,49962
08/14/2018,7.65,8,7.5,7.575,146946
08/15/2018,7.55,7.55,7.1,7.2,143461
08/16/2018,7.3,7.4,7.15,7.15,41782
08/17/2018,7.25,7.35,7.15,7.15,44605
08/20/2018,7.1,7.4,7.05,7.15,30082
08/21/2018,7.1,7.5,7.05,7.5,67955
08/22/2018,7.45,7.89,7.4,7.75,50445
08/23/2018,7.7651,7.85,7.55,7.65,42778
08/24/2018,7.75,7.8,7.4,7.6,42203
08/27/2018,7.85,7.85,7.55,7.55,79192
08/28/2018,7.6,7.75,7.6,7.6,29622
08/29/2018,7.65,7.813,7.55,7.7,85963
08/30/2018,7.75,8.15,7.7,8.15,70817
08/31/2018,8.15,8.45,8.15,8.4,61786
09/04/2018,8.55,8.55,8.01,8.125,71699
09/05/2018,8.2,8.2798,7.65,7.85,65216
09/06/2018,8.7,8.7,7.75,7.85,91411
09/07/2018,7.8,7.975,7.775,7.9,36861
09/10/2018,7.95,8.3,7.8,8.15,61931
09/11/2018,8.15,8.35,8,8.225,58480
09/12/2018,8.2,8.3,8,8.025,22825
09/13/2018,8.2,8.25,7.8,7.825,81611
09/14/2018,7.8571,8.05,7.8,7.8,31241
09/17/2018,7.75,7.95,7.6,7.65,32528
09/18/2018,7.75,7.995,7.65,7.85,67091
09/19/2018,7.95,8.25,7.95,8.1,152451
09/20/2018,8.1,8.6,8.05,8.5,250446
09/21/2018,8.45,9.5642,8.155,9.15,395048
09/24/2018,9.15,10.64,9.1,9.65,561267
09/25/2018,10,10.1,8.65,9.9,267400
09/26/2018,12.4,16.7,12,13.3,20254987
09/27/2018,13.55,14.9,13.255,14.3,4317102
09/28/2018,13.4,14.3,13.35,13.9,4187570
10/01/2018,13.81,13.99,12.77,13.12,1469467
10/02/2018,12.93,13.69,12.75,13.29,654437
10/03/2018,13.29,13.5,12.86,13.04,513894
10/04/2018,12.94,13.1299,12.1,12.55,557049
10/05/2018,12.63,13.29,12.28,12.75,398251
10/08/2018,12.58,13.26,12.43,12.8,318350
10/09/2018,12.66,13,12.52,12.75,134746
10/10/2018,12.69,12.9,11.83,12.11,345627
10/11/2018,12.05,12.05,11.51,11.85,334179
10/12/2018,12.04,12.89,12.04,12.485,815406
10/15/2018,12.43,12.54,11.8,12.39,219190
10/16/2018,12.44,13.32,12.19,12.91,230113
10/17/2018,12.87,13.03,12.55,12.95,146428
10/18/2018,12.91,13.1499,12.01,12.41,146397
10/19/2018,12.44,12.6399,11.9,11.94,233972
10/22/2018,11.92,12.29,11.3901,11.83,157362
10/23/2018,11.58,12.38,11.3,11.91,152936
10/24/2018,11.94,12.15,10.95,10.96,154652
10/25/2018,11.09,11.35,10.65,10.97,242806
10/26/2018,10.75,10.96,10.54,10.68,203461
10/29/2018,10.78,11.02,10.28,10.43,224243
10/30/2018,10.4,10.79,10.17,10.65,244081
10/31/2018,10.85,11.05,10.542,10.77,184316
11/01/2018,10.77,11.33,10.7587,10.88,160679
11/02/2018,10.93,11.345,10.51,10.99,80167
11/05/2018,10.9,10.95,10.6,10.7,55052
11/06/2018,10.72,10.77,10.1701,10.42,100689
11/07/2018,10.44,11.08,10.4282,11.06,158222
11/08/2018,11.05,11.2,10.85,10.99,97512
11/09/2018,10.86,10.86,10.42,10.56,55728
11/12/2018,10.56,10.56,10.02,10.27,139455
11/13/2018,10.31,10.49,9.93,10.08,142821
11/14/2018,9.57,10.7499,8.405,8.94,490474
11/15/2018,8.84,9.31,8.74,8.77,214728
11/16/2018,8.61,9.09,8.45,8.82,407753
11/19/2018,8.75,9.12,8.54,8.97,267207
11/20/2018,8.76,9.2,8.43,8.43,378472
11/21/2018,8.44,8.66,7.91,8.5,213995
11/23/2018,8.42,9.5,8.36,9.5,61573
11/26/2018,8.84,9.18,8.65,9.16,152975
11/27/2018,9.04,9.38,8.61,8.72,88303
11/28/2018,8.74,9.17,8.725,9,90454
11/29/2018,8.93,9.04,8.62,8.715,74450
11/30/2018,8.66,9.0007,8.65,8.98,86974
12/03/2018,9.18,9.29,9.014,9.27,106214
12/04/2018,9.56,10.26,9.56,10.06,397281
12/06/2018,10.1,10.2993,9.63,9.83,244266
12/07/2018,9.78,9.88,9.16,9.2,211300
12/10/2018,9.43,9.43,8.9,9.32,205182
12/11/2018,9.48,9.8,9.195,9.51,138272
12/12/2018,9.61,9.88,9.54,9.74,132492
12/13/2018,9.73,9.9111,9.47,9.49,74950
12/14/2018,9.43,9.56,9.247,9.48,117512
12/17/2018,9.35,9.41,8.77,8.82,183702
12/18/2018,8.88,8.96,8.42,8.56,171163
12/19/2018,8.6,8.81,8.08,8.24,227665
12/20/2018,8.25,8.25,7.55,7.83,242895
12/21/2018,7.81,7.86,7.15,7.27,670714
12/24/2018,7.25,7.75,7.18,7.48,143601
12/26/2018,7.53,8.11,7.53,8.01,171362
12/27/2018,7.86,8.0873,7.5821,7.87,130117
12/28/2018,7.88,8.24,7.645,8,117999
12/31/2018,8.05,8.4938,7.97,8.3,119218
01/02/2019,8.21,8.88,8.09,8.51,155810
01/03/2019,8.51,8.99,8.51,8.86,281389
01/04/2019,8.97,9.87,8.6,9.8,221030
01/07/2019,9.83,10.03,9.6529,9.77,173475
01/08/2019,9.88,9.94,9.55,9.86,191272
01/09/2019,9.86,10.0501,9.59,9.71,103643
01/10/2019,9.65,9.73,9.28,9.49,150478
01/11/2019,9.45,9.64,8.98,9.27,138121
01/14/2019,9.2,9.33,8.81,8.87,125744
01/15/2019,8.82,9.44,8.8101,9.3,98964
01/16/2019,9.36,9.38,8.58,8.97,242431
01/17/2019,8.96,9.14,8.67,8.74,118091
01/18/2019,8.74,9.03,8.3,8.9,175710
01/22/2019,8.87,8.8899,8.3,8.48,104433
01/23/2019,8.51,8.6424,8.34,8.511,103988
01/24/2019,8.53,8.74,8.25,8.53,83176
01/25/2019,8.53,8.735,8.411,8.64,81567
01/28/2019,8.6,8.71,8.34,8.35,120846
01/29/2019,8.37,8.66,8.02,8.45,191424
01/30/2019,8.5,8.86,8.26,8.83,131042
01/31/2019,8.76,9.28,8.72,8.82,143185
02/01/2019,8.8,9.105,8.52,8.99,148288
02/04/2019,8.98,9.02,8.84,8.96,37462
02/05/2019,8.99,9.095,8.58,8.72,111510
02/06/2019,8.71,8.71,8.41,8.66,118186
02/07/2019,8.58,8.7,8.2,8.25,97680
02/08/2019,8.28,8.4,7.7,7.92,298335
02/11/2019,8,8.21,7.84,8.04,199139
02/12/2019,8.1,8.49,8.08,8.36,231732
02/13/2019,8.37,8.577,8.12,8.26,183211
02/14/2019,8.28,8.54,7.86,7.98,201764
02/15/2019,8.02,8.02,7.5,7.77,297717
02/19/2019,7.74,7.855,7.5,7.59,241305
02/20/2019,7.67,7.78,7.5,7.76,286872
02/21/2019,7.75,8.5,7.58,7.99,219473
02/22/2019,8.03,8.22,7.8,7.81,135230
02/25/2019,7.8,8.07,7.59,7.63,265321
02/26/2019,7.6,7.75,7.46,7.57,359538
02/27/2019,7.6,8.32,7.6,8.04,209141
02/28/2019,8.09,8.2899,7.61,8.08,247270
03/01/2019,8.14,8.53,7.82,8.28,133510
03/04/2019,8.37,8.64,7.86,8,196874
03/05/2019,8.01,8.35,7.9,8.05,168963
03/06/2019,8.07,8.18,7.34,7.52,360465
03/07/2019,7.52,7.94,7.34,7.84,266715
03/08/2019,7.68,7.68,7.05,7.52,427569
03/11/2019,7.55,8.11,7.491,8,281101
03/12/2019,8.06,9,7.97,8.91,365840
03/13/2019,9,9.505,8.91,9.4,477593
03/14/2019,9.4,9.46,8.61,8.72,326532
03/15/2019,8.71,8.8999,8.28,8.36,339851
03/18/2019,8.36,8.6199,8.21,8.26,168300
03/19/2019,8.26,8.6,8.245,8.33,136396
03/20/2019,8.35,8.355,8.02,8.16,119724
03/21/2019,8.12,8.38,7.88,7.89,125341
03/22/2019,7.77,7.9508,7.05,7.445,350432
03/25/2019,7.47,7.6199,6.81,7.12,316972
03/26/2019,12.2,12.79,9.35,9.71,20828969
03/27/2019,9.51,9.63,9.02,9.36,2017567
03/28/2019,9.34,9.72,8.61,9.28,1217963
03/29/2019,9.38,9.525,8.89,9,572821
04/01/2019,9.04,9.2169,8.62,8.69,439700
04/02/2019,8.68,8.8,8.51,8.6,353900
04/03/2019,8.6,9.11,8.3401,8.73,415947
04/04/2019,8.75,8.98,8.6,8.77,222608
04/05/2019,8.78,9.07,8.69,9,232647
04/08/2019,8.99,9.05,8.53,8.63,231239
04/09/2019,8.62,8.65,8.32,8.32,262223
04/10/2019,8.51,8.79,8.37,8.56,270836
04/11/2019,8.56,8.6,8.25,8.32,262754
04/12/2019,8.42,8.45,8.16,8.19,220136
04/15/2019,8.12,8.17,7.96,8.045,238242
04/16/2019,8.1,8.11,7.85,7.86,336261
04/17/2019,7.89,7.9639,7.4612,7.7,488847
04/18/2019,7.69,7.82,7.5428,7.76,229924
04/22/2019,7.69,7.81,7.65,7.71,172190
04/23/2019,7.71,8.235,7.7,8.19,217286
04/24/2019,8.18,8.31,7.9701,8.08,158340
04/25/2019,8.08,8.29,7.99,8.12,173827
04/26/2019,8.14,8.31,8.07,8.3,143133
04/29/2019,8.34,8.47,8.19,8.3,193646
04/30/2019,8.31,8.42,8.16,8.26,141160
05/01/2019,8.31,8.3483,8,8.04,159791
05/02/2019,7.99,8.1467,7.84,8,162493
05/03/2019,7.94,8.11,7.795,8.1,117469
05/06/2019,7.96,8.35,7.94,8.28,96752
05/07/2019,8.19,8.33,8.02,8.11,97305
05/08/2019,8.1,8.22,7.96,7.97,75631
05/09/2019,7.76,8.14,7.75,8.03,187704
05/10/2019,7.9,7.93,7.65,7.74,232634
05/13/2019,7.6,7.71,7.35,7.44,211718
05/14/2019,7.5,7.71,7.4,7.42,147139
05/15/2019,7.35,7.5,7.18,7.39,150740
05/16/2019,7.42,7.545,7.21,7.36,296829
05/17/2019,7.26,7.47,7.24,7.28,113960
05/20/2019,7.19,7.24,7.1,7.12,137211
05/21/2019,7.2,7.43,7.12,7.3,141191
05/22/2019,7.28,7.47,7.12,7.26,135085
05/23/2019,7.18,7.21,7.02,7.14,99546
05/24/2019,7.15,7.41,7.115,7.32,122463
05/28/2019,7.33,7.37,7.12,7.15,112261
05/29/2019,7.12,7.17,6.98,7.06,104636
05/30/2019,7.06,7.22,6.92,6.99,124967
05/31/2019,6.86,7.0226,6.76,6.96,87735
06/03/2019,6.96,7.08,6.68,6.72,135528
06/04/2019,6.82,7.09,6.73,7.05,154913
06/05/2019,7.12,7.17,6.77,6.86,84248
06/06/2019,6.91,6.96,6.57,6.7,165121
06/07/2019,6.71,6.8731,6.5,6.83,192821
06/10/2019,6.84,6.99,6.83,6.88,105411
06/11/2019,6.92,6.92,6.58,6.68,71850
06/12/2019,6.68,6.8405,6.54,6.61,143672
06/13/2019,6.7,6.78,6.56,6.74,239960
06/14/2019,6.72,6.78,6.3434,6.52,446502
06/17/2019,6.55,6.8097,6.54,6.66,191136
06/18/2019,6.71,7.08,6.65,6.85,279044
06/19/2019,6.89,7.22,6.89,7.07,233383
06/20/2019,7.15,7.3338,6.87,7,150263
06/21/2019,6.93,7.59,6.91,7.36,294248
06/24/2019,7.45,7.515,7.03,7.08,196395
06/25/2019,5.2,6.24,4.99,6.21,3555213
06/26/2019,6.27,6.5,6.09,6.23,448084
06/27/2019,6.24,6.37,6.12,6.15,205849
06/28/2019,6.18,6.27,5.92,5.98,592528
07/01/2019,6.14,6.19,5.9096,6.13,137812
07/02/2019,6.11,6.145,5.96,6.04,86904
07/03/2019,6.04,6.1,5.86,6.01,87621
07/05/2019,5.97,6.09,5.82,5.98,86764
07/08/2019,5.96,5.96,5.745,5.93,141788
07/09/2019,5.86,6.06,5.86,6,130179
07/10/2019,6.01,6.08,5.89,5.99,73728
07/11/2019,6,6.03,5.71,5.71,114226
07/12/2019,5.69,5.78,5.54,5.6,142223
07/15/2019,5.57,5.81,5.57,5.67,159032
07/16/2019,5.7,5.78,5.62,5.69,96456
07/17/2019,5.67,5.7138,5.385,5.47,276786
07/18/2019,5.47,5.61,5.39,5.39,162761
07/19/2019,5.4,5.5,5.24,5.27,290243
07/22/2019,5.27,5.36,5.08,5.29,257976
07/23/2019,5.3,5.55,5.23,5.49,108660
07/24/2019,5.45,5.55,5.32,5.44,84927
07/25/2019,5.44,5.44,5.22,5.3,44832
07/26/2019,5.32,5.38,5.22,5.38,81526
07/29/2019,5.34,5.39,5.15,5.3,87241
07/30/2019,5.24,5.52,5.2,5.5,91670
07/31/2019,5.52,5.64,5.36,5.48,135430
08/01/2019,5.47,5.62,5.42,5.52,208579
08/02/2019,5.46,5.51,5.3402,5.45,91229
08/05/2019,5.34,5.4,5.01,5.17,119962
08/06/2019,5.18,5.32,5.055,5.28,410723
08/07/2019,5.27,5.46,5.23,5.43,75658
08/08/2019,6,6,5.2035,5.41,171716
08/09/2019,5.37,5.46,5.15,5.23,201517
08/12/2019,5.17,5.25,5.05,5.23,56202
08/13/2019,5.18,5.42,5.13,5.42,48043
08/14/2019,5.3,5.43,5.19,5.32,79749
08/15/2019,5.31,5.38,4.835,4.88,173122
08/16/2019,4.95,5.05,4.75,4.85,212924
08/19/2019,4.98,5.13,4.85,4.98,60122
08/20/2019,4.97,5.12,4.94,5.1,34930
08/21/2019,5.05,5.22,4.9949,5.13,50042
08/22/2019,5.14,5.14,4.98,4.98,24765
08/23/2019,4.95,5.12,4.64,4.71,107104
08/26/2019,4.79,4.79,4.53,4.67,51939
08/27/2019,4.73,4.74,4.4,4.4,131820
08/28/2019,4.39,4.565,4.33,4.38,195049
08/29/2019,4.47,4.64,4.47,4.51,99260
08/30/2019,4.52,4.62,4.31,4.43,102303
09/03/2019,4.36,4.69,4.36,4.49,248150
09/04/2019,4.53,4.7,4.46,4.61,154616
09/05/2019,4.68,5.08,4.58,5.06,206033
09/06/2019,5.06,5.15,4.9,4.93,116739
09/09/2019,4.93,5.03,4.76,4.9,106946
09/10/2019,5.05,5.64,4.965,5.59,414023
09/11/2019,5.53,6.06,5.53,5.74,376959
09/12/2019,6.05,6.05,5.58,5.84,267901
09/13/2019,6,6.3,5.72,5.76,228548
09/16/2019,5.66,6.0862,5.48,5.86,235158
09/17/2019,6.03,6.1232,5.77,5.88,340721
09/18/2019,5.89,5.98,5.73,5.77,135916
09/19/2019,5.66,5.925,5.64,5.75,81053
09/20/2019,5.79,6.11,5.75,5.92,420412
09/23/2019,6.04,6.04,5.73,5.92,154895
09/24/2019,6.04,6.25,5.6316,5.73,305067
09/25/2019,5.78,6.17,5.63,5.69,201844
09/26/2019,5.73,5.8638,5.38,5.65,164305
09/27/2019,5.66,5.79,5.46,5.7496,170849
09/30/2019,5.69,5.86,5.21,5.27,257014
10/01/2019,5.27,5.46,5.02,5.05,148386
10/02/2019,5.06,5.47,4.86,5.46,185437
10/03/2019,5.47,5.54,5.33,5.42,164205
10/04/2019,5.39,5.71,5.26,5.63,264856
10/07/2019,5.62,5.63,5.36,5.6,200127
10/08/2019,5.55,5.55,5.27,5.29,136478
10/09/2019,5.31,5.45,5.08,5.18,131195
10/10/2019,5.14,5.27,5.0504,5.25,121878
10/11/2019,5.33,5.45,5.15,5.17,209493
10/14/2019,5.07,5.37,5.01,5.16,125448
10/15/2019,5.19,5.68,5.07,5.67,194470
10/16/2019,5.66,5.79,5.59,5.74,158194
10/17/2019,5.77,6.04,5.6,5.92,91573
10/18/2019,5.92,5.92,5.56,5.66,107389
10/21/2019,5.71,5.86,5.62,5.85,143391
10/22/2019,6.03,6.1,5.73,5.97,173607
10/23/2019,6.01,6.098,5.81,5.94,127555
10/24/2019,5.89,5.93,5.675,5.71,132338
10/25/2019,5.69,5.85,5.51,5.83,118474
10/28/2019,5.85,6.15,5.74,5.87,254215
10/29/2019,5.93,5.93,5.71,5.77,113825
10/30/2019,5.75,5.85,5.58,5.645,157635
10/31/2019,5.69,5.9299,5.49,5.6,324698
11/01/2019,5.64,6.0498,5.57,5.875,326987
11/04/2019,5.91,6.12,5.87,5.88,269282
11/05/2019,5.95,6.25,5.82,6.075,171265
11/06/2019,6.1,6.3,6.01,6.03,167005
11/07/2019,6.09,6.3,5.45,5.74,431642
11/08/2019,5.67,5.96,5.56,5.92,135961
11/11/2019,5.85,6.18,5.72,6.01,158552
11/12/2019,6.05,6.21,5.96,6.1,193315
11/13/2019,6.06,6.22,5.95,6.09,181838
11/14/2019,6.08,6.19,5.96,6.03,152969
11/15/2019,6.06,6.11,5.96,6.04,103604
11/18/2019,6.02,6.05,5.8,5.86,98075
11/19/2019,5.9,6.05,5.79,6.02,263510
11/20/2019,5.94,6.25,5.94,6.02,185654
11/21/2019,6.02,6.0653,5.82,5.84,256468
11/22/2019,5.81,6.2111,5.8,6.155,221784
11/25/2019,6.2,6.73,6.2,6.69,273560
11/26/2019,6.7,7.45,6.7,7.11,606267
11/27/2019,7.21,7.58,7.06,7.41,269148
11/29/2019,7.39,8.05,7.39,8,251511
12/02/2019,7.87,7.937,7.3,7.5,296917
12/03/2019,5.62,5.73,4.9,5.05,2576536
12/04/2019,5.07,5.2,4.61,4.76,953206
12/05/2019,4.72,4.9,4.48,4.825,566582
12/06/2019,4.83,4.97,4.69,4.74,202762
12/09/2019,4.7,4.9,4.67,4.82,232147
12/10/2019,4.81,5.2,4.8,5.1,372259
12/11/2019,5.14,5.39,5.06,5.35,252739
12/12/2019,5.3,5.45,5.23,5.31,194989
12/13/2019,5.44,5.44,5.11,5.13,220623
12/16/2019,5.16,5.27,5.04,5.06,205778
12/17/2019,5.09,5.4,5,5.39,185202
12/18/2019,5.63,5.9899,5.55,5.71,422845
12/19/2019,5.79,5.93,5.526,5.79,183533
12/20/2019,5.8,5.93,5.62,5.645,167059
12/23/2019,5.76,5.76,5.5,5.61,665808
12/24/2019,5.62,5.735,5.53,5.68,176944
12/26/2019,5.79,6.8599,5.78,6.59,711847
12/27/2019,6.64,6.71,6.16,6.48,267935
12/30/2019,6.55,6.59,5.85,5.95,219277
12/31/2019,5.92,6.06,5.79,5.81,250461
01/02/2020,5.9,5.96,5.75,5.95,170550
01/03/2020,5.89,6.14,5.83,5.87,189954
01/06/2020,5.82,5.97,5.7,5.89,159832
01/07/2020,5.88,6.27,5.86,6.18,197312
01/08/2020,6.24,6.37,6.08,6.295,231089
01/09/2020,6.3,6.4,6.11,6.21,173234
01/10/2020,6.29,6.36,6.13,6.23,150174
01/13/2020,6.3,6.3,6.05,6.15,95835
01/14/2020,6.19,6.22,6.01,6.2,103270
01/15/2020,6.23,6.3,6.07,6.25,160142
01/16/2020,6.36,6.57,6.36,6.4,143101
01/17/2020,6.45,6.519,6.24,6.26,93273
01/21/2020,6.26,6.36,6.1,6.24,115331
01/22/2020,6.29,6.36,6.18,6.25,80124
01/23/2020,6.21,6.23,5.93,6.03,159958
01/24/2020,6.06,6.18,5.84,5.93,112606
01/27/2020,5.76,5.93,5.61,5.85,95018
01/28/2020,5.94,5.97,5.74,5.78,105912
01/29/2020,5.87,5.87,5.55,5.57,128032
01/30/2020,5.5,5.5847,5.32,5.42,110008
01/31/2020,5.37,5.5,5.23,5.35,132137
02/03/2020,5.36,5.415,5.26,5.37,76376
02/04/2020,5.44,5.6,5.37,5.52,76263
02/05/2020,5.56,5.7018,5.5,5.59,64354
02/06/2020,5.64,5.66,5.46,5.53,40795
02/07/2020,5.5,5.5,5.25,5.34,66168
02/10/2020,5.31,5.42,5.26,5.32,71013
02/11/2020,5.37,5.445,5.24,5.32,91548
02/12/2020,5.33,5.45,5.31,5.32,80027
02/13/2020,5.29,5.37,5.15,5.16,69862
02/14/2020,5.18,5.2,5.021,5.12,92875
02/18/2020,5.06,5.19,5.0592,5.165,62828
02/19/2020,5.18,5.24,5.08,5.18,108834
02/20/2020,5.17,5.23,5.05,5.05,148576
02/21/2020,5.07,5.1,5.03,5.04,106954
02/24/2020,5.1,5.1168,4.82,4.84,446755
02/25/2020,4.84,4.8975,4.4,4.5,313209
02/26/2020,4.5,4.59,4.05,4.13,439718
02/27/2020,4.04,4.22,3.79,3.87,377222
02/28/2020,3.75,3.81,3.63,3.8,347024
03/02/2020,3.8,3.85,3.6,3.78,314145
03/03/2020,3.8,3.87,3.58,3.62,131837
03/04/2020,3.74,3.845,3.71,3.76,286954
03/05/2020,3.72,3.79,3.535,3.565,242941
03/06/2020,3.5,3.64,3.38,3.52,194092
03/09/2020,3.19,3.405,2.95,2.96,263016
03/10/2020,3.1,3.17,2.82,3.01,212478
03/11/2020,3,3.0111,2.62,2.78,396310
03/12/2020,2.5,2.75,2.41,2.41,286662
03/13/2020,2.62,3.48,2.38,2.51,315560
03/16/2020,2.75,2.8,1.59,1.62,587733
03/17/2020,1.61,2.14,1.48,1.99,567367
03/18/2020,2.05,2.28,1.68,1.71,290060
03/19/2020,1.71,2.21,1.67,2.11,221973
03/20/2020,2.19,2.4017,1.84,1.93,329758
03/23/2020,1.96,2.015,1.81,1.91,201394
03/24/2020,2.25,2.405,1.96,2.32,373051
03/25/2020,2.3,2.4399,1.94,1.98,283921
03/26/2020,2.03,2.35,1.93,2.32,350840
03/27/2020,2.09,2.63,2.09,2.54,218416
03/30/2020,2.5,2.5765,2.31,2.44,178809
03/31/2020,2.4,2.57,2.33,2.46,129019
04/01/2020,2.31,2.36,2.09,2.12,161680
04/02/2020,2.1,2.1799,2.005,2.03,107163
04/03/2020,2.02,2.15,1.94,1.99,118044
04/06/2020,2.06,2.38,2.06,2.32,239094
04/07/2020,2.44,2.44,2.1,2.135,273780
04/08/2020,2.22,2.345,2.15,2.22,181399
04/09/2020,2.31,2.56,2.26,2.35,218303
04/13/2020,2.42,2.63,2.2806,2.47,179211
04/14/2020,2.9,3.25,2.65,3.18,1240157
04/15/2020,3.33,3.33,2.84,3.04,413643
04/16/2020,3.06,3.24,2.88,3.11,335014
04/17/2020,3.13,3.16,2.81,2.89,251095
04/20/2020,3.05,3.05,2.75,2.75,185911
04/21/2020,2.75,2.7671,2.5,2.54,257085
04/22/2020,2.65,2.72,2.5,2.66,199843
04/23/2020,2.6,2.79,2.57,2.66,136707
04/24/2020,2.67,2.76,2.58,2.6,136147
04/27/2020,2.65,2.71,2.58,2.67,250374
04/28/2020,2.72,3.11,2.68,3.03,328154
04/29/2020,3.08,3.54,3.0561,3.34,342919
04/30/2020,3.32,3.4394,3.12,3.16,300529
05/01/2020,3.03,3.08,2.67,2.79,268727
05/04/2020,2.6,2.91,2.6,2.9,131301
05/05/2020,3.1,3.2,2.96,2.96,227903
05/06/2020,3,3.05,2.905,2.92,121893
05/07/2020,3.02,3.03,2.76,2.83,248476
05/08/2020,2.8,2.9387,2.73,2.86,245697
05/11/2020,2.85,3.07,2.8,2.96,376579
05/12/2020,3.5,3.98,3.34,3.35,2066263
05/13/2020,3.41,3.88,3.41,3.55,918548
05/14/2020,3.65,3.9,3.56,3.75,790476
05/15/2020,3.81,4.78,3.74,4.5,1606510
05/18/2020,4.83,5.02,4.1193,4.19,1418539
05/19/2020,4.4,4.4,3.8,3.83,1116545
05/20/2020,4.61,4.95,4.15,4.36,5521694
05/21/2020,4.72,4.78,4.06,4.25,2167857
05/22/2020,4.13,4.32,4,4.26,630776
05/26/2020,4.37,4.5,4.05,4.11,767787
05/27/2020,4.11,4.3475,3.78,4.19,1359253
05/28/2020,4.3,4.96,4.23,4.72,2072085
05/29/2020,4.75,5.215,4.72,4.92,1807238
06/01/2020,5,5.27,4.71,5.06,1452113
06/02/2020,5.13,5.24,4.9,4.98,985779
06/03/2020,5.01,5.12,4.585,4.64,1280224
06/04/2020,5.11,5.24,4.62,4.6365,2237695
06/05/2020,4.89,4.99,4.79,4.825,1512574
06/08/2020,4.85,4.95,4.61,4.92,1297937
06/09/2020,4.83,5.08,4.73,5,976199
06/10/2020,4.98,5,4.78,4.84,529431
06/11/2020,4.7,4.73,4.3001,4.32,887644
06/12/2020,4.61,4.72,4.33,4.53,444915
06/15/2020,4.39,4.75,4.21,4.74,672689
06/16/2020,4.93,4.97,4.585,4.81,742180
06/17/2020,4.87,4.9,4.66,4.69,291522
06/18/2020,4.67,4.74,4.575,4.6,385760
06/19/2020,4.67,4.725,4.49,4.52,573562
06/22/2020,4.52,4.63,4.12,4.195,1400674
06/23/2020,4.3,4.39,4.21,4.32,659063
06/24/2020,4.34,4.39,3.95,4.13,747684
06/25/2020,4.18,4.2,3.96,4.185,1584281
06/26/2020,4.19,4.56,4.1,4.25,3521952
06/29/2020,4.58,4.63,4.12,4.1799,913836
06/30/2020,4.3,4.33,4.04,4.18,419662
07/01/2020,4.2,4.245,4.06,4.16,384772
07/02/2020,4.28,4.34,4.08,4.155,712816
07/06/2020,4.17,4.2299,3.96,4,633441
07/07/2020,4.6,4.6,4.21,4.34,1802398
07/08/2020,4.36,4.38,4.2,4.37,500876
07/09/2020,4.36,5.45,4.3599,5.18,9379974
07/10/2020,5.07,5.55,4.79,4.8026,2062614
07/13/2020,5.1131,5.32,4.68,4.7199,1442938
07/14/2020,5.15,6.05,5.0201,5.685,4522941
07/15/2020,5.7,5.89,5.46,5.82,1128662
07/16/2020,5.72,6.52,5.66,6.41,1563518
07/17/2020,6.62,7,6.45,6.65,1626347
07/20/2020,6.7,6.85,6.15,6.53,927000
07/21/2020,6.66,6.75,6.09,6.1,1031387
07/22/2020,6.08,6.77,6.08,6.49,892624
07/23/2020,6.52,6.6,6.01,6.33,885707
07/24/2020,6.49,7.15,6.3,6.97,1942571
07/27/2020,7.09,7.1,6.32,6.77,1359880
07/28/2020,6.71,6.95,6.48,6.5,737028
07/29/2020,6.53,6.68,6.085,6.33,1124015
07/30/2020,6.12,6.93,6.1,6.82,795046
07/31/2020,6.88,6.95,6.25,6.43,953758
08/03/2020,6.46,6.61,6.29,6.56,504326
08/04/2020,6.49,6.89,6.45,6.78,461163
08/05/2020,6.76,7.74,6.74,7.46,1379730
08/06/2020,7.01,7.2,6.51,6.77,1213159
08/07/2020,6.7,7.36,6.7,7.13,510798
08/10/2020,7.27,7.535,6.83,6.86,660267
08/11/2020,6.91,6.98,6.545,6.62,749539
08/12/2020,6.62,6.91,6.5,6.72,554483
08/13/2020,6.75,6.85,6.57,6.73,325884
08/14/2020,6.71,6.775,6.49,6.62,462816
08/17/2020,6.62,7.14,6.54,6.9,580031
08/18/2020,6.89,7.1801,6.81,6.99,660598
08/19/2020,6.9,7.14,6.78,7,335201
08/20/2020,6.86,7.22,6.86,7.2,399261
08/21/2020,7.16,7.55,7.11,7.31,795224
08/24/2020,7.3,7.39,6.83,6.905,1090004
08/25/2020,6.82,7.04,6.75,6.98,418140
08/26/2020,6.95,7.15,6.82,6.86,331917
08/27/2020,6.87,6.9299,6.63,6.8,544659
08/28/2020,6.77,6.94,6.69,6.69,219234
08/31/2020,6.73,6.79,6.48,6.53,563696
09/01/2020,6.46,6.63,6.15,6.475,689041
09/02/2020,6.39,6.46,6.25,6.26,348117
09/03/2020,6.26,6.3,5.97,6.1,433476
09/04/2020,5.98,6.15,5.54,5.85,778865
09/08/2020,5.7,6.01,5.53,5.89,368412
09/09/2020,6.05,6.47,5.815,6.45,537001
09/10/2020,6.46,6.96,6.46,6.75,484333
09/11/2020,6.77,6.99,6.69,6.95,465722
09/14/2020,7.05,7.3301,6.99,7.21,747611
09/15/2020,7.28,7.33,6.96,7,374608
09/16/2020,7.1,7.2,6.9,7.1,427295
09/17/2020,7.01,7.2257,6.93,7.1,414739
09/18/2020,7.1,7.49,7.04,7.42,1444376
09/21/2020,7.3,7.335,6.78,6.98,427700
09/22/2020,7.3,7.3,6.85,7.13,393838
09/23/2020,7.1,7.26,6.72,6.7937,395591
09/24/2020,6.78,6.8464,6.61,6.77,393223
09/25/2020,6.8,7.15,6.76,6.82,252893
09/28/2020,6.93,7.24,6.845,7.16,542861
09/29/2020,7.15,7.63,6.99,7.52,837851
09/30/2020,7.55,7.79,7.26,7.4029,1272349
10/01/2020,7.36,7.51,7.09,7.16,374249
10/02/2020,7,7.24,6.91,6.97,250506
10/05/2020,7.02,7.32,7.02,7.16,284667
10/06/2020,7.24,7.45,7.14,7.15,270927
10/07/2020,7.11,7.37,7.08,7.22,232913
10/08/2020,7.3,7.33,7.01,7.03,192213
10/09/2020,7.04,7.15,6.95,7.07,148421
10/12/2020,7.06,7.09,6.91,7.03,214079
10/13/2020,6.94,7.25,6.92,7.19,177859
10/14/2020,7.21,7.24,6.85,6.9,233009
10/15/2020,6.83,7,6.65,6.9,207799
10/16/2020,7.2,8.49,7.2,8.1199,3026266
10/19/2020,8.25,8.7,7.84,7.9281,891977
10/20/2020,7.95,7.9792,7.33,7.59,590523
10/21/2020,7.56,7.64,7.05,7.14,464414
10/22/2020,7.11,7.68,7.03,7.59,298277
10/23/2020,7.66,7.71,7.25,7.66,240278
10/26/2020,7.71,8.1,7.2133,7.275,473680
10/27/2020,7.26,7.31,6.75,6.98,370511
10/28/2020,6.83,6.84,6.3002,6.45,585847
10/29/2020,6.48,6.6093,6.21,6.3,372297
10/30/2020,6.96,6.96,6.2957,6.64,619536
11/02/2020,6.6,6.63,6.28,6.545,357497
11/03/2020,6.52,6.84,6.36,6.69,489609
11/04/2020,6.71,6.92,6.58,6.76,319197
11/05/2020,6.89,7.12,6.68,6.92,510355
11/06/2020,6.9,6.98,6.61,6.71,341282
11/09/2020,6.6742,6.93,6.56,6.65,278362
11/10/2020,6.7,6.82,6.54,6.68,210985
11/11/2020,6.71,6.78,6.5,6.7,206331
11/12/2020,6.7,7.04,6.7,6.87,341762
11/13/2020,6.87,6.98,6.72,6.72,158651
11/16/2020,6.77,6.78,6.6,6.62,212721
11/17/2020,6.66,6.8,6.6,6.7,208849
11/18/2020,6.7,6.8,6.59,6.59,264004
11/19/2020,6.61,6.84,6.545,6.765,284643
11/20/2020,6.77,7.02,6.7,6.76,213722
11/23/2020,6.83,6.9,6.68,6.69,232243
11/24/2020,6.69,6.85,6.69,6.705,232077
11/25/2020,6.7,6.9,6.65,6.72,304548
11/27/2020,6.78,7.092,6.735,6.94,179412
11/30/2020,7.03,7.18,6.85,7.05,391212
12/01/2020,7.16,7.17,6.69,6.69,321207
12/02/2020,6.72,6.88,6.6,6.69,373681
12/03/2020,6.68,7.18,6.67,7.145,424605
12/04/2020,7.13,7.41,7.1103,7.14,212424
12/07/2020,7.25,7.3,6.95,7.1,234008
12/08/2020,7.14,7.425,7.03,7.28,203598
12/09/2020,7.25,7.29,6.81,7.0721,230180
12/10/2020,7.1,7.3225,6.9973,7.26,182941
12/11/2020,7.31,7.33,6.755,7.03,531898
12/14/2020,7.09,7.34,6.79,6.82,278800
12/15/2020,7.01,7.12,6.82,6.89,297277
12/16/2020,7.11,7.5,6.87,7.29,823007
12/17/2020,7.5,7.62,7.2256,7.52,473867
12/18/2020,7.6,7.75,7.35,7.5,560379
12/21/2020,7.58,8.25,7.4352,8.13,807010
12/22/2020,8.13,8.2,7.44,7.51,642225
12/23/2020,7.61,7.72,7.39,7.43,333471
12/24/2020,7.44,7.4429,7.14,7.27,188580
12/28/2020,7.2,7.26,6.93,7,661584
12/29/2020,6.98,7.0876,6.76,6.87,533344
12/30/2020,6.84,7.01,6.72,6.85,362852
12/31/2020,6.86,6.94,6.66,6.89,1530766
