11/17/2011,15.969,16.473,15.969,16.029,18430579
11/18/2011,16.044,16.18,15.594,15.781,2737346
11/21/2011,15.781,15.954,15.045,15.203,2645224
11/22/2011,15.255,15.564,14.767,14.88,3373051
11/23/2011,14.804,14.842,14.444,14.767,1183266
11/25/2011,14.692,14.895,14.654,14.767,318987
11/28/2011,14.925,15.27,14.782,15.052,733304
11/29/2011,15.03,15.03,14.804,14.985,695052
11/30/2011,15.143,16.127,15.121,15.669,724754
12/01/2011,15.744,15.819,15.293,15.684,638509
12/02/2011,15.744,16.12,15.706,16.007,775674
12/05/2011,16.12,16.465,16.082,16.36,2736982
12/06/2011,16.262,16.721,16.24,16.631,672336
12/07/2011,16.48,16.608,16.398,16.533,209598
12/08/2011,16.323,16.488,16.247,16.292,394226
12/09/2011,16.247,16.518,15.969,16.345,520224
12/12/2011,16.09,16.225,15.969,16.172,443145
12/13/2011,16.27,16.398,15.939,16.014,743359
12/14/2011,15.842,15.924,15.443,15.511,1147098
12/15/2011,15.766,16.443,15.624,15.759,876128
12/16/2011,15.751,16.157,15.586,15.699,212691
12/19/2011,15.834,15.909,15.601,15.774,198230
12/20/2011,16.105,16.3,15.909,16.157,425979
12/21/2011,16.059,16.292,15.999,16.022,357358
12/22/2011,16.105,16.42,16.105,16.375,498206
12/23/2011,16.398,16.871,16.255,16.488,721810
12/27/2011,17.202,17.202,16.067,16.315,589267
12/28/2011,16.36,16.398,15.849,15.902,192545
12/29/2011,15.947,16.105,15.796,16.097,384564
12/30/2011,16.127,16.262,15.849,16.187,170198
01/03/2012,16.616,17.232,16.353,16.706,1304333
01/04/2012,17.457,17.457,16.42,16.909,523518
01/05/2012,16.864,16.864,16.353,16.623,849937
01/06/2012,16.642,17.157,16.537,16.965,770130
01/09/2012,16.991,17.066,16.894,17.059,557166
01/10/2012,17.224,18.036,17.224,17.923,1262462
01/11/2012,17.886,18.051,17.728,18.043,305266
01/12/2012,18.111,18.787,17.923,18.554,1348397
01/13/2012,18.431,19.028,18.243,18.566,703100
01/17/2012,18.75,18.885,18.239,18.344,1180973
01/18/2012,18.194,18.787,18.194,18.412,757976
01/19/2012,18.682,18.915,18.479,18.825,1268467
01/20/2012,18.806,18.938,18.746,18.866,707513
01/23/2012,18.923,19.411,18.848,19.148,651358
01/24/2012,19.013,19.441,18.923,19.374,542945
01/25/2012,19.396,19.456,19.141,19.359,803242
01/26/2012,19.426,20.02,18.911,19.471,1066552
01/27/2012,20.26,20.59,19.67,20.4,3375638
01/30/2012,20.4,20.7,19.97,20.36,895745
01/31/2012,20.49,20.66,19.967,20.21,736513
02/01/2012,20.39,21.56,20.28,21.49,948219
02/02/2012,21.14,21.82,20.94,21.76,746282
02/03/2012,21.97,23.32,21.96,23.1,3359975
02/06/2012,23.01,23.13,22.47,22.94,1144190
02/07/2012,22.92,22.92,22.3,22.57,1005201
02/08/2012,22.68,22.73,21.86,22.44,1920063
02/09/2012,22.54,22.56,22.11,22.4,1998716
02/10/2012,22.17,22.67,22.07,22.59,1924150
02/13/2012,22.55,22.73,22.49,22.57,1964068
02/14/2012,21.94,22.16,21.61,21.82,11281010
02/15/2012,21.97,22.4,21.89,22.06,6192893
02/16/2012,22.17,23.14,22.06,22.73,6329712
02/17/2012,22.97,23.67,22.67,23.36,5888733
02/21/2012,24.73,24.78,22.8,23.23,5074906
02/22/2012,23.33,23.56,22.78,23.31,1931648
02/23/2012,23.42,23.6,22.97,23.3,1558644
02/24/2012,23.26,23.86,23.15,23.6,1483897
02/27/2012,23.59,23.77,23.32,23.56,2876386
02/28/2012,23.65,24.18,23.6,23.97,1714224
02/29/2012,24.18,24.39,23.75,24.05,3267387
03/01/2012,24.15,24.42,23.57,24.09,3413317
03/02/2012,23.85,24.42,23.85,24.3,2163912
03/05/2012,24.27,24.52,23.56,23.74,2393367
03/06/2012,23.57,23.78,22.39,22.54,1396733
03/07/2012,22.39,23.2,22.39,22.54,905856
03/08/2012,22.89,23.98,22.73,23.88,4707154
03/09/2012,23.71,23.97,23.63,23.86,852183
03/12/2012,23.98,24.27,23.7,24.02,4643073
03/13/2012,24.08,24.09,23.8,24.02,1652094
03/14/2012,23.94,24.27,23.33,23.88,2511849
03/15/2012,23.97,24.15,23.75,23.83,1752209
03/16/2012,23.82,24.12,23.78,24.03,2269718
03/19/2012,24,24.09,23.66,23.69,2835389
03/20/2012,23.41,23.66,23.03,23.36,2207725
03/21/2012,23.59,23.85,23.4,23.52,1169889
03/22/2012,23.42,23.42,23.13,23.24,509829
03/23/2012,23.24,23.36,22.84,23.25,958744
03/26/2012,23.56,24.03,23.35,24,1641208
03/27/2012,24.22,24.51,23.83,24,1862737
03/28/2012,23.9,24.09,22.98,23.75,1836869
03/29/2012,24.35,24.35,23.6,23.81,2395404
03/30/2012,24.11,24.18,23.62,23.73,9917318
04/02/2012,23.82,23.87,23.65,23.67,3075276
04/03/2012,23.73,23.86,23.3,23.5,1577606
04/04/2012,23.34,23.8,23.11,23.77,2815013
04/05/2012,23.67,24.05,23.67,23.86,1080606
04/09/2012,23.48,23.72,23.41,23.5,1665866
04/10/2012,23.4,23.78,22.98,23.17,2526866
04/11/2012,23.42,23.81,23.24,23.65,2825688
04/12/2012,23.94,24.31,23.49,23.86,2751327
04/13/2012,23.72,24.03,23.63,23.94,1295122
04/16/2012,24.29,24.29,23.77,24.04,5907602
04/17/2012,24.3,24.68,23.98,24.12,6619687
04/18/2012,24.06,24.43,24.01,24.18,1460595
04/19/2012,24.24,24.63,23.67,23.94,1554121
04/20/2012,24.09,24.15,23.75,23.94,759158
04/23/2012,23.6,23.97,23.56,23.63,1438148
04/24/2012,23.46,23.55,22.66,22.71,7133990
04/25/2012,22.92,23.26,22.92,23.18,3481641
04/26/2012,23.25,23.3,22.91,23.01,2435227
04/27/2012,23.11,23.39,22.94,23.38,3940868
04/30/2012,23.36,23.36,22.89,23.04,2471710
05/01/2012,23.14,23.49,22.94,23.19,2569838
05/02/2012,22.96,23.16,22.73,23.1,3738926
05/03/2012,23.15,23.22,22.8,22.87,3696241
05/04/2012,22.83,22.83,22.01,22.1,2077193
05/07/2012,22.07,22.46,21.81,22.28,930638
05/08/2012,22.07,22.09,21.31,21.4,4296441
05/09/2012,21.22,21.82,20.96,21.44,3261923
05/10/2012,21.57,21.79,21.48,21.64,1250880
05/11/2012,21.36,21.97,21.24,21.57,1401758
05/14/2012,21.29,21.45,20.99,21.05,2693457
05/15/2012,20.84,21.03,20.57,20.76,8354744
05/16/2012,21.14,21.58,20.99,21.01,7222649
05/17/2012,21.13,21.13,20.43,20.65,7788784
05/18/2012,20.66,20.9,20.25,20.47,5973590
05/21/2012,20.58,21.19,20.58,21.03,4216657
05/22/2012,21.14,21.34,21,21.18,4126125
05/23/2012,21.04,22.09,20.68,21.06,4724091
05/24/2012,21.23,21.23,20.59,20.81,3335289
05/25/2012,21.8,21.8,20.82,21.38,9691767
05/29/2012,21.6,22.42,21.5,22.42,3822136
05/30/2012,22.15,22.15,21.59,21.61,5189837
05/31/2012,21.86,22.03,21.43,21.82,10801441
06/01/2012,21.37,21.49,21.02,21.21,3708238
06/04/2012,21.21,21.35,20.53,20.83,4366016
06/05/2012,20.81,21.46,20.79,21.23,2582706
06/06/2012,21.47,22.16,21.46,21.79,3968707
06/07/2012,21.51,21.91,21.37,21.42,3913620
06/08/2012,21.27,21.67,21.06,21.59,1000161
06/11/2012,21.87,21.87,21.4,21.44,3403113
06/12/2012,21.37,21.74,21.21,21.67,5392933
06/13/2012,21.65,21.7,21.4,21.49,2785886
06/14/2012,21.29,21.71,21.17,21.37,3439933
06/15/2012,21.35,21.6,21.21,21.46,2349586
06/18/2012,21.27,21.91,21.27,21.71,2325980
06/19/2012,21.82,22.55,21.74,21.86,5396278
06/20/2012,21.98,22.06,21.41,21.47,4052026
06/21/2012,21.46,21.49,20.61,20.71,4311019
06/22/2012,20.88,20.91,20.03,20.29,15436548
06/25/2012,20.74,20.74,19.178,19.344,3865887
06/26/2012,19.351,19.554,19.114,19.471,3451975
06/27/2012,19.351,19.554,19.223,19.329,2556875
06/28/2012,19.186,19.216,18.682,19.118,3518679
06/29/2012,19.396,19.749,18.938,19.156,3079798
07/02/2012,19.238,19.276,18.712,18.975,1988137
07/03/2012,19.096,19.847,18.983,19.764,1939783
07/05/2012,19.667,20.29,19.592,20.16,3075379
07/06/2012,19.93,19.96,19.629,19.847,1670776
07/09/2012,19.749,20.07,19.697,20.03,2848491
07/10/2012,20.03,20.19,19.704,19.937,4233980
07/11/2012,19.87,19.952,19.441,19.629,1847234
07/12/2012,19.569,19.915,19.013,19.727,2636125
07/13/2012,19.712,20.3,19.689,20.17,2307203
07/16/2012,20.08,20.16,19.847,20.02,880094
07/17/2012,20.06,20.3,19.779,20.29,1156963
07/18/2012,20.34,20.76,20.27,20.44,1400273
07/19/2012,20.55,20.62,20.38,20.45,3179756
07/20/2012,20.29,20.36,20.11,20.28,2747158
07/23/2012,19.817,20.24,19.644,20.2,1836551
07/24/2012,20.28,20.28,19.727,19.915,2029040
07/25/2012,20.06,20.16,19.98,20.05,1286269
07/26/2012,20.33,20.33,20,20.24,2036664
07/27/2012,20.29,20.97,20.14,20.85,3218798
07/30/2012,20.83,21.15,20.74,21.04,1987661
07/31/2012,21.04,21.82,21.04,21.32,4256852
08/01/2012,21.35,21.53,20.8,21.03,2073100
08/02/2012,20.8,21.04,20.62,20.66,1831504
08/03/2012,21.02,21.4,20.85,21.31,1056279
08/06/2012,21.32,21.94,21.29,21.84,1170833
08/07/2012,21.46,22.17,21.46,21.82,2821992
08/08/2012,21.71,21.88,21.54,21.56,712516
08/09/2012,21.51,21.83,21.37,21.74,938054
08/10/2012,21.77,21.79,21.27,21.46,920651
08/13/2012,21.47,21.72,21.37,21.59,1049055
08/14/2012,21.75,21.75,21.43,21.53,1128455
08/15/2012,21.49,21.58,21.3,21.4,1896856
08/16/2012,21.61,22.18,21.52,22.04,7762160
08/17/2012,22.11,22.33,21.97,22.17,4276539
08/20/2012,22.18,22.2,21.97,22.08,6888228
08/21/2012,22.17,22.17,21.79,22.01,3153054
08/22/2012,21.91,22.09,21.83,21.97,2259664
08/23/2012,21.89,22,21.78,21.88,1846939
08/24/2012,21.83,21.97,21.79,21.92,2695757
08/27/2012,21.91,22.3,21.84,22.22,2359796
08/28/2012,22.12,22.94,22.07,22.94,4796951
08/29/2012,22.88,22.94,22.46,22.69,3574285
08/30/2012,22.73,22.76,22.21,22.38,2156310
08/31/2012,22.64,22.88,22.3,22.77,17097696
09/04/2012,22.89,22.91,22.45,22.54,3147981
09/05/2012,22.6,22.73,22.49,22.54,2230346
09/06/2012,22.76,23.2,22.72,23.19,7246567
09/07/2012,23.16,23.45,23.14,23.4,2885326
09/10/2012,23.25,23.39,23.14,23.2,2234808
09/11/2012,23.2,23.41,23.18,23.37,2298521
09/12/2012,23.42,23.64,23.22,23.27,2778128
09/13/2012,23.22,23.3,22.71,23.11,3267179
09/14/2012,23.73,24.17,23.6,23.91,7572764
09/17/2012,23.83,23.88,23.59,23.78,1994480
09/18/2012,23.68,23.91,23.49,23.83,3100840
09/19/2012,23.77,24.17,23.75,24.06,3207899
09/20/2012,23.81,24.17,23.67,24.05,3133248
09/21/2012,24.15,25.05,23.78,23.84,3884449
09/24/2012,23.63,23.81,23.51,23.79,1282697
09/25/2012,23.83,23.91,23.57,23.57,2897312
09/26/2012,23.5,23.73,23.01,23.56,1677640
09/27/2012,23.69,23.73,23.39,23.48,1795108
09/28/2012,23.49,23.54,23.17,23.28,1853268
10/01/2012,23.48,23.71,23.02,23.52,3724212
10/02/2012,23.71,23.74,23.45,23.7,2677102
10/03/2012,23.88,24.29,23.53,23.73,2076969
10/04/2012,23.9,24.34,23.87,24.2,2703659
10/05/2012,24.36,24.46,24.13,24.43,1837185
10/08/2012,24.27,24.39,24.09,24.24,1121722
10/09/2012,24.29,24.32,23.8,23.96,1495594
10/10/2012,24.02,24.13,23.56,23.68,1497718
10/11/2012,23.9,24.27,23.8,24.07,1658950
10/12/2012,24.04,24.22,23.85,24.1,1926004
10/15/2012,24.15,24.42,24.01,24.4,1468554
10/16/2012,24.41,24.63,24.18,24.63,1409163
10/17/2012,24.6,24.61,24.35,24.42,1334856
10/18/2012,24.42,24.65,24.27,24.4,1209719
10/19/2012,24.29,24.39,23.94,23.99,1449550
10/22/2012,24.03,24.3,23.9,24.3,1517322
10/23/2012,23.78,23.78,23.12,23.57,2409037
10/24/2012,23.64,24,23.53,23.56,1526133
10/25/2012,23.84,23.89,23.54,23.61,1429846
10/26/2012,23.73,23.81,22.92,22.93,2207041
10/31/2012,22.71,23.88,22.54,23.61,2621378
11/01/2012,23.87,24.63,22.74,24.45,6672308
11/02/2012,24.81,25.51,24.62,24.7,6099431
11/05/2012,24.22,24.72,24.14,24.19,1940877
11/06/2012,24.43,24.78,24.07,24.68,2091854
11/07/2012,24.38,24.48,24.01,24.11,1262415
11/08/2012,24.15,24.39,23.67,23.81,2332072
11/09/2012,23.7,24.45,23.64,24.25,3666542
11/12/2012,24.39,24.55,24.16,24.4,2289722
11/13/2012,24.22,24.42,24.07,24.18,1952903
11/14/2012,24.31,24.42,23.91,24,2327573
11/15/2012,23.89,24.42,23.58,23.81,2203652
11/16/2012,23.95,24.21,23.72,24.15,5869387
11/19/2012,24.4,25.36,24.27,25.08,2760943
11/20/2012,25.06,25.14,24.71,25.1,2759117
11/21/2012,25.21,25.33,25.12,25.24,1317335
11/23/2012,25.46,25.63,25.3,25.57,1065817
11/26/2012,25.48,25.78,25.02,25.08,2911536
11/27/2012,25.08,25.39,25.02,25.12,2777494
11/28/2012,25,25.36,24.95,25.26,2237438
11/29/2012,25.42,25.63,25.39,25.53,3948776
11/30/2012,25.57,25.76,25.27,25.54,3010562
12/03/2012,25.73,25.75,25.12,25.19,1890766
12/04/2012,25.39,25.55,25.18,25.48,2431353
12/05/2012,25.6,25.66,25.27,25.42,2165517
12/06/2012,25.82,25.82,25.42,25.51,2166380
12/07/2012,25.56,25.63,25.34,25.51,2841447
12/10/2012,26.68,28.48,25.42,25.58,2845862
12/11/2012,25.71,25.78,25.53,25.72,2054806
12/12/2012,25.78,26.12,25.71,25.85,2948744
12/13/2012,25.79,26.09,25.64,25.79,3191747
12/14/2012,25.72,25.82,25.59,25.74,1445688
12/17/2012,25.79,26.1,25.73,25.82,2114429
12/18/2012,25.71,25.99,25.66,25.88,3172326
12/19/2012,26.95,26.99,26.4,26.79,18283694
12/20/2012,26.56,27.12,26.48,27.08,8748836
12/21/2012,26.84,27.26,26.77,27.09,55896501
12/24/2012,27.21,27.38,26.99,27.24,2113979
12/26/2012,27.25,28.02,27.2,27.97,4142795
12/27/2012,27.93,28.74,27.9,28.66,6047219
12/28/2012,28.52,28.63,28.32,28.35,4821820
12/31/2012,28.3,28.77,28.21,28.74,6325931
01/02/2013,29.34,29.49,29.06,29.21,5032277
01/03/2013,28.71,28.84,28.41,28.83,5945082
01/04/2013,28.93,29.07,28.71,28.95,3430801
01/07/2013,28.75,28.79,28.42,28.7,2567162
01/08/2013,28.68,28.99,28.59,28.68,3174926
01/09/2013,28.75,29.04,28.74,28.9,4752952
01/10/2013,29.18,29.35,28.86,29.17,4027972
01/11/2013,29.11,29.2,28.52,28.63,2431940
01/14/2013,28.61,28.68,28.06,28.26,4344702
01/15/2013,27.99,28.83,27.99,28.77,4935757
01/16/2013,28.71,28.85,28.32,28.8,2827057
01/17/2013,28.91,29.51,28.91,29.32,3672812
01/18/2013,29.26,29.38,28.78,29.18,3011472
01/22/2013,29.08,29.23,28.87,29.18,2131635
01/23/2013,29.08,29.3,28.91,29.03,2535645
01/24/2013,29.07,29.38,29.07,29.23,2035361
01/25/2013,29.26,29.53,29.23,29.52,3257892
01/28/2013,29.56,30.04,29.5,29.9,3891522
01/29/2013,29.76,29.88,29.17,29.76,3659187
01/30/2013,29.71,29.71,29.2,29.23,2734662
01/31/2013,29.12,29.22,28.77,29.04,3146378
02/01/2013,29.17,29.5,29.17,29.46,3359044
02/04/2013,29.33,29.58,29.12,29.17,3147732
02/05/2013,29.29,29.94,29.24,29.57,6480243
02/06/2013,29.37,29.44,28.92,29,3143364
02/07/2013,29.07,29.24,28.55,28.78,2958741
02/08/2013,28.78,28.96,28.62,28.95,2880978
02/11/2013,28.95,29.49,28.84,29.45,2220076
02/12/2013,29.44,29.95,29.39,29.92,3781752
02/13/2013,29.92,30.1,29.86,30.01,2643505
02/14/2013,29.86,30.07,29.84,30.04,2489462
02/15/2013,30.3,30.3,30,30.04,2993682
02/19/2013,30.12,30.12,29.74,29.87,2512588
02/20/2013,29.81,29.87,29.14,29.15,2823430
02/21/2013,29.05,29.11,28.15,28.48,2564122
02/22/2013,28.56,28.83,28.41,28.83,2787828
02/25/2013,28.93,28.98,28.61,28.64,2946657
02/26/2013,28.96,30.14,28.77,29.85,4899450
02/27/2013,29.88,31.58,29.76,31.4,10543704
02/28/2013,31.44,31.61,31.27,31.41,4353475
03/01/2013,31.24,31.76,31.05,31.72,3851816
03/04/2013,31.71,31.86,31.54,31.76,3154633
03/05/2013,31.98,32,31.68,31.93,3132021
03/06/2013,32.11,32.11,31.44,31.83,4055414
03/07/2013,31.95,32.18,31.8,32.12,4275075
03/08/2013,32.34,32.45,32.16,32.31,3268982
03/11/2013,32.26,32.49,32.25,32.46,3315141
03/12/2013,32.51,32.52,32.28,32.33,3334686
03/13/2013,32.44,32.66,32.37,32.6,3640331
03/14/2013,32.69,32.69,32.51,32.65,2956494
03/15/2013,32.53,32.89,32.48,32.7,7225917
03/18/2013,32.32,32.69,32.03,32.3,2424789
03/19/2013,32.49,32.57,32.15,32.56,2257790
03/20/2013,32.79,32.84,32.48,32.73,2590813
03/21/2013,32.57,32.82,32.51,32.75,1798905
03/22/2013,32.82,32.91,32.47,32.63,1283783
03/25/2013,32.72,32.89,32.31,32.42,1992169
03/26/2013,32.78,33.57,32.51,33.56,2574650
03/27/2013,33.22,33.71,33.22,33.62,2212033
03/28/2013,33.62,33.62,33.24,33.52,2546389
04/01/2013,33.51,33.56,33.16,33.22,1160488
04/02/2013,33.43,33.6,33.17,33.29,1819318
04/03/2013,33.27,33.47,32.57,32.76,2309922
04/04/2013,32.68,32.85,32.3,32.66,1792622
04/05/2013,32.17,32.34,31.77,32.28,1695275
04/08/2013,32.15,32.54,31.94,32.09,1280067
04/09/2013,32.16,32.41,31.74,32.09,2147320
04/10/2013,32.26,32.95,32.08,32.95,2273249
04/11/2013,33.03,33.63,32.94,33.42,2277361
04/12/2013,33.26,33.9,33.26,33.89,1521898
04/15/2013,33.65,33.65,31.95,31.95,2710011
04/16/2013,32.26,32.93,32.06,32.88,2822201
04/17/2013,32.63,32.65,31.21,31.61,1944007
04/18/2013,31.63,31.84,30.79,30.92,1892096
04/19/2013,31.15,31.66,30.95,31.59,1322251
04/22/2013,31.71,32.06,31.26,31.87,719686
04/23/2013,32.1,32.46,32.03,32.4,1805696
04/24/2013,32.5,33.12,32.49,33.06,3464126
04/25/2013,33.28,33.81,33.28,33.73,3093562
04/26/2013,33.78,34.04,33.44,33.74,3212790
04/29/2013,33.88,34.36,33.74,34.23,3283695
04/30/2013,34.35,34.89,34.11,34.88,2988766
05/01/2013,34.74,35.27,33.68,34.34,4193144
05/02/2013,34.47,35,34.26,34.34,2526327
05/03/2013,34.82,35.11,34.49,34.51,4131015
05/06/2013,34.56,35.02,34.56,34.93,4381511
05/07/2013,35.11,35.14,34.72,34.96,2884367
05/08/2013,35.03,35.15,34.73,34.81,2739354
05/09/2013,34.85,34.96,33.97,34.15,2960739
05/10/2013,34.31,34.8,34.16,34.27,2425311
05/13/2013,34.31,34.77,34.25,34.55,2407343
05/14/2013,34.59,35.16,34.42,35.14,3029645
05/15/2013,35.09,35.37,35.06,35.28,4804183
05/16/2013,35.22,35.95,35.2,35.65,3115920
05/17/2013,35.71,36.84,35.7,36.8,5881181
05/20/2013,36.79,37.08,36.71,37,3327315
05/21/2013,37.01,37.35,36.98,37.2,2698252
05/22/2013,37.28,37.64,36.75,37,2805245
05/23/2013,36.57,36.84,36.33,36.67,1962475
05/24/2013,36.37,36.53,36.19,36.47,1396632
05/28/2013,36.84,37.96,36.84,37.79,3469817
05/29/2013,37.32,37.82,37.28,37.59,2715339
05/30/2013,37.57,37.89,37.33,37.38,3328595
05/31/2013,37.32,37.61,36.98,37.02,2868816
06/03/2013,36.98,37.69,36.33,37.08,2829902
06/04/2013,37.03,37.35,36.68,36.97,2288017
06/05/2013,36.84,36.96,36.31,36.51,2854152
06/06/2013,36.56,37.46,36.31,37.46,2584353
06/07/2013,37.83,38.24,37.42,38.22,2549822
06/10/2013,38.56,38.57,38.12,38.42,2409576
06/11/2013,38.01,38.01,37.54,37.85,3074692
06/12/2013,38.19,38.29,37.84,37.93,2378168
06/13/2013,37.94,38.76,37.8,38.7,2216358
06/14/2013,38.72,38.89,38.55,38.84,2055993
06/17/2013,39.36,39.36,38.47,38.83,2416930
06/18/2013,39.36,39.44,38.94,39.38,2927738
06/19/2013,39.48,39.79,39.37,39.51,3211618
06/20/2013,38.93,39.03,37.96,38.12,3084344
06/21/2013,38.55,38.55,37.19,37.68,3854889
06/24/2013,37.29,37.29,35.95,36.53,2698900
06/25/2013,36.93,37.26,36.87,37.18,1969085
06/26/2013,37.6,38.48,37.24,38.39,2101724
06/27/2013,38.57,39.07,38.45,38.67,1830068
06/28/2013,38.68,38.87,38.44,38.44,3704286
07/01/2013,38.77,39.7,38.77,39.42,1819154
07/02/2013,39.55,39.65,39.13,39.38,1537019
07/03/2013,39.08,39.17,38.95,39.15,706125
07/05/2013,39.59,39.89,39.31,39.75,1640914
07/08/2013,40.26,40.84,40.26,40.69,2637974
07/09/2013,41.08,41.15,40.5,40.79,3001821
07/10/2013,40.77,40.9,40.56,40.78,2252382
07/11/2013,41.24,41.57,40.99,41.54,6833365
07/12/2013,41.34,41.68,41.34,41.66,1562294
07/15/2013,41.77,42,41.61,41.72,1985759
07/16/2013,41.1,41.34,40.69,40.98,2933848
07/17/2013,41.24,41.47,41.15,41.27,1731961
07/18/2013,41.52,41.88,41.34,41.77,2310792
07/19/2013,41.83,41.89,41.43,41.68,1541290
07/22/2013,41.84,42.02,41.56,41.78,1849618
07/23/2013,41.99,42.21,41.41,41.43,1599102
07/24/2013,41.89,42.15,41.68,42.08,2963625
07/25/2013,41.88,42.21,41.67,42.12,1568935
07/26/2013,41.93,42.32,41.92,42.24,1941902
07/29/2013,42.05,42.31,41.78,41.87,994589
07/30/2013,42.14,42.28,41.64,41.96,1945666
07/31/2013,41.43,41.7,40.39,40.74,5025772
08/01/2013,41.24,42.4,41.12,42.06,5426838
08/02/2013,41.9,42.43,41.78,42.36,2034288
08/05/2013,42.28,42.5,42.17,42.4,1350175
08/06/2013,42.37,42.61,42.09,42.18,1769013
08/07/2013,42.06,42.1,41.4,41.65,1378970
08/08/2013,41.86,42.33,41.84,42.14,1945765
08/09/2013,42.39,42.78,41.99,42.15,1788756
08/12/2013,41.98,42.39,41.8,42.24,1587606
08/13/2013,42.38,43.09,42.06,43.09,1851244
08/14/2013,43.33,43.33,42.26,42.28,2287742
08/15/2013,41.83,41.87,40.89,41.26,2061418
08/16/2013,41,42.25,40.98,41.83,2015628
08/19/2013,41.83,41.99,41.55,41.64,1184698
08/20/2013,41.71,41.83,41.36,41.67,1829210
08/21/2013,41.54,41.98,41.4,41.44,1186807
08/22/2013,41.48,42,41.47,41.64,1310717
08/23/2013,41.73,42.59,41.69,42.27,2015561
08/26/2013,42.3,42.78,42.19,42.36,1781664
08/27/2013,41.88,41.89,41.05,41.05,2669499
08/28/2013,40.94,42.37,40.39,42.11,3838902
08/29/2013,41.92,42.47,41.79,42.25,2209019
08/30/2013,42.26,42.54,41.61,41.87,2006972
09/03/2013,42.43,42.81,42.29,42.61,1948910
09/04/2013,42.63,43.26,42.09,43.15,1932003
09/05/2013,43.26,44.35,43.17,43.75,2823092
09/06/2013,43.77,44.03,42.93,43,2284038
09/09/2013,43.05,43.39,43.01,43.04,3106189
09/10/2013,43.39,43.93,43.39,43.68,1678497
09/11/2013,43.68,44.03,43.49,43.87,2341773
09/12/2013,43.81,43.84,42.59,43.04,2196317
09/13/2013,43.07,43.32,42.63,43.3,1550149
09/16/2013,44,44,43.36,43.39,1149457
09/17/2013,43.46,43.67,42.98,43.44,2016534
09/18/2013,43.43,44.05,42.89,43.66,2648705
09/19/2013,43.91,44.44,43.87,44.22,2011196
09/20/2013,44.29,44.6,44.05,44.14,3103033
09/23/2013,43.93,44.12,43.1,43.64,1337519
09/24/2013,43.54,44.51,43.47,44.13,1821106
09/25/2013,44.25,44.29,43.71,43.91,1466045
09/26/2013,44.04,44.53,43.94,44.42,1042590
09/27/2013,44.23,44.53,44.12,44.49,1700298
09/30/2013,44.11,44.53,43.62,44.47,2700087
10/01/2013,44.68,45.32,44.13,44.78,6669957
10/02/2013,44.56,44.56,43.84,44.29,1955299
10/03/2013,44.03,44.34,43.32,43.8,2688150
10/04/2013,43.83,44.5,43.83,44.16,4796205
10/07/2013,43.74,44.29,43.48,43.97,1486588
10/08/2013,43.96,44.15,42.52,42.56,2997905
10/09/2013,42.59,42.87,41.58,42.56,3483732
10/10/2013,42.8,44.06,42.56,43.93,2652167
10/11/2013,43.87,44.03,43.36,43.61,2873370
10/14/2013,43.24,43.98,42.91,43.68,3007192
10/15/2013,43.61,43.83,43.1,43.32,1292816
10/16/2013,43.87,44.95,43.74,44.94,2738747
10/17/2013,44.86,45.71,44.78,45.7,2481420
10/18/2013,45.9,45.9,45.38,45.67,5043886
10/21/2013,45.84,45.9,45.02,45.27,1371305
10/22/2013,45.53,45.71,44.82,45.24,1703811
10/23/2013,45.14,45.19,43.79,44.06,2275803
10/24/2013,44.22,44.5,43.9,44.33,1406504
10/25/2013,44.77,44.86,43.9,44.17,2587613
10/28/2013,44.08,44.21,43.33,43.39,2179858
10/29/2013,43.38,43.39,42.89,43.08,4540734
10/30/2013,43.26,43.71,42.7,43.07,3761287
10/31/2013,42.94,43.82,42.89,43.54,1474577
11/01/2013,43.54,43.83,43.09,43.79,1860723
11/04/2013,43.82,44.18,43.58,44.15,2438571
11/05/2013,41.43,42.43,40.65,41.87,5263739
11/06/2013,42.61,43.14,41.86,42.52,3196196
11/07/2013,42.56,42.68,40.97,41.14,3872949
11/08/2013,41.12,42.23,41.12,42.22,2334322
11/11/2013,41.96,42.12,41.42,41.7,1891956
11/12/2013,41.67,42.04,41.54,41.99,2769719
11/13/2013,41.79,42.68,41.77,42.67,1877552
11/14/2013,42.65,43.61,42.64,43.52,1919429
11/15/2013,43.81,44.39,43.59,44.36,3127892
11/18/2013,44.41,44.56,43.85,44.06,2145831
11/19/2013,44.15,44.68,42.79,42.91,4648365
11/20/2013,43.44,43.78,43,43.47,3731686
11/21/2013,43.59,44.46,43.55,44.2,1623018
11/22/2013,44.28,44.34,43.87,44.21,1335578
11/25/2013,44.5,44.63,43.97,44.05,1512507
11/26/2013,44.23,44.36,43.83,44.09,2020593
11/27/2013,44.36,44.56,44.17,44.33,852297
11/29/2013,44.65,45.04,44.34,44.74,891814
12/02/2013,44.61,44.97,44.01,44.15,1228961
12/03/2013,43.8,44.07,43.36,43.71,2180717
12/04/2013,43.43,44.12,43.31,43.92,2358383
12/05/2013,43.74,44.52,43.74,43.91,2357358
12/06/2013,44.59,44.88,44.2,44.65,2220634
12/09/2013,44.81,45.33,44.4,44.49,1733741
12/10/2013,44.3,45.21,44.03,45.16,2517849
12/11/2013,44.94,45.1,43.87,44.05,1828338
12/12/2013,43.93,44.42,43.92,44.23,799258
12/13/2013,44.46,45.02,44.34,44.77,1796378
12/16/2013,44.97,45.62,44.97,45.55,1523229
12/17/2013,45.49,46.04,45.33,45.7,2244525
12/18/2013,45.69,46,44.87,45.95,2864050
12/19/2013,45.91,46,44.98,45.06,1591029
12/20/2013,45.16,45.23,44.54,44.59,3700882
12/23/2013,45.03,45.53,44.86,45.42,1562425
12/24/2013,45.59,45.98,45.54,45.82,767817
12/26/2013,46,46.16,45.78,45.87,1135840
12/27/2013,46,46.08,45.55,45.7,620550
12/30/2013,45.61,45.96,45.52,45.72,788802
12/31/2013,45.78,46,45.58,45.94,813015
01/02/2014,45.56,45.84,45.04,45.39,877778
01/03/2014,45.49,45.75,45.13,45.27,1035374
01/06/2014,45.69,45.73,44.96,45.29,1598942
01/07/2014,45.64,46.27,45.4,46.1,3475308
01/08/2014,46.18,46.67,46,46.45,3572240
01/09/2014,46.47,46.74,45.87,46.31,2231909
01/10/2014,46.59,47.05,46.53,46.96,2293385
01/13/2014,46.71,47.21,45.83,46,1609421
01/14/2014,46.51,47.4,45.79,47.36,2893921
01/15/2014,47.53,48.11,46.97,47.69,3755172
01/16/2014,47.53,47.78,47.19,47.53,1377960
01/17/2014,47.61,48,47.51,47.9,3232554
01/21/2014,48.19,48.39,47.86,48.13,4073100
01/22/2014,48.23,48.45,47.86,48.31,2582779
01/23/2014,47.94,48.08,47.26,47.59,2005916
01/24/2014,47.42,47.6,45.69,45.79,2140327
01/27/2014,45.98,46.11,45.19,45.52,1864254
01/28/2014,45.79,46.04,45.45,45.87,2377190
01/29/2014,45.69,45.97,45.51,45.72,2629808
01/30/2014,46.11,46.86,45.95,46.59,3406466
01/31/2014,45.82,46.74,45.67,46.51,2180605
02/03/2014,46.66,46.7,45.04,45.2,3773062
02/04/2014,45.27,46.06,44.48,45.84,2792545
02/05/2014,45.5,46.63,45.49,46.58,4408782
02/06/2014,46.75,47.23,46.48,47.02,2928579
02/07/2014,47.2,47.69,47.05,47.67,1649703
02/10/2014,47.56,47.89,47.38,47.81,1164643
02/11/2014,47.91,48.26,47.73,48.11,2400414
02/12/2014,48.48,49.12,48.38,48.96,2663272
02/13/2014,48.77,49.42,48.59,49.25,2491236
02/14/2014,49.12,49.37,48.93,49.21,1746483
02/18/2014,49.45,50.08,49.06,49.87,2387620
02/19/2014,49.8,50.37,49.71,50.01,2995402
02/20/2014,50,50.6,49.89,50.44,3110936
02/21/2014,50.67,50.79,50.44,50.6,2484414
02/24/2014,50.64,51.26,50.57,51.05,2381383
02/25/2014,50.93,51.41,50.83,50.99,5173959
02/26/2014,51.16,51.55,50.93,51.29,1705747
02/27/2014,51.21,51.23,50.69,51.13,2618081
02/28/2014,51.18,51.49,50.72,51.1,2553076
03/03/2014,50.54,51.07,50.17,50.85,2434855
03/04/2014,51.58,51.69,51.26,51.29,2174974
03/05/2014,51.66,51.66,50.22,50.47,3231128
03/06/2014,50.77,51.48,50.76,51.39,3070319
03/07/2014,51.51,51.69,51.02,51.15,1627101
03/10/2014,51.09,51.47,51.08,51.33,3064359
03/11/2014,51.43,52.13,51.33,52.01,4124268
03/12/2014,51.79,52.05,51.18,51.56,3189546
03/13/2014,51.7,51.74,50.29,50.47,2665318
03/14/2014,50.44,50.67,49.84,49.86,2208634
03/17/2014,50.33,51.09,50.33,51.06,2517733
03/18/2014,51.26,51.89,51.22,51.82,1700287
03/19/2014,51.98,52.05,51.13,51.53,1787374
03/20/2014,51.41,51.95,51.25,51.82,1713781
03/21/2014,52.3,52.3,50.97,51.13,2443497
03/24/2014,51.42,51.58,50.35,50.86,1571257
03/25/2014,51.32,51.36,50.16,50.22,2617459
03/26/2014,50.47,51.05,49.97,50.18,1794700
03/27/2014,50.17,50.52,49.81,50.4,1901918
03/28/2014,50.5,51.35,50.4,51.21,1842809
03/31/2014,51.68,52.2,51.58,52.08,2268153
04/01/2014,52.29,53.57,52.15,53.34,5200973
04/02/2014,53.52,54.1,53.49,53.8,4366159
04/03/2014,53.44,53.84,53.34,53.51,3011287
04/04/2014,53.8,53.84,51.88,52.05,1990073
04/07/2014,51.94,51.94,50.32,50.6,2776435
04/08/2014,50.45,50.86,49.71,50.75,3289852
04/09/2014,50.98,52.46,50.93,52.41,2540434
04/10/2014,52.25,52.59,51.04,51.14,2938843
04/11/2014,50.95,51.03,49.78,49.82,3689666
04/14/2014,50.4,50.44,49.71,50.37,2009504
04/15/2014,50.61,50.99,49.38,50.4,3174344
04/16/2014,51.06,51.25,50.43,50.58,4399091
04/17/2014,50.56,51.95,50.47,51.58,2140168
04/21/2014,52.33,52.33,51.26,52.05,1016895
04/22/2014,52.25,52.97,51.99,52.82,1639089
04/23/2014,52.81,53.06,52.48,52.75,1819356
04/24/2014,53.43,54.1,51.66,52.45,2417154
04/25/2014,52.12,52.19,50.68,51.03,2376511
04/28/2014,51.17,51.34,49.71,50.51,2327172
04/29/2014,50.83,51.06,50.37,50.83,1687823
04/30/2014,50.75,51.35,50.36,51.29,1476369
05/01/2014,51.24,52.07,51.19,51.5,1493556
05/02/2014,51.58,52.48,51.56,52.09,1481543
05/05/2014,51.85,52.18,51.35,52.12,995952
05/06/2014,52.05,52.14,51.52,51.62,691254
05/07/2014,51.76,52.12,51.22,51.81,1384951
05/08/2014,51.86,52.25,50.93,51.15,1540035
05/09/2014,51.13,51.33,50.47,51.29,1244485
05/12/2014,51.59,52,51.46,51.95,1413248
05/13/2014,52.14,52.27,51.85,52.02,906024
05/14/2014,52,52.11,51.56,51.62,1048296
05/15/2014,51.59,51.62,50.29,50.85,1367968
05/16/2014,50.53,51.05,50.26,50.91,1249943
05/19/2014,51.2,51.93,51.15,51.43,2919293
05/20/2014,51.28,52.03,51.11,51.57,1934237
05/21/2014,51.71,52.34,51.71,52.06,1242217
05/22/2014,52.14,52.48,51.99,52.32,1145539
05/23/2014,52.49,54.05,52.41,53.98,2464095
05/27/2014,54.34,54.57,54.08,54.28,1876979
05/28/2014,54.27,54.31,53.51,53.54,2375462
05/29/2014,53.66,53.95,53.2,53.37,1575690
05/30/2014,53.24,53.65,53.04,53.24,2028384
06/02/2014,53.31,53.46,52.66,53.07,1377834
06/03/2014,52.67,54.05,52.67,53.73,1328346
06/04/2014,53.47,54.23,53.15,53.98,1966888
06/05/2014,54.08,54.69,53.73,54.36,2194896
06/06/2014,54.78,54.95,54.39,54.54,1844618
06/09/2014,54.41,54.72,54.05,54.15,1342185
06/10/2014,54.04,54.41,53.78,53.94,1999125
06/11/2014,53.6,53.75,53.05,53.38,1652857
06/12/2014,53.23,53.42,51.84,51.93,1839348
06/13/2014,52.05,52.71,51.99,52.41,2337892
06/16/2014,52.18,52.56,51.88,52.21,2088642
06/17/2014,52.26,52.35,51.88,52.13,1773313
06/18/2014,52.1,52.43,51.57,52.38,1446548
06/19/2014,52.74,52.75,51.83,51.93,1997357
06/20/2014,52.07,52.23,51.88,51.93,3111967
06/23/2014,52.09,52.09,51.43,51.52,3126567
06/24/2014,51.56,52.4,51.52,52.08,3944589
06/25/2014,51.89,52.74,51.83,52.43,3047123
06/26/2014,52.4,52.74,51.67,52.57,3360640
06/27/2014,52.27,53.11,52.08,52.87,19966938
06/30/2014,52.72,53.31,52.44,52.99,4810286
07/01/2014,53.25,53.94,53.25,53.82,4035971
07/02/2014,53.71,54.03,53.66,53.88,3339383
07/03/2014,54.18,54.46,54,54.15,1354737
07/07/2014,54.04,54.04,53.47,53.67,2138752
07/08/2014,53.48,53.59,52.9,53.5,2405009
07/09/2014,53.54,53.97,53.31,53.78,1863102
07/10/2014,53.01,53.9,53,53.57,3289366
07/11/2014,53.46,53.9,53.46,53.63,1269678
07/14/2014,53.97,54.11,53.68,53.79,1907358
07/15/2014,53.69,54.05,53.17,53.63,1529861
07/16/2014,53.87,53.87,53.19,53.24,1689651
07/17/2014,52.92,53.51,52.41,52.53,2135191
07/18/2014,52.67,52.98,52.4,52.9,1988117
07/21/2014,52.82,53.07,52.57,52.67,1829041
07/22/2014,53,53.43,52.93,53.15,1974382
07/23/2014,53.27,53.44,52.87,53.01,1101889
07/24/2014,53.08,53.48,52.78,52.9,1138490
07/25/2014,52.79,53.13,52.67,53.04,1398635
07/28/2014,53.14,53.27,52.72,53.17,1746322
07/29/2014,53.25,53.51,52.35,52.39,2072592
07/30/2014,52.5,52.61,51.83,52.11,2512209
07/31/2014,50.97,52.3,50.43,51.51,3210760
08/01/2014,51.53,52.32,51.31,51.56,2850219
08/04/2014,51.76,52.45,51.66,52.28,1321741
08/05/2014,52.61,53.57,52.46,52.77,2531843
08/06/2014,52.31,52.77,52.03,52.44,1638603
08/07/2014,52.66,52.77,51.78,51.89,1752375
08/08/2014,51.89,52.84,51.81,52.77,2780982
08/11/2014,53.14,53.22,52.58,52.66,1148669
08/12/2014,52.58,52.93,52.29,52.52,865132
08/13/2014,52.87,53,52.46,52.81,1124624
08/14/2014,53.04,53.47,52.87,53.43,1101605
08/15/2014,53.58,53.63,52.74,53.17,1709768
08/18/2014,53.56,53.79,53.48,53.68,1490261
08/19/2014,53.8,54.24,53.79,54.04,1274035
08/20/2014,53.79,54.77,53.79,54.66,1067051
08/21/2014,54.78,54.93,54.38,54.7,1296285
08/22/2014,54.58,54.92,54.24,54.69,1400432
08/25/2014,54.73,55.23,54.73,54.79,1223288
08/26/2014,54.96,55.1,54.12,54.2,2155369
08/27/2014,54.58,54.63,53.7,53.82,1898138
08/28/2014,53.79,53.79,53.44,53.68,1837824
08/29/2014,53.75,53.93,53.38,53.86,972741
09/02/2014,53.97,54.54,53.97,54.44,1100392
09/03/2014,54.23,54.78,54.08,54.22,975145
09/04/2014,54.2,54.62,54.2,54.4,1264424
09/05/2014,54.25,54.66,53.82,54.56,1183827
09/08/2014,54.65,55.72,54.58,55.3,2023553
09/09/2014,55.06,55.71,54.94,55.16,2254690
09/10/2014,55.09,55.3,54.48,54.89,1688777
09/11/2014,54.59,54.93,54.38,54.55,1693941
09/12/2014,54.49,54.57,54.04,54.32,1782691
09/15/2014,54.27,54.44,53.21,53.48,2225578
09/16/2014,53.4,53.4,52.03,52.08,3173616
09/17/2014,52.21,52.37,51.42,51.54,4141229
09/18/2014,51.65,51.91,50.99,51.02,4211598
09/19/2014,51.11,51.29,50.57,50.64,6383879
09/22/2014,50.91,50.91,50.11,50.35,2644421
09/23/2014,50.21,50.46,49.63,49.79,2719849
09/24/2014,49.98,50.4,49.56,49.98,5357801
09/25/2014,49.94,50.07,49.51,49.76,2257303
09/26/2014,49.79,49.94,49.4,49.64,2826187
09/29/2014,49.23,49.67,48.61,48.63,2613741
09/30/2014,48.62,48.7,47.39,47.51,6585330
10/01/2014,47.47,48.05,47.16,47.38,3985888
10/02/2014,47.24,48.51,47.19,48.4,3285637
10/03/2014,48.79,49.3,48.75,48.97,2392105
10/06/2014,49.14,49.47,48.95,49.16,2193280
10/07/2014,48.84,49.28,48.56,48.56,3070429
10/08/2014,48.54,48.98,48.01,48.88,4057228
10/09/2014,49.43,49.43,47.68,47.83,2608468
10/10/2014,47.76,47.78,46.67,46.72,3548294
10/13/2014,46.69,46.89,45.09,45.13,3339666
10/14/2014,46.28,47.89,46.06,47.61,5079134
10/15/2014,46.78,47.92,45.89,47.69,5619357
10/16/2014,46.86,48.42,46.52,48.27,3535834
10/17/2014,48.91,49.81,48.61,48.84,2899428
10/20/2014,48.9,49.39,48.78,49.17,1915118
10/21/2014,49.53,50.29,49.36,50.29,2321583
10/22/2014,50.2,51.1,49.86,49.89,2971347
10/23/2014,50.53,51.11,50.03,50.88,2903453
10/24/2014,50.94,51.8,50.44,51.71,3056199
10/27/2014,51.81,52.19,51.09,51.79,2141519
10/28/2014,52.04,53.32,51.8,53.32,3231803
10/29/2014,53.59,53.59,52.01,52.45,2103075
10/30/2014,52.33,52.81,52.21,52.62,2321677
10/31/2014,53.19,53.71,53.02,53.43,2644099
11/03/2014,53.29,53.83,53.23,53.47,1484668
11/04/2014,53.25,53.47,52.52,53,2737232
11/05/2014,53.5,54.38,53.14,54.15,2844021
11/06/2014,54.08,54.55,53.84,54.54,1167615
11/07/2014,54.49,54.75,53.93,54.12,1224654
11/10/2014,53.97,54.44,53.89,54.35,1201898
11/11/2014,54.4,55.25,54.13,54.62,1536668
11/12/2014,54.39,55.03,54.33,54.75,1689484
11/13/2014,54.84,55.06,54.77,55,879462
11/14/2014,54.98,55.18,54.69,54.99,1066542
11/17/2014,54.9,55.3,54.75,55.09,1002948
11/18/2014,55.22,55.89,55.11,55.8,2027039
11/19/2014,55.52,55.83,55.27,55.3,2269960
11/20/2014,54.99,55.6,54.91,55.32,2213108
11/21/2014,55.99,56.05,55.58,55.9,1938274
11/24/2014,56.17,56.67,56.16,56.63,1676201
11/25/2014,56.88,57.02,55.86,55.94,3297403
11/26/2014,56.02,56.05,55.63,55.82,1318771
11/28/2014,56.19,57.13,55.87,56.74,896799
12/01/2014,56.63,56.85,56.08,56.68,1852218
12/02/2014,56.78,57,56.33,56.93,1998874
12/03/2014,57.13,57.97,57.09,57.66,1929452
12/04/2014,57.78,57.9,56.92,57.06,1655783
12/05/2014,57.16,57.35,56.83,57.06,1499385
12/08/2014,56.79,57.22,56.22,56.54,1611691
12/09/2014,55.91,56.67,55.78,56.63,1677508
12/10/2014,56.57,56.59,55.12,55.17,1645222
12/11/2014,55.52,56.01,55.24,55.33,1357692
12/12/2014,54.83,55.21,54.26,54.28,1754101
12/15/2014,54.9,55.58,54.13,54.51,2275441
12/16/2014,54.4,55.1,53.98,54.05,2275541
12/17/2014,54.03,55.62,54.01,55.21,1490090
12/18/2014,55.94,56.43,55.39,56.42,1725045
12/19/2014,56.69,57.5,56.58,57.16,2393607
12/22/2014,57.09,57.48,57.03,57.32,1120947
12/23/2014,57.63,58.23,57.35,57.44,1003308
12/24/2014,57.5,57.56,57.08,57.13,501913
12/26/2014,57.06,57.56,56.91,57.24,780780
12/29/2014,57.32,57.89,57.12,57.38,1616019
12/30/2014,57.41,57.5,56.98,57.01,859981
12/31/2014,57.22,57.41,56.55,56.57,1128774
01/02/2015,57.09,57.47,55.81,56.47,1450338
01/05/2015,55.85,55.91,53.94,54.01,3045782
01/06/2015,54.05,54.21,53.18,53.67,2329183
01/07/2015,53.93,54.4,53.64,54.05,2147178
01/08/2015,54.59,55.47,54.47,55.39,2830261
01/09/2015,55.42,55.56,54.47,54.56,2716375
01/12/2015,54.57,54.69,53.39,53.59,2558544
01/13/2015,53.93,54.82,51.93,52.6,4936694
01/14/2015,51.95,52.4,51.75,52.22,4768596
01/15/2015,52.21,52.89,51.92,52.2,2805369
01/16/2015,52.11,52.2,51.4,51.79,4381393
01/20/2015,52.41,52.62,51.76,52.47,3688813
01/21/2015,52.48,53.6,52.1,53.39,3417529
01/22/2015,53.78,54.07,53.14,53.86,2101412
01/23/2015,53.77,54.28,53.62,54.19,2229574
01/26/2015,54.03,54.29,53.71,54.11,1853776
01/27/2015,53.54,54.49,53.25,54.28,2541838
01/28/2015,54.38,54.57,52.9,53.02,2796734
01/29/2015,53.13,53.96,52.6,53.79,2066219
01/30/2015,53.39,54.08,53.28,53.44,2051911
02/02/2015,53.84,55.1,53.56,55.07,2687964
02/03/2015,55.56,56.75,55.55,56.57,4102955
02/04/2015,56.33,56.92,56.33,56.56,2983685
02/05/2015,57.34,59.05,57.25,59,3276431
02/06/2015,59.35,60.59,59.25,59.98,3770771
02/09/2015,59.39,60.17,59.38,60.03,2585115
02/10/2015,60.73,61.26,60.21,61.12,2604543
02/11/2015,61.2,61.39,60.37,60.58,2221028
02/12/2015,60.85,60.99,60.54,60.72,2988511
02/13/2015,60.81,61.47,60.66,61.42,1878002
02/17/2015,61.5,61.69,60.89,61.27,1756632
02/18/2015,61.15,61.4,60.89,61.23,1682657
02/19/2015,61.3,62.29,61.22,62,2056242
02/20/2015,61.75,61.92,60.76,61.88,2422345
02/23/2015,61.61,61.97,61.54,61.81,1533701
02/24/2015,61.79,62.02,61.52,61.56,1185402
02/25/2015,61.61,62.57,61.61,62.33,1974040
02/26/2015,62.12,62.3,61.62,61.73,984710
02/27/2015,61.7,61.94,61.34,61.55,1042337
03/02/2015,61.87,62.87,61.71,62.56,1752861
03/03/2015,62.43,62.62,61.87,62.46,1912506
03/04/2015,63.64,64.2,62.25,63.05,3788979
03/05/2015,62.93,63.07,62.22,62.56,1456869
03/06/2015,62.12,62.4,61.61,61.74,1725122
03/09/2015,61.22,61.86,61.11,61.66,2151830
03/10/2015,60.96,61.08,60.16,60.62,2134995
03/11/2015,60.58,61.19,59.91,60.01,3097297
03/12/2015,60.36,61.04,60.35,60.83,1653037
03/13/2015,60.63,60.69,59.69,59.95,2647464
03/16/2015,60.39,61.26,60.34,61.08,1951180
03/17/2015,60.63,61.25,60.47,61.06,1184440
03/18/2015,60.69,61.92,60.52,61.8,2040093
03/19/2015,61.57,61.84,61.19,61.8,1574535
03/20/2015,62.05,62.51,61.83,62.42,3438268
03/23/2015,62.5,62.7,62.29,62.32,1440761
03/24/2015,62.16,62.38,61.62,61.85,1312260
03/25/2015,61.82,61.99,60.46,60.47,1445218
03/26/2015,60.01,60.17,59.51,60.02,2738946
03/27/2015,59.99,60.58,59.83,60.48,1532589
03/30/2015,60.89,61.87,60.88,61.83,1275750
03/31/2015,61.67,62.65,61.54,62.26,2456701
04/01/2015,62.63,62.63,61.02,61.55,2590532
04/02/2015,61.73,63.53,61.44,63.37,3890879
04/06/2015,63.73,66.42,63.27,65.4,4592960
04/07/2015,65.07,65.44,64.67,64.7,1954774
04/08/2015,64.68,65.12,64.35,64.96,2024365
04/09/2015,64.98,65.79,64.95,65.75,2408425
04/10/2015,66.24,66.52,65.85,66.14,2439308
04/13/2015,66.29,66.33,65.37,65.53,1257119
04/14/2015,65.5,65.84,65.06,65.66,1678254
04/15/2015,65.88,65.99,65.23,65.29,1834608
04/16/2015,65.48,66.02,65.38,65.58,2182507
04/17/2015,65.15,65.35,64.6,64.99,1860044
04/20/2015,65.52,65.69,64.86,65.06,1796962
04/21/2015,65.09,65.21,64.34,64.82,2314785
04/22/2015,64.97,65.47,64.41,64.69,1774225
04/23/2015,64.53,65.26,64.11,64.94,1846686
04/24/2015,65.19,65.53,65.02,65.21,1387778
04/27/2015,65.04,65.56,64.47,64.57,1802091
04/28/2015,64.43,64.81,63.93,64.56,1685529
04/29/2015,64.46,64.68,63.71,63.97,1637182
04/30/2015,63.29,65.14,63.29,64.81,3787352
05/01/2015,65.49,65.92,65.14,65.82,2856525
05/04/2015,65.9,67.4,65.9,67.17,2498019
05/05/2015,67.37,67.54,65.66,65.68,2701551
05/06/2015,65.83,65.99,65.25,65.99,2278950
05/07/2015,65.89,66.11,65.27,65.46,1375800
05/08/2015,66.15,67.06,66,66.62,1176023
05/11/2015,66.74,67.28,66.46,66.47,1632040
05/12/2015,66.2,67.3,65.76,67.08,1578091
05/13/2015,67.13,67.76,66.78,66.88,1190150
05/14/2015,67.26,67.82,66.93,67.78,1506123
05/15/2015,67.78,68.36,67.57,68.35,1877640
05/18/2015,68.35,68.54,67.96,68.33,1255566
05/19/2015,68.39,68.98,68.2,68.3,1713757
05/20/2015,68.19,68.54,67.78,68.07,1873575
05/21/2015,68.22,68.97,67.93,68.4,1870423
05/22/2015,68.45,69,67.89,68.18,1747038
05/26/2015,67.61,68.14,67.28,67.52,1632022
05/27/2015,67.9,68.47,67.58,68.31,1704636
05/28/2015,68.15,68.75,67.95,68.62,1809159
05/29/2015,68.96,68.96,68.1,68.16,1830932
06/01/2015,68.38,68.38,67.49,68.02,1923265
06/02/2015,67.67,68.89,67.57,68.56,1699908
06/03/2015,68.9,69.52,68.49,69.21,1467083
06/04/2015,68.91,68.99,68,68.18,1815864
06/05/2015,68.38,68.65,68.09,68.42,2492520
06/08/2015,68.22,68.72,67.99,68.04,1655230
06/09/2015,68.28,68.61,67.57,67.8,1583699
06/10/2015,68.04,69.29,67.89,69.15,1420086
06/11/2015,69.45,69.46,68.64,68.75,1562960
06/12/2015,68.7,68.94,68.33,68.6,1440783
06/15/2015,68.44,68.9,68.01,68.4,1928728
06/16/2015,68.6,68.94,68.01,68.69,1737147
06/17/2015,68.83,69.81,68.8,69.63,2225287
06/18/2015,69.71,70.28,68.98,69.77,1892701
06/19/2015,69.54,70.41,69.3,70.01,7512589
06/22/2015,70.95,70.95,69.49,69.59,2254643
06/23/2015,69.97,69.97,69.06,69.39,3299495
06/24/2015,69.3,69.55,68.33,68.87,3113164
06/25/2015,69.52,70.21,69.09,69.51,2148419
06/26/2015,69.51,69.6,68.86,69.35,13586438
06/29/2015,68.32,68.8,65.91,66.24,4307176
06/30/2015,66.61,66.99,66.02,66.65,3436728
07/01/2015,66.96,67.42,66.79,67.37,2025651
07/02/2015,67.42,67.61,66.73,67.34,2318585
07/06/2015,66.7,67.46,66.01,66.44,2844458
07/07/2015,66.52,66.52,64.49,65.84,3571250
07/08/2015,64.48,64.57,61.17,61.28,7012254
07/09/2015,63.99,63.99,60.95,61.05,4688239
07/10/2015,62.09,62.32,61.73,62.05,4865308
07/13/2015,62.61,63.16,62.17,62.65,3254896
07/14/2015,62.54,63.03,62.48,62.83,2108162
07/15/2015,62.86,63.23,62.61,63.23,2267656
07/16/2015,62.83,62.87,60.13,60.16,5610385
07/17/2015,60.2,61.11,59.47,61.03,3746032
07/20/2015,60.84,61.29,60.3,61.16,4329144
07/21/2015,61.11,61.48,60.9,61.4,2704230
07/22/2015,61.22,61.39,60.51,60.68,2030543
07/23/2015,61.1,61.74,60.77,60.92,3660313
07/24/2015,61.62,62,60.43,60.61,2169467
07/27/2015,59.98,60.12,58.71,59.04,2840057
07/28/2015,59.2,60.91,58.96,60.56,3051009
07/29/2015,60.69,61.5,60.59,61.41,2711350
07/30/2015,59.99,61.31,59.46,60.72,3461080
07/31/2015,62.04,62.04,60.38,61.17,3711029
08/03/2015,61.41,61.53,60.2,60.46,2025490
08/04/2015,60.47,61.45,60.42,60.98,2257623
08/05/2015,61.34,61.58,60.5,60.7,2159868
08/06/2015,60.87,61.21,60.06,60.62,2341698
08/07/2015,60.87,62.67,60.66,62.04,3084871
08/10/2015,63.51,64.19,62.76,63.83,2840266
08/11/2015,62.5,62.61,60.8,61.12,3403705
08/12/2015,60.41,60.41,58.71,60.02,3399264
08/13/2015,59.77,61.23,59.67,60.57,3579596
08/14/2015,60.67,60.7,59.75,59.93,2856199
08/17/2015,59.83,61.14,59.63,61.12,1819341
08/18/2015,61.33,61.61,60.96,61.22,2015388
08/19/2015,60.99,61.19,60.15,60.55,2101158
08/20/2015,59.76,60.38,58.61,58.68,2205218
08/21/2015,57.92,58.65,56.59,56.68,3662581
08/24/2015,53.95,57.38,52.11,55.45,4287911
08/25/2015,57.5,58.02,55.18,55.24,2982339
08/26/2015,56.88,57.83,55.94,57.77,2876809
08/27/2015,58.42,59.74,57.81,59.05,3761079
08/28/2015,58.81,59.6,58.69,59.23,2276411
08/31/2015,59.29,60.5,59.14,59.38,2388487
09/01/2015,57.87,58.47,56.26,56.65,2688599
09/02/2015,57.32,57.47,56.25,57.23,1904949
09/03/2015,57.64,58.6,57.27,57.6,1684716
09/04/2015,56.49,57.02,55.83,56.63,1944873
09/08/2015,61.6,61.6,57.02,59.4,2514141
09/09/2015,60.1,61.61,59.36,59.52,2121304
09/10/2015,59.31,59.49,58.05,59.16,2866859
09/11/2015,59.08,60.08,58.27,60.05,2437331
09/14/2015,60.07,60.31,59.75,60.02,1564111
09/15/2015,59.95,60.96,59.92,60.7,2205133
09/16/2015,60.94,62.77,60.85,62.6,2256720
09/17/2015,62.47,63.18,62.01,62.29,2469255
09/18/2015,61.35,61.73,60.65,61.04,3844705
09/21/2015,61.48,61.48,60.05,60.74,1902440
09/22/2015,60.04,60.05,57.46,58.52,3559890
09/23/2015,58.98,58.98,57.54,58.26,1619922
09/24/2015,57.02,57.79,55.88,57.3,2742411
09/25/2015,58.05,58.27,57.35,57.61,2020276
09/28/2015,56.95,57,55.18,55.32,1964884
09/29/2015,55.48,57.49,54.71,57.35,3402000
09/30/2015,58.66,59.86,58.5,59.77,2891029
10/01/2015,60.13,60.99,59.12,60.91,3129896
10/02/2015,59.8,61.37,59.59,61.36,2138562
10/05/2015,61.83,62.12,61.11,61.85,2063323
10/06/2015,61.99,62.1,61.15,61.38,2026175
10/07/2015,61.82,62.88,61.77,62.72,2158419
10/08/2015,62.52,64.13,62.41,63.62,2520939
10/09/2015,63.93,64.81,63.69,64.4,2070848
10/12/2015,63.91,64.86,63.78,64.3,1331395
10/13/2015,64.22,64.38,62.68,62.79,2487004
10/14/2015,62.76,63.44,62.27,63.03,1685012
10/15/2015,63.55,63.67,62.65,63.57,1647433
10/16/2015,63.7,63.8,62.56,63.76,2300939
10/19/2015,63.53,64.16,63.22,64.14,1719270
10/20/2015,64.18,65.33,63.83,64.7,2328830
10/21/2015,65.23,65.3,64.21,64.42,1545538
10/22/2015,64.68,66.56,64.4,66.48,3080313
10/23/2015,66.07,67.03,66.07,66.89,2803485
10/26/2015,66.69,66.91,66.18,66.85,2235175
10/27/2015,66.48,66.85,66.11,66.26,2935421
10/28/2015,66.62,67.77,65.92,67.75,3421456
10/29/2015,66.46,66.46,62.88,62.94,5666208
10/30/2015,63.05,65.77,63.05,65.41,4151517
11/02/2015,65.73,66.56,65.1,66.36,2072384
11/03/2015,66.11,66.36,64.77,65.58,2041748
11/04/2015,65.93,65.93,65.05,65.15,2051653
11/05/2015,65.07,65.67,64.56,65.49,1341085
11/06/2015,65.3,65.89,64.76,65.51,2626414
11/09/2015,65.33,65.54,64.71,64.97,1038549
11/10/2015,64.86,65.62,64.54,65.54,1614959
11/11/2015,65.89,66.62,65.26,66.22,1605065
11/12/2015,65.25,66.24,65.22,65.26,2111226
11/13/2015,65.1,65.32,63.27,63.35,2295663
11/16/2015,63.4,64.1,63.1,64.06,1834097
11/17/2015,64.21,64.53,63.4,63.67,1678710
11/18/2015,64.14,64.77,63.63,64.75,2956198
11/19/2015,64.74,66.29,64.51,66.23,2480751
11/20/2015,66.65,69.1,66.58,68.05,3791260
11/23/2015,67.94,68.55,67.76,68.14,1989000
11/24/2015,67.59,68.96,67.39,68.63,2736755
11/25/2015,68.89,69.65,68.79,69.23,2202782
11/27/2015,69.16,69.76,68.98,69.13,666959
11/30/2015,69.45,69.94,68.9,69.36,3349038
12/01/2015,69.66,70.15,69.29,69.93,1922517
12/02/2015,69.71,69.71,68.32,68.37,2658651
12/03/2015,68.64,68.89,67.26,67.79,2717517
12/04/2015,67.83,69.46,67.69,69.36,1543648
12/07/2015,69.27,69.66,67.96,68.29,2043292
12/08/2015,67.63,67.84,66.43,67.46,2521822
12/09/2015,67,68.74,66.02,66.61,3624672
12/10/2015,66.57,67.42,66.47,66.62,1802861
12/11/2015,65.29,65.9,64.5,64.7,1582369
12/14/2015,64.87,64.96,64.04,64.88,1793228
12/15/2015,65.37,66.75,65.34,66.03,2581538
12/16/2015,66.42,67.83,66.37,67.65,1298909
12/17/2015,67.48,67.71,65.86,65.88,1639096
12/18/2015,65.76,66.45,65.22,65.9,3249546
12/21/2015,66.78,67.28,65.59,66.34,1634239
12/22/2015,66.76,67.49,66.23,66.83,1298871
12/23/2015,67.93,69.31,67.93,68.74,2439369
12/24/2015,68.77,69.02,68.27,68.55,890695
12/28/2015,68.22,68.81,67.89,68.81,664777
12/29/2015,69.25,69.49,69.07,69.13,890693
12/30/2015,69,69.11,68.11,68.28,1141378
12/31/2015,67.85,68.42,67.5,67.65,896131
01/04/2016,66.64,66.92,65.42,66.28,2471293
01/05/2016,66.66,66.83,64.08,64.45,2653539
01/06/2016,63.3,63.42,62.23,62.75,4818438
01/07/2016,61.17,61.66,58.97,59.22,5383199
01/08/2016,59.73,60.36,57.98,58.07,3620749
01/11/2016,58.27,60.08,58.04,59.86,3951293
01/12/2016,60.93,61.12,57.28,59.16,6908024
01/13/2016,59.53,59.62,55.26,55.36,5924761
01/14/2016,55.41,55.71,52.03,54.78,8563028
01/15/2016,52.94,54.01,51.89,53.25,5373960
01/19/2016,53.92,54.4,52.49,53.14,3851456
01/20/2016,52.23,52.75,50.09,51.88,6063818
01/21/2016,52.16,52.91,51.24,51.33,4222480
01/22/2016,52.49,53.35,51,51.33,3995088
01/25/2016,51.11,51.45,50.36,50.74,3147756
01/26/2016,51.59,52.49,51.3,52.35,3009348
01/27/2016,52.13,52.83,51.67,52.28,4193686
01/28/2016,52.96,53.65,50.59,50.62,3076113
01/29/2016,50.65,51.36,50.1,51.26,3768035
02/01/2016,51.06,52.6,50.96,52.38,2992462
02/02/2016,51.87,52.08,50.17,50.47,2643695
02/03/2016,51.18,51.22,48.62,49.35,4335089
02/04/2016,48.14,49.35,44.97,49.11,4079210
02/05/2016,48.71,49.79,46.38,46.89,5249922
02/08/2016,46.15,46.73,44.3,44.99,4644475
02/09/2016,44.21,46.02,43.87,45.49,5632604
02/10/2016,45.91,46.86,45.86,46.53,4381822
02/11/2016,45.45,47.67,45.29,46.27,3960654
02/12/2016,47.43,48.77,46.8,48.61,3714497
02/16/2016,49.51,50.43,49.04,50.14,4454087
02/17/2016,50.44,52.54,50.33,52.39,3692349
02/18/2016,52.54,53.31,51.59,51.9,2725461
02/19/2016,51.66,51.9,50.71,51.72,2563097
02/22/2016,52.48,53.59,52.16,52.46,3175188
02/23/2016,52.08,52.35,50.96,51.12,3005368
02/24/2016,50.39,50.82,49.31,50.56,3886939
02/25/2016,50.65,52.97,50.46,52.93,3251126
02/26/2016,53.64,54,52.75,52.97,2725620
02/29/2016,52.96,53.71,52.7,52.93,2911092
03/01/2016,53.8,54.85,53.26,54.67,2823666
03/02/2016,54.6,55.11,54.31,54.73,1830224
03/03/2016,54.89,56.32,54.66,56.18,2607607
03/04/2016,56.08,57.53,55.57,56.78,4415190
03/07/2016,56.21,56.52,55.53,56.01,2030725
03/08/2016,55.45,55.51,54.27,54.73,2377083
03/09/2016,55.22,55.74,54.63,54.85,1999106
03/10/2016,54.97,55.08,53.31,54.27,2954405
03/11/2016,55.14,56.14,54.98,55.78,2975874
03/14/2016,55.23,55.85,54.92,55.61,1511997
03/15/2016,55.82,56.4,55.04,56.34,1510951
03/16/2016,56.18,57.54,56.15,57.28,3151338
03/17/2016,57.48,58.23,57.05,58.02,2915024
03/18/2016,58.25,58.37,57.32,57.64,3369264
03/21/2016,57.6,57.74,56.88,57.43,1869809
03/22/2016,56.85,58.38,56.85,58.16,2297177
03/23/2016,57.85,58.04,57.39,57.58,2037855
03/24/2016,57.04,57.62,56.32,57.46,2586314
03/28/2016,57.54,57.89,57.24,57.38,1255490
03/29/2016,57.08,58.72,56.96,58.66,1755006
03/30/2016,59.24,60.22,59.01,59.47,2334463
03/31/2016,59.47,60.23,59.24,59.55,2251412
04/01/2016,58.89,59.28,57.33,58.5,2001256
04/04/2016,58.19,58.33,55.96,56.22,3478450
04/05/2016,55.4,56.79,54.48,56.37,2394437
04/06/2016,56.24,56.91,55.61,56.87,2384350
04/07/2016,56.81,57.85,56.25,56.54,3434754
04/08/2016,57.2,58.07,56.74,56.83,1798858
04/11/2016,57.34,58.14,57.02,57.66,2414743
04/12/2016,57.96,58.09,57.01,57.42,2294180
04/13/2016,58.3,60.71,58.19,60.67,4741512
04/14/2016,60.8,61.68,59.99,61.25,3006296
04/15/2016,61.2,61.48,60.26,60.52,3429385
04/18/2016,60.89,61.13,60.31,60.74,1703259
04/19/2016,61.27,61.45,60.51,60.94,2776445
04/20/2016,61.2,61.42,60.51,60.83,2247596
04/21/2016,61,61.37,60.25,60.34,1657737
04/22/2016,60.32,60.46,59.46,60.13,2124603
04/25/2016,59.85,60.43,59.69,60.36,1588381
04/26/2016,60.61,61.85,60.5,61.8,1787391
04/27/2016,61.74,61.92,60.78,61.17,1892577
04/28/2016,60.33,60.48,58.65,59.54,1988728
04/29/2016,59.67,59.67,58.13,58.45,2337575
05/02/2016,58.8,58.8,58.2,58.52,2226346
05/03/2016,57.91,58.66,56.86,58.04,2442559
05/04/2016,57.63,58.35,55.29,55.64,5536641
05/05/2016,56.13,56.42,55.01,55.01,3212184
05/06/2016,54.93,56.1,54.65,55.94,2153600
05/09/2016,55.79,56.38,55.78,55.86,1279418
05/10/2016,56.07,57,55.88,56.89,1407421
05/11/2016,56.94,57.16,56.06,56.07,1515113
05/12/2016,56.59,56.83,55.44,55.58,1440019
05/13/2016,55.36,55.97,54.48,54.61,1755853
05/16/2016,54.81,55.03,54.22,54.71,1995692
05/17/2016,54.35,54.51,53.2,53.48,3333661
05/18/2016,53.34,54.31,53,53.68,2975495
05/19/2016,53.45,53.79,52.35,52.53,2380751
05/20/2016,52.81,53.55,52.63,53.26,1898201
05/23/2016,53.12,53.38,52.73,52.84,904933
05/24/2016,53.15,54.48,52.93,54.3,2845456
05/25/2016,54.6,55.12,54.2,54.23,2112025
05/26/2016,54.19,54.53,53.08,53.59,2297032
05/27/2016,53.49,54.12,53.45,54.07,1456305
05/31/2016,54.26,54.61,53.94,54.21,2556640
06/01/2016,53.63,53.76,52.56,53.51,2347896
06/02/2016,53.47,54.55,53.25,54.53,2556306
06/03/2016,54.19,54.61,52.77,53.5,1975497
06/06/2016,53.68,54.04,53.13,53.87,2104889
06/07/2016,53.31,54.69,53.31,54.53,1645579
06/08/2016,54.85,55.32,54.59,55.08,1860638
06/09/2016,54.55,55.09,54.21,55,1356180
06/10/2016,54.38,54.62,53.56,53.71,1486623
06/13/2016,53.31,53.55,52.59,52.6,1483303
06/14/2016,52.26,52.72,51.54,51.98,1618624
06/15/2016,52.2,53.29,51.95,52.52,1588458
06/16/2016,52,52.9,51.21,52.85,1797905
06/17/2016,52.8,53.7,52.66,53.03,2995950
06/20/2016,54.53,55.84,54.53,55.59,4200803
06/21/2016,55.48,55.75,54.64,55.18,2870716
06/22/2016,55.59,55.91,54.93,55.06,1846747
06/23/2016,55.79,56.43,55.56,56.41,2000466
06/24/2016,53.19,53.35,49.38,49.51,7158377
06/27/2016,48.84,48.93,46.3,47.12,5565373
06/28/2016,48.01,49.26,47.67,48.44,3799028
06/29/2016,49.04,50.19,48.76,50.04,4080791
06/30/2016,50.26,50.75,49.53,49.94,3647602
07/01/2016,50.65,51.84,50.23,50.76,3506926
07/05/2016,50.03,50.16,47.78,48.01,2326243
07/06/2016,48.18,48.77,47.04,48.62,2223103
07/07/2016,48.74,50.16,48.71,50.02,3596875
07/08/2016,50.72,51.96,50.71,51.75,2778002
07/11/2016,52.16,53.15,51.98,52.04,2371777
07/12/2016,52.72,53.51,52.7,53.19,2450892
07/13/2016,53.22,53.47,52.29,53.45,3076055
07/14/2016,54.25,54.35,53.57,53.59,1720152
07/15/2016,53.65,54.07,53.32,53.51,1817703
07/18/2016,52.84,53.98,52.84,53.53,1470286
07/19/2016,53.1,53.47,52.76,53.26,1423944
07/20/2016,53.27,54.62,53.21,54.47,1663593
07/21/2016,54.69,55.45,54.58,54.85,2098076
07/22/2016,54.78,54.8,53.88,54.53,1994336
07/25/2016,54.61,54.69,54.27,54.52,1548396
07/26/2016,54.69,55.4,54.55,55.38,1807288
07/27/2016,55.78,56.15,54.99,55.25,1928162
07/28/2016,53.47,54.18,52.22,53.99,4202434
07/29/2016,53.96,54.53,53.71,54.12,3004372
08/01/2016,54.08,54.42,53.74,54.1,2292686
08/02/2016,53.66,53.76,51.95,52.11,3966938
08/03/2016,50.66,52.52,49.76,51.1,5909015
08/04/2016,51.36,51.5,50.61,50.67,3553044
08/05/2016,51.03,53.07,50.97,52.83,3177593
08/08/2016,53.06,53.63,52.64,52.66,1679056
08/09/2016,52.74,53.18,52.46,52.6,1386424
08/10/2016,52.68,52.87,52.19,52.28,1342752
08/11/2016,52.7,52.87,52.4,52.42,1419923
08/12/2016,52.18,52.18,51.08,51.3,2063344
08/15/2016,51.42,52.05,51,51.95,2627386
08/16/2016,51.8,52.18,51.4,51.77,1638588
08/17/2016,52,52.17,51.71,52.08,2604668
08/18/2016,52.17,52.52,51.84,52.17,1676332
08/19/2016,51.93,52.46,51.89,52.38,2838188
08/22/2016,52.28,52.33,51.87,52.19,1363871
08/23/2016,54.14,54.56,53.27,54.42,3491542
08/24/2016,54.65,55.43,54.63,55.04,4795310
08/25/2016,54.62,55.29,53.99,55.06,3330194
08/26/2016,55.13,55.94,55.03,55.85,3555949
08/29/2016,55.72,56.81,55.41,56.79,3696763
08/30/2016,56.83,57.32,56.32,56.47,2860714
08/31/2016,56.26,57.78,56.02,56.66,3239325
09/01/2016,56.95,57.84,56.01,56.38,3864899
09/02/2016,56.75,56.83,56.08,56.27,2282083
09/06/2016,56.86,56.95,56,56.52,2621238
09/07/2016,56.52,56.73,56.02,56.37,1849883
09/08/2016,56.16,56.78,56.1,56.67,1702927
09/09/2016,56.08,56.53,54.48,54.54,5386241
09/12/2016,53.82,55.61,53.54,55.35,4858174
09/13/2016,54.49,55.19,53.85,54.55,2449231
09/14/2016,54.36,55.33,54.28,54.9,3606318
09/15/2016,55.19,55.58,54.63,55.42,1859795
09/16/2016,55.05,56.12,54.64,55.94,3092436
09/19/2016,56.46,56.94,55.73,55.78,1646993
09/20/2016,56.03,56.14,54.9,55.21,1972458
09/21/2016,55.67,55.98,55.04,55.76,2150536
09/22/2016,56.35,56.83,56.21,56.32,2049143
09/23/2016,56.07,56.19,55.66,55.75,1207156
09/26/2016,55.45,55.6,55.07,55.15,1939796
09/27/2016,54.93,55.17,54.41,54.84,3198725
09/28/2016,55.09,56.7,54.97,56.63,2964975
09/29/2016,56.36,56.95,55.71,55.88,1948068
09/30/2016,56.21,57.61,55.64,57.19,2775497
10/03/2016,57.04,57.65,56.98,57.11,1721229
10/04/2016,57.27,57.47,56.38,56.72,1417650
10/05/2016,56.92,57.69,56.77,57.55,1732922
10/06/2016,57.4,57.4,56.36,56.98,1391794
10/07/2016,56.96,57.02,55.88,56.23,1446957
10/10/2016,56.59,57.06,56.07,56.09,910507
10/11/2016,55.92,56.05,54.14,54.38,1783050
10/12/2016,54.52,54.62,54.17,54.27,1235779
10/13/2016,53.59,53.77,51.97,52.86,2852806
10/14/2016,53.31,54,52.78,52.93,1869786
10/17/2016,52.87,53.6,52.82,53.27,3346102
10/18/2016,53.8,53.8,51.32,51.4,3882574
10/19/2016,51.62,52.56,51.48,52.22,3094166
10/20/2016,52.23,52.23,51.28,51.66,1905148
10/21/2016,51.16,51.39,50.59,51.27,3094737
10/24/2016,51.88,52.07,51.48,51.51,1728316
10/25/2016,51.35,51.43,50.1,50.72,2301072
10/26/2016,50.58,52.41,50.27,51.54,3424976
10/27/2016,51.63,51.73,50.56,51.69,2355444
10/28/2016,51.72,52.45,51.56,51.89,1919453
10/31/2016,52.07,52.7,51.67,52.19,2386426
11/01/2016,52.38,53.07,51.97,52.28,3793589
11/02/2016,52.33,54.51,51.72,53.5,4124893
11/03/2016,53.49,54.6,53.11,53.22,2366763
11/04/2016,53.04,54.08,52.49,53.55,2061423
11/07/2016,54.57,55.75,54.57,55.74,2696626
11/08/2016,55.46,56.72,54.9,56.52,3066052
11/09/2016,53.61,54.75,51.24,52.87,8739659
11/10/2016,53,54.78,52.99,53.58,4627664
11/11/2016,53.2,53.58,52.45,52.58,5422228
11/14/2016,52.95,54.27,52.95,53.65,4039341
11/15/2016,53.71,54.45,53.47,53.84,3058194
11/16/2016,53.62,53.69,52.7,53.64,3000635
11/17/2016,53.58,54.93,52.8,54.86,2207062
11/18/2016,54.98,55.63,54.9,54.98,2325563
11/21/2016,55.29,55.86,55.03,55.36,2021189
11/22/2016,54.69,54.72,51.19,54,3998624
11/23/2016,53.79,54.61,53.58,54.06,1779705
11/25/2016,54.39,54.94,54.27,54.43,576419
11/28/2016,54.41,54.74,53.43,53.46,2012494
11/29/2016,50.66,51.78,48.77,51.15,7078302
11/30/2016,51.79,53.17,51.51,51.59,4296805
12/01/2016,52.1,53.06,51.67,52.91,2737307
12/02/2016,52.83,53.1,51.28,51.37,2466069
12/05/2016,51.96,52.32,51.16,51.39,3399195
12/06/2016,51.35,53.17,51.21,53.13,2408767
12/07/2016,53.37,57.48,53,56.71,5982635
12/08/2016,56.72,58,56.29,57.52,2938155
12/09/2016,57.33,57.72,56.82,57.66,1504009
12/12/2016,57.65,57.65,55.86,55.94,1986478
12/13/2016,56.11,57.03,55.53,56.45,1840089
12/14/2016,55.42,56.82,55.24,55.45,3066069
12/15/2016,55.38,56.5,55.22,55.67,1439770
12/16/2016,55.99,56.27,54.79,54.91,3075237
12/19/2016,54.67,54.93,54.09,54.57,2389519
12/20/2016,55.01,55.15,54.1,54.24,2081514
12/21/2016,54.72,56.08,54.43,55.77,2350048
12/22/2016,55.28,55.45,54.16,54.21,1594389
12/23/2016,54.18,55.03,54.13,54.66,1409136
12/27/2016,54.53,55.24,54.53,54.86,1177468
12/28/2016,55.39,55.53,54.22,54.26,1041420
12/29/2016,54.25,54.75,54.06,54.29,860095
12/30/2016,54.66,54.91,53.82,54.3,1439244
01/03/2017,54.69,55.34,53.71,54.43,2251674
01/04/2017,54.57,56.6,54.55,56.45,2755868
01/05/2017,56.38,56.4,55.57,56.11,2173849
01/06/2017,56.37,56.37,55.72,55.76,1550089
01/09/2017,55.82,55.94,54.82,54.86,2779622
01/10/2017,55.16,57.19,55.03,56.82,2931717
01/11/2017,56.4,57.68,56.28,57.68,3287013
01/12/2017,57.67,57.83,56.32,57.31,1779907
01/13/2017,57.23,57.9,57.14,57.74,1526377
01/17/2017,57.65,58.53,57.61,57.79,2121067
01/18/2017,57.77,58.2,56.98,57.64,1924349
01/19/2017,58.04,58.53,57.74,58.06,1984759
01/20/2017,57.93,58.08,56.66,56.96,2275112
01/23/2017,56.78,56.8,56.05,56.49,1984501
01/24/2017,57.02,57.85,56.69,57.59,2901761
01/25/2017,58.19,59.23,57.96,59.15,2166712
01/26/2017,58.69,59.56,57.7,57.94,2256312
01/27/2017,58.06,58.44,56.89,57.23,2676045
01/30/2017,57.17,57.21,55.9,56.17,2547916
01/31/2017,56.07,56.53,55.65,56.48,3020252
02/01/2017,56.89,57.46,56.43,57.2,2132773
02/02/2017,59.81,60.03,58.78,59.56,5669637
02/03/2017,60.08,60.37,59.15,59.75,2205264
02/06/2017,59.69,59.94,59.09,59.73,1499546
02/07/2017,59.73,60.12,59.59,60.03,2509727
02/08/2017,59.9,60,59.49,59.9,1725781
02/09/2017,59.81,60.2,59.48,59.75,2061337
02/10/2017,59.92,60.46,59.52,60.21,1840591
02/13/2017,60.42,61.63,60.42,61.57,2605642
02/14/2017,61.31,61.9,61.23,61.52,1947494
02/15/2017,60.97,61.94,60.93,61.76,1382766
02/16/2017,61.63,61.82,60.62,60.94,1620062
02/17/2017,60.44,61.23,60.44,61.13,1624400
02/21/2017,61.18,62.06,61.1,61.4,1452266
02/22/2017,61.09,61.97,60.9,61.68,2551010
02/23/2017,61.61,62.41,61.4,61.55,2286787
02/24/2017,61.1,62.34,60.47,62.13,2853802
02/27/2017,61.97,62.75,61.69,62.53,1764002
02/28/2017,62.43,62.64,61.39,61.67,2095524
03/01/2017,62.48,63.28,62.12,62.16,2658698
03/02/2017,61.99,63.06,61.6,62.68,2089052
03/03/2017,62.59,62.87,62.1,62.51,1332995
03/06/2017,62.02,62.22,61.03,61.51,1681152
03/07/2017,61.79,61.79,61.01,61.53,1276100
03/08/2017,61.65,62.26,61.37,62.1,1151380
03/09/2017,62.09,62.19,61.53,61.8,1039811
03/10/2017,62.38,62.98,62.14,62.45,1450441
03/13/2017,63.88,65.16,63.65,64.96,4577325
03/14/2017,64.56,66.26,64.29,65.61,3032971
03/15/2017,65.65,67.04,65.65,66.65,3006779
03/16/2017,67.41,67.42,65.96,66.64,2378679
03/17/2017,66.81,66.81,65.42,66.3,2452449
03/20/2017,66.33,66.43,65.47,65.71,1830699
03/21/2017,66.02,66.22,63.2,63.32,2543752
03/22/2017,63.37,64.13,62.49,63.78,3275621
03/23/2017,63.6,64.03,63.2,63.7,1600079
03/24/2017,63.83,64.47,63.57,63.93,1683268
03/27/2017,63.32,64.42,62.7,64.35,1670240
03/28/2017,64.39,65.71,64.17,65.14,1304752
03/29/2017,65.28,65.62,64.81,65.2,791427
03/30/2017,65.15,65.66,64.88,65.62,1070658
03/31/2017,65.48,65.74,65.07,65.19,1849955
04/03/2017,65.4,65.47,62.23,63.39,2596028
04/04/2017,63,63.19,61.46,61.55,3333119
04/05/2017,62.08,63.02,60.81,60.83,2762067
04/06/2017,60.76,61.3,60.43,60.85,2312854
04/07/2017,60.81,61.03,60.03,60.86,1702908
04/10/2017,60.87,61.74,60.85,61.17,1135214
04/11/2017,61.16,61.44,60.03,60.7,2091586
04/12/2017,60.68,60.86,60.02,60.17,2618588
04/13/2017,60.07,60.58,59.73,59.73,1229033
04/17/2017,59.79,60.52,59.73,60.52,1413206
04/18/2017,60.11,60.37,59.51,60.22,1289999
04/19/2017,60.8,61.44,60.56,61.05,1551439
04/20/2017,61.65,63.27,61.65,63.1,2490152
04/21/2017,62.86,62.96,62.05,62.05,1609886
04/24/2017,63.07,64.59,63.07,64.19,2930382
04/25/2017,65.15,65.41,64.09,64.34,2297226
04/26/2017,64.19,65.12,63.24,64.19,2385962
04/27/2017,65.06,65.12,64.2,64.78,1862655
04/28/2017,64.84,65.2,64.11,65.12,1742892
05/01/2017,65.14,65.53,64.64,64.81,1428360
05/02/2017,64.85,65.14,62.57,63.54,3123138
05/03/2017,68.57,71.57,68.06,70.48,13779873
05/04/2017,70.39,72.57,70.3,71.34,4936793
05/05/2017,71.45,71.57,70.54,71.05,3501724
05/08/2017,71.06,71.76,70.7,71.08,2787948
05/09/2017,71.27,72.15,70.99,71.78,2152848
05/10/2017,71.87,72.02,71,71.38,1848938
05/11/2017,71.23,71.48,70.4,70.66,2969315
05/12/2017,70.59,70.98,70.18,70.5,2510209
05/15/2017,70.71,71.1,70.33,70.5,2096670
05/16/2017,70.99,71.26,70.37,70.8,2557159
05/17/2017,70.12,70.84,69.18,69.29,2484355
05/18/2017,69.05,69.54,67.93,69.27,2709757
05/19/2017,69.62,70.21,69.32,69.83,1839668
05/22/2017,70.27,71.13,70.05,70.84,1877774
05/23/2017,70.8,71.05,70.18,70.28,1232864
05/24/2017,70.29,70.41,69.8,70.35,1322362
05/25/2017,70.55,71.57,69.84,70.45,1204129
05/26/2017,70.65,71.56,70.26,71.14,1083474
05/30/2017,70.88,71.15,70.43,70.44,1293523
05/31/2017,70.48,71.7,70.08,71.56,2413389
06/01/2017,72.25,73.14,71.59,72.51,2734056
06/02/2017,72.72,72.98,72.06,72.36,2543923
06/05/2017,72.34,72.38,71.33,71.64,1717994
06/06/2017,71.5,72.54,71.03,72.25,1823474
06/07/2017,72.26,73.24,71.41,71.72,1634727
06/08/2017,71.31,71.73,70.11,70.27,3085618
06/09/2017,70.07,70.62,69.41,69.67,1951630
06/12/2017,69.64,69.9,68.63,69.26,2033347
06/13/2017,69.79,70.45,68.99,70.45,2008507
06/14/2017,70.71,70.82,69.75,69.89,914092
06/15/2017,69.41,70.32,69.32,69.87,1281686
06/16/2017,69.6,69.84,68.48,69.13,2616040
06/19/2017,69.32,70.45,69.17,70.36,1726334
06/20/2017,69.81,70.11,68.46,68.58,1688476
06/21/2017,69.62,70.19,69.4,69.77,1306542
06/22/2017,69.66,70.02,69.07,69.75,1143036
06/23/2017,69.77,70.41,69.4,69.95,1234617
06/26/2017,69.97,70.81,69.93,70.36,1227826
06/27/2017,70.05,70.57,69.67,70.34,3585763
06/28/2017,70.78,71.26,70.36,70.76,1933109
06/29/2017,70.71,71.01,69.56,70.3,1584285
06/30/2017,70.85,71.64,70.72,71.31,1657138
07/03/2017,71.8,72.53,71.34,71.42,700368
07/05/2017,71.4,71.68,70.57,71.5,1562621
07/06/2017,71.19,71.58,70.33,70.54,1173012
07/07/2017,70.59,72.66,70.41,72.49,1756169
07/10/2017,72.52,74.13,72.32,73.97,2129351
07/11/2017,73.94,75.2,73.25,74.63,2296758
07/12/2017,75.01,75.98,75.01,75.32,2134857
07/13/2017,75.31,75.81,74.5,74.64,2043639
07/14/2017,74.7,74.75,73.67,74.35,2002849
07/17/2017,74.56,74.98,74.07,74.77,1577248
07/18/2017,74.82,74.91,73.96,74.5,1390363
07/19/2017,74.65,75.59,74.36,75.52,1502306
07/20/2017,75.96,75.98,75.19,75.73,1529859
07/21/2017,74.53,74.6,73.04,73.94,1891888
07/24/2017,73.95,74.16,73.42,73.66,2290008
07/25/2017,74.32,74.32,73.61,73.95,1852514
07/26/2017,73.74,74.36,73.11,73.73,1956861
07/27/2017,74.02,74.24,72.94,73.6,1682078
07/28/2017,73.39,73.62,72.95,73.11,1424391
07/31/2017,73.56,74.11,73.1,73.55,2204922
08/01/2017,73.82,73.82,71.99,72.98,2632479
08/02/2017,70.85,74.07,70.71,74.02,2892760
08/03/2017,74.2,76.14,74.17,75.53,3083438
08/04/2017,75.8,75.99,75.22,75.77,1453988
08/07/2017,75.99,76.55,75.37,76.29,1744355
08/08/2017,76.18,77.25,76.11,76.66,1595734
08/09/2017,76.26,76.9,75.33,75.77,1813727
08/10/2017,75.26,75.51,74.06,74.41,2459086
08/11/2017,74.65,75.55,74.34,75.38,1579115
08/14/2017,76.17,76.56,75.98,76.28,1027245
08/15/2017,76.36,76.65,75.77,76.19,1114222
08/16/2017,76.68,77.09,76.54,76.79,1315812
08/17/2017,76.3,76.7,75.46,75.48,2101025
08/18/2017,75.21,75.65,74.66,75.29,1615747
08/21/2017,75.53,76.08,75.1,75.84,874496
08/22/2017,75.92,77.23,75.92,76.89,1012969
08/23/2017,76.36,77.17,76.24,76.9,768688
08/24/2017,77.17,77.68,76.77,77.17,1364665
08/25/2017,77.91,77.91,76.87,76.97,935612
08/28/2017,77.16,77.41,76.69,77.13,1026785
08/29/2017,76.55,77.12,76.4,76.95,876407
08/30/2017,76.98,77.61,76.75,77.59,839995
08/31/2017,78.01,78.91,77.76,78.72,1873527
09/01/2017,78.85,80,78.8,79.67,1027815
09/05/2017,79.59,80.22,78.69,78.85,1410224
09/06/2017,79.35,79.57,78.61,78.97,1449333
09/07/2017,79.12,79.28,78.47,79.08,1402767
09/08/2017,79.08,79.32,78.21,78.9,1367223
09/11/2017,79.45,79.98,79.01,79.56,1523081
09/12/2017,79.9,80.06,79.5,79.83,1579725
09/13/2017,79.84,80.25,79.54,79.97,1183803
09/14/2017,80.06,80.68,79.41,79.9,1940345
09/15/2017,79.92,82.04,79.92,81.77,2454387
09/18/2017,81.97,82.31,81.43,82.1,1406892
09/19/2017,82.32,82.68,81.62,82.36,1641128
09/20/2017,82.56,82.91,81.86,82.53,1214688
09/21/2017,82.78,82.78,82.1,82.47,1119566
09/22/2017,82.47,84.04,82.39,83.89,1389593
09/25/2017,83.88,84.62,83.59,84.45,2320824
09/26/2017,84.49,84.97,83.92,84.17,2403723
09/27/2017,84.68,84.87,80.23,80.63,5235437
09/28/2017,80.4,81.09,78.8,79.79,4341392
09/29/2017,79.79,81.07,79.7,80.32,2498526
10/02/2017,80.35,81.59,80.01,81.57,1533798
10/03/2017,82.04,82.55,81.14,81.32,1731433
10/04/2017,81.31,83.52,81.31,83.52,1797641
10/05/2017,83.79,84.02,82.77,83.51,1996920
10/06/2017,83.22,83.37,81.92,81.99,1477704
10/09/2017,82.06,82.44,81.52,81.7,1004736
10/10/2017,80.52,81.09,79.48,80.49,2143287
10/11/2017,80.33,81.6,79.67,81.02,2408739
10/12/2017,79.83,80.28,79.57,80.06,2110762
10/13/2017,80.46,80.75,79.49,79.58,1289783
10/16/2017,80,80.01,75.44,79.97,2263535
10/17/2017,80,80.08,79.01,79.38,1734965
10/18/2017,79.55,79.88,79.12,79.78,1378134
10/19/2017,79.38,79.81,78.23,79.71,1309175
10/20/2017,80.19,80.47,78.91,79.05,1800370
10/23/2017,79.55,80.46,79.26,79.82,999342
10/24/2017,80.13,80.69,79.84,80.22,1122264
10/25/2017,79.99,80.24,79.05,79.52,1153512
10/26/2017,80.24,81.22,79.92,80.86,1164944
10/27/2017,80.87,80.87,79.44,80.5,1685342
10/30/2017,80.19,80.32,79.54,80.18,1178484
10/31/2017,80.24,81.22,80.13,81.13,1383824
11/01/2017,82.04,82.55,80.89,81.12,1899407
11/02/2017,80.86,81.55,78.56,81.06,3337421
11/03/2017,80.95,80.99,78.89,79.08,2630267
11/06/2017,79.42,79.95,78.71,79.42,1505770
11/07/2017,79.69,80.19,79.36,79.67,1194329
11/08/2017,79.06,79.67,78.66,78.94,1202799
11/09/2017,78.42,78.86,77.47,78.31,1213388
11/10/2017,78.23,78.96,77.89,78.06,2146387
11/13/2017,77.81,78.6,77.56,78.29,2394393
11/14/2017,80.28,82.16,80.28,82.15,3786876
11/15/2017,81.33,81.83,79.92,80.43,2383494
11/16/2017,80.9,81.73,80.72,81.3,1175291
11/17/2017,81.04,81.33,80.01,80.87,1637623
11/20/2017,83.24,84.37,83,83.68,3261294
11/21/2017,84.12,84.22,83.49,83.56,2021165
11/22/2017,83.56,84.04,82.34,82.57,2251806
11/24/2017,82.56,82.73,82.13,82.66,588999
11/27/2017,82.74,83.13,82.28,82.55,1204287
11/28/2017,82.74,83.53,82.43,83.34,1286192
11/29/2017,83.74,83.93,83.04,83.61,1313999
11/30/2017,84.05,86.01,82.94,85.74,2303578
12/01/2017,85.34,85.63,83.14,84.8,1896392
12/04/2017,84.83,86.01,83.32,85.44,2969918
12/05/2017,86.88,87.63,84.21,86.75,3394495
12/06/2017,86.44,87.61,83.25,83.48,2560198
12/07/2017,82.88,83.48,81.97,82.47,2816254
12/08/2017,83.03,83.98,82.32,83.3,2530751
12/11/2017,84.85,84.97,82.91,83.73,3613572
12/12/2017,84.65,84.66,83.44,83.74,2517824
12/13/2017,84.04,84.12,81.55,81.71,1972587
12/14/2017,81.69,82.71,81.09,81.18,1905651
12/15/2017,81.98,82.57,81.53,82.47,2710843
12/18/2017,82.66,83.53,82.22,82.34,1551761
12/19/2017,82.83,84.94,82.73,83.66,2113573
12/20/2017,84.19,84.43,83.37,83.89,1540314
12/21/2017,84.09,84.82,82.96,83.04,1559021
12/22/2017,83.26,83.26,82.25,82.87,844763
12/26/2017,82.72,83.19,82.55,82.96,281342
12/27/2017,83.1,83.53,82.69,82.8,607533
12/28/2017,83.1,83.65,82.8,83.61,875729
12/29/2017,83.71,84.02,82.91,82.92,774151
01/02/2018,82.96,84.49,82.58,84.16,1310782
01/03/2018,84.14,85.87,83.79,85.55,1370456
01/04/2018,85.95,87.39,85.95,86.9,1478071
01/05/2018,87.76,89.63,87.49,89.48,2078968
01/08/2018,90.4,90.86,89.05,89.83,1623385
01/09/2018,90.2,91.57,90.14,90.7,2545933
01/10/2018,90.1,90.34,88.14,88.41,1981714
01/11/2018,88.51,90.18,88.1,89.97,1921101
01/12/2018,90.23,91.18,89.97,90.8,1243564
01/16/2018,91.83,91.89,90.1,90.45,2161364
01/17/2018,90.29,92.05,89.85,91.46,1952357
01/18/2018,91.79,91.87,90.35,90.99,1278571
01/19/2018,91.35,91.91,90.64,91.41,2332726
01/22/2018,91.85,92.24,90.09,91.42,1623828
01/23/2018,91.12,91.43,90.23,90.74,1343229
01/24/2018,91.59,92.54,90.76,91.43,1747673
01/25/2018,91.87,92.2,89.98,90.38,1650955
01/26/2018,91.06,92.59,90.65,92.34,2520922
01/29/2018,93.07,93.31,92.03,92.72,3139121
01/30/2018,92.27,93.11,91.86,92.48,1305738
01/31/2018,93.1,93.79,92.01,92.57,2906931
02/01/2018,88.77,94.71,88.74,93.68,2366730
02/02/2018,93.85,94.03,92.19,92.32,2198454
02/05/2018,92.18,93.68,89.16,89.24,2247217
02/06/2018,87.98,91.48,87.09,90.72,2734382
02/07/2018,90.65,93.4,90.36,91.8,1523916
02/08/2018,91.52,91.88,87.42,87.49,2320449
02/09/2018,88.46,88.84,84.42,86.74,2864746
02/12/2018,87.43,90.41,86.83,89.57,1710808
02/13/2018,88.91,90.11,88.44,88.94,892371
02/14/2018,88.32,91.03,88.07,90.81,1345096
02/15/2018,91.61,91.74,89.77,91.43,1184344
02/16/2018,91.34,91.98,90.48,90.53,974649
02/20/2018,89.87,91.49,89.87,90.44,1248754
02/21/2018,90.42,92.23,89.89,90.67,937484
02/22/2018,91.33,91.94,90.41,91.04,833955
02/23/2018,91.31,91.86,90.33,91.15,754758
02/26/2018,91.91,92.85,91.16,92.77,736813
02/27/2018,92.8,92.97,90.71,90.71,853378
02/28/2018,91.09,91.26,89.43,89.43,1038668
03/01/2018,89.26,89.61,84.75,85.98,1959776
03/02/2018,85.28,87.37,85.14,86.81,1520732
03/05/2018,86.23,87.46,85.59,87.01,1979143
03/06/2018,87.6,88.83,86.8,88.1,1189310
03/07/2018,87.2,87.83,86.57,87.56,1453613
03/08/2018,87.86,88.19,87.07,87.87,793805
03/09/2018,88.92,90.56,88.67,90.39,1029727
03/12/2018,90.45,91.17,89.32,89.56,673514
03/13/2018,89.59,90.47,88.82,89.05,702119
03/14/2018,89.51,89.83,87.46,87.48,859454
03/15/2018,87.71,88.02,86.59,87.15,1198180
03/16/2018,87.31,87.9,86.94,87.51,1167050
03/19/2018,87.4,87.85,85.43,86.09,1049397
03/20/2018,86.6,86.91,85.72,86.07,1265038
03/21/2018,86.18,87.26,85.81,86.35,1015837
03/22/2018,85.75,86.22,81.77,82.08,1723151
03/23/2018,81.37,82.87,78.78,78.81,1841662
03/26/2018,81.02,83.38,80.9,83.28,1493155
03/27/2018,83.39,85.02,81.96,82.6,2086734
03/28/2018,82.27,82.93,80.63,81.13,1746252
03/29/2018,81.55,83.67,81.4,83.22,1446221
04/02/2018,82.86,82.86,78.97,79.91,1744470
04/03/2018,80.87,82.15,79.9,80.89,1256297
04/04/2018,79.84,82.64,79.38,82.49,1219160
04/05/2018,83.46,84.37,83.09,84.13,1231321
04/06/2018,83.14,83.63,81.4,82.09,1371261
04/09/2018,82.65,83.19,81.92,81.97,955484
04/10/2018,83.09,84.52,83.04,84.27,1516365
04/11/2018,83.86,84.62,83.29,83.67,1448737
04/12/2018,84.38,84.7,83.86,84.08,818214
04/13/2018,84.53,85.09,83.55,83.77,941678
04/16/2018,84.66,85.64,84.31,85.17,846159
04/17/2018,86.72,87.02,85.96,86.33,1220418
04/18/2018,86.69,87.11,85.75,85.91,747197
04/19/2018,85.92,85.92,83.03,84.27,786799
04/20/2018,84.5,84.74,83.74,84.54,921634
04/23/2018,84.73,85.18,84.19,84.76,894244
04/24/2018,85.53,86.33,82.97,84.08,1223087
04/25/2018,83.75,83.9,82.57,83.48,572468
04/26/2018,83.57,85.83,82.81,85.64,1307766
04/27/2018,85.29,85.71,84.18,84.26,995059
04/30/2018,84.68,84.81,82.81,82.86,1179938
05/01/2018,82.98,83.36,81.98,82.71,1729742
05/02/2018,83.56,89.56,83.56,88.2,3085839
05/03/2018,89.12,90.01,87.38,89.24,2130682
05/04/2018,88.5,90.89,88.23,90.7,1156912
05/07/2018,91,92.3,90.47,91.36,1416686
05/08/2018,91.04,92.05,90.48,91.94,1509868
05/09/2018,92.3,92.73,91.96,92.61,1736678
05/10/2018,92.62,94.35,92.19,94.29,1691004
05/11/2018,94.32,95.09,93.99,94.47,1178528
05/14/2018,94.32,94.98,93.84,93.98,878212
05/15/2018,93.31,94.29,92.92,94.24,1193402
05/16/2018,93.92,96.42,93.92,96.09,1149330
05/17/2018,95.73,96.88,95.64,96.46,1557445
05/18/2018,96.23,96.46,95.13,95.59,858569
05/21/2018,96.32,96.86,96.13,96.38,1031306
05/22/2018,96.42,97,96.17,96.36,721444
05/23/2018,95.94,96.58,95.45,96.12,798468
05/24/2018,95.69,96.11,94.99,95.88,1063691
05/25/2018,95.69,95.98,95.41,95.87,784413
05/29/2018,95.56,95.69,93.6,94.45,1327664
05/30/2018,94.88,94.95,94.04,94.68,1143232
05/31/2018,95,96.18,94.8,95.72,1967572
06/01/2018,96.53,97.48,96.2,97.26,1230550
06/04/2018,97.34,97.7,96.83,97.65,589590
06/05/2018,97.99,98.55,97.68,98.33,808072
06/06/2018,98.59,99.18,97.48,99.16,673692
06/07/2018,99.17,99.39,98.16,98.84,1016842
06/08/2018,98.84,99.21,98.34,98.96,1061189
06/11/2018,99.24,100.28,99.1,99.98,1184403
06/12/2018,100.15,100.6,99.58,100.13,1170909
06/13/2018,100.11,100.23,99.64,99.78,954345
06/14/2018,100.13,101.12,99.62,100.76,933450
06/15/2018,100.77,101.02,99.7,100.86,1592900
06/18/2018,99.88,101.36,99.77,101.06,848528
06/19/2018,99.81,100.09,97.98,98.76,1712917
06/20/2018,99.5,100.29,97.52,97.79,1135797
06/21/2018,97.3,97.3,94.6,95.53,996364
06/22/2018,96.25,96.4,93.67,94.5,1772125
06/25/2018,94.06,94.14,91.94,93.38,1005785
06/26/2018,93.48,93.89,92.72,93.15,1304239
06/27/2018,93.53,94.08,91.59,91.61,1016623
06/28/2018,91.18,91.29,88.5,90.28,1472309
06/29/2018,91.13,91.13,89.96,89.98,1264809
07/02/2018,89.36,90.52,87.88,90.44,1463711
07/03/2018,90.4,90.99,89.13,89.42,742336
07/05/2018,90.32,92.44,90.32,91.39,1595608
07/06/2018,91.32,92.7,90.76,92.54,1244243
07/09/2018,92.99,93.86,92.56,93.8,1183015
07/10/2018,93.38,94.69,93.2,94.61,1126048
07/11/2018,93.54,93.54,91.29,91.36,871506
07/12/2018,91.76,91.8,90.63,91.41,1164577
07/13/2018,91.8,92.29,91.42,91.92,576444
07/16/2018,91.91,92.34,91.51,91.85,660700
07/17/2018,91.34,94.71,91.33,94.6,1856647
07/18/2018,94.46,95.46,94.05,95.03,1022832
07/19/2018,94.45,94.94,93.08,93.26,942489
07/20/2018,92.32,92.51,90.47,91.27,1627734
07/23/2018,90.82,91.29,90.29,91.04,676262
07/24/2018,91.85,92.48,91.18,91.52,1405615
07/25/2018,90.83,93.82,89.09,93.48,2380912
07/26/2018,93.38,94.18,91.48,91.56,1557126
07/27/2018,91.81,93.12,91.18,91.92,1162626
07/30/2018,92.66,93.21,90.73,90.86,1416234
07/31/2018,91.35,96.62,91.31,96.28,3139083
08/01/2018,96.24,96.57,93.73,94.14,1956416
08/02/2018,93.44,95.14,92.3,95.03,1200595
08/03/2018,95.4,96.82,95.32,96.67,1158529
08/06/2018,96.76,96.98,96.11,96.24,1086475
08/07/2018,96.71,97.04,95.72,96.88,963964
08/08/2018,96.29,96.94,95.54,96.52,976172
08/09/2018,96.74,96.93,95.16,95.18,924811
08/10/2018,94.38,94.49,91.87,93.02,1278888
08/13/2018,93.09,93.14,90.91,91.3,1367795
08/14/2018,91.85,93.01,91.47,92.53,1095432
08/15/2018,92.08,92.27,88.75,89.54,1896135
08/16/2018,90.29,90.9,89.85,90.34,1214227
08/17/2018,90.18,91.54,89.76,91.3,836007
08/20/2018,91.78,93.12,91.78,92.98,650779
08/21/2018,93.05,93.49,92.15,92.26,656748
08/22/2018,90.54,90.83,89.18,89.39,1515581
08/23/2018,89.55,89.58,87.51,87.68,1735581
08/24/2018,87.79,87.89,86.44,87.07,2042246
08/27/2018,87.54,90.72,87.39,90.59,1743927
08/28/2018,91.3,91.4,88.7,90.6,1251407
08/29/2018,90.91,90.91,89.16,89.35,1269676
08/30/2018,89.26,89.41,87.23,87.54,923810
08/31/2018,86.91,87.34,85.96,86.6,1232036
09/04/2018,86.41,86.6,84.92,85.67,1902680
09/05/2018,85.05,85.54,83.87,83.92,3623642
09/06/2018,83.89,83.99,82.38,83.44,4055886
09/07/2018,83.35,83.67,82.11,82.99,1809924
09/10/2018,83.57,84.26,83.54,84.17,1292884
09/11/2018,83.8,84,83,83.62,1038670
09/12/2018,83.3,84.5,82.85,83.51,1629554
09/13/2018,84.07,85.22,84.07,84.69,1930654
09/14/2018,84.87,86.07,84.54,85.5,1376552
09/17/2018,85.58,85.75,83.98,84.1,883102
09/18/2018,83.89,84.74,83.28,84.63,1451237
09/19/2018,84.94,86.69,84.94,85.9,1389261
09/20/2018,86.69,88.66,86.6,88.34,1996174
09/21/2018,89.25,91.5,87.96,88.79,4377222
09/24/2018,88.02,88.08,85.29,86.61,1819294
09/25/2018,86.33,86.33,83.15,83.46,2482277
09/26/2018,83.38,84.66,83.19,83.34,1678178
09/27/2018,83.63,83.63,82.54,82.8,937840
09/28/2018,82.53,83.19,81.72,82.57,1310334
10/01/2018,83.89,84.02,82.7,82.75,1610575
10/02/2018,83.09,83.97,82.59,83.6,1405779
10/03/2018,84.34,85.39,83.74,83.79,1326750
10/04/2018,83.4,83.7,81.19,81.51,1901277
10/05/2018,80.8,81.04,77.3,77.74,3685599
10/08/2018,77.28,78.79,77.18,78.44,2319117
10/09/2018,78.5,78.69,74.91,75.36,3110664
10/10/2018,74.89,75.73,73.63,74.44,4311429
10/11/2018,73.88,75.54,71.71,72.74,2665795
10/12/2018,73.81,74.52,71.37,72.85,2310168
10/15/2018,72.7,73.48,72.28,72.45,1372735
10/16/2018,73.39,73.53,72.45,73.14,1703690
10/17/2018,72.89,73.24,71.63,72.8,3230429
10/18/2018,72.61,73.43,71.66,73.04,4771883
10/19/2018,72.33,73.9,71.66,73.12,2825278
10/22/2018,73.63,73.9,72.55,73.08,1820740
10/23/2018,71.76,75.51,70.93,75.11,3055867
10/24/2018,74.67,75.16,71.59,71.72,3072509
10/25/2018,72.69,73.27,71.57,72.95,2671394
10/26/2018,71.23,73.5,70.52,72.52,2218400
10/29/2018,75.7,78.71,73.95,75.03,3886878
10/30/2018,74.98,75.67,71.8,72.99,4942264
10/31/2018,75.38,77.17,74.51,75.55,3878476
11/01/2018,76.03,76.45,74.41,76.18,2301534
11/02/2018,76.89,78.57,76.59,78.2,3167473
11/05/2018,77.77,77.86,74.53,74.88,2061353
11/06/2018,74.71,76.08,74.71,75.37,1412439
11/07/2018,75.64,77.42,74.48,77.33,1910222
11/08/2018,76.6,77.93,76.34,76.68,1762232
11/09/2018,75.83,75.83,73.9,74.63,2762540
11/12/2018,74.75,75.4,73.2,73.55,1754728
11/13/2018,73.69,75.44,73.59,74.02,1244189
11/14/2018,74.23,75.21,73.88,74.03,1364629
11/15/2018,73.7,74.35,71.54,74.17,1665928
11/16/2018,73.62,74.23,72.66,73.22,1497373
11/19/2018,73.2,73.36,70.72,71.31,1811141
11/20/2018,70.65,70.96,69.49,70.11,2188935
11/21/2018,71.04,72.91,69.69,72.32,1924060
11/23/2018,71.58,73.16,71.52,72.02,915578
11/26/2018,72.71,73.51,72.01,73.47,1435789
11/27/2018,72.69,73.23,69.81,70.16,1640738
11/28/2018,70.29,71.67,69.63,71.61,1340533
11/29/2018,71.48,71.77,70.51,70.57,1314012
11/30/2018,70.41,71.26,70.15,70.96,2098596
12/03/2018,73.51,75.65,73.51,73.74,2106111
12/04/2018,73.24,74.04,70.05,70.67,2157588
12/06/2018,69.21,69.4,68.1,68.95,2456850
12/07/2018,68.78,69.98,66.06,66.21,1450605
12/10/2018,65.92,66.44,64.05,64.47,2130070
12/11/2018,66.56,67.63,65.44,65.89,2532505
12/12/2018,66.91,67.59,66.03,66.48,1854350
12/13/2018,66.78,67.17,65.45,65.81,1292875
12/14/2018,65.17,66.52,64.88,65.1,1475099
12/17/2018,64.24,65.82,63.04,63.62,2051659
12/18/2018,63.93,64.68,62.33,62.56,1995820
12/19/2018,62.41,64.33,60.97,61.18,2008888
12/20/2018,61.01,62.62,60.9,61.52,3047179
12/21/2018,61.38,63.09,60.64,60.65,3201043
12/24/2018,60.45,61.22,59.2,59.32,989013
12/26/2018,59.6,60.93,58.03,60.91,1449102
12/27/2018,59.61,61.15,58.52,61.15,1448846
12/28/2018,61.19,61.4,59.95,60.57,1353904
12/31/2018,60.7,60.87,59.53,60.75,1258634
01/02/2019,59.56,60.99,58.44,60.36,1831425
01/03/2019,60.13,60.28,58.14,59.62,2415139
01/04/2019,60.11,62.19,60.1,61.8,1820027
01/07/2019,61.98,63.08,61.37,62.74,1520143
01/08/2019,63.89,66.16,63.89,66.14,2624367
01/09/2019,66.88,69.99,66.88,68.64,3884672
01/10/2019,68.35,69.38,67.9,69.31,1833087
01/11/2019,69.31,69.41,68.02,68.51,1436423
01/14/2019,68.22,69.83,67.82,69.44,1415084
01/15/2019,69.41,69.88,67.59,68.91,2464013
01/16/2019,68.41,70.17,68.19,69.42,1560857
01/17/2019,69.04,70.22,68.68,70.2,1619739
01/18/2019,70.66,72.51,69.99,71.98,1931043
01/22/2019,71.43,71.66,70.23,70.79,1263431
01/23/2019,70.77,70.77,68.46,69.36,1263563
01/24/2019,69.58,71.02,69.42,70.87,936113
01/25/2019,71.07,72.53,70.91,72.05,2197849
01/28/2019,71.48,72.24,70.88,72.07,1392438
01/29/2019,71.61,72.01,70.92,71.5,1752809
01/30/2019,71.64,73.02,70.99,72.85,1731828
01/31/2019,75.01,78.68,74.96,78.13,3690395
02/01/2019,77.19,77.69,76.08,76.97,3969590
02/04/2019,77.06,77.73,75.44,77.59,2705576
02/05/2019,77.43,78.18,77.3,77.82,1539332
02/06/2019,77.66,78.23,77.33,77.49,1275095
02/07/2019,76.46,76.77,74.88,75.43,1933591
02/08/2019,74.96,75.03,72.87,74.91,1716735
02/11/2019,74.92,75.89,74.68,75.29,1155721
02/12/2019,75.75,76.85,75.61,76.37,1898796
02/13/2019,78.43,79.14,77.89,78.7,2024075
02/14/2019,77.92,79.19,77.1,78.84,1498201
02/15/2019,79.52,80.35,78.97,80.14,1337341
02/19/2019,79.91,80.78,79.87,80.46,947901
02/20/2019,80.8,81.56,80.66,80.89,825408
02/21/2019,80.52,81.19,80.07,80.29,841445
02/22/2019,80.59,81.56,80.32,81.51,736212
02/25/2019,82.18,83.08,81.91,82.21,1040965
02/26/2019,81.73,82.45,81.55,81.92,672927
02/27/2019,81.7,82.73,81.17,82.43,885831
02/28/2019,82.1,82.45,81.43,82.26,1675571
03/01/2019,83.13,83.95,82.57,83.39,1374875
03/04/2019,83.59,84.09,82.01,83.09,2745883
03/05/2019,83.04,83.49,82.57,83.14,1130996
03/06/2019,82.78,83.37,81.46,81.6,1215862
03/07/2019,81.02,81.68,80.01,81.29,1171250
03/08/2019,80.41,81.27,80.18,80.95,1516887
03/11/2019,81.15,82.23,81.04,81.73,1016754
03/12/2019,82.04,82.57,81.58,81.63,891856
03/13/2019,81.84,82.57,81.48,81.5,1243172
03/14/2019,81.16,81.16,79.84,80.28,1003428
03/15/2019,80.8,81.69,80.47,81.12,1865163
03/18/2019,80.91,81.13,79.69,80.19,1598588
03/19/2019,80.83,82.74,80.73,81.98,1695176
03/20/2019,81.74,81.88,79.35,79.6,1897575
03/21/2019,79.57,80.53,79.18,80.08,1077881
03/22/2019,79.37,79.77,76.78,76.81,1511989
03/25/2019,76.8,77.78,76.32,77.22,1001705
03/26/2019,77.8,78.48,77.54,78.17,679494
03/27/2019,78.37,78.66,76.56,76.91,1504088
03/28/2019,77.33,78.78,77.27,78.01,873798
03/29/2019,78.53,79.14,78.28,78.67,1324819
04/01/2019,79.85,81.82,79.56,81.71,1059742
04/02/2019,81.75,82.23,81.2,82.08,927924
04/03/2019,83.3,84.92,83.28,84.09,1267822
04/04/2019,84.25,85.86,84.1,85.54,850113
04/05/2019,85.66,86.35,85.5,86.04,718109
04/08/2019,86.11,87.71,86.01,87.6,1161540
04/09/2019,86.46,86.82,85.84,86.62,1330874
04/10/2019,86.41,87.72,86.16,87.65,623341
04/11/2019,87.65,88.23,87.04,88.16,712025
04/12/2019,89.07,90.28,88.89,89.87,1142292
04/15/2019,89.75,89.95,88.44,88.8,773852
04/16/2019,88.78,89.32,88.44,89.19,999063
04/17/2019,89.85,90.38,89.47,89.78,1007719
04/18/2019,89.24,89.74,88.44,89.41,1085988
04/22/2019,88.83,89.6,88.53,88.8,748434
04/23/2019,88.64,88.87,87.93,88.57,889067
04/24/2019,88.57,88.63,87.98,88.04,1027713
04/25/2019,87.22,87.35,84.29,84.57,1448641
04/26/2019,85.42,86.14,84.48,85.6,1167356
04/29/2019,85.26,85.75,84.83,84.96,814522
04/30/2019,84.61,85.25,83.67,84.82,1146786
05/01/2019,85.1,85.26,82.7,82.78,1281882
05/02/2019,74.23,79.58,73.26,78.96,2479749
05/03/2019,78.78,79.83,78.01,79.32,1230874
05/06/2019,77.1,79.12,76.53,78.9,1504555
05/07/2019,77.72,78.98,77.47,78.84,2040597
05/08/2019,78.82,80.23,78.62,79.13,1470975
05/09/2019,77.36,77.93,75.57,77.32,1566575
05/10/2019,76.72,77.41,75.18,76.67,918466
05/13/2019,74.77,74.84,72.06,72.77,1689730
05/14/2019,73.27,74.66,72.9,74.17,934796
05/15/2019,73.19,75.05,72.14,74.47,1260556
05/16/2019,74.74,74.75,72.95,73.14,1668508
05/17/2019,72.74,74.05,72.61,73.1,1361042
05/20/2019,72.23,72.94,71.78,72.15,1129954
05/21/2019,72.92,73.1,71.77,71.84,932653
05/22/2019,71.3,71.38,68.49,68.83,2234092
05/23/2019,68.12,68.15,66.42,67.2,2310693
05/24/2019,67.88,68.09,66.66,67.31,1746520
05/28/2019,67.93,68.97,67.69,68.51,1721119
05/29/2019,67.81,68.58,67.31,68.09,1113569
05/30/2019,68.21,69.14,67.73,68.15,1052278
05/31/2019,65.34,65.42,62.88,63.57,3182354
06/03/2019,63.72,66.63,63.61,66.33,1657670
06/04/2019,67.92,70.17,67.8,69.99,2654632
06/05/2019,70.2,72.11,69.62,71.99,2282051
06/06/2019,71.81,72.76,71.35,72.39,2027318
06/07/2019,72.9,73.74,72.07,72.86,928330
06/10/2019,74.19,76.19,73.94,75.14,1068739
06/11/2019,76.59,76.97,75.41,75.57,791309
06/12/2019,75.56,75.64,74.22,74.35,785294
06/13/2019,74.08,75.56,73.71,75.52,1028354
06/14/2019,75.36,75.36,73.68,74.76,872064
06/17/2019,74.57,75.58,73.99,75.27,855928
06/18/2019,75.9,77.82,75.85,76.22,768240
06/19/2019,76.74,77.12,75.94,76.25,971473
06/20/2019,77.68,78.11,76.7,77.87,941720
06/21/2019,77.89,78.16,77.36,77.81,1110842
06/24/2019,77.58,78.47,76.53,77.71,783238
06/25/2019,77.52,77.88,77.03,77.56,917476
06/26/2019,77.65,79.15,76.69,78.34,887656
06/27/2019,79.45,80.45,79.25,80.44,1392836
06/28/2019,80.4,81.89,80.23,80.4,4876276
07/01/2019,81.88,82.36,79.31,80.06,1088616
07/02/2019,80.19,80.48,78.24,78.97,813112
07/03/2019,79.41,79.57,78.65,78.7,345103
07/05/2019,78.08,79.12,77.97,78.54,745686
07/08/2019,78.13,78.56,75.93,76.22,958036
07/09/2019,75.66,75.87,74.35,75.5,1487817
07/10/2019,75.78,77.09,75.34,76.94,1110355
07/11/2019,76.78,77.22,76.29,77.15,498367
07/12/2019,77.55,79.89,77.45,79.6,735221
07/15/2019,79.63,80.29,78.13,80.18,1138556
07/16/2019,78.94,80.3,77.61,79.4,1162360
07/17/2019,79.2,79.4,77.64,77.76,948675
07/18/2019,77.38,78.08,77.12,78.05,687055
07/19/2019,78.42,81.37,78.1,79.5,943298
07/22/2019,79.78,80.83,79.32,79.49,1000356
07/23/2019,81.09,82.3,79.55,81.59,1359649
07/24/2019,81.31,83.05,81.31,83.04,887943
07/25/2019,82.59,82.78,80.66,81.32,1339407
07/26/2019,81.44,81.92,80.46,81.78,1084910
07/29/2019,81.7,82.13,81,81.56,612408
07/30/2019,80.32,81.1,79.39,80.89,1158317
07/31/2019,85.34,88.31,84.31,86.99,3037236
08/01/2019,87.88,88.16,81.72,82.99,1827711
08/02/2019,82.46,82.94,79.93,82.62,1010887
08/05/2019,80.53,81.37,80.16,80.38,1369926
08/06/2019,81.35,83.09,81.33,82.83,1164208
08/07/2019,81.4,83.29,80.54,83.12,1359451
08/08/2019,83.44,85.31,83.35,85.07,1072639
08/09/2019,84.32,84.89,82.67,83.14,683451
08/12/2019,82.43,83.26,81.74,82.13,711579
08/13/2019,81.78,84.42,81.08,83.17,847592
08/14/2019,81.11,81.13,78.98,79.14,1017434
08/15/2019,79.54,80.13,78.18,78.79,997049
08/16/2019,79.7,81.72,79.48,81.45,552172
08/19/2019,83.07,83.56,82.11,83.19,739495
08/20/2019,82.47,82.82,80.63,81.81,773206
08/21/2019,83.31,83.48,82.66,83.02,646413
08/22/2019,83.67,84.14,82.66,83.14,379554
08/23/2019,82.11,82.61,79.07,79.52,949053
08/26/2019,80.4,80.97,79.6,80.5,473060
08/27/2019,81.36,81.97,80.58,80.61,560691
08/28/2019,80.33,82.44,79.74,82.29,599401
08/29/2019,83.11,83.9,82.27,82.91,621444
08/30/2019,83.73,84.41,82.43,82.71,839195
09/03/2019,82.5,82.5,80.49,81.18,946802
09/04/2019,82.51,83.82,82.35,83.78,710844
09/05/2019,85.41,87.85,85.06,87.74,830170
09/06/2019,87.83,88.65,86.61,88.3,535204
09/09/2019,89.12,90.34,88.66,89.87,787618
09/10/2019,89.03,90.32,88.06,90.32,832833
09/11/2019,90.05,90.7,88.4,90.66,537692
09/12/2019,90.36,91.01,88.53,90.7,915853
09/13/2019,89.59,91.13,89.13,89.81,1174316
09/16/2019,89.13,90.48,88.28,89.16,1022511
09/17/2019,89.15,89.47,87.51,89.21,804938
09/18/2019,89.09,89.7,88.32,89.06,620173
09/19/2019,89.17,89.8,88.62,89.01,646110
09/20/2019,89.44,89.61,86.53,86.66,1408992
09/23/2019,87.63,88.87,87.35,87.59,916522
09/24/2019,88.07,88.69,85.9,86.26,932752
09/25/2019,86.24,87.88,85.47,87.65,602153
09/26/2019,87.83,87.91,86.37,87.29,380926
09/27/2019,87.53,88.16,86.03,86.47,638064
09/30/2019,86.85,87.53,86.5,86.99,722326
10/01/2019,87.17,87.92,84.6,84.67,919124
10/02/2019,83.34,84.28,80.18,81.83,1441082
10/03/2019,81.38,83.11,81.07,82.2,873202
10/04/2019,82.58,83.74,82.56,83.02,1135493
10/07/2019,82.76,84.41,82.2,83.59,753581
10/08/2019,81.93,82.51,80.14,80.15,690353
10/09/2019,81.44,81.9,80.66,81.42,585755
10/10/2019,81.78,83.57,81.78,82.83,620148
10/11/2019,84.44,86.8,84.44,85.85,787627
10/14/2019,85.49,86.4,85.44,86.17,365114
10/15/2019,86.38,88.43,86.36,87.6,652870
10/16/2019,88.16,89.32,87.83,88.68,973712
10/17/2019,89.14,89.15,88.15,88.61,656701
10/18/2019,88.25,89.29,88.21,88.53,789828
10/21/2019,89.4,89.4,88.32,88.92,636487
10/22/2019,88.43,90.58,87.76,89.97,491606
10/23/2019,89.66,89.83,88.3,88.99,795477
10/24/2019,89.29,89.75,88.42,88.62,409148
10/25/2019,88.42,89.52,87.97,89.12,841994
10/28/2019,90.04,90.26,89.51,89.68,565983
10/29/2019,89.19,89.99,88.71,89.9,1230180
10/30/2019,88.58,92.31,85.47,91.96,2472788
10/31/2019,91.75,91.97,88.65,89.16,1375820
11/01/2019,90.28,92.04,89.83,91.92,1257220
11/04/2019,93.04,95.17,92.69,95.16,1625156
11/05/2019,95.35,96.11,94.67,95.01,2172300
11/06/2019,95.1,95.58,94.27,95.36,868745
11/07/2019,96.19,97.39,96.05,96.26,1736044
11/08/2019,95.97,96.67,94.88,96.62,717461
11/11/2019,95.75,96.87,95.48,95.81,554094
11/12/2019,96.36,96.63,94.66,94.93,1059326
11/13/2019,93.97,93.99,91.04,91.45,1031860
11/14/2019,91.25,92.6,90.92,92,1106586
11/15/2019,92.92,92.92,91.7,92.07,1162000
11/18/2019,91.74,92.4,91.28,92.09,1050317
11/19/2019,92.34,92.45,90.53,90.9,1612825
11/20/2019,90.46,90.73,89.07,89.27,1227170
11/21/2019,89.74,90.64,88.59,88.76,939120
11/22/2019,89.86,91.39,89.59,91.23,2929134
11/25/2019,92.27,93.78,91.74,93.78,2165736
11/26/2019,93.16,94.74,92.94,94.54,1324055
11/27/2019,94.63,95.03,93.84,94.45,576440
11/29/2019,94.32,94.42,93.53,93.66,572537
12/02/2019,94.48,95.33,93.44,94.26,1565126
12/03/2019,93.56,94.76,91.49,91.6,1079135
12/04/2019,91.84,92.81,91.84,92.14,1008585
12/05/2019,92.35,93.43,91.7,93.15,618009
12/06/2019,94.31,94.59,93.06,93.52,691082
12/09/2019,93.1,93.29,92.66,92.71,680625
12/10/2019,92.63,93,91.99,92.51,562622
12/11/2019,93.12,93.52,92.25,92.75,657160
12/12/2019,93.44,95.9,93.04,95.58,744082
12/13/2019,95.38,96.12,93.07,93.32,999978
12/16/2019,94.6,95.63,94.14,94.73,1194163
12/17/2019,94.99,95.64,94.32,95.58,1069257
12/18/2019,96.06,97.93,95.7,97.62,948946
12/19/2019,97.49,98.05,96.85,97.6,854877
12/20/2019,98.68,98.79,96.01,96.12,1316470
12/23/2019,96.47,96.66,95.03,95.3,823262
12/24/2019,95.56,95.8,94.65,94.65,260068
12/26/2019,95.12,95.52,94.62,95.52,411839
12/27/2019,95.93,96.33,95.52,96.04,585241
12/30/2019,96.04,96.04,94.86,95.02,483061
12/31/2019,95.03,95.64,94.46,94.68,501041
01/02/2020,95.7,96.1,94.77,96.09,1435774
01/03/2020,94.02,94.59,93.37,93.83,791052
01/06/2020,92.94,92.94,91.51,92.11,1360504
01/07/2020,92.1,92.27,90.62,90.98,1784710
01/08/2020,91.2,93.23,90.73,92.85,1984373
01/09/2020,93.87,94.11,91.45,91.52,878574
01/10/2020,91.5,91.5,89.16,89.26,1112973
01/13/2020,89.19,89.19,88.41,88.63,1810814
01/14/2020,88.61,89.5,88.29,88.76,1990815
01/15/2020,88.5,89.1,87.37,87.67,1282072
01/16/2020,88.17,91.19,88.17,90.99,1608481
01/17/2020,90.67,91.96,90.25,91.28,1431658
01/21/2020,90.81,91.68,90.24,90.79,1197643
01/22/2020,91.61,92.18,90.66,90.88,749717
01/23/2020,90.31,92.17,89.02,92.1,1176561
01/24/2020,92.57,92.6,90.52,91.32,1233446
01/27/2020,88.93,89.37,87.97,88.38,1411215
01/28/2020,89.35,90.07,88.48,89.45,1115886
01/29/2020,90.1,90.82,89.27,89.66,1237571
01/30/2020,84.78,87.92,84.3,87.47,2088117
01/31/2020,86.52,86.85,84.38,84.57,1281437
02/03/2020,85.35,87.34,85.03,86.5,1302821
02/04/2020,88.2,91.02,88.2,90.51,1154584
02/05/2020,91.82,92.5,90.28,90.52,874908
02/06/2020,90.97,90.99,87.68,88.23,892040
02/07/2020,87.47,87.49,86.63,87.14,1029260
02/10/2020,86.95,87.35,86.025,87.32,745761
02/11/2020,87.65,91.1,87.11,90.78,1082150
02/12/2020,91.69,92.3,90.88,91.51,676785
02/13/2020,90.47,91.1,89.74,90.54,542733
02/14/2020,90.41,90.52,88.09,88.32,793031
02/18/2020,88.06,89.48,87.57,88.04,814037
02/19/2020,88.32,90.87,87.78,90.71,1149630
02/20/2020,89.97,92.04,89.97,91.1,1138441
02/21/2020,90.15,90.46,88.91,90.08,983260
02/24/2020,86.73,87.18,83.72,83.96,1775177
02/25/2020,84.77,84.84,79.91,81.1,2186326
02/26/2020,82.11,83.44,80.8,81.09,1374768
02/27/2020,80.52,81.71,77.35,78,2734210
02/28/2020,75.32,79.39,73.8,78.07,2790652
03/02/2020,78.71,82.18,77.63,82.1,2011894
03/03/2020,82.41,84.87,79.83,80.61,2036588
03/04/2020,82.15,83.15,80.265,83.03,1438668
03/05/2020,80.35,81.67,77.93,78.45,1327904
03/06/2020,75.36,77.96,74.3,76.27,1938233
03/09/2020,70.6,71.57,68.12,68.9,2226741
03/10/2020,72.29,73.35,69.62,72.79,2232637
03/11/2020,70.59,71.63,66.97,67.25,2143182
03/12/2020,62.87,64.79,58.97,59.45,2859207
03/13/2020,62.8,66.5,60.16,66.41,2221480
03/16/2020,59.01,59.01,51.08,51.08,2605396
03/17/2020,52.39,52.855,45.6501,48.31,3589651
03/18/2020,44.38,45.7,29.22,33.26,4947939
03/19/2020,33.23,45.36,29.33,40.57,6553045
03/20/2020,42.05,49.61,41.73,45.16,5001265
03/23/2020,44.36,48.64,42.11,46.51,3671130
03/24/2020,50.18,52.12,47.55,49.52,2291768
03/25/2020,51.17,53.425,47.56,50.63,1846933
03/26/2020,51.8,55.89,50.02,55.06,1862208
03/27/2020,51.95,52.81,49.4101,51.28,2116780
03/30/2020,50.27,51.82,48.02,49.9,2269336
03/31/2020,50.24,52.21,48.43,49.17,2203103
04/01/2020,44.62,47.47,44.12,45.91,2141488
04/02/2020,44.71,48.79,44.25,45.59,2108356
04/03/2020,45.92,46.46,43.04,43.3,1801954
04/06/2020,47.01,50.71,45.7,49.93,2540963
04/07/2020,54.09,56.23,52.44,53.51,2961240
04/08/2020,54.73,60.385,54.29,60.19,3031309
04/09/2020,63.14,66.65,62.01,62.24,2830906
04/13/2020,61.7,61.85,58.19,60.77,1007650
04/14/2020,62.05,64.64,61.39,62.75,1447726
04/15/2020,58.64,61.23,58.51,60.89,1378508
04/16/2020,60.62,61.29,57.8,59.335,1121804
04/17/2020,62.86,64.76,62.39,63.88,2568600
04/20/2020,61.44,62.42,58.721,59.47,1864708
04/21/2020,56.29,59.72,56.04,58.35,1389097
04/22/2020,60.03,61.23,59.03,60.5,1160011
04/23/2020,61.43,62.65,60.66,60.83,864724
04/24/2020,62.39,63.74,61.32,62.75,909369
04/27/2020,62.69,65.91,62.5,65.46,1221241
04/28/2020,68.04,69.77,66.48,66.68,1416948
04/29/2020,68.86,72.41,68.34,71.66,1423765
04/30/2020,68.5,71.03,68.2,69.51,1738525
05/01/2020,67.4,67.4,64.09,65.75,1411036
05/04/2020,64.1,65.43,63.26,64.06,1810238
05/05/2020,65.25,67.045,64.67,65.69,1933860
05/06/2020,68.33,68.39,64.84,65.18,869036
05/07/2020,66.48,68.2,65.09,65.23,1032445
05/08/2020,67.13,68.68,66.44,68.11,892551
05/11/2020,66.73,68.1399,65.03,66.66,1262663
05/12/2020,67.46,67.75,64.44,64.44,875550
05/13/2020,64.5,64.5,60.13,60.73,1435926
05/14/2020,58.85,63.19,57.26,63.12,1310564
05/15/2020,62.28,64.4,61.5,64.02,966941
05/18/2020,67.41,70.8,67.41,70.21,1278235
05/19/2020,71,74.22,69.94,69.95,1862589
05/20/2020,71.79,73.325,71.26,71.72,1815154
05/21/2020,72.49,74.4,71.345,71.52,1824342
05/22/2020,71.34,72.131,70.11,71.88,1189460
05/26/2020,75.62,76.37,74.45,75.67,1667156
05/27/2020,78.9,81.96,75.57,77.64,2100079
05/28/2020,77.71,78.2,73.55,73.63,2116773
05/29/2020,74.16,75.62,73.205,75.26,2051955
06/01/2020,75.93,77.05,74.52,76.67,1170750
06/02/2020,77.84,79.66,77.05,79.65,1438636
06/03/2020,81.15,84.55,81.15,83.32,4174127
06/04/2020,81.54,84.22,81.21,83.6938,1926134
06/05/2020,88.44,89,85.05,85.78,2039511
06/08/2020,87.51,89.74,87.02,87.5,3035731
06/09/2020,81.45,82.04,75.47,75.91,6240670
06/10/2020,79.3,82.61,77.5,82.35,17015200
06/11/2020,76.46,79.29,72.92,72.95,5838929
06/12/2020,76.93,77.78,73.61,75.67,3399121
06/15/2020,72.36,76.24,71.8,75.55,2583111
06/16/2020,78.5,79.41,74.96,76.15,1603270
06/17/2020,76.08,76.56,74.25,75.98,2469641
06/18/2020,75.36,77.28,74.32,76.59,1543518
06/19/2020,78.39,80.79,77.32,77.74,2999478
06/22/2020,78.28,79.3,76.6,78.51,1991607
06/23/2020,80.01,80.88,77.71,78.75,1758869
06/24/2020,78.18,78.2,74.359,74.62,2190415
06/25/2020,73.89,76.86,73.36,76.62,1443088
06/26/2020,76.3,77.03,73.94,74.18,3411448
06/29/2020,74.61,75.93,74.105,75.65,1687655
06/30/2020,75.36,78.44,74.76,77.86,2286118
07/01/2020,77.91,77.99,74.395,75.41,1284205
07/02/2020,76.63,79.18,76.63,76.85,1452355
07/06/2020,79.74,80.23,77.14,78.43,1127616
07/07/2020,77.29,78.0604,76.84,77.17,1071202
07/08/2020,77.25,77.71,75.67,76.8,1031042
07/09/2020,76.89,77.01,74,75.35,1029318
07/10/2020,75.59,76.89,75.21,76.31,1105219
07/13/2020,76.98,79.18,76.36,76.68,1653513
07/14/2020,77.07,78.41,75.35,78.2,1031764
07/15/2020,80.28,82.22,79.25,81.81,1260668
07/16/2020,80.72,82.41,79.81,82.27,1221999
07/17/2020,82.73,82.79,81.18,81.77,1135801
07/20/2020,81.46,82.23,80.17,81.93,999189
07/21/2020,83.29,83.8,81.53,81.95,966991
07/22/2020,81.68,82.8,81.185,82.72,1258902
07/23/2020,83.04,83.53,81.32,82.33,1194792
07/24/2020,80.8,83.16,80.7682,82.22,968772
07/27/2020,82.25,84.35,81.75,83.54,976377
07/28/2020,83.67,84.27,82.08,82.17,692957
07/29/2020,82.21,83.72,82.21,83.72,1367059
07/30/2020,82.5,82.84,79.91,80.46,1621658
07/31/2020,80.27,80.4,76.18,77.75,1878522
08/03/2020,78.25,80.443,78.25,79.73,1218443
08/04/2020,81.81,81.81,80.26,81.03,994738
08/05/2020,81.28,83.94,81.08,83.84,1730231
08/06/2020,83.16,85.175,83.16,84.49,1344201
08/07/2020,83.67,84.81,82.92,83.87,996924
08/10/2020,84.63,86.81,84.23,86.41,994598
08/11/2020,88,90.82,87.99,88.86,1956917
08/12/2020,90.81,91.51,88.215,89.5,1486518
08/13/2020,88.62,89.33,88.35,88.63,697088
08/14/2020,88.52,88.93,87.625,88.34,562174
08/17/2020,88.91,89.31,87.73,88.2,1156895
08/18/2020,88.19,89.11,87.19,87.25,563638
08/19/2020,86.88,87.05,84.77,85.42,1204796
08/20/2020,84.21,84.865,83.74,84.49,873613
08/21/2020,84.76,84.81,83.68,83.84,511718
08/24/2020,84.55,85.865,84.385,85.49,1234345
08/25/2020,86.03,86.3099,84.55,85.31,788593
08/26/2020,85.31,85.91,84.69,85.45,893929
08/27/2020,85.85,85.85,84.64,85.34,648619
08/28/2020,85.38,87.315,85.15,87.25,1075857
08/31/2020,87.74,87.89,85.77,86.05,1260608
09/01/2020,85.38,87.12,84.205,87.04,808128
09/02/2020,88.68,90.7,87.53,89.99,1902594
09/03/2020,89.88,90.06,86.14,86.76,1450759
09/04/2020,87.86,88.21,84.715,86.23,1030715
09/08/2020,86.21,86.48,84.155,84.67,2590521
09/09/2020,86.06,86.63,85.385,85.61,1114282
09/10/2020,87,87.69,83.71,84.09,721990
09/11/2020,84.45,85.26,83.45,84.53,1290508
09/14/2020,85.52,86.45,84.92,85.9,967470
09/15/2020,86.42,87.62,85.7389,86,1329693
09/16/2020,86.69,86.7011,84.36,84.97,1466353
09/17/2020,84.22,84.37,82.63,83.33,1378675
09/18/2020,87.04,89.42,86,88.95,3748417
09/21/2020,86.75,87.55,83.4,84.5,1862146
09/22/2020,84.35,85.114,83.0482,84.44,797726
09/23/2020,84.53,85.73,83.92,83.95,1348371
09/24/2020,82.85,85.63,82.12,84.33,905154
09/25/2020,84.07,87.04,83.54,86.43,1091451
09/28/2020,88.41,90.88,88.35,90.06,1015404
09/29/2020,89.81,92.29,89.52,91.92,1430072
09/30/2020,92.18,93.28,90.9,91.68,1803034
10/01/2020,92.75,94.9653,91.68,93.96,1734911
10/02/2020,91.46,94.495,91.24,93.55,849159
10/05/2020,95,97.6261,94.915,97.19,810521
10/06/2020,99.49,99.54,94.06,94.46,1911752
10/07/2020,96.14,99.48,95.93,99.26,1326431
10/08/2020,100,100.82,97.54,97.98,1301316
10/09/2020,99.29,99.29,97.21,98.06,1188414
10/12/2020,98.71,99.5,98.04,98.28,1126654
10/13/2020,97.32,97.87,95.59,96.03,1122803
10/14/2020,97.01,97.5,95.63,95.77,935726
10/15/2020,94.98,98.25,94.55,97.68,1336509
10/16/2020,98.35,99.5,96.74,98.21,1233622
10/19/2020,98.73,100.19,97.69,99.41,1624523
10/20/2020,100.12,102.18,99.47,100.19,1313657
10/21/2020,100.91,101.59,99.35,99.36,1531720
10/22/2020,100.19,101.125,98.6,100.16,1951780
10/23/2020,101.08,101.775,99.63,100.29,1618560
10/26/2020,98.6,99.11,96.76,98.16,806904
10/27/2020,97.94,98.78,96.05,96.29,674992
10/28/2020,93.31,95.37,92.56,93.63,1298747
10/29/2020,95.52,100.34,95.4,98.32,1632306
10/30/2020,97.97,99.41,95.72,96.49,1596417
11/02/2020,97.01,98.835,95.65,97.85,1850730
11/03/2020,100.04,103.1486,99.49,101.8,1920891
11/04/2020,101.15,101.9862,99.05,99.28,1843439
11/05/2020,101.47,105.79,101.14,104.81,1111844
11/06/2020,105.05,105.87,103.57,104.47,776738
11/09/2020,111.27,114.55,106.21,106.69,1634432
11/10/2020,107.17,110,106.7,108.84,2097663
11/11/2020,110.54,111.68,108.635,111.03,1735514
11/12/2020,112.35,112.5,108.04,108.9,1822692
11/13/2020,109.9,110.525,107.64,109.89,2001054
11/16/2020,112.2,114.54,111.015,114.51,1220397
11/17/2020,112,115.61,111.7,114.49,1377445
11/18/2020,114.88,116.99,114.71,115.01,1360741
11/19/2020,114.5,115.965,113.16,115.34,846694
11/20/2020,114.86,115.69,113.92,114.26,898628
11/23/2020,115.41,117.342,115,116.6,1528760
11/24/2020,119,122.07,118.33,121.7,1598760
11/25/2020,119.91,120.01,117.31,118.45,924931
11/27/2020,119,121.9999,118.79,121.86,669449
11/30/2020,121.62,121.97,118.22,118.73,2017381
12/01/2020,122.37,123.44,121.29,122.18,1889680
12/02/2020,121.17,122.102,120.27,120.94,880332
12/03/2020,121.58,122.02,120.4,121.14,971613
12/04/2020,122.37,124.24,121.68,123.36,864543
12/07/2020,123.51,123.64,121.5,123.46,643308
12/08/2020,123.41,124.71,122.52,123.1,596075
12/09/2020,124.61,125.76,122.7925,123.71,1247149
12/10/2020,122.12,124.5,122.05,124.14,746162
12/11/2020,122.76,123.62,121.27,122.14,1280658
12/14/2020,123.99,124.2963,121.57,121.66,1403248
12/15/2020,123.42,123.99,119.81,122.53,2109415
12/16/2020,122.96,123.6,121.12,122.87,918794
12/17/2020,124.22,125.225,123.21,124.86,1099940
12/18/2020,125,125.7439,122.37,124.23,2778232
12/21/2020,120,123.68,119.75,123.26,906180
12/22/2020,123.8,126,122.72,125.03,827883
12/23/2020,127.14,130.04,126.31,128.41,1164092
12/24/2020,128.9,129.2,127.055,128.42,269934
12/28/2020,128.94,130.0163,128,128.12,475036
12/29/2020,129.04,130.35,127.06,128.11,616192
12/30/2020,128.71,131.03,128.71,130.85,790923
12/31/2020,130.8,131.23,129.7,130.29,596331
