05/02/2014,12.854,13.279,12.747,13.236,10783106
05/05/2014,13.059,13.526,12.96,13.229,851337
05/06/2014,13.102,13.208,13.031,13.073,556982
05/07/2014,13.08,13.126,12.294,12.542,1035698
05/08/2014,12.464,13.066,12.464,12.627,492667
05/09/2014,12.577,12.655,12.323,12.422,620902
05/12/2014,12.507,12.62,11.905,12.181,1249302
05/13/2014,12.188,12.28,11.813,12.075,631484
05/14/2014,12.075,12.308,11.968,12.145,625441
05/15/2014,12.075,12.705,12.039,12.4,371208
05/16/2014,12.393,12.655,12.393,12.535,136763
05/19/2014,12.563,12.889,12.464,12.634,466901
05/20/2014,12.613,12.747,12.323,12.705,165436
05/21/2014,12.677,12.832,12.528,12.705,933252
05/22/2014,12.762,12.832,12.617,12.747,227262
05/23/2014,12.818,12.868,12.577,12.868,101015
05/27/2014,12.953,13.066,12.719,12.946,391425
05/28/2014,13.066,13.279,12.97,13.208,199951
05/29/2014,13.208,13.356,12.988,13.314,412218
05/30/2014,13.349,13.526,13.172,13.456,586083
06/02/2014,13.526,13.526,13.165,13.314,84807
06/03/2014,13.321,13.449,13.24,13.257,130127
06/04/2014,13.349,13.449,13.109,13.257,471826
06/05/2014,13.371,13.441,12.797,13.017,237553
06/06/2014,12.967,13.052,12.818,13.031,88181
06/09/2014,13.031,13.243,12.917,13.236,72461
06/10/2014,13.208,13.397,13.087,13.151,223835
06/11/2014,13.427,13.427,13.094,13.279,228689
06/12/2014,13.194,13.307,13.045,13.243,79918
06/13/2014,13.165,13.385,12.995,13.002,69898
06/16/2014,13.059,13.314,12.995,13.172,116884
06/17/2014,13.172,13.289,12.889,13.164,363413
06/18/2014,13.165,13.307,13.066,13.172,374534
06/19/2014,13.002,13.293,13.002,13.204,326838
06/20/2014,13.208,13.279,13.08,13.138,320796
06/23/2014,13.208,13.349,13.109,13.307,118442
06/24/2014,13.229,13.356,13.208,13.252,90132
06/25/2014,13.194,13.279,13.103,13.222,71443
06/26/2014,13.201,13.243,13.13,13.187,42866
06/27/2014,13.25,13.356,13.08,13.236,41407
06/30/2014,13.356,13.59,13.116,13.457,108260
07/01/2014,13.356,13.519,13.279,13.349,81635
07/02/2014,13.244,13.446,13.208,13.3,36206
07/03/2014,13.378,13.456,13.208,13.392,23831
07/07/2014,13.456,13.477,13.279,13.449,62861
07/08/2014,13.363,13.633,13.158,13.626,132676
07/09/2014,13.604,13.81,13.279,13.463,149820
07/10/2014,13.491,13.59,13.278,13.45,45532
07/11/2014,13.349,13.597,13.349,13.512,69852
07/14/2014,13.399,13.562,13.392,13.534,25782
07/15/2014,13.583,13.619,13.401,13.619,135318
07/16/2014,13.597,13.668,13.392,13.611,45899
07/17/2014,13.647,13.668,13.492,13.526,42664
07/18/2014,13.456,13.718,13.456,13.562,71269
07/21/2014,13.629,13.81,13.533,13.739,38185
07/22/2014,13.604,13.937,13.604,13.888,110882
07/23/2014,13.895,13.987,13.689,13.937,47280
07/24/2014,13.937,14.504,13.831,14.051,582338
07/25/2014,13.987,14.093,13.597,14.036,74047
07/28/2014,13.966,14.199,13.76,13.76,111205
07/29/2014,13.739,14.058,13.739,14.022,67186
07/30/2014,14.043,14.058,13.81,13.852,585204
07/31/2014,13.796,13.796,13.654,13.781,79086
08/01/2014,13.739,13.888,13.597,13.597,131400
08/04/2014,13.526,13.611,13.002,13.25,96111
08/05/2014,13.279,13.456,13.229,13.229,74406
08/06/2014,13.172,13.221,12.492,12.62,110299
08/07/2014,12.691,12.946,12.599,12.613,104656
08/08/2014,12.726,12.847,12.252,12.5,78835
08/11/2014,12.528,12.818,12.457,12.719,115292
08/12/2014,12.641,12.981,12.585,12.747,100352
08/13/2014,12.74,12.96,12.74,12.854,110066
08/14/2014,12.747,12.861,12.705,12.797,69941
08/15/2014,13.017,13.066,12.747,12.747,235773
08/18/2014,12.825,12.946,12.443,12.606,66945
08/19/2014,12.57,12.691,12.457,12.661,45806
08/20/2014,12.549,12.747,12.5,12.712,184392
08/21/2014,12.662,12.737,12.526,12.705,37715
08/22/2014,12.655,12.734,12.59,12.712,22063
08/25/2014,12.948,13.199,12.698,12.884,113866
08/26/2014,12.955,13.077,12.669,12.855,52281
08/27/2014,12.905,12.905,12.54,12.812,31982
08/28/2014,12.791,12.841,12.354,12.769,297008
08/29/2014,12.719,12.834,12.519,12.777,44833
09/02/2014,12.998,13.113,12.819,12.884,100255
09/03/2014,13.02,13.02,12.712,12.932,46041
09/04/2014,12.962,12.962,12.533,12.59,48708
09/05/2014,12.612,13.013,12.612,12.941,52041
09/08/2014,12.991,13.12,12.941,12.984,78971
09/09/2014,12.869,12.977,12.626,12.776,39160
09/10/2014,12.748,13.063,12.734,12.834,38176
09/11/2014,12.776,12.934,12.619,12.905,32773
09/12/2014,12.784,12.877,12.59,12.705,69094
09/15/2014,12.747,12.805,12.612,12.798,53209
09/16/2014,12.569,12.748,12.519,12.623,54361
09/17/2014,12.591,12.705,12.383,12.662,113596
09/18/2014,12.662,12.676,12.347,12.662,55968
09/19/2014,12.662,12.841,12.662,12.834,33643
09/22/2014,12.877,12.977,12.605,12.605,53943
09/23/2014,12.54,12.798,12.433,12.633,49398
09/24/2014,12.639,12.791,12.397,12.734,79762
09/25/2014,12.726,12.798,12.526,12.762,48118
09/26/2014,12.748,12.748,12.526,12.648,27667
09/29/2014,12.646,12.877,12.646,12.669,46036
09/30/2014,12.676,12.676,12.519,12.519,29368
10/01/2014,12.462,12.462,12.211,12.347,60788
10/02/2014,12.505,12.555,12.233,12.326,51821
10/03/2014,12.412,12.734,12.412,12.569,37155
10/06/2014,12.877,12.877,12.562,12.633,33751
10/07/2014,12.683,12.683,12.419,12.476,183596
10/08/2014,12.505,12.619,12.347,12.455,26430
10/09/2014,12.48,12.48,12.097,12.154,66911
10/10/2014,12.147,12.219,11.804,11.804,146969
10/13/2014,11.975,11.997,11.517,11.711,77875
10/14/2014,11.868,11.868,11.446,11.661,50999
10/15/2014,11.682,11.918,11.575,11.918,23478
10/16/2014,11.789,12.011,11.696,11.939,399729
10/17/2014,12.04,12.102,11.811,12.004,195039
10/20/2014,11.932,12.018,11.847,12.018,31763
10/21/2014,11.947,12.147,11.94,12.004,67435
10/22/2014,11.954,12.068,11.847,11.847,31609
10/23/2014,11.875,11.875,11.517,11.646,40832
10/24/2014,11.617,11.696,11.517,11.632,61205
10/27/2014,11.653,11.764,11.482,11.761,114197
10/28/2014,11.739,11.739,11.439,11.689,130132
10/29/2014,11.732,11.732,11.517,11.517,187853
10/30/2014,11.582,11.789,11.467,11.517,60201
10/31/2014,11.553,11.603,11.238,11.331,127128
11/03/2014,11.417,11.625,11.417,11.517,81133
11/04/2014,11.482,11.482,11.238,11.317,71284
11/05/2014,11.36,11.382,10.988,11.174,128725
11/06/2014,11.303,11.303,11.031,11.074,78922
11/07/2014,11.052,11.153,10.952,11.145,62412
11/10/2014,11.224,11.331,11.11,11.167,68525
11/11/2014,11.196,11.26,11.131,11.188,77763
11/12/2014,11.188,11.525,11.167,11.503,30659
11/13/2014,11.517,12.126,11.505,11.897,112387
11/14/2014,11.982,12.132,11.811,11.882,60566
11/17/2014,11.804,11.968,11.732,11.804,44973
11/18/2014,11.789,11.861,11.51,11.546,102263
11/19/2014,11.517,11.553,11.496,11.539,27545
11/20/2014,11.64,11.851,11.619,11.764,34101
11/21/2014,11.909,11.909,11.659,11.793,28431
11/24/2014,11.698,12.018,11.698,11.735,55951
11/25/2014,11.735,11.924,11.669,11.924,18648
11/26/2014,11.938,11.938,11.727,11.858,44277
11/28/2014,11.858,11.858,11.691,11.757,13872
12/01/2014,11.786,11.902,11.672,11.807,42930
12/02/2014,11.764,11.822,11.626,11.735,41822
12/03/2014,11.727,11.836,11.704,11.764,92368
12/04/2014,11.735,12.127,11.735,12.054,677033
12/05/2014,11.953,12.258,11.909,12.199,62239
12/08/2014,12.199,12.229,12.062,12.185,32758
12/09/2014,12.221,12.221,12.09,12.221,11398
12/10/2014,12.236,12.25,12.083,12.229,29617
12/11/2014,12.127,12.243,12.062,12.185,105664
12/12/2014,12.062,12.117,11.8,11.982,76796
12/15/2014,11.901,12.096,11.8,12.09,137478
12/16/2014,11.945,12.12,11.88,12.12,47191
12/17/2014,12.12,12.25,12.025,12.243,40315
12/18/2014,12.417,12.657,12.403,12.577,95423
12/19/2014,12.635,12.635,12.345,12.497,956395
12/22/2014,12.475,12.846,12.475,12.599,77653
12/23/2014,12.701,12.817,12.374,12.374,45552
12/24/2014,12.301,12.301,12.025,12.025,19685
12/26/2014,11.982,12.054,11.982,12.018,29212
12/29/2014,12.069,12.163,11.807,12.018,51099
12/30/2014,12.047,12.237,11.989,12.091,57798
12/31/2014,12.047,12.599,12.047,12.41,94162
01/02/2015,12.439,12.439,11.982,12.192,61659
01/05/2015,12.308,12.308,11.989,12.083,53428
01/06/2015,12.105,12.141,11.531,11.982,205114
01/07/2015,12.003,12.265,11.822,12.221,55314
01/08/2015,12.294,12.817,12.258,12.563,436820
01/09/2015,12.875,13.006,12.736,12.904,126366
01/12/2015,13.02,13.064,12.621,12.679,95475
01/13/2015,12.628,13.035,12.628,12.708,51228
01/14/2015,12.686,12.686,12.57,12.599,735383
01/15/2015,12.715,12.779,12.643,12.708,207895
01/16/2015,12.766,12.976,12.657,12.976,29363
01/20/2015,12.949,13.187,12.942,13.181,60337
01/21/2015,13.146,13.17,13.06,13.165,28810
01/22/2015,13.071,13.26,13.071,13.216,93717
01/23/2015,13.231,13.703,13.231,13.608,356121
01/26/2015,13.645,14.461,13.623,14.233,270046
01/27/2015,14.298,14.327,13.848,14.16,67275
01/28/2015,14.146,14.523,13.971,14.008,68488
01/29/2015,14.16,14.16,13.848,13.906,30010
01/30/2015,13.877,13.934,13.667,13.797,35743
02/02/2015,14,14.073,13.521,13.804,76606
02/03/2015,13.92,13.95,13.804,13.899,48860
02/04/2015,13.804,13.935,13.659,13.717,27018
02/05/2015,13.608,13.717,13.441,13.478,48753
02/06/2015,13.456,13.586,13.18,13.354,305653
02/09/2015,13.369,13.681,13.369,13.434,50753
02/10/2015,13.442,13.533,13.376,13.463,12841
02/11/2015,13.427,13.557,13.361,13.478,15384
02/12/2015,13.485,13.643,13.485,13.572,18386
02/13/2015,13.637,14.117,13.637,14.051,32254
02/17/2015,14.022,14.422,13.848,14.422,42599
02/18/2015,14.32,14.32,13.906,14.109,41679
02/19/2015,14.015,14.313,13.979,14.182,22648
02/20/2015,14.189,14.305,13.819,14.305,26321
02/23/2015,14.233,14.291,14.066,14.233,36440
02/24/2015,14.233,14.334,14.146,14.262,90625
02/25/2015,14.269,14.402,14.218,14.356,64742
02/26/2015,14.378,14.465,13.957,14.363,12627
02/27/2015,14.48,14.872,14.422,14.741,45773
03/02/2015,14.908,15.445,14.835,14.937,176761
03/03/2015,14.973,15.075,14.596,14.632,100918
03/04/2015,14.741,14.876,14.677,14.792,45135
03/05/2015,14.705,14.843,14.196,14.545,56867
03/06/2015,14.342,14.458,14.182,14.24,17974
03/09/2015,14.182,14.414,14.044,14.233,70771
03/10/2015,14.088,15.01,13.804,14.443,50740
03/11/2015,14.552,14.625,14.153,14.167,11240
03/12/2015,14.225,14.505,13.99,14.181,46508
03/13/2015,14.115,14.328,13.968,14.041,62426
03/16/2015,14.086,14.225,13.519,13.519,37294
03/17/2015,13.314,13.711,13.306,13.63,81343
03/18/2015,13.703,13.821,13.549,13.681,64634
03/19/2015,13.762,13.872,13.27,13.277,31518
03/20/2015,13.417,13.549,13.38,13.453,40866
03/23/2015,13.409,13.545,13.306,13.453,64719
03/24/2015,13.49,13.564,13.277,13.49,42844
03/25/2015,13.453,13.74,13.262,13.343,42682
03/26/2015,13.372,13.578,13.233,13.35,40145
03/27/2015,13.262,13.38,13.262,13.321,25710
03/30/2015,13.409,13.592,13.343,13.453,33484
03/31/2015,13.505,13.806,13.417,13.615,44224
04/01/2015,13.659,13.659,13.314,13.365,24591
04/02/2015,13.255,13.417,13.115,13.262,46588
04/06/2015,13.086,13.556,13.086,13.13,32286
04/07/2015,13.211,13.247,13.064,13.064,12002
04/08/2015,13.145,13.159,12.843,13.056,22450
04/09/2015,13.049,13.152,12.799,13.041,25563
04/10/2015,13.07,13.38,13.07,13.38,32454
04/13/2015,13.24,13.343,13.211,13.328,18325
04/14/2015,13.402,13.402,12.85,12.968,656789
04/15/2015,13.027,13.203,12.924,13.1,30030
04/16/2015,13.203,13.255,13.13,13.141,30715
04/17/2015,13.13,13.131,12.983,12.998,49745
04/20/2015,13.064,13.122,12.865,12.865,172248
04/21/2015,12.88,13.031,12.792,12.99,24785
04/22/2015,12.909,13.008,12.909,12.953,16096
04/23/2015,12.946,13.666,12.924,13.534,38756
04/24/2015,13.586,13.777,13.409,13.409,29620
04/27/2015,13.718,13.744,13.086,13.115,40353
04/28/2015,13.233,13.292,12.983,13.042,30427
04/29/2015,13.152,13.453,13.152,13.394,16567
04/30/2015,13.27,13.402,13.071,13.292,19255
05/01/2015,13.336,13.497,13.203,13.255,6365
05/04/2015,13.38,13.637,13.38,13.593,20366
05/05/2015,13.571,13.762,13.542,13.674,41619
05/06/2015,13.637,13.769,13.564,13.659,24505
05/07/2015,13.689,13.814,13.512,13.755,20464
05/08/2015,13.814,13.902,13.666,13.843,55343
05/11/2015,13.85,13.894,13.799,13.872,20262
05/12/2015,13.821,13.961,13.681,13.872,17609
05/13/2015,13.968,14.196,13.902,14.166,13174
05/14/2015,14.218,14.483,14.005,14.468,32820
05/15/2015,14.483,14.607,14.44,14.468,31009
05/18/2015,14.468,14.497,14.071,14.343,16622
05/19/2015,14.299,14.321,14.049,14.321,44223
05/20/2015,14.507,14.772,14.291,14.515,88144
05/21/2015,14.582,14.783,14.428,14.716,40406
05/22/2015,14.641,14.695,14.477,14.671,9870
05/26/2015,14.649,14.649,14.313,14.567,32793
05/27/2015,14.507,14.671,14.507,14.619,12178
05/28/2015,14.559,14.877,14.373,14.85,30280
05/29/2015,14.718,14.831,14.329,14.514,36936
06/01/2015,14.559,14.871,14.425,14.678,70124
06/02/2015,14.693,14.708,14.425,14.447,8989
06/03/2015,14.336,14.447,14.246,14.447,19496
06/04/2015,14.477,14.716,14.12,14.284,69310
06/05/2015,14.246,14.619,14.112,14.232,142977
06/08/2015,14.299,14.313,13.949,14.15,23041
06/09/2015,14.12,14.284,14.016,14.142,23263
06/10/2015,14.172,14.514,13.896,14.358,102342
06/11/2015,14.291,15.55,14.291,15.043,274990
06/12/2015,14.961,16.123,14.76,15.229,354819
06/15/2015,15.185,16.265,15.14,15.386,107396
06/16/2015,15.46,15.825,15.088,15.192,71940
06/17/2015,15.334,15.334,14.838,14.961,73647
06/18/2015,15.08,15.49,14.894,14.954,78480
06/19/2015,14.917,15.043,14.589,14.879,47313
06/22/2015,14.708,15.118,14.47,14.604,80882
06/23/2015,14.745,14.745,14.418,14.515,40350
06/24/2015,14.388,14.82,13.74,14.254,216385
06/25/2015,14.276,14.455,13.77,13.978,83266
06/26/2015,13.963,14.135,13.874,14.001,49749
06/29/2015,13.792,14.008,13.606,13.807,147638
06/30/2015,13.919,14.395,13.472,13.785,138210
07/01/2015,13.919,14.187,13.747,13.934,11143
07/02/2015,13.963,14.306,13.874,14.224,55260
07/06/2015,14.276,14.276,13.982,14.179,36877
07/07/2015,14.008,14.008,13.814,13.904,84786
07/08/2015,13.777,13.993,13.666,13.666,99781
07/09/2015,13.681,13.919,13.681,13.777,51203
07/10/2015,13.777,14.008,13.68,13.829,58316
07/13/2015,13.963,14.209,13.747,13.874,65508
07/14/2015,13.867,14.016,13.666,13.814,83844
07/15/2015,13.867,13.949,13.666,13.777,72034
07/16/2015,13.867,14.224,13.8,14.105,48209
07/17/2015,14.057,14.328,13.829,14.172,56697
07/20/2015,14.224,14.857,14.224,14.857,28238
07/21/2015,14.775,14.991,14.775,14.909,112839
07/22/2015,14.865,14.954,14.5,14.544,21854
07/23/2015,14.634,14.894,14.462,14.708,43451
07/24/2015,14.894,14.894,14.596,14.85,27564
07/27/2015,14.835,14.835,14.343,14.522,45414
07/28/2015,14.522,14.574,14.387,14.47,26323
07/29/2015,14.477,14.552,14.366,14.447,9046
07/30/2015,14.388,14.505,14.068,14.15,58896
07/31/2015,14.06,14.194,14.06,14.15,17786
08/03/2015,14.202,14.202,13.68,14.053,29535
08/04/2015,14.053,14.425,14.001,14.321,36568
08/05/2015,14.224,14.224,13.807,13.904,35154
08/06/2015,13.926,14.492,13.785,14.187,166117
08/07/2015,14.164,14.299,13.896,14.179,106102
08/10/2015,14.306,14.522,14.157,14.194,23412
08/11/2015,13.814,14.261,13.666,14.194,83331
08/12/2015,14.06,14.284,13.77,14.12,73042
08/13/2015,14.06,14.246,13.718,13.993,30685
08/14/2015,13.986,14.135,13.777,13.911,385277
08/17/2015,13.941,14.001,13.718,13.777,59224
08/18/2015,13.777,13.963,13.666,13.829,111326
08/19/2015,13.874,13.963,13.673,13.733,98165
08/20/2015,13.781,13.949,12.861,12.861,104999
08/21/2015,12.928,13.119,12.533,13.111,80353
08/24/2015,12.801,13.209,11.432,12.718,145357
08/25/2015,13.315,13.315,12.23,12.34,171109
08/26/2015,12.317,12.491,12.098,12.325,195496
08/27/2015,12.627,12.982,12.264,12.657,112583
08/28/2015,12.93,13.224,12.824,13.103,91550
08/31/2015,13.156,13.187,12.945,13.058,53638
09/01/2015,13.039,13.05,12.294,12.778,93302
09/02/2015,12.809,12.952,12.627,12.846,74989
09/03/2015,12.642,13.013,12.642,12.96,62459
09/04/2015,12.831,12.982,12.725,12.96,37822
09/08/2015,12.93,13.028,12.627,12.861,90319
09/09/2015,12.937,13.079,12.635,12.907,35342
09/10/2015,12.725,13.3,12.725,12.899,109905
09/11/2015,12.74,13.134,12.612,13.035,81306
09/14/2015,12.922,13.205,12.763,13.134,116989
09/15/2015,13.119,13.421,12.854,13.376,43584
09/16/2015,13.308,13.663,13.149,13.436,42072
09/17/2015,13.602,13.962,13.474,13.935,61502
09/18/2015,13.988,14.298,13.776,14.177,65529
09/21/2015,14.177,14.366,13.988,14.275,88466
09/22/2015,14.177,14.253,13.482,13.822,43144
09/23/2015,13.973,14.714,13.837,14.714,35944
09/24/2015,14.601,14.669,14.018,14.268,52769
09/25/2015,14.086,14.419,13.421,13.534,53680
09/28/2015,13.497,13.844,13.368,13.716,64553
09/29/2015,13.86,13.89,13.043,13.587,57728
09/30/2015,13.512,13.519,13.232,13.24,196069
10/01/2015,13.421,13.723,13.149,13.398,24327
10/02/2015,13.277,13.277,12.672,13.153,307907
10/05/2015,12.892,13.731,12.892,13.315,186593
10/06/2015,13.277,13.56,12.967,12.99,80903
10/07/2015,13.013,13.11,13.013,13.107,24372
10/08/2015,13.035,13.171,12.831,13.119,199617
10/09/2015,13.036,13.209,12.96,13.134,25453
10/12/2015,12.952,13.126,12.861,12.861,16238
10/13/2015,12.998,12.998,12.68,12.809,25200
10/14/2015,12.589,12.846,12.589,12.612,101907
10/15/2015,12.582,12.733,12.434,12.733,82629
10/16/2015,12.74,13.035,12.68,12.812,39322
10/19/2015,12.778,12.816,12.529,12.67,31123
10/20/2015,12.476,12.884,12.385,12.688,49980
10/21/2015,12.688,12.688,12.385,12.483,33981
10/22/2015,12.506,12.506,12.098,12.098,53821
10/23/2015,12.158,12.4,12.136,12.355,99186
10/26/2015,12.229,12.294,12.105,12.204,59208
10/27/2015,11.969,12.393,11.969,12.234,370293
10/28/2015,12.317,12.4,11.977,12.294,47326
10/29/2015,12.158,12.264,12.052,12.151,16626
10/30/2015,12.226,12.4,12.083,12.234,29081
11/02/2015,12.181,12.446,12.181,12.226,52961
11/03/2015,12.309,12.453,12.219,12.226,51335
11/04/2015,12.355,12.453,12.037,12.037,19806
11/05/2015,12.03,12.249,12.03,12.098,23126
11/06/2015,12.113,12.446,12.113,12.332,114565
11/09/2015,12.34,12.677,12.319,12.574,81712
11/10/2015,12.393,12.589,11.72,12.226,193537
11/11/2015,12.589,12.589,12.211,12.211,23773
11/12/2015,12.196,12.196,11.682,11.826,55855
11/13/2015,11.727,11.788,10.669,11.092,150886
11/16/2015,11.085,11.153,10.797,10.839,313637
11/17/2015,11.001,11.122,10.699,10.722,61615
11/18/2015,10.669,10.705,10.253,10.427,116926
11/19/2015,10.397,10.586,10.366,10.495,469899
11/20/2015,10.64,10.839,10.549,10.686,188894
11/23/2015,10.839,10.839,10.648,10.656,34654
11/24/2015,10.678,10.808,10.545,10.671,281502
11/25/2015,10.686,10.843,10.686,10.755,230728
11/27/2015,10.832,10.835,10.725,10.74,123579
11/30/2015,10.77,10.877,10.724,10.747,155291
12/01/2015,10.732,10.877,10.724,10.732,120096
12/02/2015,10.778,11.19,10.77,10.839,106836
12/03/2015,10.801,10.957,10.671,10.671,147920
12/04/2015,10.686,10.74,10.572,10.633,31113
12/07/2015,10.572,10.625,10.312,10.396,96730
12/08/2015,10.709,10.709,10.297,10.472,86279
12/09/2015,10.564,10.854,10.305,10.312,87513
12/10/2015,10.327,10.694,10.327,10.671,84704
12/11/2015,10.572,10.572,10.335,10.35,94633
12/14/2015,10.213,10.327,9.495,9.556,147287
12/15/2015,9.511,9.785,9.411,9.671,165801
12/16/2015,9.671,10.06,9.671,9.839,152484
12/17/2015,9.717,9.946,9.717,9.892,124942
12/18/2015,9.899,9.953,9.77,9.801,72215
12/21/2015,9.671,9.86,9.671,9.824,46898
12/22/2015,9.77,10.182,9.77,10.076,117173
12/23/2015,9.976,10.312,9.976,10.236,130145
12/24/2015,10.159,10.159,9.77,9.923,64744
12/28/2015,9.885,10.053,9.816,9.923,145471
12/29/2015,10.007,10.016,9.663,9.778,113437
12/30/2015,9.671,9.923,9.671,9.862,73102
12/31/2015,9.702,9.994,9.549,9.847,74413
01/04/2016,9.717,9.839,9.556,9.77,60686
01/05/2016,9.816,9.93,9.541,9.679,172847
01/06/2016,9.579,9.676,9.091,9.167,130094
01/07/2016,9.03,9.121,8.801,9.022,161568
01/08/2016,9.068,9.144,8.831,8.923,54951
01/11/2016,8.885,8.992,8.778,8.908,81931
01/12/2016,9.068,9.099,8.602,8.747,130215
01/13/2016,8.87,8.931,8.648,8.724,455534
01/14/2016,8.732,8.778,8.465,8.564,741468
01/15/2016,8.587,8.587,8.183,8.312,678875
01/19/2016,8.396,8.579,8.396,8.534,92439
01/20/2016,8.457,8.702,8.396,8.572,105357
01/21/2016,8.708,8.896,8.442,8.488,118434
01/22/2016,8.587,8.892,8.587,8.801,52508
01/25/2016,8.839,8.854,8.572,8.663,54565
01/26/2016,8.618,9.098,8.618,8.961,39293
01/27/2016,8.953,9.221,8.953,9.06,37325
01/28/2016,9.114,9.305,8.87,8.87,42471
01/29/2016,8.984,9.224,8.915,9.022,62740
02/01/2016,8.9,8.931,8.587,8.641,35864
02/02/2016,8.595,8.595,8.305,8.454,74478
02/03/2016,8.473,8.534,8.427,8.457,67333
02/04/2016,8.473,8.555,8.465,8.48,43551
02/05/2016,8.488,8.488,8.404,8.412,25130
02/08/2016,8.427,8.45,8.297,8.434,110076
02/09/2016,8.289,8.618,8.213,8.358,53965
02/10/2016,8.419,8.793,8.213,8.335,19698
02/11/2016,8.404,8.476,8.282,8.282,51007
02/12/2016,8.395,8.915,8.378,8.915,21308
02/16/2016,9.014,9.198,8.923,9.167,50965
02/17/2016,9.16,9.198,9.015,9.129,88616
02/18/2016,9.16,9.182,9.007,9.045,106334
02/19/2016,9.083,9.083,8.847,8.953,74269
02/22/2016,8.938,9.037,8.641,8.862,23605
02/23/2016,8.915,8.98,8.656,8.74,87373
02/24/2016,8.815,8.847,8.625,8.786,21382
02/25/2016,8.778,8.908,8.694,8.892,34755
02/26/2016,8.969,9.618,8.969,9.213,140601
02/29/2016,9.312,9.335,8.961,9.045,45886
03/01/2016,9.182,9.534,9.106,9.221,53243
03/02/2016,9.35,9.625,9.247,9.511,87100
03/03/2016,9.579,9.732,9.465,9.518,60666
03/04/2016,9.503,9.839,9.366,9.679,51935
03/07/2016,9.679,9.793,9.549,9.618,29434
03/08/2016,9.702,9.816,9.137,9.389,127632
03/09/2016,9.847,10.457,9.266,9.923,302450
03/10/2016,9.946,10.543,9.845,10.349,98063
03/11/2016,10.458,10.814,10.45,10.628,55620
03/14/2016,10.636,11.186,10.543,10.985,75074
03/15/2016,10.915,10.915,10.466,10.853,304575
03/16/2016,10.745,11.035,10.667,10.721,80974
03/17/2016,10.737,10.861,10.613,10.737,46035
03/18/2016,10.83,10.853,10.636,10.745,24914
03/21/2016,10.807,10.845,10.606,10.83,22448
03/22/2016,10.838,11.086,10.723,10.861,31386
03/23/2016,10.853,10.853,10.59,10.683,22185
03/24/2016,10.582,11.148,10.419,10.938,61114
03/28/2016,10.985,11.07,10.83,11.039,26453
03/29/2016,11.078,11.745,10.915,11.745,50049
03/30/2016,11.698,12.016,11.559,11.814,60736
03/31/2016,11.752,11.938,11.648,11.838,57759
04/01/2016,11.783,11.946,11.683,11.853,52236
04/04/2016,11.861,12.016,11.621,11.621,40644
04/05/2016,11.535,11.768,11.256,11.543,36954
04/06/2016,11.636,11.745,11.256,11.256,17535
04/07/2016,11.349,11.628,11.272,11.373,54668
04/08/2016,11.287,11.373,11.256,11.349,19585
04/11/2016,11.326,11.529,11.117,11.311,23253
04/12/2016,11.411,11.512,11.28,11.481,27603
04/13/2016,11.466,11.466,11.303,11.427,32699
04/14/2016,11.404,11.512,11.365,11.466,35558
04/15/2016,11.551,11.628,11.45,11.551,26517
04/18/2016,11.628,12.008,11.566,11.939,36543
04/19/2016,11.977,12.156,11.822,11.884,35809
04/20/2016,11.9,12.07,11.83,11.923,21516
04/21/2016,11.963,12.016,11.497,11.853,39605
04/22/2016,11.799,12.373,11.628,11.652,111354
04/25/2016,11.69,11.954,11.659,11.876,23818
04/26/2016,11.962,12.093,11.946,12.078,36224
04/27/2016,12.031,12.031,11.803,11.962,22513
04/28/2016,11.931,12.202,11.59,11.675,42633
04/29/2016,11.628,11.683,11.171,11.264,34302
05/02/2016,11.342,11.566,11.21,11.566,29559
05/03/2016,11.45,11.495,11.163,11.411,34535
05/04/2016,11.295,11.504,10.893,10.962,39546
05/05/2016,11.031,11.388,10.783,11,59123
05/06/2016,10.977,11.008,10.861,10.977,14907
05/09/2016,11.039,11.078,10.892,11,33114
05/10/2016,10.9,11.008,10.873,10.946,21931
05/11/2016,10.892,10.993,10.799,10.838,19807
05/12/2016,10.853,10.993,10.776,10.783,17150
05/13/2016,10.814,10.931,10.427,10.469,23155
05/16/2016,10.636,10.706,10.341,10.473,28761
05/17/2016,10.605,10.776,10.427,10.621,24516
05/18/2016,10.512,10.977,10.38,10.853,34954
05/19/2016,10.915,10.915,10.574,10.799,25951
05/20/2016,10.791,11.144,10.713,10.885,35686
05/23/2016,10.987,11.128,10.705,11.058,28275
05/24/2016,11.112,11.128,10.744,10.964,32193
05/25/2016,10.964,11.183,10.877,11.12,27798
05/26/2016,11.136,11.23,10.869,10.869,40454
05/27/2016,10.854,11.63,10.83,11.12,83852
05/31/2016,11.136,11.3,11.065,11.073,30927
06/01/2016,11.018,11.144,10.971,11.128,33809
06/02/2016,11.042,11.293,11.042,11.128,68926
06/03/2016,11.05,11.136,10.971,11.128,26891
06/06/2016,10.971,11.191,10.971,11.128,75309
06/07/2016,11.105,11.206,10.995,11.112,37663
06/08/2016,11.128,11.567,10.893,10.909,75288
06/09/2016,10.972,10.972,10.697,10.768,18652
06/10/2016,10.627,10.995,10.501,10.929,25020
06/13/2016,10.744,10.975,10.619,10.681,184748
06/14/2016,10.728,10.862,10.391,10.423,19702
06/15/2016,10.517,11.042,10.353,10.681,28052
06/16/2016,10.501,10.689,10.344,10.564,26988
06/17/2016,10.564,10.611,10.368,10.407,26363
06/20/2016,10.509,10.583,10.352,10.384,13933
06/21/2016,10.54,10.815,10.399,10.76,54869
06/22/2016,10.924,10.956,10.666,10.752,46024
06/23/2016,10.791,11.128,10.791,11.018,106754
06/24/2016,10.446,10.648,10.387,10.509,41908
06/27/2016,10.532,10.54,9.561,9.663,55340
06/28/2016,9.686,9.937,9.467,9.6,91437
06/29/2016,9.678,10.768,9.678,10.697,64860
06/30/2016,10.728,11.112,10.384,11.089,66440
07/01/2016,11.018,11.449,10.893,11.105,70284
07/05/2016,10.971,11.246,10.822,11.065,128918
07/06/2016,10.979,11.285,10.968,11.23,38498
07/07/2016,11.277,11.606,11.128,11.583,76352
07/08/2016,11.324,12.053,11.324,12.045,63534
07/11/2016,11.959,12.131,11.88,12.084,36628
07/12/2016,12.021,12.092,11.794,11.794,53847
07/13/2016,11.802,12.053,11.754,11.912,40910
07/14/2016,11.951,12.076,11.261,11.489,27581
07/15/2016,11.661,11.888,11.489,11.747,22049
07/18/2016,11.7,11.794,11.567,11.732,21249
07/19/2016,11.896,11.896,11.598,11.614,16449
07/20/2016,11.637,11.637,11.473,11.59,45235
07/21/2016,11.59,11.755,11.449,11.716,25792
07/22/2016,11.747,12.186,11.622,12.186,14591
07/25/2016,12.695,13.636,12.547,12.993,211574
07/26/2016,13.017,13.699,12.896,13.557,86425
07/27/2016,13.597,13.706,13.401,13.479,82762
07/28/2016,13.393,13.573,13.362,13.518,81099
07/29/2016,13.557,13.641,13.518,13.596,63518
08/01/2016,13.565,13.714,13.322,13.526,112710
08/02/2016,13.515,13.606,13.073,13.213,26940
08/03/2016,13.28,13.571,13.166,13.33,42644
08/04/2016,13.416,13.636,13.338,13.487,52741
08/05/2016,13.596,13.708,13.42,13.659,35160
08/08/2016,13.628,13.8,13.424,13.463,39310
08/09/2016,13.91,13.91,13.213,13.354,44576
08/10/2016,13.126,13.479,13.126,13.354,29464
08/11/2016,13.422,13.667,13.299,13.416,58666
08/12/2016,13.432,14.043,13.252,13.604,146686
08/15/2016,13.746,14.051,13.714,13.918,45367
08/16/2016,13.926,14.106,13.73,14.106,18863
08/17/2016,14.083,14.106,13.785,14.102,49486
08/18/2016,14.106,14.106,13.816,14.098,65012
08/19/2016,13.981,14.188,13.79,13.79,29349
08/22/2016,13.742,14.108,13.622,13.941,48005
08/23/2016,13.988,14.156,13.812,14.068,27481
08/24/2016,13.957,14.116,13.797,14.028,32018
08/25/2016,14.02,14.108,13.813,13.921,21553
08/26/2016,13.949,14.012,13.909,13.933,6545
08/29/2016,14.036,14.092,13.71,14.036,21627
08/30/2016,14.012,14.331,14.004,14.331,41535
08/31/2016,14.315,14.729,14.315,14.57,73122
09/01/2016,14.458,15.119,14.458,15.079,56876
09/02/2016,15.191,15.238,14.283,14.418,60497
09/06/2016,14.331,14.721,14.323,14.562,39797
09/07/2016,14.562,14.768,14.331,14.418,46265
09/08/2016,14.379,14.649,14.211,14.57,61195
09/09/2016,14.434,14.522,14.331,14.522,28445
09/12/2016,14.498,14.745,14.339,14.737,33457
09/13/2016,14.562,15.071,14.53,14.872,51653
09/14/2016,14.816,15.023,14.53,14.753,45847
09/15/2016,14.896,14.917,14.57,14.824,16834
09/16/2016,14.713,14.984,14.713,14.96,15259
09/19/2016,14.984,15.127,14.801,15.103,24887
09/20/2016,15.167,15.286,14.952,15.286,25514
09/21/2016,15.246,15.246,14.41,14.665,27596
09/22/2016,14.665,14.96,14.621,14.96,26879
09/23/2016,14.88,15.037,14.641,14.832,10666
09/26/2016,14.752,15.023,14.752,15.016,25800
09/27/2016,14.974,15.119,14.617,14.928,24592
09/28/2016,14.888,15.111,14.689,15.039,40133
09/29/2016,15.047,15.557,14.379,14.816,84529
09/30/2016,14.769,15.063,13.837,13.861,91070
10/03/2016,13.933,14.49,13.726,14.363,32311
10/04/2016,14.41,14.613,14.188,14.379,33023
10/05/2016,14.387,14.745,14.371,14.745,14750
10/06/2016,14.602,15.191,14.379,15.111,47577
10/07/2016,15.008,15.13,14.259,14.434,101216
10/10/2016,14.641,14.769,14.497,14.761,19144
10/11/2016,14.737,15.159,14.402,14.852,27308
10/12/2016,14.848,14.984,14.506,14.856,12125
10/13/2016,14.864,15.087,14.395,15.087,34771
10/14/2016,15.087,15.087,14.331,14.331,25712
10/17/2016,14.53,14.53,13.933,14.052,29294
10/18/2016,14.251,14.331,13.973,14.251,24045
10/19/2016,14.291,14.45,13.415,13.933,102317
10/20/2016,13.813,13.951,13.375,13.574,54532
10/21/2016,13.495,13.853,13.455,13.614,9715
10/24/2016,13.654,13.774,13.017,13.535,98162
10/25/2016,13.495,13.774,13.415,13.654,52117
10/26/2016,13.455,13.893,13.336,13.336,54323
10/27/2016,13.415,13.774,13.137,13.694,42653
10/28/2016,13.654,13.694,13.336,13.535,23789
10/31/2016,13.535,13.586,12.898,13.375,114817
11/01/2016,13.296,13.41,12.818,12.858,50789
11/02/2016,12.977,12.977,11.743,12.062,104131
11/03/2016,12.142,12.52,11.943,12.5,60265
11/04/2016,12.42,12.699,11.982,12.301,97741
11/07/2016,12.46,12.719,11.982,11.982,88441
11/08/2016,12.062,12.34,11.942,12.261,18449
11/09/2016,11.863,12.38,11.863,12.221,99015
11/10/2016,12.221,13.734,12.221,13.415,158748
11/11/2016,13.296,13.694,12.938,13.415,34257
11/14/2016,13.336,13.495,13.336,13.455,63487
11/15/2016,13.376,13.5,13.256,13.336,35368
11/16/2016,13.336,13.336,13.057,13.176,16943
11/17/2016,13.539,13.821,13.301,13.7,29919
11/18/2016,13.438,14.587,13.297,14.264,119037
11/21/2016,14.103,14.828,14.103,14.567,79801
11/22/2016,14.546,14.667,14.506,14.546,42700
11/23/2016,14.466,14.627,13.982,14.184,122884
11/25/2016,14.345,14.466,14.103,14.103,19656
11/28/2016,14.103,14.103,13.66,13.7,34704
11/29/2016,13.62,13.821,13.378,13.579,59429
11/30/2016,13.539,13.845,13.539,13.781,29939
12/01/2016,13.7,13.942,13.579,13.741,16378
12/02/2016,13.62,13.66,13.418,13.539,26877
12/05/2016,13.66,13.801,13.439,13.7,5121
12/06/2016,13.781,13.781,13.539,13.7,20556
12/07/2016,13.62,13.822,13.378,13.741,55113
12/08/2016,13.861,14.103,13.539,13.942,101794
12/09/2016,13.982,13.982,13.418,13.579,103059
12/12/2016,13.66,13.857,13.612,13.7,39344
12/13/2016,13.66,13.7,12.854,13.015,47427
12/14/2016,13.136,13.338,12.975,13.096,31514
12/15/2016,13.056,13.056,12.733,12.733,57929
12/16/2016,12.854,13.021,12.854,12.975,83788
12/19/2016,12.935,13.096,12.773,13.015,90055
12/20/2016,13.056,13.317,13.056,13.257,24089
12/21/2016,13.378,13.902,13.338,13.741,40749
12/22/2016,13.902,14.708,13.821,14.708,55641
12/23/2016,14.627,14.869,14.466,14.869,31979
12/27/2016,14.788,14.788,14.441,14.587,20582
12/28/2016,14.595,14.595,14.264,14.385,18754
12/29/2016,14.385,14.567,14.184,14.385,6743
12/30/2016,14.542,15.473,14.288,15.473,113537
01/03/2017,15.352,15.433,14.99,14.99,78052
01/04/2017,15.07,15.473,14.909,15.272,18822
01/05/2017,15.272,15.433,15.191,15.272,33999
01/06/2017,15.272,15.715,15.272,15.352,26249
01/09/2017,15.312,15.312,14.506,14.546,40181
01/10/2017,14.385,14.587,14.385,14.426,25974
01/11/2017,14.425,14.524,14.304,14.304,33527
01/12/2017,14.546,14.546,14.184,14.224,38952
01/13/2017,14.184,14.345,14.143,14.143,51312
01/17/2017,14.305,14.385,13.861,13.861,48600
01/18/2017,13.821,14.587,13.821,14.506,278128
01/19/2017,14.627,16.198,14.627,15.997,270838
01/20/2017,16.158,16.884,16.118,16.4,97890
01/23/2017,16.319,16.884,16.118,16.843,103588
01/24/2017,16.884,16.884,16.279,16.279,58428
01/25/2017,16.239,16.42,15.836,15.997,51113
01/26/2017,16.118,16.118,15.862,16.037,23385
01/27/2017,15.916,16.037,15.836,15.876,23733
01/30/2017,15.876,15.876,15.554,15.715,58927
01/31/2017,15.594,16.078,15.514,15.796,44980
02/01/2017,15.957,16.279,15.594,16.037,38709
02/02/2017,15.915,16.118,15.755,15.836,29173
02/03/2017,15.715,15.796,15.433,15.796,37828
02/06/2017,15.594,15.957,15.594,15.796,21952
02/07/2017,15.957,15.997,14.909,15.191,81436
02/08/2017,15.151,15.634,15.03,15.554,44436
02/09/2017,15.634,15.997,15.352,15.997,37413
02/10/2017,15.916,16.803,15.916,16.763,39080
02/13/2017,16.843,17.327,16.839,16.924,90197
02/14/2017,16.763,16.964,16.763,16.884,21184
02/15/2017,17.311,17.488,17.004,17.045,50886
02/16/2017,17.027,17.085,16.843,16.924,22068
02/17/2017,16.924,17.045,16.803,17.004,65567
02/21/2017,17.045,17.609,16.99,17.528,72312
02/22/2017,17.609,18.133,17.488,18.012,73312
02/23/2017,18.254,18.737,18.012,18.576,72659
02/24/2017,18.737,18.737,18.173,18.334,60715
02/27/2017,18.737,18.737,16.561,17.533,153401
02/28/2017,17.73,17.73,17.206,17.407,64348
03/01/2017,17.689,18.012,17.528,17.689,60011
03/02/2017,15.957,16.118,15.836,15.997,5790856
03/03/2017,15.916,16.037,15.796,15.916,1154874
03/06/2017,15.876,15.876,15.715,15.715,806561
03/07/2017,15.715,15.836,15.675,15.675,598807
03/08/2017,15.658,15.781,15.536,15.536,716565
03/09/2017,15.331,15.699,15.331,15.536,558368
03/10/2017,15.536,15.658,15.536,15.536,252860
03/13/2017,15.536,15.658,15.536,15.577,395826
03/14/2017,15.536,15.577,15.536,15.536,305721
03/15/2017,15.536,15.536,14.922,15.249,475222
03/16/2017,15.249,15.413,14.922,15.127,403859
03/17/2017,15.086,15.29,15.045,15.168,156658
03/20/2017,15.209,15.372,15.045,15.249,199800
03/21/2017,15.413,15.577,14.963,15.004,294136
03/22/2017,15.045,15.127,14.227,15.086,272819
03/23/2017,15.004,15.209,14.841,15.004,189037
03/24/2017,15.217,15.495,14.963,14.963,610443
03/27/2017,15.045,15.249,14.922,14.963,222316
03/28/2017,15.045,15.413,14.931,15.168,461245
03/29/2017,15.249,15.617,15.086,15.495,282774
03/30/2017,15.454,15.617,15.209,15.372,148962
03/31/2017,15.209,15.556,15.127,15.454,204796
04/03/2017,15.413,15.617,15.249,15.331,102641
04/04/2017,15.29,15.74,15.29,15.658,243921
04/05/2017,15.781,15.904,15.29,15.413,184523
04/06/2017,15.331,15.486,15.004,15.168,156061
04/07/2017,15.086,16.026,15.004,15.699,256640
04/10/2017,15.822,15.863,15.591,15.699,100065
04/11/2017,15.74,15.822,15.515,15.822,44805
04/12/2017,15.904,15.904,15.413,15.699,110822
04/13/2017,15.617,15.822,15.331,15.781,119867
04/17/2017,15.822,15.863,15.454,15.699,62090
04/18/2017,15.699,15.863,15.577,15.658,67466
04/19/2017,15.658,15.74,15.577,15.699,117155
04/20/2017,15.658,15.822,15.577,15.781,105179
04/21/2017,15.74,15.74,15.536,15.699,72433
04/24/2017,15.74,15.822,15.577,15.74,132154
04/25/2017,15.822,15.863,15.577,15.72,140687
04/26/2017,15.577,15.904,15.577,15.822,194362
04/27/2017,15.699,16.149,15.617,16.108,253834
04/28/2017,16.108,16.149,15.863,16.067,183418
05/01/2017,16.067,16.19,15.945,16.026,97120
05/02/2017,15.985,16.108,15.74,15.781,61725
05/03/2017,15.699,15.761,15.249,15.249,104045
05/04/2017,15.127,15.249,14.555,14.718,132258
05/05/2017,14.759,15.495,14.636,15.495,109247
05/08/2017,14.882,15.413,14.31,15.331,140146
05/09/2017,15.332,15.389,14.923,14.964,109331
05/10/2017,14.718,15.168,14.595,14.841,53475
05/11/2017,15.331,15.495,15.094,15.413,174773
05/12/2017,15.413,15.495,15.232,15.413,123675
05/15/2017,15.454,15.781,15.372,15.495,76481
05/16/2017,15.536,15.536,15.268,15.413,46002
05/17/2017,15.372,15.372,14.677,14.841,152393
05/18/2017,15.071,15.236,14.412,15.236,231259
05/19/2017,15.154,15.195,14.989,15.112,78550
05/22/2017,15.071,15.483,15.027,15.318,99603
05/23/2017,15.483,15.483,15.215,15.236,46010
05/24/2017,15.524,15.524,15.071,15.195,132163
05/25/2017,15.427,15.427,14.929,15.178,168642
05/26/2017,15.054,15.303,14.888,15.303,52978
05/30/2017,15.095,15.344,15.036,15.178,118054
05/31/2017,14.971,15.054,14.681,14.985,170109
06/01/2017,14.929,15.012,14.681,14.929,318929
06/02/2017,14.929,15.054,14.722,14.888,136904
06/05/2017,14.846,15.054,14.734,14.888,146583
06/06/2017,14.846,15.054,14.764,15.054,170485
06/07/2017,15.054,15.22,14.828,15.054,128217
06/08/2017,14.971,15.261,14.929,15.116,147806
06/09/2017,15.137,15.22,14.971,15.178,129772
06/12/2017,14.689,15.178,14.689,14.971,153766
06/13/2017,15.012,15.095,14.722,14.846,143695
06/14/2017,14.929,14.929,14.556,14.805,140215
06/15/2017,14.639,14.797,14.639,14.722,73267
06/16/2017,14.722,14.888,14.307,14.846,150519
06/19/2017,15.054,15.054,14.763,14.805,50445
06/20/2017,14.805,14.805,14.515,14.639,105945
06/21/2017,14.639,14.791,14.515,14.557,43734
06/22/2017,14.473,14.763,14.473,14.515,104328
06/23/2017,14.473,14.888,14.432,14.805,91335
06/26/2017,14.846,14.95,14.703,14.929,40200
06/27/2017,14.929,15.012,14.805,14.888,59583
06/28/2017,14.846,15.054,14.722,15.054,67199
06/29/2017,14.763,14.929,14.622,14.846,101239
06/30/2017,15.095,15.095,14.763,15.012,199784
07/03/2017,15.054,15.22,14.846,15.178,25462
07/05/2017,15.178,15.178,15.012,15.095,53395
07/06/2017,15.054,15.095,14.929,15.012,34977
07/07/2017,15.054,15.095,14.888,14.971,273259
07/10/2017,14.929,15.095,14.929,14.971,130834
07/11/2017,14.971,15.095,14.888,14.888,90127
07/12/2017,15.095,15.22,14.954,15.178,52779
07/13/2017,15.178,15.178,15.012,15.095,43194
07/14/2017,15.054,15.178,14.95,15.095,172016
07/17/2017,15.137,15.468,14.91,15.178,61580
07/18/2017,15.22,15.344,15.178,15.344,43231
07/19/2017,15.344,15.593,15.344,15.386,68650
07/20/2017,15.386,15.593,15.344,15.51,67150
07/21/2017,15.468,15.634,15.261,15.551,122343
07/24/2017,15.468,15.51,15.261,15.406,51912
07/25/2017,15.51,15.51,15.22,15.344,97999
07/26/2017,15.303,15.427,15.303,15.386,29670
07/27/2017,15.51,15.61,15.095,15.344,63400
07/28/2017,15.344,15.51,15.012,15.303,63705
07/31/2017,15.385,15.403,15.136,15.302,73349
08/01/2017,15.303,15.427,15.178,15.344,54583
08/02/2017,15.095,15.303,15.012,15.137,61039
08/03/2017,15.095,15.261,14.763,15.137,84537
08/04/2017,15.344,15.386,15.054,15.095,100138
08/07/2017,15.095,15.303,15.054,15.157,170331
08/08/2017,15.095,15.303,15.012,15.012,121378
08/09/2017,15.054,15.303,14.763,15.137,394082
08/10/2017,15.137,15.303,14.793,14.929,80148
08/11/2017,14.846,14.929,14.639,14.888,140861
08/14/2017,15.012,15.22,15.012,15.054,41371
08/15/2017,15.095,15.095,14.805,14.971,63680
08/16/2017,14.98,15.191,14.98,15.107,35910
08/17/2017,15.107,15.107,14.769,14.938,47465
08/18/2017,14.98,15.022,14.685,14.98,63264
08/21/2017,15.022,15.022,14.811,14.98,69783
08/22/2017,14.938,15.149,14.875,15.107,117118
08/23/2017,15.107,15.191,14.98,15.107,33304
08/24/2017,15.177,15.191,15.043,15.149,38332
08/25/2017,15.233,15.503,15.191,15.191,178805
08/28/2017,15.275,15.444,15.191,15.36,102656
08/29/2017,15.275,15.419,15.249,15.275,71483
08/30/2017,15.36,15.402,15.149,15.36,26629
08/31/2017,15.36,15.444,15.191,15.318,50407
09/01/2017,15.402,15.444,15.275,15.318,42898
09/05/2017,15.402,15.44,15.022,15.064,90527
09/06/2017,15.191,15.191,14.896,15.022,72558
09/07/2017,14.98,15.191,14.938,15.022,40792
09/08/2017,15.022,15.107,14.938,15.022,77386
09/11/2017,15.064,15.233,14.938,15.191,56204
09/12/2017,15.182,15.394,15.14,15.394,78848
09/13/2017,15.36,15.402,15.191,15.275,30262
09/14/2017,15.36,15.444,15.191,15.233,37295
09/15/2017,15.275,15.444,15.275,15.444,31571
09/18/2017,15.402,15.571,15.36,15.529,59290
09/19/2017,15.486,15.613,15.444,15.486,23862
09/20/2017,15.402,15.613,15.402,15.529,51108
09/21/2017,15.414,15.571,15.318,15.486,52432
09/22/2017,15.529,15.74,15.444,15.697,105998
09/25/2017,15.697,15.845,15.415,15.824,55977
09/26/2017,15.866,15.866,15.613,15.697,48133
09/27/2017,15.528,15.746,15.528,15.613,48067
09/28/2017,15.782,15.782,15.402,15.486,43408
09/29/2017,15.486,15.74,15.316,15.74,75284
10/02/2017,15.655,15.908,15.613,15.908,289338
10/03/2017,15.951,15.951,15.74,15.908,58067
10/04/2017,15.951,15.993,15.866,15.908,83678
10/05/2017,15.951,16.035,15.866,15.993,82633
10/06/2017,15.951,16.035,15.74,15.866,109080
10/09/2017,15.824,15.908,15.613,15.74,35587
10/10/2017,15.908,15.908,15.645,15.655,27684
10/11/2017,15.613,15.659,15.486,15.571,59437
10/12/2017,15.486,15.486,15.275,15.402,33253
10/13/2017,15.655,15.697,15.406,15.529,38948
10/16/2017,15.697,15.824,15.444,15.697,60045
10/17/2017,15.74,15.782,15.402,15.74,77783
10/18/2017,15.697,15.75,15.402,15.444,40946
10/19/2017,15.529,15.529,15.318,15.402,47021
10/20/2017,15.444,15.74,15.415,15.676,69717
10/23/2017,15.655,15.824,15.444,15.74,56976
10/24/2017,15.74,15.824,15.655,15.824,118605
10/25/2017,15.824,15.824,15.402,15.655,170249
10/26/2017,15.697,15.824,15.486,15.655,163751
10/27/2017,15.655,15.74,15.571,15.676,25928
10/30/2017,15.697,15.697,15.402,15.613,36434
10/31/2017,15.571,15.613,15.444,15.486,26693
11/01/2017,15.529,15.655,15.361,15.613,60554
11/02/2017,15.529,15.866,15.476,15.718,182788
11/03/2017,16.035,16.035,15.655,15.782,88056
11/06/2017,15.74,15.993,15.735,15.866,77561
11/07/2017,15.824,16.035,15.655,15.866,68758
11/08/2017,15.993,15.993,15.782,15.876,51407
11/09/2017,15.993,15.993,15.74,15.951,39904
11/10/2017,15.951,16.035,15.74,15.824,92442
11/13/2017,16.077,16.077,15.739,16.077,304123
11/14/2017,16.119,16.119,15.782,15.951,73006
11/15/2017,15.782,16.035,15.782,15.866,77198
11/16/2017,15.875,16.22,15.789,15.875,129617
11/17/2017,16.134,16.134,15.875,15.961,50047
11/20/2017,15.918,16.22,15.918,16.177,66337
11/21/2017,16.134,16.306,16.134,16.22,69147
11/22/2017,16.177,16.306,16.134,16.306,52359
11/24/2017,16.349,16.349,16.134,16.134,5006
11/27/2017,16.047,16.306,15.961,16.22,61546
11/28/2017,16.263,16.306,16.004,16.306,51662
11/29/2017,16.306,16.392,15.961,16.004,51585
11/30/2017,16.22,16.285,15.789,15.875,414596
12/01/2017,16.004,16.09,15.573,15.789,130692
12/04/2017,15.745,16.004,15.53,15.961,165892
12/05/2017,16.004,16.069,15.745,15.832,68827
12/06/2017,15.918,15.961,15.659,15.918,150894
12/07/2017,15.789,16.306,15.789,16.177,139091
12/08/2017,16.134,16.22,15.789,15.961,253773
12/11/2017,15.875,16.09,15.875,15.961,26750
12/12/2017,15.875,16.479,15.875,16.22,599046
12/13/2017,16.263,16.522,16.22,16.349,127924
12/14/2017,16.349,16.479,16.349,16.436,100266
12/15/2017,16.479,16.502,16.306,16.349,107109
12/18/2017,16.479,16.479,16.004,16.263,161481
12/19/2017,16.22,16.479,16.112,16.22,136878
12/20/2017,16.349,16.565,16.22,16.522,109246
12/21/2017,16.392,16.565,16.306,16.392,35071
12/22/2017,16.306,16.522,16.306,16.392,42517
12/26/2017,16.392,16.522,16.392,16.479,38456
12/27/2017,16.479,16.651,16.328,16.651,73958
12/28/2017,16.738,17.169,16.407,16.996,135767
12/29/2017,16.952,17.255,16.952,17.255,87303
01/02/2018,17.255,17.471,16.996,17.428,196711
01/03/2018,17.514,17.514,17.208,17.341,141348
01/04/2018,17.428,17.428,17.212,17.298,118285
01/05/2018,17.255,17.385,17.255,17.341,88792
01/08/2018,17.341,17.945,17.311,17.859,157094
01/09/2018,17.945,18.549,17.902,18.377,436001
01/10/2018,18.679,19.304,18.464,19.153,561579
01/11/2018,19.196,20.53,19.175,19.843,397559
01/12/2018,19.671,20.06,19.542,19.843,218491
01/16/2018,19.8,20.11,19.757,20.02,193208
01/17/2018,20.06,20.14,19.844,20.016,152676
01/18/2018,19.973,19.973,19.628,19.843,191028
01/19/2018,19.8,20.02,19.714,19.973,96940
01/22/2018,20.23,21.31,20.07,20.88,318704
01/23/2018,20.97,21.53,20.9,21.53,119616
01/24/2018,21.7,21.77,21.32,21.61,89865
01/25/2018,21.74,21.74,20.62,21.05,177732
01/26/2018,21.14,21.44,20.92,21.33,65039
01/29/2018,21.35,21.48,21.01,21.05,62872
01/30/2018,21.14,21.37,20.5,20.84,95459
01/31/2018,20.97,20.97,19.843,20.145,135987
02/01/2018,20.02,20.62,20.02,20.4,91292
02/02/2018,20.23,20.36,19.887,19.93,79494
02/05/2018,19.843,19.843,18.592,18.636,192847
02/06/2018,18.075,19.149,17.816,18.981,74687
02/07/2018,18.894,19.757,18.894,19.24,99220
02/08/2018,19.24,19.455,18.636,18.765,94314
02/09/2018,19.024,19.134,17.946,18.593,288999
02/12/2018,18.765,19.887,18.765,19.843,170617
02/13/2018,19.93,20.06,19.369,19.843,103902
02/14/2018,20.19,20.19,19.455,19.585,83240
02/15/2018,19.973,22.39,19.973,21.22,396366
02/16/2018,20.62,20.92,20.02,20.75,203862
02/20/2018,20.66,20.66,20.19,20.53,106579
02/21/2018,20.45,20.89,20.32,20.58,128497
02/22/2018,20.79,20.79,20.4,20.71,105338
02/23/2018,20.79,21.14,20.75,21.01,73523
02/26/2018,21.28,21.71,21.06,21.63,84697
02/27/2018,21.49,21.71,21.14,21.23,62159
02/28/2018,21.54,22.26,21.45,21.85,291081
03/01/2018,21.89,22.37,21.41,21.67,139947
03/02/2018,21.49,21.93,21.1,21.45,136093
03/05/2018,21.45,22.63,21.45,22.2,86416
03/06/2018,21.36,21.45,19.74,20.09,708976
03/07/2018,20.05,20.31,19.389,19.542,986842
03/08/2018,19.235,19.477,18.95,19.301,7442646
03/09/2018,19.301,19.52,19.169,19.301,1750430
03/12/2018,19.345,19.52,19.257,19.323,828397
03/13/2018,19.169,19.345,18.994,19.213,1053069
03/14/2018,19.038,19.257,18.95,19.213,804656
03/15/2018,19.169,19.213,18.38,18.775,824689
03/16/2018,18.599,18.775,18.424,18.687,605775
03/19/2018,18.775,18.775,18.248,18.292,462964
03/20/2018,18.424,18.555,18.204,18.511,366474
03/21/2018,18.38,18.994,18.38,18.468,476043
03/22/2018,18.643,19.389,18.643,19.038,1765353
03/23/2018,18.994,19.301,18.906,19.213,539088
03/26/2018,18.95,19.367,18.95,19.038,1539124
03/27/2018,19.126,19.126,18.555,18.687,854836
03/28/2018,18.555,18.709,17.985,18.468,728699
03/29/2018,18.511,18.95,17.985,18.862,649333
04/02/2018,18.775,18.95,18.336,18.643,661349
04/03/2018,18.599,19.126,18.599,19.082,310518
04/04/2018,18.731,19.389,18.731,19.345,443933
04/05/2018,19.301,19.301,18.643,18.95,321718
04/06/2018,18.775,19.169,18.336,18.336,411321
04/09/2018,19.126,19.301,18.555,18.731,466376
04/10/2018,18.819,19.389,18.687,19.301,312071
04/11/2018,19.213,19.389,18.775,18.819,216505
04/12/2018,18.95,19.126,18.555,18.775,290399
04/13/2018,19.385,19.429,18.724,18.857,218606
04/16/2018,19.077,19.385,18.858,19.121,333396
04/17/2018,19.165,19.65,19.121,19.65,486667
04/18/2018,19.562,20.002,19.517,19.606,664892
04/19/2018,19.473,19.914,19.341,19.87,394719
04/20/2018,19.87,19.914,19.65,19.826,238230
04/23/2018,19.914,19.914,19.562,19.606,256869
04/24/2018,19.782,19.782,19.077,19.209,330735
04/25/2018,19.385,19.562,19.209,19.341,323933
04/26/2018,19.341,19.65,19.275,19.473,220349
04/27/2018,19.606,19.694,19.077,19.209,253945
04/30/2018,19.341,19.562,19.165,19.385,182156
05/01/2018,19.738,19.914,19.429,19.694,425449
05/02/2018,19.826,20.09,19.601,19.738,549003
05/03/2018,19.958,20.046,19.341,19.562,386118
05/04/2018,19.473,19.517,18.989,19.187,256245
05/07/2018,19.165,19.694,19.165,19.65,207510
05/08/2018,19.738,19.738,19.253,19.297,153971
05/09/2018,19.297,19.517,19.297,19.473,174301
05/10/2018,19.385,19.562,19.385,19.451,197278
05/11/2018,19.562,19.562,19.341,19.385,208224
05/14/2018,19.562,19.958,19.473,19.826,496657
05/15/2018,19.914,19.914,19.429,19.517,116668
05/16/2018,19.65,19.65,19.231,19.275,233591
05/17/2018,19.297,19.65,19.253,19.473,224442
05/18/2018,19.562,19.562,19.121,19.165,173443
05/21/2018,19.077,19.209,18.945,19.077,221689
05/22/2018,18.989,19.341,18.989,19.033,267729
05/23/2018,19.033,19.121,18.592,18.901,302010
05/24/2018,18.857,19.143,18.592,18.945,287796
05/25/2018,18.813,19.165,18.68,18.857,166087
05/29/2018,18.857,18.989,18.592,18.813,222069
05/30/2018,18.68,19.253,18.68,19.033,187464
05/31/2018,18.989,19.606,18.901,19.517,399571
06/01/2018,19.473,19.804,19.253,19.297,192127
06/04/2018,19.341,19.584,19.209,19.385,125467
06/05/2018,19.473,19.473,18.901,19.209,209805
06/06/2018,19.121,19.297,19.033,19.033,206347
06/07/2018,18.945,19.473,18.945,19.341,235362
06/08/2018,19.253,19.385,18.989,19.121,175182
06/11/2018,19.033,19.385,18.901,19.121,406310
06/12/2018,19.121,19.473,18.614,18.68,1119907
06/13/2018,18.68,18.989,18.372,18.416,307748
06/14/2018,18.577,18.711,18.443,18.666,377822
06/15/2018,18.532,18.782,18.398,18.487,364090
06/18/2018,18.354,18.443,18.22,18.309,202570
06/19/2018,18.22,18.532,18.086,18.487,417592
06/20/2018,18.487,18.666,18.197,18.22,191450
06/21/2018,18.354,18.532,18.128,18.443,275365
06/22/2018,18.398,18.845,18.398,18.8,330293
06/25/2018,18.755,18.822,18.487,18.666,325371
06/26/2018,18.621,18.8,18.398,18.532,329856
06/27/2018,18.577,18.889,18.354,18.443,149906
06/28/2018,18.8,19.202,18.621,18.711,413954
06/29/2018,18.889,18.979,18.487,18.532,350305
07/02/2018,18.621,18.934,18.487,18.666,308524
07/03/2018,18.845,19.247,18.794,18.889,353175
07/05/2018,19.023,19.425,18.8,18.934,431334
07/06/2018,18.845,19.247,18.755,18.889,393368
07/09/2018,18.979,19.515,18.934,19.068,582110
07/10/2018,19.202,19.336,18.979,18.979,814516
07/11/2018,18.577,18.934,18.443,18.532,2123066
07/12/2018,18.666,18.889,18.621,18.8,971872
07/13/2018,18.666,19.336,18.666,19.202,705333
07/16/2018,19.202,19.47,18.889,19.291,557141
07/17/2018,19.336,19.448,18.845,19.023,1142073
07/18/2018,18.934,19.247,18.845,19.068,724090
07/19/2018,19.068,19.291,18.8,18.889,802602
07/20/2018,18.845,19.693,18.8,19.247,498439
07/23/2018,19.113,19.381,19.113,19.157,417026
07/24/2018,19.247,19.358,18.845,18.845,388030
07/25/2018,18.889,19.068,18.8,18.845,217377
07/26/2018,18.8,18.8,18.398,18.577,483189
07/27/2018,18.532,18.8,18.443,18.666,887684
07/30/2018,18.711,18.8,18.532,18.666,311258
07/31/2018,18.711,19.559,18.577,19.068,793417
08/01/2018,18.979,19.336,18.666,18.666,358795
08/02/2018,19.247,19.336,18.264,18.934,1289338
08/03/2018,18.621,18.852,18.487,18.666,764568
08/06/2018,18.666,19.023,18.532,18.8,505756
08/07/2018,18.755,19.022,18.755,18.8,781902
08/08/2018,18.755,18.889,18.666,18.8,198682
08/09/2018,18.711,18.845,18.666,18.755,195593
08/10/2018,18.711,18.889,18.644,18.845,294936
08/13/2018,18.845,19.157,18.845,19.157,334109
08/14/2018,19.023,19.604,18.979,19.515,503052
08/15/2018,19.381,19.425,18.666,18.666,791084
08/16/2018,18.889,19.068,18.532,18.532,794133
08/17/2018,18.711,18.8,18.487,18.532,695047
08/20/2018,18.577,18.889,18.532,18.711,514351
08/21/2018,19.381,19.515,18.755,18.8,556483
08/22/2018,18.755,19.113,18.755,19.113,355815
08/23/2018,19.023,19.157,18.934,19.006,175208
08/24/2018,19.023,19.113,18.755,18.8,253130
08/27/2018,18.889,19.023,18.755,18.979,687632
08/28/2018,18.979,19.381,18.889,19.202,644660
08/29/2018,19.291,19.693,19.224,19.47,845733
08/30/2018,19.47,19.604,19.202,19.291,708970
08/31/2018,19.336,19.47,18.934,19.023,225906
09/04/2018,19.023,19.202,18.889,18.979,482766
09/05/2018,19.023,19.113,18.8,18.889,345648
09/06/2018,18.889,18.934,18.577,18.755,433260
09/07/2018,18.711,18.934,18.621,18.8,364517
09/10/2018,18.889,18.889,18.532,18.8,1225103
09/11/2018,18.755,18.934,18.666,18.8,518135
09/12/2018,18.755,19.068,18.666,18.755,499724
09/13/2018,18.963,19.551,18.963,19.099,985241
09/14/2018,19.235,19.642,19.008,19.461,506603
09/17/2018,19.461,19.71,19.325,19.506,814097
09/18/2018,19.597,20.23,19.551,20.16,1103436
09/19/2018,20.28,21,20.28,20.82,1500602
09/20/2018,21,21.27,20.73,20.82,685226
09/21/2018,20.77,21.27,20.77,21.04,351679
09/24/2018,21.09,21.09,20.5,20.86,602174
09/25/2018,20.82,21.09,20.77,20.86,598483
09/26/2018,20.91,21,20.73,20.91,451708
09/27/2018,20.86,21.27,20.86,21.14,1203668
09/28/2018,21.04,21.5,20.91,21.02,1074531
10/01/2018,21,21.24,20.54,20.59,1077615
10/02/2018,20.52,20.62,20.14,20.23,846352
10/03/2018,20.22,20.54,20.16,20.31,810920
10/04/2018,20.18,20.54,19.76,19.895,595347
10/05/2018,19.904,20.04,19.416,19.642,333869
10/08/2018,19.551,19.642,19.325,19.597,274807
10/09/2018,19.642,19.814,19.533,19.787,426708
10/10/2018,19.651,19.977,18.882,18.954,1127687
10/11/2018,19.008,19.117,18.583,18.719,913574
10/12/2018,19.008,19.112,18.565,18.746,541300
10/15/2018,18.655,18.882,18.583,18.691,415087
10/16/2018,18.673,18.963,18.592,18.854,400183
10/17/2018,18.854,19.081,18.637,18.99,211665
10/18/2018,19.008,19.008,18.556,18.809,777398
10/19/2018,18.872,19.103,18.393,18.492,258956
10/22/2018,18.375,18.592,18.158,18.194,412011
10/23/2018,18.013,18.194,17.51,17.958,546537
10/24/2018,17.985,18.094,17.515,17.56,484048
10/25/2018,17.651,17.895,17.316,17.795,698726
10/26/2018,17.605,17.931,17.47,17.651,452559
10/29/2018,17.714,17.904,17.035,17.207,264135
10/30/2018,17.261,17.641,17.252,17.578,449314
10/31/2018,17.886,17.949,17.574,17.75,563155
11/01/2018,17.723,19.135,17.198,18.655,1318772
11/02/2018,18.737,19.28,18.583,19.054,676437
11/05/2018,19.144,19.479,18.963,19.198,228447
11/06/2018,19.171,19.687,19.097,19.569,429600
11/07/2018,19.723,20.01,19.388,19.687,568506
11/08/2018,19.732,20.31,19.619,19.778,620056
11/09/2018,19.778,20.18,19.597,20.03,440191
11/12/2018,19.959,20.21,19.606,19.687,383264
11/13/2018,19.669,20.31,19.57,20.18,744593
11/14/2018,20.33,20.8,19.9,20,1418746
11/15/2018,19.723,20.3,19.687,19.941,686891
11/16/2018,19.941,20.61,19.868,20.28,762192
11/19/2018,20.28,20.46,19.832,20.09,463595
11/20/2018,19.841,19.841,19.452,19.633,804279
11/21/2018,19.732,20.24,19.579,20.14,687141
11/23/2018,19.995,20.24,19.968,19.99,241930
11/26/2018,20.28,20.69,19.99,20.66,404131
11/27/2018,20.73,20.78,20.28,20.44,628232
11/28/2018,20.44,20.87,20.03,20.83,539616
11/29/2018,20.65,20.86,20.39,20.63,760198
11/30/2018,20.48,20.61,20.24,20.29,1416272
12/03/2018,20.65,20.91,20.35,20.9,527555
12/04/2018,20.74,20.83,19.714,19.977,622488
12/06/2018,19.579,20.14,19.452,20.09,653660
12/07/2018,20.11,20.49,19.388,19.452,620414
12/10/2018,19.56,20.18,19.515,19.66,1685469
12/11/2018,19.959,20.11,19.447,19.687,907453
12/12/2018,19.913,20.2,19.633,19.913,1354896
12/13/2018,20.09,20.3,19.877,20.067,970577
12/14/2018,20,20.24,19.792,19.856,861296
12/17/2018,19.82,19.966,19.059,19.187,2015752
12/18/2018,19.407,19.467,18.61,18.729,2096657
12/19/2018,18.665,18.912,17.491,17.61,2276279
12/20/2018,17.473,17.555,15.896,16.052,2710288
12/21/2018,16.025,16.162,15.557,15.639,2891307
12/24/2018,15.3,15.704,15.135,15.493,391969
12/26/2018,15.419,15.814,14.837,15.786,942177
12/27/2018,15.694,16.309,15.557,16.272,847003
12/28/2018,16.226,16.795,16.226,16.455,597648
12/31/2018,16.556,16.85,15.804,16.272,618858
01/02/2019,16.006,16.267,15.777,16.061,556604
01/03/2019,15.96,15.96,15.502,15.676,528623
01/04/2019,16.446,16.712,16.272,16.538,852060
01/07/2019,16.584,17.198,16.455,16.96,604964
01/08/2019,17.262,17.629,17.161,17.39,605262
01/09/2019,17.372,17.61,17.024,17.216,515962
01/10/2019,17.042,17.326,16.895,17.271,614589
01/11/2019,17.106,17.73,16.96,17.702,659746
01/14/2019,17.546,18.105,17.418,18.014,673031
01/15/2019,18.032,18.436,17.904,18.257,439180
01/16/2019,18.381,18.967,17.968,18.17,597208
01/17/2019,17.931,18.234,17.711,18.151,332761
01/18/2019,18.197,18.692,18.188,18.381,319680
01/22/2019,18.289,18.601,18.018,18.536,593821
01/23/2019,18.591,18.903,18.509,18.866,495596
01/24/2019,18.866,19.132,18.665,18.949,525964
01/25/2019,19.141,19.416,18.986,19.206,1237946
01/28/2019,19.123,19.352,18.921,19.297,508604
01/29/2019,19.343,19.343,19.096,19.132,296555
01/30/2019,19.242,19.242,18.821,19.05,268199
01/31/2019,19.013,19.407,18.885,19.16,723255
02/01/2019,19.279,19.389,18.995,19.05,500846
02/04/2019,19.114,19.884,18.885,19.866,664514
02/05/2019,19.957,20.4,19.67,20.17,1224916
02/06/2019,20.08,20.53,19.98,20.39,490410
02/07/2019,20.33,20.59,19.526,19.801,663705
02/08/2019,19.618,19.921,19.526,19.82,339218
02/11/2019,19.783,19.847,19.38,19.517,514536
02/12/2019,19.554,19.957,19.517,19.838,367340
02/13/2019,20.01,20.89,19.719,19.939,370359
02/14/2019,20.18,21.08,19.88,20.54,954233
02/15/2019,20.85,21.33,20.5,21.3,1069257
02/19/2019,21.27,21.74,21.08,21.69,709733
02/20/2019,21.74,21.74,21.15,21.45,601316
02/21/2019,21.37,21.47,21.24,21.38,365561
02/22/2019,21.52,21.84,21.36,21.8,759343
02/25/2019,21.96,22.4,21.5,21.8,779076
02/26/2019,21.66,21.92,21.48,21.65,491320
02/27/2019,21.67,21.81,21.33,21.63,468316
02/28/2019,21.73,21.83,21.45,21.65,522971
03/01/2019,21.75,21.82,21.14,21.46,423621
03/04/2019,21.53,21.61,20.79,21.21,934193
03/05/2019,21.19,21.19,20.75,20.97,764665
03/06/2019,21.01,21.05,20.68,20.82,276079
03/07/2019,20.86,20.86,20.33,20.58,637509
03/08/2019,20.42,21.01,20.32,20.96,708018
03/11/2019,21.04,21.9,20.95,21.69,1461939
03/12/2019,21.79,22.04,21.66,21.73,927631
03/13/2019,21.78,22.24,21.74,22.14,1792344
03/14/2019,22.26,22.4,22.06,22.16,1210646
03/15/2019,22.15,22.45,22,22.23,3044799
03/18/2019,22.26,22.43,22.09,22.2,773101
03/19/2019,22.12,22.26,21.73,22.1,1031189
03/20/2019,22.07,22.38,21.99,22.06,694964
03/21/2019,22.03,22.12,21.61,22.06,425353
03/22/2019,21.99,22.02,20.93,21.51,650912
03/25/2019,21.42,21.74,21.24,21.51,396928
03/26/2019,21.74,21.76,21.41,21.73,346757
03/27/2019,21.71,21.81,21.4,21.5,311517
03/28/2019,21.55,21.8,21.51,21.66,270405
03/29/2019,21.74,21.74,21.43,21.54,274475
04/01/2019,21.73,22.12,21.52,21.95,312076
04/02/2019,22.08,22.24,21.91,22.02,181027
04/03/2019,22.24,22.32,21.92,21.95,425813
04/04/2019,21.9,22.16,21.9,21.95,280173
04/05/2019,21.99,22.12,21.76,22.04,437435
04/08/2019,22,22.21,21.94,22.12,403640
04/09/2019,22.04,22.19,21.82,21.94,513820
04/10/2019,22.04,22.1,21.91,21.99,424242
04/11/2019,22.06,22.13,21.56,21.95,556632
04/12/2019,22.13,22.19,21.8,22.07,341239
04/15/2019,22.11,22.3,21.9,22.13,422947
04/16/2019,22.12,22.46,22.12,22.18,402750
04/17/2019,22.21,22.37,21.96,22.18,420211
04/18/2019,22.29,22.92,22.19,22.72,670601
04/22/2019,22.71,22.71,22.27,22.42,388537
04/23/2019,22.49,22.73,22.37,22.47,362463
04/24/2019,22.52,22.65,22.34,22.58,296169
04/25/2019,22.51,22.77,22.35,22.58,278418
04/26/2019,22.56,22.71,22.42,22.46,299826
04/29/2019,22.5,22.88,22.5,22.71,265205
04/30/2019,22.73,22.86,22.35,22.7,542440
05/01/2019,22.67,23.11,22.5,22.95,588326
05/02/2019,22.95,22.95,22.48,22.74,464853
05/03/2019,22.81,23.32,22.45,23.24,714262
05/06/2019,22.85,23.65,22.81,23.42,548723
05/07/2019,23.17,23.5,23,23.42,545007
05/08/2019,23.44,23.51,23.18,23.45,681318
05/09/2019,23.37,23.68,23.11,23.63,856285
05/10/2019,23.52,24.11,23.47,23.96,765310
05/13/2019,23.63,23.75,23.37,23.55,1171138
05/14/2019,23.63,23.79,23.42,23.67,824419
05/15/2019,23.51,24.02,23.26,23.99,675702
05/16/2019,24.01,24.54,23.94,24.14,1097601
05/17/2019,24,24.32,23.86,24.08,917069
05/20/2019,24.11,24.29,24.04,24.13,802838
05/21/2019,24.25,24.52,23.99,24.4,1053952
05/22/2019,24.36,24.68,24.15,24.45,597563
05/23/2019,24.28,24.59,24.09,24.43,696592
05/24/2019,24.57,24.68,24.2,24.66,1029308
05/28/2019,24.7,24.89,24.52,24.8,955500
05/29/2019,24.71,24.8,24.3,24.59,702681
05/30/2019,24.61,24.83,24.44,24.59,705733
05/31/2019,24.15,24.42,23.83,23.9,1219863
06/03/2019,23.84,24.35,23.84,24.34,1246457
06/04/2019,24.43,24.6,24.11,24.44,1920502
06/05/2019,24.58,24.72,24.12,24.69,654648
06/06/2019,24.36,24.47,23.48,23.89,2242876
06/07/2019,24.06,24.53,23.87,23.97,1086425
06/10/2019,24.06,24.21,23.73,24.12,833252
06/11/2019,24.32,24.32,23.91,24.04,908546
06/12/2019,24.09,24.19,23.86,24.03,771154
06/13/2019,24.27,25.23,24.23,25.16,965830
06/14/2019,25.13,25.57,25.13,25.43,525228
06/17/2019,25.59,26.2,25.59,25.83,1061674
06/18/2019,26,26.2,25.64,25.67,875005
06/19/2019,25.74,26.32,25.73,26.26,1418019
06/20/2019,26.39,26.88,25.79,25.95,1252256
06/21/2019,25.91,25.92,25.6,25.71,1092008
06/24/2019,25.7,25.96,25.42,25.44,981191
06/25/2019,25.4,25.44,24.19,24.26,1581897
06/26/2019,24.34,24.49,23.99,24.42,1007729
06/27/2019,24.46,24.68,24.4,24.53,958544
06/28/2019,24.69,24.94,24.29,24.61,9209347
07/01/2019,24.75,25.25,24.74,25.22,1592877
07/02/2019,25.31,25.37,25.09,25.35,813936
07/03/2019,25.4,25.66,25.22,25.66,458315
07/05/2019,25.55,25.73,25.26,25.52,361049
07/08/2019,25.34,25.45,25.21,25.45,525066
07/09/2019,25.4,25.84,25.32,25.82,703336
07/10/2019,25.88,26.38,25.76,26.33,775218
07/11/2019,26.34,26.48,26.13,26.32,567638
07/12/2019,26.35,26.9,26.15,26.88,599190
07/15/2019,26.92,26.92,26.47,26.57,612053
07/16/2019,26.62,26.81,26.5,26.62,397886
07/17/2019,26.57,26.68,26.34,26.47,345819
07/18/2019,26.4,26.93,26.36,26.74,343520
07/19/2019,26.72,26.85,26.43,26.46,392933
07/22/2019,26.49,26.59,26.21,26.58,329616
07/23/2019,26.62,26.88,26.51,26.74,287066
07/24/2019,26.6,27.35,26.58,27.33,407625
07/25/2019,27.36,27.45,27.2,27.35,506027
07/26/2019,27.28,27.66,27.2,27.59,388259
07/29/2019,27.6,27.6,27.21,27.36,172790
07/30/2019,27.25,27.75,27.01,27.71,538603
07/31/2019,27.32,27.72,26.92,27.52,745466
08/01/2019,27.66,27.78,26.71,26.98,681998
08/02/2019,26.8,27.07,26.43,27.02,773546
08/05/2019,26.72,26.72,24.96,25.09,1003240
08/06/2019,25.2,25.93,25.2,25.93,384434
08/07/2019,25.56,26.04,25.24,25.98,615222
08/08/2019,26.19,26.7,26.07,26.54,379375
08/09/2019,26.38,26.64,26.15,26.51,344776
08/12/2019,26.29,26.29,25.77,25.96,133613
08/13/2019,26.05,26.49,25.92,26.4,376762
08/14/2019,25.86,26.19,25.53,25.6,318356
08/15/2019,25.69,25.88,25.29,25.48,284249
08/16/2019,25.6,26.76,25.56,26.65,512133
08/19/2019,27.09,27.66,27.08,27.35,380521
08/20/2019,27.29,27.29,26.76,26.97,364133
08/21/2019,27.25,27.35,27.09,27.2,331042
08/22/2019,27.33,27.46,27.02,27.17,274873
08/23/2019,26.99,27.3,26.19,26.27,455106
08/26/2019,26.57,26.57,25.73,26.07,551488
08/27/2019,26.25,26.47,25.66,26.15,470909
08/28/2019,26.03,26.83,26.03,26.61,515229
08/29/2019,26.98,27.6,26.95,27.51,511140
08/30/2019,27.76,27.89,27.12,27.37,539414
09/03/2019,27.24,27.35,26.46,26.7,403825
09/04/2019,26.95,27.65,26.89,27.56,253353
09/05/2019,27.84,28.76,27.74,28.06,362131
09/06/2019,28.06,28.48,27.91,28.13,285179
09/09/2019,28.28,28.68,28,28.23,291607
09/10/2019,28.26,28.55,27.27,27.42,540080
09/11/2019,27.55,28.11,27.43,28.06,239963
09/12/2019,28.29,28.89,27.83,28.61,354612
09/13/2019,28.84,29.01,28.59,28.62,269030
09/16/2019,28.44,28.99,28.44,28.95,269025
09/17/2019,28.96,29.5,28.74,29.19,244033
09/18/2019,29.13,29.42,29.01,29.34,293748
09/19/2019,27.96,28.18,27.61,27.96,3743276
09/20/2019,28.05,28.37,27.83,27.91,1122121
09/23/2019,27.91,28.32,27.88,28.17,660444
09/24/2019,28.32,28.32,26.96,27.25,952294
09/25/2019,27.31,28.37,27.2,28.32,2282022
09/26/2019,28.32,28.37,27.94,28.28,475673
09/27/2019,28.38,28.62,26.37,26.38,1059640
09/30/2019,26.43,26.62,25.04,25.48,1321714
10/01/2019,25.59,25.96,25.11,25.11,760997
10/02/2019,24.84,24.98,24.52,24.94,538333
10/03/2019,24.94,25.25,24.5,25.16,303589
10/04/2019,25.15,25.74,24.65,25.12,364267
10/07/2019,24.98,25.08,24.62,24.74,355190
10/08/2019,24.49,25.03,24.41,24.66,756373
10/09/2019,24.99,25.07,24.54,24.93,371726
10/10/2019,24.86,25.09,24.71,24.78,404626
10/11/2019,25.16,25.72,25.07,25.35,427840
10/14/2019,25.14,25.26,24.77,25,250140
10/15/2019,25.16,25.52,24.89,25.42,328988
10/16/2019,25.28,25.53,24.89,25.08,309306
10/17/2019,25.13,26.02,25.1,25.83,355513
10/18/2019,25.7,26.62,25.64,26.49,426993
10/21/2019,26.75,27.31,26.5,26.88,307725
10/22/2019,26.9,27.39,26.57,26.58,302882
10/23/2019,26.54,27.53,26.35,27.35,369170
10/24/2019,27.47,27.53,26.65,26.79,274863
10/25/2019,26.79,27.08,26.51,26.86,187229
10/28/2019,27.05,27.91,26.94,27.86,986827
10/29/2019,27.82,28.42,27.76,28.19,588006
10/30/2019,28.25,28.35,27.95,28.25,585594
10/31/2019,27.75,28.77,27.01,28.14,605097
11/01/2019,28.4,30.01,28.13,29.8,1081905
11/04/2019,30.32,31.22,30.1,31.16,841779
11/05/2019,31.24,31.28,29.87,30.2,540531
11/06/2019,30.27,30.57,30.14,30.43,320408
11/07/2019,30.87,30.95,30.4,30.56,408223
11/08/2019,30.42,30.85,30.03,30.04,418089
11/11/2019,29.78,30.42,29.68,30.3,377953
11/12/2019,30.36,30.41,29.94,30.02,318241
11/13/2019,29.78,30.36,29.44,30.3,429591
11/14/2019,30.22,30.42,29.97,30.12,272580
11/15/2019,30.33,30.44,29.87,30,313372
11/18/2019,30.04,30.74,29.98,30.72,626363
11/19/2019,30.87,31.31,30.65,31.23,509863
11/20/2019,31.04,31.58,30.68,31.53,725456
11/21/2019,31.65,31.65,30.47,30.59,425892
11/22/2019,30.63,30.95,30.2,30.55,315677
11/25/2019,30.56,31.45,30.51,31.13,439169
11/26/2019,31.13,31.67,30.75,31.66,396592
11/27/2019,31.66,31.68,30.91,31.4,306866
11/29/2019,31.36,31.7,31.23,31.46,104955
12/02/2019,31.53,31.61,30.42,30.94,434641
12/03/2019,30.56,31.08,30.18,31.04,322898
12/04/2019,31.31,31.31,30.68,31.04,241347
12/05/2019,31.27,31.57,31.09,31.52,204282
12/06/2019,31.88,32.08,31.25,31.27,496313
12/09/2019,31.16,31.73,30.99,31.29,251086
12/10/2019,31.42,32,31.34,31.98,213596
12/11/2019,32.11,32.21,31.84,31.93,284398
12/12/2019,32.02,32.27,31.54,31.82,308731
12/13/2019,32.08,32.52,31.9,32.47,366269
12/16/2019,32.69,33.21,32.21,32.32,470985
12/17/2019,32.37,32.6,31.91,32.45,221401
12/18/2019,32.56,32.89,32.44,32.57,280021
12/19/2019,33.11,33.14,32.24,33.05,264454
12/20/2019,33.14,33.24,32.68,32.95,835189
12/23/2019,33.07,33.39,32.72,33.39,282736
12/24/2019,33.34,33.41,33.06,33.39,137613
12/26/2019,33.45,33.56,33.12,33.38,174727
12/27/2019,33.44,33.67,33.32,33.4,231671
12/30/2019,33.48,34.3,33.48,34.29,311660
12/31/2019,34.29,34.59,33.77,34.24,408804
01/02/2020,34.39,34.44,33.69,34.1,400488
01/03/2020,33.7,34.02,33.65,33.79,360650
01/06/2020,33.68,34.37,33.68,34.15,335338
01/07/2020,33.92,34.27,33.89,34.02,278720
01/08/2020,34.21,34.73,34.01,34.65,661038
01/09/2020,34.87,35.51,34.71,34.96,223323
01/10/2020,34.79,35.14,34.56,34.74,237608
01/13/2020,34.9,34.95,34.55,34.86,277598
01/14/2020,34.73,34.84,34.39,34.54,399238
01/15/2020,34.55,34.8,34.09,34.37,412882
01/16/2020,34.76,35.35,34.39,35.34,478180
01/17/2020,35.83,36.55,35.69,35.78,535443
01/21/2020,35.57,35.99,35.32,35.48,293564
01/22/2020,35.63,36.21,35.63,36.06,470595
01/23/2020,36.08,36.63,35.78,36.37,420042
01/24/2020,36.49,36.49,35.41,35.6,304042
01/27/2020,34.81,35.05,34.45,34.53,331154
01/28/2020,34.86,35.27,34.78,35.07,276932
01/29/2020,35.19,35.94,35.07,35.52,291082
01/30/2020,35.14,35.94,34.56,35.1,545249
01/31/2020,34.88,35.18,33.63,34.61,509467
02/03/2020,36.35,36.72,35.3,35.85,895937
02/04/2020,36.22,36.96,35.48,36.57,597752
02/05/2020,37.03,37.2,36.54,36.96,352874
02/06/2020,37.08,37.65,36.69,37.37,402868
02/07/2020,37.13,37.27,36.54,36.9,382399
02/10/2020,36.87,37.77,36.86,37.67,261298
02/11/2020,37.89,38.74,37.83,38.65,384366
02/12/2020,38.87,39.03,38.32,38.99,536768
02/13/2020,39,40.19,38.87,39.45,624364
02/14/2020,39.75,40.12,37.97,38.4,975312
02/18/2020,38.72,39.08,38.36,38.47,835590
02/19/2020,38.71,40.08,38.6,39.46,543355
02/20/2020,39.35,39.63,38.36,38.75,607905
02/21/2020,38.7,38.73,37.67,38.34,683669
02/24/2020,37.25,37.69,36.9,37.44,656800
02/25/2020,37.51,37.63,35.58,35.77,847401
02/26/2020,35.8,36.42,35.03,35.31,561767
02/27/2020,34.55,34.98,33.53,33.97,775717
02/28/2020,32.9,33.59,31.47,33.14,1212842
03/02/2020,33.34,35.09,33.3,35.03,533176
03/03/2020,35.05,35.63,33.42,34.08,450079
03/04/2020,34.82,35.4,33.43,35.34,643638
03/05/2020,34.05,34.82,33.72,34.19,894419
03/06/2020,32.92,33.19,31.58,32.39,2694637
03/09/2020,30.6,30.98,29.38,29.59,1019836
03/10/2020,30.86,31.47,29.05,31.44,806907
03/11/2020,30.3,30.8,28.51,29.01,805828
03/12/2020,26.88,28.22,25.43,26.94,969818
03/13/2020,28.3,30.77,27.76,30.74,970304
03/16/2020,26.13,28.32,25.91,26.58,1282077
03/17/2020,27.25,29.99,25.42,29.51,1224377
03/18/2020,27.29,28.12,21.96,26.13,1531127
03/19/2020,25.9,27.67,21.92,24.88,1042543
03/20/2020,24.71,25.21,21.47,22.31,2049230
03/23/2020,20.67,22.82,19.631,22.13,1098625
03/24/2020,23.88,26.32,23.52,26.13,745975
03/25/2020,26.3,29.44,26.08,28.27,1567837
03/26/2020,28.52,30.85,28.07,29.57,1794996
03/27/2020,28.44,29.54,28.15,28.81,862709
03/30/2020,29.07,30.74,28.28,30.49,957101
03/31/2020,30.57,30.57,29,30.04,1030575
04/01/2020,28.45,29.33,28.18,29.11,862723
04/02/2020,28.69,29.58,28.24,29.29,555679
04/03/2020,29.13,29.73,27.7,28.07,1188605
04/06/2020,29.39,30.45,28.79,29.93,1673535
04/07/2020,31.04,32.78,30.1,31.2,995405
04/08/2020,31.54,32.61,31.05,31.46,924076
04/09/2020,32.32,34.34,32.32,34.15,1204449
04/13/2020,34.1,34.1,31.88,32.45,741483
04/14/2020,33.53,33.68,31.22,31.47,1007036
04/15/2020,30.86,30.88,29.7,29.92,570738
04/16/2020,30.03,31.06,29.55,31.03,479156
04/17/2020,32.23,32.58,31.51,32.27,609609
04/20/2020,31.39,31.65,30.47,30.69,498347
04/21/2020,29.92,30.13,28.82,29.1,805981
04/22/2020,29.7,30.35,29.2,30.15,601382
04/23/2020,30.17,31.73,30.12,31.65,768608
04/24/2020,31.98,32.87,31.79,32.7,530464
04/27/2020,33.04,34.1,32.91,33.98,614102
04/28/2020,34.99,35.24,33.67,33.94,678752
04/29/2020,35.09,35.93,34.04,34.11,1529174
04/30/2020,33.47,33.72,32.3,32.61,567162
05/01/2020,31.77,32.07,30.49,31.76,882387
05/04/2020,31.22,32.14,30.71,31.11,600012
05/05/2020,31.64,32.05,31.18,31.53,527442
05/06/2020,31.73,34.54,31.73,34.01,1146041
05/07/2020,33.53,34.66,32.9,34.01,2405910
05/08/2020,34.84,34.84,33.28,33.37,873012
05/11/2020,33.07,34.07,32.68,33.92,647982
05/12/2020,34.01,34.08,32.79,32.97,703962
05/13/2020,33.55,33.66,32.24,32.61,766934
05/14/2020,31.89,32.3,31.03,32.1,908139
05/15/2020,31.77,33.01,31.67,32.68,648676
05/18/2020,33.79,34.18,33.34,33.68,500336
05/19/2020,33.65,34.53,33.23,33.24,379930
05/20/2020,33.92,34.14,33.32,33.98,382397
05/21/2020,34.15,34.33,33.4,33.91,929705
05/22/2020,34.09,34.14,33.53,34.05,508625
05/26/2020,35.01,36.5,34.64,35.64,991138
05/27/2020,36.66,36.87,34.81,36.09,704334
05/28/2020,36.59,36.59,35.18,35.34,517400
05/29/2020,35.82,36.93,35.36,36.7,1698120
06/01/2020,36.85,36.95,35.99,36.4,1255150
06/02/2020,36.82,37.25,36.43,37.03,1241081
06/03/2020,37.53,38.27,37.24,37.9,1425183
06/04/2020,37.71,38.42,37.31,38.38,1468463
06/05/2020,39.48,39.59,38.35,38.54,2206186
06/08/2020,38.91,39.38,38.45,39.36,1195522
06/09/2020,38.63,38.88,37.89,38.45,1192766
06/10/2020,38.39,38.56,36.94,37.65,1748184
06/11/2020,36.43,37.36,35.99,36.28,1162751
06/12/2020,37.35,37.38,35.91,37.2,948561
06/15/2020,36.12,37.66,35.9,37.45,1728605
06/16/2020,38.62,39.07,37.74,38.51,596856
06/17/2020,38.87,39.1,37.99,38.32,799997
06/18/2020,37.96,38.84,37.77,38.6,779423
06/19/2020,39.17,39.17,37.68,38.36,1709327
06/22/2020,38.24,39.53,37.77,39.39,2132021
06/23/2020,40.15,40.16,37.85,38.13,2316094
06/24/2020,37.73,37.73,36.61,37.44,955576
06/25/2020,37.29,38.36,37.11,38.27,1185617
06/26/2020,37.93,38.26,37.04,38.06,6635968
06/29/2020,38.33,38.49,36.76,37.1,1188688
06/30/2020,37.2,39.18,37.08,38.99,743506
07/01/2020,38.89,39.28,38.35,38.83,376597
07/02/2020,39.34,39.48,38.36,38.64,598470
07/06/2020,39.25,39.48,38.46,38.65,615531
07/07/2020,38.27,38.57,37.2,37.23,585873
07/08/2020,37.43,38.15,37.28,38.1,492683
07/09/2020,38.12,38.33,37.32,38.08,589479
07/10/2020,38.25,38.85,37.71,38.7,371648
07/13/2020,38.99,39.37,38.31,38.36,600436
07/14/2020,38.25,39.1,37.99,39.02,363827
07/15/2020,39.54,39.86,39.23,39.68,560734
07/16/2020,39.51,39.88,39.29,39.61,312838
07/17/2020,39.62,39.92,39.13,39.86,504186
07/20/2020,40,40.7,39.51,40.12,1040473
07/21/2020,40.22,40.45,39.78,40.24,367971
07/22/2020,40.02,40.39,39.8,40.08,383979
07/23/2020,40.07,40.58,39.37,39.76,339682
07/24/2020,39.52,39.6,37.45,38.35,873100
07/27/2020,38.4,39.07,38.2,38.79,258870
07/28/2020,38.69,39.11,38.46,38.81,282559
07/29/2020,38.92,39.86,38.8,39.69,348581
07/30/2020,39.21,39.5,38.45,39.14,453617
07/31/2020,39.23,39.33,38.56,39.22,242779
08/03/2020,39.17,40.22,39.17,40.03,531824
08/04/2020,39.77,39.98,38.94,39.66,316405
08/05/2020,39.68,39.94,38.13,39.86,636041
08/06/2020,40,40.45,39.24,39.55,292849
08/07/2020,39.53,40.31,39.17,40.1,474742
08/10/2020,40.02,41.64,39.92,41.33,830902
08/11/2020,41.43,41.43,39.48,39.65,734487
08/12/2020,40.16,40.51,39.17,39.32,476381
08/13/2020,39.29,39.85,39.26,39.41,589275
08/14/2020,39.37,39.65,39.13,39.28,373301
08/17/2020,39.81,39.93,39.39,39.65,431079
08/18/2020,39.57,39.82,39.01,39.06,236159
08/19/2020,39.12,39.56,39.06,39.27,389793
08/20/2020,38.87,39.34,38.15,39.13,398360
08/21/2020,39.14,39.26,38.57,39.03,235252
08/24/2020,39.58,39.62,38.29,38.71,365666
08/25/2020,39.01,39.22,38.29,38.56,404919
08/26/2020,38.58,39.51,38.19,39.4,505030
08/27/2020,39.38,40.38,39.19,40.05,548513
08/28/2020,40.03,40.09,39.34,39.59,258340
08/31/2020,39.79,40.05,39.4,39.71,323200
09/01/2020,39.82,39.85,39.5,39.74,308152
09/02/2020,39.8,40.26,39.33,40.23,309856
09/03/2020,40.07,40.07,38.15,38.7,777550
09/04/2020,39.19,39.63,38.35,38.9,583398
09/08/2020,38.27,38.53,37.56,37.79,589946
09/09/2020,38.03,38.72,37.89,38.66,468517
09/10/2020,38.62,39.58,38.49,38.67,815349
09/11/2020,39.02,39.51,38.52,39.11,567633
09/14/2020,39.56,40.22,39.44,39.74,785273
09/15/2020,39.88,40.27,39.64,39.8,547809
09/16/2020,39.9,40.78,39.85,40.15,876347
09/17/2020,39.43,39.9,38.95,39.15,748326
09/18/2020,39.38,39.73,39.06,39.51,1750428
09/21/2020,39,39.13,38.19,38.6,574655
09/22/2020,38.57,39.25,38.31,39.19,534749
09/23/2020,39.52,40,38.99,38.99,676262
09/24/2020,38.8,39.07,38.33,38.45,950262
09/25/2020,38.38,39.55,38.07,39.51,331009
09/28/2020,40,40.52,39.75,40.18,661387
09/29/2020,40.27,40.34,39.6,39.86,1319899
09/30/2020,39.88,40.55,39.81,40.12,543061
10/01/2020,40.54,40.61,39.66,40.24,597507
10/02/2020,39.63,40.92,39.48,40.67,308247
10/05/2020,41.02,42.01,40.89,41.92,372956
10/06/2020,42.02,42.36,41.4,41.74,481205
10/07/2020,42.25,42.25,41.51,41.72,378065
10/08/2020,42.14,42.89,41.83,42.64,494608
10/09/2020,42.95,43.14,42.57,42.8,379238
10/12/2020,43.13,43.35,42.57,42.92,512026
10/13/2020,42.87,44.11,42.58,43.74,500100
10/14/2020,43.74,44.21,43.25,43.52,423058
10/15/2020,43.15,44.07,42.9,43.81,397740
10/16/2020,43.82,44.52,43.82,44.29,334258
10/19/2020,44.56,45.07,43.98,44.04,803621
10/20/2020,44.27,44.6,43.89,44.06,247876
10/21/2020,44.41,44.63,43.37,43.46,262769
10/22/2020,43.64,44.38,42.94,44.03,279128
10/23/2020,44.2,44.63,43.89,44.47,233999
10/26/2020,43.87,44.19,42.69,43.02,266357
10/27/2020,43.37,43.61,42.56,42.6,344407
10/28/2020,41.8,42.27,40.23,41.72,391022
10/29/2020,41.99,42.15,40.95,41.82,400176
10/30/2020,41.64,42.07,41.04,41.97,300618
11/02/2020,42.37,42.84,41.62,41.76,451062
11/03/2020,42.17,42.87,41.26,41.28,755981
11/04/2020,41.56,43.19,41.56,43.05,606961
11/05/2020,43.49,44.75,43.41,44.17,343769
11/06/2020,44.45,44.65,43.45,44.37,388249
11/09/2020,45.95,45.97,43.86,43.94,543808
11/10/2020,43.87,44.6,42.83,44.23,390711
11/11/2020,44.88,44.93,44.05,44.24,284085
11/12/2020,43.93,44.32,43.22,43.36,299151
11/13/2020,43.47,44.08,43.25,43.88,279972
11/16/2020,44.41,44.57,43.81,44.22,242553
11/17/2020,43.86,44.64,43.86,44.6,243836
11/18/2020,44.99,44.99,44.36,44.42,561220
11/19/2020,44.32,44.85,44.21,44.63,396637
11/20/2020,44.44,44.76,44.21,44.59,255580
11/23/2020,44.96,45.21,44.38,44.39,387180
11/24/2020,44.93,44.93,43.95,44.31,517524
11/25/2020,44.37,44.69,43.8,44.66,473176
11/27/2020,44.86,45.25,44.51,44.81,181612
11/30/2020,44.77,44.93,44.15,44.62,540571
12/01/2020,45.03,45.52,44.57,45.5,666376
12/02/2020,45.47,45.59,44.63,45.52,464367
12/03/2020,45.58,46.39,45.57,46.11,565590
12/04/2020,46.12,46.74,46.12,46.61,291338
12/07/2020,46.71,47.23,46.48,47.11,336817
12/08/2020,47.01,47.94,46.76,47.89,258155
12/09/2020,48.04,48.43,47.53,47.98,384844
12/10/2020,47.89,48.12,47.4,48.07,249411
12/11/2020,47.96,48.5,47.8,48.22,280525
12/14/2020,48.73,48.73,47.89,48.1,434767
12/15/2020,48.23,48.87,48.15,48.84,517051
12/16/2020,49.13,49.3,48.64,49.01,475415
12/17/2020,49.13,49.57,48.87,49.16,486669
12/18/2020,49.32,49.8,49.24,49.31,2533231
12/21/2020,48.89,49.72,48.35,49.51,484151
12/22/2020,49.44,49.69,49.14,49.23,409849
12/23/2020,49.38,49.86,49.05,49.14,367454
12/24/2020,49.09,49.26,48.79,49.06,194869
12/28/2020,49.53,49.64,48.41,48.53,509750
12/29/2020,48.71,48.9,47.67,47.74,442311
12/30/2020,47.88,48.29,47.52,47.68,278730
12/31/2020,47.5,47.66,46.91,47.11,489105
