04/13/2012,25,25.07,24.8,24.89,35660
04/16/2012,24.89,24.93,24.75,24.85,209030
04/17/2012,24.86,24.882,24.8,24.8,46840
04/18/2012,24.85,24.92,24.85,24.89,64099
04/19/2012,24.93,24.97,24.83,24.95,32000
04/20/2012,24.95,24.95,24.87,24.94,13200
04/23/2012,24.9,24.95,24.86,24.91,15000
04/24/2012,24.94,24.96,24.87,24.96,30500
04/25/2012,24.95,24.95,24.73,24.8,23391
04/26/2012,24.9,25.04,24.85,25.04,48900
04/27/2012,24.98,25.035,24.96,25,22250
04/30/2012,24.99,25.03,24.9,25.019,17250
05/01/2012,25.02,25.15,25,25.15,52150
05/02/2012,25.15,25.25,25.06,25.17,101887
05/03/2012,25.11,25.16,25.07,25.16,29865
05/04/2012,25.15,25.2,25.1,25.14,14787
05/07/2012,25.1,25.14,25.02,25.14,13680
05/08/2012,25.06,25.15,25.05,25.1,31832
05/09/2012,25.08,25.14,24.97,25.12,80975
05/10/2012,25.1,25.1,25.03,25.03,5855
05/11/2012,25,25.07,24.95,25.06,6715
05/14/2012,25.07,25.07,24.95,24.999,5880
05/15/2012,25.03,25.03,24.95,24.95,7934
05/16/2012,24.99,25.04,24.93,25.04,7763
05/17/2012,25.0399,25.05,24.53,24.5888,22400
05/18/2012,24.85,24.95,24.46,24.859,22867
05/21/2012,24.75,24.93,24.7,24.7,17950
05/22/2012,24.99,25.24,24.85,24.9499,19874
05/23/2012,25,25.05,24.9,24.95,6049
05/24/2012,25.19,25.19,24.9001,25,9965
05/25/2012,25.18,25.21,25,25.192,19025
05/29/2012,25.1501,25.1501,24.94,25.07,27399
05/30/2012,25,25.07,24.53,25.07,5100
05/31/2012,25,25.1,24.78,24.9099,12981
06/01/2012,24.79,24.9399,24.68,24.9,11850
06/04/2012,24.95,25.1,24.61,24.9,24942
06/05/2012,25.08,25.08,24.9,25.04,7700
06/06/2012,25.07,25.15,25.05,25.07,13640
06/07/2012,25.2,25.24,24.87,25.1,12640
06/08/2012,25,25.15,24.9928,25.15,4775
06/11/2012,25.2099,25.2099,25.1,25.15,10000
06/12/2012,25.2,25.209,24.97,24.98,17261
06/13/2012,25.01,25.4,25.01,25.4,7700
06/14/2012,25.28,25.28,25,25.05,19115
06/15/2012,25.1,25.25,25.06,25.22,13775
06/18/2012,25.22,25.3999,25.2199,25.3,12295
06/19/2012,25.17,25.3,25.15,25.21,23985
06/20/2012,25.23,25.38,25.2075,25.3,12275
06/21/2012,25.38,25.4,25.31,25.31,9910
06/22/2012,25.4,25.44,25.37,25.44,5290
06/25/2012,25.32,25.48,25.26,25.45,6500
06/26/2012,25.45,25.45,25.39,25.4,6600
06/27/2012,25.05,25.24,25.0464,25.19,20795
06/28/2012,25.15,25.34,25.15,25.34,53404
06/29/2012,25.3,25.3,25.24,25.28,98886
07/02/2012,25.36,25.46,25.308,25.34,5509
07/03/2012,25.355,25.434,25.35,25.434,1100
07/05/2012,25.48,25.49,25.4,25.4,7332
07/06/2012,25.45,25.4899,25.4,25.418,5080
07/09/2012,25.6,25.75,25.6,25.75,18798
07/10/2012,25.77,26.05,25.76,26,73313
07/11/2012,25.94,25.95,25.85,25.95,47573
07/12/2012,25.83,26.14,25.83,26.14,5683
07/13/2012,26.03,26.1799,25.87,25.87,8683
07/16/2012,25.97,26.07,25.9,26.07,23700
07/17/2012,25.92,26.05,25.9,26.04,23561
07/18/2012,26.05,26.14,25.9,26.03,16996
07/19/2012,26.06,26.06,25.81,26,18198
07/20/2012,26.14,26.14,25.9,25.9,14583
07/23/2012,25.8,25.89,25.4205,25.89,20882
07/24/2012,25.89,25.98,25.56,25.98,31588
07/25/2012,25.85,25.85,25.64,25.82,34315
07/26/2012,25.63,25.89,25.62,25.846,19916
07/27/2012,25.76,25.81,25.521,25.54,9465
07/30/2012,25.56,25.65,25.56,25.64,13112
07/31/2012,25.72,25.72,25.64,25.69,21482
08/01/2012,25.59,25.66,25.45,25.55,13127
08/02/2012,25.56,25.68,25.56,25.68,14779
08/03/2012,25.89,25.96,25.87,25.94,34807
08/06/2012,26.04,26.13,25.86,26.13,13330
08/07/2012,26.07,26.08,25.81,26,3600
08/08/2012,25.78,26.1,25.77,26.1,12519
08/09/2012,25.96,26.24,25.76,26.24,36288
08/10/2012,26.13,26.24,25.98,26.24,1500
08/13/2012,26,26.19,25.87,26.1,20467
08/14/2012,25.99,26.3644,25.99,26.31,26134
08/15/2012,26.36,26.39,26.01,26.39,6954
08/16/2012,26.3,26.55,26.3,26.549,7850
08/17/2012,26.35,26.35,26.0705,26.13,7475
08/20/2012,26.15,26.15,25.81,25.91,11662
08/21/2012,25.86,25.959,25.76,25.76,6415
08/22/2012,25.93,25.93,25.77,25.82,1100
08/23/2012,25.82,26.03,25.79,26.03,2245
08/24/2012,26.07,26.07,26.07,26.07,130
08/27/2012,25.8701,25.99,25.8701,25.99,700
08/28/2012,26.15,26.15,25.83,26.05,2646
08/29/2012,26.05,26.05,25.83,25.83,2011
08/30/2012,26.02,26.02,25.84,25.89,3435
09/04/2012,25.86,25.96,25.86,25.93,3219
09/05/2012,25.94,25.97,25.76,25.9,10755
09/06/2012,25.81,25.879,25.77,25.86,8367
09/07/2012,25.85,25.85,25.79,25.79,1715
09/10/2012,25.77,25.88,25.76,25.88,10022
09/11/2012,25.79,25.79,25.63,25.7,8709
09/12/2012,25.63,25.86,25.62,25.84,6145
09/13/2012,25.94,25.95,25.8701,25.9,24679
09/14/2012,25.9,25.92,25.9,25.92,2847
09/17/2012,25.73,25.8499,25.6,25.69,7693
09/18/2012,25.75,25.86,25.75,25.84,3114
09/19/2012,25.84,26.01,25.84,26.01,30989
09/20/2012,26.04,26.34,26,26.339,20461
09/21/2012,26.35,26.39,26.35,26.35,5670
09/24/2012,26.44,26.44,26.12,26.36,3395
09/25/2012,26.54,26.54,26.45,26.45,10572
09/26/2012,26.28,26.29,25.88,26.2,1389
09/27/2012,26.26,26.29,26.26,26.28,727
09/28/2012,26.23,26.2999,26.23,26.2999,1005
10/01/2012,26.45,26.45,26.0201,26.2,9977
10/02/2012,26.15,26.15,25.86,25.89,2575
10/03/2012,25.98,26,25.87,25.978,2779
10/04/2012,25.8999,25.9,25.74,25.77,13689
10/05/2012,25.98,25.9879,25.8001,25.9879,8203
10/08/2012,25.98,26,25.89,25.9,5098
10/09/2012,25.87,25.9399,25.82,25.82,1076
10/10/2012,26,26,25.69,26,6801
10/11/2012,26.22,26.23,25.85,25.88,12691
10/12/2012,26.18,26.18,26.13,26.13,1158
10/15/2012,26.01,26.12,26.01,26.12,6589
10/16/2012,26.11,26.11,26.02,26.03,3353
10/17/2012,26,26.34,25.99,26.05,14126
10/18/2012,25.92,26.38,25.92,26.35,5093
10/19/2012,26.37,26.37,26.24,26.24,4657
10/22/2012,26.35,26.36,26.226,26.25,3792
10/23/2012,26.24,26.24,25.75,26.01,30798
10/24/2012,26.05,26.09,25.98,26,42482
10/25/2012,26,26.27,26,26.24,6036
10/26/2012,26.29,26.31,26.2,26.31,4599
10/31/2012,26.37,26.38,26.2,26.33,4438
11/01/2012,26.335,26.38,26.19,26.36,800
11/02/2012,26.34,26.4,26.25,26.35,6752
11/05/2012,26.3,26.33,26.3,26.33,582
11/06/2012,26.3,26.39,26.3,26.3,1260
11/07/2012,26.3,26.35,25.75,26.35,7382
11/08/2012,26.26,26.3599,25.97,26.03,6110
11/09/2012,26.01,26.3599,26.01,26.3599,800
11/12/2012,26.23,26.4,26.0605,26.0605,7093
11/13/2012,26.42,26.42,26,26.19,4485
11/14/2012,26.1,26.13,25.83,25.83,3800
11/15/2012,25.8,25.8,25.51,25.51,3266
11/16/2012,25.72,25.75,25.46,25.75,2453
11/19/2012,25.78,25.94,25.78,25.93,33300
11/20/2012,25.84,25.98,25.84,25.94,1608
11/21/2012,26.04,26.06,26.03,26.0392,1000
11/23/2012,26.1,26.275,26.1,26.12,1400
11/26/2012,26.05,26.11,26.05,26.11,4418
11/27/2012,26.29,26.29,26,26,94230
11/28/2012,26.25,26.27,26.13,26.2,1352
11/29/2012,25.9601,26.27,25.9601,26.27,1358
11/30/2012,26.28,26.3,26.23,26.3,1604
12/03/2012,26.3,26.3,26.15,26.3,4036
12/04/2012,26.2999,26.3582,26.0601,26.3582,3226
12/05/2012,26.4,26.4,26.2,26.23,19224
12/06/2012,26.39,26.4,26.39,26.4,954
12/07/2012,26.24,26.24,26.24,26.24,500
12/10/2012,26.39,26.39,26.12,26.12,2583
12/11/2012,26.34,26.34,25.85,25.85,12858
12/12/2012,25.88,25.93,25.78,25.81,5704
12/13/2012,25.82,25.96,25.8,25.94,2900
12/14/2012,25.89,26.07,25.79,25.97,2500
12/17/2012,25.97,26.07,25.8205,26.03,5154
12/18/2012,25.99,25.99,25.65,25.97,8616
12/19/2012,25.92,25.93,25.9,25.9,3058
12/20/2012,25.99,26.16,25.93,26.16,6850
12/21/2012,25.92,26.06,25.9,25.9,1401
12/24/2012,26.11,26.27,26.1,26.27,549
12/26/2012,25.87,25.89,25.718,25.718,1950
12/27/2012,25.88,25.88,25.66,25.66,2622
12/28/2012,25.86,25.8682,25.48,25.5244,4209
12/31/2012,25.6499,25.65,25.479,25.479,1591
01/02/2013,25.7899,25.79,25.63,25.6305,6985
01/03/2013,25.7599,25.79,25.65,25.78,11095
01/04/2013,25.89,26.22,25.89,26.22,3780
01/07/2013,26.06,26.3,26.01,26.3,3664
01/08/2013,26.17,26.17,26.0401,26.05,4700
01/09/2013,26.15,26.25,26.15,26.25,2399
01/10/2013,26.25,26.36,26.2412,26.25,3412
01/11/2013,26.25,26.25,26.16,26.16,1776
01/14/2013,26.2,26.5,26.2,26.5,1464
01/15/2013,26.49,26.74,26.25,26.3,7677
01/16/2013,26.3,26.3,26,26.06,11956
01/17/2013,26.29,26.29,26.16,26.18,2546
01/18/2013,26.45,26.47,26.18,26.2063,6605
01/22/2013,26.5,26.65,26.37,26.4601,5058
01/23/2013,26.68,26.68,26.4,26.5,2500
01/24/2013,26.54,26.55,26.2,26.2,11039
01/25/2013,26.36,26.36,26.232,26.3,849
01/28/2013,26.3,26.366,26.3,26.366,2012
01/29/2013,26.18,26.2999,26,26,7584
01/30/2013,26.14,26.16,25.78,25.82,2805
01/31/2013,26.06,26.06,26.06,26.06,296
02/01/2013,26.14,26.15,26.14,26.14,3986
02/04/2013,26.039,26.05,26.024,26.024,1508
02/05/2013,26.04,26.04,25.88,25.89,3897
02/06/2013,26.21,26.29,26.21,26.29,800
02/07/2013,26.3,26.3,26.3,26.3,179
02/08/2013,26.53,26.61,26.42,26.42,1100
02/11/2013,26.21,26.21,26,26.03,9304
02/12/2013,25.88,25.996,25.87,25.996,6596
02/13/2013,25.9,25.9399,25.9,25.9399,2611
02/14/2013,25.93,26.01,25.87,25.95,31206
02/15/2013,26.05,26.05,26.0299,26.0299,3758
02/19/2013,26.05,26.06,26.04,26.06,1550
02/20/2013,26.2,26.2,26,26.03,103247
02/21/2013,26.15,26.15,25.83,25.952,8404
02/22/2013,26.05,26.05,25.9,25.92,3000
02/25/2013,26.09,26.11,26.08,26.11,682250
02/26/2013,26.25,26.25,25.93,26.06,3610
02/27/2013,26.29,26.29,26.23,26.23,1481
02/28/2013,26.2,26.28,26.061,26.28,3139
03/01/2013,26.3,26.49,26.3,26.41,1551
03/04/2013,26.45,26.46,26.45,26.46,200
03/05/2013,26.42,26.47,26.42,26.45,1200
03/06/2013,26.45,26.45,26.1305,26.15,3073
03/07/2013,26.178,26.5,26.178,26.45,751
03/08/2013,26.55,26.55,26.2405,26.5,4666
03/11/2013,26.21,26.4,26.21,26.4,2898
03/12/2013,26.52,26.52,26.45,26.5,799
03/13/2013,26.47,26.47,26.47,26.47,200
03/14/2013,26.5,26.5,26.39,26.5,5416
03/15/2013,26.5,26.56,26.3813,26.56,5127
03/18/2013,26.34,26.98,26.34,26.7,1697
03/19/2013,26.69,26.69,26.52,26.5999,1940
03/20/2013,26.75,26.75,26.54,26.62,13890
03/21/2013,26.56,26.68,26.53,26.6,9357
03/22/2013,27.45,27.45,26.77,26.77,5363
03/25/2013,26.78,26.78,26.78,26.78,812
03/26/2013,26.35,26.57,26.35,26.5,3619
03/27/2013,26.5,26.5,26.36,26.48,28710
03/28/2013,26.4,26.5,26.4,26.5,25190
04/01/2013,26.395,26.43,26.395,26.43,304
04/02/2013,26.42,26.43,26.31,26.36,1739
04/03/2013,26.52,26.52,26.52,26.52,103
04/04/2013,26.71,26.7624,26.3201,26.51,3506
04/05/2013,26.54,26.77,26.54,26.6,2374
04/08/2013,26.52,26.62,26.29,26.29,6913
04/09/2013,26.33,26.5283,26.26,26.26,1877
04/10/2013,26.46,26.48,26.1305,26.16,3332
04/11/2013,26.336,26.336,26.2,26.28,800
04/12/2013,26.36,26.38,26.21,26.21,2273
04/15/2013,26.21,26.33,26.2,26.2658,41113
04/16/2013,26.27,26.305,26.18,26.25,2212
04/17/2013,26.14,26.28,26.1,26.1,8723
04/18/2013,26.17,26.229,26.12,26.12,1400
04/19/2013,26.3,26.37,25.94,25.94,54800
04/22/2013,25.9,26.16,25.9,26.1204,44373
04/23/2013,26.11,26.14,26.1099,26.1099,2383
04/24/2013,26.15,26.18,26.03,26.16,3280
04/25/2013,26.24,26.24,26.0944,26.12,2230
04/26/2013,26.17,26.17,26.17,26.17,1100
04/29/2013,26.17,26.26,26.17,26.21,43299
04/30/2013,26.269,26.3967,26.269,26.37,32709
05/01/2013,26.4001,26.42,26.4001,26.42,800
05/02/2013,26.4271,26.7,26.42,26.65,15338
05/06/2013,26.69,26.98,26.53,26.93,6910
05/07/2013,26.96,26.96,26.79,26.95,2494
05/08/2013,27.03,27.69,26.98,27.3,1602
05/09/2013,27.35,27.35,27.0424,27.14,890
05/10/2013,27.39,28.08,27.034,27.034,7664
05/13/2013,27.02,27.1465,26.73,27.05,9889
05/14/2013,26.831,27.15,26.8,27.15,7500
05/15/2013,27,27.09,26.9,27.09,1920
05/16/2013,26.9994,27,26.9994,27,900
05/17/2013,26.82,26.82,26.53,26.65,10853
05/20/2013,26.6201,26.7378,26.6201,26.731,75354
05/21/2013,26.8,27,26.75,27,6283
05/22/2013,27.18,27.34,26.7701,27.25,6982
05/23/2013,26.76,27.34,26.69,27.34,5101
05/24/2013,27.53,27.77,26.95,27.76,31537
05/28/2013,27.74,27.74,27.3,27.34,4806
05/29/2013,27.45,27.61,26.95,27.2999,6819
05/30/2013,27.77,27.82,27.21,27.67,5729
05/31/2013,27.6,27.6,26.3,26.42,6595
06/03/2013,26.67,26.67,25.7,26.59,11093
06/04/2013,26.75,28.54,26.701,27.02,13975
06/05/2013,27.45,27.45,26.37,26.37,60710
06/06/2013,26.02,26.3,26,26.3,6021
06/07/2013,26.49,26.49,26.49,26.49,225
06/10/2013,26.07,26.11,25.9,25.95,5374
06/11/2013,26.08,26.08,25.39,25.5,8164
06/12/2013,25.5,25.5,24.2,24.91,14547
06/13/2013,24.91,25.29,24.42,25.15,88799
06/14/2013,25.66,26.32,25.51,25.51,1751
06/17/2013,26.32,26.32,25.51,25.88,5272
06/18/2013,25.78,26.14,25.74,26.14,6252
06/19/2013,26.33,26.34,25.75,25.82,2596
06/20/2013,25.75,26,25.52,25.75,9446
06/21/2013,25.35,25.8,25.35,25.7,67010
06/24/2013,25.59,26.36,25.54,26.36,8662
06/25/2013,26.08,26.5,25.86,25.86,6852
06/26/2013,26.29,26.29,25.41,25.78,5775
06/27/2013,25.83,26.25,25.83,26.2,2352
07/01/2013,26.0971,26.0971,25.66,25.66,1947
07/02/2013,25.4505,25.63,25.25,25.51,10360
07/03/2013,25.4,25.42,25.4,25.42,400
07/05/2013,25.15,25.639,25.065,25.3,14921
07/08/2013,25.54,25.5598,24.2,24.85,5602
07/09/2013,24.89,25.25,24.89,25.25,84488
07/10/2013,25.25,25.27,25.06,25.06,4480
07/11/2013,25.67,25.6999,25.35,25.41,4104
07/12/2013,25.95,25.96,25.27,25.65,32931
07/15/2013,26.13,26.13,25.74,25.74,1575
07/16/2013,25.75,25.81,25.65,25.72,4570
07/17/2013,25.744,25.744,25.71,25.71,1092
07/18/2013,25.17,25.59,25.17,25.5,1310
07/19/2013,25.31,25.4007,25.31,25.4,449416
07/22/2013,25.45,25.95,25.45,25.95,1100
07/23/2013,25.96,25.96,25.7503,25.7503,1250
07/24/2013,26.18,26.18,25.66,25.69,1676
07/25/2013,25.49,25.68,25.49,25.68,1765
07/26/2013,25.41,25.76,25.41,25.46,7718
07/29/2013,25.58,25.8,25.46,25.7099,5794
07/30/2013,25.5512,25.56,25.48,25.56,3369
07/31/2013,25.46,25.6689,25.46,25.65,558
08/01/2013,25.51,25.51,25.45,25.45,4987
08/02/2013,25.5,25.61,25.45,25.61,2124
08/05/2013,25.45,25.5205,25.45,25.52,1300
08/06/2013,25.51,25.58,25.23,25.5,10996
08/07/2013,25.2401,25.54,25.2401,25.49,2369
08/08/2013,25.27,25.35,25.26,25.35,2184
08/09/2013,25.261,25.35,25.26,25.29,3470
08/12/2013,25.26,25.35,25.21,25.3,3731
08/13/2013,25.2,25.33,25.18,25.1999,2562
08/14/2013,25.19,25.19,24.75,24.75,2227
08/15/2013,24.84,24.84,24.36,24.36,7229
08/16/2013,24.3372,24.38,24.2,24.359,3652
08/19/2013,24.25,24.25,24.05,24.05,1894
08/20/2013,24.54,24.54,24,24.15,1309
08/21/2013,24.1,24.829,24.1,24.5,5856
08/22/2013,24.5,24.5,24.1,24.5,1988
08/23/2013,24.58,24.82,24.1501,24.58,2804
08/26/2013,24.85,24.85,24.23,24.78,603
08/27/2013,24.32,25.31,24.2367,24.9,3013
08/28/2013,24.35,25,24.35,24.92,1062
08/29/2013,24.42,24.8,24.3,24.79,416679
08/30/2013,24.799,24.8,24.599,24.6,1700
09/03/2013,24.55,24.55,24.19,24.364,4925
09/04/2013,24.37,24.37,24.12,24.12,2336
09/05/2013,24.11,24.11,23.81,23.85,4749
09/06/2013,23.9,24.06,23.88,24.06,600
09/09/2013,24.07,24.09,24.07,24.09,1562
09/10/2013,24.07,24.09,24.04,24.04,1350
09/11/2013,23.88,23.95,23.86,23.88,864
09/12/2013,23.91,23.9999,23.91,23.98,3803
09/13/2013,24,24.1,24,24.1,12184
09/16/2013,24.345,24.345,24.15,24.15,1171
09/17/2013,24.16,24.34,24.11,24.28,2338
09/18/2013,24.47,24.67,24.434,24.67,3567
09/19/2013,24.67,25.1699,24.67,25.1699,3100
09/20/2013,24.406,24.95,24.05,24.76,4952
09/23/2013,24.95,24.95,24.81,24.87,2500
09/24/2013,24.846,24.93,24.6504,24.76,13600
09/25/2013,24.92,24.93,24.73,24.93,15616
09/26/2013,24.5,24.73,24.5,24.5356,4154
09/27/2013,24.6,24.69,24.6,24.66,3450
09/30/2013,24.73,24.73,24.69,24.69,830
10/01/2013,24.56,24.69,24.55,24.55,6632
10/02/2013,24.52,24.72,24.52,24.72,114784
10/03/2013,24.45,24.45,24.05,24.05,82697
10/04/2013,24.07,24.15,23.75,23.75,11893
10/07/2013,23.65,23.9,23.48,23.55,62360
10/08/2013,23.11,23.5,23.1,23.19,2715
10/09/2013,23.4,23.59,23.13,23.14,78550
10/10/2013,23.5,23.55,23.34,23.4,6640
10/11/2013,23.5,23.57,23.5,23.52,1617
10/14/2013,23.84,23.88,23.51,23.51,4370
10/15/2013,23.53,23.53,23.12,23.14,29160
10/16/2013,23.5,23.5,22.59,22.89,24594
10/17/2013,22.85,23.22,22.61,22.69,38361
10/18/2013,22.7,23.15,22.7,23.15,414666
10/21/2013,22.96,23.18,22.96,23.04,10924
10/22/2013,23.19,23.4599,23.15,23.43,17557
10/23/2013,23.53,23.53,23.14,23.16,9558
10/24/2013,23.33,23.33,22.93,22.94,18939
10/25/2013,23.119,23.119,22.94,22.95,7275
10/28/2013,23.09,23.21,23.09,23.11,10071
10/29/2013,23.23,23.43,23.22,23.43,12608
10/30/2013,23.4,23.55,23.4,23.5499,3217
10/31/2013,23.749,23.749,23.659,23.66,1365
11/01/2013,23.66,23.75,23.5,23.65,1826
11/04/2013,23.75,24.006,23.75,23.75,1579
11/05/2013,23.95,24.0699,23.75,23.92,5392
11/06/2013,23.9,24.02,23.9,23.92,6808
11/07/2013,24.02,24.659,24.02,24.3,14240
11/08/2013,24.29,24.29,24.15,24.17,8600
11/11/2013,24.17,24.17,24.165,24.17,2600
11/12/2013,24.3,24.389,24.2257,24.23,2464
11/13/2013,24.22,24.23,24.22,24.23,200
11/14/2013,24.15,24.17,24.15,24.15,3500
11/15/2013,24.29,24.29,24.16,24.16,325
11/18/2013,24.11,24.2375,24.11,24.14,2322
11/19/2013,24.14,24.275,24.1,24.275,23121
11/20/2013,24.29,24.29,24.11,24.11,1769
11/21/2013,24,24.27,24,24.27,1768
11/22/2013,24.22,24.27,24.22,24.2637,3374
11/25/2013,24.05,24.15,24.05,24.15,320
11/26/2013,24.2469,24.35,24.2469,24.35,1206
11/27/2013,24.31,24.4,24.31,24.36,4328
12/02/2013,24.26,24.26,24.25,24.25,200
12/03/2013,24.2699,24.2699,24.2,24.25,3100
12/04/2013,24.2,24.45,24.2,24.35,305276
12/05/2013,24.3,24.4183,23.9922,23.9922,8297
12/06/2013,24.06,24.36,24.06,24.29,7500
12/09/2013,24.43,24.5599,24.14,24.35,10719
12/10/2013,24.35,24.45,24.35,24.36,5800
12/11/2013,24.4,24.4,24.37,24.37,2340
12/12/2013,24.31,24.32,24.3,24.3,4297
12/13/2013,24.18,24.45,24.15,24.39,250365
12/16/2013,24.46,24.46,24.46,24.46,200
12/17/2013,24.5799,24.5799,24.35,24.56,3054
12/18/2013,24.42,24.47,24.1,24.47,70738
12/19/2013,24.49,24.5,24.45,24.45,1100
12/20/2013,24.35,24.35,24.0301,24.235,6403
12/23/2013,24.1,24.1,23.98,23.98,7876
12/24/2013,23.86,23.95,23.66,23.7,4507
12/26/2013,23.3,23.63,23.3,23.5,8349
12/27/2013,23.62,23.62,23.24,23.4,9569
12/31/2013,23.13,23.5,22.81,23,5040
01/02/2014,22.6701,23.45,22.6701,23.2,15110
01/03/2014,23.502,23.502,23.25,23.5,2195
01/06/2014,23.32,23.5,23.32,23.4,9958
01/07/2014,23.3,23.3,23.07,23.2504,17195
01/08/2014,23.35,23.35,23.0701,23.33,5939
01/09/2014,23.52,23.52,23.14,23.3,1314
01/10/2014,23.3,23.53,23.28,23.28,10291
01/13/2014,23.4099,23.4596,23.24,23.24,7260
01/14/2014,23.41,23.41,23.02,23.05,22711
01/15/2014,23.15,23.5,23.1,23.35,84220
01/16/2014,23.21,23.35,23.21,23.35,10000
01/17/2014,23.3,23.87,23.3,23.87,9007
01/21/2014,23.88,23.9799,23.8,23.93,6453
01/22/2014,23.98,24.489,23.964,24.25,17123
01/23/2014,24.48,24.789,24.36,24.38,135659
01/24/2014,24.74,24.74,24.51,24.55,11323
01/27/2014,24.7,24.7,24.45,24.45,12821
01/28/2014,24.45,24.54,24.45,24.5,6970
01/29/2014,24.44,24.45,24.4,24.4,25272
01/30/2014,24.39,24.4,24.31,24.4,22957
01/31/2014,24.39,24.39,24.348,24.38,5300
02/03/2014,24.4,24.4,24.1401,24.3,1515
02/04/2014,24.45,24.45,24.25,24.45,7063
02/05/2014,24.2501,24.35,24.25,24.33,6835
02/06/2014,24.739,24.739,24.26,24.26,4399
02/07/2014,24.2,24.399,24.2,24.25,59055
02/10/2014,24.25,24.38,24.25,24.38,420
02/11/2014,24.3,24.4,24.2499,24.38,8609
02/12/2014,24.4,24.43,24.24,24.4,2800
02/13/2014,24.42,24.42,23.87,24.16,7450
02/14/2014,24.25,24.3,24.1601,24.2,18228
02/18/2014,24.39,24.39,24.24,24.24,2180
02/19/2014,24.58,24.58,24.52,24.55,5593
02/20/2014,24.55,24.55,24.41,24.41,6770
02/21/2014,24.51,24.51,24.37,24.37,2265
02/24/2014,24.31,24.4,24.3,24.3,11310
02/25/2014,24.3,24.3015,24.3,24.3015,1250
02/26/2014,24.3,24.45,24.3,24.35,111710
02/27/2014,24.57,24.7,24.48,24.5,156508
02/28/2014,24.4,24.7,24.4,24.5,6540
03/03/2014,24.66,24.68,24.51,24.599,4790
03/04/2014,24.6,24.6,24.27,24.5,14485
03/05/2014,24.36,24.52,24.36,24.382,2375
03/06/2014,24.58,24.64,24.42,24.62,3417
03/07/2014,24.64,24.8,24.51,24.7,3807
03/10/2014,24.7,24.7,24.59,24.59,2000
03/11/2014,24.53,24.68,24.4108,24.66,5147
03/12/2014,24.57,24.699,24.57,24.699,3400
03/13/2014,24.759,24.759,24.601,24.601,2935
03/14/2014,24.759,24.77,24.752,24.77,2055
03/17/2014,24.91,25.1,24.8,25.1,6572
03/18/2014,25.28,26.292,25.1,25.4,13550
03/19/2014,25.8,25.8,25.0501,25.2,10428
03/20/2014,25.18,25.57,25.16,25.31,17003
03/21/2014,25.5,25.5,25.06,25.27,29240
03/24/2014,25.19,25.43,25.18,25.43,29347
03/25/2014,25.41,25.46,25.27,25.43,26117
03/26/2014,25.15,25.42,25.04,25.04,16838
03/27/2014,25.34,25.34,24.89,24.89,15895
03/28/2014,25.08,25.3,25.03,25.2,20731
03/31/2014,25.25,25.289,25.04,25.289,19639
04/01/2014,25.16,25.2,25.05,25.05,6537
04/02/2014,25.14,25.27,25.14,25.2,11361
04/03/2014,25.41,25.45,25.2,25.35,37070
04/04/2014,25.33,25.51,25.33,25.41,16386
04/07/2014,25.29,25.46,25.29,25.35,7355
04/08/2014,25.35,25.479,25.33,25.33,4870
04/09/2014,25.22,25.29,25.2,25.2,7000
04/10/2014,25.0242,25.439,25.0242,25.12,87147
04/11/2014,25.1,25.14,25.1,25.13,16729
04/14/2014,25.21,25.21,25.21,25.21,300
04/15/2014,25.4,25.4,25.4,25.4,200
04/16/2014,25.32,25.519,25.1801,25.1801,19218
04/17/2014,25.17,25.409,25.1501,25.409,6320
04/21/2014,25.4,25.529,25.38,25.49,8184
04/22/2014,25.5699,25.5699,25.32,25.3699,3200
04/23/2014,25.34,25.48,25.3,25.48,50462
04/24/2014,25.56,25.56,25.25,25.27,12293
04/25/2014,25.24,25.39,25.19,25.39,2996
04/28/2014,25.41,25.5242,25.36,25.45,32305
04/29/2014,25.4004,25.7796,25.4,25.73,66118
04/30/2014,25.65,25.77,25.65,25.77,3775
05/01/2014,25.72,25.88,25.7,25.88,31563
05/02/2014,25.896,25.93,25.76,25.93,13313
05/05/2014,25.9,26.04,25.9,26,10543
05/06/2014,25.86,26.15,25.86,25.915,3737
05/07/2014,25.85,25.93,25.75,25.9,10635
05/08/2014,25.72,26,25.72,26,3013
05/09/2014,25.941,25.941,25.85,25.93,1051
05/13/2014,25.9,26,25.9,25.9,5677
05/14/2014,25.77,25.8,25.77,25.8,1300
05/15/2014,25.85,26,25.85,26,984
05/19/2014,25.64,26.079,25.64,26.03,3756
05/21/2014,26.13,26.18,26.13,26.18,300
05/23/2014,26,26,26,26,1000
05/27/2014,26.099,26.099,26.099,26.099,780
05/28/2014,25.9001,26.1729,25.9001,26.15,2044
05/29/2014,26.15,26.25,26.149,26.2,5231
05/30/2014,26.25,26.25,26.152,26.152,2500
06/02/2014,26.17,26.29,26.15,26.2899,6200
06/03/2014,26.27,26.3195,26.2,26.3,9873
06/04/2014,26.2,26.22,25.9601,26.004,11379
06/05/2014,26.24,26.27,26.18,26.269,1710
06/06/2014,26.435,26.4397,26.21,26.4397,3230
06/09/2014,26.2501,26.41,26.2501,26.405,307322
06/10/2014,26.4,26.62,26.4,26.51,59324
06/11/2014,26.5299,26.66,26.45,26.66,34200
06/12/2014,26.46,26.75,26.46,26.75,4400
06/13/2014,26.6,26.919,26.6,26.6105,1300
06/16/2014,26.6138,26.92,26.6138,26.919,742
06/17/2014,26.88,26.92,26.58,26.7999,7952
06/18/2014,26.69,26.879,26.66,26.68,26090
06/19/2014,26.7,26.85,26.6,26.6,10900
06/20/2014,26.77,26.82,26.61,26.61,7207
06/23/2014,26.62,26.84,26.62,26.63,790
06/24/2014,26.7499,26.7499,26.65,26.652,3100
06/25/2014,26.53,26.75,26.53,26.75,6818
06/26/2014,26.55,26.55,26.08,26.16,4800
06/27/2014,26.31,26.49,26.12,26.2,1926
06/30/2014,26.4,26.44,26.07,26.2,4000
07/01/2014,26.39,26.39,26.2,26.35,3775
07/02/2014,26.35,26.43,26.3,26.43,23182
07/07/2014,26.6,26.6,26.55,26.55,22100
07/08/2014,26.5,26.5,26.45,26.45,7100
07/09/2014,26.25,26.35,26.23,26.35,767
07/10/2014,26.5,26.76,26.33,26.33,2206
07/11/2014,26.47,26.75,26.45,26.75,2700
07/14/2014,26.55,26.68,26.55,26.679,1075
07/15/2014,26.66,26.66,26.35,26.35,1857
07/16/2014,26.489,26.489,26.28,26.39,3215
07/17/2014,26.13,26.13,26.11,26.12,2010
07/18/2014,26.32,26.32,26.32,26.32,2400
07/21/2014,26.32,26.32,26.32,26.32,2100
07/22/2014,26.26,26.2745,26.16,26.22,8958
07/23/2014,26.38,26.38,26.38,26.38,200
07/24/2014,26.23,26.57,26.23,26.5599,4988
07/25/2014,26.36,26.36,26.23,26.23,400
07/28/2014,26.581,26.65,26.23,26.59,6440
07/29/2014,26.34,26.62,26.34,26.61,523
07/30/2014,26.2,26.5885,26.02,26.5885,711
07/31/2014,26.54,26.54,26.45,26.45,200
08/01/2014,26.55,26.6399,26.55,26.6399,400
08/04/2014,26.3,26.649,26.1001,26.649,1648
08/05/2014,26.2011,26.2533,26.2011,26.2533,400
08/07/2014,26.63,26.64,26.5,26.5,2400
08/08/2014,26.59,26.61,26.36,26.36,16300
08/11/2014,26.18,26.6446,26.18,26.5,1600
08/12/2014,26.1,26.4999,26.1,26.4999,500
08/13/2014,26.33,26.33,26.2501,26.2501,500
08/14/2014,26.55,26.6499,26.23,26.6458,18000
08/15/2014,26.56,26.56,26.56,26.56,200
08/18/2014,26.6,26.6,26.18,26.324,2476
08/19/2014,26.56,26.58,26.18,26.535,4500
08/20/2014,26.5,26.54,26.27,26.54,3896
08/21/2014,26.32,26.48,26.26,26.48,5543
08/22/2014,26.25,26.25,26.25,26.25,100
08/25/2014,26.33,26.33,26.15,26.15,580
08/26/2014,26.28,26.4347,26.28,26.4347,1646
08/27/2014,26.38,26.3989,26.25,26.25,1700
08/29/2014,26.3,26.42,26.17,26.42,5300
09/02/2014,26.25,26.2501,26.25,26.25,1685
09/03/2014,26.22,26.32,26.03,26.32,14680
09/04/2014,26.1,26.17,26.01,26.01,6200
09/05/2014,25.91,26.142,25.73,26,48455
09/08/2014,25.82,25.95,25.57,25.83,47772
09/09/2014,25.7,25.9,25.33,25.8199,7746
09/10/2014,25.53,25.793,25.3,25.67,5930
09/11/2014,25.47,25.54,25.19,25.35,8750
09/12/2014,25.35,25.4299,25.04,25.4299,8119
09/15/2014,25.5,25.53,25.04,25.51,11496
09/16/2014,25.25,25.53,25.25,25.517,4800
09/17/2014,25.42,25.51,25.37,25.51,6150
09/18/2014,25.6299,25.63,25.6,25.6,1400
09/19/2014,25.7,25.76,25.65,25.65,20704
09/22/2014,25.701,25.85,25.7,25.85,6106
09/23/2014,25.8,25.8,25.65,25.7699,3264
09/24/2014,25.82,25.82,25.806,25.806,401
09/25/2014,25.8,25.8,25.68,25.7958,1340
09/26/2014,25.34,25.42,25.11,25.42,29208
09/29/2014,25.62,25.67,25.47,25.55,4108
09/30/2014,25.65,25.73,25.5,25.6,7443
10/01/2014,25.32,25.6,25.32,25.46,2460
10/02/2014,25.7499,25.7499,25.438,25.7499,875
10/03/2014,25.73,25.7318,25.58,25.7318,425
10/06/2014,25.75,25.75,25.67,25.75,2609
10/07/2014,25.74,25.75,25.714,25.75,401
10/08/2014,25.485,25.8,25.485,25.7999,2375
10/09/2014,25.96,25.97,25.56,25.75,3541
10/10/2014,25.54,26,25.54,26,620
10/13/2014,25.85,25.85,25.81,25.81,416
10/14/2014,25.58,26,25.421,26,1728
10/15/2014,26.3,26.3,25.8,25.8,2845
10/16/2014,25.4201,26.27,25.4201,26.269,1318
10/17/2014,25.5701,25.5701,25.5701,25.5701,500
10/20/2014,26.1599,26.1599,25.87,25.87,509
10/21/2014,25.8542,26.27,25.8542,26.2,1950
10/22/2014,25.9,26,25.9,25.9,3004
10/23/2014,25.86,26.1,25.86,25.8601,3262
10/24/2014,25.7,26.05,25.7,26.05,1990
10/27/2014,25.8299,25.9499,25.74,25.74,6422
10/28/2014,25.73,26.06,25.38,25.56,21126
10/29/2014,25.689,26.24,25.61,26.24,5645
10/30/2014,25.67,25.96,25.5,25.5001,1588
10/31/2014,25.51,25.77,25.3001,25.77,5284
11/04/2014,25.8499,25.85,25.8,25.83,3531
11/05/2014,25.5901,25.86,25.5901,25.8,5013
11/06/2014,25.621,25.621,25.62,25.62,1000
11/07/2014,25.6201,25.63,25.56,25.56,3200
11/10/2014,25.58,25.58,25.5,25.5301,17629
11/11/2014,25.6399,25.6399,25.6399,25.6399,200
11/12/2014,25.75,25.82,25.7033,25.7033,3320
11/13/2014,25.809,25.809,25.78,25.78,1100
11/14/2014,25.621,25.656,25.62,25.62,2300
11/17/2014,25.89,25.89,25.75,25.75,2725
11/18/2014,25.656,25.94,25.656,25.92,2585
11/19/2014,25.94,25.99,25.9162,25.9899,2170
11/20/2014,25.8999,25.8999,25.54,25.7,1552
11/21/2014,25.7,25.7299,25.63,25.63,1240
11/24/2014,25.65,25.79,25.55,25.56,5600
11/25/2014,25.77,25.95,25.7,25.95,2100
11/26/2014,25.75,25.75,25.75,25.75,200
12/01/2014,25.73,25.75,25.73,25.75,1300
12/02/2014,25.84,25.84,25.669,25.669,900
12/03/2014,25.74,25.84,25.67,25.8399,2350
12/04/2014,25.63,25.7,25.62,25.7,800
12/05/2014,25.82,25.89,25.82,25.89,1550
12/08/2014,25.66,26,25.6422,25.75,5240
12/09/2014,25.769,25.77,25.769,25.77,1400
12/10/2014,25.91,25.91,25.91,25.91,400
12/11/2014,25.98,25.99,25.9,25.99,2200
12/12/2014,25.99,26.17,25.66,25.661,3770
12/15/2014,25.9,25.9,25.67,25.67,98981
12/16/2014,25.67,25.94,25.67,25.9399,7619
12/17/2014,25.84,26.1,25.84,25.94,1000
12/18/2014,26.06,26.06,25.751,25.95,2555
12/19/2014,26.03,26.03,25.6901,25.6901,300
12/22/2014,25.8,26.06,25.8,26.06,2468
12/23/2014,26.069,26.54,25.888,26.15,12676
12/24/2014,26.38,26.4,26.38,26.4,450
12/26/2014,26.26,26.26,26.08,26.1,1750
12/29/2014,26.29,26.29,26.19,26.19,1000
12/30/2014,26.4,26.4,26.4,26.4,100
12/31/2014,26.68,26.68,25.98,26.35,4978
01/02/2015,26.1201,26.1201,26.1201,26.1201,200
01/05/2015,26.23,26.42,26.23,26.42,2000
01/06/2015,26.6,26.6,26.22,26.22,1120
01/07/2015,26.2,26.59,26.1301,26.4496,4050
01/08/2015,26.28,26.28,26.25,26.25,1300
01/09/2015,26.71,26.71,26.71,26.71,100
01/12/2015,26.8,26.8,26.75,26.75,1010
01/13/2015,26.72,26.72,26.32,26.32,2900
01/14/2015,26.331,26.43,26.1441,26.43,2178
01/15/2015,26.48,26.48,26.17,26.25,1404
01/16/2015,26.286,26.51,26.286,26.5,870
01/20/2015,26.4999,26.5,26.356,26.356,3287
01/21/2015,26.2601,26.2601,26.2601,26.2601,696
01/22/2015,26.5,26.52,26.5,26.52,1275
01/23/2015,26.76,26.95,26.76,26.85,13880
01/26/2015,26.85,26.96,26.6401,26.786,3670
01/27/2015,27,27.05,26.75,27,1652
01/28/2015,27.0001,27.1,27.0001,27.0813,3190
01/29/2015,27.15,27.15,27.15,27.15,135
01/30/2015,27.15,27.22,27.1,27.22,3722
02/02/2015,27.1,27.15,27.08,27.15,19210
02/04/2015,27.4,27.4,27.1,27.15,5626
02/05/2015,26.87,27.1,26.721,26.721,1750
02/06/2015,27.2,27.2,27.1975,27.1975,914
02/09/2015,27,27.02,27,27.02,800
02/11/2015,27.04,27.1,27.04,27.1,309
02/12/2015,27.44,27.44,27.0001,27.2,3901
02/13/2015,27.21,27.25,26.7,27.25,2000
02/17/2015,27.25,27.25,27.25,27.25,100
02/19/2015,26.71,26.71,26.71,26.71,600
02/20/2015,26.65,26.75,26.3,26.75,1564
02/23/2015,26.989,27,26.89,27,10223
02/24/2015,26.5201,26.5201,26.5201,26.5201,2000
02/25/2015,26.999,27,26.999,27,200
02/26/2015,26.8,26.849,26.8,26.848,1100
03/02/2015,26.49,26.75,26.49,26.7104,1232
03/03/2015,26.31,26.71,26.2501,26.71,1813
03/04/2015,26.603,26.7499,26.26,26.26,2450
03/05/2015,26.32,26.32,26.32,26.32,500
03/06/2015,26.37,26.639,26.37,26.61,4700
03/09/2015,26.6899,26.6899,26.6,26.6,1966
03/10/2015,26.7,26.75,26.579,26.579,1270
03/11/2015,26.75,26.92,26.17,26.2,72050
03/12/2015,26.1,26.672,26.1,26.2205,2353
03/13/2015,26.35,26.35,25.9725,25.9725,416
03/16/2015,26.7,26.89,26.43,26.5,4640
03/17/2015,26.8099,26.8099,26.6,26.6,12650
03/18/2015,26.4201,26.6,26.4,26.6,41282
03/19/2015,26.92,26.92,26.2201,26.85,556
03/20/2015,26.88,26.92,26.77,26.77,950
03/23/2015,26.75,26.8999,26.5,26.5,85342
03/24/2015,26.8999,26.8999,26.674,26.7,1500
03/26/2015,26.603,26.603,26.3,26.383,21275
03/27/2015,26.3,26.3997,26.1,26.14,2970
03/30/2015,26.04,27,25.8,27,10575
03/31/2015,26.504,26.504,26.5,26.5,54200
04/01/2015,26.99,26.99,25.99,25.99,1850
04/02/2015,26.47,26.5399,26.47,26.49,850
04/06/2015,26.49,26.75,26.484,26.75,8149
04/07/2015,26.5,26.7,26.5,26.7,299
04/08/2015,26.541,26.541,26.541,26.541,400
04/09/2015,26.1501,26.1501,26.1501,26.1501,200
04/10/2015,26.7,27,26.1,26.25,93311
04/13/2015,26.5,26.5101,26.25,26.26,34920
04/14/2015,26.25,26.7959,26.25,26.6008,159500
04/15/2015,26.44,26.54,26.36,26.45,5355
04/16/2015,26.43,26.45,26.35,26.35,130100
04/20/2015,26.39,26.4988,26.25,26.4988,2715
04/21/2015,26.081,26.42,26.08,26.3472,18193
04/22/2015,26.15,26.34,26.15,26.25,3425
04/23/2015,26.299,26.2999,26.132,26.2999,3495
04/24/2015,26.18,26.18,26.18,26.18,2300
04/27/2015,26.28,26.28,26.2,26.25,43244
04/28/2015,26.182,26.25,26.0201,26.15,203900
04/29/2015,26.22,26.22,26.05,26.05,8830
05/01/2015,26.27,26.27,26.08,26.08,400
05/04/2015,26.3,26.4225,25.9,25.97,23385
05/06/2015,25.7,25.76,25.64,25.76,1250
05/07/2015,25.9,26.0899,25.9,26.0899,2900
05/08/2015,25.9,25.91,25.8,25.8,5600
05/11/2015,25.61,25.83,25.45,25.8253,7478
05/12/2015,25.72,26.08,25.5,25.5,1300
05/13/2015,25.69,26.096,25.69,25.94,1120
05/14/2015,25.8,25.9,25.7,25.9,11500
05/15/2015,26.16,26.37,25.93,26.2245,6730
05/18/2015,26.1806,26.1806,25.58,25.91,12800
05/19/2015,25.91,26.08,25.91,25.93,5880
05/20/2015,26.3,26.47,25.8,26.46,7224
05/21/2015,26.35,26.35,26.2,26.3,8140
05/22/2015,26.05,26.05,26.05,26.05,100
05/26/2015,25.95,25.95,25.9142,25.9142,1600
05/27/2015,26.33,26.33,26.33,26.33,5900
05/29/2015,26.43,26.43,26.2,26.25,200800
06/01/2015,26.449,26.46,25.916,26.05,4120
06/02/2015,25.748,25.748,25.748,25.748,100
06/03/2015,25.96,26.02,25.96,26.02,1650
06/04/2015,25.8,26.299,25.8,26.299,1726
06/05/2015,26.15,26.15,25.74,25.74,801
06/08/2015,26.1,26.1,25.96,25.96,2100
06/09/2015,25.87,26.319,25.87,26.29,3540
06/10/2015,26.22,26.37,26.22,26.35,7181
06/11/2015,26.1,26.52,26.1,26.4753,7070
06/12/2015,26.66,26.66,26.62,26.66,4170
06/15/2015,25.9601,26.5,25.9601,26.48,1250
06/16/2015,26.47,26.4799,26.3,26.3,1500
06/18/2015,26.4,26.4,26.4,26.4,20000
06/19/2015,26.45,26.45,26.45,26.45,100
06/22/2015,26.03,26.25,25.95,26.06,6618
06/23/2015,26.3,26.3,26.15,26.19,4000
06/24/2015,26.36,26.36,26.2,26.3,6348
06/25/2015,26.12,26.25,26.12,26.23,13097
06/26/2015,25.75,26.08,25.75,26.07,8820
06/29/2015,25.92,25.92,25.82,25.82,2900
06/30/2015,25.8,25.95,25.75,25.95,4407
07/01/2015,25.68,25.89,25.68,25.89,3395
07/02/2015,25.9,26.528,25.74,26.07,83800
07/06/2015,26.388,26.396,25.87,25.87,21928
07/07/2015,25.96,26.22,25.88,26.05,28282
07/08/2015,25.984,26.09,25.8,26,1516
07/09/2015,26.1,26.11,26.1,26.11,300
07/13/2015,26.05,26.14,26,26.05,1100
07/15/2015,26.13,26.2228,25.95,26.12,3833
07/16/2015,26.28,26.28,26.279,26.28,585
07/17/2015,26.0697,26.245,26.0697,26.22,400
07/20/2015,26.42,26.42,26.2886,26.2886,1000
07/21/2015,26.42,26.42,25.93,26.25,4502
07/22/2015,26,26.07,26,26.07,846
07/23/2015,26.05,26.1,25.9,25.9,1054
07/24/2015,25.9156,25.92,25.9,25.92,8100
07/27/2015,26.1,26.2,26.06,26.14,5400
07/28/2015,26.11,26.11,26.11,26.11,100
07/29/2015,26.28,26.3,26.28,26.3,300
07/30/2015,26.3,26.3,26.17,26.17,1190
07/31/2015,26.28,26.28,26,26,13140
08/03/2015,25.9601,26.25,25.9601,26.02,7036
08/04/2015,26.1518,26.1518,26.1518,26.1518,500
08/05/2015,26.23,26.24,25.98,26.11,5214
08/06/2015,26.16,26.2001,26.0001,26.01,6912
08/07/2015,26.11,26.11,26.11,26.11,1300
08/10/2015,26.19,26.19,26.18,26.18,200
08/11/2015,26.25,26.29,26.06,26.06,1302
08/12/2015,26,26.23,25.5601,25.79,39286
08/13/2015,26.14,26.29,26,26,15003
08/14/2015,25.99,26.2,25.95,25.95,1466
08/17/2015,25.94,26.19,25.94,25.94,2400
08/18/2015,25.98,26.0263,25.95,25.98,26698
08/19/2015,25.97,25.97,25.95,25.9501,1600
08/20/2015,25.85,25.9763,25.81,25.9,5962
08/24/2015,25.525,25.93,25.11,25.93,500
08/25/2015,25.41,25.9999,25.3601,25.402,10820
08/26/2015,25.26,25.8141,25.26,25.8141,8850
08/27/2015,25.77,25.78,25.678,25.678,300
08/28/2015,26,26,25.65,25.65,1500
08/31/2015,25.5195,25.87,25.501,25.87,800
09/01/2015,25.65,25.84,25.65,25.7271,1050
09/02/2015,25.83,25.83,25.65,25.65,146500
09/03/2015,25.81,26.35,25.6951,26.35,2263
09/08/2015,25.92,26.15,25.86,25.86,6930
09/09/2015,25.66,25.98,25.2958,25.52,27131
09/10/2015,25.62,25.62,25.38,25.44,22750
09/11/2015,25.6,25.6,25.48,25.59,10200
09/14/2015,25.42,25.545,25.42,25.51,4650
09/15/2015,25.3364,25.82,25.3364,25.6853,1900
09/16/2015,25.626,25.626,25.153,25.38,2070
09/17/2015,25.54,25.71,25.54,25.7,2721
09/18/2015,25.45,25.9435,25.41,25.9435,1156
09/21/2015,25.77,25.77,25.6884,25.6884,600
09/22/2015,25.36,25.75,25.36,25.75,3023
09/23/2015,25.75,26.15,25.6364,25.8,1699
09/24/2015,25.71,26.08,25.71,25.9,4010
09/25/2015,25.96,26.03,25.79,26.0116,3873
09/28/2015,25.39,26.16,25.329,25.3399,1750
09/29/2015,25.1701,25.4079,25.1701,25.4079,1200
09/30/2015,25.2057,25.4,25.2057,25.4,2403
10/01/2015,25.455,25.455,25.1899,25.4481,1318
10/02/2015,25.11,25.11,25.11,25.11,100
10/05/2015,25.576,25.58,25.2,25.42,5608
10/06/2015,25.35,25.8,25.35,25.79,1270
10/07/2015,25.37,25.37,25.37,25.37,100
10/08/2015,25.26,26.35,25.26,25.9,59802
10/09/2015,25.74,25.82,25.47,25.76,86700
10/12/2015,25.76,26,25.76,26,825
10/13/2015,25.93,25.93,25.5001,25.5494,7355
10/14/2015,25.8,25.99,25.55,25.55,19979
10/15/2015,25.96,25.96,25.75,25.75,3049
10/16/2015,25.98,26.19,25.61,25.61,3014
10/19/2015,26.03,26.2,26.03,26.2,400
10/20/2015,25.76,26.197,25.76,26.197,500
10/21/2015,25.8,26.1865,25.72,25.82,996
10/22/2015,25.5,25.95,25.5,25.95,63427
10/23/2015,26.01,26.199,25.9691,26.1352,1725
10/26/2015,25.9654,25.9654,25.9654,25.9654,150
10/27/2015,25.95,26.17,25.95,25.9943,1799
10/28/2015,26.1999,26.2,26.1999,26.2,300
10/29/2015,25.83,25.83,25.83,25.83,500
10/30/2015,25.86,25.86,25.86,25.86,1198
11/03/2015,25.95,26.37,25.95,26.35,110519
11/04/2015,26.36,26.3799,26.33,26.33,311
11/05/2015,25.94,25.94,25.94,25.94,250
11/06/2015,25.9,25.9,25.9,25.9,200
11/09/2015,25.86,25.8992,25.45,25.77,1995
11/10/2015,25.5899,25.75,25.55,25.71,11800
11/11/2015,25.61,26.17,25.6062,26.17,800
11/12/2015,26.2,26.27,25.83,25.83,300
11/13/2015,25.59,25.59,25.59,25.59,200
11/16/2015,25.8917,25.8917,25.8917,25.8917,100
11/17/2015,25.97,25.97,25.82,25.82,1027
11/18/2015,26.1475,26.1475,25.74,25.74,500
11/19/2015,25.62,25.62,25.62,25.62,100
11/24/2015,25.9178,26.1465,25.807,25.807,1000
11/25/2015,25.6149,26.1,25.6149,26.09,715
11/30/2015,25.73,26.83,25.73,26.645,39996
12/01/2015,26.75,26.95,26.6,26.61,36805
12/02/2015,26.75,26.8,26.682,26.7,21726
12/03/2015,26.86,26.875,26.6,26.659,6233
12/04/2015,26.75,26.85,26.61,26.61,11236
12/07/2015,26.75,26.75,26.4,26.401,11230
12/08/2015,26.69,26.73,26.35,26.473,7457
12/09/2015,26.72,26.72,26.5682,26.62,2906
12/10/2015,26.6599,26.6599,26.3,26.65,78150
12/11/2015,26.722,26.722,26.5,26.65,5050
12/14/2015,26.47,26.47,26,26,13716
12/15/2015,26.25,26.26,26.25,26.26,400
12/16/2015,26.5799,26.5799,25.9,25.9,12125
12/17/2015,26.0301,26.05,26.0301,26.04,9477
12/18/2015,26.26,26.7,26,26.21,188720
12/21/2015,26.2399,26.24,26.221,26.221,1810
12/22/2015,26.64,26.6958,26.08,26.2001,23889
12/23/2015,26.59,26.59,26.38,26.5,5151
12/24/2015,26.05,26.36,26.05,26.3,58750
12/28/2015,26.5899,26.5899,26.34,26.5799,1937
12/29/2015,26.59,26.59,26.11,26.54,9628
12/31/2015,26.58,26.87,26.58,26.76,600
01/04/2016,26.5,26.7424,26.2515,26.43,24872
01/05/2016,26.76,26.76,26.33,26.49,25990
01/06/2016,26.58,26.6672,26.2453,26.3,24317
01/07/2016,26.27,26.2853,25.9,25.96,7107
01/08/2016,26.1819,26.25,25.98,26.1385,4000
01/11/2016,26.33,26.33,26.01,26.01,3800
01/12/2016,26.2,26.2,25.95,26.18,9675
01/13/2016,26.139,26.19,25.56,25.654,46980
01/14/2016,25.672,25.672,25.56,25.59,7250
01/15/2016,25.84,25.84,25.6,25.6,18241
01/19/2016,25.72,25.73,25.6,25.6,18536
01/20/2016,25.79,25.85,25.35,25.66,15891
01/21/2016,26.1917,26.1917,25.785,26.13,950
01/22/2016,26.25,26.2999,25.9183,26.15,6124
01/25/2016,26.15,26.225,25.7136,25.87,756
01/26/2016,25.41,26.1799,25.41,26.05,6962
01/27/2016,26,26,25.89,25.93,1033
01/28/2016,26.0987,26.0987,25.5801,25.7686,5986
01/29/2016,26.0563,26.0563,25.77,25.83,900
02/01/2016,25.75,26.2951,25.75,25.96,4213
02/02/2016,25.8505,25.9,25.7185,25.7499,4100
02/03/2016,25.875,25.975,25.849,25.975,1118
02/04/2016,26,26,25.75,25.75,64142
02/05/2016,25.7,26,25.7,25.79,40894
02/08/2016,25.75,25.75,25.75,25.75,1625
02/09/2016,25.8,25.99,25.6,25.94,5412
02/10/2016,25.92,25.93,25.85,25.92,2202
02/11/2016,25.67,25.7,25.65,25.7,6767
02/12/2016,25.92,25.92,25.73,25.7315,4170
02/16/2016,25.86,25.95,25.7821,25.95,2400
02/17/2016,25.95,26.04,25.95,26.04,3132
02/18/2016,25.835,26.04,25.6,26.01,56420
02/19/2016,26.04,26.31,26,26.31,3364
02/22/2016,26.2,26.22,26,26,4700
02/23/2016,26,26.205,25.76,26.01,4273
02/24/2016,26.1118,26.3,26.1118,26.3,1192
02/25/2016,25.81,25.993,25.75,25.8,392903
02/26/2016,26.29,26.29,26.2,26.21,2200
02/29/2016,26.35,26.35,26.35,26.35,1900
03/01/2016,25.95,26.69,25.95,26.5088,6220
03/02/2016,26.47,26.47,26.2,26.3878,24014
03/03/2016,26.5,26.71,26.36,26.71,1850
03/04/2016,26.7,26.7,26.5,26.68,800
03/07/2016,26.77,26.77,26.6,26.7112,3243
03/08/2016,26.7,26.7,26.27,26.5,3311
03/09/2016,26.6854,26.6854,26.4,26.5001,4665
03/10/2016,26.7,26.75,26.12,26.5,35636
03/11/2016,26.68,26.68,26.2018,26.6214,1950
03/14/2016,26.274,26.7599,26.274,26.31,2075
03/15/2016,26.42,26.6,26.08,26.2,2819
03/16/2016,26.45,26.45,26.2001,26.405,650
03/17/2016,26.6,26.6,26.22,26.5,7410
03/18/2016,26.1904,26.585,26.1904,26.585,1675
03/21/2016,26.58,26.76,26.58,26.6,1200
03/22/2016,26.68,26.68,26.65,26.65,200
03/23/2016,26.73,26.8,26.72,26.8,4508
03/24/2016,26.88,26.89,26.5748,26.87,2985
03/28/2016,26.61,26.89,26.0501,26.22,6446
03/29/2016,26.41,26.665,26.41,26.665,790
03/30/2016,26.71,26.71,26.6,26.6,1008
03/31/2016,26.244,26.4216,26.11,26.39,4488
04/01/2016,26.3483,26.3483,26.3483,26.3483,100
04/04/2016,26.2,26.268,26.0801,26.15,2067
04/05/2016,26.0501,26.456,26.0501,26.456,1125
04/06/2016,26.4,26.4,26.12,26.186,500
04/07/2016,26.29,26.29,26.12,26.26,750
04/08/2016,26.56,26.56,26.2125,26.26,25600
04/11/2016,26.45,26.5785,26.22,26.39,4800
04/12/2016,26.4,26.4,26.23,26.26,3939
04/13/2016,26.26,26.26,26.25,26.26,600
04/14/2016,26.27,26.51,26.11,26.35,9504
04/15/2016,26.33,26.33,26.2,26.2,2016
04/18/2016,26.26,26.26,26.18,26.18,5890
04/19/2016,26.37,26.37,26.283,26.3199,2587
04/20/2016,26.19,26.35,26.19,26.35,2620
04/21/2016,26.36,26.36,26.15,26.18,8003
04/22/2016,26.18,26.21,26.18,26.2088,6500
04/25/2016,26.31,26.374,26.31,26.374,2376
04/26/2016,26.3549,26.4199,26.3146,26.4199,2868
04/27/2016,26.46,26.49,26.17,26.44,1800
04/28/2016,26.4196,26.4196,26.29,26.3,1800
04/29/2016,26.34,26.45,26.34,26.4,500
05/02/2016,26.4,26.4,26.3399,26.37,450
05/03/2016,26.2884,26.2884,26.28,26.28,752
05/04/2016,26.2,26.2799,26.1301,26.255,3391
05/05/2016,26.45,26.48,26.24,26.24,3100
05/06/2016,26.24,26.4299,26.2301,26.26,5160
05/09/2016,26.2301,26.415,26.2301,26.25,3050
05/10/2016,26.35,26.355,26.26,26.355,1046
05/11/2016,26.4699,26.5,26.33,26.35,1947
05/12/2016,26.33,26.4193,26.2,26.2,4300
05/13/2016,26.24,26.25,26.2,26.2,1700
05/16/2016,26.22,26.3298,26.2,26.2,7900
05/17/2016,26.4,26.4,26.13,26.2,15346
05/18/2016,26.2057,26.405,26.1,26.1399,33312
05/19/2016,26.12,26.14,26.02,26.02,2961
05/20/2016,25.99,26.17,25.982,26.08,3951
05/23/2016,26.125,26.1601,25.76,26.1,3481
05/24/2016,25.8799,26.03,25.8799,25.89,2649
05/25/2016,26,26.206,26,26.01,27200
05/26/2016,25.8301,26.33,25.7601,25.9301,12740
05/27/2016,25.9199,26.2,25.9199,26.2,400
05/31/2016,25.98,26.3,25.98,26,40270
06/01/2016,25.92,26.18,25.91,26.18,3925
06/02/2016,26.08,26.1901,26.0499,26.11,5875
06/03/2016,26,26,25.86,25.95,975
06/06/2016,26.07,26.1601,26.04,26.1,7533
06/07/2016,26.1,26.2,26.1,26.15,1256
06/08/2016,26.08,26.2036,26.01,26.05,5025
06/09/2016,26.09,26.1582,26.08,26.13,5660
06/10/2016,26.19,26.19,26.15,26.15,15750
06/13/2016,26.16,26.3,26.1,26.1,6110
06/14/2016,26.11,26.11,25.95,26.04,2000
06/15/2016,26.3699,26.37,26.01,26.2273,3556
06/16/2016,26.1,26.29,26.1,26.2,1343
06/17/2016,26.08,26.08,26.08,26.08,300
06/20/2016,26.11,26.2514,26.11,26.12,2024
06/21/2016,26.13,26.2999,26.13,26.21,5000
06/22/2016,26.2347,26.28,26.1401,26.28,1657
06/23/2016,26.2999,26.2999,26.14,26.17,2725
06/24/2016,25.95,26.29,25.95,26.1,2850
06/27/2016,26.03,26.23,25.86,25.86,75583
06/28/2016,25.65,25.823,25.65,25.75,18579
06/29/2016,25.83,25.93,25.825,25.93,2100
06/30/2016,25.9912,25.9999,25.97,25.9999,900
07/01/2016,25.94,25.99,25.85,25.9193,2335
07/05/2016,25.85,25.9301,25.7341,25.8999,1090
07/06/2016,25.79,25.87,25.79,25.86,6931
07/07/2016,26.0399,26.0399,25.8223,25.8223,4055
07/08/2016,25.97,26.021,25.84,25.84,6555
07/11/2016,25.91,26.0882,25.91,25.9178,2260
07/12/2016,26.09,26.09,25.98,25.98,2750
07/13/2016,26.01,26.01,25.98,25.98,1300
07/14/2016,26,26.04,26,26.04,200
07/15/2016,26.08,26.08,25.91,25.91,1376
07/18/2016,25.9821,25.999,25.974,25.974,685
07/19/2016,26.06,26.06,25.8101,25.93,18179
07/20/2016,25.89,26,25.86,25.87,13511
07/21/2016,25.88,25.92,25.82,25.82,4225
07/22/2016,25.78,25.99,25.78,25.9,10920
07/25/2016,25.87,25.99,25.81,25.82,4008
07/26/2016,25.9211,26.0179,25.9211,25.9699,2500
07/27/2016,25.821,25.97,25.821,25.97,600
07/28/2016,25.79,25.9899,25.78,25.9899,1300
07/29/2016,25.85,25.9599,25.81,25.81,1650
08/01/2016,25.82,25.92,25.82,25.92,600
08/02/2016,25.79,25.97,25.79,25.959,6018
08/03/2016,25.85,26.1,25.85,26.1,13697
08/04/2016,26.247,26.2599,26.2,26.23,5700
08/05/2016,26.001,26.234,26.001,26.149,9460
08/08/2016,26.26,26.26,26.08,26.08,9810
08/09/2016,26.13,26.1578,26.1,26.1578,3450
08/10/2016,26.21,26.25,26.1502,26.25,800
08/11/2016,26.2429,26.25,26.117,26.117,3350
08/12/2016,26.24,26.25,26.23,26.24,1736
08/15/2016,26.1846,26.28,26.184,26.25,6884
08/16/2016,26.27,26.28,26.0499,26.05,21107
08/17/2016,26.1074,26.228,26.1074,26.228,1825
08/18/2016,26.128,26.128,26.0201,26.0201,220
08/19/2016,26.07,26.1105,26.07,26.0903,610
08/22/2016,26.25,26.28,26.1,26.28,1676
08/23/2016,26.23,26.23,26.11,26.22,1201
08/24/2016,26.25,26.25,26.1701,26.2,2700
08/25/2016,26.17,26.17,26.08,26.15,1915
08/26/2016,26.0801,26.2384,26.0801,26.2384,4363
08/29/2016,26.1001,26.12,26.1,26.1,1347
08/30/2016,26.1461,26.1461,26.1,26.1,4472
09/01/2016,26.1,26.1,26.1,26.1,1175
09/02/2016,26.1,26.1,26.05,26.06,2234
09/06/2016,26.06,26.06,25.87,25.87,16875
09/07/2016,25.905,26,25.9001,25.99,2200
09/08/2016,25.9299,26.02,25.9,25.9,4339
09/09/2016,25.89,25.9,25.849,25.849,4301
09/12/2016,25.75,25.75,25.75,25.75,1000
09/13/2016,25.99,25.99,25.93,25.95,3000
09/14/2016,25.81,25.8926,25.81,25.823,1169
09/15/2016,25.93,26.04,25.8761,25.9927,6391
09/16/2016,25.98,26.2557,25.98,26.23,6131
09/19/2016,26.236,26.236,26.236,26.236,1100
09/20/2016,25.8,26.26,25.8,25.92,7717
09/21/2016,25.96,25.9765,25.8749,25.8749,4300
09/22/2016,25.96,25.989,25.9281,25.935,1764
09/23/2016,26,26.0427,25.88,25.89,6831
09/26/2016,25.985,26.1096,25.71,25.77,16434
09/27/2016,25.85,25.88,25.83,25.83,4500
09/28/2016,25.69,25.69,25.54,25.54,6100
09/29/2016,25.6,25.65,25.53,25.54,3812
09/30/2016,25.56,25.56,25.55,25.55,2143
10/03/2016,25.57,25.5746,25.5501,25.5501,1150
10/04/2016,25.604,25.604,25.55,25.55,655
10/05/2016,25.55,25.55,25.55,25.55,200
10/06/2016,25.5727,25.5727,25.5727,25.5727,100
10/07/2016,25.53,25.53,25.45,25.5264,2235
10/10/2016,25.5,25.5286,25.5,25.5286,300
10/11/2016,25.4606,25.4606,25.4606,25.4606,150
10/13/2016,25.31,25.4,25.28,25.4,2617
10/14/2016,25.46,25.5195,25.44,25.5195,3559
10/17/2016,25.53,25.6699,25.53,25.6699,2901
10/18/2016,25.75,25.78,25.7244,25.78,1904
10/19/2016,25.577,25.577,25.5,25.5,699
10/20/2016,25.7599,25.7599,25.7599,25.7599,100
10/21/2016,25.5255,25.5938,25.49,25.5,3899
10/24/2016,25.5,25.7399,25.5,25.62,1800
10/25/2016,25.5485,25.74,25.5485,25.74,675
10/26/2016,25.5695,25.5695,25.5695,25.5695,300
10/27/2016,25.5,25.7103,25.5,25.67,1774
10/28/2016,25.67,25.73,25.67,25.7066,1650
10/31/2016,25.588,25.7,25.5602,25.7,1680
11/01/2016,25.51,25.51,25.51,25.51,750
11/02/2016,25.692,25.692,25.692,25.692,341
11/03/2016,25.5,25.5,25.5,25.5,373339
11/04/2016,25.662,25.662,25.662,25.662,100
11/07/2016,25.5,25.5,25.5,25.5,350
11/08/2016,25.55,25.6836,25.55,25.6836,684
11/09/2016,25.67,25.74,25.6,25.73,8478
11/10/2016,25.72,25.77,25.636,25.77,5880
11/11/2016,25.75,25.8501,25.6816,25.8,7968
11/14/2016,25.7721,25.87,25.69,25.69,5133
11/15/2016,25.76,25.76,25.63,25.7127,2800
11/16/2016,25.79,25.88,25.7,25.7845,15100
11/17/2016,25.85,25.85,25.64,25.65,10400
11/18/2016,25.77,25.78,25.4719,25.5,251920
11/21/2016,25.75,25.75,25.475,25.5,33176
11/22/2016,25.55,25.75,25.5,25.74,3637
11/23/2016,25.7,25.74,25.46,25.6,4279
11/25/2016,25.7264,25.7264,25.5743,25.5743,300
11/28/2016,25.69,25.71,25.55,25.6118,82250
11/29/2016,25.64,25.71,25.37,25.71,86280
11/30/2016,25.69,25.75,25.65,25.7,37940
12/01/2016,25.7,25.7399,25.45,25.4705,5732
12/02/2016,25.67,25.7,25.36,25.7,4275
12/05/2016,25.73,25.735,25.505,25.735,4809
12/06/2016,25.6,25.6819,25.58,25.61,35913
12/07/2016,25.67,25.72,25.55,25.699,1800
12/08/2016,25.584,25.7075,25.57,25.6453,3620
12/09/2016,25.69,25.75,25.68,25.71,5905
12/12/2016,25.7,25.844,25.5,25.5,2580
12/13/2016,25.61,25.8299,25.61,25.82,7548
12/14/2016,25.68,25.7621,25.68,25.7621,3050
12/15/2016,25.6,25.7816,25.55,25.7816,3840
12/16/2016,25.81,25.8286,25.6328,25.8286,2565
12/19/2016,25.6998,25.88,25.6998,25.765,9979
12/20/2016,25.7563,25.7563,25.71,25.71,1471
12/21/2016,25.68,25.685,25.51,25.51,13206
12/22/2016,25.5437,25.58,25.4,25.4,93239
12/23/2016,25.41,25.544,25.3,25.35,44653
12/27/2016,25.48,25.65,25.48,25.65,11965
12/28/2016,25.41,25.41,25.2,25.2,1890
12/29/2016,25.27,25.3107,25.2,25.2,5201
12/30/2016,25.3433,25.35,25.219,25.219,1065
01/03/2017,25.3,25.3,25.25,25.25,4488
01/04/2017,25.3,25.327,25.21,25.21,1865
01/05/2017,25.4511,25.4511,25.2877,25.2877,2198
01/06/2017,25.38,25.38,25.2866,25.2866,1200
01/09/2017,25.2701,25.507,25.27,25.27,3216
01/10/2017,25.31,25.475,25.31,25.3934,905
01/11/2017,25.31,25.66,25.29,25.36,6839
01/12/2017,25.43,25.44,25.37,25.37,6351
01/13/2017,25.5,25.5,25.35,25.37,1550
01/17/2017,25.41,25.49,25.37,25.46,800
01/18/2017,25.38,25.429,25.37,25.4,12090
01/19/2017,25.4,25.499,25.4,25.499,4292
01/20/2017,25.45,25.45,25.45,25.45,100
01/23/2017,25.4286,25.4286,25.4286,25.4286,500
01/24/2017,25.4742,25.5574,25.352,25.362,3217
01/25/2017,25.36,25.4158,25.36,25.4158,351
01/26/2017,25.38,25.56,25.36,25.56,400
01/27/2017,25.41,25.41,25.3965,25.3965,3200
01/30/2017,25.4,25.503,25.29,25.3672,234475
01/31/2017,25.49,25.5,25.3301,25.3545,3631
02/01/2017,25.45,25.45,25.3,25.31,8900
02/02/2017,25.31,25.379,25.31,25.31,2360
02/03/2017,25.4,25.4,25.3216,25.3216,900
02/06/2017,25.3958,25.4,25.3958,25.4,865
02/07/2017,25.3539,25.39,25.33,25.36,76897
02/08/2017,25.31,25.31,25.31,25.31,3150
02/09/2017,25.37,25.37,25.26,25.3,4890
02/10/2017,25.32,25.36,25.28,25.35,42396
02/13/2017,25.3306,25.4188,25.3306,25.34,585
02/14/2017,25.32,25.3454,25.32,25.33,1300
02/15/2017,25.39,25.39,25.31,25.33,5800
02/16/2017,25.33,25.44,25.2618,25.34,45619
02/17/2017,25.3903,25.3903,25.33,25.33,850
02/21/2017,25.34,25.35,25.34,25.34,900
02/22/2017,25.34,25.37,25.33,25.34,1750
02/23/2017,25.35,25.389,25.33,25.33,1600
02/24/2017,25.3849,25.3849,25.34,25.34,1194
02/27/2017,25.34,25.34,25.34,25.34,252
02/28/2017,25.44,25.4699,25.3417,25.35,2905
03/01/2017,25.35,25.48,25.35,25.48,2814
03/02/2017,25.37,25.4,25.37,25.4,2900
03/03/2017,25.394,25.4548,25.394,25.44,1440
03/06/2017,25.41,25.41,25.36,25.36,4709
03/07/2017,25.36,25.391,25.36,25.37,1900
03/08/2017,25.36,25.37,25.36,25.36,696
03/09/2017,25.3601,25.4022,25.34,25.34,3750
03/10/2017,25.3776,25.38,25.32,25.33,6638
03/13/2017,25.45,25.48,25.45,25.4601,49831
03/14/2017,25.46,25.48,25.46,25.47,23322
03/15/2017,25.47,25.48,25.47,25.48,5254
03/16/2017,25.47,25.4735,25.47,25.47,23450
03/17/2017,25.47,25.48,25.47,25.48,44152
03/20/2017,25.48,25.485,25.48,25.48,5800
03/21/2017,25.48,25.4908,25.48,25.48,6661
03/22/2017,25.48,25.492,25.48,25.492,2700
03/23/2017,25.48,25.48,25.48,25.48,21500
03/24/2017,25.48,25.49,25.48,25.483,122300
03/27/2017,25.4918,25.5,25.482,25.5,33558
03/28/2017,25.1,25.48,25.053,25.053,250244
03/29/2017,25.0832,25.0832,25.0832,25.0832,1197
03/30/2017,25.12,25.1399,25.077,25.12,3400
03/31/2017,25.09,25.09,25.07,25.07,3000
04/03/2017,25.0701,25.25,25.0701,25.25,1076
04/04/2017,25.24,25.25,25.2,25.2,7909
04/05/2017,25.18,25.2,25.16,25.2,13300
04/06/2017,25.2,25.2,25.1369,25.2,4290
04/07/2017,25.2,25.29,25.14,25.29,6503
04/10/2017,25.1,25.21,25.07,25.1312,5324
