01/07/2005,2000,2000,2000,2000,300
01/12/2005,2500,2500,2500,2500,100
01/18/2005,2500,2500,2500,2500,1800
01/28/2005,2500,2500,2000,2000,22075
02/07/2005,1500,3000,1500,3000,7162
02/08/2005,1500,3000,1500,1500,3000
02/15/2005,1500,1500,1500,1500,4000
02/17/2005,1500,4000,1500,3000,6800
02/18/2005,1500,1500,1500,1500,400
02/22/2005,1500,1500,1500,1500,400
03/16/2005,1500,1500,1500,1500,200
03/24/2005,1500,1500,1500,1500,700
04/04/2005,1500,1500,1500,1500,7500
04/05/2005,1500,1500,1500,1500,5400
04/08/2005,1500,1500,1500,1500,9000
04/14/2005,1500,1500,1500,1500,151
04/27/2005,1500,1500,1500,1500,1000
05/23/2005,1500,1500,1500,1500,6026
06/07/2005,1500,1500,1500,1500,800
06/09/2005,1500,1500,1500,1500,1250
06/10/2005,1500,1500,1500,1500,1000
06/20/2005,1500,1500,1500,1500,635
07/05/2005,1500,1500,1500,1500,6000
07/15/2005,1500,1500,1500,1500,100
07/18/2005,1500,1500,1500,1500,4000
07/19/2005,1500,1500,1500,1500,400
07/21/2005,1500,1500,1500,1500,1000
08/04/2005,1500,1500,1500,1500,1000
08/08/2005,1500,1500,1500,1500,1000
08/10/2005,1500,1500,1500,1500,200
08/17/2005,1500,1500,1500,1500,400
08/24/2005,1500,1500,1500,1500,200
09/02/2005,1500,1500,1500,1500,500
09/06/2005,1500,1500,1500,1500,250
09/12/2005,1500,1500,1500,1500,2000
09/21/2005,1500,1500,1500,1500,100
09/28/2005,1500,1500,1500,1500,15333
09/29/2005,1500,1500,1500,1500,1860
10/10/2005,1500,1500,1500,1500,536
10/13/2005,1500,1500,1500,1500,5000
10/21/2005,1270,1270,1270,1270,2400
10/25/2005,1270,1270,1270,1270,185
10/27/2005,1270,1270,1270,1270,1200
10/31/2005,1270,1270,1270,1270,600
11/02/2005,1270,1270,1270,1270,4829
11/04/2005,1270,1270,1270,1270,800
11/08/2005,1270,1270,1270,1270,200
11/10/2005,1270,1270,1270,1270,240
11/28/2005,1200,1200,1200,1200,55000
12/06/2005,1200,1200,1200,1200,500
12/27/2005,1200,1200,1200,1200,2000
12/28/2005,1200,1200,1200,1200,100
12/29/2005,1200,1200,1200,1200,3600
12/30/2005,1200,1200,1200,1200,404
01/06/2006,1200,1200,1200,1200,7000
01/10/2006,1200,1200,1200,1200,600
01/12/2006,1200,1200,1200,1200,1000
01/13/2006,1200,1200,1200,1200,1000
01/19/2006,1200,1200,1200,1200,800
02/01/2006,1200,1200,1200,1200,200
02/06/2006,1200,1200,1000,1000,14853
02/09/2006,1000,1000,1000,1000,100
02/10/2006,1000,1000,1000,1000,188
02/13/2006,1000,1000,1000,1000,5360
03/03/2006,1000,1000,1000,1000,500
03/16/2006,1000,1000,1000,1000,7500
03/30/2006,1000,1000,1000,1000,200
04/05/2006,1000,1000,1000,1000,1000
04/20/2006,1000,1000,1000,1000,500
05/01/2006,1600.0001,2000,1600.0001,2000,60000
05/02/2006,2000,4000,2000,4000,11000
05/12/2006,3000,3000,1000,1000,136000
08/09/2006,200,200,200,200,200
08/10/2006,570,600,520,520,51500
08/14/2006,560,1100,560,1050,39650
08/16/2006,500,600,500,600,1900
08/17/2006,530,1030,530,1030,10000
08/18/2006,260,260,260,260,10000
08/22/2006,400,550,350,390,31400
08/24/2006,400,450,300,300,49100
08/28/2006,350,350,260,260,7315
08/29/2006,350,350,260,260,10540
08/30/2006,260,260,260,260,2300
08/31/2006,340,400,270,270,28880
09/01/2006,350,400,305,400,58415
09/05/2006,400,550,350,350,24115
09/06/2006,390,420,390,410,20500
09/07/2006,420,420,390,420,24945
09/08/2006,450,450,390,400,6400
09/11/2006,420,450,310,340,559976
09/12/2006,350,350,210,250,481456
09/13/2006,250,250,200,225,99000
09/14/2006,240,240,220,230,56200
09/15/2006,240,240,210,210,22600
09/18/2006,200,200,200,200,2500
09/19/2006,200,200,160,170,149231
09/20/2006,190,210,190,210,128490
09/21/2006,250,340,250,300,241400
09/22/2006,320,350,270,320,66176
09/25/2006,300,330,290,290,17600
09/26/2006,330,330,200,200,126365
09/27/2006,190,190,150,150,96132
09/28/2006,150,160,140,160,66900
09/29/2006,160,160,130,160,26400
10/02/2006,160,160,110,110,231210
10/03/2006,120,150,110,110,136940
10/04/2006,110,120,100,105,114200
10/05/2006,105,105,80,80,143397
10/06/2006,80,80,30,30,427536
10/09/2006,50,50,50,50,16000
10/10/2006,50,70,50,65,176525
10/11/2006,70,70,65,65,64500
10/12/2006,58,58,55,55,9994
10/16/2006,60,65,60,65,16100
10/17/2006,70,70,70,70,55000
10/18/2006,60,65,60,65,6940
10/19/2006,80,80,60,60,9600
10/20/2006,70,70,70,70,13000
10/23/2006,70,80,60,60,146994
10/26/2006,70,70,70,70,775
10/27/2006,70,70,70,70,1500
10/30/2006,70,85,65,65,261500
10/31/2006,65,70,45,50,578300
11/01/2006,60,60,40,42,226000
11/02/2006,45,50,45,50,15500
11/03/2006,60,70,35,49,872150
11/06/2006,70,85,35,40,365950
11/07/2006,60,60,40,40,212500
11/08/2006,40,40,35,40,459750
11/09/2006,35,40,30,35,278625
11/10/2006,35,40,35,40,55100
11/13/2006,35,35,30,30,639803
11/14/2006,35,35,12,12,1252575
11/15/2006,15,25,15,20,104200
11/16/2006,20,21,19,19,21000
11/17/2006,25,30,20,30,83000
11/21/2006,25,25,25,25,5030
11/22/2006,35,35,22,25,92540
11/24/2006,22,22,22,22,20000
11/27/2006,30,30,22,22,35000
11/28/2006,22,22,22,22,500
11/29/2006,22,22,22,22,21460
11/30/2006,22,22,22,22,6250
12/01/2006,22,25,22,25,23750
12/04/2006,24,25,24,25,123225
12/05/2006,25,25,25,25,1600
12/11/2006,25,25,25,25,6003
12/12/2006,25,29,25,29,102100
12/13/2006,29,30,25,30,128015
12/14/2006,30,30,20,20,742985
12/15/2006,20,20,20,20,27000
12/18/2006,15,15,10,15,287200
12/20/2006,10,15,10,15,47039
12/27/2006,12,50,12,12,9242
12/28/2006,20,30,20,30,3348
12/29/2006,20,20,20,20,2578
01/03/2007,20,20,20,20,100
01/04/2007,30,30,20,30,88050
01/05/2007,30,60,25,30,565131
01/08/2007,40,40,20,25,358865
01/09/2007,30,40,18,23,1390568
01/10/2007,25,30,10,15,927879
01/11/2007,14,17,10,12,696877
01/12/2007,12,13,9,12,1925424
01/16/2007,11,12,8,8,517610
01/17/2007,8,10,8,10,425750
01/18/2007,10,11,7,11,65630
01/19/2007,10,13,10,12.2,259600
01/22/2007,13,14,12.2,13,182000
01/23/2007,13,13,12,12,75000
01/24/2007,12,12,8,9,2367030
01/25/2007,9.5,9.5,9,9,50500
01/26/2007,8.8,9,8,8.5,358800
01/30/2007,8,8,8,8,160000
01/31/2007,10,10,10,10,20000
02/01/2007,8,8,8,8,1060
02/02/2007,9,11,7,7,1513955
02/05/2007,10,11,10,11,80000
02/06/2007,11,11,10,10.5,255576
02/07/2007,11,11,9,9,295700
02/08/2007,9,9,8,8,429040
02/09/2007,8,8,5,6,1602840
02/12/2007,5,7,5,7,349130
02/13/2007,7,7,5,6,400000
02/14/2007,6,6,5,6,220100
02/20/2007,9,9,6,6,18100
02/21/2007,6,6,6,6,303
02/23/2007,6,10,6,7,2225940
02/26/2007,7,14,5.1,7,13336196
02/27/2007,6.5,9,4.5,8,4077987
02/28/2007,7,7,4.5,5.5,2225888
03/01/2007,5,5,2.5,3,3465229
03/02/2007,3.5,3.5,2.2,2.2,3734768
03/05/2007,2.2,3,2,2,4655100
03/06/2007,2.5,2.5,2,2,1665000
03/07/2007,1.6,1.8,1.2,1.5,2475600
03/08/2007,1.6,1.7,1.2,1.5,1007500
03/09/2007,1.5,2.2,1.1,2,6669000
03/12/2007,1.2,1.4,1.2,1.2,4000000
03/13/2007,1.4,1.4,1,1,4485000
03/14/2007,1.4,1.5,0.5,0.9,11644900
03/15/2007,1.3,1.4,1,1,10888981
03/16/2007,1,1.3,0.6,1,9414923
03/20/2007,250,250,100,100,681
03/21/2007,10,16,7,12,3480032
03/22/2007,13,19,10,14,2756371
03/23/2007,14,15,11,15,193330
03/26/2007,11,15,10,14,380400
03/27/2007,14,14,14,14,2000
03/28/2007,11,11,8,8,995400
03/29/2007,8,8,8,8,93709
03/30/2007,8,11,7,10,702059
04/02/2007,10,10,6,8,1124010
04/03/2007,8,9,5,8,954911
04/04/2007,8,17,7.9,17,8465983
04/05/2007,16,17,6,6.5,12884018
04/09/2007,7.1,7.1,3,3.5,6441240
04/10/2007,4,5,4,4.3,846731
04/11/2007,4,5.5,2.8,3,10230587
04/12/2007,3.1,3.1,2,2,14422141
04/13/2007,1.7,2,1.2,1.5,10800442
04/16/2007,1.7,1.7,1.1,1.1,17185732
04/17/2007,1.5,1.5,1.3,1.3,886000
04/18/2007,1.3,1.4,1.1,1.3,4689600
04/19/2007,1.3,1.3,1.1,1.3,3486699
04/20/2007,1.1,1.2,1,1.2,816421
04/23/2007,1.1,1.2,1.1,1.1,6204688
04/24/2007,1.1,1.3,1.1,1.1,4075000
04/25/2007,1,1.5,1,1.2,21168430
04/26/2007,1,1.3,1,1,2907000
04/27/2007,1,1.3,0.9,1.3,6242098
04/30/2007,1.3,1.3,0.8,0.8,2700000
05/01/2007,0.9,1.3,0.8,1,3064433
05/02/2007,1,1.1,0.7,1,2725000
05/03/2007,0.8,1.7,0.5,0.7,80818655
05/04/2007,0.9,0.9,0.6,0.7,11335000
05/07/2007,0.7,0.7,0.5,0.5,8215833
05/08/2007,0.4,0.6,0.4,0.5,532633
05/09/2007,0.6,1.2,0.5,0.6,71365205
05/10/2007,0.7,0.7,0.4,0.5,25606779
05/11/2007,0.5,0.5,0.4,0.5,2867000
05/14/2007,0.5,0.7,0.5,0.6,5226000
05/15/2007,0.5,0.6,0.4,0.4,11960955
05/16/2007,0.4,0.5,0.3,0.4,8838500
05/17/2007,0.4,0.6,0.4,0.4,5366000
05/18/2007,0.4,0.5,0.4,0.4,11524000
05/21/2007,0.5,0.6,0.4,0.4,8525000
05/22/2007,0.4,0.5,0.3,0.3,21974500
05/23/2007,0.3,0.4,0.2,0.3,21645000
05/24/2007,0.3,0.4,0.2,0.3,27473332
05/25/2007,0.3,0.3,0.2,0.2,219800
05/29/2007,0.2,0.3,0.2,0.3,7190000
05/30/2007,0.2,0.4,0.2,0.2,53021500
05/31/2007,0.2,0.2,0.1,0.2,164792350
06/01/2007,0.2,0.2,0.1,0.2,37252400
06/04/2007,0.2,0.2,0.2,0.2,900000
06/05/2007,0.2,0.2,0.2,0.2,6000000
06/06/2007,0.1,0.2,0.1,0.1,27473500
06/07/2007,0.2,0.2,0.2,0.2,1800000
06/08/2007,0.2,0.2,0.2,0.2,825000
06/11/2007,0.2,0.2,0.1,0.1,10991270
06/12/2007,0.1,0.2,0.1,0.2,3609100
06/13/2007,0.2,0.2,0.2,0.2,100000
06/14/2007,0.2,0.2,0.1,0.2,1920000
06/18/2007,0.1,0.2,0.1,0.1,19020100
06/20/2007,0.1,0.2,0.1,0.1,31254154
06/21/2007,0.2,0.2,0.1,0.1,7958700
06/22/2007,0.1,0.1,0,0,1869146
06/25/2007,0.1,0.2,0.1,0.2,105100
06/28/2007,0.2,0.2,0.2,0.2,539800
07/02/2007,0.1,0.2,0.1,0.2,820100
07/03/2007,0.2,0.2,0.2,0.2,500000
07/05/2007,0.1,0.2,0.1,0.1,1013630
07/06/2007,0.2,0.2,0.1,0.2,7275000
07/09/2007,0.2,0.2,0.1,0.1,206737969
07/10/2007,0.2,0.2,0.1,0.1,9325000
07/11/2007,0.1,0.1,0.1,0.1,3160910
07/12/2007,0.1,0.1,0.1,0.1,13300000
07/13/2007,0.1,0.2,0.1,0.1,302453686
07/16/2007,0.2,0.2,0.1,0.2,1037929551
07/17/2007,0.2,0.4,0.1,0.2,968616318
07/18/2007,0.2,0.2,0.1,0.2,115819094
07/19/2007,0.2,0.2,0.1,0.1,482107371
07/20/2007,0.2,0.2,0.1,0.2,218995598
07/23/2007,0.2,0.2,0.1,0.2,45489400
07/24/2007,0.2,0.2,0.2,0.2,9412700
07/25/2007,0.1,0.2,0.1,0.1,5228626
07/26/2007,0.2,0.2,0.1,0.1,16900000
07/27/2007,0.1,0.2,0.1,0.1,49588149
07/30/2007,0.2,0.2,0.1,0.2,14810000
07/31/2007,0.2,0.2,0.1,0.2,52876000
08/01/2007,0.2,0.2,0.2,0.2,19914999
08/02/2007,0.2,0.2,0.1,0.2,47724000
08/03/2007,0.2,0.2,0.1,0.2,75244728
08/06/2007,0.2,0.3,0.1,0.2,421537034
08/07/2007,0.2,0.3,0.2,0.3,287806133
08/08/2007,0.2,0.3,0.1,0.2,213259770
08/09/2007,0.2,0.3,0.2,0.3,156735867
08/10/2007,0.3,0.3,0.2,0.3,50232808
08/13/2007,0.3,0.3,0.2,0.3,59301245
08/14/2007,0.3,0.3,0.2,0.2,95842003
08/15/2007,0.3,0.3,0.2,0.2,137463150
08/16/2007,0.2,0.2,0.2,0.2,71193210
08/17/2007,0.2,0.2,0.1,0.2,127873893
08/22/2007,240,240,50,60,165397
08/23/2007,65,110,65,90,71686
08/24/2007,90,170,90,170,89897
08/27/2007,170,180,110,170,51398
08/28/2007,140,210,135,170,179826
08/29/2007,180,180,170,180,40117
08/30/2007,180,180,150,180,39146
08/31/2007,150,180,150,150,5337
09/04/2007,150,150,80,125,253099
09/05/2007,110,110,80,80,102147
09/06/2007,75,80,60,70,156682
09/07/2007,60,70,50,70,101751
09/10/2007,70,70,40,70,7760
09/11/2007,50,70,50,60,27676
09/12/2007,50,60,40,60,35123
09/13/2007,50,80,40,70,129526
09/14/2007,80,80,20,30,778553
09/17/2007,30,30,12,14,1466778
09/18/2007,23,24,14,15,544471
09/19/2007,15,15,5,5,1060508
09/20/2007,6,8,5,6,1187911
09/21/2007,7,7,1.8,4,1666874
09/24/2007,3.5,7,3.5,4,1292080
09/25/2007,2,4,2,4,122997
09/26/2007,4,4,2,3,808904
09/27/2007,3,3,3,3,100
09/28/2007,3,7,2,4,1460065
10/01/2007,3.5,3.5,3.5,3.5,100
10/02/2007,4,4,3.5,3.5,21000
10/03/2007,4,4,4,4,50000
10/04/2007,3.5,4,3,4,80925
10/05/2007,3,4,3,3,40300
10/08/2007,3,4,3,3,295516
10/09/2007,3,3,3,3,100
10/10/2007,4,4,3,3,7333
10/11/2007,3,3,1.8,3,1379500
10/12/2007,2,3.5,2,3.5,5349
10/15/2007,3.5,3.5,2,2,15557
10/16/2007,3.5,3.5,3.5,3.5,14000
10/17/2007,3.5,3.5,3.4,3.4,20000
10/18/2007,2,3.4,2,3.4,200
10/19/2007,3.4,3.4,2,3.4,15372
10/22/2007,2,3.4,2,3.2,31093
10/24/2007,2,2,1.3,1.3,264750
10/25/2007,2,2,1.3,2,164800
10/26/2007,1.5,2,1.5,2,140600
10/29/2007,1.1,1.9,1.1,1.9,36200
10/30/2007,1.1,1.1,1.1,1.1,100
10/31/2007,1.1,2,1.1,2,300
11/01/2007,2,2,2,2,1000
11/02/2007,2,2,1.1,1.1,20100
11/05/2007,1.1,1.1,1.1,1.1,12184
11/06/2007,1.2,2,1.2,2,76666
11/07/2007,2,6.5,2,5,1372541
11/08/2007,6,6,3,3,319700
11/09/2007,3,3,2.5,2.5,20000
11/13/2007,3,3,3,3,18000
11/14/2007,1.5,1.5,1.2,1.2,96801
11/15/2007,2,3,2,3,31401
11/16/2007,2,2,2,2,100
11/19/2007,2,2,2,2,100
11/20/2007,3,3,3,3,128666
11/21/2007,3,3,2,3,150229
11/26/2007,3,3,2,2,22113
11/27/2007,3,3,2,2,190368
11/29/2007,2.1,3,2.1,3,20100
11/30/2007,2.1,3,2.1,2.1,61132
12/03/2007,2.1,2.1,1.1,1.1,228834
12/04/2007,2,2,1.1,1.1,10600
12/05/2007,1.1,1.1,1.1,1.1,200
12/06/2007,1.1,1.1,1.1,1.1,270
12/07/2007,1.1,1.1,1.1,1.1,15500
12/10/2007,1.6,1.6,0.6,0.7,818933
12/11/2007,0.7,1.2,0.7,1.2,25200
12/12/2007,0.7,1,0.7,1,525500
12/14/2007,0.8,0.8,0.8,0.8,200
12/17/2007,0.8,0.8,0.8,0.8,200
12/18/2007,1.2,1.2,0.8,0.8,25997
12/19/2007,0.8,1.2,0.7,0.7,6533
12/20/2007,0.7,0.8,0.7,0.7,100200
12/21/2007,0.7,0.8,0.7,0.8,1133
12/24/2007,0.7,0.8,0.7,0.7,51133
12/26/2007,0.7,0.7,0.7,0.7,833
12/27/2007,0.7,0.8,0.7,0.7,149767
12/28/2007,0.7,0.7,0.7,0.7,1201
12/31/2007,0.7,0.7,0.7,0.7,516
01/02/2008,0.7,0.7,0.7,0.7,200
01/03/2008,0.7,0.7,0.7,0.7,67603
01/10/2008,0.6,0.6,0.6,0.6,9343
01/15/2008,0.6,0.6,0.6,0.6,500
01/23/2008,1,1.4,1,1.4,50100
01/24/2008,1,1.4,1,1.4,20000
01/25/2008,1.4,1.4,1.4,1.4,5714
01/28/2008,1.4,1.4,1.4,1.4,1000
01/30/2008,1.4,2,1.4,2,30000
01/31/2008,2.5,3,1,1,32542
02/05/2008,1.3,1.3,1.3,1.3,100
02/07/2008,2,14,2,5,1708587
02/08/2008,5,7,2,5,685506
02/11/2008,5,5,3,3,203000
02/13/2008,2,6,2,3.5,524400
02/14/2008,3.6,4,3.6,4,3850
02/15/2008,4,4.1,3.5,3.5,286850
02/20/2008,3.5,3.5,2.5,2.5,60100
02/22/2008,5,5,5,5,6000
02/26/2008,5,5,5,5,7400
02/27/2008,2.5,2.5,2.5,2.5,23400
02/28/2008,2.5,2.5,2,2,22500
03/03/2008,2,2,2,2,100
03/04/2008,2,2,2,2,100
03/10/2008,3,3,3,3,266
03/11/2008,3.6,6,3.6,5,207684
03/12/2008,5,5,4,5,55100
03/13/2008,4,4,4,4,2550
03/18/2008,4,4,4,4,10000
03/19/2008,3,3,3,3,10895
03/20/2008,3,5,0.6,0.6,1320121
04/02/2008,600,650,600,650,1374
04/04/2008,550,550,550,550,956
04/09/2008,560,560,560,560,760
04/11/2008,560,560,560,560,645
04/17/2008,560,560,560,560,323
04/18/2008,560,560,355,400,62433
04/21/2008,400,420,355,360,177000
04/22/2008,357.5,445,357.5,430,6987214
04/23/2008,480,540,430,525,4445570
04/24/2008,550,950,550,890,4468285
04/25/2008,980,1040,440,520,7655056
04/28/2008,555,590,385,385,9849518
04/29/2008,405,435,150,170,14842922
04/30/2008,185,190,155,185,4655449
05/01/2008,190,205,170,190,2516603
05/02/2008,190,190,170,175,1058008
05/05/2008,175,180,165,165,1040243
05/06/2008,175,175,105,125,4227350
05/07/2008,140,145,105,145,1585578
05/08/2008,165,165,135,144.9,1718898
05/09/2008,145,145,105,125,670775
05/12/2008,120,120,70,93,1208656
05/13/2008,93,93,70,75,893981
05/14/2008,77,90,70,80,1494216
05/15/2008,88,90,70,75,1663538
05/16/2008,70,80,70,75,249779
05/19/2008,80,85,68,70,362398
05/20/2008,80,80,65,70,188580
05/21/2008,73,73,65,70,143165
05/22/2008,65,75,55,65,366170
05/23/2008,65,65,50,50,329033
05/27/2008,55,70,55,59,240734
05/28/2008,60,65,55,55,327407
05/29/2008,59,59,55,56,139302
05/30/2008,59,59,53,53,141150
06/02/2008,59,59,51,51,111011
06/03/2008,58,58,50,50,255072
06/04/2008,50,50.1,45,45,187257
06/05/2008,50,50,41,45,199934
06/06/2008,40,45,38,40,386300
06/09/2008,45,50,40,40,166146
06/10/2008,36,40,32.5,39,193003
06/11/2008,35.7,50,32.5,49,126551
06/12/2008,49,49,41,45,87560
06/13/2008,45.5,45.5,45,45,83000
06/16/2008,45,45,40.5,42.5,258587
06/17/2008,40.5,45,40.5,40.6,54459
06/18/2008,40.5,44,40.5,44,53317
06/19/2008,40.5,44,40.5,40.5,23050
06/20/2008,40.5,40.5,40.5,40.5,10450
06/23/2008,43,45,40,40,122727
06/24/2008,40,40,35,40,116749
06/25/2008,45,48,40,40,100370
06/26/2008,40,45,40,40,63500
06/27/2008,35,45,35,40,18609
06/30/2008,40,40,39,39,137257
07/01/2008,40,40,35,39,84986
07/02/2008,40,45,35,38,101269
07/03/2008,38,38,38,38,15000
07/07/2008,39,39,35,37,41850
07/08/2008,35,35,31,34,55577
07/09/2008,31,34,31,33,34360
07/10/2008,31,37,25,25,122422
07/11/2008,30,30,20,20,270450
07/14/2008,20,25,20,24.9,104860
07/15/2008,20,21,20,20,56100
07/16/2008,20,24,20,20,22600
07/17/2008,24,40,21,23,143356
07/18/2008,23,23,23,23,2500
07/21/2008,40,40,23,27.5,66600
07/22/2008,40,40,30,30,11735
07/23/2008,40,40,30,30,125000
07/24/2008,32,37.5,32,34,82900
07/25/2008,35,35,35,35,16433
07/28/2008,38,40,30,38,73000
07/29/2008,31,31,31,31,26490
07/30/2008,31,40,31,40,12182
07/31/2008,40,40,31,31,22565
08/01/2008,31,31,31,31,6500
08/04/2008,31,38,31,38,15804
08/05/2008,39,39,32,32,21050
08/06/2008,31,39,31,39,20375
08/07/2008,31,39,31,32,20900
08/08/2008,39,39,35,35,32660
08/11/2008,35,35,31,31,9077
08/12/2008,45,45,35,35,4400
08/13/2008,40,40,31,40,23920
08/15/2008,40,40,31,40,50000
08/18/2008,31,31,31,31,6200
08/19/2008,33,33,31,31,10900
08/20/2008,31,40,31,31,22000
08/21/2008,31,31,31,31,4800
08/22/2008,31,31,31,31,8400
08/25/2008,31,31,31,31,7000
08/26/2008,31,40,31,40,10650
08/27/2008,40,40,31,35,7209
08/28/2008,40,40,33,33,28161
08/29/2008,33,37,33,37,8050
09/02/2008,37,37,37,37,1000
09/03/2008,37,37,25,25,137776
09/04/2008,27,35,27,35,14500
09/05/2008,35,35,25,25,71650
09/08/2008,25,40,20,35,188348
09/09/2008,25,25,20,25,106750
09/10/2008,20,20,20,20,25000
09/11/2008,25,30,20,25,65700
09/12/2008,25,25,25,25,116852
09/15/2008,21,25,21,25,47811
09/16/2008,20,25,20,25,86222
09/17/2008,25,25,15,20,400048
09/18/2008,22,24,15,15,367697
09/19/2008,16,17,16,17,16500
09/22/2008,20,20,20,20,8318
09/23/2008,24,24,17,17,273724
09/24/2008,17,20,15,15,78000
09/25/2008,16,16,13,13,815353
09/26/2008,12,12,11,11,250000
09/29/2008,13,13,11,11,111285
09/30/2008,13,13,11,11,16500
10/01/2008,11,12,11,12,93700
10/02/2008,12,12,12,12,45000
10/03/2008,12,12,11,12,17050
10/07/2008,11,11,11,11,74475
10/08/2008,11,13,11,13,53000
10/09/2008,12,13,12,13,97600
10/10/2008,13,25,13,15,63025
10/13/2008,20,20,20,20,12700
10/14/2008,20,20,15,20,114905
10/15/2008,15,20,15,20,148036
10/16/2008,16,25,15,20,29815
10/17/2008,20,20,20,20,5000
10/20/2008,15,20,15,15,203950
10/21/2008,13,20,13,15,6350
10/22/2008,15,15,15,15,20000
10/23/2008,15,19,15,15,67715
10/24/2008,15,15,15,15,17100
10/27/2008,15,16,15,16,30996
10/28/2008,16,16,16,16,300
10/29/2008,16,20,15,15,32100
10/30/2008,20,20,13,16,76400
10/31/2008,20,20,15,15,18500
11/03/2008,11,20,11,20,3144
11/04/2008,20,20,20,20,1000
11/05/2008,20,20,11,20,56700
11/06/2008,12.5,18.5,12.5,15,190037
11/10/2008,13,13,12.5,12.5,5500
11/11/2008,12.5,12.5,12.5,12.5,12000
11/12/2008,17.5,17.5,12.5,12.5,58000
11/13/2008,12.5,15,12.5,15,60000
11/14/2008,12.5,12.5,12.5,12.5,4800
11/17/2008,12.5,12.5,12.5,12.5,9450
11/18/2008,12.5,13,12,12,107919
11/19/2008,11,11,11,11,500
11/20/2008,11,14,11,11,73284
11/21/2008,10,10,10,10,775
11/25/2008,10,10,10,10,428
11/26/2008,11,11,10,10,18600
11/28/2008,10,10,10,10,6000
12/01/2008,10,10,10,10,25000
12/02/2008,10,10,10,10,21100
12/03/2008,10,10,10,10,14460
12/04/2008,12.5,12.5,12.5,12.5,600
12/05/2008,10,10,10,10,5932
12/08/2008,10,12.5,10,12.5,20500
12/09/2008,11,11,10,10,49738
12/10/2008,10,10,10,10,5000
12/12/2008,12.5,12.5,12.5,12.5,4000
12/15/2008,12.5,12.5,10,12.5,93829
12/16/2008,12.5,12.5,12.5,12.5,6500
12/17/2008,12.5,12.5,12.5,12.5,4550
12/18/2008,12.5,15,10,10,58000
12/19/2008,10,20,10,20,46666
12/22/2008,20,20,10,20,57120
12/23/2008,20,20,10,19.5,65104
12/24/2008,19.5,19.5,19.5,19.5,3000
12/26/2008,19.5,19.5,11,11,302998
12/29/2008,11,11,11,11,1000
12/30/2008,11,11,11,11,20000
12/31/2008,11,11,10,11,164379
01/02/2009,10,10,10,10,2226
01/06/2009,11,15,11,15,56000
01/07/2009,10,10,10,10,500
01/08/2009,15,15,15,15,2000
01/09/2009,15,15,12,12,60718
01/12/2009,12,12,12,12,3335
01/13/2009,15,15,15,15,100
01/14/2009,12,12,12,12,1000
01/15/2009,12,12,12,12,6775
01/16/2009,12,12,12,12,400
01/20/2009,12,12,12,12,125000
01/21/2009,10,12,10,12,11500
01/22/2009,12,14,12,14,30000
01/29/2009,10,12.5,9,12.5,180234
02/02/2009,10,12,6,10,181446
02/03/2009,12.5,12.5,12.5,12.5,4000
02/04/2009,6,12.5,6,12.5,1200
02/05/2009,7,12.5,7,12.5,8999
02/09/2009,12.5,12.5,12.5,12.5,5000
02/10/2009,6,12.5,6,6,85300
02/13/2009,6,6,6,6,6500
02/17/2009,12.5,12.5,6,6,6500
02/18/2009,6,6,6,6,4850
02/19/2009,6,6,6,6,29000
02/23/2009,6,6,6,6,5000
02/27/2009,6,6,6,6,33500
03/03/2009,6,6,6,6,6057
03/05/2009,6,6,6,6,5300
03/12/2009,6,6,6,6,1000
03/13/2009,6,6,6,6,2800
03/16/2009,6.5,6.5,6.5,6.5,6305
03/17/2009,6.5,6.5,6.5,6.5,2351
03/18/2009,6.5,6.5,6.5,6.5,550
03/19/2009,6,6,6,6,15041
03/20/2009,5,6,5,6,87000
03/23/2009,5,5,5,5,15000
03/24/2009,5,5,5,5,18000
03/26/2009,5,6,5,6,110200
04/01/2009,6,6,5,5,10250
04/03/2009,5,5,5,5,5000
04/08/2009,5,5,5,5,39500
04/13/2009,5,5,4,4.5,20900
04/14/2009,4.5,5,4.5,4.5,13000
04/15/2009,4.5,4.5,4.5,4.5,10000
04/16/2009,4.5,4.5,4.5,4.5,400
04/20/2009,4,4,4,4,1700
04/24/2009,4,4,4,4,106459
04/28/2009,4,4,4,4,12000
05/01/2009,4.1,5,4.1,5,31000
05/05/2009,4.1,4.1,4.1,4.1,160
05/06/2009,4.1,4.1,4.1,4.1,300
05/07/2009,4.1,4.1,4.1,4.1,500
05/08/2009,4.1,4.1,4.1,4.1,1072
05/11/2009,4.1,5,4,4,117050
05/12/2009,4,4,4,4,2600
05/13/2009,4,4,4,4,4000
05/15/2009,4,4,4,4,30000
05/18/2009,4,4,4,4,117083
05/22/2009,3,3,3,3,3590
05/28/2009,3,3,3,3,71409
06/01/2009,3,3,3,3,3700
06/03/2009,5,6,5,5.5,129353
06/05/2009,6,6,6,6,44000
06/09/2009,6,6,6,6,20000
06/12/2009,3.5,3.5,3.5,3.5,5899
06/15/2009,3.7,3.7,3.7,3.7,5899
06/23/2009,3.8,3.8,3.8,3.8,500
06/25/2009,3.8,3.8,3.8,3.8,2200
06/29/2009,3.8,3.8,3.8,3.8,11300
07/01/2009,3,3,3,3,24000
07/06/2009,3,3,3,3,76130
07/07/2009,3,3,3,3,100033
07/08/2009,4,4,4,4,3480
07/09/2009,4,4,4,4,2300
07/10/2009,3,3,3,3,51500
07/13/2009,3,3,3,3,7000
07/21/2009,3,3,2,3,179500
07/22/2009,3,4,2,2,138935
07/28/2009,2,2,2,2,100
07/29/2009,2,4,2,4,59100
07/30/2009,2,2,2,2,1450
08/03/2009,2,4,2,4,122765
08/04/2009,4,18.5,4,18,127740
08/05/2009,18.5,18.5,5,7.5,88001
08/06/2009,10,19.5,10,19.5,135500
08/07/2009,19.5,19.5,19.5,19.5,3925
08/10/2009,18,19,15,15,98499
08/12/2009,16,20,15,19,60580
08/13/2009,15,16,15,16,6250
08/14/2009,16,18,16,16,36500
08/17/2009,16,18,16,17,19851
08/18/2009,17,17,17,17,5000
08/20/2009,10,17,10,17,11000
08/24/2009,15,19,15,19,10250
08/25/2009,20,20,17,20,39000
08/27/2009,17,20,17,17.2,9000
08/31/2009,17.2,17.2,17.2,17.2,16000
09/01/2009,17.2,17.2,17.2,17.2,5000
09/02/2009,24,24,15,16.5,18566
09/03/2009,16.5,25,16.5,25,114620
09/04/2009,22,22,22,22,10000
09/08/2009,21,25,20,22,29900
09/09/2009,10,15,10,15,16379
09/10/2009,15,15,6,6,360000
09/11/2009,20,20,20,20,9000
09/14/2009,20,20,6.6,10,64694
09/15/2009,10.5,20,10.5,20,1100
09/16/2009,10.5,20,10.5,20,17026
09/18/2009,11.1,19,11.1,19,16184
09/21/2009,15,15,15,15,7340
09/22/2009,15,15,15,15,10100
09/24/2009,12,12,12,12,12428
09/25/2009,12,12,12,12,3900
09/28/2009,12,12.1,12,12,34500
09/30/2009,12,12,12,12,5500
10/08/2009,11,11,11,11,160
10/09/2009,11,11,11,11,10000
10/12/2009,11,11,11,11,4200
10/13/2009,8.2,8.2,8,8,144600
10/14/2009,8.2,8.2,8.2,8.2,2000
10/15/2009,7.3,7.3,7,7,17000
10/16/2009,6,6,6,6,166077
10/19/2009,4.2,4.2,2,3.8,1816620
10/20/2009,5,5,4,4,384900
10/23/2009,3.1,3.1,3.1,3.1,11400
10/26/2009,3.1,3.1,3.1,3.1,1000
10/29/2009,5,5,5,5,25000
10/30/2009,5,5,3.1,3.1,79444
11/02/2009,4.5,7.5,4.5,7.5,50923
11/05/2009,3.3,3.3,3.3,3.3,2500
11/06/2009,6.9,6.9,6.8,6.8,15000
11/09/2009,5.5,5.5,5.5,5.5,15000
11/11/2009,4.5,4.5,4.5,4.5,194
11/13/2009,3.3,3.3,3.3,3.3,40000
11/20/2009,3.5,3.5,3.5,3.5,500
11/27/2009,4,4,4,4,1000
11/30/2009,4,4,4,4,15000
12/02/2009,4,4,4,4,100
12/03/2009,4,4,3.5,3.5,32201
12/04/2009,5,5,5,5,10000
12/07/2009,3.5,3.5,3.5,3.5,1000
12/08/2009,3.5,3.5,3.5,3.5,1500
12/09/2009,3.5,3.5,3.5,3.5,300
12/11/2009,3.5,3.5,3.5,3.5,1000
12/14/2009,3.5,3.5,3.5,3.5,20000
12/16/2009,4,4,4,4,13000
12/17/2009,4,4,4,4,10000
12/23/2009,4,4,4,4,1000
12/24/2009,3.5,3.5,3.5,3.5,4800
12/28/2009,3.5,3.5,3.5,3.5,18905
12/29/2009,3.5,3.5,3.5,3.5,4150
12/30/2009,3.5,3.5,3.5,3.5,2300
12/31/2009,3.5,3.5,3.5,3.5,13646
01/04/2010,3.5,3.5,3.5,3.5,27118
01/05/2010,3.5,3.5,3.5,3.5,11626
01/06/2010,3.5,3.5,3.5,3.5,2650
01/13/2010,3.5,3.5,2.3,2.3,25100
01/14/2010,3.5,5,3.5,5,34445
01/15/2010,5,5,5,5,5000
01/20/2010,5,5,5,5,48556
01/21/2010,3.9,3.9,3.9,3.9,1000
01/27/2010,3.9,3.9,3.5,3.5,25000
01/28/2010,3.5,3.5,3.5,3.5,25000
01/29/2010,3.5,3.5,3.5,3.5,1500
02/09/2010,3.5,3.5,3.5,3.5,2000
02/10/2010,3.5,3.5,3.5,3.5,6650
02/17/2010,5,6.5,3.5,6.5,93500
02/18/2010,3.6,3.6,3.6,3.6,50000
02/22/2010,5,5,5,5,44000
02/24/2010,5,5,5,5,3000
02/26/2010,6.3,6.3,6.3,6.3,15000
03/01/2010,6.1,6.1,6.1,6.1,25000
03/02/2010,5.2,5.2,5.2,5.2,15000
03/04/2010,6,6,6,6,20000
03/08/2010,5.2,5.2,5.2,5.2,500
03/10/2010,6,6,5.2,5.2,22607
03/12/2010,6.3,6.8,6.3,6.8,24600
03/15/2010,6.8,6.8,5.2,5.2,89999
03/16/2010,5.2,5.2,5.2,5.2,7500
03/17/2010,5.2,7.9,5,7.9,56000
03/19/2010,9.8,9.8,9.8,9.8,10000
03/22/2010,5.2,9.5,5.2,9.5,87351
03/23/2010,5.2,5.2,5.2,5.2,234
03/24/2010,9.5,9.5,5.2,5.2,40427
03/25/2010,9,9,5.2,9,31962
03/26/2010,9,9,5.4,9,35000
03/29/2010,5.4,8.9,5.4,8.9,33500
03/30/2010,8.9,8.9,8.9,8.9,5000
03/31/2010,5.4,8,5.4,8,10800
04/01/2010,5.4,8,5.4,8,15500
04/06/2010,8,8,8,8,51666
04/08/2010,7.9,7.9,6.5,6.5,11370
04/09/2010,6.5,6.5,6.5,6.5,10000
04/13/2010,7.9,7.9,7.9,7.9,3000
04/14/2010,7.9,7.9,7.9,7.9,73000
04/15/2010,7.9,7.9,7.9,7.9,5000
04/19/2010,7.8,7.8,7.5,7.5,11000
04/21/2010,6.6,6.6,6.6,6.6,542
04/23/2010,6.6,7.5,6.6,6.6,14300
04/26/2010,7,7.1,7,7.1,69000
04/27/2010,6.5,8.5,6.5,8.5,9000
04/28/2010,8.5,8.9,8.5,8.9,90000
04/29/2010,7,7,7,7,46000
05/03/2010,9.8,9.8,9.8,9.8,14700
05/04/2010,7,7,7,7,10000
05/06/2010,7,8,7,8,4200
05/07/2010,7.8,9.2,7.8,9.2,172000
05/10/2010,9.1,9.1,8,9,54754
05/11/2010,9.1,9.7,9.1,9.7,41779
05/12/2010,8,8,8,8,30000
05/13/2010,7,7,7,7,27000
06/01/2010,7.5,7.5,7.5,7.5,33909
06/02/2010,2,9,2,8.5,29621
06/04/2010,8.5,8.5,8.5,8.5,10000
06/07/2010,8.5,8.5,8.5,8.5,25000
06/08/2010,8,8,8,8,7000
06/09/2010,8.5,8.5,8.5,8.5,105000
06/10/2010,5,8.5,5,8.5,5885
06/11/2010,8.4,8.4,8.4,8.4,10000
06/15/2010,5,5,5,5,1201
06/17/2010,8.4,8.4,8.4,8.4,2000
06/18/2010,5,8.4,5,8.4,6000
06/22/2010,5.1,8,4,4,213910
07/29/2010,0.035,0.035,0.035,0.035,100
11/09/2010,0.01,0.01,0.01,0.01,100
01/04/2011,0.02,0.02,0.02,0.02,157
01/05/2011,0.02,0.02,0.02,0.02,138
06/08/2011,0.05,0.05,0.05,0.05,292
09/23/2011,4.95,4.95,4.95,4.95,100
09/30/2011,1.01,1.01,1.01,1.01,150
10/20/2011,1.01,1.01,1.01,1.01,184
10/25/2011,1.01,1.01,1.01,1.01,231
10/27/2011,6,6,6,6,500
10/28/2011,5.58,5.98,5.02,5.98,1053
11/29/2011,3.02,3.02,3.02,3.02,100
01/10/2012,1.21,1.21,1.21,1.21,154
01/19/2012,4.05,4.05,4.05,4.05,300
