01/03/2005,17.69,17.69,17.18,17.3,16970
01/04/2005,17.15,17.62,16.79,17.07,17774
01/05/2005,16.75,17.1,16.68,16.75,22826
01/06/2005,16.96,17.44,16.95,17.2,10580
01/07/2005,17.45,17.45,16.89,16.9,13080
01/10/2005,16.65,17.27,16.65,16.84,13422
01/11/2005,16.84,16.91,16.75,16.83,6083
01/12/2005,17,17.1,16.73,16.9,10287
01/13/2005,16.88,17,16.7,17,13450
01/14/2005,17,17.25,16.75,17.25,12244
01/18/2005,17.115,17.59,16.88,17.41,32927
01/19/2005,17.57,17.79,17.17,17.35,13735
01/20/2005,17.09,17.36,16.87,16.9,17913
01/21/2005,17.15,17.15,16.44,16.64,24949
01/24/2005,17.05,17.05,16.48,16.73,5386
01/25/2005,16.95,16.95,16.37,16.87,12354
01/26/2005,16.95,17.34,16.64,17.34,8953
01/27/2005,16.82,17.35,16.75,17.3,4376
01/28/2005,16.68,17.35,16.68,17.29,5512
01/31/2005,17.1,17.4,17.1,17.4,11395
02/01/2005,17.25,17.5,17.08,17.3,32483
02/02/2005,17.54,17.54,16.75,17.45,68030
02/03/2005,17.22,17.45,16.95,17.45,7000
02/04/2005,17.22,17.55,17.17,17.5,18867
02/07/2005,17.5,17.5,17.01,17.14,25662
02/08/2005,16.96,17.33,16.92,17.33,12900
02/09/2005,17.319,17.4,16.73,16.86,32931
02/10/2005,17.13,17.13,16.45,17.11,16052
02/11/2005,16.9,17.35,16.66,17.28,10133
02/14/2005,17.24,17.25,16.89,17.13,5733
02/15/2005,17.02,17.2,16.93,17.2,13585
02/16/2005,16.85,17.2,16.85,17.15,10699
02/17/2005,17.18,17.2,16.94,17.14,9986
02/18/2005,17.23,17.23,16.91,17.15,8663
02/22/2005,16.92,17.19,16.76,17.14,14665
02/23/2005,17.24,17.24,16.9,17.1,7408
02/24/2005,17.14,17.2,16.78,17.05,52898
02/25/2005,16.91,17.2,16.69,17.16,20862
02/28/2005,17.2,17.2,16.99,16.99,10055
03/01/2005,16.8,17.2,16.8,17.05,12290
03/02/2005,16.81,17.48,16.81,17.36,31211
03/03/2005,17.5,17.5,17.0999,17.36,12025
03/04/2005,17.5,17.8,17.19,17.8,8804
03/07/2005,17.868,18.638,17.664,18.579,27163
03/08/2005,18.41,18.56,17.6,17.9,28725
03/09/2005,17.73,18.19,17.52,17.94,17192
03/10/2005,17.61,18.12,17.5799,17.82,11570
03/11/2005,17.64,17.96,17.35,17.68,25759
03/14/2005,17.57,17.85,17.35,17.85,13686
03/15/2005,17.9,17.9,17.71,17.771,8700
03/16/2005,17.52,17.8,17.48,17.68,18788
03/17/2005,17.79,17.83,17.51,17.73,13226
03/18/2005,17.9,17.95,17.7,17.83,41683
03/21/2005,17.58,17.85,17.51,17.82,15087
03/22/2005,17.83,17.83,17.5,17.77,13549
03/23/2005,17.59,17.9,17.29,17.63,19846
03/24/2005,17.63,17.75,17.51,17.74,14707
03/28/2005,17.73,17.79,17.51,17.77,6260
03/29/2005,17.8,17.94,17.57,17.78,21797
03/30/2005,17.87,17.89,17.76,17.89,15945
03/31/2005,17.89,18.14,17.5,18,29334
04/01/2005,18.19,18.19,17.6,17.94,15124
04/04/2005,17.89,18.11,17.81,18,15941
04/05/2005,17.7,18.07,17.7,18.07,4742
04/06/2005,18.09,18.1,17.6,18.1,70284
04/07/2005,18.12,18.12,17.93,18.05,6872
04/08/2005,17.96,18.07,17.72,18.01,17707
04/11/2005,17.88,18.2,17.7,17.73,189071
04/12/2005,17.97,18.09,17.63,18.05,15071
04/13/2005,17.9,17.96,17.38,17.96,18474
04/14/2005,17.99,18,17.54,17.75,9755
04/15/2005,17.87,17.95,17.429,17.9,14247
04/18/2005,17.76,18.09,17.45,18.09,6417
04/19/2005,18.15,18.15,17.41,17.9,20043
04/20/2005,17.6,17.7,17.25,17.45,42961
04/21/2005,17.8,18.02,17.1,18.02,32553
04/22/2005,18.1,18.1,17.24,17.87,43587
04/25/2005,18,18.2,18,18.16,10853
04/26/2005,18.1,18.2,18.09,18.2,30469
04/27/2005,17.96,18.48,17.96,18.47,11857
04/28/2005,18.27,18.69,18.27,18.66,15007
04/29/2005,18.7,18.79,18.48,18.5,118098
05/02/2005,18.5,18.5,17.81,17.91,12965
05/03/2005,17.8,18.18,17.32,17.49,7928
05/04/2005,17.63,17.9,17.15,17.55,28920
05/05/2005,17.28,17.58,17.25,17.49,21971
05/06/2005,17.6,17.6,17.06,17.53,10298
05/09/2005,17.54,17.85,17.22,17.85,5796
05/10/2005,17.46,17.89,16.99,17,29636
05/11/2005,17,17.25,16.7,17.1,16473
05/12/2005,17.1,17.17,16.93,16.93,34250
05/13/2005,17.31,17.31,16.62,16.9,38089
05/16/2005,16.88,17,16.79,16.88,16687
05/17/2005,16.84,17,16.15,16.67,43000
05/18/2005,16.8,16.84,16.42,16.76,39043
05/19/2005,16.8,16.85,16.56,16.58,6870
05/20/2005,16.5,16.5,16,16.09,423528
05/23/2005,16.45,16.51,16.29,16.46,28965
05/24/2005,16.49,16.56,16.35,16.41,9454
05/25/2005,16.35,16.49,16.22,16.22,13560
05/26/2005,16.05,16.48,16.05,16.45,9103
05/27/2005,16.21,16.48,16,16.26,76376
05/31/2005,16.23,16.5,16.1,16.32,70990
06/01/2005,16.5,16.5,15.68,15.87,34499
06/02/2005,15.65,16.08,15.63,15.96,64866
06/03/2005,16.1,16.29,15.7,15.7,18900
06/06/2005,15.73,15.73,15.45,15.49,12115
06/07/2005,15.68,15.97,15.56,15.83,11973
06/08/2005,15.72,15.82,15.5,15.5,3500
06/09/2005,15.46,15.61,15.46,15.47,11200
06/10/2005,15.65,15.65,15.26,15.49,26439
06/13/2005,15.37,15.47,15.18,15.34,31888
06/14/2005,15.19,15.33,15.16,15.24,19491
06/15/2005,15.48,15.62,15.15,15.62,18150
06/16/2005,15.49,15.81,15.47,15.6,26122
06/17/2005,15.4,15.45,15.21,15.31,78146
06/20/2005,15.23,15.89,15.23,15.61,33329
06/21/2005,15.83,16.07,15.7,16.02,10897
06/22/2005,16.11,16.58,16.11,16.57,27588
06/23/2005,16.32,17.27,16.26,16.61,15970
06/24/2005,16.58,17.15,16.58,16.97,35007
06/27/2005,17.26,17.41,17.09,17.13,25432
06/28/2005,17.25,17.34,17.14,17.23,9096
06/29/2005,17.32,17.32,16.99,17.3,19782
06/30/2005,17.31,17.31,16.95,17.02,37787
07/01/2005,17.25,17.25,16.65,17,13177
07/05/2005,16.74,17.09,16.74,17.05,11481
07/06/2005,17.1,17.1,16.9,17,6563
07/07/2005,16.7,17,16.51,17,11215
07/08/2005,16.95,17,15.55,16.9,275953
07/11/2005,16.8,17.08,16.8,17,19688
07/12/2005,17,17,16.98,17,3913
07/13/2005,17.1,17.1,16.8,16.94,4120
07/14/2005,16.86,17,16.25,16.52,26859
07/15/2005,16.29,16.76,16.29,16.62,12285
07/18/2005,16.54,16.8,16.33,16.53,12324
07/19/2005,16.7,16.78,16.35,16.67,10119
07/20/2005,16.56,16.75,16.5,16.62,15513
07/21/2005,16.61,16.78,16.21,16.5,11802
07/22/2005,16.44,16.9,16.44,16.81,14746
07/25/2005,16.55,17.05,16.55,16.74,13512
07/26/2005,16.81,17,16.72,16.94,4235
07/27/2005,17.08,17.11,16.71,17.02,30663
07/28/2005,17.09,17.2,16.93,17.1,32559
07/29/2005,17.04,17.51,17.04,17.27,58384
08/01/2005,17.2,17.2,16.71,16.71,24054
08/02/2005,16.77,17,16.71,17,4602
08/03/2005,16.95,17.1,16.4,16.4,4458
08/04/2005,16.68,17,16.66,16.86,11904
08/05/2005,16.86,16.86,16.56,16.75,9925
08/08/2005,16.94,16.99,16.55,16.69,5059
08/09/2005,16.85,17,16.77,16.97,5400
08/10/2005,17.1,17.1,16.27,16.39,14959
08/11/2005,16.23,16.62,16.21,16.44,7026
08/12/2005,16.24,16.4,15.54,15.93,17542
08/15/2005,15.81,16.3,15.81,16.2,10798
08/16/2005,16.11,16.29,15.33,15.65,15706
08/17/2005,15.51,16.17,14.91,15.88,29749
08/18/2005,15.92,15.92,15.67,15.84,14089
08/19/2005,15.68,15.91,15.49,15.84,11558
08/22/2005,15.9,15.9,15.44,15.79,8400
08/23/2005,15.82,15.9,15.3,15.9,12093
08/24/2005,15.72,15.92,15.66,15.75,24530
08/25/2005,15.89,16.2,15.55,16.2,11189
08/26/2005,16.3,16.3,15.71,16.06,9211
08/29/2005,15.9,16.31,15.732,16.25,6048
08/30/2005,16.31,16.35,15.95,16.3,12697
08/31/2005,16.3,17,16.25,16.92,27594
09/01/2005,16.8,17.07,16.58,16.62,85994
09/02/2005,16.678,16.85,16.06,16.11,9002
09/06/2005,16.25,16.34,16.22,16.32,6876
09/07/2005,16.32,16.36,16.22,16.22,3465
09/08/2005,16.27,16.27,16,16.05,4888
09/09/2005,15.96,16.03,15.84,16,2539
09/12/2005,15.82,16.45,15.8,16.31,11025
09/13/2005,16.17,16.4,15.91,16.04,9828
09/14/2005,16.19,16.3,15.9,16.04,5318
09/15/2005,16.16,16.16,15.69,15.83,12026
09/16/2005,15.97,16.04,15.86,15.96,56061
09/19/2005,15.81,15.92,15.27,15.43,7979
09/20/2005,15.64,15.77,15.17,15.65,21898
09/21/2005,15.44,15.6,14.84,15.33,26653
09/22/2005,15.38,15.51,15.22,15.22,15472
09/23/2005,15.12,15.22,15.07,15.15,18032
09/26/2005,15.37,16.2499,15.37,15.92,13952
09/27/2005,16.19,16.28,15.77,16.19,5610
09/28/2005,16.1,16.2,15.77,16.03,12175
09/29/2005,16.1,16.5,16.08,16.08,10100
09/30/2005,16.42,16.6,16.2,16.42,33641
10/03/2005,16.5,16.89,16.22,16.47,40406
10/04/2005,16.62,16.7,16.3,16.48,9097
10/05/2005,16.3,16.3,15.93,15.99,9648
10/06/2005,16.15,16.17,15.88,16.04,13349
10/07/2005,16.1,16.1,15.88,16.09,27012
10/10/2005,16.03,16.07,15.76,15.85,39361
10/11/2005,15.82,16.1,15.72,16.02,40165
10/12/2005,15.93,16.13,15.66,15.96,74542
10/13/2005,15.94,16.2,15.71,16.07,7700
10/14/2005,16.25,16.34,16.07,16.19,9362
10/17/2005,16.09,16.3,15.64,16.1,14569
10/18/2005,15.81,16.05,15.51,15.99,29130
10/19/2005,15.86,16.17,15.69,16.1,9604
10/20/2005,15.98,16.23,15.51,15.95,24567
10/21/2005,15.77,16,15.37,15.76,39349
10/24/2005,15.81,16.6,15.72,16.55,16341
10/25/2005,16.46,16.74,16.36,16.61,11708
10/26/2005,16.74,16.94,16.52,16.69,7892
10/27/2005,16.52,16.82,16.4,16.69,7394
10/28/2005,16.72,16.94,16.61,16.94,4489
10/31/2005,16.99,17.09,16.5,17.04,37206
11/01/2005,16.84,16.95,16.6,16.6,6731
11/02/2005,16.73,16.95,16.32,16.8399,18847
11/03/2005,16.91,17.05,16.91,16.94,4300
11/04/2005,17.04,17.1,16.55,16.76,3965
11/07/2005,16.9,17,16.86,17,5641
11/08/2005,16.83,17.01,16.63,16.82,8702
11/09/2005,16.88,17,16.35,16.96,4532
11/10/2005,17.04,17.04,16.5,16.88,9518
11/11/2005,16.65,17,16.57,17,5684
11/14/2005,16.84,16.84,16.37,16.46,12122
11/15/2005,16.54,16.64,16.15,16.25,12462
11/16/2005,16.4,16.4,16.06,16.37,14873
11/17/2005,16.355,16.55,16.05,16.26,16747
11/18/2005,16.54,16.65,16.16,16.4,9084
11/21/2005,16.23,16.69,16.23,16.46,13121
11/22/2005,16.32,16.65,16.09,16.47,8502
11/23/2005,16.74,16.74,16.41,16.5,7985
11/25/2005,16.71,16.72,16.5,16.59,52930
11/28/2005,16.51,16.56,16.05,16.37,10792
11/29/2005,16.48,16.72,16.185,16.63,9624
11/30/2005,16.72,17.19,16.54,17.03,37144
12/01/2005,17.21,17.23,17.02,17.03,24297
12/02/2005,17.02,17.02,16.43,16.74,10240
12/05/2005,16.82,16.9474,16.32,16.62,4393
12/06/2005,16.64,17.15,16.5,16.84,12821
12/07/2005,17.06,17.06,16.44,16.59,12653
12/08/2005,16.74,17.06,16.26,16.7,21647
12/09/2005,16.84,16.94,16.47,16.79,13585
12/12/2005,16.84,16.91,16.68,16.749,8704
12/13/2005,16.87,16.93,16.58,16.78,6250
12/14/2005,16.59,16.85,16.53,16.53,13863
12/15/2005,16.6,16.6,16.14,16.28,11171
12/16/2005,16.3,16.58,16.05,16.13,83598
12/19/2005,15.97,16.18,15.95,16,21593
12/20/2005,16.08,16.14,15.85,15.97,23133
12/21/2005,16.13,16.28,15.95,16.15,6629
12/22/2005,16.04,16.28,16,16.18,8185
12/23/2005,16.15,16.22,16,16.22,14729
12/27/2005,16.05,16.43,16.03,16.14,29984
12/28/2005,16.24,16.24,15.98,16.09,12396
12/29/2005,16.44,16.44,15.85,15.85,66087
12/30/2005,15.9,16.46,15.89,16.39,46534
01/03/2006,16.35,16.35,15.81,16.03,31002
01/04/2006,16.13,16.13,15.87,16.09,34139
01/05/2006,16,16.05,15.82,16.04,14664
01/06/2006,16.05,16.09,15.87,16.08,47061
01/09/2006,16.18,16.34,16,16.3,229811
01/10/2006,16.23,16.4,16.11,16.38,15844
01/11/2006,16.31,16.46,15.99,16.35,68129
01/12/2006,16.22,16.41,16,16.26,225953
01/13/2006,16.27,16.27,15.95,16.1,7898
01/17/2006,16.05,16.12,15.86,15.95,7878
01/18/2006,15.91,16.08,15.78,16,13637
01/19/2006,16.03,16.1,15.5,15.95,113365
01/20/2006,16.1,16.1,15.92,16.03,16442
01/23/2006,15.95,16.12,15.95,16.04,8601
01/24/2006,16.07,16.21,15.98,16.21,30451
01/25/2006,16.22,16.22,15.8,15.99,35875
01/26/2006,16.13,16.37,16.09,16.24,19662
01/27/2006,16.12,16.87,16.12,16.69,19931
01/30/2006,16.88,16.88,16.12,16.24,24281
01/31/2006,16.52,16.52,16.15,16.16,18730
02/01/2006,16,16.3,15.89,16.15,16759
02/02/2006,15.94,16.04,15.8,15.89,17331
02/03/2006,15.76,16.17,15.76,15.77,10815
02/06/2006,15.75,16.1,15.66,15.9,12270
02/07/2006,16.06,16.11,15.75,15.75,7158
02/08/2006,15.89,15.89,15.69,15.71,4408
02/09/2006,15.69,16.04,15.6,15.95,19912
02/10/2006,15.81,16.08,15.59,15.86,10831
02/13/2006,15.66,15.83,15.6,15.66,7406
02/14/2006,15.54,16.09,15.37,15.94,10611
02/15/2006,16.04,16.24,15.76,16.24,8339
02/16/2006,16.12,16.41,15.78,16.27,24340
02/17/2006,16.3,16.3,15.92,16.08,8200
02/21/2006,15.99,16,15.59,15.75,26491
02/22/2006,15.84,15.84,15.38,15.63,26761
02/23/2006,15.49,15.97,15.45,15.8,11411
02/24/2006,15.785,15.99,15.56,15.97,4645
02/27/2006,15.91,16.47,15.59,15.9,21596
02/28/2006,15.71,16.21,15.6,15.89,25404
03/01/2006,16.27,16.27,15.5,15.71,54970
03/02/2006,15.59,15.78,15.45,15.75,23531
03/03/2006,15.57,15.95,15.47,15.85,6264
03/06/2006,15.58,15.5901,15.3,15.55,20754
03/07/2006,15.46,15.86,15.13,15.66,19258
03/08/2006,15.62,15.86,15.46,15.83,3995
03/09/2006,15.98,15.98,14.89,15.83,27547
03/10/2006,15.78,16.05,15.73,16.05,7881
03/13/2006,15.99,16.1,15.74,16.06,14305
03/14/2006,15.96,16.19,15.77,16.17,18072
03/15/2006,16.27,16.27,15.99,16.22,7041
03/16/2006,16.28,16.28,15.95,16.23,8925
03/17/2006,16.27,16.27,15.98,16.25,66087
03/20/2006,16.26,16.34,15.93,16.17,18141
03/21/2006,16.08,16.09,15.42,15.96,52820
03/22/2006,15.88,16.06,15.78,15.99,6752
03/23/2006,16.07,16.07,15.78,15.92,12389
03/24/2006,15.88,15.91,15.66,15.9,16155
03/27/2006,15.78,15.87,15.67,15.71,7380
03/28/2006,15.64,15.89,15.59,15.64,14837
03/29/2006,15.86,15.86,15.42,15.65,22231
03/30/2006,15.83,15.96,15.48,15.81,33448
03/31/2006,15.95,16,15.78,15.95,64922
04/03/2006,15.61,15.99,15.1,15.19,38204
04/04/2006,15.28,15.45,15.07,15.39,9833
04/05/2006,15.23,15.74,14.6,15.4,55128
04/06/2006,15.32,15.62,14.89,15.08,21273
04/07/2006,15.12,15.41,15.11,15.34,17187
04/10/2006,15.25,15.65,15.13,15.34,9745
04/11/2006,15.22,15.45,14.95,15.15,19676
04/12/2006,15,15.29,15,15.27,32540
04/13/2006,15.17,15.44,15.17,15.34,7225
04/17/2006,15.36,15.75,14.6,15.17,45214
04/18/2006,15.19,15.72,15.09,15.61,12477
04/19/2006,15.7,16.04,15.61,16.04,22644
04/20/2006,16.1,16.1,15.7,16,3766
04/21/2006,15.94,16.16,15.59,15.81,20421
04/24/2006,15.91,16.07,15.41,15.69,36094
04/25/2006,15.96,16.05,15.51,15.87,21937
04/26/2006,15.79,16.2,15.77,16.2,15442
04/27/2006,15.96,16.14,15.35,16.06,16776
04/28/2006,15.93,16.38,15.88,16.37,53874
05/01/2006,16.48,16.53,15.01,15.01,63599
05/02/2006,15.38,15.49,14.8,15.19,35196
05/03/2006,15.05,15.36,14.91,15.1,17182
05/04/2006,15.19,15.19,14.57,15.08,25526
05/05/2006,15.11,15.45,15.07,15.41,18635
05/08/2006,15.4,15.49,14.78,15.04,89300
05/09/2006,15.13,15.19,14.73,14.75,47903
05/10/2006,15.36,15.75,15.03,15.41,97376
05/11/2006,15.65,15.65,14.83,15.33,29484
05/12/2006,15.29,15.54,14.87,15.29,32631
05/15/2006,15.09,15.5,14.89,15.02,7220
05/16/2006,14.92,15.26,14.92,15.14,18809
05/17/2006,14.96,15.19,14.66,15.06,18077
05/18/2006,15.2,15.47,14.96,15.43,9698
05/19/2006,15.28,15.5,15.28,15.4,15770
05/22/2006,15.24,15.44,15.19,15.39,15686
05/23/2006,15.29,15.48,15.11,15.29,36856
05/24/2006,14.91,15.5,14.91,15.44,19516
05/25/2006,15.5,15.5,15.12,15.45,18367
05/26/2006,15.4,15.5,15.35,15.39,12127
05/30/2006,15.29,15.46,14.87,15.22,27224
05/31/2006,15.5,15.5,15.17,15.44,34839
06/01/2006,15.49,15.51,15.17,15.5,15539
06/02/2006,15.5,15.5,15.22,15.4,10922
06/05/2006,15.29,15.41,14.93,15.08,26208
06/06/2006,14.97,15.13,14.86,15.08,18662
06/07/2006,15.04,15.17,14.66,14.87,17205
06/08/2006,14.85,14.94,14.32,14.92,39632
06/09/2006,14.98,15.13,14.73,14.95,12572
06/12/2006,14.88,14.88,14.46,14.7,14118
06/13/2006,14.57,15.03,14.37,14.98,28519
06/14/2006,14.96,15.07,14.64,15.07,29676
06/15/2006,15.12,15.29,15.01,15.2,37301
06/16/2006,15.14,15.25,14.94,14.96,67057
06/19/2006,14.85,14.9,14.66,14.85,21448
06/20/2006,14.73,14.88,14.66,14.8,46846
06/21/2006,14.76,15.32,14.76,14.91,44471
06/22/2006,14.85,15,14.8,14.94,26581
06/23/2006,14.81,14.94,14.52,14.9,17197
06/26/2006,15.01,15.05,14.85,15.03,19883
06/27/2006,15,15.08,14.47,14.93,10307
06/28/2006,15.01,15.01,14.75,14.91,11036
06/29/2006,15,15.102,14.95,15.09,42244
06/30/2006,15.05,15.47,14.96,15.43,68286
07/03/2006,15.05,15.59,15.05,15.22,8101
07/05/2006,14.98,15.44,14.57,14.99,33008
07/06/2006,14.9,15.13,14.66,15.04,37233
07/07/2006,15.06,15.06,14.77,14.82,43236
07/10/2006,14.77,15.07,14.77,15.02,23003
07/11/2006,15.03,15.08,14.7,15.08,20183
07/12/2006,14.99,15.19,14.51,14.72,34108
07/13/2006,14.67,15.12,14.45,14.6,23220
07/14/2006,14.5,14.78,14.18,14.51,30253
07/17/2006,14.56,14.56,14.14,14.44,14173
07/18/2006,14.58,14.66,14.2,14.66,22452
07/19/2006,14.6,14.98,14.6,14.95,15454
07/20/2006,14.99,15.18,14.66,14.79,19027
07/21/2006,14.7,14.79,14.05,14.7,46603
07/24/2006,14.86,15.05,14.72,15.05,5809
07/25/2006,15.12,15.26,14.65,15.22,19083
07/26/2006,15.11,15.37,14.71,14.72,21173
07/27/2006,14.96,15.04,14.34,14.43,24296
07/28/2006,14.59,15.01,14.59,14.65,17225
07/31/2006,14.47,14.7,14.37,14.57,27138
08/01/2006,14.4,14.72,14.18,14.23,40706
08/02/2006,14.36,14.53,14.05,14.12,50724
08/03/2006,13.97,14.34,13.79,13.8,43089
08/04/2006,14.24,14.24,13.48,13.75,36650
08/07/2006,13.66,13.79,13.2,13.44,38323
08/08/2006,13.42,13.91,13.22,13.53,34560
08/09/2006,13.76,14.67,13.76,14.39,25136
08/10/2006,14.3,14.5,13.94,14.02,17542
08/11/2006,13.96,14.18,13.2,13.22,74041
08/14/2006,13.53,14.03,13.1,13.26,101092
08/15/2006,13.44,13.99,13.41,13.7,18466
08/16/2006,13.84,13.85,13.53,13.81,8017
08/17/2006,13.85,14.24,13.53,14.02,26222
08/18/2006,14.13,14.13,13.7,14.12,8362
08/21/2006,14,14.04,13.68,13.99,12101
08/22/2006,13.83,14.03,13.67,13.97,30800
08/23/2006,14.05,14.05,13.53,13.86,45479
08/24/2006,13.87,14.43,13.45,13.86,17061
08/25/2006,13.8,14.01,13.6,13.82,10125
08/28/2006,13.94,13.94,13.491,13.73,28591
08/29/2006,13.83,14.24,13.74,14.15,19608
08/30/2006,13.99,14.1,13.89,14,19421
08/31/2006,14.04,14.2,14,14.02,16347
09/01/2006,14.2,14.2,13.9,13.97,12336
09/05/2006,13.87,14.14,13.72,14.02,12417
09/06/2006,14.01,14.07,13.58,13.69,22631
09/07/2006,13.67,13.89,12.98,13.54,41653
09/08/2006,13.65,13.65,13.25,13.55,25176
09/11/2006,13.42,13.51,13.24,13.27,5054
09/12/2006,13.34,13.93,13.33,13.9,10718
09/13/2006,13.96,14.25,13.82,14.25,5572
09/14/2006,14.17,14.31,14.05,14.26,9808
09/15/2006,14.41,14.49,14.29,14.38,12105
09/18/2006,14.62,14.62,14.26,14.45,9818
09/19/2006,14.42,14.61,14.1,14.57,12520
09/20/2006,14.75,14.97,14.64,14.9,11702
09/21/2006,15,15,14.69,14.84,7100
09/22/2006,14.88,14.98,14.6,14.87,18908
09/25/2006,14.98,15.11,14.83,15.08,8228
09/26/2006,15.06,15.06,14.71,14.82,36395
09/27/2006,14.82,14.82,14.49,14.63,16503
09/28/2006,14.74,14.79,13.99,14.15,64798
09/29/2006,12.51,12.7,12.4,12.5,2987606
10/02/2006,12.52,12.63,12.49,12.51,504137
10/03/2006,12.55,12.58,12.2,12.44,356836
10/04/2006,12.36,12.5,12.32,12.35,73734
10/05/2006,12.359,12.5,12.13,12.27,237979
10/06/2006,12.28,12.42,11.95,12.26,116473
10/09/2006,12.3,12.53,12.3,12.35,67483
10/10/2006,12.44,12.59,12.37,12.44,125503
10/11/2006,12.44,12.45,12.27,12.3,94102
10/12/2006,12.5,12.5,12.1,12.26,117601
10/13/2006,12.1,12.36,12.1,12.26,73239
10/16/2006,12.19,12.39,12.18,12.2,246469
10/17/2006,12.2,12.31,12.05,12.19,169045
10/18/2006,12.22,12.36,12.03,12.35,195675
10/19/2006,12.29,12.4,12.26,12.34,32452
10/20/2006,12.42,12.42,12.2,12.22,59392
10/23/2006,12.2,12.35,12.1,12.14,45100
10/24/2006,12.17,12.23,12.06,12.15,61630
10/25/2006,12.1,12.3,12.06,12.11,35674
10/26/2006,12.21,12.3,12,12.24,79426
10/27/2006,12.22,12.26,12.06,12.19,43908
10/30/2006,12.1,12.24,12,12,81819
10/31/2006,12.12,12.13,11.71,11.79,260972
11/01/2006,11.76,11.96,11.54,11.65,146294
11/02/2006,11.56,11.65,11.31,11.35,106164
11/03/2006,11.43,11.58,11.13,11.31,83846
11/06/2006,11.37,11.38,10.75,10.95,292039
11/07/2006,10.97,11.24,10.82,11.21,315606
11/08/2006,11.14,11.96,11.05,11.91,512034
11/09/2006,11.94,12.33,11.74,12.32,258265
11/10/2006,12.35,12.5,11.99,12.31,168875
11/13/2006,12.26,12.65,12.26,12.62,197675
11/14/2006,12.62,12.89,12.49,12.86,209994
11/15/2006,12.86,13.27,12.77,13.27,136005
11/16/2006,13.31,13.48,13.07,13.36,94041
11/17/2006,13.3,13.45,13,13.37,89705
11/20/2006,13.34,13.38,13.1,13.23,64993
11/21/2006,13.36,13.3999,13.24,13.35,43910
11/22/2006,13.44,13.44,13.2,13.23,73366
11/24/2006,13.21,13.21,13.11,13.15,14746
11/27/2006,13.18,13.18,12.6,12.64,79607
11/28/2006,12.64,12.7,12.43,12.66,86262
11/29/2006,12.78,13.04,12.62,12.99,139513
11/30/2006,12.97,13.06,12.75,12.81,90059
12/01/2006,12.9,12.98,12.66,12.85,107110
12/04/2006,12.84,12.94,12.6,12.88,62823
12/05/2006,12.97,12.97,12.7,12.89,39235
12/06/2006,12.82,13.1,12.79,12.96,120371
12/07/2006,12.91,13,12.79,12.79,31197
12/08/2006,12.74,13.27,12.74,13.2,76464
12/11/2006,13.27,13.31,13.07,13.2,21866
12/12/2006,13.19,13.2525,13,13.17,60805
12/13/2006,13.19,13.25,12.8,12.89,37319
12/14/2006,12.9,13,12.85,12.93,64348
12/15/2006,12.98,13,12.8539,12.88,81705
12/18/2006,12.95,13,12.46,12.69,57086
12/19/2006,12.61,12.81,12.44,12.67,61855
12/20/2006,12.73,12.79,12.66,12.72,32870
12/21/2006,12.78,12.86,12.65,12.68,29578
12/22/2006,12.65,12.75,12.62,12.67,18429
12/26/2006,12.75,12.85,12.62,12.67,33280
12/27/2006,12.73,13.016,12.73,13,69684
12/28/2006,12.98,13.01,12.94,12.94,50667
12/29/2006,12.97,12.97,12.6,12.74,68147
01/03/2007,12.79,12.86,12.43,12.59,57337
01/04/2007,12.6,12.6,12.25,12.26,45790
01/05/2007,12.25,12.25,11.89,11.97,118200
01/08/2007,11.95,11.95,11.8105,11.86,42242
01/09/2007,11.84,12.06,11.7,12,90558
01/10/2007,11.98,12,11.8101,11.93,43225
01/11/2007,11.97,12.03,11.85,11.89,82692
01/12/2007,11.89,12,11.86,11.98,22521
01/16/2007,12.04,12.06,11.79,11.87,99018
01/17/2007,11.81,11.85,11.66,11.68,37289
01/18/2007,11.66,11.72,11.5,11.5,51291
01/19/2007,11.51,11.6,11.31,11.49,66976
01/22/2007,11.45,11.45,11.01,11.19,129860
01/23/2007,11.18,11.33,11.04,11.31,170066
01/24/2007,11.35,11.47,11.24,11.31,68771
01/25/2007,11.45,11.45,10.93,11.06,50446
01/26/2007,11.11,11.2,10.91,11,39061
01/29/2007,10.94,11.19,10.94,11.04,67586
01/30/2007,11.08,11.2,11.01,11.03,72375
01/31/2007,11.03,11.1,10.88,11.08,60631
02/01/2007,11.1,11.41,10.97,11.35,99589
02/02/2007,11.38,11.56,11.25,11.5,71767
02/05/2007,11.43,11.43,11.04,11.18,109983
02/06/2007,11.21,11.36,11.07,11.09,39388
02/07/2007,11.09,11.25,11,11.23,57574
02/08/2007,11.26,11.3,11.13,11.23,24689
02/09/2007,11.32,11.4,10.96,10.98,37675
02/12/2007,11.02,11.02,10.47,10.5,116795
02/13/2007,10.55,10.85,10.55,10.78,46726
02/14/2007,10.8,10.9,10.8,10.85,147860
02/15/2007,10.91,10.97,10.7,10.75,85027
02/16/2007,10.77,10.77,10.53,10.75,67680
02/20/2007,10.71,10.86,10.65,10.83,43976
02/21/2007,10.73,10.86,10.72,10.81,55455
02/22/2007,10.85,11,10.51,10.97,46992
02/23/2007,10.93,11.08,10.68,10.9,46662
02/26/2007,11,11.04,10.9,11.01,76752
02/27/2007,10.92,11.1,10.56,10.6,48259
02/28/2007,10.59,10.85,10.5,10.59,52513
03/01/2007,10.54,10.94,10.4,10.91,35451
03/02/2007,10.82,11.01,10.55,10.92,130118
03/05/2007,10.91,10.95,10.21,10.21,100803
03/06/2007,10.62,10.76,10.26,10.62,87250
03/07/2007,10.61,10.61,10.43,10.45,184056
03/08/2007,10.75,10.97,10.47,10.48,93013
03/09/2007,10.59,10.65,10.43,10.47,61454
03/12/2007,10.61,10.72,10.41,10.41,91802
03/13/2007,10.4,10.5,10.2,10.26,164688
03/14/2007,10.21,10.46,10.2,10.25,100910
03/15/2007,10.25,10.53,10.25,10.47,62609
03/16/2007,10.47,10.6,10.4,10.43,102212
03/19/2007,10.55,10.76,10.47,10.65,50582
03/20/2007,10.6,10.67,10.35,10.5,74534
03/21/2007,10.5,10.86,10.49,10.78,105191
03/22/2007,10.87,10.88,10.6,10.69,48595
03/23/2007,10.66,10.84,10.65,10.7,49585
03/26/2007,10.69,11.3,10.57,10.78,46486
03/27/2007,10.73,11.06,10.66,11.02,107237
03/28/2007,10.94,10.97,10.76,10.79,144610
03/29/2007,10.88,10.92,10.54,10.75,54145
03/30/2007,10.77,10.9,10.55,10.65,54825
04/02/2007,10.67,10.95,10.67,10.95,72743
04/03/2007,10.98,11.11,10.97,11.09,52949
04/04/2007,11.11,11.19,11.03,11.11,88411
04/05/2007,11.13,11.18,11.07,11.12,59728
04/09/2007,11.14,11.21,11.07,11.14,116064
04/10/2007,11.17,11.45,11.03,11.26,93802
04/11/2007,11.29,11.35,11.2,11.32,68937
04/12/2007,11.3,11.42,11.25,11.39,25522
04/13/2007,11.38,11.41,11.2,11.41,48437
04/16/2007,11.49,11.92,11.4,11.91,35673
04/17/2007,11.89,12.49,11.85,12.27,109254
04/18/2007,12.24,12.41,12.17,12.19,103755
04/19/2007,12.11,12.36,12.11,12.19,52260
04/20/2007,12.35,12.63,12.22,12.53,71360
04/23/2007,12.53,12.62,12.44,12.56,34291
04/24/2007,12.85,12.85,12.56,12.68,54030
04/25/2007,12.69,12.69,12.49,12.51,54237
04/26/2007,12.49,12.51,12.2,12.44,47846
04/27/2007,12.26,12.52,11.99,12.04,38846
04/30/2007,12.11,12.11,11.6,11.67,55172
05/01/2007,11.66,11.88,11.6,11.87,34997
05/02/2007,11.88,12.3,11.88,12.17,74629
05/03/2007,12.2,12.6,12.2,12.6,89592
05/04/2007,12.63,12.89,12.5,12.85,215409
05/07/2007,12.81,13,12.76,13,88770
05/08/2007,13,13.13,12.8,13,51308
05/09/2007,13.08,13.55,13.01,13.52,133670
05/10/2007,13.2,13.2,12.61,12.85,174727
05/11/2007,13.01,13.09,12.99,13.03,113230
05/14/2007,13.01,13.13,12.99,13.01,93067
05/15/2007,13.01,13.12,12.91,13.05,117470
05/16/2007,13.06,13.08,13,13,64054
05/17/2007,13.01,13.08,12.96,12.96,50710
05/18/2007,12.99,13.06,12.98,13.06,81641
05/21/2007,13.05,13.32,13,13.21,32155
05/22/2007,13.17,13.56,13.03,13.56,40558
05/23/2007,13.56,13.57,13.14,13.19,54912
05/24/2007,13.18,13.4,12.69,12.78,65685
05/25/2007,12.77,13.06,12.75,13.03,49439
05/29/2007,13.08,13.18,12.94,13.18,61349
05/30/2007,13.06,13.51,13.06,13.42,118955
05/31/2007,13.46,13.72,13.35,13.66,65998
06/01/2007,13.74,13.97,13.74,13.97,214508
06/04/2007,13.89,13.97,13.61,13.88,98532
06/05/2007,13.82,13.82,13.32,13.61,46806
06/06/2007,13.52,13.53,12.83,12.99,65571
06/07/2007,12.9,13.05,12.77,12.83,66460
06/08/2007,12.79,13.14,12.72,13.09,24288
06/11/2007,13.03,13.03,12.6236,12.72,39449
06/12/2007,12.65,12.74,12.36,12.42,41025
06/13/2007,12.45,12.486,12.22,12.42,37701
06/14/2007,12.39,12.55,12.23,12.23,35076
06/15/2007,12.51,12.78,12.51,12.76,120521
06/18/2007,12.75,13,12.52,12.84,43002
06/19/2007,12.76,12.91,12.62,12.62,43856
06/20/2007,12.68,12.92,12.21,12.22,32344
06/21/2007,12.21,12.42,12.11,12.18,24328
06/22/2007,12.16,12.25,11.82,11.82,171329
06/25/2007,11.91,12.22,11.81,11.89,103100
06/26/2007,11.9,12,11.8,11.99,39604
06/27/2007,11.98,12.03,11.61,12,56757
06/28/2007,12.02,12.02,11.8,11.98,45753
06/29/2007,12.04,12.1,11.64,11.64,41587
07/02/2007,11.73,11.83,11.46,11.5,47234
07/03/2007,11.53,11.53,11.46,11.49,34142
07/05/2007,11.46,11.97,11.36,11.97,129750
07/06/2007,11.9,12.1,11.9,12.08,124675
07/09/2007,12.15,12.15,11.86,11.86,60212
07/10/2007,11.77,11.77,11.52,11.76,63476
07/11/2007,11.79,11.8,11.57,11.67,40096
07/12/2007,11.76,11.92,11.71,11.87,36131
07/13/2007,11.9,11.9,11.67,11.72,45111
07/16/2007,11.7,11.825,11.6,11.63,35536
07/17/2007,11.63,11.9,11.63,11.71,73549
07/18/2007,11.62,11.64,11.23,11.29,68515
07/19/2007,11.43,11.62,11.43,11.46,26856
07/20/2007,11.45,11.45,10.66,10.95,222689
07/23/2007,11.04,11.12,10.901,11,231621
07/24/2007,10.89,10.97,10.51,10.51,170229
07/25/2007,10.62,10.73,10.41,10.45,83772
07/26/2007,10.29,10.56,10.07,10.22,138133
07/27/2007,10.2,10.29,9.8,9.82,128923
07/30/2007,9.76,10.29,9.7,10.1,78661
07/31/2007,10.13,10.26,9.82,9.82,62908
08/01/2007,9.79,9.95,9.62,9.7,93953
08/02/2007,9.76,9.83,9.57,9.66,117538
08/03/2007,9.63,9.71,9.33,9.42,124892
08/06/2007,9.53,10.04,9.35,10,101823
08/07/2007,9.91,10.5,9.84,10.35,91030
08/08/2007,10.35,11.49,10.14,11.1,174709
08/09/2007,10.88,11.72,10.86,11.27,134469
08/10/2007,11.16,11.53,10.65,11.13,110789
08/13/2007,11.17,11.17,9.53,9.99,162255
08/14/2007,10.01,10.24,9.71,9.75,89935
08/15/2007,9.72,9.85,9,9.03,97370
08/16/2007,8.99,10.26,8.99,10,121039
08/17/2007,10.47,10.47,9.94,10.18,136175
08/20/2007,10.22,10.3,10.04,10.25,60871
08/21/2007,10.16,10.26,10.04,10.24,63422
08/22/2007,10.3,10.54,10.21,10.39,95382
08/23/2007,10.47,10.47,9.85,9.97,46806
08/24/2007,9.96,10.27,9.91,10.2,28978
08/27/2007,10.18,10.19,9.81,9.84,16546
08/28/2007,9.73,9.87,9.6,9.64,48020
08/29/2007,9.72,9.86,9.61,9.82,68335
08/30/2007,9.71,9.85,9.65,9.69,27086
08/31/2007,9.87,9.98,9.79,9.83,37070
09/04/2007,9.87,10,9.73,9.98,55350
09/05/2007,9.9,9.96,9.75,9.75,43377
09/06/2007,9.79,9.79,9.5,9.53,62241
09/07/2007,9.41,9.68,9.4,9.5,78006
09/10/2007,9.55,9.56,9.33,9.44,32848
09/11/2007,9.51,9.69,9.48,9.65,51314
09/12/2007,9.54,9.92,9.54,9.79,37387
09/13/2007,9.91,9.98,9.78,9.83,39413
09/14/2007,9.77,9.98,9.67,9.79,49068
09/17/2007,9.78,9.78,9.45,9.48,19455
09/18/2007,9.57,10.01,9.4,10,64988
09/19/2007,10,10.23,9.95,10.09,89317
09/20/2007,10.08,10.11,10.03,10.07,30841
09/21/2007,10.17,10.2,9.92,10.09,92968
09/24/2007,10.06,10.2,9.94,10.04,24815
09/25/2007,9.97,10.07,9.69,9.89,49222
09/26/2007,9.96,10.38,9.95,10.25,74988
09/27/2007,10.32,10.35,10.11,10.35,37462
09/28/2007,10.29,10.4,10.1,10.15,57273
10/01/2007,10.13,10.28,10,10.25,66878
10/02/2007,10.27,10.82,10.25,10.66,72556
10/03/2007,10.59,10.67,10.4,10.43,39389
10/04/2007,10.49,10.65,10.34,10.4,39041
10/05/2007,10.52,10.65,10.37,10.39,67647
10/08/2007,10.36,10.55,10.35,10.37,29590
10/09/2007,10.4,10.4,10.29,10.4,8160
10/10/2007,10.37,10.37,10.17,10.27,42873
10/11/2007,10.33,10.4,10.25,10.31,46030
10/12/2007,10.3,10.38,10.25,10.29,18422
10/15/2007,10.29,10.33,10.03,10.08,68950
10/16/2007,10.07,10.15,9.96,9.96,44577
10/17/2007,10.1,10.13,9.85,9.98,74130
10/18/2007,9.95,10.02,9.81,9.88,52418
10/19/2007,9.88,9.88,9.49,9.49,70490
10/22/2007,9.41,9.73,9.37,9.57,40059
10/23/2007,9.64,9.64,9.33,9.43,76068
10/24/2007,9.33,9.44,9.18,9.2,55236
10/25/2007,9.31,9.39,8.93,9.03,47798
10/26/2007,9.17,9.61,9.16,9.54,73270
10/29/2007,9.64,9.83,9.01,9.18,72592
10/30/2007,9.16,9.29,8.89,8.96,93838
10/31/2007,9,9.12,8.88,9.08,48511
11/01/2007,9,9.09,8.45,8.45,116958
11/02/2007,8.57,8.76,8.31,8.45,97678
11/05/2007,8.59,8.59,8.2,8.2,51677
11/06/2007,8.25,8.46,8.25,8.45,63842
11/07/2007,8.69,8.69,8.15,8.21,76828
11/08/2007,8.31,9.04,8.31,9.01,96294
11/09/2007,8.88,8.95,8.79,8.86,66490
11/12/2007,8.88,9.24,8.86,9.11,92287
11/13/2007,9.15,9.6,9.09,9.32,322860
11/14/2007,9.35,9.63,9.18,9.29,51669
11/15/2007,9.25,9.47,9.05,9.45,62678
11/16/2007,9.48,9.71,9.22,9.53,74780
11/19/2007,9.41,9.64,9.22,9.41,49768
11/20/2007,9.41,9.79,9.36,9.62,51525
11/21/2007,9.58,10.03,9.41,9.675,53807
11/23/2007,9.79,10.01,9.59,9.74,38474
11/26/2007,9.74,10.04,9.57,9.62,73891
11/27/2007,9.53,9.83,9.53,9.75,76143
11/28/2007,9.86,10,9.7,9.95,106600
11/29/2007,9.96,10,9.7,9.83,145771
11/30/2007,10,10,9.71,9.78,159603
12/03/2007,9.71,10,9.7,9.79,83749
12/04/2007,9.67,9.89,9.61,9.66,67661
12/05/2007,9.76,10.04,9.71,9.81,46809
12/06/2007,9.78,10.12,9.78,9.99,53246
12/07/2007,9.91,10.08,9.82,10,34305
12/10/2007,10,10.1,9.8,10,36445
12/11/2007,10,10.01,9.62,9.67,73101
12/12/2007,9.94,9.97,9.55,9.68,53873
12/13/2007,9.64,9.84,9.45,9.76,43639
12/14/2007,9.65,9.81,9.43,9.48,55426
12/17/2007,9.45,9.71,9.3,9.5,92883
12/18/2007,9.63,9.83,9.33,9.8,63220
12/19/2007,9.78,9.88,9.68,9.8,42254
12/20/2007,9.88,9.88,9.46,9.8,50600
12/21/2007,9.9,9.95,9.65,9.74,259083
12/24/2007,9.8,9.85,9.7,9.8,35965
12/26/2007,9.74,9.87,9.56,9.62,59383
12/27/2007,9.65,10.09,9.48,9.72,49827
12/28/2007,9.86,10.41,9.55,10.24,351667
12/31/2007,10.3,10.48,10.15,10.25,119494
01/02/2008,10.64,10.64,10,10.06,65353
01/03/2008,10,10.14,9.78,9.84,111319
01/04/2008,9.76,9.91,9.56,9.68,87130
01/07/2008,9.74,9.88,9.65,9.69,153825
01/08/2008,9.76,10,9.6,9.72,87461
01/09/2008,9.73,9.85,9.45,9.64,144330
01/10/2008,9.49,9.75,9.4601,9.48,104557
01/11/2008,9.44,9.62,9.3909,9.47,163454
01/14/2008,9.55,9.63,9.37,9.5,149674
01/15/2008,9.45,9.73,9.38,9.47,83855
01/16/2008,9.45,9.65,9.37,9.53,111373
01/17/2008,9.51,9.55,9.28,9.38,47338
01/18/2008,9.35,9.53,9.15,9.38,97725
01/22/2008,9.02,9.62,9.02,9.32,56957
01/23/2008,9.1,9.6,9.1,9.6,87278
01/24/2008,9.64,9.66,9.29,9.44,48728
01/25/2008,9.55,9.68,9.3,9.31,64372
01/28/2008,9.31,9.7,9.31,9.58,50784
01/29/2008,9.61,9.61,9.35,9.49,83551
01/30/2008,9.45,9.69,9.11,9.34,68413
01/31/2008,9.26,9.7,9.2,9.57,84076
02/01/2008,9.63,9.89,9.4,9.55,187262
02/04/2008,9.62,9.62,9.45,9.47,135069
02/05/2008,9.31,9.5,9.19,9.24,46058
02/06/2008,9.32,9.57,9.31,9.32,32579
02/07/2008,9.28,9.72,9.1,9.62,65427
02/08/2008,9.7,9.7,9.31,9.42,54863
02/11/2008,9.46,9.56,9.29,9.37,32058
02/12/2008,9.43,9.52,9.31,9.34,80528
02/13/2008,9.52,9.64,9.25,9.52,52960
02/14/2008,9.69,9.69,9.16,9.28,32815
02/15/2008,9.2,9.38,9,9.28,46735
02/19/2008,9.45,9.45,9.01,9.29,47862
02/20/2008,9.21,9.3,8.81,9.22,130072
02/21/2008,9.3,9.39,9.25,9.31,49716
02/22/2008,9.32,9.39,8.85,9.33,75272
02/25/2008,9.29,9.46,9.16,9.46,35495
02/26/2008,9.39,10.06,9.39,9.75,70198
02/27/2008,9.61,9.68,9.04,9.24,105063
02/28/2008,9.12,9.29,8.84,9.13,118963
02/29/2008,9,9.15,8.89,8.94,129809
03/03/2008,8.91,9.12,8.88,8.96,100974
03/04/2008,8.85,9.14,8.85,9.05,77453
03/05/2008,9.07,9.199,8.84,8.9,77368
03/06/2008,8.84,8.86,8.31,8.71,73212
03/07/2008,8.43,8.85,8.37,8.63,65972
03/10/2008,8.62,8.62,8.01,8.03,98814
03/11/2008,8.27,8.59,8,8.43,99266
03/12/2008,8.42,8.59,8.2,8.33,103985
03/13/2008,8.16,8.38,8.02,8.33,101576
03/14/2008,8.38,8.41,7.97,8.1,82669
03/17/2008,8.01,8.21,7.92,7.95,58511
03/18/2008,8.14,8.5,8.09,8.49,80769
03/19/2008,8.49,8.6,8.38,8.45,69491
03/20/2008,8.59,8.8,8.21,8.63,283076
03/24/2008,8.65,9.05,8.62,8.75,72237
03/25/2008,8.77,8.99,8.69,8.75,48713
03/26/2008,8.68,8.72,8.6,8.7,30406
03/27/2008,8.69,8.79,8.52,8.55,24719
03/28/2008,8.54,8.57,8.08,8.08,23442
03/31/2008,8.04,8.23,7.99,8.13,30241
04/01/2008,8.21,8.61,8.21,8.53,73929
04/02/2008,8.52,8.83,8.52,8.82,51032
04/03/2008,8.73,8.91,8.63,8.75,26185
04/04/2008,8.74,8.75,8.3,8.43,29890
04/07/2008,8.43,8.47,8.19,8.2,70611
04/08/2008,8.17,8.44,8.17,8.3,71133
04/09/2008,8.32,8.45,8.15,8.39,85295
04/10/2008,8.41,8.93,8.36,8.5,163870
04/11/2008,8.44,8.7,8.44,8.49,87601
04/14/2008,8.47,8.6,8.45,8.5,58428
04/15/2008,8.54,8.63,8.47,8.63,33364
04/16/2008,8.7,9.02,8.57,8.82,251983
04/17/2008,8.77,8.94,8.45,8.67,55877
04/18/2008,8.8,8.84,8.45,8.69,38040
04/21/2008,8.7,8.8,8.58,8.74,51788
04/22/2008,8.68,8.88,8.64,8.74,117137
04/23/2008,8.78,8.89,8.52,8.76,36043
04/24/2008,8.73,8.98,8.65,8.83,37644
04/25/2008,8.93,9.01,8.64,8.74,29788
04/28/2008,8.73,8.78,8.25,8.35,96842
04/29/2008,8.36,8.64,8.11,8.38,58977
04/30/2008,8.4,8.64,8.16,8.27,34250
05/01/2008,8.24,8.56,8.04,8.43,33053
05/02/2008,8.55,8.69,8.3,8.46,32409
05/05/2008,8.43,8.71,8.15,8.24,56129
05/06/2008,8.23,8.35,8.1,8.14,63374
05/07/2008,8.15,8.21,7.97,8,59151
05/08/2008,7.98,8.265,7.96,8.15,74321
05/09/2008,8,8.22,7.96,8.21,68455
05/12/2008,8.21,8.34,7.99,8.17,84539
05/13/2008,8.16,8.24,7.93,8.17,44075
05/14/2008,8.15,8.19,7.98,8.02,44322
05/15/2008,7.98,8.44,7.9,8.03,47397
05/16/2008,8.11,8.11,7.35,7.82,134011
05/19/2008,7.6,8.04,7.6,7.85,81485
05/20/2008,7.78,8.1,7.39,7.6,90766
05/21/2008,7.64,7.775,7.11,7.38,282842
05/22/2008,7.38,7.63,7.31,7.42,53619
05/23/2008,7.39,7.53,7.01,7.38,61528
05/27/2008,7.33,7.48,7.2,7.26,48220
05/28/2008,7.29,7.48,7.1,7.17,26080
05/29/2008,7.17,7.54,7.16,7.21,42516
05/30/2008,7.22,7.36,7.16,7.29,55308
06/02/2008,7.35,7.52,6.84,7.23,68647
06/03/2008,7.25,7.27,6.97,7.14,56230
06/04/2008,7.12,7.41,6.93,7.08,43754
06/05/2008,7.08,7.55,7.08,7.54,66764
06/06/2008,7.49,7.55,7.03,7.04,43175
06/09/2008,7.05,7.22,6.901,6.97,58926
06/10/2008,6.92,7.46,6.92,7.38,92418
06/11/2008,7.35,7.71,7.35,7.41,31052
06/12/2008,7.47,7.7,7.4,7.44,55653
06/13/2008,7.53,7.78,7.43,7.75,52860
06/16/2008,7.71,7.78,7.44,7.76,57748
06/17/2008,7.75,7.99,7.51,7.55,33862
06/18/2008,7.53,7.77,7.52,7.77,48195
06/19/2008,7.74,8,7.74,8,28527
06/20/2008,7.96,8,7.6,7.71,87415
06/23/2008,7.78,7.83,7.55,7.56,18020
06/24/2008,7.55,7.65,7.49,7.49,53443
06/25/2008,7.48,7.74,7.48,7.58,52713
06/26/2008,7.5,7.67,7.5,7.55,48899
06/27/2008,7.49,7.59,7.02,7.05,544923
06/30/2008,7.02,7.42,6.67,6.8,111259
07/01/2008,6.7,7.08,6.26,6.45,49830
07/02/2008,6.44,6.62,5.78,5.96,116531
07/03/2008,6.01,6.2,5.67,5.73,76021
07/07/2008,5.75,6.14,5.58,5.58,61621
07/08/2008,5.61,5.74,5.51,5.61,65320
07/09/2008,5.63,6.04,5.48,5.48,48809
07/10/2008,5.48,5.59,5.25,5.34,56525
07/11/2008,5.25,5.31,5.1,5.18,72536
07/14/2008,5.31,5.52,5.1,5.5,86305
07/15/2008,5.51,5.81,5.08,5.46,81903
07/16/2008,5.48,6.2,5.36,6.19,55412
07/17/2008,6.24,6.49,6.22,6.39,58373
07/18/2008,6.43,6.43,6.07,6.21,43937
07/21/2008,6.26,6.56,6.26,6.46,25546
07/22/2008,6.4,7.55,6.32,7.4601,88269
07/23/2008,7.5,7.56,7.3,7.34,35647
07/24/2008,7.36,7.75,7.34,7.58,33967
07/25/2008,7.67,7.67,7.13,7.58,44756
07/28/2008,7.54,7.56,7.13,7.17,21666
07/29/2008,7.47,7.58,7.03,7.54,44123
07/30/2008,7.61,7.82,7.43,7.67,45389
07/31/2008,7.78,7.96,7.57,7.73,62655
08/01/2008,7.78,8,7.65,7.98,21741
08/04/2008,8,8,7.35,7.4,59013
08/05/2008,7.53,7.8,7.47,7.79,35687
08/06/2008,7.74,7.9,7.35,7.77,38790
08/07/2008,7.66,7.7,7.42,7.49,31258
08/08/2008,7.52,8.1,7.52,7.62,60851
08/11/2008,8.14,9.49,8.03,9.3,378139
08/12/2008,9.36,9.74,8.96,9.74,168612
08/13/2008,9.67,9.83,9.26,9.5,109835
08/14/2008,9.46,9.89,9.43,9.51,101132
08/15/2008,9.66,9.69,9.36,9.48,106152
08/18/2008,9.57,10.55,9.57,9.87,260661
08/19/2008,9.79,9.95,9.3501,9.85,123236
08/20/2008,9.88,10.24,9.65,10.15,107160
08/21/2008,9.94,10.23,9.94,9.95,91431
08/22/2008,10.11,10.37,9.97,10.33,71885
08/25/2008,10.26,10.39,9.85,9.9299,138769
08/26/2008,9.88,10.295,9.84,10,53182
08/27/2008,10.01,10.49,9.83,10.24,128397
08/28/2008,10.34,10.49,10.24,10.24,120087
08/29/2008,10.24,10.7249,10.1,10.52,121010
09/02/2008,10.76,11,10.76,10.84,106607
09/03/2008,11,11.07,10.73,10.79,77095
09/04/2008,10.72,11.02,10.6,10.7,48603
09/05/2008,10.6,10.72,10.38,10.49,173157
09/08/2008,10.77,10.88,10.61,10.75,132252
09/09/2008,10.89,10.97,10.43,10.46,141074
09/10/2008,10.65,10.73,10.28,10.38,74822
09/11/2008,10.25,10.3,10.07,10.25,89331
09/12/2008,10.11,10.15,9.94,9.98,48215
09/15/2008,9.76,10.05,9,9.26,86659
09/16/2008,9.09,9.64,9.05,9.24,113744
09/17/2008,9.05,9.46,8.46,8.62,119254
09/18/2008,8.87,9,7.77,8.78,220907
09/19/2008,10,10,8.63,8.86,428224
09/22/2008,9.1,10.1,8.72,9.76,133431
09/23/2008,9.61,9.9,9.25,9.75,127782
09/24/2008,9.7499,9.82,9.25,9.35,69049
09/25/2008,9.44,9.79,9.35,9.36,62084
09/26/2008,9.15,9.15,8.75,8.99,64390
09/29/2008,8.75,8.92,7.45,8.21,67714
09/30/2008,8.64,8.77,8.4,8.75,38076
10/01/2008,8.55,8.95,8.48,8.64,21399
10/02/2008,8.97,8.97,8.27,8.27,30109
10/03/2008,8.47,8.68,7.91,8.24,94294
10/06/2008,7.93,8.69,7.5,8.17,112683
10/07/2008,8.08,8.27,7.42,7.51,44001
10/08/2008,7.36,7.95,7,7,148741
10/09/2008,7.27,7.38,6,6.35,134532
10/10/2008,6.27,7.5,6.1,7.5,211199
10/13/2008,6.98,7.5,6.8,7.43,276277
10/14/2008,7.73,7.73,7,7.23,97916
10/15/2008,7.08,7.35,6.6,6.65,131413
10/16/2008,6.71,7.25,6.64,7.11,131450
10/17/2008,6.94,7.23,6.5,6.95,182938
10/20/2008,7.39,7.6,7.01,7.4,55641
10/21/2008,7.66,7.66,7.24,7.46,70636
10/22/2008,7.29,7.82,7.1,7.36,65656
10/23/2008,7.39,7.91,7.2,7.89,81421
10/24/2008,7.25,7.83,7.25,7.32,46559
10/27/2008,7.24,7.42,6.8,6.83,51454
10/28/2008,7.07,7.5,6.32,7.35,82488
10/29/2008,7.35,7.77,7.35,7.38,46375
10/30/2008,7.62,7.62,7.1,7.45,50251
10/31/2008,7.41,7.73,7.15,7.4,95797
11/03/2008,7.34,7.54,7.1,7.15,50494
11/04/2008,7.22,7.39,6.96,7.25,88802
11/05/2008,7.19,7.6,6.81,6.86,75693
11/06/2008,6.92,7.13,6.81,6.82,63393
11/07/2008,6.99,7.03,6.7,6.91,41364
11/10/2008,6.74,7.17,6.55,6.55,67203
11/11/2008,6.46,6.92,6.04,6.15,72536
11/12/2008,6.02,6.27,5.85,5.85,76043
11/13/2008,5.91,6.29,5.85,6.06,85971
11/14/2008,5.97,6.15,5.54,5.76,47487
11/17/2008,5.76,5.89,5.72,5.75,36063
11/18/2008,5.76,5.76,5,5.65,102059
11/19/2008,5.65,5.72,5,5.09,72348
11/20/2008,5.05,5.22,4.5,4.51,57422
11/21/2008,4.69,5.03,4.3,5.03,109792
11/24/2008,4.96,5.52,4.96,5.09,81038
11/25/2008,5.23,5.3,4.51,4.96,147171
11/26/2008,4.82,5.24,4.82,5.01,92338
11/28/2008,4.99,5.2602,4.99,5.26,16475
12/01/2008,5.1,5.17,4.43,4.54,176523
12/02/2008,4.61,4.61,4.23,4.6,102419
12/03/2008,4.47,4.95,4.34,4.825,105425
12/04/2008,4.76,5.11,4.63,4.77,61097
12/05/2008,4.65,5.16,4.53,5.02,62449
12/08/2008,5.16,5.34,5.1,5.2,128464
12/09/2008,4.95,5.39,4.75,4.75,41043
12/10/2008,4.81,5.2,4.62,4.8,25480
12/11/2008,4.73,4.94,4.45,4.61,45474
12/12/2008,4.5,4.88,4.45,4.7,74474
12/15/2008,4.75,4.89,4.32,4.41,22407
12/16/2008,4.52,4.96,4.23,4.9,154379
12/17/2008,4.87,5.62,4.77,5.4,97948
12/18/2008,5.47,5.99,5.32,5.93,55931
12/19/2008,6.14,6.65,5.78,6.22,162244
12/22/2008,6.15,6.24,5.41,5.79,52122
12/23/2008,5.7,6.16,5.6545,5.7,16064
12/24/2008,5.77,6.1,5.75,6.04,20846
12/26/2008,5.93,6.05,5.79,5.98,24561
12/29/2008,5.98,6.14,5.3,5.6,38992
12/30/2008,5.63,5.75,5.36,5.64,38980
12/31/2008,5.64,6.02,5.29,5.95,55453
01/02/2009,6,6.3,5.93,6.16,34449
01/05/2009,6.22,6.4,6.08,6.16,75266
01/06/2009,6.29,6.45,6,6.14,74009
01/07/2009,6.12,6.12,5.5,5.57,36116
01/08/2009,5.58,6,5.58,6,15359
01/09/2009,6.02,6.02,5.15,5.27,73549
01/12/2009,5.12,5.19,4.97,5.08,30014
01/13/2009,4.98,5.11,4.91,5.09,14332
01/14/2009,5,5.06,4.31,4.38,55871
01/15/2009,4.38,4.91,4.25,4.91,54457
01/16/2009,4.9,4.96,4.5,4.61,54921
01/20/2009,4.58,4.77,4.25,4.25,38697
01/21/2009,4.26,5.12,4.26,5.04,46753
01/22/2009,4.97,4.97,4.41,4.63,40574
01/23/2009,4.46,4.62,4.28,4.39,24097
01/26/2009,4.41,4.73,4.28,4.54,16862
01/27/2009,4.55,4.71,4.34,4.59,13851
01/28/2009,4.65,4.79,4.53,4.69,48510
01/29/2009,4.61,4.71,4.12,4.2,48264
01/30/2009,4.24,4.44,4,4.21,67804
02/02/2009,4.14,4.38,4.01,4.3,40795
02/03/2009,4.34,4.43,4.05,4.09,62228
02/04/2009,4.22,4.43,4.18,4.35,30810
02/05/2009,4.36,4.36,4.07,4.18,50623
02/06/2009,4.2,4.3,4.16,4.23,33269
02/09/2009,4.21,4.6,4,4.47,83941
02/10/2009,4.47,4.6,4,4.12,50249
02/11/2009,4.15,4.5,4.1,4.15,37687
02/12/2009,4.19,4.56,4.15,4.28,53515
02/13/2009,4.3,4.65,4.15,4.42,58566
02/17/2009,4.43,4.5,4.25,4.27,36036
02/18/2009,4.29,4.49,4.1,4.18,36653
02/19/2009,4.25,4.39,4,4.05,34055
02/20/2009,4.04,4.16,3.65,4.09,81640
02/23/2009,4.09,4.16,3.51,3.81,62192
02/24/2009,3.83,4.34,3.55,4.34,119417
02/25/2009,4.32,4.32,3.92,4.05,55874
02/26/2009,4.14,4.41,4.1,4.28,64021
02/27/2009,4.2,4.48,4.1,4.27,52217
03/02/2009,4.18,4.18,4.02,4.1,49571
03/03/2009,4.16,4.16,3.71,3.97,53908
03/04/2009,4.1,4.23,4.03,4.21,42865
03/05/2009,4.11,4.11,4.01,4.05,34925
03/06/2009,4.08,4.28,3.85,4.23,54238
03/09/2009,4.18,4.25,3.91,4,38993
03/10/2009,4.11,4.48,4.11,4.47,29755
03/11/2009,4.11,4.175,3.95,3.96,70939
03/12/2009,3.91,4.42,3.9,4.05,169719
03/13/2009,4.06,4.45,3.95,3.95,27379
03/16/2009,4,4.44,4,4.04,43726
03/17/2009,4.04,4.12,4.04,4.12,80188
03/18/2009,4.1,4.25,4.01,4.14,66702
03/19/2009,4.21,4.21,4.03,4.09,54054
03/20/2009,4.13,4.19,4.03,4.08,66536
03/23/2009,4.19,4.28,4.1,4.26,79816
03/24/2009,4.18,4.24,4.06,4.07,41444
03/25/2009,4.12,4.25,4.03,4.19,33738
03/26/2009,4.22,4.23,4.1,4.23,44094
03/27/2009,4.15,4.2,4,4.02,26636
03/30/2009,4,4.05,3.9,3.93,86624
03/31/2009,3.99,3.99,3.86,3.9,77545
04/01/2009,3.9,4.01,3.88,3.89,61842
04/02/2009,4.01,4.12,3.85,4.08,83943
04/03/2009,4.08,4.19,4,4.01,27221
04/06/2009,4,4.04,4,4.03,28029
04/07/2009,4.02,4.1203,3.86,3.86,47978
04/08/2009,3.9,4,3.8,3.91,129314
04/09/2009,4.01,4.38,3.97,4.24,52740
04/13/2009,4.23,4.37,4.01,4.23,19197
04/14/2009,4.15,4.3675,4.06,4.1,87323
04/15/2009,4.09,4.26,4.04,4.11,55433
04/16/2009,4.2,4.62,4.16,4.47,48750
04/17/2009,4.49,4.58,4.38,4.47,28469
04/20/2009,4.37,4.38,4.04,4.05,49977
04/21/2009,4.02,4.51,3.95,4.49,20428
04/22/2009,4.4,4.68,4.22,4.24,24142
04/23/2009,4.3,4.3,4.17,4.185,32193
04/24/2009,4.21,4.66,4.2,4.43,26969
04/27/2009,4.43,4.43,4.15,4.16,31528
04/28/2009,4.29,4.36,4.12,4.13,23802
04/29/2009,4.1801,4.52,4.1801,4.51,33587
04/30/2009,4.5,4.55,4.23,4.53,120388
05/01/2009,4.49,4.74,4.31,4.45,60706
05/04/2009,4.48,4.84,4.39,4.78,36131
05/05/2009,4.78,5.01,4.78,5.01,83597
05/06/2009,5.05,5.35,5.05,5.19,64218
05/07/2009,5.3,5.41,4.93,5.26,31677
05/08/2009,5.36,5.4,5.18,5.25,41048
05/11/2009,5.16,5.37,5.13,5.23,25222
05/12/2009,5.29,5.29,5.1,5.19,25536
05/13/2009,5.06,5.1599,4.9,4.98,72002
05/14/2009,4.98,5.24,4.98,5.13,39441
05/15/2009,5.2,5.2,4.77,5.01,66396
05/18/2009,5.06,5.54,4.91,5.36,42511
05/19/2009,5.32,5.32,5.05,5.12,44358
05/20/2009,5.17,5.21,5,5.02,24132
05/21/2009,4.99,5.75,4.94,5.32,46343
05/22/2009,5.37,5.5,5.25,5.25,72695
05/26/2009,5.27,5.53,5.25,5.29,102862
05/27/2009,5.28,5.29,4.88,4.9,36655
05/28/2009,4.96,5.23,4.92,5.09,68356
05/29/2009,5.1,5.43,4.85,5.4,90606
06/01/2009,5.57,5.57,5.19,5.4,76459
06/02/2009,5.39,5.57,5.2,5.57,30429
06/03/2009,5.53,5.73,5.29,5.57,32316
06/04/2009,5.61,6.05,5.61,5.89,48206
06/05/2009,6.06,6.16,5.96,6.14,31552
06/08/2009,6.07,6.37,5.93,6.22,18702
06/09/2009,6.28,6.38,6.13,6.14,31371
06/10/2009,6.18,6.24,5.66,5.78,53525
06/11/2009,5.79,6.19,5.79,5.9,30249
06/12/2009,5.94,6.14,5.85,6,40150
06/15/2009,5.9,5.94,5.47,5.62,45355
06/16/2009,5.66,5.71,5.46,5.63,32218
06/17/2009,5.63,5.79,5.51,5.69,25564
06/18/2009,5.63,5.72,5.54,5.72,10229
06/19/2009,5.81,5.81,5.35,5.61,101475
06/22/2009,5.6,5.75,5.35,5.37,45644
06/23/2009,5.43,5.44,5.15,5.23,20780
06/24/2009,5.26,5.44,5.25,5.26,13408
06/25/2009,5.2,5.52,5.2,5.44,55292
06/26/2009,5.4,6.08,5.33,6.08,449819
06/29/2009,6,6,5.58,5.64,66931
06/30/2009,5.67,6.03,5.5,5.51,53056
07/01/2009,5.57,5.98,5.57,5.74,39782
07/02/2009,5.67,5.84,5.46,5.68,64296
07/06/2009,5.67,5.85,5.4,5.61,43519
07/07/2009,5.63,5.79,5.51,5.52,35209
07/08/2009,5.58,5.98,5.23,5.62,73042
07/09/2009,5.63,5.74,5.55,5.55,34058
07/10/2009,5.55,5.62,5.42,5.43,14135
07/13/2009,5.48,5.9,5.38,5.84,28297
07/14/2009,5.61,5.82,5.57,5.77,28994
07/15/2009,5.72,6.08,5.52,6.08,126479
07/16/2009,6.03,6.19,5.69,6,92973
07/17/2009,6.02,6.05,5.92,6.02,24401
07/20/2009,6.05,6.05,5.95,6,28552
07/21/2009,6.05,6.05,5.98,6,29287
07/22/2009,5.95,6,5.79,5.9,246184
07/23/2009,5.88,6,5.81,6,97500
07/24/2009,5.93,5.95,5.81,5.89,38129
07/27/2009,5.87,6,5.79,5.98,17647
07/28/2009,5.95,5.99,5.65,5.9,21068
07/29/2009,5.82,5.95,5.75,5.79,13762
07/30/2009,5.89,6.01,5.78,5.93,75077
07/31/2009,5.89,5.94,5.79,5.83,43249
08/03/2009,5.89,5.89,5.61,5.71,12652
08/04/2009,5.67,5.79,5.62,5.74,16840
08/05/2009,5.75,5.75,5.6,5.61,22885
08/06/2009,5.66,5.73,5.351,5.43,31043
08/07/2009,5.55,5.73,5.55,5.66,74465
08/10/2009,5.59,6.08,5.55,5.92,30907
08/11/2009,5.88,6.17,5.88,6.01,22127
08/12/2009,5.96,6.21,5.74,6.05,315203
08/13/2009,6.1,6.15,5.96,6.04,80863
08/14/2009,6.05,6.1,5.82,5.95,49955
08/17/2009,5.8,5.93,5.77,5.79,26022
08/18/2009,5.84,6.1,5.8,6.08,61286
08/19/2009,6.075,6.075,5.88,5.9,35818
08/20/2009,5.91,5.92,5.86,5.9,13724
08/21/2009,6,6.02,5.8,5.91,58019
08/24/2009,5.95,6,5.91,5.92,36313
08/25/2009,5.94,5.99,5.92,5.95,27938
08/26/2009,5.92,5.9699,5.8501,5.95,20599
08/27/2009,5.98,6.01,5.86,6,41293
08/28/2009,6.05,6.05,5.7,5.77,20360
08/31/2009,5.79,5.99,5.527,5.62,82244
09/01/2009,5.55,5.7,5.41,5.41,72196
09/02/2009,5.41,5.51,5.085,5.27,164325
09/03/2009,5.29,5.32,5.05,5.29,52240
09/04/2009,5.38,5.45,5.25,5.4,49476
09/08/2009,5.42,5.54,5.15,5.21,91878
09/09/2009,5.22,5.34,5.15,5.24,24725
09/10/2009,5.25,5.51,5.15,5.19,60078
09/11/2009,5.2,5.4199,5.15,5.17,66129
09/14/2009,5.16,5.2792,5.13,5.17,28948
09/15/2009,5.15,5.42,5.11,5.4,75128
09/16/2009,5.12,5.56,5.12,5.51,73104
09/17/2009,5.53,5.72,5.48,5.59,24939
09/18/2009,5.63,5.77,5.54,5.6601,66682
09/21/2009,5.63,5.745,5.61,5.74,19860
09/22/2009,5.77,5.98,5.69,5.9,18433
09/23/2009,5.9,5.97,5.83,5.85,31657
09/24/2009,5.85,5.88,5.75,5.87,23929
09/25/2009,5.85,5.93,5.74,5.81,50960
09/28/2009,5.83,6.21,5.79,6.14,48018
09/29/2009,6.15,6.15,6,6.04,32069
09/30/2009,6.02,6.03,5.9,5.91,68688
10/01/2009,5.93,6,5.7775,5.78,52209
10/02/2009,5.77,5.81,5.53,5.55,48623
10/05/2009,5.6,5.8199,5.565,5.72,52570
10/06/2009,5.76,6.09,5.75,6.06,22682
10/07/2009,6.05,6.25,6.05,6.08,15667
10/08/2009,6.17,6.17,5.95,5.95,82042
10/09/2009,5.94,6,5.83,5.96,22192
10/12/2009,6,6.1,5.8,5.81,18495
10/13/2009,5.79,5.79,5.56,5.58,13604
10/14/2009,5.65,5.8,5.55,5.63,48667
10/15/2009,5.6,5.72,5.6,5.665,22725
10/16/2009,5.6,5.77,5.6,5.74,28699
10/19/2009,5.78,5.924,5.75,5.82,43313
10/20/2009,5.85,5.96,5.82,5.9,47276
10/21/2009,5.95,5.98,5.8,5.85,37718
10/22/2009,5.81,5.9,5.8,5.83,33779
10/23/2009,5.81,5.87,5.75,5.8,48424
10/26/2009,5.86,5.86,5.72,5.76,36806
10/27/2009,5.93,5.95,5.8412,5.87,33338
10/28/2009,5.88,5.97,5.83,5.84,35583
10/29/2009,5.85,5.99,5.83,5.89,36990
10/30/2009,5.83,5.87,5.75,5.79,39405
11/02/2009,5.84,5.92,5.745,5.79,86660
11/03/2009,5.87,5.89,5.7,5.75,20943
11/04/2009,5.78,5.86,5.66,5.66,33779
11/05/2009,5.73,5.88,5.7005,5.8,40584
11/06/2009,5.74,5.82,5.7,5.75,18942
11/09/2009,5.82,6.09,5.75,5.82,54889
11/10/2009,5.84,5.974,5.83,5.91,70593
11/11/2009,5.98,6,5.77,5.85,32087
11/12/2009,5.82,5.85,5.63,5.65,45167
11/13/2009,5.66,5.79,5.4,5.49,37493
11/16/2009,5.55,5.82,5.44,5.68,40102
11/17/2009,5.66,5.66,5.5,5.5,32613
11/18/2009,5.5,5.56,5.17,5.23,63893
11/19/2009,5.17,5.21,4.95,4.95,60404
11/20/2009,4.97,5.08,4.75,4.75,87063
11/23/2009,4.88,5.1,4.74,5.05,122257
11/24/2009,5.04,5.27,5.03,5.25,26668
11/25/2009,5.3,5.42,4.95,4.95,43611
11/27/2009,4.9,5.1,4.9,5,34453
11/30/2009,5.01,5.11,4.8,5.08,30932
12/01/2009,5.09,5.34,5.04,5.19,67226
12/02/2009,5.18,5.559,5.18,5.34,29930
12/03/2009,5.38,5.39,5.15,5.16,41049
12/04/2009,5.27,5.36,5.2,5.3,55605
12/07/2009,5.29,5.35,5.13,5.22,59935
12/08/2009,5.18,5.53,5.105,5.15,60717
12/09/2009,5.15,5.37,5.05,5.3,46152
12/10/2009,5.35,5.37,5.11,5.13,54233
12/11/2009,5.18,5.45,5.1602,5.25,34363
12/14/2009,5.24,5.43,5.16,5.23,29814
12/15/2009,5.23,5.23,5.1,5.1,84021
12/16/2009,5.16,5.2,5.04,5.14,35060
12/17/2009,5.06,5.2,4.9,5.06,46309
12/18/2009,5.08,5.39,5,5.01,157752
12/21/2009,5.03,5.29,4.99,5,49799
12/22/2009,5.04,5.13,4.9,5.09,64778
12/23/2009,5.12,5.37,5.12,5.32,14207
12/24/2009,5.28,5.28,5.1,5.17,3160
12/28/2009,5.151,5.41,5.135,5.31,24939
12/29/2009,5.34,5.36,5.23,5.32,7571
12/30/2009,5.3,5.4,5.26,5.38,37273
12/31/2009,5.4,5.5995,5.35,5.52,40032
01/04/2010,5.59,5.78,5.59,5.61,20977
01/05/2010,5.62,5.62,5.4,5.43,35085
01/06/2010,5.42,5.69,5.33,5.35,121111
01/07/2010,5.44,5.58,5.4,5.44,38389
01/08/2010,5.55,5.55,5.31,5.35,17380
01/11/2010,5.39,5.47,5.17,5.2,23196
01/12/2010,5.17,5.22,5.12,5.19,42483
01/13/2010,5.23,5.36,5.17,5.2,36053
01/14/2010,5.23,5.25,5.05,5.11,26026
01/15/2010,5.14,5.16,4.91,5.03,74514
01/19/2010,5.03,5.29,5.03,5.23,13852
01/20/2010,5.2,5.3,5.02,5.1,30152
01/21/2010,5.11,5.18,4.8,4.82,64888
01/22/2010,4.83,4.93,4.8,4.84,16646
01/25/2010,4.9,5.02,4.8,4.82,34115
01/26/2010,4.8,4.93,4.74,4.74,27023
01/27/2010,4.74,4.82,4.74,4.78,24531
01/28/2010,4.8,4.85,4.726,4.73,36521
01/29/2010,4.76,4.81,4.7,4.72,48266
02/01/2010,4.74,4.85,4.69,4.71,31024
02/02/2010,4.73,4.77,4.63,4.63,36493
02/03/2010,5.07,5.24,4.65,4.68,64423
02/04/2010,4.65,4.75,4.59,4.59,48010
02/05/2010,4.62,4.705,4.55,4.69,25141
02/08/2010,4.625,4.67,4.56,4.58,38246
02/09/2010,4.66,4.74,4.64,4.67,8978
02/10/2010,4.64,4.72,4.6,4.64,12225
02/11/2010,4.62,4.65,4.5,4.6,87864
02/12/2010,4.58,4.66,4.58,4.6,36551
02/16/2010,4.65,4.72,4.6,4.61,54404
02/17/2010,4.64,4.71,4.59,4.66,95524
02/18/2010,4.67,4.8,4.67,4.8,56096
02/19/2010,4.8,4.91,4.75,4.86,58793
02/22/2010,4.9,4.95,4.85,4.95,16473
02/23/2010,4.95,5,4.92,4.99,38801
02/24/2010,5.13,5.25,5.08,5.15,41391
02/25/2010,5.07,5.22,5.07,5.17,58996
02/26/2010,5.28,5.28,5.15,5.17,48023
03/01/2010,5.35,5.35,5.14,5.25,31798
03/02/2010,5.23,5.3,5.18,5.29,36841
03/03/2010,5.32,5.34,5.24,5.27,34123
03/04/2010,5.29,5.29,5.25,5.28,17226
03/05/2010,5.29,5.58,5.27,5.57,84240
03/08/2010,5.73,5.97,5.65,5.77,98836
03/09/2010,5.75,6.1,5.75,5.9,182202
03/10/2010,5.88,5.99,5.84,5.93,70247
03/11/2010,5.89,5.97,5.81,5.92,91989
03/12/2010,5.98,5.98,5.82,5.87,104718
03/15/2010,5.88,5.88,5.75,5.79,29170
03/16/2010,5.8,6.22,5.76,6.19,487564
03/17/2010,6.19,6.4,6.19,6.25,69286
03/18/2010,6.07,6.24,6.07,6.2,34144
03/19/2010,6.23,6.23,5.88,6,157856
03/22/2010,5.96,6.075,5.83,5.9975,69558
03/23/2010,5.99,6.08,5.98,6.08,34819
03/24/2010,6.1575,6.24,6.02,6.2,95123
03/25/2010,6.25,6.28,6,6.01,59922
03/26/2010,6.01,6.22,5.99,6.2,80561
03/29/2010,6.24,6.25,6.08,6.21,36705
03/30/2010,6.24,6.35,6.18,6.35,66963
03/31/2010,6.27,6.37,6.19,6.19,124096
04/01/2010,6.28,6.28,5.96,6.21,122214
04/05/2010,6.22,6.33,6.18,6.285,50789
04/06/2010,6.29,6.32,6.11,6.25,27425
04/07/2010,6.23,6.38,6.2126,6.3,46951
04/08/2010,6.27,6.27,6.13,6.16,11919
04/09/2010,6.18,6.22,6.1,6.18,16875
04/12/2010,6.17,6.18,6.08,6.13,25751
04/13/2010,6.15,6.35,6.1,6.29,55739
04/14/2010,6.38,6.4895,6.19,6.3,38485
04/15/2010,6.33,6.33,6.18,6.2,21142
04/16/2010,6.22,6.22,5.99,6,60222
04/19/2010,5.99,6.19,5.99,6.12,30714
04/20/2010,6.17,6.32,6.12,6.29,20712
04/21/2010,6.3,6.3,6.21,6.28,9539
04/22/2010,6.21,6.3,6.2,6.3,26209
04/23/2010,6.31,6.31,6.12,6.27,20720
04/26/2010,6.28,6.28,6.14,6.15,11869
04/27/2010,6.11,6.19,6.01,6.06,26481
04/28/2010,6.12,6.25,6.07,6.18,48864
04/29/2010,6.14,6.2,6.02,6.05,32451
04/30/2010,6.05,6.05,5.95,5.98,63521
05/03/2010,6.01,6.11,5.96,6.04,39465
05/04/2010,5.96,5.98,5.75,5.79,35873
05/05/2010,5.73,5.85,5.65,5.65,35495
05/06/2010,5.65,5.78,5.11,5.59,50577
05/07/2010,5.54,5.62,5.14,5.22,62704
05/10/2010,5.35,5.75,5.27,5.7,52991
05/11/2010,5.61,5.93,5.5,5.91,92847
05/12/2010,5.91,6.14,5.91,5.94,49886
05/13/2010,5.93,6.03,5.93,5.95,11552
05/14/2010,5.94,5.94,5.7,5.74,43736
05/17/2010,5.78,5.88,5.58,5.69,30502
05/18/2010,5.78,5.87,5.7,5.75,20331
05/19/2010,5.72,5.84,5.62,5.67,47643
05/20/2010,5.65,5.65,5.23,5.33,54546
05/21/2010,5.29,5.57,5.28,5.42,76015
05/24/2010,5.38,5.45,5.26,5.29,33266
05/25/2010,5.21,5.26,5.1,5.21,38876
05/26/2010,5.21,5.58,5.21,5.34,44406
05/27/2010,5.52,5.67,5.35,5.45,89819
05/28/2010,5.45,5.45,5.3,5.33,76945
06/01/2010,5.32,5.43,5.26,5.26,97075
06/02/2010,5.28,5.6,5.28,5.57,54093
06/03/2010,5.54,5.75,5.4,5.4,93684
06/04/2010,5.3,5.53,5.15,5.16,104443
06/07/2010,5.18,5.31,5.1519,5.2,55862
06/08/2010,5.22,5.37,5.22,5.31,35971
06/09/2010,5.38,5.45,5.28,5.29,34921
06/10/2010,5.42,5.52,5.31,5.5,59021
06/11/2010,5.43,5.72,5.43,5.61,51989
06/14/2010,5.68,5.82,5.52,5.58,27998
06/15/2010,5.65,5.89,5.49,5.85,48518
06/16/2010,5.93,6.04,5.85,5.89,31643
06/17/2010,5.94,5.98,5.81,5.91,34926
06/18/2010,5.96,6.03,5.76,5.78,137277
06/21/2010,5.88,6.09,5.76,5.76,39149
06/22/2010,5.8,5.93,5.7,5.77,27530
06/23/2010,5.76,5.93,5.65,5.82,33233
06/24/2010,5.77,5.82,5.65,5.71,68777
06/25/2010,5.75,5.8799,5.7,5.83,304892
06/28/2010,5.84,5.92,5.79,5.8,48504
06/29/2010,5.7,5.78,5.54,5.59,72527
06/30/2010,5.61,5.63,5.55,5.57,49255
07/01/2010,5.58,5.85,5.55,5.56,43544
07/02/2010,5.61,5.69,5.56,5.62,51470
07/06/2010,5.7,5.77,5.55,5.55,47942
07/07/2010,5.61,5.72,5.48,5.59,50717
07/08/2010,5.67,5.67,5.45,5.56,35869
07/09/2010,5.54,5.75,5.54,5.69,41226
07/12/2010,5.7,5.7,5.49,5.51,23922
07/13/2010,5.58,5.83,5.58,5.82,48756
07/14/2010,5.78,5.79,5.58,5.78,16670
07/15/2010,5.75,5.75,5.49,5.59,29227
07/16/2010,5.56,5.57,5.2,5.41,482091
07/19/2010,5.35,5.5,5.35,5.48,12515
07/20/2010,5.44,5.62,5.35,5.6,42200
07/21/2010,5.62,5.67,5.45,5.45,32721
07/22/2010,5.54,5.62,5.47,5.56,53221
07/23/2010,5.53,5.59,5.5,5.57,60393
07/26/2010,5.55,5.6,5.44,5.59,58645
07/27/2010,5.52,5.61,5.49,5.54,42663
07/28/2010,5.56,5.6,5.45,5.46,15733
07/29/2010,5.49,5.6,5.44,5.55,14975
07/30/2010,5.46,5.55,5.46,5.5,13178
08/02/2010,5.6,5.62,5.45,5.6,48510
08/03/2010,5.56,5.61,5.44,5.5,22898
08/04/2010,5.53,5.62,5.5,5.6,19305
08/05/2010,5.54,5.6,5.52,5.53,11293
08/06/2010,5.45,5.52,5.4,5.44,25111
08/09/2010,5.5,5.5,5.4,5.4,19403
08/10/2010,5.4,5.5,5.3,5.41,54687
08/11/2010,5.36,5.42,5.3,5.31,68697
08/12/2010,5.3,5.37,5.29,5.33,44211
08/13/2010,5.33,5.4,5.14,5.19,104440
08/16/2010,5.21,5.21,4.89,4.93,45699
08/17/2010,5,5.26,5,5.16,49971
08/18/2010,5.17,5.17,5.06,5.16,42696
08/19/2010,5.17,5.18,5.05,5.08,56006
08/20/2010,5.08,5.15,5.05,5.13,78442
08/23/2010,5.14,5.21,5.03,5.04,45652
08/24/2010,4.99,5.19,4.99,5,28033
08/25/2010,5.01,5.13,4.96,5.12,28034
08/26/2010,5.13,5.2,5.03,5.16,30679
08/27/2010,5.22,5.49,5.14,5.33,40278
08/30/2010,5.3,5.3,5.07,5.1,43017
08/31/2010,5.11,5.22,5.1,5.15,13217
09/01/2010,5.24,5.32,5.16,5.29,37606
09/02/2010,5.3,5.304,5.1,5.19,30491
09/03/2010,5.21,5.43,5.13,5.4,39329
09/07/2010,5.41,5.41,5.27,5.34,28161
09/08/2010,5.37,5.47,5.37,5.4,17010
09/09/2010,5.5,5.59,5.36,5.38,26082
09/10/2010,5.41,5.55,5.41,5.5,15759
09/13/2010,5.58,5.68,5.55,5.6,38625
09/14/2010,5.61,5.65,5.53,5.58,13947
09/15/2010,5.59,5.68,5.5,5.66,29185
09/16/2010,5.64,5.64,5.44,5.5,28656
09/17/2010,5.57,5.59,5.39,5.53,58779
09/20/2010,5.57,5.79,5.56,5.73,113581
09/21/2010,5.36,5.88,5.36,5.7,29614
09/22/2010,5.65,5.8,5.65,5.67,12705
09/23/2010,5.62,5.72,5.57,5.6,28861
09/24/2010,5.67,5.89,5.67,5.8,43822
09/27/2010,5.83,5.83,5.63,5.66,15437
09/28/2010,5.69,5.76,5.54,5.69,23804
09/29/2010,5.67,5.83,5.51,5.6,41389
09/30/2010,5.67,5.82,5.6,5.66,30460
10/01/2010,5.71,5.71,5.58,5.67,15843
10/04/2010,5.59,5.69,5.5,5.53,25859
10/05/2010,5.6,5.75,5.55,5.72,67583
10/06/2010,5.7,5.85,5.64,5.68,49613
10/07/2010,5.73,5.73,5.56,5.56,32998
10/08/2010,5.54,5.67,5.48,5.63,25606
10/11/2010,5.59,5.81,5.55,5.64,13708
10/12/2010,5.65,5.78,5.59,5.66,10178
10/13/2010,5.69,6.1,5.61,6.03,39537
10/14/2010,6.07,6.16,5.87,6.03,41457
10/15/2010,6.14,6.14,5.95,5.95,55880
10/18/2010,5.98,6.17,5.97,6.07,28439
10/19/2010,5.95,6.17,5.9,5.93,28068
10/20/2010,5.98,6.18,5.88,6.03,21577
10/21/2010,6.09,6.09,5.88,5.99,47550
10/22/2010,5.98,6.02,5.92,5.93,24564
10/25/2010,6,6.04,5.92,5.94,17514
10/26/2010,5.91,6.02,5.9,5.98,12292
10/27/2010,5.94,5.99,5.81,5.86,37672
10/28/2010,5.9,5.92,5.8,5.88,16147
10/29/2010,5.89,5.89,5.75,5.81,28697
11/01/2010,5.77,5.93,5.75,5.78,29705
11/02/2010,5.86,5.9,5.77,5.83,35930
11/03/2010,5.84,5.9193,5.84,5.89,9528
11/04/2010,6,6.3,5.86,6.23,73226
11/05/2010,6.25,6.31,6.13,6.24,15859
11/08/2010,6.27,6.3,6.11,6.23,33695
11/09/2010,6.14,6.4,6.1,6.32,97279
11/10/2010,6.29,6.44,6.29,6.43,29728
11/11/2010,6.32,6.42,6.31,6.38,8546
11/12/2010,6.3,6.34,6.12,6.17,35718
11/15/2010,6.2,6.31,6.04,6.15,26482
11/16/2010,6.15,6.24,6.05,6.18,40101
11/17/2010,6.2,6.2,6.11,6.17,7354
11/18/2010,6.26,6.41,6.2,6.37,22272
11/19/2010,6.35,6.35,6.27,6.31,23997
11/22/2010,6.26,6.42,6.24,6.42,11582
11/23/2010,6.36,6.36,6.28,6.3,7615
11/24/2010,6.33,6.57,6.33,6.51,20283
11/26/2010,6.47,6.55,6.43,6.5,6093
11/29/2010,6.44,6.95,6.41,6.81,36757
11/30/2010,6.75,6.82,6.62,6.8,42631
12/01/2010,6.92,7.19,6.89,7.13,62895
12/02/2010,7.14,7.23,7.11,7.22,20762
12/03/2010,7.17,7.22,7.15,7.2,18611
12/06/2010,7.18,7.36,7.18,7.32,20444
12/07/2010,7.43,7.69,7.29,7.63,78729
12/08/2010,7.7,7.74,7.28,7.28,32707
12/09/2010,7.39,7.42,7.25,7.41,25052
12/10/2010,7.39,7.49,7,7.49,48051
12/13/2010,7.48,7.48,7.21,7.22,68972
12/14/2010,7.26,7.33,7.24,7.28,34051
12/15/2010,7.29,7.34,7.02,7.02,45878
12/16/2010,7.02,7.39,7.02,7.35,17358
12/17/2010,7.34,7.38,7.24,7.35,110885
12/20/2010,7.41,7.41,7.29,7.35,18335
12/21/2010,7.41,7.61,7.34,7.57,21876
12/22/2010,7.62,7.74,7.53,7.55,47187
12/23/2010,7.54,7.68,7.5,7.56,48001
12/27/2010,7.53,7.54,7.37,7.52,26787
12/28/2010,7.41,7.64,7.34,7.51,22723
12/29/2010,7.51,7.51,7.3,7.37,23744
12/30/2010,7.38,7.49,7.37,7.37,7147
12/31/2010,7.38,7.42,7.18,7.26,40122
01/03/2011,7.29,7.45,7.22,7.39,37031
01/04/2011,7.44,7.44,7.31,7.32,43138
01/05/2011,7.32,7.54,7.32,7.37,40096
01/06/2011,7.34,7.4,7.26,7.3,10759
01/07/2011,7.33,7.34,7.17,7.31,22834
01/10/2011,7.26,7.38,7.2,7.23,72696
01/11/2011,7.26,7.36,7.17,7.28,54866
01/12/2011,7.34,7.34,7.19,7.2,17761
01/13/2011,7.22,7.25,7.1,7.13,17085
01/14/2011,7.14,7.21,7.11,7.14,33479
01/18/2011,7.11,7.18,7.08,7.17,31957
01/19/2011,7.11,7.11,6.75,6.75,60836
01/20/2011,6.71,7.0315,6.71,6.78,24420
01/21/2011,6.8,6.87,6.7,6.7,36298
01/24/2011,6.75,6.84,6.73,6.83,13541
01/25/2011,6.78,6.97,6.71,6.83,55848
01/26/2011,6.87,7.25,6.87,7.17,90360
01/27/2011,7.15,7.24,7.07,7.16,61199
01/28/2011,7.13,7.22,6.81,6.92,53409
01/31/2011,6.93,7.1,6.88,6.94,21413
02/01/2011,6.95,7.17,6.92,7.14,23331
02/02/2011,7.11,7.22,7.09,7.09,8065
02/03/2011,7.12,7.12,6.9,6.93,7694
02/04/2011,6.92,7.02,6.77,7.01,40531
02/07/2011,6.99,7.2,6.99,7.13,24426
02/08/2011,7.14,7.2,7,7.12,32101
02/09/2011,7.05,7.14,7.05,7.11,8728
02/10/2011,7.07,7.1775,7.07,7.14,16432
02/11/2011,7.06,7.17,7.05,7.1,24681
02/14/2011,7.08,7.11,7,7.0101,34908
02/15/2011,6.96,7.04,6.93,6.97,28176
02/16/2011,7,7,6.94,6.96,23123
02/17/2011,6.95,7.39,6.95,7.15,22130
02/18/2011,7.2,7.2,7.12,7.14,26667
02/22/2011,7.06,7.23,7,7.02,36925
02/23/2011,7.04,7.13,6.95,6.96,25919
02/24/2011,6.99,7.07,6.98,7.04,52129
02/25/2011,7.05,7.1,7,7.03,44924
02/28/2011,7.04,7.19,6.99,7.03,25795
03/01/2011,7.04,7.04,6.86,6.86,25218
03/02/2011,6.87,7.1,6.85,7.08,26546
03/03/2011,7.16,7.16,6.92,6.98,35946
03/04/2011,6.94,7,6.92,6.97,27027
03/07/2011,7.02,7.03,6.8,6.98,58005
03/08/2011,6.96,7.29,6.89,7.25,40795
03/09/2011,7.25,7.25,7.12,7.14,13027
03/10/2011,7.03,7.11,6.8,6.82,41940
03/11/2011,6.8,6.82,6.8,6.8,32041
03/14/2011,6.81,6.86,6.77,6.8,20637
03/15/2011,6.8,7.14,6.8,6.85,47382
03/16/2011,6.82,6.94,6.8,6.8,37579
03/17/2011,6.94,7.05,6.88,7.02,130247
03/18/2011,7.04,7.2,6.85,7.03,92304
03/21/2011,7.07,7.45,6.94,7.38,103781
03/22/2011,7.35,7.35,7.1,7.11,22184
03/23/2011,7.1,7.48,7,7.39,87562
03/24/2011,7.54,7.7,7.4046,7.585,126837
03/25/2011,7.64,7.9,7.56,7.79,57952
03/28/2011,7.85,8.19,7.85,8,83357
03/29/2011,8.01,8.04,7.98,8,32116
03/30/2011,8.06,8.1,7.88,7.98,65549
03/31/2011,7.95,8.13,7.882,8,43621
04/01/2011,8.1,8.36,8.05,8.33,82788
04/04/2011,8.33,8.39,8.23,8.35,30236
04/05/2011,8.32,8.71,8.28,8.7,37364
04/06/2011,8.76,8.87,8.62,8.66,47717
04/07/2011,8.65,8.69,8.57,8.63,31835
04/08/2011,8.72,8.82,8.56,8.56,27565
04/11/2011,8.57,8.8,8.4,8.4,30930
04/12/2011,8.4,8.47,8.2,8.21,57848
04/13/2011,8.31,8.31,8.01,8.15,48924
04/14/2011,8.15,8.48,8.1,8.32,41862
04/15/2011,8.29,8.35,8.25,8.33,40727
04/18/2011,8.3,8.35,8.22,8.29,26857
04/19/2011,8.32,8.32,8.1,8.11,14428
04/20/2011,8.27,8.51,8.27,8.42,36952
04/21/2011,8.51,8.6,8.5,8.52,13198
04/25/2011,8.48,8.57,8.26,8.28,24376
04/26/2011,8.72,8.72,8.1,8.3,69516
04/27/2011,8.3,8.3,8.19,8.29,28713
04/28/2011,8.24,8.31,8.16,8.3,21340
04/29/2011,8.35,8.7,8.35,8.63,56823
05/02/2011,8.63,8.7,8.21,8.22,53422
05/03/2011,8.22,8.25,8.1,8.1,20050
05/04/2011,8.24,8.24,7.94,7.94,22355
05/05/2011,7.9,8.25,7.76,7.82,40486
05/06/2011,7.95,8.19,7.9,7.99,34642
05/09/2011,8.01,8.01,7.89,7.91,15643
05/10/2011,8.05,8.58,8.05,8.54,27567
05/11/2011,8.49,8.56,8.44,8.45,31069
05/12/2011,8.41,8.63,8.41,8.61,140936
05/13/2011,8.61,8.62,8.32,8.34,28986
05/16/2011,8.32,8.41,8.12,8.12,43221
05/17/2011,8.1,8.138,7.87,7.9,46002
05/18/2011,7.93,7.94,7.81,7.9,33036
05/19/2011,7.99,7.99,7.84,7.88,22655
05/20/2011,7.88,8.13,7.8,7.85,64135
05/23/2011,7.76,8.23,7.76,8.11,28424
05/24/2011,8.16,8.16,7.93,7.94,28000
05/25/2011,7.9,7.99,7.84,7.95,19548
05/26/2011,7.91,7.95,7.8,7.9,62875
05/27/2011,7.91,8.09,7.86,8.04,21532
05/31/2011,8.11,8.11,7.88,7.93,47499
06/01/2011,7.86,7.97,7.5,7.51,52985
06/02/2011,7.58,7.81,7.52,7.61,30639
06/03/2011,7.5,7.59,7.35,7.35,40719
06/06/2011,7.35,7.44,7.15,7.26,48164
06/07/2011,7.29,7.33,7.15,7.31,42623
06/08/2011,7.27,8.01,7.27,7.81,56112
06/09/2011,7.76,7.8,7.45,7.5,46534
06/10/2011,7.51,7.51,6.99,7.05,93023
06/13/2011,7.09,7.24,7.03,7.08,49083
06/14/2011,7.06,7.4,7.06,7.38,31066
06/15/2011,7.31,7.43,7.18,7.2,45220
06/16/2011,7.44,7.75,7.36,7.41,68165
06/17/2011,7.47,7.61,7.32,7.38,85028
06/20/2011,7.38,7.41,7.05,7.07,66685
06/21/2011,7.16,7.38,7.06,7.32,43186
06/22/2011,7.25,7.37,7.1,7.12,31000
06/23/2011,7.05,7.22,7,7.12,46452
06/24/2011,7.14,7.39,7.06,7.35,291794
06/27/2011,7.36,8.12,7.36,8.02,71568
06/28/2011,8.01,8.17,7.98,8,40000
06/29/2011,8.08,8.22,7.8,7.97,271521
06/30/2011,7.96,8.04,7.88,7.91,17659
07/01/2011,7.93,8.03,7.85,7.98,48044
07/05/2011,7.99,8.04,7.8,7.82,75558
07/06/2011,7.84,8.035,7.83,8,56848
07/07/2011,8.04,8.25,8.04,8.09,35517
07/08/2011,8.01,8.1,8,8.02,13425
07/11/2011,7.96,8.2,7.95,8.11,60581
07/12/2011,8.1,8.21,8.06,8.08,26667
07/13/2011,8.15,8.25,8.05,8.22,35526
07/14/2011,8.29,8.31,8.05,8.07,28229
07/15/2011,8.06,8.16,7.9,7.98,35341
07/18/2011,7.98,8.07,7.9,7.95,21223
07/19/2011,8.05,8.25,7.93,8.13,31562
07/20/2011,8.12,8.15,8.03,8.03,10999
07/21/2011,8.12,8.29,7.97,8.01,38008
07/22/2011,8.02,8.08,7.87,7.98,31274
07/25/2011,7.89,8.07,7.75,7.77,33815
07/26/2011,7.81,7.84,7.69,7.71,25682
07/27/2011,7.7,7.74,7.43,7.55,71375
07/28/2011,7.59,7.85,7.52,7.82,37153
07/29/2011,7.74,7.74,7.52,7.63,28876
08/01/2011,7.74,7.74,7.48,7.48,33669
08/02/2011,7.46,7.55,7.23,7.29,52154
08/03/2011,7.29,7.965,7.25,7.86,70182
08/04/2011,7.75,7.92,7.36,7.46,59764
08/05/2011,7.54,7.83,7.19,7.22,106132
08/08/2011,7.11,7.17,6.2,6.21,78778
08/09/2011,6.59,7.5,5.84,7.5,95469
08/10/2011,7.25,7.41,6.65,6.66,57755
08/11/2011,6.7,7.25,6.55,6.99,82138
08/12/2011,7.04,7.05,6.59,6.73,38303
08/15/2011,6.74,6.98,6.55,6.88,46461
08/16/2011,6.79,6.79,6.4,6.45,42946
08/17/2011,6.47,6.71,6.39,6.56,25597
08/18/2011,6.33,6.68,6.21,6.29,61384
08/19/2011,6.23,6.61,6.12,6.14,55297
08/22/2011,6.24,6.37,6.03,6.06,25965
08/23/2011,6.09,6.74,6.09,6.72,53454
08/24/2011,6.74,7.09,6.71,7.04,84325
08/25/2011,7.06,7.16,6.69,6.73,57686
08/26/2011,6.68,7.09,6.68,7.01,31564
08/29/2011,7.12,7.41,7.12,7.2,82350
08/30/2011,7.17,7.31,7,7.17,34118
08/31/2011,7.3,7.44,6.88,6.96,55592
09/01/2011,7.14,7.27,6.75,6.75,40620
09/02/2011,6.61,7.31,6.5,6.52,62349
09/06/2011,6.28,6.61,6.28,6.43,30510
09/07/2011,6.57,6.85,6.57,6.79,34339
09/08/2011,6.69,7,6.55,6.58,64938
09/09/2011,6.51,6.83,6.19,6.24,63400
09/12/2011,6.16,6.36,6.16,6.27,30972
09/13/2011,6.34,6.54,6.25,6.47,45697
09/14/2011,6.57,6.72,6.38,6.64,32324
09/15/2011,6.59,6.8,6.515,6.8,38750
09/16/2011,6.84,7.15,6.82,7.01,100214
09/19/2011,6.86,6.8799,6.49,6.58,46181
09/20/2011,6.63,6.66,6.17,6.17,43209
09/21/2011,6.2,6.33,6.05,6.15,61963
09/22/2011,5.92,6.35,5.9,6.28,82299
09/23/2011,6.26,6.51,6.05,6.39,50253
09/26/2011,6.4,6.64,6.3701,6.52,43690
09/27/2011,6.53,6.82,6.36,6.56,71541
09/28/2011,6.59,6.72,6.26,6.3,37152
09/29/2011,6.51,6.75,6.25,6.5,57294
09/30/2011,6.42,6.61,6.4,6.45,49619
10/03/2011,6.4,6.83,6.1,6.1,90493
10/04/2011,6.05,6.75,6.01,6.55,129421
10/05/2011,6.58,6.72,6.4,6.68,45634
10/06/2011,6.65,6.98,6.59,6.81,51255
10/07/2011,6.84,6.96,6.53,6.54,64376
10/10/2011,6.7,6.75,6.5,6.64,72318
10/11/2011,6.65,6.77,6.5,6.64,38896
10/12/2011,6.7,6.91,6.63,6.85,43115
10/13/2011,6.77,6.79,6.65,6.69,38648
10/14/2011,6.8,6.91,6.73,6.79,52452
10/17/2011,6.71,6.76,6.38,6.41,45512
10/18/2011,6.49,6.61,6.3,6.45,77074
10/19/2011,6.45,6.65,6.19,6.2,46098
10/20/2011,6.2,6.4,6.05,6.3,42971
10/21/2011,6.42,6.69,6.34,6.69,51034
10/24/2011,6.67,6.85,6.581,6.72,45037
10/25/2011,6.69,6.74,6.34,6.38,61860
10/26/2011,6.48,6.57,6.38,6.51,53329
10/27/2011,6.84,7.19,6.8,7.1,118988
10/28/2011,7,7.13,6.925,6.95,47439
10/31/2011,6.94,7.25,6.91,6.94,40742
11/01/2011,6.66,6.96,6.25,6.36,66921
11/02/2011,6.46,6.71,6.4,6.53,68755
11/03/2011,6.67,6.7,6.5,6.68,55696
11/04/2011,6.56,6.64,6.5,6.51,26734
11/07/2011,6.57,6.64,6.41,6.51,32542
11/08/2011,6.75,7.04,6.75,6.99,39970
11/09/2011,6.8,6.94,6.4,6.41,50351
11/10/2011,6.55,6.82,6.48,6.7,39035
11/11/2011,6.8,7.03,6.8,6.98,44918
11/14/2011,7.03,7.07,6.67,6.72,40881
11/15/2011,6.63,6.81,6.5301,6.65,50722
11/16/2011,6.6,6.82,6.51,6.5424,27962
11/17/2011,6.58,6.58,6.45,6.52,35453
11/18/2011,6.52,6.66,6.5,6.65,44209
11/21/2011,6.51,6.73,6.45,6.57,24245
11/22/2011,6.56,6.74,6.39,6.409,23437
11/23/2011,6.35,6.41,6.15,6.22,58311
11/25/2011,6.17,6.33,6.05,6.09,23100
11/28/2011,6.35,6.47,6.25,6.34,52038
11/29/2011,6.34,6.36,6.14,6.2,21509
11/30/2011,6.48,6.97,6.42,6.8,100549
12/01/2011,6.8,6.92,6.55,6.74,56609
12/02/2011,6.9,7.01,6.85,6.94,32588
12/05/2011,7.1,7.25,7,7.1,71550
12/06/2011,7.06,7.16,6.9,7.06,55731
12/07/2011,7,7.2,7,7.17,85846
12/08/2011,7.05,7.1401,6.7,6.7,51029
12/09/2011,6.78,7.05,6.78,6.95,61468
12/12/2011,6.87,6.96,6.65,6.79,41973
12/13/2011,6.83,6.84,6.55,6.55,44845
12/14/2011,6.49,6.76,6.4,6.73,64931
12/15/2011,6.82,7,6.72,6.92,30957
12/16/2011,7,7.17,6.86,6.87,92867
12/19/2011,6.96,7.07,6.66,6.68,54111
12/20/2011,6.85,7.01,6.76,6.94,48324
12/21/2011,6.9,7.0481,6.8,6.89,40285
12/22/2011,6.9,6.92,6.83,6.91,36691
12/23/2011,6.95,7,6.8,6.89,22152
12/27/2011,6.86,6.97,6.84,6.9,12193
12/28/2011,6.88,6.88,6.63,6.67,24691
12/29/2011,6.7,6.77,6.56,6.7,26675
12/30/2011,6.67,6.73,6.56,6.56,22730
01/03/2012,6.72,6.84,6.51,6.8,57761
01/04/2012,6.72,6.77,6.52,6.66,43429
01/05/2012,6.62,6.68,6.46,6.66,22804
01/06/2012,6.68,6.74,6.54,6.64,34579
01/09/2012,6.65,6.72,6.5,6.69,101924
01/10/2012,6.79,6.8,6.69,6.78,32275
01/11/2012,6.72,6.85,6.64,6.82,40483
01/12/2012,6.83,6.93,6.71,6.93,26116
01/13/2012,6.77,6.99,6.71,6.97,26679
01/17/2012,7.01,7.01,6.7,6.91,41772
01/18/2012,6.85,7.15,6.8,7.14,29805
01/19/2012,7.18,7.26,7,7.24,31847
01/20/2012,7.23,7.39,7.11,7.24,40933
01/23/2012,7.3,7.36,7.24,7.34,4798
01/24/2012,7.28,7.37,7.19,7.3,26837
01/25/2012,7.33,7.38,7.25,7.32,28883
01/26/2012,7.39,7.45,7.31,7.38,27208
01/27/2012,7.31,7.47,7.3,7.45,28978
01/30/2012,7.36,7.38,7.21,7.21,22545
01/31/2012,7.3,7.31,7.1,7.13,31016
02/01/2012,7.22,7.46,7.13,7.36,53182
02/02/2012,7.4,7.5,7.2,7.49,30806
02/03/2012,7.62,7.98,7.39,7.71,58449
02/06/2012,7.64,7.68,7.51,7.62,25721
02/07/2012,7.53,7.6,7.47,7.47,16109
02/08/2012,7.43,7.55,7.36,7.51,25170
02/09/2012,7.45,7.55,7.4,7.43,95125
02/10/2012,7.36,7.48,7.3,7.31,22012
02/13/2012,7.42,7.53,7.17,7.22,45892
02/14/2012,7.16,7.32,7.11,7.17,32807
02/15/2012,7.18,7.23,6.96,6.99,22962
02/16/2012,6.98,7.35,6.98,7.34,16331
02/17/2012,7.35,7.35,7.21,7.3,21156
02/21/2012,7.3,7.36,7.17,7.22,29787
02/22/2012,7.18,7.31,7.15,7.21,17999
02/23/2012,7.2,7.25,7.165,7.25,51785
02/24/2012,7.23,7.28,7.17,7.2,10421
02/27/2012,7.11,7.18,7.09,7.13,8616
02/28/2012,7.13,7.21,7.06,7.06,11053
02/29/2012,7.1,7.12,6.7,6.7,35649
03/01/2012,6.76,6.89,6.6,6.6,33126
03/02/2012,6.64,6.64,6.26,6.29,73291
03/05/2012,6.29,6.336,6,6.14,31230
03/06/2012,6.1,6.1,5.91,6,49682
03/07/2012,6.03,6.3,6.03,6.2,41214
03/08/2012,6.27,6.32,6.19,6.3,41164
03/09/2012,6.3,6.65,6.3,6.65,22274
03/12/2012,6.69,7.09,6.62,6.93,34884
03/13/2012,7.05,7.05,6.65,7.02,27062
03/14/2012,6.98,6.98,6.8119,6.85,15325
03/15/2012,6.82,6.95,6.78,6.93,14065
03/16/2012,6.95,6.97,6.67,6.97,103575
03/19/2012,6.92,7,6.8,6.99,49408
03/20/2012,6.92,7.02,6.84,6.84,14345
03/21/2012,6.88,6.9,6.78,6.79,6756
03/22/2012,6.76,6.81,6.73,6.77,24908
03/23/2012,6.77,7.05,6.73,7.05,27167
03/26/2012,7.13,7.29,7.04,7.28,55124
03/27/2012,7.27,7.27,7.11,7.15,20033
03/28/2012,7.15,7.15,6.82,6.94,18799
03/29/2012,6.86,6.875,6.67,6.86,33544
03/30/2012,6.91,6.91,6.61,6.62,33380
04/02/2012,6.6,7.03,6.6,7,50005
04/03/2012,6.94,6.94,6.71,6.74,36620
04/04/2012,6.62,6.81,6.62,6.75,36108
04/05/2012,6.68,6.79,6.68,6.71,16147
04/09/2012,6.53,6.74,6.52,6.59,50378
04/10/2012,6.6,6.76,6.17,6.2,51265
04/11/2012,6.28,6.45,6.0799,6.26,109317
04/12/2012,6.24,6.37,6.21,6.33,35265
04/13/2012,6.3,6.3,6.16,6.18,40008
04/16/2012,8.71,8.79,8.7,8.73,16473177
04/17/2012,8.74,8.84,8.73,8.77,1225200
04/18/2012,8.76,8.8,8.76,8.77,853188
04/19/2012,8.76,8.79,8.73,8.77,783523
04/20/2012,8.8,8.8,8.76,8.76,318864
04/23/2012,8.78,8.78,8.76,8.78,296709
04/24/2012,8.78,8.79,8.77,8.78,287156
04/25/2012,8.79,8.83,8.78,8.81,382080
04/26/2012,8.79,8.81,8.79,8.8,412043
04/27/2012,8.8,8.8201,8.79,8.79,433232
04/30/2012,8.8,8.84,8.8,8.82,244593
05/01/2012,8.81,8.82,8.79,8.8,525700
05/02/2012,8.79,8.82,8.78,8.81,208143
05/03/2012,8.78,8.8,8.78,8.795,99384
05/04/2012,8.79,8.8,8.78,8.78,178829
05/07/2012,8.78,8.81,8.78,8.805,137588
05/08/2012,8.79,8.81,8.79,8.8,61745
05/09/2012,8.79,8.8,8.78,8.8,196200
05/10/2012,8.8,8.8,8.77,8.79,467199
05/11/2012,8.79,8.79,8.77,8.79,430067
05/14/2012,8.78,8.8,8.77,8.77,525896
05/15/2012,8.77,8.8,8.77,8.79,115194
05/16/2012,8.81,8.81,8.77,8.77,255267
05/17/2012,8.78,8.79,8.73,8.74,705465
05/18/2012,8.73,8.75,8.71,8.72,514989
05/21/2012,8.73,8.73,8.71,8.715,170849
05/22/2012,8.73,8.74,8.68,8.71,676088
05/23/2012,8.72,8.73,8.665,8.68,286961
05/24/2012,8.69,8.72,8.63,8.7,207932
05/25/2012,8.72,8.75,8.71,8.74,97018
05/29/2012,8.78,8.79,8.72,8.73,613784
05/30/2012,8.72,8.75,8.65,8.65,898914
05/31/2012,8.65,8.7,8.6,8.6,310712
06/01/2012,8.49,8.5,8.33,8.44,397605
06/04/2012,8.44,8.55,8.43,8.48,173410
06/05/2012,8.44,8.62,8.44,8.59,121096
06/06/2012,8.62,8.66,8.55,8.59,71585
06/07/2012,8.66,8.69,8.55,8.55,64634
06/08/2012,8.53,8.64,8.53,8.62,162386
06/11/2012,8.68,8.7,8.61,8.62,153899
06/12/2012,8.68,8.7,8.6,8.7,124920
06/13/2012,8.7,8.7,8.64,8.65,107847
06/14/2012,8.64,8.66,8.62,8.64,57196
06/15/2012,8.63,8.69,8.63,8.63,191027
06/18/2012,8.63,8.69,8.62,8.64,90193
06/19/2012,8.65,8.69,8.6,8.69,103695
06/20/2012,8.695,8.695,8.61,8.66,106308
06/21/2012,8.64,8.68,8.64,8.65,154175
06/22/2012,8.67,8.69,8.65,8.67,140602
06/25/2012,8.63,8.68,8.62,8.66,95500
06/26/2012,8.66,8.69,8.62,8.66,86253
06/27/2012,8.66,8.69,8.63,8.64,123624
06/28/2012,8.63,8.68,8.62,8.68,69180
06/29/2012,8.7,8.7,8.64,8.7,153523
07/02/2012,8.69,8.7,8.68,8.7,138196
07/03/2012,8.7,8.7,8.675,8.7,41474
07/05/2012,8.67,8.72,8.67,8.69,115655
07/06/2012,8.67,8.7,8.65,8.69,85554
07/09/2012,8.68,8.7,8.67,8.7,35044
07/10/2012,8.72,8.72,8.67,8.68,107672
07/11/2012,8.7,8.7,8.64,8.67,81868
07/12/2012,8.66,8.7,8.66,8.7,135819
07/13/2012,8.7,8.7,8.68,8.7,90741
07/16/2012,8.7,8.7,8.66,8.7,97521
07/17/2012,8.71,8.71,8.66,8.69,121225
07/18/2012,8.69,8.71,8.68,8.68,40409
07/19/2012,8.7,8.71,8.68,8.69,412714
07/20/2012,8.68,8.7,8.67,8.69,118105
07/23/2012,8.67,8.69,8.66,8.68,94103
07/24/2012,8.69,8.69,8.68,8.68,80455
07/25/2012,8.7,8.7,8.578,8.62,348146
07/26/2012,8.67,8.7,8.56,8.69,334205
07/27/2012,8.69,8.81,8.66,8.73,656782
07/30/2012,8.75,8.77,8.655,8.69,233614
07/31/2012,8.7,8.71,8.65,8.66,190606
08/01/2012,8.69,8.69,8.62,8.62,230557
08/02/2012,8.62,8.7,8.6,8.65,247657
08/03/2012,8.62,8.7,8.62,8.67,267673
08/06/2012,8.68,8.72,8.66,8.67,242986
08/07/2012,8.65,8.72,8.65,8.7,196265
08/08/2012,8.68,8.74,8.66,8.72,84482
08/09/2012,8.74,8.74,8.71,8.73,46362
08/10/2012,8.74,8.77,8.7,8.77,46574
08/13/2012,8.76,8.82,8.76,8.8,184836
08/14/2012,8.79,8.82,8.78,8.8,126659
08/15/2012,8.79,8.82,8.79,8.8,34761
08/16/2012,8.79,8.81,8.79,8.81,121899
08/17/2012,8.79,8.81,8.79,8.81,132906
08/20/2012,8.8,8.82,8.8,8.8,39373
08/21/2012,8.8,8.82,8.8,8.81,158964
08/22/2012,8.81,8.81,8.8,8.81,111342
08/23/2012,8.8,8.81,8.8,8.81,142509
08/24/2012,8.8,8.81,8.8,8.8,56686
08/27/2012,8.81,8.81,8.8,8.8,72172
08/28/2012,8.8,8.81,8.8,8.81,100438
08/29/2012,8.8,8.83,8.8,8.825,211796
08/30/2012,8.82,8.82,8.8,8.81,104725
08/31/2012,8.81,8.83,8.81,8.83,153999
09/04/2012,8.82,8.83,8.82,8.83,165352
09/05/2012,8.83,8.83,8.82,8.83,90580
09/06/2012,8.83,8.85,8.82,8.82,113878
09/07/2012,8.85,8.85,8.83,8.85,193182
09/10/2012,8.83,8.84,8.83,8.83,73943
09/11/2012,8.83,8.84,8.83,8.84,108142
09/12/2012,8.84,8.85,8.83,8.84,141685
09/13/2012,8.83,8.85,8.83,8.85,70368
09/14/2012,8.85,8.85,8.84,8.84,123793
09/17/2012,8.83,8.85,8.83,8.85,43843
09/18/2012,8.85,8.86,8.84,8.85,167061
09/19/2012,8.85,8.86,8.84,8.86,37853
09/20/2012,8.84,8.86,8.84,8.85,117412
