01/03/2005,29.05,29.75,28.7,29.4,24130
01/04/2005,29.47,29.47,28.21,28.21,18390
01/05/2005,27.86,28,26.6,27.3,13900
01/06/2005,26.95,27.37,26.95,27.16,14530
01/07/2005,27.16,27.65,26.81,26.81,3600
01/10/2005,26.6,27.23,26.39,26.6,15730
01/11/2005,26.39,28,25.76,27.93,10740
01/12/2005,26.53,27.09,25.9,26.18,19410
01/13/2005,25.93,26.22,25.72,26.01,48990
01/14/2005,26.04,26.04,25.55,25.55,15180
01/18/2005,25.9,25.9,25.27,25.83,44640
01/19/2005,25.9,25.9,25.41,25.48,7520
01/20/2005,25.27,25.27,24.36,24.92,4780
01/21/2005,24.92,25.55,24.92,25.13,3990
01/24/2005,25.55,25.55,25.34,25.41,4270
01/25/2005,25.2,25.41,25.06,25.2,20980
01/26/2005,25.55,26.18,25.27,25.9,15480
01/27/2005,25.9,25.97,25.27,25.55,7310
01/28/2005,25.76,26.04,25.41,25.55,6550
01/31/2005,25.9,25.9,24.99,25.2,2560
02/01/2005,25.2,26.95,25.2,26.39,72470
02/02/2005,27.09,27.3,26.67,26.95,26340
02/03/2005,27.02,27.02,26.04,26.32,78900
02/04/2005,26.46,26.6,26.25,26.46,44080
02/07/2005,26.81,27.23,26.25,26.6,147590
02/08/2005,26.95,27.09,26.53,26.67,18460
02/09/2005,26.67,26.74,26.46,26.67,20310
02/10/2005,26.6,27.23,25.9,27.23,21700
02/11/2005,26.95,27.3,26.6,27.23,21580
02/14/2005,26.74,27.3,26.39,26.88,8260
02/15/2005,26.95,27.02,26.67,26.95,17180
02/16/2005,26.95,27.3,26.6,27.16,22830
02/17/2005,27.16,27.3,26.88,27.23,27910
02/18/2005,27.2,27.27,27.05,27.05,16270
02/22/2005,27.09,27.3,26.46,26.6,14300
02/23/2005,26.6,26.67,26.25,26.39,3910
02/24/2005,26.74,28.28,26.53,28.28,34800
02/25/2005,28.63,29.68,28.35,29.68,64980
02/28/2005,29.96,30.17,29.11,30.03,101800
03/01/2005,29.68,29.68,28,28.14,63330
03/02/2005,28.35,28.35,27.93,28.35,25200
03/03/2005,27.94,29.32,27.66,28.7,154900
03/04/2005,28.7,28.91,28.21,28.28,73150
03/07/2005,28.35,28.7,28.14,28.35,14810
03/08/2005,28.31,28.31,26.64,26.71,25800
03/09/2005,25.97,26.18,23.59,25.2,81750
03/10/2005,25.48,26.11,23.39,26.11,171010
03/11/2005,25.62,26.88,24.99,26.88,39240
03/14/2005,26.28,27.69,26.28,27.48,9400
03/15/2005,27.51,27.93,26.32,26.67,28090
03/16/2005,26.95,26.95,25.62,25.9,9990
03/17/2005,25.55,26.04,25.55,25.9,7430
03/18/2005,26.25,26.6,25.2,25.9,10340
03/21/2005,26.25,26.25,24.5,25.34,4430
03/22/2005,25.55,26.32,24.99,25.41,4630
03/23/2005,25.69,25.69,24.5,24.78,3860
03/24/2005,24.78,25.48,24.64,25.48,18130
03/28/2005,25.48,25.62,24.78,25.2,3730
03/29/2005,24.85,25.83,24.85,25.83,6850
03/30/2005,26.25,26.6,24.43,24.43,37410
03/31/2005,25.06,25.06,24.15,24.43,10050
04/01/2005,24.78,25.06,24.36,24.5,12780
04/04/2005,24.57,24.78,24.36,24.5,7580
04/05/2005,24.5,24.64,24.22,24.5,9930
04/06/2005,24.92,24.99,24.5,24.71,6250
04/07/2005,24.92,25.55,24.92,25.48,8630
04/08/2005,25.55,25.55,25.06,25.13,3290
04/11/2005,25.48,25.48,25.2,25.34,6330
04/12/2005,25.41,25.9,24.5,25.55,36660
04/13/2005,25.9,25.9,24.99,25.13,43010
04/14/2005,25.2,25.62,24.5,24.5,7640
04/15/2005,24.57,24.64,24.22,24.57,67730
04/18/2005,24.57,25.13,24.22,24.29,8660
04/19/2005,24.85,25.13,24.5,24.78,10500
04/20/2005,24.5,24.64,24.15,24.43,12050
04/21/2005,24.57,26.32,24.22,26.18,12910
04/22/2005,25.97,25.97,25.34,25.69,22600
04/25/2005,25.9,26.04,25.55,25.9,23830
04/26/2005,25.9,26.53,25.55,25.97,15220
04/27/2005,25.97,25.97,24.85,24.99,12520
04/28/2005,25.34,25.34,24.92,24.92,1790
04/29/2005,24.92,25.34,24.85,25.06,9360
05/02/2005,25.41,25.41,24.64,25.06,22390
05/03/2005,24.85,24.99,24.01,24.5,46090
05/04/2005,24.15,24.5,23.8,24.22,7390
05/05/2005,24.22,24.5,23.1,23.52,6170
05/06/2005,23.52,24.15,22.89,24.08,20170
05/09/2005,23.8,25.13,23.8,25.13,8550
05/10/2005,24.85,25.27,23.8,23.8,27370
05/11/2005,23.31,23.38,21,21.84,51250
05/12/2005,22.4,22.4,20.58,21.35,49340
05/13/2005,21.35,22.12,21.35,21.77,4270
05/16/2005,21.67,22.5,20.62,22.5,12200
05/17/2005,22.12,22.26,21.35,21.63,11410
05/18/2005,21.77,22.75,21.7,22.12,2330
05/19/2005,22.05,23.8,22.05,23.45,11520
05/20/2005,23.52,23.8,21.7,22.12,5930
05/23/2005,21.04,21.73,21.04,21.17,8800
05/24/2005,21.14,21.56,20.86,21.28,20880
05/25/2005,21,21.49,20.65,21.42,13220
05/26/2005,21.28,21.63,20.79,20.86,8780
05/27/2005,21,22.26,21,22.12,5520
05/31/2005,21.64,23.03,21.64,23.03,6170
06/01/2005,22.33,25.2,22.33,23.59,12200
06/02/2005,23.59,25.9,23.59,23.94,62160
06/03/2005,23.54,24.29,23.26,24.29,20050
06/06/2005,24.77,24.98,23.59,23.94,19660
06/07/2005,23.87,24.15,23.8,24.08,6340
06/08/2005,24.15,24.15,23.59,23.66,6700
06/09/2005,23.66,24.15,23.59,23.8,14960
06/10/2005,24.15,24.15,23.52,24.15,10010
06/13/2005,24.15,25.55,23.94,24.85,25870
06/14/2005,24.81,25.16,24.26,24.4,22880
06/15/2005,24.57,25.9,24.29,25.34,25220
06/16/2005,25.69,26.11,25.41,26.04,22190
06/17/2005,25.9,26.74,25.69,26.53,19660
06/20/2005,27.3,27.3,25.9,26.6,23950
06/21/2005,26.95,26.95,26.25,26.6,15520
06/22/2005,26.6,26.74,25.2,26.6,10710
06/23/2005,27.16,27.45,26.95,27.09,19440
06/24/2005,27.97,28.4,26.66,27.02,313680
06/27/2005,26.6,27.02,25.27,26.6,38470
06/28/2005,26.6,26.95,26.25,26.6,40310
06/29/2005,26.46,26.6,25.88,26.11,13140
06/30/2005,26.11,26.6,25.41,25.41,16260
07/01/2005,25.8,26.43,25.51,25.58,26400
07/05/2005,25.9,26.95,25.9,26.74,32230
07/06/2005,26.88,27.3,26.25,26.6,44900
07/07/2005,25.9,26.6,25.55,26.25,43920
07/08/2005,26.6,27.23,26.32,27.23,18570
07/11/2005,27.09,27.37,27.09,27.16,14580
07/12/2005,27.23,27.65,26.74,26.88,13210
07/13/2005,26.84,27.2,26.84,27.06,5010
07/14/2005,27.09,27.23,25.34,25.76,117130
07/15/2005,25.83,26.95,25.55,26.95,16630
07/18/2005,27.16,27.23,25.9,26.25,13810
07/19/2005,26.95,27.23,26.25,26.6,29720
07/20/2005,26.6,28.14,26.53,28.14,76210
07/21/2005,28.03,28.46,27.96,28.46,93360
07/22/2005,28.77,28.84,28.14,28.56,61190
07/25/2005,28.7,28.7,27.72,27.72,15070
07/26/2005,28,28,27.02,27.3,19260
07/27/2005,27.37,27.51,25.83,27.23,12100
07/28/2005,27.51,27.65,26.46,27.37,12660
07/29/2005,28,28,26.67,27.23,27610
08/01/2005,28,28,26.95,27.3,33730
08/02/2005,27.86,28,27.3,27.3,24020
08/03/2005,27.41,27.48,27.12,27.12,46630
08/04/2005,27.13,29.36,27.13,28.94,69630
08/05/2005,30.45,30.8,28.77,29.33,104300
08/08/2005,29.37,30.76,29.37,30.76,183010
08/09/2005,31.15,31.5,30.1,30.8,93930
08/10/2005,31.08,31.36,30.45,31.15,93600
08/11/2005,30.87,31.92,30.87,31.85,62430
08/12/2005,31.92,32.9,31.57,32.62,146390
08/15/2005,33.11,33.25,30.8,31.43,102910
08/16/2005,31.53,33.92,31.25,33.71,305270
08/17/2005,33.77,33.77,32.52,32.66,40090
08/18/2005,32.62,32.62,30.8,31.5,197660
08/19/2005,31.57,33.6,31.5,33.18,37480
08/22/2005,33.74,34.23,32.76,34.16,145740
08/23/2005,34.23,34.3,33.25,33.74,237270
08/24/2005,33.95,34.79,33.53,34.37,135790
08/25/2005,34.44,34.93,34.37,34.93,60340
08/26/2005,35,35.41,34.02,35.14,95240
08/29/2005,39.06,39.06,35.14,35.49,56530
08/30/2005,35.77,36.4,35.07,35.42,102250
08/31/2005,35.42,36.47,35.42,36.26,299340
09/01/2005,36.54,37.8,36.47,37.31,152150
09/02/2005,37.8,38.5,36.54,38.5,81990
09/06/2005,39.13,39.69,36.75,38.43,194030
09/07/2005,38.85,39.13,37.45,38.64,58120
09/08/2005,38.78,39.83,38.08,38.5,66080
09/09/2005,38.57,39.2,38.15,38.85,122550
09/12/2005,39.27,39.27,36.95,38.64,105900
09/13/2005,37.94,38.5,31.5,36.05,286060
09/14/2005,36.05,36.26,34.16,34.37,96770
09/15/2005,34.23,34.79,33.18,34.23,81670
09/16/2005,34.58,34.65,32.97,34.09,53450
09/19/2005,34.65,36.4,34.3,35.35,39340
09/20/2005,36.06,36.62,35,35.14,30720
09/21/2005,35.49,36.4,35.14,35.14,35990
09/22/2005,35.32,35.67,34.43,34.61,226360
09/23/2005,34.93,35.35,34.44,34.58,27940
09/26/2005,34.3,35.63,33.6,35.35,21930
09/27/2005,35.35,35.35,33.81,35,39130
09/28/2005,34.23,35,33.95,34.72,16680
09/29/2005,35,35.35,34.86,35,51570
09/30/2005,35.28,35.28,34.79,35,30450
10/03/2005,35,35.14,33.95,35,17690
10/04/2005,35,35.14,33.88,34.65,49500
10/05/2005,34.3,35,33.24,33.39,27760
10/06/2005,33.61,33.69,31.27,32.62,117660
10/07/2005,32.62,33.25,31.85,31.99,13340
10/10/2005,31.99,32.06,29.82,30.1,24720
10/11/2005,30.1,31.15,29.04,29.26,57760
10/12/2005,28.91,29.47,28.35,28.56,58780
10/13/2005,28.6,29.01,28.18,29.01,27460
10/14/2005,29.05,29.12,28.35,28.7,33200
10/17/2005,28.7,29.05,24.5,27.72,68850
10/18/2005,27.86,28.7,27.37,28,49640
10/19/2005,28.28,29.96,27.65,29.96,91210
10/20/2005,30.1,30.66,28.49,29.4,36310
10/21/2005,29.68,30.52,29.12,30.17,19900
10/24/2005,30.1,30.94,29.96,30.52,38160
10/25/2005,31.13,33.04,30.71,32.62,76710
10/26/2005,30.1,30.1,25.41,27.3,300050
10/27/2005,26.53,27.58,25.83,26.11,110230
10/28/2005,26.32,26.39,25.14,26.25,75420
10/31/2005,26.95,27.65,26.95,27.37,25400
11/01/2005,27.44,27.72,26.95,27.58,13640
11/02/2005,27.58,28,27.02,27.58,57550
11/03/2005,27.58,27.65,26.11,27.37,84910
11/04/2005,27.65,27.93,26.81,27.02,16300
11/07/2005,27.37,27.65,25.27,26.32,27730
11/08/2005,26.04,27.86,25.97,27.58,61020
11/09/2005,26.95,28,26.95,27.72,18200
11/10/2005,27.65,28,26.95,27.3,18910
11/11/2005,27.58,27.58,23.8,27.02,19410
11/14/2005,27.3,27.3,26.88,27.02,12780
11/15/2005,26.74,27.3,26.6,26.67,17570
11/16/2005,26.67,26.95,24.85,26.11,19720
11/17/2005,26.6,26.95,26.53,26.67,12700
11/18/2005,27.23,27.3,25.62,26.04,21090
11/21/2005,26.25,27.3,25.55,26.81,27200
11/22/2005,25.97,26.53,25.59,25.97,30500
11/23/2005,25.9,26.11,25.55,25.9,14950
11/25/2005,25.55,25.9,24.85,25.41,10040
11/28/2005,24.64,25.2,24.5,24.71,16830
11/29/2005,25.41,25.83,23.52,24.36,91430
11/30/2005,24.77,25.27,23.33,25.2,143940
12/01/2005,25.2,25.76,24.15,25.13,12570
12/02/2005,25.2,25.2,24.29,24.71,7320
12/05/2005,24.5,25.2,24.22,24.85,42700
12/06/2005,24.92,25.9,24.5,25.69,17040
12/07/2005,26.39,26.46,25.2,25.69,9870
12/08/2005,25.76,26.67,25.62,26.32,19100
12/09/2005,26.6,26.88,26.04,26.32,25650
12/12/2005,26.18,26.74,25.9,26.53,22810
12/13/2005,26.88,26.88,25.2,25.9,17320
12/14/2005,25.2,25.55,23.1,24.64,51300
12/15/2005,24.51,24.79,23.87,24.15,36520
12/16/2005,24.81,25.02,23.77,24.75,63450
12/19/2005,24.43,24.43,23.17,23.8,31870
12/20/2005,23.45,25.34,22.54,24.85,108570
12/21/2005,25.13,25.9,24.85,25.69,11650
12/22/2005,25.69,26.6,25.27,25.76,21790
12/23/2005,25.9,26.18,24.57,25.76,16940
12/27/2005,25.2,25.48,23.17,23.59,18850
12/28/2005,23.52,24.85,23.24,24.5,15630
12/29/2005,22.4,23.1,21,22.75,95220
12/30/2005,23.46,23.68,22.02,23.1,75730
01/03/2006,22.4,26.25,21.98,24.57,104340
01/04/2006,24.07,24.07,22.76,23.45,28560
01/05/2006,23.24,24.08,23.24,23.45,23480
01/06/2006,26.53,26.53,22.6,23.45,39910
01/09/2006,23.48,23.77,23.06,23.63,18470
01/10/2006,23.13,23.63,23.06,23.56,38510
01/11/2006,23.03,23.38,23.03,23.24,32170
01/12/2006,23.16,24.15,23.16,23.8,167940
01/13/2006,23.73,24.01,23.17,23.38,60560
01/17/2006,23.45,23.8,23.1,23.73,13480
01/18/2006,22.76,23.31,22.62,23.24,5670
01/19/2006,23.24,24.18,23.24,23.52,16450
01/20/2006,23.87,24.85,23.8,24.78,163220
01/23/2006,25.13,25.84,24.71,24.85,113120
01/24/2006,24.85,25.06,24.29,24.78,14650
01/25/2006,25.06,25.06,23.8,24.57,15300
01/26/2006,24.71,24.71,23.03,24.08,49680
01/27/2006,24.08,24.15,23.1,23.87,32770
01/30/2006,24.15,24.5,23.31,23.45,50380
01/31/2006,23.38,23.98,22.19,23.52,101750
02/01/2006,23.52,23.52,22.54,22.75,59320
02/02/2006,22.44,22.86,22.29,22.36,33980
02/03/2006,22.26,22.4,21.35,21.84,31040
02/06/2006,21.66,22.36,21.46,21.6,18660
02/07/2006,21.7,22.05,21,21.21,199550
02/08/2006,21.21,22.05,20.65,21.63,30300
02/09/2006,21,22.43,21,21.63,25030
02/10/2006,21.56,21.91,21,21.7,14710
02/13/2006,22.33,22.54,21.35,22.19,17910
02/14/2006,22.26,22.4,21,21.63,50650
02/15/2006,20.93,21.14,20.24,20.93,105140
02/16/2006,21.49,21.7,20.65,21,36460
02/17/2006,21.63,21.63,20.65,20.93,16930
02/21/2006,20.86,21.35,20.45,21.28,13560
02/22/2006,21.49,21.7,21,21.63,8610
02/23/2006,21.66,21.81,21.03,21.66,17810
02/24/2006,21.35,21.84,21.07,21.84,7710
02/27/2006,21.88,21.95,21.38,21.8,10530
02/28/2006,22.13,22.13,20.92,21.56,13350
03/01/2006,21.49,21.98,21.35,21.98,39150
03/02/2006,21.7,21.91,21.35,21.7,6970
03/03/2006,21.42,21.84,21.35,21.7,13740
03/06/2006,21.77,21.77,21,21.35,147800
03/07/2006,20.44,21.13,20.16,20.51,39810
03/08/2006,19.6,20.93,19.46,20.02,63360
03/09/2006,19.81,20.79,19.25,19.25,33750
03/10/2006,19.32,20.3,19.25,19.67,47380
03/13/2006,19.6,20.37,19.571,20.09,15270
03/14/2006,19.74,20.37,19.25,20.3,12740
03/15/2006,20.23,20.3,19.393,20.23,22100
03/16/2006,20.33,22.09,20.03,21.95,33340
03/17/2006,22.05,22.05,20.58,20.72,53290
03/20/2006,20.93,21.28,20.23,20.37,15200
03/21/2006,21.25,21.25,19.774,19.774,33150
03/22/2006,19.53,21.14,19.53,20.72,28500
03/23/2006,20.37,20.79,19.95,20.58,33850
03/24/2006,20.37,20.58,20.02,20.44,7970
03/27/2006,20.3,20.44,19.74,20.02,12460
03/28/2006,20.58,20.65,20.09,20.37,14250
03/29/2006,20.54,20.61,20.27,20.48,20080
03/30/2006,20.3,20.65,20.02,20.44,17160
03/31/2006,20.44,20.65,19.95,20.37,25760
04/03/2006,20.02,20.58,20.02,20.51,12420
04/04/2006,20.16,20.86,20.09,20.58,27680
04/05/2006,20.3,20.93,20.09,20.44,16350
04/06/2006,20.23,21.28,20.23,20.58,40250
04/07/2006,20.37,21,20.23,20.44,18280
04/10/2006,20.3,21,20.3,20.93,12310
04/11/2006,21.18,21.32,20.68,21.1,13790
04/12/2006,21.21,21.42,21,21.42,15520
04/13/2006,21.46,21.8,21.11,21.73,17720
04/17/2006,21.77,21.77,21.14,21.63,36710
04/18/2006,21.42,21.56,21.15,21.56,49520
04/19/2006,22.05,23.94,21.7,23.52,88850
04/20/2006,23.52,24.01,22.12,23.52,33470
04/21/2006,23.83,24.26,23.41,24.19,29580
04/24/2006,23.66,24.53,23.66,24.22,38110
04/25/2006,24.43,24.85,22.54,22.75,53350
04/26/2006,22.75,24.01,22.75,23.66,24090
04/27/2006,23.1,24.01,22.54,22.75,27750
04/28/2006,23.25,23.82,22.89,22.96,23580
05/01/2006,23.46,23.82,22.68,22.75,21130
05/02/2006,22.4,23.1,22.05,23.1,22780
05/03/2006,23.1,23.8,22.4,22.96,14870
05/04/2006,22.82,24.71,22.4,24.71,43460
05/05/2006,24.71,25.2,23.1,24.99,23660
05/08/2006,25.2,25.2,24.5,24.64,13490
05/09/2006,24.64,26.25,24.64,25.2,59120
05/10/2006,26.18,26.6,24.64,25.2,114960
05/11/2006,25.2,25.2,22.4,24.08,94200
05/12/2006,23.73,23.73,22.4,22.82,41690
05/15/2006,22.61,22.82,19.6,21.07,28240
05/16/2006,21,21.7,20.65,21,35890
05/17/2006,20.3,21,18.41,19.67,110480
05/18/2006,19.88,20.3,19.6,19.6,58650
05/19/2006,19.67,21.35,19.46,20.23,173920
05/22/2006,20.3,20.79,20.16,20.16,13840
05/23/2006,20.86,21.35,20.37,20.79,37740
05/24/2006,20.09,20.93,19.6,20.37,50000
05/25/2006,20.86,21.07,20.02,20.44,21090
05/26/2006,20.55,21.39,20.33,20.4,58850
05/30/2006,20.44,20.93,19.74,19.74,28490
05/31/2006,20.16,20.16,18.41,19.04,46720
06/01/2006,19.46,19.81,18.48,18.97,54680
06/02/2006,19.32,19.6,17.85,19.11,28020
06/05/2006,18.55,19.25,17.22,17.78,83340
06/06/2006,17.78,17.92,17.01,17.78,62240
06/07/2006,18.06,18.41,16.73,16.8,14470
06/08/2006,19.6,19.601,15.4,16.73,57180
06/09/2006,16.45,17.15,16.45,16.8,25290
06/12/2006,16.8,17.29,15.89,16.17,137640
06/13/2006,15.785,16.697,15.294,15.715,22840
06/14/2006,15.4,16.8,15.4,16.45,37930
06/15/2006,16.66,18.131,16.66,17.57,38740
06/16/2006,17.724,17.795,16.029,16.1,110630
06/19/2006,16.8,16.8,14.7,15.05,122110
06/20/2006,15.05,15.4,14.7,14.84,28990
06/21/2006,14.84,16.66,14.84,15.82,61810
06/22/2006,15.4,15.61,14.84,15.12,57160
06/23/2006,15.82,17.85,15.54,16.94,87980
06/26/2006,17.428,17.914,16.595,17.15,31020
06/27/2006,17.85,17.85,15.61,15.75,21080
06/28/2006,15.82,16.45,15.12,15.61,33390
06/29/2006,15.644,16.486,15.644,16.346,36560
06/30/2006,16.1,16.73,15.4,16.73,411630
07/03/2006,16.03,17.29,15.96,16.8,17920
07/05/2006,17.5,17.5,16.1,17.15,25570
07/06/2006,17.22,18.55,16.8,18.2,22270
07/07/2006,18.2,18.41,17.71,17.99,11380
07/10/2006,18.761,18.762,17.918,18.129,19620
07/11/2006,17.92,19.25,17.85,17.99,89690
07/12/2006,18.025,18.446,17.884,18.305,15130
07/13/2006,18.48,18.55,17.78,17.99,14120
07/14/2006,18.06,18.2,17.78,17.99,17810
07/17/2006,17.99,18.2,17.22,17.43,7320
07/18/2006,17.57,18.34,16.8,17.01,16160
07/19/2006,17.217,17.715,17.074,17.43,15580
07/20/2006,17.5,17.64,16.59,17.22,14220
07/21/2006,17.29,17.92,17.01,17.57,6770
07/24/2006,17.85,18.97,17.5,18.06,19600
07/25/2006,18.06,19.11,17.78,18.55,12720
07/26/2006,18.935,19.075,18.166,18.865,53080
07/27/2006,19.321,19.321,18.829,18.969,13220
07/28/2006,19.46,19.46,17.85,18.9,14190
07/31/2006,19.391,19.746,19.036,19.32,16230
08/01/2006,19.46,19.46,18.27,18.9,22090
08/02/2006,18.9,19.25,18.69,18.83,17680
08/03/2006,18.83,19.04,17.85,18.55,28560
08/04/2006,18.55,18.9,18.55,18.9,17670
08/07/2006,19.53,19.53,18.55,18.62,16850
08/08/2006,18.62,19.25,18.62,18.9,27600
08/09/2006,19.18,19.18,18.55,18.69,25110
08/10/2006,19.802,20.02,19.728,19.95,7700
08/11/2006,19.95,20.23,18.76,18.76,32590
08/14/2006,19.04,19.04,18.41,18.83,11800
08/15/2006,18.585,18.935,18.585,18.795,7780
08/16/2006,18.9,18.9,18.62,18.76,64700
08/17/2006,18.864,18.864,18.026,18.166,18620
08/18/2006,18.34,19.39,17.92,18.9,61850
08/21/2006,19.25,19.25,18.55,18.9,20450
08/22/2006,18.69,19.32,18.55,18.9,30370
08/23/2006,18.9,19.11,18.55,18.9,34050
08/24/2006,18.83,19.11,18.62,18.9,10920
08/25/2006,18.9,19.18,18.76,19.11,58680
08/28/2006,18.97,19.18,18.83,19.18,41720
08/29/2006,18.973,19.388,18.765,19.25,56010
08/30/2006,19.32,19.74,19.25,19.6,68500
08/31/2006,19.881,20.58,19.672,20.51,39460
09/01/2006,20.58,22.26,20.3,21.98,55940
09/05/2006,22.19,22.33,21,21.7,50100
09/06/2006,21.91,21.91,21,21,33490
09/07/2006,21,21.07,20.3,21,21320
09/08/2006,20.65,21.7,20.65,20.65,9320
09/11/2006,20.51,20.51,19.95,20.3,17740
09/12/2006,20.09,20.37,19.95,20.23,22990
09/13/2006,20.51,20.72,20.02,20.02,18490
09/14/2006,20.3,20.37,19.6,19.74,42400
09/15/2006,20.23,20.51,19.74,20.02,26080
09/18/2006,21,21.08,19.81,20.3,33680
09/19/2006,21.29,21.29,20.02,20.16,23150
09/20/2006,20.3,20.37,20.09,20.23,19400
09/21/2006,20.23,20.23,18.06,18.9,105840
09/22/2006,19.6,19.6,17.92,18.06,59140
09/25/2006,18.76,18.76,17.01,17.43,44730
09/26/2006,17.5,17.78,16.73,17.5,25630
09/27/2006,17.64,18.13,17.5,17.85,10220
09/28/2006,17.64,18.48,17.5,18.41,9650
09/29/2006,18.41,18.9,18.41,18.76,11970
10/02/2006,18.76,18.76,18.48,18.48,19280
10/03/2006,18.27,18.27,17.22,17.64,19920
10/04/2006,17.64,17.64,16.38,16.59,19690
10/05/2006,16.34,18.275,16.34,18.06,26620
10/06/2006,17.57,18.2,17.5,17.92,5490
10/09/2006,17.955,18.025,16.767,17.465,7750
10/10/2006,16.905,17.464,16.766,17.255,9130
10/11/2006,17.15,17.22,16.52,16.8,38260
10/12/2006,16.8,16.8,14.7,14.91,73700
10/13/2006,14.91,16.38,14.07,16.03,103970
10/16/2006,15.47,16.52,15.47,16.45,47770
10/17/2006,16.45,16.45,15.75,16.45,30840
10/18/2006,16.24,16.94,16.24,16.87,26700
10/19/2006,16.94,17.71,16.8,17.5,51060
10/20/2006,15.894,16.446,15.686,16.17,1024550
10/23/2006,16.17,16.52,16.03,16.31,61500
10/24/2006,16.1,16.1,15.4,15.96,96640
10/25/2006,15.855,16.416,15.714,16.205,93130
10/26/2006,16.45,16.45,16.03,16.17,60530
10/27/2006,16.17,16.24,15.96,16.1,47170
10/30/2006,16.24,16.45,15.96,16.1,68410
10/31/2006,16.1,16.24,16.03,16.17,61860
11/01/2006,16.17,16.45,15.4,16.24,67890
11/02/2006,16.17,16.17,15.75,15.89,36600
11/03/2006,16.1,16.31,15.89,16.31,35700
11/06/2006,16.1,16.17,15.89,15.96,22390
11/07/2006,16.45,16.45,15.89,16.03,46370
11/08/2006,16.17,16.24,15.4,15.82,29940
11/09/2006,15.96,15.96,15.05,15.68,33560
11/10/2006,15.68,15.75,15.05,15.54,71860
11/13/2006,15.435,15.716,15.435,15.505,28070
11/14/2006,15.47,15.75,15.4,15.68,26330
11/15/2006,15.575,15.786,15.435,15.505,28540
11/16/2006,15.886,15.886,15.261,15.4,38820
11/17/2006,15.61,15.82,15.47,15.75,59230
11/20/2006,15.82,15.82,15.19,15.33,41940
11/21/2006,15.4,15.75,15.12,15.54,35950
11/22/2006,15.75,15.75,15.4,15.47,48160
11/24/2006,15.4,15.75,15.4,15.54,6020
11/27/2006,16.8,16.8,15.47,15.82,63460
11/28/2006,15.996,16.554,15.507,16.554,25270
11/29/2006,17.154,17.154,16.306,16.73,47400
11/30/2006,16.372,16.44,15.624,16.1,97350
12/01/2006,16.695,16.765,16.274,16.485,42160
12/04/2006,16.45,16.59,16.45,16.45,21990
12/05/2006,16.66,16.66,15.75,15.82,28110
12/06/2006,15.89,16.31,15.89,16.24,25460
12/07/2006,16.24,17.01,15.4,16.66,81140
12/08/2006,17.013,17.013,16.307,16.59,17450
12/11/2006,16.45,16.8,16.17,16.52,24370
12/12/2006,16.1,16.8,16.1,16.73,22090
12/13/2006,16.52,16.8,16.45,16.66,8210
12/14/2006,16.765,16.835,16.415,16.485,26180
12/15/2006,16.8,16.87,16.1,16.1,29410
12/18/2006,16.45,16.45,15.75,15.96,48120
12/19/2006,16.1,16.31,15.75,16.1,30850
12/20/2006,16.45,16.8,16.45,16.66,51810
12/21/2006,16.8,16.8,16.52,16.66,25510
12/22/2006,16.59,16.66,16.52,16.59,25770
12/26/2006,16.52,16.52,16.17,16.24,36160
12/27/2006,16.24,16.31,15.89,15.96,35830
12/28/2006,15.995,16.135,15.855,15.925,61450
12/29/2006,15.96,16.1,15.96,16.03,24030
01/03/2007,16.38,16.45,15.699,16.1,85560
01/04/2007,16.24,16.24,15.33,15.33,54330
01/05/2007,15.365,15.856,14.944,15.785,52880
01/08/2007,15.474,15.89,15.404,15.89,45550
01/09/2007,15.575,15.925,15.506,15.925,31070
01/10/2007,15.96,15.96,15.47,15.96,21160
01/11/2007,15.68,15.89,15.68,15.82,16890
01/12/2007,15.89,15.89,15.47,15.75,23420
01/16/2007,15.75,15.75,14.7,15.26,23670
01/17/2007,14.805,15.573,14.665,14.805,25430
01/18/2007,14.7,14.84,14.21,14.42,20230
01/19/2007,15.12,15.12,14.21,14.7,7820
01/22/2007,15.05,15.05,14.28,14.7,14140
01/23/2007,14.77,15.26,14.28,15.12,857950
01/24/2007,15.225,15.505,15.016,15.435,12340
01/25/2007,15.683,15.968,15.399,15.54,23180
01/26/2007,15.4,15.54,15.33,15.33,14590
01/29/2007,15.4,16.59,15.19,15.82,30740
01/30/2007,15.89,16.38,15.33,15.61,32020
01/31/2007,15.645,15.645,15.156,15.295,10310
02/01/2007,15.4,15.96,14.84,15.26,30360
02/02/2007,15.4,15.4,14.91,15.19,24530
02/05/2007,15.365,15.715,15.295,15.645,75280
02/06/2007,15.82,15.961,15.258,15.82,53650
02/07/2007,15.924,15.924,15.366,15.436,3920
02/08/2007,15.4,15.82,15.4,15.61,6930
02/09/2007,15.54,15.75,15.47,15.61,28950
02/12/2007,15.47,15.75,15.47,15.61,19380
02/13/2007,15.75,15.75,15.05,15.4,12210
02/14/2007,15.61,15.75,15.399,15.4,29570
02/15/2007,15.4,15.75,15.19,15.4,27140
02/16/2007,15.68,16.036,15.609,15.68,15950
02/20/2007,15.75,15.75,15.33,15.47,22560
02/21/2007,15.47,15.68,15.26,15.4,6160
02/22/2007,15.54,15.54,15.26,15.4,11470
02/23/2007,15.54,15.75,15.26,15.26,20570
02/26/2007,15.4,15.68,15.26,15.4,5180
02/27/2007,15.68,15.68,14.63,14.84,19470
02/28/2007,14.84,14.98,14.42,14.49,10720
03/01/2007,14.49,14.77,14.21,14.7,14740
03/02/2007,14.84,14.84,14.42,14.63,7100
03/05/2007,14.77,14.77,13.79,13.79,31070
03/06/2007,14.351,14.49,13.79,14.14,30180
03/07/2007,14.35,14.63,14,14.35,59430
03/08/2007,14.56,14.56,14.21,14.35,23470
03/09/2007,14.49,15.051,14.35,15.05,58310
03/12/2007,15.05,15.12,14.7,14.91,97990
03/13/2007,14.98,15.05,14.7,15.05,9190
03/14/2007,14.7,14.98,14.49,14.77,12580
03/15/2007,14.77,15.19,14.63,14.84,22230
03/16/2007,14.945,15.015,14.665,14.735,3480
03/19/2007,15.05,15.05,14.63,14.77,13760
03/20/2007,15.052,15.193,14.699,14.84,21330
03/21/2007,15.337,15.337,14.98,14.98,9330
03/22/2007,15.05,15.05,14.7,15.05,18580
03/23/2007,14.84,15.12,14.84,14.98,12510
03/26/2007,15.05,15.75,15.05,15.75,53360
03/27/2007,15.75,15.75,14.91,14.98,33890
03/28/2007,14.77,15.05,14.56,14.63,13250
03/29/2007,14.7,15.19,14.28,14.35,25280
03/30/2007,14.42,14.84,14,14.14,27860
04/02/2007,14.28,14.28,13.79,14,107400
04/03/2007,14,14.35,13.86,14.07,43910
04/04/2007,14,14.49,13.93,14,12780
04/05/2007,14,14.42,13.86,13.86,14360
04/09/2007,14,14.56,13.93,13.93,20820
04/10/2007,14.28,15.05,14,14.7,43420
04/11/2007,14.35,14.629,14.28,14.42,27190
04/12/2007,14.49,15.05,14.49,14.84,39910
04/13/2007,14.98,15.05,14,14.28,52100
04/16/2007,14.354,14.766,13.805,14.56,15300
04/17/2007,14.49,14.91,14,14.49,15630
04/18/2007,14.42,14.49,14.07,14.14,18280
04/19/2007,14.35,14.35,14,14,19800
04/20/2007,14.14,14.42,13.93,14.28,17970
04/23/2007,14.07,14.7,14.07,14.35,14820
04/24/2007,13.93,14.42,13.86,14.21,23150
04/25/2007,14,14.42,13.86,14.14,38360
04/26/2007,14.35,14.63,14.35,14.42,73580
04/27/2007,14.595,14.595,14.314,14.455,10590
04/30/2007,14.705,14.705,14.137,14.35,33130
05/01/2007,14.105,14.175,13.825,13.895,16160
05/02/2007,13.93,14.14,13.86,13.93,25360
05/03/2007,14.209,14.28,14.066,14.28,14430
05/04/2007,13.93,14.35,13.86,14.35,20790
05/07/2007,14.35,14.42,14.14,14.35,75490
05/08/2007,14.14,14.35,14,14.07,19580
05/09/2007,14.07,14.42,13.86,14,31620
05/10/2007,14.07,14.21,13.86,13.86,40310
05/11/2007,13.86,14.21,12.6,13.79,15240
05/14/2007,14,14.28,13.65,13.79,17920
05/15/2007,14,14.07,12.67,12.95,28280
05/16/2007,13.16,13.51,12.53,12.67,35090
05/17/2007,12.67,13.51,12.67,13.02,41280
05/18/2007,13.3,13.72,13.3,13.72,24560
05/21/2007,13.72,14.14,13.51,13.93,35800
05/22/2007,14.07,14.14,13.93,14,24960
05/23/2007,14.105,14.175,13.895,14.035,17830
05/24/2007,13.79,14.14,13.79,14.14,34150
05/25/2007,13.86,14.21,13.3,14,33620
05/29/2007,14.136,14.568,14.136,14.28,23250
05/30/2007,13.79,14.49,13.79,14.35,25650
05/31/2007,14.49,14.84,14.14,14.42,48090
06/01/2007,14.35,14.63,14,14,20220
06/04/2007,14.35,14.91,14.07,14.07,12160
06/05/2007,14.14,15.4,14.07,15.05,54230
06/06/2007,15.33,15.75,14.7,14.7,65970
06/07/2007,15.05,15.75,14.21,14.42,29440
06/08/2007,13.86,13.86,11.41,11.69,2174250
06/11/2007,11.9,11.9,10.85,11.06,114500
06/12/2007,11.408,11.841,11.191,11.48,95550
06/13/2007,11.13,11.55,10.85,11.13,151740
06/14/2007,10.92,11.13,10.64,10.78,37990
06/15/2007,10.78,10.85,9.87,10.36,149220
06/18/2007,10.535,10.746,10.395,10.395,132780
06/19/2007,10.43,10.43,9.87,9.94,105260
06/20/2007,9.8,10.08,9.31,9.8,281610
06/21/2007,10.29,10.5,9.94,10.15,72980
06/22/2007,10.488,11.212,10.416,10.85,38850
06/25/2007,10.989,11.273,10.635,11.06,37230
06/26/2007,11.13,11.2,10.64,10.92,32640
06/27/2007,10.99,11.13,10.92,10.99,46550
06/28/2007,10.78,11.13,10.78,10.85,22450
06/29/2007,10.92,10.92,10.08,10.5,40480
07/02/2007,10.646,10.932,10.36,10.36,22390
07/03/2007,9.94,10.15,9.45,9.73,153280
07/05/2007,9.94,9.94,9.66,9.73,47530
07/06/2007,9.73,9.94,9.45,9.94,147490
07/09/2007,9.87,10.36,9.87,10.36,51810
07/10/2007,10.15,10.29,9.94,9.94,37740
07/11/2007,10.15,10.15,9.73,10.01,50160
07/12/2007,10.01,10.29,9.8,9.94,36080
07/13/2007,9.94,10.29,9.94,10.29,12680
07/16/2007,10.29,10.43,10.01,10.08,12280
07/17/2007,10.08,10.08,9.52,10.08,17660
07/18/2007,9.87,10.22,9.59,9.66,15060
07/19/2007,9.59,9.94,9.45,9.87,16060
07/20/2007,9.73,9.87,9.38,9.52,32490
07/23/2007,9.73,9.73,9.38,9.45,8870
07/24/2007,9.31,9.31,8.68,8.89,39320
07/25/2007,8.68,9.1,8.61,8.75,32240
07/26/2007,8.4,8.96,8.26,8.26,26260
07/27/2007,8.26,8.96,8.26,8.47,11160
07/30/2007,8.75,9.1,8.26,8.4,10700
07/31/2007,8.4,8.68,8.05,8.19,13520
08/01/2007,7.98,8.33,7.77,7.91,36250
08/02/2007,7.84,8.61,7.84,7.98,33190
08/03/2007,7.561,7.908,7.561,7.7,20460
08/06/2007,7.7,8.05,7.28,7.35,25900
08/07/2007,7.7,7.7,7.35,7.42,20340
08/08/2007,7.84,9.03,7.35,8.54,35130
08/09/2007,7.77,8.68,7.77,8.4,23980
08/10/2007,7.35,8.61,7.35,8.4,266930
08/13/2007,8.26,8.61,8.19,8.4,16260
08/14/2007,8.26,8.47,8.05,8.05,49450
08/15/2007,8.05,8.47,7.84,8.26,22770
08/16/2007,8.26,8.26,7.56,8.05,43760
08/17/2007,7.28,8.4,7.28,7.91,17980
08/20/2007,7.7,7.98,7.56,7.91,8600
08/21/2007,8.05,8.05,7.7,7.7,7010
08/22/2007,7.77,8.19,7.7,8.12,4170
08/23/2007,8.122,8.404,7.839,7.91,7520
08/24/2007,7.84,8.05,7.84,8.05,3080
08/27/2007,7.91,8.12,7.7,7.98,7450
08/28/2007,8.26,8.26,7.7,8.05,5700
08/29/2007,7.98,8.26,7.77,8.12,11220
08/30/2007,8.05,8.12,7.84,7.91,22930
08/31/2007,8.191,8.262,7.978,8.12,16610
09/04/2007,8.26,8.47,7.91,8.05,67140
09/05/2007,8.12,8.12,7.77,7.77,37840
09/06/2007,7.91,7.91,7.14,7.56,31870
09/07/2007,7.56,7.98,7.49,7.63,30470
09/10/2007,7.63,7.7,7.21,7.42,9650
09/11/2007,7.14,7.42,7.14,7.35,16580
09/12/2007,7.42,7.49,7.28,7.35,12300
09/13/2007,7.7,7.7,6.65,7.14,152530
09/14/2007,7.21,7.35,6.93,7.21,16330
09/17/2007,7.21,7.35,7.14,7.21,3170
09/18/2007,7.49,7.49,6.65,7.21,81060
09/19/2007,7.14,7.49,7,7.21,80010
09/20/2007,7.35,7.35,7.21,7.28,11260
09/21/2007,7.704,7.776,7.416,7.56,14410
09/24/2007,7.63,7.63,7,7.42,30720
09/25/2007,7.35,7.49,7,7.21,29980
09/26/2007,7.28,7.49,7.07,7.14,30610
09/27/2007,7.28,7.84,7,7.84,21850
09/28/2007,7.704,8.529,7.635,7.91,22480
10/01/2007,8.05,8.33,7.35,7.98,24230
10/02/2007,7.98,7.98,7.56,7.98,5360
10/03/2007,7.77,7.91,7.56,7.7,10560
10/04/2007,7.84,7.91,7.49,7.63,16410
10/05/2007,7.49,7.84,7.49,7.84,16720
10/08/2007,7.91,8.26,7.7,8.26,27320
10/09/2007,8.33,9.45,8.33,8.82,79210
10/10/2007,9.03,9.03,8.19,8.75,32000
10/11/2007,8.4,8.89,8.33,8.82,12410
10/12/2007,8.75,9.03,8.75,8.89,7990
10/15/2007,8.82,9.03,8.75,8.96,7550
10/16/2007,9.03,10.15,9.03,9.73,32580
10/17/2007,9.87,10.15,9.38,9.45,16220
10/18/2007,9.73,9.73,9.24,9.38,6560
10/19/2007,9.38,9.38,9.1,9.1,12430
10/22/2007,9.03,9.17,8.33,9.1,29400
10/23/2007,9.17,9.31,8.82,9.1,12370
10/24/2007,9.38,9.45,8.47,8.54,27910
10/25/2007,8.96,8.96,8.4,8.68,16640
10/26/2007,8.82,9.24,8.26,8.61,32920
10/29/2007,8.715,8.996,8.293,8.785,24160
10/30/2007,8.96,9.03,8.68,8.82,26010
10/31/2007,8.68,8.68,8.267,8.68,14800
11/01/2007,8.75,8.75,8.05,8.4,20520
11/02/2007,8.68,8.75,8.05,8.33,36620
11/05/2007,8.54,8.82,8.26,8.75,14010
11/06/2007,10.15,10.15,8.68,9.66,72170
11/07/2007,8.82,10.01,8.82,9.45,30510
11/08/2007,9.66,9.73,9.31,9.59,24470
11/09/2007,9.45,9.59,9.31,9.59,21540
11/12/2007,9.66,9.8,9.17,9.52,16620
11/13/2007,9.31,9.52,9.03,9.03,19220
11/14/2007,8.89,9.31,8.89,9.24,8630
11/15/2007,9.52,9.8,9.17,9.24,32780
11/16/2007,9.17,9.31,9.1,9.24,29530
11/19/2007,9.38,9.45,9.1,9.17,11810
11/20/2007,9.17,9.31,9.03,9.17,23070
11/21/2007,8.4,9.24,8.4,9.17,58740
11/23/2007,9.17,9.38,9.17,9.31,4650
11/26/2007,9.03,9.45,9.03,9.31,28310
11/27/2007,9.24,9.38,8.89,8.89,13810
11/28/2007,8.96,9.24,8.75,8.89,8290
11/29/2007,8.89,9.03,8.05,8.68,9640
11/30/2007,8.541,8.748,8.266,8.61,16390
12/03/2007,7.91,8.54,7.42,8.33,34320
12/04/2007,8.12,8.33,7.77,7.98,20630
12/05/2007,7.91,8.05,7.63,7.63,55770
12/06/2007,7.91,7.91,7.56,7.63,33070
12/07/2007,8.4,8.4,7.56,7.91,271420
12/10/2007,7.77,8.26,7.77,7.84,32060
12/11/2007,7.84,8.26,7.63,7.7,126340
12/12/2007,7.7,9.1,7.7,8.4,92870
12/13/2007,8.89,8.89,7.7,8.05,62980
12/14/2007,8.33,8.33,7.98,8.05,9790
12/17/2007,7.77,8.05,7.77,8.05,6750
12/18/2007,7.56,8.19,7.56,7.63,42840
12/19/2007,7.84,8.05,7.84,7.91,37140
12/20/2007,7.77,8.12,7.77,8.05,68250
12/21/2007,8.601,10.275,8.601,9.59,359590
12/24/2007,9.8,10.01,9.38,9.52,80880
12/26/2007,9.8,9.8,8.61,8.61,40530
12/27/2007,9.875,10.157,8.676,9.24,110940
12/28/2007,8.33,9.87,8.33,9.66,150500
12/31/2007,10.01,10.01,8.61,9.38,60440
01/02/2008,9.745,10.106,8.951,9.24,27780
01/03/2008,8.82,9.45,8.82,9.17,49900
01/04/2008,8.89,9.73,8.89,9.45,79610
01/07/2008,10.08,10.08,8.75,8.75,36980
01/08/2008,8.47,9.333,8.47,9.03,68020
01/09/2008,8.755,9.238,8.755,9.1,24490
01/10/2008,9.205,9.346,8.924,9.205,42380
01/11/2008,9.345,9.345,9.134,9.205,40640
01/14/2008,9.24,9.45,9.1,9.31,40830
01/15/2008,9.03,9.45,9.029,9.24,96100
01/16/2008,9.103,9.308,9.103,9.24,79610
01/17/2008,9.309,9.378,8.964,9.24,45440
01/18/2008,9.24,9.8,9.24,9.8,28160
01/22/2008,8.619,9.309,7.792,9.24,28070
01/23/2008,8.646,9.413,8.507,9.344,28620
01/24/2008,9.301,10.011,9.301,9.94,37880
01/25/2008,10.22,10.22,9.31,9.59,32200
01/28/2008,9.835,9.976,9.414,9.765,50470
01/29/2008,9.299,9.299,8.834,9.1,63290
01/30/2008,9.236,9.875,9.236,9.52,9790
01/31/2008,9.59,9.59,9.1,9.38,44370
02/01/2008,9.17,9.837,9.1,9.59,17740
02/04/2008,9.38,9.94,9.38,9.94,19550
02/05/2008,10.155,10.155,9.792,10.01,15210
02/06/2008,9.764,9.764,9.416,9.486,10210
02/07/2008,9.31,9.66,9.31,9.52,6030
02/08/2008,9.31,9.59,9.17,9.31,26830
02/11/2008,9.17,9.45,8.96,9.1,28450
02/12/2008,9.45,9.45,8.96,8.96,12860
02/13/2008,8.89,9.17,8.89,9.1,89430
02/14/2008,9.065,9.344,9.065,9.275,9780
02/15/2008,9.31,9.38,9.17,9.38,394220
02/19/2008,9.736,9.951,9.45,9.45,12890
02/20/2008,9.525,9.816,9.307,9.38,15260
02/21/2008,9.666,9.666,9.169,9.24,13860
02/22/2008,9.17,9.66,8.96,9.1,26240
02/25/2008,9.1,9.24,8.89,8.96,13410
02/26/2008,9.03,9.45,8.96,9.24,15040
02/27/2008,9.1,9.8,9.1,9.45,44490
02/28/2008,9.875,10.02,9.657,9.73,5790
02/29/2008,9.45,9.73,7,9.1,82760
03/03/2008,8.855,9.204,8.855,8.995,19390
03/04/2008,9.17,9.313,9.17,9.17,21710
03/05/2008,8.966,9.374,8.966,9.17,29500
03/06/2008,9.24,9.662,9.24,9.45,46700
03/07/2008,9.873,9.873,9.589,9.66,24740
03/10/2008,9.805,9.876,9.447,9.59,26820
03/11/2008,9.8,9.87,9.59,9.73,62920
03/12/2008,10.299,10.299,9.369,9.87,42900
03/13/2008,9.416,9.764,9.416,9.764,39680
03/14/2008,9.765,9.765,9.625,9.695,12360
03/17/2008,9.24,9.582,9.172,9.24,33630
03/18/2008,9.946,9.946,9.658,9.73,26980
03/19/2008,9.38,9.45,8.96,9.24,30260
03/20/2008,9.079,9.805,9.079,9.66,21800
03/24/2008,9.485,9.485,9.204,9.415,19300
03/25/2008,9.38,9.45,9.24,9.38,11110
03/26/2008,9.45,9.45,9.31,9.45,25870
03/27/2008,9.45,9.52,8.89,9.31,21830
03/28/2008,9.38,9.38,9.31,9.31,15410
03/31/2008,9.555,9.555,9.276,9.345,27670
04/01/2008,9.31,9.45,9.1,9.31,49810
04/02/2008,9.135,9.345,9.135,9.345,87630
04/03/2008,9.205,9.416,9.065,9.065,48330
04/04/2008,9.065,9.206,9.065,9.065,9810
04/07/2008,9.135,9.205,8.924,9.065,65810
04/08/2008,9.24,9.24,8.96,9.1,197040
04/09/2008,9.1,9.31,8.75,8.96,105760
04/10/2008,9.03,9.24,8.54,8.96,35150
04/11/2008,9.1,9.17,8.54,9.1,40380
04/14/2008,8.82,9.17,8.61,9.17,10280
04/15/2008,8.75,9.17,8.4,9.03,9640
04/16/2008,8.96,9.17,8.82,9.03,21190
04/17/2008,9.1,9.1,8.96,9.03,7580
04/18/2008,9.03,9.17,8.89,9.17,30440
04/21/2008,9.31,9.31,8.96,9.17,51880
04/22/2008,9.275,9.275,9.065,9.065,62630
04/23/2008,9.135,9.346,9.065,9.065,217260
04/24/2008,9.17,9.17,9.03,9.17,51650
04/25/2008,9.1,9.17,9.03,9.1,45550
04/28/2008,9.17,9.17,9.03,9.03,48580
04/29/2008,9.03,9.66,9.03,9.38,91950
04/30/2008,10.209,10.36,10.133,10.36,51820
05/01/2008,9.66,10.71,9.66,10.36,50360
05/02/2008,9.904,10.607,9.834,10.396,34070
05/05/2008,10.5,10.85,10.29,10.71,50270
05/06/2008,11.13,11.9,10.57,11.34,160200
05/07/2008,11.2,11.97,11.2,11.41,165560
05/08/2008,11.41,11.97,11.41,11.69,155230
05/09/2008,12.265,12.481,11.544,11.76,115390
05/12/2008,11.9,12.04,10.64,10.78,167540
05/13/2008,11.06,11.06,9.52,10.71,88750
05/14/2008,11.129,11.2,10.772,11.2,102810
05/15/2008,11.235,11.516,10.884,11.165,50880
05/16/2008,11.85,11.85,11.055,11.2,35320
05/19/2008,10.991,11.198,10.645,11.06,58810
05/20/2008,11.2,11.62,10.85,11.13,35200
05/21/2008,12.384,12.866,11.765,12.04,269780
05/22/2008,12.11,12.53,11.76,12.04,96400
05/23/2008,12.252,12.464,11.827,12.11,68980
05/27/2008,12.54,12.54,11.895,12.11,41700
05/28/2008,12.18,12.25,11.76,11.83,25710
05/29/2008,12.04,12.04,11.55,11.83,45790
05/30/2008,12.228,12.891,12.228,12.67,37460
06/02/2008,13.081,13.863,12.655,13.65,178350
06/03/2008,13.23,14.7,13.09,14.14,142470
06/04/2008,14.943,15.087,13.65,13.65,121470
06/05/2008,13.99,15.403,13.99,15.05,129640
06/06/2008,15.434,16.837,15.083,16.766,304090
06/09/2008,17.5,17.92,15.4,16.66,171550
06/10/2008,17.522,17.522,16.445,16.66,93070
06/11/2008,16.029,16.515,15.613,15.96,101820
06/12/2008,16.38,16.38,12.95,15.19,116460
06/13/2008,15.327,15.892,14.974,15.68,69780
06/16/2008,16.59,17.43,15.75,16.03,97950
06/17/2008,16.662,16.945,16.095,16.52,85280
06/18/2008,16.24,16.73,15.75,16.03,69420
06/19/2008,17.121,17.121,15.466,15.61,42660
06/20/2008,15.739,16.613,15.083,16.03,124950
06/23/2008,15.784,16.343,15.016,15.086,56530
06/24/2008,15.389,16.248,15.031,15.89,45790
06/25/2008,14.77,15.89,14.656,15.26,48170
06/26/2008,15.506,15.576,14.734,14.734,49160
06/27/2008,13.512,14.408,12.935,14.28,1861300
06/30/2008,14.56,15.47,14,15.19,124990
07/01/2008,15.225,15.435,15.015,15.225,94750
07/02/2008,15.187,15.881,14.563,14.91,97000
07/03/2008,14.695,15.868,13.867,14.35,56880
07/07/2008,14.04,14.93,12.122,12.67,123390
07/08/2008,12.74,13.93,11.06,13.65,218220
07/09/2008,13.02,13.79,12.11,12.18,43270
07/10/2008,12.32,13.58,12.32,13.09,89680
07/11/2008,12.95,13.086,12.064,12.95,72060
07/14/2008,13.3,13.3,12.81,13.16,37070
07/15/2008,12.46,13.3,12.32,12.6,53640
07/16/2008,12.635,12.775,11.582,12.565,70850
07/17/2008,12.6,13.37,12.11,12.53,58520
07/18/2008,12.494,12.913,11.796,11.936,41230
07/21/2008,11.83,12.53,11.62,12.18,24190
07/22/2008,12.88,12.88,11.9,12.67,79070
07/23/2008,12.673,13.098,12.319,12.39,49450
07/24/2008,12.669,12.738,11.423,12.6,42570
07/25/2008,12.67,13.37,11.69,12.67,68740
07/28/2008,12.462,12.808,12.323,12.6,57270
07/29/2008,12.46,13.3,12.04,12.74,97060
07/30/2008,12.775,12.775,12.214,12.705,55390
07/31/2008,12.636,12.636,11.654,11.654,60850
08/01/2008,11.76,12.04,11.55,11.76,39250
08/04/2008,12.056,12.056,10.779,10.85,73820
08/05/2008,8.89,10.5,8.47,10.29,154690
08/06/2008,10.535,10.886,10.113,10.745,67200
08/07/2008,10.745,10.955,10.257,10.885,52820
08/08/2008,10.857,11.643,10.5,10.5,93940
08/11/2008,10.15,12.04,9.87,10.85,72360
08/12/2008,11.06,11.06,10.64,10.78,50010
08/13/2008,10.532,12.639,10.532,12.428,49240
08/14/2008,12.67,13.09,12.04,12.6,56250
08/15/2008,12.565,12.914,11.169,12.495,52280
08/18/2008,12.6,12.67,11.83,12.11,25860
08/19/2008,11.864,11.934,11.096,11.166,34470
08/20/2008,11.41,11.97,10.85,11.13,45330
08/21/2008,11.375,11.586,10.954,11.235,23920
08/22/2008,11.06,12.81,11.06,12.11,50090
08/25/2008,12.216,12.286,11.444,11.444,18100
08/26/2008,11.48,12.18,11.41,11.83,15160
08/27/2008,11.97,12.04,11.55,11.97,24900
08/28/2008,11.934,12.566,11.724,12.426,37670
08/29/2008,12.39,12.39,11.76,12.04,28810
09/02/2008,12.497,13.129,11.233,11.233,35570
09/03/2008,11.06,12.25,10.85,11.97,45570
09/04/2008,12.005,12.286,11.443,12.145,41430
09/05/2008,12.18,12.25,11.34,11.97,16980
09/08/2008,12.18,12.18,11.34,12.18,32940
09/09/2008,11.41,13.23,10.92,10.99,52600
09/10/2008,11.48,11.48,9.66,10.57,47330
09/11/2008,10.57,10.57,9.45,10.36,29280
09/12/2008,10.71,10.99,10.08,10.36,21460
09/15/2008,8.675,9.369,7.981,8.12,63900
09/16/2008,6.7105,7.906,6.7105,7.84,93790
09/17/2008,8.05,9.03,7.56,7.7,44610
09/18/2008,10.317,13.422,10.043,12.6,60370
09/19/2008,12.67,13.23,10.85,11.69,268940
09/22/2008,10.99,12.692,10.635,10.99,50660
09/23/2008,10.64,11.48,8.75,9.45,63410
09/24/2008,10.36,10.36,9.38,9.45,34990
09/25/2008,9.73,10.36,9.1,10.15,33070
09/26/2008,9.975,10.115,9.557,10.115,29840
09/29/2008,9.73,10.29,8.75,8.89,53040
09/30/2008,8.829,10.061,8.556,9.24,57000
10/01/2008,8.716,9.064,8.507,9.064,29800
10/02/2008,8.82,10.15,8.75,9.17,61810
10/03/2008,9.38,10.01,8.89,9.1,32830
10/06/2008,8.75,8.75,6.02,6.79,140170
10/07/2008,7.35,7.42,6.37,6.37,89840
10/08/2008,5.0804,6.7262,5.0804,6.44,132750
10/09/2008,6.1018,6.6382,6.1018,6.37,75550
10/10/2008,5.9365,7.421,5.6538,7.35,164480
10/13/2008,7.63,8.4,7.21,8.4,76350
10/14/2008,8.82,8.96,7.058,7.63,48330
10/15/2008,7.63,8.05,5.18,5.18,105070
10/16/2008,6.2599,7.365,5.5971,7.07,165650
10/17/2008,6.6863,6.6863,5.3218,5.39,108830
10/20/2008,5.53,6.58,5.39,6.23,79050
10/21/2008,6.0723,6.0723,5.1853,5.39,71600
10/22/2008,5.6,5.67,4.55,4.9,66330
10/23/2008,5.11,5.11,4.1422,4.34,68800
10/24/2008,4.41,5.25,3.92,4.83,92650
10/27/2008,4.669,4.872,3.9923,4.06,39330
10/28/2008,4.2,5.25,3.85,5.25,35110
10/29/2008,4.968,5.313,4.761,4.83,35010
10/30/2008,5.4,5.472,4.896,5.04,46450
10/31/2008,4.9,5.25,4.76,5.25,78070
11/03/2008,5.1809,5.7336,5.1809,5.25,38550
11/04/2008,6.1777,6.2522,5.88,5.88,61770
11/05/2008,5.644,5.712,4.42,4.76,48690
11/06/2008,4.76,5.25,4.55,5.04,41100
11/07/2008,5.18,5.4563,4.8347,5.18,18620
11/10/2008,5.32,5.46,4.76,4.83,24250
11/11/2008,4.76,5.39,4.55,4.55,54090
11/12/2008,4.4056,4.8122,4.1344,4.27,29620
11/13/2008,4.34,4.9,4.06,4.62,72040
11/14/2008,4.4811,5.1705,4.4811,4.55,24040
11/17/2008,4.4287,5.11,4.1561,5.11,57020
11/18/2008,4.81,4.81,4.225,4.55,25930
11/19/2008,4.83,4.83,3.85,3.85,68870
11/20/2008,3.5,3.78,2.31,3.64,87250
11/21/2008,3.78,3.78,3.0927,3.78,67550
11/24/2008,3.85,4.5541,3.5,4.2,84100
11/25/2008,4.06,4.41,3.267,3.85,41160
11/26/2008,3.78,4.48,3.5,4.48,79340
11/28/2008,4.2,4.41,3.85,4.41,12560
12/01/2008,3.1798,3.5447,2.3979,2.45,45820
12/02/2008,3.99,3.99,2.8,3.64,39220
12/03/2008,3.5783,4.06,3.3719,4.06,69140
12/04/2008,3.9053,4.2307,3.3846,3.71,100620
12/05/2008,3.71,3.99,3.43,3.85,30240
12/08/2008,3.99,4.2076,3.5547,3.99,48000
12/09/2008,3.9142,4.4123,3.843,4.27,54310
12/10/2008,4.41,4.55,4.13,4.55,30010
12/11/2008,4.2892,5.1062,4.2211,4.97,48550
12/12/2008,4.55,5.25,4.13,5.18,65320
12/15/2008,5.25,5.25,4.27,4.34,48120
12/16/2008,4.5405,5.6,4.5405,5.6,39110
12/17/2008,5.1171,5.39,4.9124,5.39,49850
12/18/2008,5.376,5.376,4.3422,4.48,60020
12/19/2008,4.0816,4.6838,4.0816,4.55,112060
12/22/2008,4.6922,5.0531,4.5478,4.62,53740
12/23/2008,4.62,4.62,3.78,3.99,35890
12/24/2008,3.9926,4.1378,3.92,3.92,28960
12/26/2008,3.92,3.92,3.57,3.71,25870
12/29/2008,3.78,3.99,3.29,3.5,64920
12/30/2008,3.494,3.5626,3.083,3.22,64240
12/31/2008,3.3542,3.9375,3.3542,3.5,94500
01/02/2009,3.7073,4.0708,3.4892,3.78,71040
01/05/2009,3.85,4.9,3.71,4.62,53360
01/06/2009,4.76,5.25,3.92,4.27,53240
01/07/2009,4.2,4.34,3.85,3.99,22800
01/08/2009,3.7258,4.2,3.6581,4.2,22870
01/09/2009,4.2,4.55,3.78,3.78,56770
01/12/2009,3.8365,3.8365,3.3654,3.5,32030
01/13/2009,3.4421,3.7787,3.4352,3.71,19880
01/14/2009,3.9771,3.9771,3.2914,3.36,39210
01/15/2009,3.2966,3.64,3.1592,3.64,22840
01/16/2009,3.64,4.34,3.64,3.99,28820
01/20/2009,3.78,4.06,3.29,3.29,48860
01/21/2009,3.5425,4.6992,3.5425,4.41,69600
01/22/2009,4.2,4.27,3.99,4.06,45180
01/23/2009,3.9923,4.3365,3.8547,4.13,37910
01/26/2009,4.2,4.48,4.2,4.41,29650
01/27/2009,4.41,4.55,4.34,4.48,15980
01/28/2009,4.48,4.9,4.34,4.9,38200
01/29/2009,5.04,5.25,4.48,4.9,64790
01/30/2009,5.2562,5.2562,4.83,4.83,31110
02/02/2009,4.83,4.83,4.692,4.83,14580
02/03/2009,4.83,5.11,4.55,4.55,46890
02/04/2009,4.83,4.9,4.6199,4.69,26990
02/05/2009,4.8343,4.9786,4.69,4.69,12810
02/06/2009,4.687,4.971,4.6159,4.9,15980
02/09/2009,4.76,4.9,4.55,4.9,6500
02/10/2009,4.9,5.25,4.55,5.18,50340
02/11/2009,5.25,5.25,5.18,5.18,18860
02/12/2009,4.838,5.46,4.8311,5.46,29320
02/13/2009,5.53,6.7076,5.53,6.44,63380
02/17/2009,6.09,6.23,5.32,5.53,34210
02/18/2009,5.6,5.6,5.39,5.39,7750
02/19/2009,5.46,6.3,5.46,5.88,24900
02/20/2009,5.67,7.07,5.67,6.37,47260
02/23/2009,6.2628,6.3975,5.118,5.32,26810
02/24/2009,5.53,6.0941,5.32,5.74,49670
02/25/2009,5.3909,5.8056,5.2527,5.46,21430
02/26/2009,5.2351,5.5001,4.97,4.97,32050
02/27/2009,4.9019,5.3162,4.7638,5.04,28110
03/02/2009,4.8969,5.1038,4.5521,4.69,26490
03/03/2009,4.83,4.83,4.34,4.34,31340
03/04/2009,4.5489,5.3308,4.4068,4.62,30950
03/05/2009,4.4121,4.7568,4.3432,4.55,38720
03/06/2009,4.554,4.83,4.485,4.83,26980
03/09/2009,4.76,5.04,4.27,4.4077,33850
03/10/2009,4.62,4.9,4.55,4.62,55390
03/11/2009,4.6922,4.8344,4.55,4.55,38630
03/12/2009,4.828,5.041,4.6122,4.97,71490
03/13/2009,5.11,5.53,5.04,5.32,31660
03/16/2009,5.39,5.53,4.69,4.97,37070
03/17/2009,4.97,5.88,4.97,5.88,38710
03/18/2009,5.88,6.44,5.39,6.09,49240
03/19/2009,6.3,6.3,5.88,6.02,35750
03/20/2009,6.16,6.3724,6.0184,6.16,52080
03/23/2009,6.8563,6.93,6.4877,6.93,40170
03/24/2009,7.003,7.368,6.93,6.93,43520
03/25/2009,6.79,7,6.51,7,26660
03/26/2009,7.365,7.438,6.7156,6.86,45770
03/27/2009,6.58,6.65,6.3,6.3,19810
03/30/2009,6.23,6.37,5.6,5.88,21570
03/31/2009,6.3075,6.67,5.8725,6.09,16860
04/01/2009,6.0121,6.5847,5.9406,6.37,21720
04/02/2009,6.72,9.8,6.72,9.8,309160
04/03/2009,9.415,11.283,9.127,10.78,152320
04/06/2009,11.76,11.76,9.8,9.94,112450
04/07/2009,9.73,10.43,8.89,8.96,66250
04/08/2009,9.24,9.31,8.75,9.1,29530
04/09/2009,10.107,11.296,10.032,10.85,40290
04/13/2009,11.149,11.365,10.07,10.43,57800
04/14/2009,10.43,10.43,9.31,9.45,51130
04/15/2009,9.73,10.08,9.38,9.8,30470
04/16/2009,10.21,10.93,10.139,10.57,33890
04/17/2009,9.721,10.786,9.721,10.36,42610
04/20/2009,10.27,10.27,9.105,9.38,32790
04/21/2009,9.563,10.432,8.549,10.36,38300
04/22/2009,10.115,10.396,9.483,9.905,35700
04/23/2009,9.786,9.786,8.965,9.17,22180
04/24/2009,9.932,10.636,9.932,10.08,47140
04/27/2009,9.583,9.652,9.031,9.1,21120
04/28/2009,9.065,9.698,8.855,8.855,21130
04/29/2009,9.03,9.87,8.96,9.66,32520
04/30/2009,11.211,11.533,10.969,11.13,47540
05/01/2009,10.43,10.43,9.31,9.38,71690
05/04/2009,9.66,10.01,9.52,9.8,58870
05/05/2009,8.82,9.8,8.82,9.17,51790
05/06/2009,9.38,9.66,8.82,8.96,72040
05/07/2009,9.17,9.45,8.75,8.96,47950
05/08/2009,9.588,10.02,9.372,9.66,44000
05/11/2009,9.275,9.763,9.066,9.415,42370
05/12/2009,9.45,9.59,8.82,9.1,24430
05/13/2009,9.1,9.31,8.75,8.75,44570
05/14/2009,8.955,9.665,8.741,9.31,63110
05/15/2009,9.38,9.38,8.96,9.24,60280
05/18/2009,9.485,9.485,9.274,9.345,47820
05/19/2009,9.625,9.696,8.852,9.485,57400
05/20/2009,9.695,9.766,9.274,9.555,64090
05/21/2009,9.276,9.554,9.066,9.554,39160
05/22/2009,9.729,10.084,9.587,9.8,77700
05/26/2009,10.184,10.886,9.692,10.816,79870
05/27/2009,10.64,10.85,10.15,10.15,60820
05/28/2009,10.435,10.506,9.654,10.08,53910
05/29/2009,10.08,15.47,9.8,12.04,523050
06/01/2009,11.83,12.533,11.55,12.18,123090
06/02/2009,12.18,12.88,12.04,12.46,70140
06/03/2009,12.425,12.704,11.029,12.565,77240
06/04/2009,11.62,12.6,10.99,11.97,54350
06/05/2009,12.556,12.556,11.408,11.48,41760
06/08/2009,11.2,11.69,10.85,11.48,27460
06/09/2009,11.62,11.97,11.2,11.27,35510
06/10/2009,11.068,11.476,10.729,11.34,57090
06/11/2009,11.41,11.855,11.06,11.62,24310
06/12/2009,11.2,11.55,10.85,11.55,31640
06/15/2009,10.885,11.373,10.257,10.815,41300
06/16/2009,10.85,11.06,10.118,10.29,32390
06/17/2009,10.535,10.675,9.558,10.605,44550
06/18/2009,10.862,10.934,10.138,10.5,28130
06/19/2009,10.57,10.78,9.87,10.15,63910
06/22/2009,9.864,9.864,9.031,9.1,52710
06/23/2009,9.17,9.38,8.89,9.03,28500
06/24/2009,9.452,9.741,9.164,9.38,30630
06/25/2009,9.17,9.31,9.03,9.31,28820
06/26/2009,9.831,12.956,9.831,12.88,172040
06/29/2009,12.25,12.25,9.8,10.71,106700
06/30/2009,10.533,10.533,9.487,9.557,64410
07/01/2009,9.624,10.186,9.554,9.976,38590
07/02/2009,9.236,9.236,9.037,9.17,49240
07/06/2009,9.205,9.486,9.135,9.135,21980
07/07/2009,9.1,9.31,8.89,9.1,22740
07/08/2009,8.953,9.022,8.407,8.68,65320
07/09/2009,8.748,9.026,8.471,8.54,24520
07/10/2009,7.7,9.94,7.7,8.54,34770
07/13/2009,8.574,9.206,8.363,9.136,24690
07/14/2009,9.134,9.486,9.064,9.416,29170
07/15/2009,9.94,9.94,8.96,9.31,42320
07/16/2009,9.38,9.735,9.096,9.38,32610
07/17/2009,9.485,9.836,9.204,9.695,30660
07/20/2009,9.835,10.045,9.273,9.765,17170
07/21/2009,10.016,10.016,9.306,9.59,21860
07/22/2009,9.555,9.906,9.133,9.695,31750
07/23/2009,9.73,10.15,9.45,9.73,52790
07/24/2009,9.555,9.836,9.345,9.345,31050
07/27/2009,9.38,9.59,9.24,9.59,21130
07/28/2009,9.665,9.736,9.026,9.31,28800
07/29/2009,9.17,9.24,8.68,8.68,27670
07/30/2009,8.82,9.38,8.61,8.89,43860
07/31/2009,8.955,9.452,8.884,9.31,30200
08/03/2009,9.17,9.87,9.17,9.66,34710
08/04/2009,9.59,10.5,9.45,10.29,48830
08/05/2009,10.15,10.29,9.52,9.87,36650
08/06/2009,10.024,10.024,9.1,9.1,41930
08/07/2009,9.24,9.8,9.1,9.24,30690
08/10/2009,9.17,9.38,9.03,9.1,19990
08/11/2009,9.1,9.24,8.54,8.61,33730
08/12/2009,8.815,9.525,8.815,9.17,33080
08/13/2009,9.103,9.31,8.689,9.31,18070
08/14/2009,9.31,9.45,8.75,8.89,24050
08/17/2009,8.61,8.82,8.54,8.61,14690
08/18/2009,8.893,9.036,8.68,8.68,22250
08/19/2009,8.54,8.82,8.4,8.82,34400
08/20/2009,8.82,9.17,8.75,9.1,13730
08/21/2009,9.485,9.696,8.993,9.485,79640
08/24/2009,9.555,9.696,9.204,9.345,20460
08/25/2009,9.299,9.299,8.472,8.61,44530
08/26/2009,8.4,9.03,8.4,8.54,51070
08/27/2009,8.68,8.68,8.198,8.47,50870
08/28/2009,8.54,8.54,7.98,8.05,87570
08/31/2009,7.909,8.186,7.701,7.77,75150
09/01/2009,7.7,8.4,7.7,7.7,51550
09/02/2009,7.772,7.843,7.56,7.56,23840
09/03/2009,7.56,7.63,7.135,7.35,48970
09/04/2009,7.56,8.26,7.21,8.12,54590
09/08/2009,7.98,8.96,7.98,8.26,84700
09/09/2009,8.26,9.1,8.26,8.75,80300
09/10/2009,8.75,9.1,8.75,8.96,34680
09/11/2009,9.03,9.59,8.96,9.17,85730
09/14/2009,9.1,9.31,8.82,9.24,138120
09/15/2009,9.205,9.276,8.924,9.065,72610
09/16/2009,9.1,9.24,8.96,9.1,54680
09/17/2009,9.1,9.1,8.54,8.96,25130
09/18/2009,8.752,9.179,8.61,8.61,101760
09/21/2009,8.4,8.61,8.19,8.47,68610
09/22/2009,8.54,8.61,8.33,8.4,22150
09/23/2009,8.4,9.31,8.33,8.33,30600
09/24/2009,8.33,8.469,8.122,8.33,22510
09/25/2009,8.364,8.821,8.294,8.716,25370
09/28/2009,8.82,8.82,8.4,8.4,64860
09/29/2009,8.47,8.61,8.4,8.4,25970
09/30/2009,8.612,8.826,8.399,8.47,45450
10/01/2009,8.4,8.54,7.7,7.7,47670
10/02/2009,7.49,8.61,7.35,8.05,58960
10/05/2009,8.19,8.33,7.7,7.98,22140
10/06/2009,7.98,8.75,7.98,8.4,44530
10/07/2009,8.4,8.61,7.98,8.26,17410
10/08/2009,7.91,8.61,7.84,8.33,75390
10/09/2009,8.4,8.61,8.33,8.47,34190
10/12/2009,8.47,8.61,8.12,8.19,34080
10/13/2009,8.19,8.47,7.84,8.33,211190
10/14/2009,8.47,8.75,8.4,8.68,127730
10/15/2009,8.576,9.064,8.367,8.994,87960
10/16/2009,8.68,9.1,8.68,8.82,38250
10/19/2009,8.89,8.96,8.54,8.61,50460
10/20/2009,8.68,8.75,8.4,8.4,21040
10/21/2009,8.33,8.82,8.05,8.19,60950
10/22/2009,8.122,8.539,7.845,8.4,28600
10/23/2009,8.47,8.47,7.98,7.98,41070
10/26/2009,7.98,8.4,7.7,7.7,40450
10/27/2009,7.699,7.971,7.421,7.56,24960
10/28/2009,7.489,7.835,7.281,7.35,49820
10/29/2009,7.35,8.12,7.35,7.84,36720
10/30/2009,7.85,8.206,7.35,7.35,57280
11/02/2009,7.14,8.05,7.14,7.35,44590
11/03/2009,7.28,7.77,7.14,7.49,36860
11/04/2009,7.56,7.63,7,7.14,93190
11/05/2009,7.419,7.775,7.133,7.49,54130
11/06/2009,7.28,7.35,7,7.07,31250
11/09/2009,7.274,7.981,7.204,7.91,57230
11/10/2009,7.699,7.836,7.149,7.63,39420
11/11/2009,7.7,7.98,7.35,7.63,34430
11/12/2009,7.634,7.634,7.21,7.21,58670
11/13/2009,7.21,7.42,7,7.35,57300
11/16/2009,7.49,7.56,7.07,7.35,62310
11/17/2009,7.35,7.35,6.79,6.79,107830
11/18/2009,7.071,7.418,6.9327,7.21,128600
11/19/2009,7.35,7.35,6.86,7,48040
11/20/2009,6.93,7.144,6.93,6.93,48990
11/23/2009,7.001,7.14,6.932,7.14,42410
11/24/2009,7.07,7.14,6.93,7.14,23830
11/25/2009,7.14,7.352,7.14,7.14,13330
11/27/2009,7,7.001,6.79,6.79,25190
11/30/2009,6.7207,6.933,6.5085,6.65,73380
12/01/2009,6.6471,7.0714,6.6471,6.93,36420
12/02/2009,7,7.28,6.79,7.28,51770
12/03/2009,7.42,7.42,6.86,6.93,39950
12/04/2009,7,7.28,6.93,7.14,52270
12/07/2009,7.21,7.21,6.93,7,32850
12/08/2009,6.93,7.14,6.79,6.79,31820
12/09/2009,6.9272,7.284,6.9272,7.07,35680
12/10/2009,7.21,7.21,6.79,6.79,38640
12/11/2009,6.93,7.07,6.37,6.51,184990
12/14/2009,6.37,6.72,6.37,6.65,34850
12/15/2009,6.5038,6.5038,6.0931,6.23,212800
12/16/2009,6.37,6.86,6.37,6.65,77190
12/17/2009,6.5085,6.8498,6.2315,6.37,155160
12/18/2009,5.74,6.86,5.74,6.79,186440
12/21/2009,6.8638,7.0053,6.51,6.51,73280
12/22/2009,6.5115,6.58,6.2373,6.58,367590
12/23/2009,6.6572,7.489,6.5879,7.42,205880
12/24/2009,7.07,7.56,7.07,7.28,25300
12/28/2009,7.28,7.49,7.14,7.35,41820
12/29/2009,7.42,7.49,7.28,7.42,39100
12/30/2009,7.42,7.42,7.07,7.35,31320
12/31/2009,7.7,7.77,7.21,7.56,55180
01/04/2010,7.77,8.05,7.56,8.05,104940
01/05/2010,8.124,8.194,7.7,7.7,87180
01/06/2010,7.91,8.05,7.35,7.56,127360
01/07/2010,7.56,7.768,7.213,7.56,96100
01/08/2010,7.84,7.84,7.35,7.7,61250
01/11/2010,10.29,10.29,7.49,7.98,160750
01/12/2010,7.984,8.125,7.56,7.56,79260
01/13/2010,7.561,7.699,7.283,7.63,83690
01/14/2010,7.772,7.772,7.348,7.56,67270
01/15/2010,7.14,7.56,7.14,7.35,67080
01/19/2010,7.419,7.631,7.207,7.49,56620
01/20/2010,7.42,7.49,7.21,7.21,37980
01/21/2010,7.21,7.213,6.93,6.93,42040
01/22/2010,7.074,7.289,6.86,6.86,41060
01/25/2010,6.93,6.93,6.37,6.65,50300
01/26/2010,6.65,7,6.44,6.58,17970
01/27/2010,6.4415,6.58,6.3029,6.58,43420
01/28/2010,6.5107,6.8571,6.2337,6.58,55650
01/29/2010,6.6523,6.8292,6.44,6.44,27780
02/01/2010,6.5051,6.5758,6.3636,6.37,50480
02/02/2010,6.44,6.72,6.16,6.16,41990
02/03/2010,6.16,6.51,6.16,6.3,69990
02/04/2010,6.23,6.3,5.67,5.67,96930
02/05/2010,5.95,7.07,5.95,7,177640
02/08/2010,7.56,7.56,6.86,7,137690
02/09/2010,7.281,7.281,6.9273,7.21,99010
02/10/2010,7.277,7.771,7.065,7.63,111850
02/11/2010,7.695,8.401,7.695,8.26,202890
02/12/2010,8.05,8.05,7.49,7.98,117470
02/16/2010,8.644,9.136,8.362,8.996,235000
02/17/2010,9.03,9.66,8.54,8.96,250850
02/18/2010,8.96,9.17,8.4,8.68,136580
02/19/2010,8.75,8.75,8.19,8.33,126870
02/22/2010,8.47,8.68,7.91,8.33,56270
02/23/2010,8.47,8.47,7.98,8.19,63260
02/24/2010,8.401,8.472,8.189,8.26,36390
02/25/2010,8.05,8.4,8.05,8.4,75740
02/26/2010,8.33,8.68,8.19,8.61,90480
03/01/2010,8.61,9.24,8.54,8.75,157470
03/02/2010,8.882,9.592,8.882,9.45,187550
03/03/2010,9.59,9.73,9.17,9.59,205560
03/04/2010,10.08,10.08,9.31,9.8,101460
03/05/2010,9.835,9.836,9.554,9.765,82180
03/08/2010,9.94,9.94,9.45,9.52,87120
03/09/2010,9.73,9.73,8.4,8.82,244250
03/10/2010,9.03,9.73,8.89,9.03,151530
03/11/2010,9.032,9.173,8.82,8.82,112960
03/12/2010,8.68,8.89,8.68,8.75,48590
03/15/2010,8.835,9.996,8.588,9.855,183470
03/16/2010,9.94,10.36,9.31,10.15,209870
03/17/2010,10.29,10.36,9.66,9.66,111240
03/18/2010,9.624,9.834,9.206,9.346,65000
03/19/2010,9.45,9.592,8.882,9.45,190530
03/22/2010,9.17,9.59,8.61,9.52,59760
03/23/2010,9.45,9.73,9.45,9.52,67580
03/24/2010,9.8,9.8,9.17,9.52,113770
03/25/2010,9.8,9.8,8.96,9.03,103140
03/26/2010,8.89,9.52,8.89,9.31,72530
03/29/2010,9.625,9.766,9.485,9.485,96820
03/30/2010,9.17,9.52,8.89,9.1,164890
03/31/2010,9.313,9.525,8.89,8.89,88120
04/01/2010,8.82,9.38,8.82,9.1,74330
04/05/2010,9.135,9.486,8.994,9.345,87360
04/06/2010,9.415,9.556,9.204,9.415,64080
04/07/2010,9.275,9.556,9.135,9.205,53370
04/08/2010,9.135,9.768,8.714,8.925,72350
04/09/2010,8.89,9.1,8.68,8.96,45090
04/12/2010,8.96,9.66,8.96,9.31,222900
04/13/2010,9.556,9.904,9.346,9.834,254900
04/14/2010,9.94,11.27,9.66,10.92,672110
04/15/2010,11.626,11.626,10.64,10.71,350650
04/16/2010,10.395,10.604,9.767,10.465,114640
04/19/2010,10.29,10.574,10.006,10.29,92510
04/20/2010,10.36,10.64,10.22,10.5,71300
04/21/2010,10.5,10.85,10.5,10.78,111740
04/22/2010,10.57,11.13,10.57,11.13,78470
04/23/2010,10.463,11.587,10.183,11.447,270280
04/26/2010,11.585,11.796,11.234,11.515,91440
04/27/2010,12.18,12.18,11.27,11.27,134670
04/28/2010,11.34,11.48,10.78,11.13,129700
04/29/2010,11.096,11.864,11.096,11.864,153340
04/30/2010,11.765,12.261,11.34,11.34,358820
05/03/2010,11.585,11.726,10.883,11.515,132050
05/04/2010,11.235,11.305,10.954,11.165,98730
05/05/2010,11.06,11.41,10.5,11.13,109700
05/06/2010,9.109,10.479,8.767,9.52,284900
05/07/2010,9.31,9.94,9.1,9.17,104190
05/10/2010,9.509,10.361,9.509,10.29,115110
05/11/2010,10.465,10.886,9.552,10.745,133620
05/12/2010,11.025,11.446,11.025,11.235,120650
05/13/2010,10.936,11.605,10.901,11.394,137450
05/14/2010,11.13,11.2,10.462,10.78,58210
05/17/2010,10.99,11.13,10.563,10.78,85560
05/18/2010,10.64,11.13,10.08,10.5,103720
05/19/2010,10.22,10.43,9.8,10.22,291900
05/20/2010,9.8,10.29,9.8,9.8,169680
05/21/2010,9.835,9.975,9.484,9.625,145540
05/24/2010,9.66,9.87,9.52,9.52,44420
05/25/2010,9.38,9.52,8.96,9.38,149040
05/26/2010,9.87,10.29,9.38,9.59,83300
05/27/2010,10.076,10.502,9.721,10.36,90430
05/28/2010,10.5,10.71,9.38,9.59,76470
06/01/2010,9.1,9.45,8.68,8.82,90710
06/02/2010,8.785,9.066,8.574,8.785,94000
06/03/2010,9.03,9.17,7.98,8.75,182630
06/04/2010,8.05,8.68,8.05,8.4,110430
06/07/2010,8.554,8.554,7.77,7.77,180230
06/08/2010,7.91,8.05,7.42,7.56,182220
06/09/2010,7.84,7.98,7.14,7.28,129780
06/10/2010,7.7,9.17,7.35,8.54,128660
06/11/2010,8.191,8.538,8.052,8.33,62430
06/14/2010,8.68,8.82,7.98,8.05,76710
06/15/2010,8.26,8.61,8.05,8.61,48080
06/16/2010,8.54,8.681,8.187,8.54,40920
06/17/2010,8.68,8.68,8.05,8.05,69630
06/18/2010,8.12,8.4,8.12,8.26,105710
06/21/2010,8.688,9.041,7.839,7.84,137180
06/22/2010,8.19,8.26,7.77,7.77,59370
06/23/2010,7.839,7.978,7.701,7.77,45040
06/24/2010,7.7,7.91,7.49,7.49,39750
06/25/2010,7.35,7.91,7.14,7.91,134560
06/28/2010,7.981,8.189,7.704,8.05,49800
06/29/2010,7.77,7.91,7.42,7.56,65500
06/30/2010,7.35,7.63,7.35,7.42,50400
07/01/2010,7.214,7.699,6.867,7.63,105100
07/02/2010,7.63,7.63,7.21,7.28,25010
07/06/2010,7.63,7.7,6.93,7,70810
07/07/2010,7.21,7.21,6.6554,7.21,135660
07/08/2010,7.7,7.7,7.07,7.42,34890
07/09/2010,7.488,7.771,7.276,7.7,33000
07/12/2010,7.63,7.7,7.28,7.35,23510
07/13/2010,7.35,7.77,7.35,7.77,79400
07/14/2010,7.7,7.839,7.353,7.7,32870
07/15/2010,7.63,7.842,7.489,7.63,26330
07/16/2010,7.56,7.63,7.21,7.21,46700
07/19/2010,7.281,7.493,7.21,7.21,28320
07/20/2010,7.21,7.77,7.14,7.7,60990
07/21/2010,7.907,8.115,7.421,7.56,53220
07/22/2010,7.77,8.05,7.7,8.05,51500
07/23/2010,7.667,8.573,7.667,8.503,91630
07/26/2010,8.644,9.066,8.363,8.996,61130
07/27/2010,9.1,9.31,8.19,8.75,73200
07/28/2010,8.75,8.82,8.19,8.54,38010
07/29/2010,8.523,8.872,8.243,8.837,22320
07/30/2010,8.681,8.892,8.469,8.61,32150
08/02/2010,8.82,9.45,8.47,9.45,112330
08/03/2010,9.765,10.184,9.347,9.835,150230
08/04/2010,9.8,9.94,9.45,9.94,266190
08/05/2010,9.8,9.87,9.1,9.45,60280
08/06/2010,8.89,9.45,8.47,9.1,43160
08/09/2010,9.31,9.31,8.96,9.24,22100
08/10/2010,9.065,9.206,8.925,8.925,33700
08/11/2010,8.89,8.89,8.4,8.4,89510
08/12/2010,8.192,8.469,8.122,8.4,42800
08/13/2010,8.33,8.4,7.91,7.91,55340
08/16/2010,7.84,8.47,7.56,8.05,40950
08/17/2010,8.224,8.997,8.224,8.786,59410
08/18/2010,8.89,8.89,8.26,8.47,112770
08/19/2010,8.327,8.535,7.841,7.98,65760
08/20/2010,7.841,8.049,7.702,7.84,89740
08/23/2010,8.05,8.332,7.979,8.05,43340
08/24/2010,7.7,8.05,7.63,7.77,58120
08/25/2010,7.363,8.401,7.363,8.33,53210
08/26/2010,8.33,8.4,7.84,8.05,41490
08/27/2010,8.26,9.24,8.12,9.17,80350
08/30/2010,9.17,9.17,8.4,8.54,81780
08/31/2010,8.328,8.807,8.123,8.26,251240
09/01/2010,8.54,8.61,7.91,8.33,108370
09/02/2010,8.329,8.541,8.118,8.4,57930
09/03/2010,8.61,8.75,8.26,8.68,95750
09/07/2010,8.608,8.747,8.261,8.4,45510
09/08/2010,8.47,8.75,8.47,8.68,35170
09/09/2010,8.82,8.89,8.4,8.61,48250
09/10/2010,8.68,8.89,8.54,8.82,44230
09/13/2010,8.995,9.135,8.854,9.065,77580
09/14/2010,9.1,9.1,8.61,8.82,55850
09/15/2010,9.03,9.03,8.47,8.61,65750
09/16/2010,8.61,8.68,8.4,8.47,16420
09/17/2010,8.61,8.75,8.26,8.26,98550
09/20/2010,8.296,8.784,8.296,8.784,54290
09/21/2010,8.68,8.89,8.61,8.61,28940
09/22/2010,8.61,8.61,8.4,8.4,53730
09/23/2010,8.33,8.61,8.26,8.4,31730
09/24/2010,8.54,8.68,8.4,8.68,68710
09/27/2010,8.61,8.75,8.54,8.75,41290
09/28/2010,8.891,8.891,8.678,8.82,36920
09/29/2010,8.75,9.03,8.68,8.96,69620
09/30/2010,9.03,9.1,8.89,9.03,91200
10/01/2010,9.1,9.1,8.61,9.1,68140
10/04/2010,9.66,9.66,8.75,8.96,49310
10/05/2010,9.135,9.416,8.994,9.275,165060
10/06/2010,9.065,9.414,8.996,9.205,58450
10/07/2010,9.169,9.169,8.824,9.1,53320
10/08/2010,9.03,9.45,8.96,9.38,56290
10/11/2010,9.31,9.45,9.24,9.38,41750
10/12/2010,8.89,9.52,8.89,9.45,41430
10/13/2010,9.45,9.87,9.38,9.8,105190
10/14/2010,9.87,9.94,9.52,9.73,67910
10/15/2010,10.082,10.082,9.798,9.94,79690
10/18/2010,10.076,10.361,10.004,10.29,57930
10/19/2010,10.01,10.15,9.52,9.73,98660
10/20/2010,9.836,9.976,9.344,9.344,73030
10/21/2010,9.52,9.73,8.82,8.96,69280
10/22/2010,9.135,9.346,8.995,8.995,45460
10/25/2010,9.1,9.31,8.96,9.03,48760
10/26/2010,8.96,9.31,8.89,9.1,82600
10/27/2010,8.995,9.065,8.856,8.995,40400
10/28/2010,9.31,9.87,9.31,9.59,245460
10/29/2010,9.52,9.895,9.52,9.66,81260
11/01/2010,9.694,9.904,9.346,9.416,54620
11/02/2010,9.52,9.8,8.68,9.1,269950
11/03/2010,8.75,8.82,8.12,8.26,214170
11/04/2010,8.607,8.891,8.535,8.82,123360
11/05/2010,8.75,8.89,8.47,8.89,201640
11/08/2010,8.75,8.89,8.54,8.75,54860
11/09/2010,8.645,8.854,8.506,8.785,175580
11/10/2010,8.89,9.45,8.61,9.24,115100
11/11/2010,9.24,9.24,8.75,8.96,35980
11/12/2010,8.925,8.995,8.576,8.855,30610
11/15/2010,9.032,9.103,8.75,8.75,49650
11/16/2010,8.609,8.609,8.193,8.54,62690
11/17/2010,8.61,8.68,8.12,8.4,97110
11/18/2010,8.2452,8.77,8.1553,8.77,103550
11/19/2010,8.72,8.91,8.63,8.82,114220
11/22/2010,8.8,8.81,8.33,8.77,136750
11/23/2010,8.61,8.99,8.45,8.95,82680
11/24/2010,9.35,9.6,9,9.54,149210
11/26/2010,9.44,10.2,9.4,10.08,30620
11/29/2010,9.92,10.5,9.69,10.49,145650
11/30/2010,10.19,10.6,9.96,10.32,232470
12/01/2010,10.55,10.71,10.2,10.2,180500
12/02/2010,10.23,10.42,10.21,10.38,59350
12/03/2010,10.25,10.56,10.25,10.52,83200
12/06/2010,10.52,10.59,10.4,10.57,83910
12/07/2010,10.65,11.07,10.65,10.94,137640
12/08/2010,10.96,11.4,10.87,10.95,103600
12/09/2010,10.99,11.4,10.92,11.33,99290
12/10/2010,11.33,11.68,10.93,11.17,115690
12/13/2010,11.13,11.38,10.9,11.14,87360
12/14/2010,11.27,11.27,10.91,11.09,72550
12/15/2010,11.08,11.23,11.01,11.1,79030
12/16/2010,11.12,11.22,10.92,11.16,95550
12/17/2010,11.15,11.45,11.03,11.4,240310
12/20/2010,11.46,12.66,11.39,12.59,192300
12/21/2010,12.6,13.38,12.37,13.26,191860
12/22/2010,13.33,13.36,13.12,13.21,112790
12/23/2010,13.03,13.3,12.99,13.29,70850
12/27/2010,13.24,14.1,13.2,13.86,147040
12/28/2010,13.84,13.9096,13.74,13.77,50980
12/29/2010,13.69,14.06,13.67,13.7,81530
12/30/2010,13.66,14.16,13.6,13.83,94440
12/31/2010,13.78,13.9,13.67,13.81,52400
01/03/2011,14.09,14.09,13.84,13.84,108170
01/04/2011,13.6,13.9,12.5596,12.99,135680
01/05/2011,13.01,13.7,12.9,13.59,98050
01/06/2011,13.66,13.66,13.2,13.54,56650
01/07/2011,13.52,13.57,12.77,13.15,74710
01/10/2011,13.1,13.77,13.1,13.72,68200
01/11/2011,13.83,14.02,13.8,13.99,106450
01/12/2011,14,14.51,13.83,13.93,101700
01/13/2011,13.27,14.2,13.27,14,63610
01/14/2011,13.94,14.13,13.85,14.01,61970
01/18/2011,13.97,14.09,13.91,14.02,42500
01/19/2011,14.02,14.02,12.94,13.08,114330
01/20/2011,13.01,13.05,12.3,12.37,133420
01/21/2011,12.44,12.57,11.75,11.86,143050
01/24/2011,11.85,12.43,11.614,12.37,75360
01/25/2011,12.38,12.38,11.84,12.11,47270
01/26/2011,12.21,13.02,12.21,12.9558,68390
01/27/2011,12.98,13.06,12.68,12.7,47710
01/28/2011,12.72,12.76,12.13,12.26,74890
01/31/2011,12.33,12.61,12.25,12.48,87110
02/01/2011,12.52,12.52,12.19,12.48,75580
02/02/2011,12.46,12.82,12.46,12.63,47440
02/03/2011,12.56,12.76,12.34,12.69,127100
02/04/2011,12.68,12.68,12.28,12.48,43950
02/07/2011,12.47,12.75,12.39,12.59,63670
02/08/2011,12.53,12.66,12.31,12.49,70270
02/09/2011,12.57,12.61,12.26,12.5,62210
02/10/2011,12.44,12.61,12.26,12.6,36940
02/11/2011,12.51,12.75,12.46,12.75,29830
02/14/2011,12.71,13.02,12.39,12.8,89640
02/15/2011,12.88,12.94,12.67,12.93,58010
02/16/2011,12.94,13.15,12.81,13.04,63600
02/17/2011,13.05,13.0797,12.85,13.04,58850
02/18/2011,13.02,13.08,12.79,12.86,82570
02/22/2011,12.75,12.89,12,12.26,142260
02/23/2011,12.24,13.04,12.24,12.88,70850
02/24/2011,12.97,13.35,12.8,13.03,143230
02/25/2011,13.15,13.37,13.03,13.3,110720
02/28/2011,13.5,13.78,13.33,13.47,141050
03/01/2011,13.57,13.6,12.9,13.05,95560
03/02/2011,13,13.46,13,13.42,133220
03/03/2011,13.6,13.74,13.26,13.44,78350
03/04/2011,13.55,13.74,13.45,13.6,110830
03/07/2011,13.69,13.74,13.257,13.43,112270
03/08/2011,13.42,13.61,13.17,13.53,75260
03/09/2011,13.53,13.61,13.34,13.58,88570
03/10/2011,13.35,13.49,12.945,13,146440
03/11/2011,12.84,13.16,12.76,13.01,102530
03/14/2011,12.86,13.07,12.49,12.6,105070
03/15/2011,12.5,12.51,11.67,12.27,150670
03/16/2011,12.15,12.15,11.53,11.6,211670
03/17/2011,11.77,11.98,11.58,11.64,129380
03/18/2011,11.6,11.89,11.5,11.64,221110
03/21/2011,11.88,12.16,11.77,11.99,153280
03/22/2011,12.05,12.35,11.88,12.16,158710
03/23/2011,12.16,12.16,11.7,11.74,291160
03/24/2011,11.72,11.78,11.16,11.4,798100
03/25/2011,11.55,11.73,11.13,11.51,4650270
03/28/2011,11.63,12.075,11.39,11.6,583450
03/29/2011,11.55,12.47,11.48,12.32,655350
03/30/2011,12.26,12.8,12.17,12.72,523500
03/31/2011,12.73,12.77,12.5,12.7,1127390
04/01/2011,12.77,13.0101,12.72,12.99,440470
04/04/2011,13.02,13.5,12.95,13.19,983030
04/05/2011,13.11,13.93,13.01,13.91,536360
04/06/2011,13.99,14.18,13.8,14.1,451910
04/07/2011,14.17,14.77,14.15,14.51,343670
04/08/2011,14.55,14.84,14.28,14.84,339810
04/11/2011,14.95,14.98,14.44,14.55,429310
04/12/2011,14.41,14.49,13.83,14.06,367070
04/13/2011,14.14,14.4033,13.786,13.79,190140
04/14/2011,13.645,14.06,13.51,14.04,165420
04/15/2011,13.97,14.66,13.81,14.62,298810
04/18/2011,14.28,14.63,14,14.39,339400
04/19/2011,14.44,14.6248,14.26,14.45,241990
04/20/2011,14.52,14.74,14.385,14.49,221770
04/21/2011,14.59,14.88,14.41,14.83,140230
04/25/2011,14.815,14.995,14.59,14.97,209460
04/26/2011,14.95,15.044,14.63,14.87,283170
04/27/2011,14.87,14.95,14.51,14.67,241160
04/28/2011,14.58,14.63,14.2,14.3,239410
04/29/2011,14.33,14.53,14.2252,14.5,231020
05/02/2011,14.56,14.56,14.31,14.34,300450
05/03/2011,14.27,14.29,13.42,13.62,205530
05/04/2011,13.5,13.5,12.82,12.88,393400
05/05/2011,12.74,12.79,12.08,12.32,542450
05/06/2011,12.98,12.98,11.78,11.83,398270
05/09/2011,12.21,12.5,11.99,12.34,311010
05/10/2011,12.36,12.62,12.17,12.61,205390
05/11/2011,12.44,12.54,12.04,12.1,360920
05/12/2011,12.13,12.25,11.5982,12.23,730460
05/13/2011,12.15,12.38,11.9,12.1,289610
05/16/2011,12.03,12.12,11.91,12.09,481470
05/17/2011,12,12.27,11.94,12.2,338670
05/18/2011,12.28,12.83,12.28,12.54,275330
05/19/2011,12.65,12.81,12.4,12.75,138600
05/20/2011,12.73,12.91,12.29,12.76,187020
05/23/2011,12.42,12.59,12.19,12.44,152620
05/24/2011,12.56,12.79,12.12,12.31,163300
05/25/2011,12.22,12.81,12.171,12.78,146950
05/26/2011,12.74,12.93,12.52,12.91,127120
05/27/2011,13.07,13.98,13.04,13.83,284990
05/31/2011,14,14.28,13.92,14.15,624110
06/01/2011,14.08,14.23,13.78,13.8901,342650
06/02/2011,13.87,14.39,13.5,13.94,343650
06/03/2011,13.66,14.04,13.28,13.71,209350
06/06/2011,13.73,13.96,13.47,13.54,327290
06/07/2011,13.8,13.8,13.52,13.57,235010
06/08/2011,13.55,13.63,13.06,13.16,207210
06/09/2011,13.26,13.3,13.01,13.25,365730
06/10/2011,13.11,13.19,12.62,12.89,260590
06/13/2011,12.96,13.32,12.77,13.05,396430
06/14/2011,13.25,13.48,13.18,13.38,245160
06/15/2011,13.5,13.64,12.96,13.21,176070
06/16/2011,13.23,13.27,12.8,13.17,218320
06/17/2011,13.21,13.75,13.1,13.68,664190
06/20/2011,13.56,13.61,13.09,13.4,310450
06/21/2011,13.57,13.72,13.49,13.57,143890
06/22/2011,13.47,13.77,13.365,13.375,139620
06/23/2011,13.06,13.3,12.76,13.28,198850
06/24/2011,13.28,13.28,12.87,13,980110
06/27/2011,12.98,13.19,12.89,13.04,226010
06/28/2011,13.11,13.49,13.09,13.45,164410
06/29/2011,13.5,13.89,13.39,13.81,172540
06/30/2011,14.06,15.14,14.06,15.07,543180
07/01/2011,15.02,15.31,14.71,15.25,349890
07/05/2011,15.26,16.27,15.12,16.02,399330
07/06/2011,16.04,16.1,15.5,15.91,249130
07/07/2011,16.08,16.12,15.85,16.02,157900
07/08/2011,15.73,16.145,15.73,16.145,223690
07/11/2011,15.88,16.15,15.38,15.43,161590
07/12/2011,15.3,15.95,15.28,15.48,267760
07/13/2011,15.57,15.83,15.43,15.82,176450
07/14/2011,15.8,15.99,15.39,15.52,233160
07/15/2011,15.67,16.43,15.5,16.4,279280
07/18/2011,15.85,15.89,14.24,14.25,2105150
07/19/2011,14.01,14.04,13.66,13.8,2106790
07/20/2011,13.87,14.08,13.62,13.98,1064230
07/21/2011,13.98,14.03,13.75,13.87,438110
07/22/2011,13.87,13.88,13.55,13.79,336130
07/25/2011,13.62,13.92,13.34,13.36,315030
07/26/2011,13.37,13.43,12.82,13.05,819370
07/27/2011,12.97,13.09,12.46,12.7,692230
07/28/2011,12.65,13.02,12.49,12.49,245570
07/29/2011,12.31,12.62,12.18,12.54,314290
08/01/2011,12.83,12.855,12.41,12.55,283020
08/02/2011,12.4,12.66,11.885,11.9353,739210
08/03/2011,11.51,11.87,11.17,11.44,803920
08/04/2011,11.22,11.22,10.26,10.29,1156910
08/05/2011,10.52,10.55,9.53,9.58,997840
08/08/2011,9.03,9.54,8.33,8.34,787080
08/09/2011,9.23,9.69,7.65,8.68,1057800
08/10/2011,8.44,8.94,8.16,8.26,466160
08/11/2011,8.31,9.29,8.17,9.17,557820
08/12/2011,9.35,9.62,9.22,9.36,605570
08/15/2011,9.55,9.75,9.37,9.64,384870
08/16/2011,9.43,9.52,8.75,8.86,257710
08/17/2011,8.95,9.2,8.84,9.02,485450
08/18/2011,8.62,8.85,8.47,8.66,793560
08/19/2011,8.43,8.75,7.92,8,515910
08/22/2011,8.26,8.46,7.67,7.82,555310
08/23/2011,7.9,8.31,7.62,8.31,492710
08/24/2011,8.25,8.76,8.21,8.75,422990
08/25/2011,8.86,8.96,8.3,8.51,552220
08/26/2011,8.42,8.96,8.27,8.91,334150
08/29/2011,9.04,9.52,9.04,9.5,274100
08/30/2011,9.35,10.1092,9.29,10.07,452630
08/31/2011,10.16,10.25,9.65,9.86,531170
09/01/2011,9.76,9.97,9.48,9.51,321570
09/02/2011,9.21,9.35,8.88,8.9,294350
09/06/2011,8.5,8.94,8.27,8.89,540870
09/07/2011,9.07,9.47,9,9.43,214310
09/08/2011,9.31,9.55,8.8794,8.99,267680
09/09/2011,8.92,9.08,8.35,8.46,333110
09/12/2011,8.26,8.7,8.19,8.68,277700
09/13/2011,8.76,8.87,8.51,8.84,229950
09/14/2011,8.93,9.6,8.63,9.36,196490
09/15/2011,9.53,9.671,9.2,9.61,247010
09/16/2011,9.7,9.96,9.63,9.76,421100
09/19/2011,9.45,9.69,9.2,9.29,346450
09/20/2011,9.37,9.62,9.15,9.24,164220
09/21/2011,9.17,9.37,8.46,8.49,303810
09/22/2011,8.1,8.15,7.47,7.85,490070
09/23/2011,7.77,8.05,7.58,7.71,226360
09/26/2011,7.84,7.98,7.27,7.96,188320
09/27/2011,8.3,8.78,8.21,8.47,257170
09/28/2011,8.48,8.64,7.99,8.01,281830
09/29/2011,8.35,8.53,7.95,8.35,288320
09/30/2011,8.08,8.39,7.95,7.98,228630
10/03/2011,7.84,7.935,6.695,6.705,492500
10/04/2011,6.55,6.97,5.91,6.89,689230
10/05/2011,6.96,7.4902,6.67,7.4,284900
10/06/2011,7.32,7.39,7.05,7.22,370360
10/07/2011,7.27,7.27,6.93,6.99,223370
10/10/2011,7.24,7.72,7.13,7.69,394240
10/11/2011,7.61,8.09,7.56,7.91,358380
10/12/2011,8.02,9.02,7.95,8.81,624170
10/13/2011,8.69,9.42,8.51,9.26,383540
10/14/2011,9.34,9.47,8.9248,9.34,267530
10/17/2011,9.32,9.32,8.55,8.6,320640
10/18/2011,8.71,9.01,8.16,8.93,367240
10/19/2011,8.87,9.3,8.74,8.86,177980
10/20/2011,8.87,9.1,8.56,8.85,191600
10/21/2011,9.08,9.22,8.64,9.01,259940
10/24/2011,9.05,9.6,8.78,9.55,512460
10/25/2011,9.47,9.61,8.64,8.7,231140
10/26/2011,8.97,9.09,8.4248,8.94,198780
10/27/2011,9.44,9.84,9.31,9.56,534370
10/28/2011,9.42,10.23,9.32,10.08,239310
10/31/2011,9.82,9.82,9.24,9.29,198870
11/01/2011,8.81,9.22,8.66,8.86,274040
11/02/2011,8.58,8.89,7.3,7.66,1048990
11/03/2011,7.76,8.08,7.53,7.94,492950
11/04/2011,7.86,7.86,7.21,7.44,644850
11/07/2011,7.41,7.74,7.08,7.67,654690
11/08/2011,7.79,7.91,7.6,7.71,405790
11/09/2011,7.24,7.39,6.47,6.52,848510
11/10/2011,6.67,7.06,6.57,6.82,679290
11/11/2011,6.99,7.24,6.99,7.08,436000
11/14/2011,6.91,7.11,6.43,6.67,697080
11/15/2011,6.61,6.91,6.4,6.68,673700
11/16/2011,6.61,6.88,6.58,6.62,399720
11/17/2011,6.6,7.09,6.59,6.8,573050
11/18/2011,6.83,6.97,6.52,6.64,295210
11/21/2011,6.46,6.545,6.25,6.46,339400
11/22/2011,6.48,6.84,6.45,6.61,342190
11/23/2011,6.5,6.58,6.1,6.1,326800
11/25/2011,6.04,6.1398,5.79,5.83,170030
11/28/2011,6.13,6.61,6,6.41,377920
11/29/2011,6.43,6.49,6.33,6.46,259750
11/30/2011,6.81,6.97,6.7,6.9,595950
12/01/2011,6.91,7.1,6.63,7.02,807110
12/02/2011,7.15,7.37,6.88,6.92,510820
12/05/2011,7.12,7.37,6.85,7.01,396480
12/06/2011,7,7.1,6.79,7.01,277420
12/07/2011,6.94,6.94,6.55,6.72,299430
12/08/2011,6.62,6.81,6.54,6.75,467220
12/09/2011,6.78,7.01,6.72,6.96,358500
12/12/2011,6.73,6.85,6.29,6.54,283340
12/13/2011,6.6,6.69,6.01,6.06,259220
12/14/2011,5.9648,6.52,5.9249,6.51,797860
12/15/2011,6.62,6.64,6.32,6.45,435020
12/16/2011,6.45,6.6,6.3,6.55,756420
12/19/2011,6.59,6.64,6.26,6.36,456190
12/20/2011,6.53,6.55,6.15,6.25,404000
12/21/2011,6.23,6.28,5.98,6.03,541150
12/22/2011,6.03,6.46,6.03,6.33,373360
12/23/2011,6.37,6.43,6.25,6.4,107530
12/27/2011,6.75,8.26,6.61,7.94,1044920
12/28/2011,8.49,9.34,8.49,8.91,2293040
12/29/2011,8.82,9.05,8.27,8.6,814610
12/30/2011,8.67,8.92,8.34,8.69,427700
01/03/2012,9.06,9.55,8.81,9.49,746400
01/04/2012,9.44,9.86,9.25,9.81,613900
01/05/2012,9.8,10.02,9.44,10.01,315170
01/06/2012,10.03,10.09,9.65,9.68,498140
01/09/2012,9.71,9.91,9.47,9.49,419590
01/10/2012,9.73,9.99,9.59,9.81,322900
01/11/2012,9.77,9.91,9.54,9.56,417660
01/12/2012,9.62,9.73,9.3,9.35,233240
01/13/2012,9.26,9.26,8.94,9.04,299700
01/17/2012,9.18,9.39,8.91,9.02,548480
01/18/2012,9.05,9.43,8.91,9.37,308410
01/19/2012,9.41,9.48,8.93,9.09,497690
01/20/2012,9.12,9.36,9.1,9.12,260180
01/23/2012,9.17,9.67,9.16,9.46,486890
01/24/2012,9.34,9.75,9.26,9.66,307690
01/25/2012,9.61,9.95,9.47,9.86,267200
01/26/2012,9.96,9.96,9.57,9.64,329050
01/27/2012,9.56,10.29,9.49,10.09,443100
01/30/2012,9.88,10.31,9.63,10.14,329460
01/31/2012,10.19,10.65,9.92,10.58,372840
02/01/2012,10.68,11.73,10.59,11.26,1113970
02/02/2012,11.35,11.76,10.86,11.66,755800
02/03/2012,11.78,12.05,11.67,12.01,686790
02/06/2012,11.96,11.96,11.43,11.48,766010
02/07/2012,11.41,11.42,11.06,11.27,465510
02/08/2012,11.38,11.7,11.22,11.56,754380
02/09/2012,11.5,11.73,11.22,11.39,270680
02/10/2012,11.24,11.397,11.05,11.35,358620
02/13/2012,11.55,11.63,11.31,11.35,289870
02/14/2012,11.31,12.18,11.27,11.82,941800
02/15/2012,11.96,12.0399,11.45,11.51,497910
02/16/2012,11.5,11.5,11.23,11.31,606090
02/17/2012,11.35,11.3702,11.15,11.31,495170
02/21/2012,11.37,11.46,11,11.2,580650
02/22/2012,11.2,11.25,10.78,10.99,480110
02/23/2012,11.05,11.54,10.775,11.52,597400
02/24/2012,11.51,11.85,11.5,11.74,405650
02/27/2012,11.6,11.9,11.5,11.85,377800
02/28/2012,11.85,12.96,11.85,12.78,1250010
02/29/2012,12.62,13,9.89,11.57,2797370
03/01/2012,11.7,12.44,11.6,12.23,1050110
03/02/2012,12.11,12.11,11.1,11.15,682140
03/05/2012,11.35,11.69,11.26,11.54,701210
03/06/2012,11.55,11.55,10.82,10.93,681240
03/07/2012,10.99,11.43,10.94,11.31,651930
03/08/2012,11.28,11.5108,11.1,11.46,307870
03/09/2012,11.49,12.11,11.35,11.97,469350
03/12/2012,11.97,12.2,11.8,12.1,447260
03/13/2012,12.21,12.74,11.87,12.74,1031980
03/14/2012,12.83,12.89,12.2,12.38,369480
03/15/2012,12.4,12.485,12.08,12.4,551480
03/16/2012,12.47,12.9,12.38,12.89,687860
03/19/2012,12.85,13.4815,12.72,13.29,511150
03/20/2012,13.19,13.19,12.79,12.92,386360
03/21/2012,12.93,13.25,12.66,12.86,329900
03/22/2012,12.68,12.7,11.67,12.09,542640
03/23/2012,12.09,12.6,12.09,12.48,332990
03/26/2012,12.65,12.7405,12.47,12.6,366460
03/27/2012,12.52,12.64,11.91,11.95,445250
03/28/2012,12.01,12.01,11.35,11.39,522680
03/29/2012,11.3101,11.49,11.1,11.47,466050
03/30/2012,11.61,11.94,11.59,11.85,602210
04/02/2012,11.8,12.31,11.7,12.24,389930
04/03/2012,12.2,12.4,11.94,12.17,400250
04/04/2012,11.93,12.08,11.7,11.85,435870
04/05/2012,11.74,12.18,11.74,12.15,397830
04/09/2012,11.88,11.96,11.51,11.6,223420
04/10/2012,11.53,11.72,10.94,11.18,530990
04/11/2012,11.36,11.72,11.34,11.66,411330
04/12/2012,11.68,12.11,11.67,11.93,361160
04/13/2012,11.82,12.09,11.72,11.99,254430
04/16/2012,12.08,12.23,11.79,12.11,578220
04/17/2012,12.25,12.71,12.21,12.51,353100
04/18/2012,12.38,12.43,11.899,11.95,358330
04/19/2012,11.98,12.14,11.67,11.82,205450
04/20/2012,12.03,12.05,11.65,11.91,440390
04/23/2012,11.61,11.76,11.27,11.66,301670
04/24/2012,11.66,11.71,11.36,11.53,256530
04/25/2012,11.71,11.95,11.63,11.9,308060
04/26/2012,11.87,12.26,11.768,12.23,277170
04/27/2012,12.22,12.5,12.06,12.49,226260
04/30/2012,12.47,12.51,12.0997,12.47,446790
05/01/2012,12.79,13.21,12.67,12.82,585940
05/02/2012,11.7,11.7,9.51,9.77,3723790
05/03/2012,9.69,9.69,9,9.17,2939460
05/04/2012,8.98,8.98,8.2,8.25,1934970
05/07/2012,7.99,8.34,7.74,8.12,887170
05/08/2012,8,8.11,7.83,8.07,804120
05/09/2012,7.87,8.44,7.79,8.31,765620
05/10/2012,8.39,8.61,8.28,8.49,879100
05/11/2012,8.35,8.84,8.25,8.69,723520
05/14/2012,8.5,8.53,7.84,7.906,739210
05/15/2012,7.84,7.94,7.42,7.51,676410
05/16/2012,7.54,7.56,6.741,6.94,994930
05/17/2012,6.94,7.04,6.28,6.3,935180
05/18/2012,6.37,6.7,6.23,6.26,861460
05/21/2012,6.4,6.65,6.28,6.59,712020
05/22/2012,6.58,6.77,6.3,6.49,784760
05/23/2012,6.33,6.51,6.1,6.45,534170
05/24/2012,6.49,6.59,6.23,6.38,449360
05/25/2012,6.4,6.48,6.21,6.43,374330
05/29/2012,6.53,6.55,6.26,6.43,548250
05/30/2012,6.34,6.35,5.73,5.86,806810
05/31/2012,5.89,10.74,5.87,9.99,7679350
06/01/2012,9.61,10.18,9.35,9.54,2842290
06/04/2012,9.64,10.14,9.52,9.78,1647640
06/05/2012,9.74,9.98,9.62,9.74,1097460
06/06/2012,9.89,10.16,9.62,9.88,1255530
06/07/2012,10.15,10.34,9.81,9.84,897410
06/08/2012,9.78,9.94,9.38,9.82,487770
06/11/2012,9.93,10,8.24,8.67,1829700
06/12/2012,8.65,9.01,8.17,8.23,922410
06/13/2012,7.68,8.44,7.65,8.09,4722610
06/14/2012,8.08,8.64,7.95,8.41,1213870
06/15/2012,8.44,8.6,8.12,8.39,964160
06/18/2012,8.27,8.27,8.01,8.16,707000
06/19/2012,8.25,8.47,8.07,8.19,688340
06/20/2012,8.23,8.27,7.89,7.91,583450
06/21/2012,7.87,7.95,7.27,7.33,1025510
06/22/2012,7.41,7.47,7.14,7.33,1417240
06/25/2012,7.12,7.12,6.75,6.89,761530
06/26/2012,6.89,7.81,6.75,7.54,1144190
06/27/2012,7.53,8.28,7.53,8.2,1076540
06/28/2012,8.08,8.27,7.81,8.05,631200
06/29/2012,8.32,8.52,8.22,8.4,784850
07/02/2012,8.52,8.65,8.3,8.45,667150
07/03/2012,8.62,9.12,8.62,8.93,659280
07/05/2012,8.83,8.92,8.5,8.57,385240
07/06/2012,8.34,8.51,8.27,8.44,325940
07/09/2012,8.42,8.53,8.15,8.46,484430
07/10/2012,8.62,8.63,8.1,8.22,641880
07/11/2012,8.26,8.41,8.14,8.2,734930
07/12/2012,8.11,8.17,7.91,7.92,328190
07/13/2012,8.02,8.11,7.81,7.95,392430
07/16/2012,7.89,7.98,7.76,7.93,376400
07/17/2012,8,8.19,7.79,8.09,494820
07/18/2012,8.12,8.57,8.06,8.41,452150
07/19/2012,8.53,8.7,8.49,8.51,339890
07/20/2012,8.84,8.92,8.69,8.72,612340
07/23/2012,8.43,8.58,8.21,8.36,296570
07/24/2012,8.38,8.45,7.9047,7.98,459120
07/25/2012,8.1,8.44,7.94,8.28,487260
07/26/2012,8.57,8.58,8.07,8.27,274240
07/27/2012,8.37,8.91,8.24,8.7,403400
07/30/2012,8.72,8.78,8.52,8.74,394310
07/31/2012,8.64,8.72,8.51,8.57,960200
08/01/2012,8.6,8.71,8.06,8.2,562610
08/02/2012,7.8,8.84,7.37,8.02,1069270
08/03/2012,8.26,8.81,8.07,8.81,864510
08/06/2012,8.82,9.04,8.64,8.81,453500
08/07/2012,8.94,8.96,8.46,8.72,724080
08/08/2012,8.64,8.84,8.47,8.51,511060
08/09/2012,8.49,8.67,8.28,8.54,551970
08/10/2012,8.45,8.58,8.3,8.49,236740
08/13/2012,8.47,8.57,8.17,8.28,318430
08/14/2012,8.35,8.52,8.16,8.28,559720
08/15/2012,8.12,8.54,8.11,8.51,846960
08/16/2012,8.48,8.75,8.34,8.73,1119550
08/17/2012,8.8,8.885,8.6698,8.87,453440
08/20/2012,8.81,8.88,8.67,8.77,288380
08/21/2012,8.84,8.9,8.62,8.73,483870
08/22/2012,8.68,8.79,8.5,8.68,269070
08/23/2012,8.69,8.7,8.42,8.45,312210
08/24/2012,8.45,8.71,8.36,8.58,447260
08/27/2012,8.67,8.8,8.38,8.46,460510
08/28/2012,8.43,8.63,8.37,8.59,276140
08/29/2012,8.6,8.63,8.34,8.37,148640
08/30/2012,8.29,8.36,8.05,8.08,251370
08/31/2012,8.2,8.46,7.99,8.45,358150
09/04/2012,8.4,8.64,8.17,8.56,510660
09/05/2012,8.56,8.62,8.35,8.48,401960
09/06/2012,8.58,8.93,8.56,8.86,653600
09/07/2012,8.92,9.49,8.75,9.43,542250
09/10/2012,9.4,9.49,9.18,9.27,461310
09/11/2012,9.27,9.38,9.14,9.17,413930
09/12/2012,9.22,9.36,9.2,9.32,363590
09/13/2012,9.38,10.12,9.38,9.92,1312900
09/14/2012,10.07,10.48,9.93,10.1,678070
09/17/2012,10.01,10.23,9.98,10.15,496350
09/18/2012,10.02,10.1,9.83,9.88,655130
09/19/2012,9.94,10.06,9.81,9.94,1308580
09/20/2012,9.82,9.89,9.55,9.61,483930
09/21/2012,9.73,9.77,9.408,9.55,711630
09/24/2012,9.39,9.83,9.39,9.54,459750
09/25/2012,9.71,9.76,9.32,9.41,545230
09/26/2012,9.47,9.48,9.18,9.22,534660
09/27/2012,9.32,9.56,9.25,9.5,507150
09/28/2012,9.49,9.74,9.41,9.67,967610
10/01/2012,9.75,9.95,9.66,9.81,630080
10/02/2012,9.92,9.99,9.69,9.98,520410
10/03/2012,10.02,10.02,9.57,9.7,1932340
10/04/2012,9.83,9.84,9.49,9.75,1138860
10/05/2012,9.89,9.94,9.44,9.56,704090
10/08/2012,9.54,9.54,9.28,9.43,387240
10/09/2012,9.48,9.61,9.29,9.36,746140
10/10/2012,9.2,9.2,8.56,8.96,1592010
10/11/2012,9.0748,9.104,8.44,8.45,745550
10/12/2012,8.46,8.58,8.27,8.37,508320
10/15/2012,8.43,8.54,8.2,8.39,752280
10/16/2012,8.46,8.525,8.28,8.43,399190
10/17/2012,8.48,8.48,8.22,8.3,470500
10/18/2012,8.27,8.32,8.07,8.15,338130
10/19/2012,8.06,8.22,7.98,8.2,646990
10/22/2012,8.09,8.19,7.81,7.86,579560
10/23/2012,7.8,7.83,7.47,7.74,486970
10/24/2012,7.82,7.95,7.55,7.65,346410
10/25/2012,7.84,7.89,7.46,7.51,373770
10/26/2012,7.53,7.74,7.445,7.47,482970
10/31/2012,7.51,7.51,6.75,7.26,1568490
11/01/2012,7.1,7.25,6.52,6.75,1420020
11/02/2012,6.76,6.89,6.62,6.64,679360
11/05/2012,6.63,6.69,6.48,6.51,513480
11/06/2012,6.6,6.8502,6.57,6.79,884240
11/07/2012,6.62,6.62,6.32,6.4,738370
11/08/2012,6.53,6.75,6.42,6.57,732800
11/09/2012,6.52,6.5308,6.3366,6.41,769570
11/12/2012,6.47,6.48,6.245,6.28,458390
11/13/2012,6.32,6.32,6.12,6.2,365490
11/14/2012,6.25,6.25,6.14,6.2,467980
11/15/2012,6.15,6.48,6.08,6.12,520010
11/16/2012,6.1,6.12,5.926,6.1,641440
11/19/2012,6.14,6.38,6.05,6.33,588580
11/20/2012,6.35,6.4,6.12,6.19,606050
11/21/2012,6.19,6.7,6.09,6.7,419180
11/23/2012,6.72,6.97,6.65,6.97,155660
11/26/2012,6.93,7.14,6.91,7,439540
11/27/2012,6.95,7.07,6.78,6.98,484600
11/28/2012,6.88,7.04,6.84,7,254320
11/29/2012,7.09,7.19,6.95,7.14,444470
11/30/2012,7.15,7.1891,6.66,6.74,461500
12/03/2012,6.78,6.82,6.56,6.64,548580
12/04/2012,6.62,6.69,6.47,6.49,201860
12/05/2012,6.56,6.91,6.56,6.71,274210
12/06/2012,6.7,6.72,6.51,6.6,287570
12/07/2012,6.61,6.61,6.277,6.282,657160
12/10/2012,6.34,6.58,6.3009,6.4,839830
12/11/2012,6.6,6.6,6.23,6.25,848270
12/12/2012,6.33,6.74,6.33,6.67,451370
12/13/2012,6.69,6.69,6.25,6.29,795490
12/14/2012,6.35,6.61,6.27,6.3,783070
12/17/2012,5.73,5.8,4.89,5.19,5270860
12/18/2012,5.18,5.25,5.1,5.2,1661510
12/19/2012,5.22,5.22,5.0085,5.14,1000700
12/20/2012,5.31,5.38,5.11,5.17,1337640
12/21/2012,5.17,5.18,4.94,5.08,1162840
12/24/2012,5.05,5.11,4.92,4.99,344340
12/26/2012,4.96,5.05,4.76,4.87,1178550
12/27/2012,4.87,4.97,4.83,4.89,568950
12/28/2012,4.86,4.94,4.77,4.79,528410
12/31/2012,4.8,5.24,4.66,5.18,980540
01/02/2013,5.34,5.46,5.2,5.23,827930
01/03/2013,5.25,5.52,5.19,5.49,1307060
01/04/2013,5.6,5.69,5.49,5.66,398890
01/07/2013,5.65,6.01,5.63,5.97,972560
01/08/2013,6.06,6.21,5.94,6.07,1014730
01/09/2013,6.1,6.11,5.96,6.11,465470
01/10/2013,6.14,6.19,6.03,6.09,359140
01/11/2013,6.14,6.2,5.9399,5.99,413550
01/14/2013,5.98,6.01,5.88,5.91,575260
01/15/2013,5.88,5.9,5.77,5.85,600080
01/16/2013,5.82,5.89,5.78,5.79,415050
01/17/2013,5.8,5.901,5.77,5.8,449250
01/18/2013,5.81,5.9,5.69,5.86,632620
01/22/2013,5.85,5.9,5.69,5.83,460570
01/23/2013,5.85,5.88,5.72,5.73,419250
01/24/2013,5.68,5.78,5.5,5.59,521450
01/25/2013,5.58,5.63,5.19,5.27,594210
01/28/2013,5.28,5.28,4.96,5.1,850420
01/29/2013,5.12,5.15,5.0351,5.15,651250
01/30/2013,5.17,5.4,5.03,5.31,567850
01/31/2013,5.31,5.48,5.21,5.44,380080
02/01/2013,5.49,5.59,5.36,5.52,331380
02/04/2013,5.49,5.49,5.15,5.18,440260
02/05/2013,5.23,5.33,5.14,5.17,275480
02/06/2013,5.12,5.135,5.05,5.115,552610
02/07/2013,5.08,5.16,4.91,4.96,640600
02/08/2013,4.98,5.02,4.88,4.99,625220
02/11/2013,4.95,5.09,4.88,4.94,531120
02/12/2013,4.95,4.99,4.89,4.93,430650
02/13/2013,4.94,4.98,4.9,4.94,319730
02/14/2013,4.38,4.38,3.24,3.55,4918150
02/15/2013,3.52,3.54,3.05,3.05,2103770
02/19/2013,3.07,3.1002,2.9698,2.98,1260500
02/20/2013,2.98,3.43,2.96,3.34,1998140
02/21/2013,3.3,3.34,3.03,3.03,996280
02/22/2013,3.05,3.07,2.68,2.72,2928140
02/25/2013,2.76,2.76,2.38,2.46,2349750
02/26/2013,2.48,2.52,2.4,2.44,2104460
02/27/2013,2.5,2.85,2.48,2.72,1711470
02/28/2013,2.85,2.85,2.525,2.54,1260160
03/01/2013,2.53,2.58,2.36,2.42,1371310
03/04/2013,2.45,2.63,2.36,2.62,1214040
03/05/2013,2.65,2.78,2.63,2.74,1163050
03/06/2013,2.85,3.97,2.84,3.54,5540280
03/07/2013,3.59,3.7,3.41,3.7,1529700
03/08/2013,3.72,4.013,3.65,3.97,1593370
03/11/2013,3.99,4.04,3.42,3.72,1553700
03/12/2013,3.69,3.83,3.42,3.715,1100610
03/13/2013,3.72,3.73,3.407,3.412,645680
03/14/2013,3.41,3.46,3.19,3.31,1055870
03/15/2013,3.24,3.43,3.19,3.34,1065610
03/18/2013,3.33,3.49,3.26,3.31,371680
03/19/2013,3.35,3.35,3.03,3.16,633790
03/20/2013,3.25,3.27,3,3.04,712910
03/21/2013,3.05,3.19,3.02,3.1,723140
03/22/2013,3.1801,3.235,3.11,3.15,477710
03/25/2013,3.23,3.23,3.06,3.16,320110
03/26/2013,3.25,3.25,3.06,3.16,316330
03/27/2013,3.18,3.2,3.05,3.1,348540
03/28/2013,3.17,3.21,2.91,2.95,689290
04/01/2013,3.06,3.11,2.78,2.84,761580
04/02/2013,2.92,2.95,2.73,2.93,675970
04/03/2013,2.99,2.99,2.86,2.86,424090
04/04/2013,2.91,2.9149,2.7752,2.835,282220
04/05/2013,2.76,2.92,2.7,2.75,370110
04/08/2013,2.8,2.87,2.73,2.76,385880
04/09/2013,2.8,2.85,2.75,2.81,280070
04/10/2013,2.87,3.12,2.8,3.05,578760
04/11/2013,3.08,3.18,2.9,2.96,361890
04/12/2013,3,3,2.77,2.8,333640
04/15/2013,2.7952,2.8,2.55,2.55,616850
04/16/2013,2.59,2.74,2.54,2.63,629010
04/17/2013,2.63,2.63,2.56,2.6,338410
04/18/2013,2.67,2.83,2.6,2.83,382870
04/19/2013,2.83,2.88,2.63,2.75,267630
04/22/2013,2.78,2.842,2.63,2.82,187450
04/23/2013,2.9,2.93,2.82,2.88,240830
04/24/2013,2.88,3.03,2.8499,2.99,356370
04/25/2013,3.02,3.02,2.94,2.99,397420
04/26/2013,2.99,2.99,2.81,2.85,248700
04/29/2013,2.86,2.97,2.855,2.86,235570
04/30/2013,2.85,2.87,2.71,2.74,393690
05/01/2013,2.74,2.8,2.6851,2.74,313410
05/02/2013,2.74,2.85,2.71,2.81,146860
05/03/2013,2.87,3.05,2.84,3.01,447800
05/06/2013,3.0851,3.3,2.915,2.915,921780
05/07/2013,2.96,3.03,2.86,2.92,354870
05/08/2013,2.94,2.98,2.82,2.91,442920
05/09/2013,2.7,3.18,2.61,3.1,1012280
05/10/2013,3.07,3.13,2.96,2.99,411450
05/13/2013,2.94,2.98,2.8,2.84,546160
05/14/2013,2.86,2.92,2.81,2.89,296460
05/15/2013,2.85,3.14,2.84,3.11,871860
05/16/2013,3.14,3.14,2.96,3.02,241980
05/17/2013,3.04,3.24,3.03,3.23,443360
05/20/2013,3.25,3.36,3.1548,3.335,556070
05/21/2013,3.345,3.5954,3.315,3.34,876300
05/22/2013,3.34,3.43,3.1298,3.26,592090
05/23/2013,3.21,3.33,3.08,3.27,337410
05/24/2013,3.3,3.3,3.18,3.28,153870
05/28/2013,3.34,3.48,3.17,3.24,436790
05/29/2013,3.18,3.26,3.17,3.22,266960
05/30/2013,3.25,3.52,3.09,3.5,557420
05/31/2013,3.47,3.47,3.24,3.26,492670
06/03/2013,3.32,3.57,3.3,3.48,651020
06/04/2013,3.49,3.9,3.44,3.76,887750
06/05/2013,3.73,3.97,3.65,3.89,1661750
06/06/2013,3.9,3.94,3.6,3.79,710740
06/07/2013,3.8,3.82,3.63,3.67,412770
06/10/2013,3.62,3.64,3.466,3.51,449090
06/11/2013,3.48,3.52,3.36,3.45,398560
06/12/2013,3.49,3.55,3.35,3.36,303450
06/13/2013,3.35,3.4,3.26,3.37,249850
06/14/2013,3.41,3.57,3.4,3.48,354940
06/17/2013,3.48,3.56,3.31,3.37,436930
06/18/2013,3.35,3.85,3.33,3.8,699080
06/19/2013,3.81,3.81,3.52,3.66,534120
06/20/2013,3.58,3.6,3.36,3.39,420070
06/21/2013,3.41,3.62,3.26,3.37,574920
06/24/2013,3.28,3.31,3.03,3.21,443290
06/25/2013,3.23,3.25,3.12,3.19,242110
06/26/2013,3.18,3.24,3.16,3.22,165530
06/27/2013,3.24,3.4,3.22,3.37,273700
06/28/2013,3.33,3.88,3.2858,3.854,1462940
07/01/2013,3.9,4.17,3.67,3.95,869670
07/02/2013,3.97,4.03,3.67,3.76,563710
07/03/2013,3.85,3.85,3.69,3.69,106940
07/05/2013,3.82,4,3.65,3.97,290760
07/08/2013,3.99,4.16,3.83,3.96,680710
07/09/2013,3.9926,4.13,3.85,4.117,477020
07/10/2013,4.07,4.56,4,4.4,1935560
07/11/2013,4.5,4.5,3.99,4.16,1237110
07/12/2013,4.14,4.25,4.03,4.15,274250
07/15/2013,4.22,4.22,4,4.05,497840
07/16/2013,4.04,4.35,4.01,4.28,367120
07/17/2013,4.27,4.78,4.23,4.51,1176310
07/18/2013,4.51,4.71,4.51,4.64,540990
07/19/2013,4.63,4.74,4.54,4.68,335710
07/22/2013,4.63,4.67,4.4,4.43,434980
07/23/2013,4.43,4.57,4.41,4.51,351020
07/24/2013,4.49,4.492,4.33,4.36,437180
07/25/2013,4.39,4.4,4.15,4.19,516330
07/26/2013,4.16,4.25,4.05,4.23,444810
07/29/2013,4.2,4.24,4.09,4.17,185880
07/30/2013,4.2,4.36,4.1449,4.35,449660
07/31/2013,4.33,4.38,4.21,4.26,297270
08/01/2013,4.38,4.7813,4.38,4.7,722430
08/02/2013,4.71,4.71,4.58,4.69,229810
08/05/2013,4.67,4.9,4.66,4.84,852760
08/06/2013,4.78,5.37,4.69,5.3,1920020
08/07/2013,5.09,5.41,5.03,5.26,980010
08/08/2013,5.3,5.39,5.02,5.1,401730
08/09/2013,5.07,5.15,4.95,5,431560
08/12/2013,4.94,5.25,4.92,5.04,376680
08/13/2013,5.06,5.18,4.88,5.01,394690
08/14/2013,5,5.19,4.91,4.93,466920
08/15/2013,4.9,5.06,4.88,5.04,433400
08/16/2013,4.98,5.04,4.899,4.94,404080
08/19/2013,4.93,5.1,4.845,4.89,364870
08/20/2013,4.87,5.15,4.85,5,294800
08/21/2013,4.99,5.16,4.93,5.01,541350
08/22/2013,5.05,5.28,5.03,5.22,450400
08/23/2013,5.27,5.31,5.15,5.31,268200
08/26/2013,5.34,5.37,5.22,5.31,275060
08/27/2013,5.34,5.34,5.1,5.1,354330
08/28/2013,5.1,5.34,5.1,5.22,390090
08/29/2013,5.22,5.24,5.01,5.08,383480
08/30/2013,5.09,5.09,4.96,5,304890
09/03/2013,5.03,5.31,5.02,5.22,943620
09/04/2013,5.19,5.3,5.135,5.19,442250
09/05/2013,5.23,5.3351,5.1349,5.19,414320
09/06/2013,5.25,5.33,5.14,5.21,354860
09/09/2013,5.26,5.53,5.23,5.48,839150
09/10/2013,5.51,5.52,5.2,5.25,873020
09/11/2013,5.22,5.38,5.22,5.27,452450
09/12/2013,5.31,5.38,5.15,5.17,353670
09/13/2013,5.17,5.3,5.17,5.24,256220
09/16/2013,5.28,5.47,5.2,5.22,751630
09/17/2013,5.22,5.42,5.2,5.36,398180
09/18/2013,5.35,5.42,5.07,5.26,754300
09/19/2013,5.29,5.71,5.21,5.6801,1431580
09/20/2013,5.73,5.93,5.5,5.82,1096670
09/23/2013,5.82,5.86,5.59,5.76,669870
09/24/2013,5.75,5.86,5.53,5.7,770660
09/25/2013,5.73,5.835,5.675,5.73,486450
09/26/2013,5.73,5.8,5.61,5.67,225280
09/27/2013,5.62,5.74,5.56,5.67,220970
09/30/2013,5.59,5.62,5.31,5.35,867510
10/01/2013,5.35,5.65,5.35,5.63,802210
10/02/2013,5.59,5.75,5.49,5.63,553780
10/03/2013,5.61,5.9,5.57,5.8,530650
10/04/2013,5.79,6.26,5.79,6.22,580660
10/07/2013,6.23,6.3549,6.12,6.225,549500
10/08/2013,6.21,6.26,5.9726,6.005,400760
10/09/2013,6,6.1,5.88,6.05,421100
10/10/2013,6.13,6.29,6.07,6.18,480900
10/11/2013,6.19,6.59,6.17,6.585,1005950
10/14/2013,6.6,6.66,6.5,6.57,248350
10/15/2013,6.6,6.81,6.54,6.65,834030
10/16/2013,6.68,6.87,6.61,6.73,504000
10/17/2013,6.73,7.06,6.73,6.95,701920
10/18/2013,7.02,7.47,7.02,7.31,2011890
10/21/2013,7.3149,7.3349,7.0451,7.07,1151420
10/22/2013,6.5,6.52,5.96,6.05,3194790
10/23/2013,6,6.49,5.96,6.29,813990
10/24/2013,6.29,6.43,6.16,6.38,722160
10/25/2013,6.98,7.15,6.52,6.73,1232630
10/28/2013,6.77,6.78,6.36,6.43,568610
10/29/2013,6.41,6.485,6.196,6.41,410340
10/30/2013,6.39,6.42,5.98,6.07,552440
10/31/2013,6.05,6.11,5.82,5.94,517830
11/01/2013,5.9,5.915,5.56,5.69,618530
11/04/2013,5.69,6.051,5.69,5.96,783340
11/05/2013,5.92,5.97,5.61,5.61,469590
11/06/2013,5.62,5.82,4.72,5.1,2949720
11/07/2013,5.07,5.08,4.7,4.99,1601970
11/08/2013,4.96,5.03,4.83,5,751260
11/11/2013,4.99,5.04,4.89,4.96,533920
11/12/2013,4.92,4.92,4.31,4.53,961210
11/13/2013,4.47,4.69,4.41,4.59,775730
11/14/2013,4.54,4.54,4.18,4.42,982830
11/15/2013,4.4,4.84,4.38,4.72,1142470
11/18/2013,4.67,4.7,4.26,4.33,691940
11/19/2013,4.25,4.36,4.23,4.35,545300
11/20/2013,4.36,4.53,4.23,4.27,370850
11/21/2013,4.33,4.5,4.3,4.4,355260
11/22/2013,4.41,4.49,4.35,4.41,223430
11/25/2013,4.39,4.39,4.27,4.33,241440
11/26/2013,4.32,4.75,4.32,4.7,629990
11/27/2013,4.59,4.98,4.58,4.91,662000
11/29/2013,4.89,4.97,4.75,4.84,198670
12/02/2013,4.87,5,4.63,4.81,547640
12/03/2013,4.76,4.98,4.75,4.81,367370
12/04/2013,4.81,4.94,4.715,4.76,379580
12/05/2013,4.75,4.97,4.739,4.93,181460
12/06/2013,5,5,4.77,4.8,260330
12/09/2013,4.81,4.89,4.675,4.69,246620
12/10/2013,4.69,4.76,4.47,4.53,469420
12/11/2013,4.55,4.55,4.32,4.38,462820
12/12/2013,4.4,4.55,4.3,4.52,359730
12/13/2013,4.51,4.56,4.41,4.45,184000
12/16/2013,4.45,4.64,4.45,4.56,170490
12/17/2013,4.56,5,4.52,4.95,334710
12/18/2013,4.98,5,4.65,4.81,265640
12/19/2013,4.81,4.9948,4.765,4.81,198170
12/20/2013,4.82,5.24,4.82,5.03,1254200
12/23/2013,5.04,5.42,4.88,5.2,825940
12/24/2013,5.16,5.27,5.13,5.14,158780
12/26/2013,5.12,5.205,5.08,5.115,156760
12/27/2013,5.18,5.18,4.87,5.02,358620
12/30/2013,5.03,5.18,4.98,5.08,406230
12/31/2013,5.06,5.3262,5.02,5.25,422240
01/02/2014,5.16,5.4,5.16,5.31,291930
01/03/2014,5.3,5.41,5.24,5.29,162270
01/06/2014,5.34,5.61,5.32,5.39,524040
01/07/2014,5.4,5.84,5.4,5.81,1394090
01/08/2014,5.8,5.96,5.71,5.83,612890
01/09/2014,5.83,5.975,5.67,5.97,526270
01/10/2014,5.95,5.97,5.79,5.92,394360
01/13/2014,5.88,5.91,5.75,5.86,404000
01/14/2014,5.88,6.23,5.88,6.13,541930
01/15/2014,6.13,6.27,6.04,6.17,286310
01/16/2014,6.18,6.32,6.07,6.3,333120
01/17/2014,6.32,6.5,6.2662,6.49,393310
01/21/2014,6.5,6.84,6.49,6.82,349890
01/22/2014,7.35,7.5,6.71,6.89,1008160
01/23/2014,6.93,7.09,6.86,6.89,501890
01/24/2014,6.81,6.88,6.57,6.65,422810
01/27/2014,6.65,6.79,6.39,6.63,470070
01/28/2014,6.63,6.73,6.61,6.66,648110
01/29/2014,6.55,6.66,6.33,6.44,405050
01/30/2014,6.48,6.73,6.39,6.6,256480
01/31/2014,6.4501,6.62,6.0018,6.6,574670
02/03/2014,6.57,6.72,6.48,6.65,593340
02/04/2014,6.64,7.06,6.44,6.45,868880
02/05/2014,6.38,6.39,6.19,6.21,1070010
02/06/2014,6.23,6.58,6.2,6.47,486440
02/07/2014,6.15,6.22,5.66,5.9,1220330
02/10/2014,5.96,6.101,5.76,6.01,557980
02/11/2014,5.79,6.14,5.68,5.89,414960
02/12/2014,5.93,6.45,5.92,6.16,631400
02/13/2014,6.11,6.4,6.09,6.28,325470
02/14/2014,6.29,6.4,6.14,6.21,117690
02/18/2014,6.25,6.26,5.84,5.99,896470
02/19/2014,5.92,6.01,5.75,5.93,482730
02/20/2014,5.93,6.12,5.91,5.98,175870
02/21/2014,5.82,5.84,5.15,5.24,1798610
02/24/2014,5.22,5.34,5.13,5.25,986970
02/25/2014,5.2,5.21,4.84,4.9,896580
02/26/2014,5.05,5.49,4.94,5.2,3612340
02/27/2014,5.2,5.27,4.85,5.04,1082410
02/28/2014,5.06,5.2146,4.86,4.87,625180
03/03/2014,4.83,5.34,4.67,5.12,1596030
03/04/2014,5.1,5.21,4.84,5.15,1042210
03/05/2014,4.93,5.13,3.92,3.93,6665180
03/06/2014,4.06,4.21,3.47,3.63,5588640
03/07/2014,3.63,3.74,3.51,3.61,2541550
03/10/2014,3.66,3.73,3.36,3.69,2065800
03/11/2014,3.67,3.69,3.49,3.55,782700
03/12/2014,3.4,3.6,3.38,3.46,1067170
03/13/2014,3.45,3.58,3.43,3.54,944880
03/14/2014,3.55,3.56,3.338,3.37,1249420
03/17/2014,3.38,3.38,3.12,3.21,1277120
03/18/2014,3.19,3.36,3.19,3.32,1225270
03/19/2014,3.33,3.42,3.29,3.39,837140
03/20/2014,3.35,3.35,3.23,3.25,1712680
03/21/2014,3.25,3.32,3.18,3.27,2488960
03/24/2014,3.5,3.51,3.18,3.3,877600
03/25/2014,3.33,3.35,3.14,3.24,929080
03/26/2014,3.24,3.26,3.145,3.165,885890
03/27/2014,3.1452,3.38,3.145,3.37,2206760
03/28/2014,3.37,3.4749,3.2454,3.38,1371380
03/31/2014,3.39,3.4394,3.08,3.25,1753840
04/01/2014,3.24,3.26,3.1299,3.2,875290
04/02/2014,3.18,3.27,3.13,3.26,548460
04/03/2014,3.25,3.3,3.16,3.17,584760
04/04/2014,3.2,3.2,3.03,3.08,633740
04/07/2014,3.08,3.09,2.91,3,973590
04/08/2014,3.07,3.17,3,3.16,544780
04/09/2014,3.16,3.343,3.13,3.338,591380
04/10/2014,3.3,3.3541,3.125,3.14,500650
04/11/2014,3.09,3.16,2.99,2.99,382460
04/14/2014,3.04,3.06,2.91,2.95,442600
04/15/2014,2.97,2.99,2.71,2.88,808070
04/16/2014,2.91,3.07,2.85,3.05,683340
04/17/2014,3.04,3.1799,3,3.13,406658
04/21/2014,3.17,3.2199,3.09,3.115,384239
04/22/2014,3.1,3.23,3.1,3.21,286388
04/23/2014,3.21,3.2501,3.18,3.21,429079
04/24/2014,3.21,3.3,3.2,3.29,378216
04/25/2014,3.26,3.31,3.21,3.29,436743
04/28/2014,3.28,3.28,3.1,3.175,657226
04/29/2014,3.19,3.3179,3.18,3.29,600108
04/30/2014,3.3,3.47,3.22,3.45,1098175
05/01/2014,3.46,3.47,3.34,3.37,860148
05/02/2014,3.38,3.5,3.32,3.405,985166
05/05/2014,3.4,3.41,3.3101,3.36,405212
05/06/2014,3.38,3.52,3.35,3.4,841777
05/07/2014,3.12,3.12,2.51,2.52,2829638
05/08/2014,2.52,2.54,2.22,2.25,2629766
05/09/2014,2.25,2.3,2.2,2.245,656726
05/12/2014,2.28,2.35,2.21,2.24,631592
05/13/2014,2.2,2.23,2.15,2.21,673128
05/14/2014,2.22,2.2501,2.14,2.14,766053
05/15/2014,2.14,2.15,1.99,2,810215
05/16/2014,2.01,2.05,1.93,2.04,768230
05/19/2014,2.03,2.07,1.99,2.03,602741
05/20/2014,2.05,2.06,1.95,1.98,797528
05/21/2014,2.11,2.25,2.06,2.09,1446012
05/22/2014,2.07,2.11,2.03,2.08,757234
05/23/2014,2.08,2.26,1.99,2.07,1267970
05/27/2014,2.04,2.075,1.98,1.98,887022
05/28/2014,2,2.03,1.96,1.99,1059635
05/29/2014,2,2.03,1.98,1.99,662640
05/30/2014,2.01,2.02,1.95,1.99,859788
06/02/2014,2.01,2.03,1.89,1.89,666270
06/03/2014,1.88,1.9,1.72,1.745,1049963
06/04/2014,1.75,1.75,1.51,1.65,2310492
06/05/2014,1.64,1.6499,1.53,1.53,1216585
06/06/2014,1.57,1.58,1.23,1.24,3812841
06/09/2014,1.25,1.27,1.02,1.0299,6133081
06/10/2014,1.36,1.95,1.27,1.59,22726497
06/11/2014,1.72,1.8,1.5365,1.59,6687550
06/12/2014,1.59,1.61,1.4,1.44,3013432
06/13/2014,1.42,1.48,1.33,1.415,2477170
06/16/2014,1.45,1.49,1.35,1.35,1681562
06/17/2014,1.35,1.42,1.26,1.27,1794410
06/18/2014,1.35,1.41,1.26,1.4,1388761
06/19/2014,1.41,1.41,1.32,1.375,966789
06/20/2014,1.39,1.47,1.36,1.46,2150792
06/23/2014,1.47,1.47,1.32,1.42,1840312
06/24/2014,1.42,1.44,1.35,1.36,678245
06/25/2014,1.37,1.39,1.34,1.39,626614
06/26/2014,1.4,1.54,1.37,1.4616,2121400
06/27/2014,1.45,1.46,1.35,1.39,4872272
06/30/2014,1.38,1.41,1.35,1.37,1035188
07/01/2014,1.46,1.52,1.4,1.42,2063326
07/02/2014,1.46,1.46,1.4,1.4,1387933
07/03/2014,1.4,1.47,1.4,1.46,921485
07/07/2014,1.48,1.57,1.43,1.48,2828745
07/08/2014,1.47,1.49,1.4,1.4,1657539
07/09/2014,1.41,1.43,1.39,1.4,518749
07/10/2014,1.4,1.41,1.33,1.33,1351847
07/11/2014,1.33,1.35,1.24,1.26,1540341
07/14/2014,1.28,1.286,1.19,1.21,1574598
07/15/2014,1.2,1.2801,1.2,1.24,499799
07/16/2014,1.26,1.26,1.22,1.24,392445
07/17/2014,1.24,1.25,1.21,1.22,364424
07/18/2014,1.24,1.32,1.19,1.25,2961975
07/21/2014,1.29,1.37,1.27,1.32,1551544
07/22/2014,1.33,1.46,1.31,1.405,2813036
07/23/2014,1.45,1.5,1.39,1.4,2335124
07/24/2014,1.41,1.47,1.36,1.36,1352972
07/25/2014,1.36,1.37,1.27,1.32,1430973
07/28/2014,1.35,1.36,1.29,1.3,668588
07/29/2014,1.35,1.35,1.31,1.34,702801
07/30/2014,1.35,1.47,1.33,1.43,1986646
07/31/2014,1.44,1.46,1.4,1.41,1036575
08/01/2014,1.46,1.47,1.38,1.39,824385
08/04/2014,1.41,1.45,1.38,1.41,1197679
08/05/2014,1.18,1.28,1.18,1.21,2429945
08/06/2014,1.2,1.2,1.15,1.17,1033699
08/07/2014,1.17,1.19,1.09,1.11,952464
08/08/2014,1.14,1.17,1.09,1.11,1093467
08/11/2014,1.12,1.15,1.04,1.05,1042284
08/12/2014,1.04,1.06,1.02,1.04,948509
08/13/2014,1.04,1.09,0.96,1.08,1570670
08/14/2014,1.09,1.1,1.06,1.06,454045
08/15/2014,1.08,1.1,1.06,1.07,362462
08/18/2014,1.08,1.09,1.05,1.05,418452
08/19/2014,1.06,1.07,1.05,1.05,305850
08/20/2014,1.06,1.08,1.01,1.02,889635
08/21/2014,1.01,1.03,0.9416,0.985,1340682
08/22/2014,0.99,0.99,0.949,0.9599,631111
08/25/2014,0.96,0.97,0.9374,0.948,315740
08/26/2014,0.95,0.961,0.9201,0.94,477751
08/27/2014,0.93,0.93,0.851,0.9,1389834
08/28/2014,0.91,0.93,0.8727,0.9146,655706
08/29/2014,0.93,0.94,0.8905,0.8966,808356
09/02/2014,0.9,0.92,0.715,0.7612,3639100
09/03/2014,0.47,0.6,0.47,0.5705,8142941
09/04/2014,0.6,0.6,0.55,0.5556,2244205
09/05/2014,0.58,0.58,0.4823,0.4901,2140778
09/08/2014,0.5,0.5373,0.48,0.5199,1129243
09/09/2014,0.51,0.5282,0.5,0.52,615831
09/10/2014,0.53,0.6,0.5,0.545,922056
09/11/2014,0.56,0.57,0.5144,0.5267,578719
09/12/2014,0.51,0.5392,0.51,0.5199,375320
09/15/2014,0.55,0.5998,0.5129,0.5399,2183202
09/16/2014,0.51,0.51,0.49,0.4937,1124888
09/17/2014,0.5,0.51,0.4805,0.4805,535171
09/18/2014,0.51,0.5124,0.4601,0.4679,770201
09/19/2014,0.46,0.55,0.4218,0.539,1887935
09/22/2014,0.54,0.54,0.4307,0.44,805764
09/23/2014,0.45,0.46,0.4326,0.4405,541137
09/24/2014,0.44,0.44,0.27,0.3001,4292197
09/25/2014,0.28,0.29,0.2499,0.29,1445877
09/26/2014,0.27,0.31,0.26,0.2609,1342596
09/29/2014,0.25,0.3,0.2395,0.2983,1855129
09/30/2014,0.305,0.305,0.24,0.2565,1543603
10/01/2014,0.29,0.3,0.24,0.251,2415000
10/02/2014,0.26,0.26,0.2151,0.2202,1762039
10/03/2014,0.24,0.24,0.1928,0.2046,1743984
10/06/2014,0.21,0.2192,0.1779,0.1853,1366020
10/07/2014,0.18,0.1898,0.15,0.1565,414456
