08/03/2018,3.925,4.275,3.925,4.275,222540
08/06/2018,4.6,4.6,4.5,4.5,11956
08/07/2018,4.255,5,4.245,4.568,703695
08/08/2018,4.6135,4.7345,4.4455,4.5045,343484
08/09/2018,4.5,4.95,4.496,4.5,163765
08/10/2018,4.487,4.55,4.3,4.365,298283
08/13/2018,4.312,4.4,4,4,272961
08/14/2018,4.05,4.2385,4.027,4.111,168861
08/15/2018,4.061,4.105,3.8925,3.9,542804
08/16/2018,3.9,4.0895,3.9,3.95,362995
08/17/2018,3.9865,4.2975,3.95,4.05,248265
08/20/2018,4.1515,4.2495,3.969,4.1,170865
08/21/2018,4.047,4.2,4.047,4.15,177305
08/22/2018,4.204,4.3495,4.0495,4.1,206809
08/23/2018,3.9995,4.25,3.9,3.925,140555
08/24/2018,4,4.158,4,4.135,138957
08/27/2018,4.45,4.45,4.1,4.3725,96307
08/28/2018,4.45,4.45,4.226,4.3085,59954
08/29/2018,4.3125,4.45,4.194,4.194,102021
08/30/2018,4.2,4.25,4.1,4.1,41815
08/31/2018,4.1925,4.1925,4.1,4.12,73412
09/04/2018,4.0665,4.119,3.925,4.071,86960
09/05/2018,4.081,4.15,3.925,3.925,85125
09/06/2018,3.925,4,3.9,3.97,70086
09/07/2018,3.9,4,3.8805,4,39796
09/10/2018,4.015,4.1,3.941,4,47213
09/11/2018,4.0095,4.1,3.795,3.85,114725
09/12/2018,3.8845,3.9865,3.875,3.972,55768
09/13/2018,3.95,4.028,3.9375,3.9425,56101
09/14/2018,3.9835,4.007,3.88,3.9,729144
09/17/2018,4.1,4.1,3.95,4.1,109667
09/18/2018,3.9725,4.024,3.9175,3.985,73861
09/19/2018,4.1,4.1195,4.0045,4.0045,31685
09/20/2018,3.9665,4.0025,3.7995,3.8,325525
09/21/2018,3.8515,4,3.781,3.8,417320
09/24/2018,4,4,3.7795,3.887,223795
09/25/2018,3.9185,3.9575,3.8,3.833,91793
09/26/2018,3.8,3.8035,3.6705,3.7495,731073
09/27/2018,3.7385,3.849,3.6705,3.6895,112282
09/28/2018,3.7525,3.8175,3.738,3.8175,86260
10/01/2018,5,5,3.7,3.775,95641
10/02/2018,3.8,3.874,3.7,3.813,76345
10/03/2018,3.845,3.9995,3.745,3.7455,179608
10/04/2018,3.7855,3.8695,3.74,3.75,82819
10/05/2018,3.7735,3.8065,3.742,3.8,93905
10/08/2018,3.85,3.9945,3.8495,3.8495,54920
10/09/2018,3.8,3.8,3.75,3.8,90751
10/10/2018,3.85,3.85,3.61,3.65,163426
10/11/2018,3.685,3.887,3.65,3.814,191924
10/12/2018,3.823,4,3.75,3.8435,61292
10/15/2018,4.2,4.2,3.85,3.9,149498
10/16/2018,4.4865,4.4865,3.8375,3.9,272161
10/17/2018,3.9015,3.9465,3.7955,3.8995,199923
10/18/2018,3.8,3.875,3.8,3.85,103179
10/19/2018,3.8675,4.21,3.8675,3.975,143968
10/22/2018,4.2475,4.2475,3.845,3.918,129377
10/23/2018,4.0505,4.0505,3.9,3.9075,201381
10/24/2018,4.05,4.05,3.8505,3.8505,70299
10/25/2018,3.9,3.9495,3.825,3.9,184808
10/26/2018,3.8905,3.9185,3.8,3.9155,91360
10/29/2018,3.87,4,3.836,3.85,144720
10/30/2018,3.8765,4,3.81,3.831,117104
10/31/2018,3.8325,3.84,3.7995,3.825,83621
11/01/2018,3.927,3.945,3.8685,3.925,98864
11/02/2018,3.9395,3.95,3.8,3.95,49265
11/05/2018,3.8445,4,3.8435,3.9,396448
11/06/2018,3.914,4,3.8,3.846,87490
11/07/2018,3.846,3.9015,3.825,3.88,150933
11/08/2018,3.85,3.9985,3.75,3.75,157364
11/09/2018,4.4,4.4,3.65,3.75,176200
11/12/2018,3.75,3.779,3.6365,3.65,103323
11/13/2018,3.61,3.6875,3.55,3.58,118851
11/14/2018,3.505,3.859,3.505,3.705,193135
11/15/2018,3.6755,3.846,3.55,3.738,118867
11/16/2018,3.7995,3.9,3.6,3.65,67051
11/19/2018,3.698,3.746,3.605,3.746,136125
11/20/2018,3.65,3.75,3.505,3.535,215972
11/21/2018,3.6,3.7,3.5,3.521,125897
11/23/2018,3.49,3.5735,3.49,3.545,53750
11/26/2018,3.4875,3.5995,3.424,3.45,206045
11/27/2018,3.4875,3.4875,3.209,3.3,227615
11/28/2018,3.3,3.5,3.195,3.5,126443
11/29/2018,3.448,3.5,3.35,3.3605,47990
11/30/2018,3.35,3.483,3.2545,3.45,78999
12/03/2018,3.5,3.6725,3.395,3.4245,86592
12/04/2018,3.474,3.5095,3.4,3.45,38107
12/06/2018,3.475,4.25,3.35,3.42,270592
12/07/2018,3.408,3.5,3.3235,3.432,156220
12/10/2018,3.5,3.6,3.3675,3.451,131425
12/11/2018,3.499,3.499,3.3,3.3,86328
12/12/2018,3.5,3.5,3.352,3.45,103198
12/13/2018,3.46,3.5,3.3165,3.425,128790
12/14/2018,3.445,3.6125,3.415,3.53,113863
12/17/2018,3.594,3.74,3.53,3.74,183512
12/18/2018,3.7365,3.7495,3.59,3.65,130969
12/19/2018,3.728,3.798,3.545,3.6,223787
12/20/2018,3.615,3.8,3.5,3.716,221075
12/21/2018,4.1,4.1,3.483,3.545,263046
12/24/2018,3.615,3.6535,3.5595,3.6205,39061
12/26/2018,3.7995,3.9985,3.7005,3.7505,121013
12/27/2018,3.715,3.765,3.5345,3.66,159144
12/28/2018,3.657,3.725,3.575,3.7195,88678
12/31/2018,3.6745,3.9,3.65,3.73,115904
01/02/2019,3.75,3.898,3.6515,3.675,219272
01/03/2019,3.753,4.25,3.7,4.25,419443
01/04/2019,4.1205,4.4,3.9075,3.935,522117
01/07/2019,3.9785,4.398,3.875,4,165536
01/08/2019,4,4.3965,3.9,3.9865,67822
01/09/2019,4.096,4.25,4,4.0685,233414
01/10/2019,4.135,4.1765,3.9745,4.05,410618
01/11/2019,4.05,4.1,3.9525,4.005,190080
01/14/2019,3.975,4.0995,3.9,4.0405,88181
01/15/2019,4.0995,4.1,3.9675,4,85934
01/16/2019,4.055,4.1495,4.046,4.0615,232138
01/17/2019,4,4.2,3.9,3.994,227777
01/18/2019,3.9785,4.075,3.9,3.916,67814
01/22/2019,3.9,3.919,3.8105,3.9,267579
01/23/2019,3.952,4.0265,3.8835,4,98247
01/24/2019,3.995,4,3.85,3.85,96650
01/25/2019,3.925,4.0525,3.925,3.989,79826
01/28/2019,4.25,4.25,3.983,4.133,496395
01/29/2019,4.1705,4.2,4.09,4.15,195914
01/30/2019,4.171,4.2,4.05,4.117,121851
01/31/2019,4.1995,4.3965,4.1,4.197,232097
02/01/2019,4.1745,4.25,4.1195,4.2,124308
02/04/2019,4.17,4.2325,4.05,4.177,171507
02/05/2019,4.1785,4.2325,4.1,4.1,82988
02/06/2019,4.1,4.2325,4.05,4.1,86727
02/07/2019,4.157,4.1825,4,4.082,72933
02/08/2019,4.1185,4.3,4.0485,4.3,170125
02/11/2019,4.263,4.75,4.183,4.183,150853
02/12/2019,4.2,4.2535,4.1,4.18,117895
02/13/2019,4.225,4.25,4.025,4.025,133316
02/14/2019,4.11,4.1515,4,4.089,89817
02/15/2019,4.1295,4.1605,4,4.1605,148266
02/19/2019,4.1225,4.5,4.1225,4.2,433775
02/20/2019,4.278,4.5,4.2495,4.355,107879
02/21/2019,4.231,4.4,4.175,4.2265,299550
02/22/2019,4.22,4.5,4.1725,4.287,175235
02/25/2019,4.276,4.75,4.2,4.4,301965
02/26/2019,4.75,4.75,4.309,4.35,315539
02/27/2019,4.456,4.73,4.412,4.544,723821
02/28/2019,4.67,4.74,4.4,4.4285,265380
03/01/2019,4.3975,4.75,4.275,4.2775,308481
03/04/2019,4.3125,4.58,4.25,4.3905,233488
03/05/2019,4.322,4.515,4.25,4.3,300220
03/06/2019,4.35,4.407,4.25,4.3185,265120
03/07/2019,4.334,4.515,4.295,4.44,203841
03/08/2019,4.7625,4.825,4.5145,4.7125,252004
03/11/2019,4.7175,4.9,4.5,4.5715,257084
03/12/2019,4.65,4.9,4.5435,4.65,110470
03/13/2019,4.7,4.75,4.65,4.7285,113694
03/14/2019,4.669,4.75,4.5475,4.6155,124201
03/15/2019,4.65,4.75,4.575,4.6,152293
03/18/2019,4.628,4.875,4.55,4.662,104425
03/19/2019,4.725,4.725,4.589,4.682,131894
03/20/2019,4.6645,4.831,4.6,4.7235,83051
03/21/2019,4.7325,5.1875,4.6,4.7675,88212
03/22/2019,4.685,4.875,4.615,4.7565,207837
03/25/2019,4.9,5.126,4.75,5.1,349737
03/26/2019,6.05,6.05,4.8385,4.8385,460862
03/27/2019,4.9045,5.5,4.565,4.565,146420
03/28/2019,4.5995,6.05,4.514,4.6685,363945
03/29/2019,4.809,4.9965,4.6,4.697,332610
04/01/2019,4.6965,4.8995,4.65,4.76,583097
04/02/2019,4.8365,4.899,4.65,4.7455,130977
04/03/2019,4.7375,4.899,4.65,4.6955,121529
04/04/2019,4.6875,4.8,4.4795,4.5565,415892
04/05/2019,4.588,4.75,4.4785,4.6035,239413
04/08/2019,4.695,4.795,4.6585,4.745,266909
04/09/2019,5,5,4.6835,4.82,110766
04/10/2019,4.525,4.825,4.525,4.7955,51897
04/11/2019,4.688,4.8,4.65,4.66,78344
04/12/2019,4.7195,4.722,4.5,4.5575,87481
04/15/2019,4.594,4.65,4.5,4.6265,100800
04/16/2019,4.542,4.616,4.5,4.55,166640
04/17/2019,4.647,4.647,4.2975,4.3365,286113
04/18/2019,4.28,4.4,4.243,4.285,202681
04/22/2019,4.2425,4.35,4.09,4.1795,255584
04/23/2019,4.2,4.254,4.0925,4.1415,157882
04/24/2019,4.116,4.225,4.015,4.085,312765
04/25/2019,4.094,4.15,3.9905,4.0305,163091
04/26/2019,4.187,4.25,4.005,4.1,77831
04/29/2019,4.0215,4.15,3.825,4,347561
04/30/2019,4,4.3,3.9,4.055,142984
05/01/2019,4.05,4.224,3.9,4.0495,160728
05/02/2019,3.986,4.037,3.6955,3.7995,472252
05/03/2019,3.8745,4,3.8,3.9,103808
05/06/2019,3.9555,4.05,3.9,4.0385,77940
05/07/2019,4.04,4.5,3.988,4.219,197556
05/08/2019,4.214,4.214,3.85,4.05,69112
05/09/2019,4.007,4.2995,3.95,4.028,129992
05/10/2019,4.079,4.2995,3.9,3.9805,89973
05/13/2019,3.9945,4.1995,3.9945,4.1465,60817
05/14/2019,4.15,4.3,4.1,4.2,163094
05/15/2019,4.2475,4.3,4.1,4.3,77425
05/16/2019,4.186,4.2635,4.1,4.1435,66762
05/17/2019,4.1,4.15,4,4.148,50825
05/20/2019,4.15,4.15,3.95,4.15,54857
05/21/2019,4.089,4.15,3.95,4.15,48635
05/22/2019,4.15,4.15,3.95,4.15,49654
05/23/2019,4,4.0995,3.95,4.0615,82300
05/24/2019,4.05,4.05,3.95,4,91736
05/28/2019,4,4.0205,3.8,3.949,221744
05/29/2019,3.65,3.904,3.65,3.897,122729
05/30/2019,3.866,4.091,3.866,4.0825,118957
05/31/2019,4.15,4.35,4.15,4.3,234220
06/03/2019,4.309,4.6,3.8,4.5575,330728
06/04/2019,4.525,4.565,4.3,4.471,212762
06/05/2019,4.583,4.6,4.2915,4.385,204275
06/06/2019,4.348,4.475,4.2455,4.475,161580
06/07/2019,4.56,4.6,4.4465,4.567,126446
06/10/2019,4.6,4.6,4.4,4.55,540117
06/11/2019,4.56,4.6,4.4,4.4685,79917
06/12/2019,4.495,4.6,4.4,4.6,86725
06/13/2019,4.6,4.8,4.4555,4.8,221110
06/14/2019,4.9,5,4.6385,4.799,293454
06/17/2019,4.709,4.95,4.6,4.864,100512
06/18/2019,4.7825,4.98,4.65,4.75,396059
06/19/2019,5.05,5.05,4.7,5,144440
06/20/2019,5.28,5.527,5.05,5.35,842493
06/21/2019,5.5,5.5,5.05,5.1,181248
06/24/2019,5.2615,5.85,5.0635,5.25,294518
06/25/2019,5.75,5.75,4.8345,4.9495,428315
06/26/2019,4.8375,4.975,4.7,4.7465,271503
06/27/2019,4.737,4.975,4.5135,4.5135,192475
06/28/2019,4.565,4.95,4.55,4.6095,226880
07/01/2019,4.55,4.55,4.4775,4.5,229815
07/02/2019,4.606,4.85,4.5,4.75,208632
07/03/2019,4.723,4.8995,4.55,4.611,145783
07/05/2019,4.529,4.75,4.4,4.4855,307580
07/08/2019,4.65,4.65,4.5,4.5325,138603
07/09/2019,4.5,4.875,4.4,4.52,78713
07/10/2019,4.525,4.65,4.45,4.6,302967
07/11/2019,4.65,4.749,4.4595,4.55,92350
07/12/2019,4.575,4.7,4.46,4.46,127626
07/15/2019,4.5195,4.749,4.45,4.57,232873
07/16/2019,4.749,4.749,4.5,4.575,182905
07/17/2019,4.613,4.8,4.55,4.75,1394619
07/18/2019,5.05,5.05,4.55,4.95,552976
07/19/2019,4.8745,5.15,4.8545,4.99,372530
07/22/2019,4.9685,5.2,4.8665,5.0765,653120
07/23/2019,5.175,5.3,5,5.0725,183830
07/24/2019,5.1195,5.25,5,5.1845,169784
07/25/2019,5.275,5.35,4.992,4.992,143348
07/26/2019,5,5.35,4.939,5.146,199045
07/29/2019,5.0395,5.2,4.9745,5.15,134513
07/30/2019,5.143,5.25,5,5.15,141541
07/31/2019,5.183,5.25,4.848,4.95,229466
08/01/2019,4.94,5.2,4.75,5.16,306568
08/02/2019,5.0715,5.3,4.8575,5.3,243324
08/05/2019,5.7,5.9,5.3495,5.7,439957
08/06/2019,5.3725,5.85,5,5.2,487842
08/07/2019,5.436,5.85,5.3565,5.5,426128
08/08/2019,5.545,5.8,5.25,5.4495,413275
08/09/2019,5.4955,5.6,5.175,5.5,150680
08/12/2019,5.61,5.775,5.55,5.65,330728
08/13/2019,5.7025,5.9,5.4005,5.6,649525
08/14/2019,5.875,5.9,5.5,5.57,424580
08/15/2019,5.75,5.836,5.572,5.7,223621
08/16/2019,5.6885,5.75,5.542,5.65,325536
08/19/2019,5.525,5.75,5.346,5.525,308897
08/20/2019,5.5842,6.2859,5.48,5.97,37461
08/21/2019,6.0404,6.19,5.6202,5.954,85693
08/22/2019,5.9959,8.18,5.9938,6.1151,240995
08/23/2019,6.0914,8,6.05,6.54,222285
08/26/2019,7.125,7.2,6.538,6.5456,378736
08/27/2019,6.4399,6.95,6.4399,6.5,259328
08/28/2019,6.7,6.8,6.25,6.4612,175369
08/29/2019,6.881,6.881,6.094,6.2125,133477
08/30/2019,6.1174,7,5.96,6.1,131772
09/03/2019,5.9758,6.75,5.9433,5.9913,172741
09/04/2019,5.9342,6.1,5.9342,6.026,146035
09/05/2019,5.9965,6.1,5.639,5.79,232009
09/06/2019,5.75,5.99,5.6699,5.7975,118433
09/09/2019,5.8,5.9,5.61,5.7005,103419
09/10/2019,4.85,5.91,4.85,5.82,100030
09/11/2019,6.2,6.4,5.8143,6.19,120737
09/12/2019,6.3,6.505,5.98,6.2,136565
09/13/2019,6.19,6.4,5.97,5.99,106405
09/16/2019,6.2,6.2,5.81,5.95,148185
09/17/2019,5.95,6.05,5.8496,5.93,81750
09/18/2019,6.25,6.25,5.5532,5.61,118681
09/19/2019,5.6,5.8,5.52,5.55,98584
09/20/2019,5.9,5.9,5.5762,5.8,69904
09/23/2019,6.08,6.19,5.8306,5.94,159962
09/24/2019,6,6.15,5.8,6,154853
09/25/2019,6.05,6.05,5.8,5.91,149326
09/26/2019,6.05,6.05,5.85,5.86,60550
09/27/2019,5.86,5.86,5.55,5.645,187218
09/30/2019,5.63,5.63,5.25,5.29,161228
10/01/2019,5.25,5.42,5.2,5.3103,167864
10/02/2019,5.35,5.5735,5.35,5.4,116881
10/03/2019,5.41,5.6934,5.3,5.3869,45994
10/04/2019,5.4,5.499,5.4,5.45,40783
10/07/2019,5.48,5.55,5.45,5.47,68734
10/08/2019,5.47,5.78,5.47,5.7672,108012
10/09/2019,5.9,5.9,5.6,5.64,65384
10/10/2019,5.65,5.6999,5.6,5.689,50064
10/11/2019,5.7,5.7,5.51,5.625,53742
10/14/2019,5.63,5.89,5.45,5.55,111393
10/15/2019,5.75,5.79,5.52,5.52,162579
10/16/2019,5.73,5.74,5.5373,5.63,129452
10/17/2019,5.68,6,5.68,5.92,137360
10/18/2019,5.96,6.4,5.75,6.2164,187476
10/21/2019,6.32,6.3623,6.0435,6.1,182449
10/22/2019,6.05,6.14,6.0415,6.05,67645
10/23/2019,6.1,6.165,6.0587,6.06,48157
10/24/2019,6.02,6.19,6.02,6.11,74936
10/25/2019,6.15,6.42,6.11,6.17,94223
10/28/2019,6.22,6.29,6.05,6.225,68359
10/29/2019,6.16,6.4222,6.15,6.4,98896
10/30/2019,6.4,6.5,6.255,6.4,155972
10/31/2019,6.85,6.85,6.3507,6.495,219172
11/01/2019,6.5,6.545,6.398,6.45,104327
11/04/2019,6.47,6.47,6.36,6.44,148506
11/05/2019,6.36,6.44,6.15,6.34,312453
11/06/2019,6.44,6.44,6.3,6.42,47091
11/07/2019,6.42,6.43,6.13,6.34,129371
11/08/2019,6.22,6.25,6.07,6.09,81299
11/11/2019,6.03,6.26,6.02,6.085,110821
11/12/2019,6.09,6.2,6.05,6.14,85002
11/13/2019,6.22,6.3865,6.2149,6.33,146363
11/14/2019,6.37,6.43,6.33,6.33,111819
11/15/2019,6.36,6.38,6.28,6.335,59763
11/18/2019,6.28,6.3998,6.2797,6.3229,33139
11/19/2019,6.32,6.3228,6.12,6.13,83741
11/20/2019,6.1,6.14,6,6.01,75834
11/21/2019,6.05,6.08,5.94,5.97,82061
11/22/2019,6.03,6.03,5.87,5.95,100696
11/25/2019,5.92,6.0443,5.89,5.89,95668
11/26/2019,5.85,5.8861,5.81,5.84,119206
11/27/2019,5.86,5.9,5.7,5.8,138115
11/29/2019,5.83,5.9411,5.77,5.85,45062
12/02/2019,5.9,6.09,5.87,6.09,105472
12/03/2019,6.15,6.25,6.1,6.1,83973
12/04/2019,6.13,6.19,6.03,6.08,85359
12/05/2019,6.1,6.19,6.05,6.07,80292
12/06/2019,6.05,6.06,5.89,5.96,102541
12/09/2019,5.9,5.98,5.83,5.87,68578
12/10/2019,5.98,6.04,5.8814,5.99,98518
12/11/2019,6.02,6.09,5.94,6.07,224750
12/12/2019,6.11,6.231,6,6.02,107549
12/13/2019,6.01,6.29,6.01,6.2,246436
12/16/2019,6.28,6.44,6.16,6.23,1293457
12/17/2019,6.25,6.75,6.25,6.52,349940
12/18/2019,6.6,6.605,6.48,6.55,209028
12/19/2019,6.6,7,6.58,6.81,1102402
12/20/2019,6.85,7.1,6.62,6.94,3115089
12/23/2019,7.01,7.15,6.755,7.08,563080
12/24/2019,7.18,7.188,7.03,7.14,214742
12/26/2019,7.49,8,7.33,7.66,426372
12/27/2019,7.67,7.67,7.3009,7.63,357526
12/30/2019,7.68,7.88,7.6,7.7268,471833
12/31/2019,7.77,7.85,7.64,7.67,330837
01/02/2020,7.9,7.95,7.8,7.82,371110
01/03/2020,7.95,7.95,7.43,7.47,462842
01/06/2020,7.66,7.838,7.56,7.7,443888
01/07/2020,7.81,7.94,7.53,7.92,223619
01/08/2020,7.97,7.97,7.6,7.69,280730
01/09/2020,7.7,7.72,7.31,7.51,265614
01/10/2020,7.53,7.97,7.5106,7.95,257936
01/13/2020,7.97,8.03,7.7,7.99,261410
01/14/2020,8,8.424,8,8.42,375247
01/15/2020,8.53,8.84,8.34,8.8,700538
01/16/2020,8.88,8.95,8.25,8.4,695205
01/17/2020,8.54,8.54,8.31,8.34,308356
01/21/2020,8.31,8.46,8.2,8.435,386189
01/22/2020,8.4,8.45,8.21,8.26,286870
01/23/2020,8.3,8.51,8.24,8.36,370398
01/24/2020,8.4,8.53,8.34,8.39,201935
01/27/2020,8.77,8.77,8.14,8.28,235129
01/28/2020,8.24,8.4,8.1909,8.26,183620
01/29/2020,8.24,8.33,8.13,8.3,280215
01/30/2020,8.49,8.51,8.32,8.42,297526
01/31/2020,8.49,8.52,8.34,8.4,251222
02/03/2020,8.54,8.54,8.2,8.23,234350
02/04/2020,8.14,8.17,7.77,7.98,398688
02/05/2020,7.95,8.18,7.8625,8.18,271573
02/06/2020,8.22,8.3,8.14,8.275,145342
02/07/2020,8.38,8.38,8.0975,8.2,121881
02/10/2020,8.27,8.44,8.2,8.44,238802
02/11/2020,8.44,8.45,8.15,8.24,256485
02/12/2020,8.25,8.5,8.1,8.42,157568
02/13/2020,8.38,8.74,8.38,8.6513,364372
02/14/2020,8.73,9.04,8.6511,8.92,470346
02/18/2020,9.06,9.36,8.93,9.29,473097
02/19/2020,9.5,9.65,9.36,9.6,568083
02/20/2020,9.73,9.87,9.166,9.45,628164
02/21/2020,9.61,9.85,9.57,9.73,688952
02/24/2020,10.3,10.3,9.55,9.5808,695602
02/25/2020,9.6,9.72,8.72,8.8,776545
02/26/2020,8.7,9.28,8.68,8.95,530015
02/27/2020,9.05,9.055,7.81,8.02,780192
02/28/2020,7.5,7.6,6.72,7.26,1258327
03/02/2020,7.7,8.1234,7.44,7.68,842072
03/03/2020,7.96,8.6352,7.885,8.1,923183
03/04/2020,8.35,8.47,8.11,8.385,328237
03/05/2020,8.54,9,8.43,8.949,608473
03/06/2020,9,9.09,8.33,8.72,689939
03/09/2020,8.64,8.64,7.36,7.72,508451
03/10/2020,7.95,7.97,7,7.7,712058
03/11/2020,7.81,7.81,6.5,6.6,1171209
03/12/2020,5.71,6.23,5.06,5.72,2160329
03/13/2020,5.74,6.16,5.4,5.77,1298531
03/16/2020,5.49,6.88,5.2,6.66,2503157
03/17/2020,6.57,6.9,5.7,5.89,2064304
03/18/2020,5.55,5.85,5.2,5.535,1393152
03/19/2020,5.34,6.08,4.63,5.72,1748112
03/20/2020,5.91,6.99,5.91,6.17,1717726
03/23/2020,6.17,6.6299,5.8714,6.35,1145424
03/24/2020,7.02,7.57,6.51,7.21,1409671
03/25/2020,7.25,7.61,6.875,7.2,863244
03/26/2020,7.5,7.6,6.8,6.88,952511
03/27/2020,6.77,6.9295,6.43,6.54,832423
03/30/2020,6.51,6.84,6.16,6.47,1018041
03/31/2020,6.39,6.88,6.25,6.61,1023475
04/01/2020,6.79,7.07,6.58,6.98,1116817
04/02/2020,7.19,7.46,7,7.33,1276107
04/03/2020,7.45,7.45,6.85,6.88,1380378
04/06/2020,7,7.29,6.9,7.13,1679312
04/07/2020,7.22,7.2265,7.02,7.15,1785434
04/08/2020,7.1,7.47,7.05,7.34,1103745
04/09/2020,7.59,8.05,7.46,7.8,2681820
04/13/2020,7.37,7.68,7.07,7.57,4993960
04/14/2020,7.85,8.05,7.31,7.59,3075977
04/15/2020,7.42,7.73,7.28,7.58,2444745
04/16/2020,7.6,7.85,7.6,7.81,2524510
04/17/2020,7.73,7.79,7.37,7.42,16837851
04/20/2020,7.4,7.63,7.15,7.2502,1850278
04/21/2020,7.01,7.42,6.91,7.36,1664994
04/22/2020,7.52,8.03,7.51,7.89,2205640
04/23/2020,8.11,8.475,8.04,8.15,1784970
04/24/2020,8.31,8.44,7.98,8.28,1468674
04/27/2020,8.36,8.41,8.01,8.38,1313874
04/28/2020,8.43,8.45,8.13,8.45,1624228
04/29/2020,8.5,8.73,8.37,8.73,2298641
04/30/2020,8.75,8.78,8.33,8.37,1431953
05/01/2020,8.2,8.62,8.2,8.6,1412798
05/04/2020,8.77,9.06,8.57,9.02,1665529
05/05/2020,9.08,9.12,8.81,8.94,1237230
05/06/2020,8.87,8.93,8.695,8.81,1446673
05/07/2020,8.96,9.18,8.83,9.075,1704749
05/08/2020,9.11,9.13,8.78,8.88,1021200
05/11/2020,8.86,8.99,8.435,8.51,1535152
05/12/2020,8.55,8.8912,8.47,8.55,1522096
05/13/2020,8.7,8.79,8.17,8.37,1580772
05/14/2020,8.45,8.53,8.33,8.4194,1757771
05/15/2020,8.7,8.75,8.42,8.445,2579392
05/18/2020,8.73,8.8,8.16,8.45,2446863
05/19/2020,8.67,9.17,8.58,9.06,3463812
05/20/2020,9.44,9.47,8.9501,9.04,2090131
05/21/2020,8.94,8.95,8.65,8.885,1094241
05/22/2020,8.92,9.2,8.845,8.91,1281397
05/26/2020,8.92,9.0535,8.59,8.66,1328676
05/27/2020,8.47,9.1,8.44,9.08,1779916
05/28/2020,9.1,9.27,8.77,9.04,1908721
05/29/2020,9.19,9.22,8.97,9.21,1440170
06/01/2020,9.31,9.71,9.13,9.7,1400841
06/02/2020,10.14,10.14,9.355,9.3767,1997597
06/03/2020,9.22,9.3252,8.82,9.06,1555876
06/04/2020,9.2,9.555,9.2,9.55,1855797
06/05/2020,9.04,9.7,8.91,9.69,2230062
06/08/2020,9.82,10.04,9.63,10.0291,1356975
06/09/2020,10.14,10.18,9.86,10,1165127
06/10/2020,10.32,10.39,9.74,10.33,2228888
06/11/2020,10.25,10.78,9.74,9.93,1857001
06/12/2020,10.09,10.33,9.75,9.96,1628221
06/15/2020,9.92,10.53,9.44,10.48,2474473
06/16/2020,10.76,10.8,10.255,10.35,1329632
06/17/2020,10.44,10.5,10.29,10.39,991836
06/18/2020,10.35,10.39,10.15,10.29,800876
06/19/2020,10.55,10.64,10.13,10.27,3345524
06/22/2020,10.5,10.835,10.4438,10.62,2226154
06/23/2020,10.73,11.34,10.69,11.2,1532918
06/24/2020,11.36,11.36,10.505,10.76,1542124
06/25/2020,10.8,11.16,10.69,10.99,1287738
06/26/2020,10.89,11.11,10.73,11.01,910497
06/29/2020,11.11,11.16,10.77,11.15,828431
06/30/2020,11.04,11.4,10.93,11.21,1305647
07/01/2020,11.22,11.45,10.9,11.35,1307413
07/02/2020,11.25,11.309,10.76,10.76,2158975
07/06/2020,11.13,11.33,10.88,11.2998,1568331
07/07/2020,11.2,11.42,11.14,11.34,1027231
07/08/2020,11.49,11.77,11.36,11.58,1705893
07/09/2020,11.68,11.8,11.22,11.6,1360378
07/10/2020,11.56,11.69,11.35,11.56,1232196
07/13/2020,11.75,11.83,11,11.005,1668441
07/14/2020,10.75,11.36,10.75,11.34,1331805
07/15/2020,11.21,11.3,10.98,11.24,837685
07/16/2020,10.88,11.2,10.88,10.97,729346
07/17/2020,11.02,11.36,10.95,11.25,769489
07/20/2020,11.37,11.61,11.22,11.25,1591750
07/21/2020,11.32,11.45,10.925,11.07,2384512
07/22/2020,11.15,11.95,11.1,11.64,2427357
07/23/2020,11.7,11.87,11.2,11.27,1869529
07/24/2020,11.45,11.68,11.44,11.5061,1291364
07/27/2020,12,12.35,11.9,12.115,2294896
07/28/2020,12.01,12.15,11.8784,11.91,1386256
07/29/2020,12.05,12.18,11.67,11.94,1572235
07/30/2020,11.7,11.83,11.2643,11.51,1603566
07/31/2020,11.86,12.15,11.61,11.95,2041715
08/03/2020,12.05,12.18,11.66,12.03,1363757
08/04/2020,11.83,12.215,11.71,12.2,2422643
08/05/2020,12.4,12.65,12.34,12.43,2586176
08/06/2020,12.5,12.56,12.28,12.47,1773716
08/07/2020,12.34,12.44,12.05,12.25,1190687
08/10/2020,12.2,12.65,12.18,12.3098,1537010
08/11/2020,11.9,12.2,11.56,11.66,2668402
08/12/2020,11.95,12.59,11.93,12,2390792
08/13/2020,12.44,12.52,12.12,12.26,1615119
08/14/2020,12.2,12.2878,11.9,12.22,812076
08/17/2020,12.73,13.33,12.5763,13.33,1673540
08/18/2020,13.6,13.6616,13.02,13.38,1796113
08/19/2020,13.43,13.48,13.08,13.245,1669004
08/20/2020,13.18,13.44,13.03,13.3,1549260
08/21/2020,13.12,13.19,12.64,12.71,1308222
08/24/2020,12.76,12.91,12.3,12.52,1633195
08/25/2020,12.49,12.65,12.09,12.45,1315506
08/26/2020,12.46,12.99,12.34,12.895,1583731
08/27/2020,13.02,13.11,12.08,12.57,1934928
08/28/2020,12.75,12.98,12.68,12.95,959606
08/31/2020,13,13.3,12.96,13.12,1228662
09/01/2020,13.39,13.39,12.84,13.13,936358
09/02/2020,12.96,12.99,12.445,12.96,1155993
09/03/2020,12.77,12.82,12.21,12.71,1411438
09/04/2020,12.34,12.54,11.47,11.965,3037340
09/08/2020,11.57,11.94,11.02,11.61,2926426
09/09/2020,11.62,11.99,11.62,11.84,878707
09/10/2020,11.95,12.075,11.62,11.62,1135947
09/11/2020,11.68,11.9398,11.445,11.53,814034
09/14/2020,11.66,12.64,11.64,12.59,2257786
09/15/2020,12.85,12.885,12.32,12.69,1475962
09/16/2020,12.86,13.09,12.57,12.83,1034097
09/17/2020,12.51,12.99,12.5,12.82,923139
09/18/2020,12.85,13.29,12.53,12.61,6507961
09/21/2020,11.9,12.65,11.75,12.32,2370606
09/22/2020,12.4,12.41,11.82,12.09,1443101
09/23/2020,11.9,11.93,11.055,11.2,1537608
09/24/2020,11.03,11.6801,11.02,11.63,1698580
09/25/2020,11.43,11.76,11.321,11.61,845634
09/28/2020,11.63,11.8899,11.43,11.81,1027643
09/29/2020,11.87,11.94,11.675,11.78,745027
09/30/2020,11.64,11.88,11.53,11.695,545784
10/01/2020,11.86,12.06,11.73,11.86,1003153
10/02/2020,11.77,11.89,11.65,11.83,509286
10/05/2020,11.88,12.22,11.87,12.04,803843
10/06/2020,12.12,12.23,11.61,11.62,760278
10/07/2020,11.79,11.9099,11.58,11.64,498045
10/08/2020,11.75,12.0374,11.75,11.92,589302
10/09/2020,12.12,12.86,12.12,12.84,1114189
10/12/2020,12.89,12.93,12.58,12.79,465568
10/13/2020,12.78,12.89,12.46,12.88,672281
10/14/2020,12.97,13.01,12.8,12.94,648117
10/15/2020,12.77,12.91,12.694,12.9,465044
10/16/2020,12.97,13.07,12.76,12.79,655689
10/19/2020,12.92,12.99,12.47,12.47,706678
10/20/2020,12.99,12.99,12.21,12.45,799890
10/21/2020,12.62,12.75,12.4,12.42,572201
10/22/2020,12.23,12.38,12.03,12.19,728841
10/23/2020,12.14,12.17,11.8,11.95,525989
10/26/2020,11.81,12.2035,11.495,11.56,1094768
10/27/2020,11.54,11.74,11.44,11.69,620060
10/28/2020,11.46,11.46,10.635,10.71,1406476
10/29/2020,10.6,10.85,10.58,10.67,711484
10/30/2020,10.77,10.98,10.455,10.67,902937
11/02/2020,10.77,10.88,10.49,10.66,1267643
11/03/2020,10.93,11.185,10.66,11.03,1090837
11/04/2020,11.1,11.1,10.58,10.67,871409
11/05/2020,11.03,11.78,11.03,11.68,1615088
11/06/2020,11.82,11.84,11.43,11.5,1042381
11/09/2020,10.9,11,10.51,10.67,2174263
11/10/2020,10.8,10.87,9.93,9.95,2226470
11/11/2020,10.12,10.175,9.93,10.03,957152
11/12/2020,10.14,10.43,10.07,10.24,993518
11/13/2020,10.77,10.77,10.34,10.4101,868167
11/16/2020,10.55,10.57,10.24,10.39,1202200
11/17/2020,10.38,10.69,10.37,10.51,1062567
11/18/2020,10.59,10.59,10.005,10.03,966592
11/19/2020,9.9,10.1916,9.85,10.1,1108433
11/20/2020,10.26,10.37,10.075,10.13,981199
11/23/2020,10.05,10.1,9.71,9.8,1397685
11/24/2020,9.51,9.82,9.38,9.63,1389415
11/25/2020,9.81,9.95,9.72,9.79,1097425
11/27/2020,9.68,9.86,9.54,9.83,654502
11/30/2020,9.83,9.91,9.61,9.9,821632
12/01/2020,10.2,10.415,10.05,10.34,858839
12/02/2020,10.49,10.65,10.37,10.49,2086119
12/03/2020,10.51,10.55,10.16,10.3,1066431
12/04/2020,10.25,10.295,10.08,10.11,697851
12/07/2020,10.07,10.58,10.05,10.53,1354298
12/08/2020,10.7,10.7,10.34,10.41,613353
12/09/2020,10.3,10.33,9.91,10.09,1040927
12/10/2020,10.14,10.4,9.97,10.11,787532
12/11/2020,10.06,10.11,9.82,9.9,593048
12/14/2020,9.83,10.07,9.82,9.86,667334
12/15/2020,10.01,10.36,10.01,10.32,775128
12/16/2020,10.31,10.4,9.64,10.08,2557933
12/17/2020,10.4,10.64,10.26,10.59,1914472
12/18/2020,10.6,10.66,10.24,10.29,1951162
12/21/2020,10.16,10.56,10.16,10.32,1406117
12/22/2020,10.41,10.43,10.015,10.1,1245590
12/23/2020,10.36,10.53,10.22,10.37,797953
12/24/2020,10.37,10.48,10.28,10.39,322174
12/28/2020,10.5,10.68,10.25,10.27,727990
12/29/2020,10.36,10.43,10.1301,10.32,1102455
12/30/2020,10.31,10.46,10.26,10.44,972607
12/31/2020,10.48,10.53,10.3,10.35,764612
