04/23/2010,10.212,10.574,10.035,10.243,4164808
04/26/2010,10.378,10.384,9.188,10.046,2395254
04/27/2010,10.023,10.132,9.946,10.008,720075
04/28/2010,10.047,10.085,9.814,9.908,560605
04/29/2010,10.031,10.216,9.885,9.969,234592
04/30/2010,10.143,10.143,9.85,9.95,364240
05/03/2010,10.035,10.035,9.834,9.919,596604
05/04/2010,9.827,10.02,9.48,9.788,808528
05/05/2010,9.488,10.066,9.488,10.027,418119
05/06/2010,10.023,10.062,6.947,10.023,1139604
05/07/2010,9.761,10.154,9.678,10.154,624893
05/10/2010,10.187,10.187,9.677,10.06,256038
05/11/2010,10.043,10.05,9.812,10.012,312399
05/12/2010,9.962,10.016,9.846,10.016,253042
05/13/2010,9.942,10.02,9.827,9.835,187749
05/14/2010,9.746,9.746,9.145,9.476,625943
05/17/2010,9.434,9.558,9.295,9.341,342279
05/18/2010,9.342,9.472,9.241,9.372,448364
05/19/2010,9.388,9.542,9.264,9.473,303072
05/20/2010,9.453,9.453,8.692,9.092,900004
05/21/2010,9.245,9.461,8.821,9.091,363683
05/24/2010,9.006,9.446,8.821,9.03,317401
05/25/2010,8.883,8.96,8.298,8.952,239067
05/26/2010,8.86,9.122,8.829,9.022,130845
05/27/2010,9.13,9.469,8.976,9.461,299235
05/28/2010,9.384,9.476,9.253,9.392,35312
06/01/2010,9.395,9.403,9.257,9.326,130765
06/02/2010,9.515,9.669,9.322,9.646,351631
06/03/2010,9.607,9.63,9.523,9.584,231332
06/04/2010,9.553,9.592,9.268,9.268,147340
06/07/2010,9.515,9.53,9.076,9.261,193086
06/08/2010,9.222,9.276,8.906,9.176,165860
06/09/2010,9.097,9.212,8.935,9.124,104817
06/10/2010,9.12,9.328,9.12,9.255,113231
06/11/2010,9.384,9.515,9.145,9.499,162407
06/14/2010,9.584,9.916,9.507,9.892,158359
06/15/2010,9.85,9.95,9.765,9.896,70301
06/16/2010,9.812,9.996,9.765,9.996,116909
06/17/2010,9.904,9.965,9.442,9.719,198484
06/18/2010,9.781,9.842,9.464,9.773,303128
06/21/2010,9.796,9.842,9.49,9.565,168932
06/22/2010,9.523,9.584,9.137,9.345,184068
06/23/2010,9.288,9.449,9.15,9.426,177744
06/24/2010,9.372,9.449,9.072,9.234,168055
06/25/2010,9.276,9.792,9.161,9.615,1859860
06/28/2010,9.284,9.73,9.284,9.515,207116
06/29/2010,9.411,9.549,9.226,9.357,195161
06/30/2010,9.345,9.368,9.168,9.245,147158
07/01/2010,9.218,9.349,9.095,9.311,92941
07/02/2010,9.315,9.438,9.099,9.422,171713
07/06/2010,9.442,9.688,9.088,9.519,188731
07/07/2010,9.561,9.638,9.255,9.6,163391
07/08/2010,9.65,9.881,9.603,9.804,120767
07/09/2010,9.765,9.765,9.411,9.665,101860
07/12/2010,9.619,9.734,9.365,9.496,102229
07/13/2010,9.569,9.631,9.428,9.538,273318
07/14/2010,9.48,9.48,9.249,9.295,114180
07/15/2010,9.268,9.291,8.976,9.276,201927
07/16/2010,9.23,9.284,8.621,8.798,174513
07/19/2010,8.802,8.864,8.633,8.864,92181
07/20/2010,8.783,9.014,8.721,9.014,82102
07/21/2010,9.057,9.057,8.702,8.702,60310
07/22/2010,8.852,8.949,8.744,8.821,169340
07/23/2010,8.787,9.026,8.563,8.995,105743
07/26/2010,8.999,9.083,8.883,9.06,108903
07/27/2010,9.076,9.107,8.737,8.899,92585
07/28/2010,8.895,8.91,8.563,8.741,155132
07/29/2010,8.771,8.925,8.648,8.748,131698
07/30/2010,8.648,8.98,8.61,8.81,86008
08/02/2010,8.937,8.976,8.798,8.976,83096
08/03/2010,8.922,9.657,8.791,9.245,197847
08/04/2010,9.23,9.245,9.076,9.137,95630
08/05/2010,9.103,9.103,8.833,8.864,47449
08/06/2010,8.748,8.785,8.51,8.733,89677
08/09/2010,8.764,8.864,8.694,8.856,54083
08/10/2010,8.76,8.914,8.667,8.852,53792
08/11/2010,8.702,8.702,8.379,8.556,146397
08/12/2010,8.425,8.579,8.425,8.579,81322
08/13/2010,8.56,8.629,8.537,8.606,64188
08/16/2010,8.502,8.972,8.502,8.91,121594
08/17/2010,8.964,9.249,8.841,9.041,140896
08/18/2010,8.956,9.002,8.586,8.803,169712
08/19/2010,8.744,8.768,8.398,8.583,126022
08/20/2010,8.498,8.675,8.452,8.613,44608
08/23/2010,8.698,8.721,8.49,8.536,118407
08/24/2010,8.432,8.71,8.394,8.471,191629
08/25/2010,8.39,8.621,8.375,8.613,140094
08/26/2010,8.617,8.717,8.471,8.579,127681
08/27/2010,8.552,8.687,8.506,8.66,74415
08/30/2010,8.61,8.648,8.525,8.533,63588
08/31/2010,8.49,8.613,8.459,8.544,65112
09/01/2010,8.652,8.691,8.575,8.683,94482
09/02/2010,8.702,8.802,8.602,8.787,125051
09/03/2010,8.875,8.906,8.703,8.821,115388
09/07/2010,8.802,8.802,8.564,8.648,92140
09/08/2010,8.637,8.86,8.521,8.621,148846
09/09/2010,8.698,8.721,8.49,8.567,111071
09/10/2010,8.567,8.698,8.503,8.56,100198
09/13/2010,8.633,8.941,8.586,8.748,265779
09/14/2010,8.764,8.802,8.648,8.687,72502
09/15/2010,8.714,8.822,8.637,8.714,275423
09/16/2010,8.694,8.748,8.648,8.687,112793
09/17/2010,8.791,8.883,8.675,8.821,339587
09/20/2010,8.875,9.207,8.837,9.153,115341
09/21/2010,9.157,9.164,9.01,9.095,78944
09/22/2010,9.064,9.079,8.641,8.725,107013
09/23/2010,8.629,8.706,8.452,8.513,249377
09/24/2010,8.563,8.741,8.509,8.702,139830
09/27/2010,8.683,8.783,8.575,8.783,234848
09/28/2010,8.779,8.81,8.632,8.725,117277
09/29/2010,8.69,8.798,8.628,8.767,54435
09/30/2010,8.771,8.849,8.554,8.74,229351
10/01/2010,8.764,8.764,8.632,8.694,163066
10/04/2010,8.636,8.698,8.605,8.698,76054
10/05/2010,8.736,8.868,8.645,8.814,84745
10/06/2010,8.798,8.892,8.713,8.876,56535
10/07/2010,8.919,8.919,8.756,8.787,80124
10/08/2010,8.814,8.853,8.705,8.806,84550
10/11/2010,8.787,8.802,8.709,8.74,77444
10/12/2010,8.721,8.752,8.698,8.713,59019
10/13/2010,8.729,9.016,8.729,8.915,141291
10/14/2010,8.915,8.946,8.729,8.915,69798
10/15/2010,8.977,9.09,8.853,8.899,96733
10/18/2010,8.926,9.041,8.888,9.004,88654
10/19/2010,9.012,9.299,8.958,9.035,202181
10/20/2010,9.089,9.128,8.872,9.035,121098
10/21/2010,9.089,9.089,8.919,9.027,111201
10/22/2010,9.062,9.28,9.062,9.14,132285
10/25/2010,9.194,9.256,9.055,9.109,36649
10/26/2010,9.031,9.101,8.93,9.008,54531
10/27/2010,8.969,9.132,8.838,9.116,63781
10/28/2010,9.132,9.132,8.946,8.969,37146
10/29/2010,8.923,9,8.853,8.899,48101
11/01/2010,8.896,9.051,8.849,9.004,56810
11/02/2010,9.082,9.12,8.919,9.097,56052
11/03/2010,9.155,9.171,8.984,9.085,27530
11/04/2010,9.225,9.225,9.101,9.155,182874
11/05/2010,9.144,9.307,9.097,9.307,175091
11/08/2010,9.26,9.431,9.237,9.392,58234
11/09/2010,9.322,9.345,9.245,9.299,154061
11/10/2010,9.233,9.311,9.031,9.171,96743
11/11/2010,9.082,9.446,9.082,9.384,115331
11/12/2010,9.295,9.489,9.256,9.38,165058
11/15/2010,9.404,9.559,9.404,9.481,100227
11/16/2010,9.392,9.469,9.221,9.307,109796
11/17/2010,9.357,9.442,9.221,9.311,72665
11/18/2010,9.357,9.388,9.233,9.264,107864
11/19/2010,9.252,9.369,9.245,9.299,475049
11/22/2010,9.252,9.268,9.145,9.229,94308
11/23/2010,9.12,9.407,9.113,9.183,63620
11/24/2010,9.272,9.326,9.158,9.303,90951
11/26/2010,9.202,9.318,9.186,9.264,30581
11/29/2010,9.19,9.299,9.074,9.299,93254
11/30/2010,9.217,9.311,8.969,8.969,257565
12/01/2010,9.097,9.144,9.02,9.043,71084
12/02/2010,9.093,9.28,8.954,9.171,126749
12/03/2010,9.101,9.14,8.923,9.07,123316
12/06/2010,9.031,9.349,9.008,9.124,84459
12/07/2010,9.167,9.237,8.919,9.074,113876
12/08/2010,9.124,9.272,9.023,9.241,145566
12/09/2010,9.268,9.268,9.082,9.206,103541
12/10/2010,9.276,9.454,9.206,9.415,79943
12/13/2010,9.423,9.423,9.268,9.283,99593
12/14/2010,9.252,9.462,9.252,9.446,228147
12/15/2010,9.4,9.788,9.4,9.718,176916
12/16/2010,9.687,9.788,9.485,9.788,96927
12/17/2010,9.819,9.842,9.624,9.811,211174
12/20/2010,9.846,9.885,9.745,9.877,136415
12/21/2010,9.885,10.001,9.768,9.955,106868
12/22/2010,9.974,9.99,9.687,9.733,76268
12/23/2010,9.73,9.792,9.66,9.699,65167
12/27/2010,9.633,9.78,9.516,9.524,52488
12/28/2010,9.532,9.555,9.19,9.291,159768
12/29/2010,9.338,9.518,9.26,9.409,171490
12/30/2010,9.377,9.518,9.377,9.456,94325
12/31/2010,9.413,9.538,9.099,9.491,166946
01/03/2011,9.538,9.773,9.538,9.758,121054
01/04/2011,9.797,10.008,9.734,9.977,106669
01/05/2011,9.953,10.047,9.867,9.993,81993
01/06/2011,9.989,10.051,9.863,10.02,45350
01/07/2011,10.087,10.087,9.922,10.055,35149
01/10/2011,10.028,10.075,9.989,10.028,23986
01/11/2011,9.949,10.106,9.871,9.879,124873
01/12/2011,9.965,10.044,9.902,10.036,29377
01/13/2011,10.04,10.04,9.891,10,40167
01/14/2011,10.032,10.338,9.898,10.29,147664
01/18/2011,10.271,10.357,10.232,10.302,62116
01/19/2011,10.251,10.361,10.204,10.345,98764
01/20/2011,10.318,10.326,10.177,10.286,54282
01/21/2011,10.283,10.345,10.181,10.228,99860
01/24/2011,10.243,10.314,10.236,10.314,41356
01/25/2011,10.247,10.247,10.051,10.098,321883
01/26/2011,10.149,10.181,10.04,10.11,148023
01/27/2011,10.106,10.138,9.942,9.996,180628
01/28/2011,9.993,10.047,9.906,9.993,302632
01/31/2011,10.063,10.134,9.938,10.008,134592
02/01/2011,10.032,10.032,9.961,10.016,57365
02/02/2011,9.973,10.091,9.945,9.996,44427
02/03/2011,10,10.071,9.945,9.993,31463
02/04/2011,10.043,10.145,9.996,10.083,47355
02/07/2011,10.051,10.2,9.926,10.138,45302
02/08/2011,10.153,10.153,9.926,10.012,31541
02/09/2011,9.973,10.114,9.965,10.044,21373
02/10/2011,10.044,10.161,9.895,10.028,26911
02/11/2011,10.036,10.083,10.004,10.075,11266
02/14/2011,10.063,10.063,9.993,10.024,23496
02/15/2011,9.996,10.137,9.879,9.996,182475
02/16/2011,9.989,10.012,9.934,9.981,96452
02/17/2011,9.997,9.997,9.863,9.879,78752
02/18/2011,9.879,10.051,9.801,9.902,48006
02/22/2011,9.879,9.934,9.785,9.808,36051
02/23/2011,9.828,9.875,9.491,9.507,78961
02/24/2011,9.483,9.569,9.248,9.538,68572
02/25/2011,9.522,9.569,9.444,9.522,36383
02/28/2011,9.589,9.714,9.436,9.573,97647
03/01/2011,9.577,9.577,9.334,9.342,86723
03/02/2011,9.307,9.448,9.103,9.416,80074
03/03/2011,9.464,9.675,9.409,9.66,28406
03/04/2011,9.616,9.663,9.539,9.593,33997
03/07/2011,9.577,9.616,9.334,9.389,45742
03/08/2011,9.373,9.671,9.373,9.64,29790
03/09/2011,9.652,9.707,9.581,9.62,22692
03/10/2011,9.577,9.577,9.193,9.217,64693
03/11/2011,9.228,9.291,9.166,9.26,32937
03/14/2011,9.225,9.272,9.021,9.146,29744
03/15/2011,9.127,9.142,8.892,9.087,46641
03/16/2011,9.036,9.091,8.982,9.052,36338
03/17/2011,9.103,9.181,9.064,9.174,43912
03/18/2011,9.252,9.252,9.134,9.197,63001
03/21/2011,9.279,9.368,9.248,9.326,27502
03/22/2011,9.369,9.369,9.213,9.275,25197
03/23/2011,9.303,9.35,9.177,9.24,44821
03/24/2011,9.273,9.313,9.179,9.199,66235
03/25/2011,9.24,9.287,9.13,9.185,99119
03/28/2011,9.225,9.319,9.185,9.185,36371
03/29/2011,9.185,9.32,9.185,9.241,468407
03/30/2011,9.237,9.514,9.229,9.269,212171
03/31/2011,9.296,9.368,9.241,9.336,163687
04/01/2011,9.399,9.407,9.169,9.281,52931
04/04/2011,9.312,9.368,9.312,9.36,27064
04/05/2011,9.334,9.37,9.219,9.338,22690
04/06/2011,9.364,9.443,9.3,9.396,109207
04/07/2011,9.392,9.392,9.27,9.352,39981
04/08/2011,9.332,9.356,9.197,9.229,58021
04/11/2011,9.277,9.53,9.277,9.356,68343
04/12/2011,9.3,9.3,9.15,9.213,60679
04/13/2011,9.213,9.3,9.213,9.237,38249
04/14/2011,9.233,9.296,9.177,9.28,134180
04/15/2011,9.241,9.368,9.233,9.36,116427
04/18/2011,9.265,9.288,9.225,9.265,34918
04/19/2011,9.193,9.241,9.058,9.114,82641
04/20/2011,9.189,9.228,9.11,9.173,34064
04/21/2011,9.221,9.229,9.165,9.213,77054
04/25/2011,9.173,9.237,9.094,9.205,50818
04/26/2011,9.257,9.288,9.154,9.241,94716
04/27/2011,9.229,9.364,9.205,9.237,60562
04/28/2011,9.273,9.415,9.241,9.384,67287
04/29/2011,9.439,9.463,9.36,9.423,37606
05/02/2011,9.475,9.475,9.158,9.213,110808
05/03/2011,9.162,9.273,9.162,9.241,69601
05/04/2011,9.241,9.352,9.185,9.217,62224
05/05/2011,9.15,9.316,9.102,9.165,54610
05/06/2011,9.32,9.384,9.201,9.249,51122
05/09/2011,9.273,9.304,9.209,9.257,56752
05/10/2011,9.257,9.328,9.233,9.328,47591
05/11/2011,9.328,9.447,9.288,9.407,47287
05/12/2011,9.368,9.503,9.28,9.487,30708
05/13/2011,9.507,9.538,9.427,9.53,62773
05/16/2011,9.514,9.594,9.396,9.403,44709
05/17/2011,9.396,9.499,9.34,9.443,34286
05/18/2011,9.423,9.55,9.36,9.55,31903
05/19/2011,9.594,9.76,9.475,9.729,63702
05/20/2011,9.681,9.681,9.237,9.364,76192
05/23/2011,9.277,9.388,9.213,9.34,42869
05/24/2011,9.332,9.435,9.197,9.245,60919
05/25/2011,9.221,9.396,9.221,9.348,16954
05/26/2011,9.312,9.407,9.273,9.399,15382
05/27/2011,9.431,9.431,9.292,9.415,25503
05/31/2011,9.435,9.633,9.324,9.625,49379
06/01/2011,9.57,9.57,9.221,9.261,59414
06/02/2011,9.28,9.288,9.162,9.217,42381
06/03/2011,9.134,9.245,9.118,9.189,76957
06/06/2011,9.193,9.265,9.154,9.193,53868
06/07/2011,9.237,9.395,9.205,9.269,27895
06/08/2011,9.253,9.38,9.229,9.372,23710
06/09/2011,9.427,9.641,9.324,9.539,36727
06/10/2011,9.511,9.614,9.241,9.415,70320
06/13/2011,9.447,9.621,9.423,9.495,53600
06/14/2011,9.538,9.745,9.475,9.562,101551
06/15/2011,9.467,9.506,9.293,9.396,75799
06/16/2011,9.419,9.713,9.406,9.554,61214
06/17/2011,9.598,9.673,9.368,9.384,77686
06/20/2011,9.364,9.61,9.308,9.499,106427
06/21/2011,9.526,9.566,9.392,9.479,38151
06/22/2011,9.427,9.483,9.411,9.427,72107
06/23/2011,8.903,8.959,8.556,8.706,789881
06/24/2011,8.967,9.03,8.832,8.84,4101158
06/27/2011,8.836,8.9,8.781,8.86,361995
06/28/2011,8.883,8.956,8.803,8.893,381089
06/29/2011,8.9,8.973,8.844,8.941,336200
06/30/2011,8.941,8.957,8.868,8.868,239828
07/01/2011,8.949,8.989,8.844,8.86,256447
07/05/2011,8.888,8.92,8.76,8.856,166998
07/06/2011,8.864,8.937,8.792,8.888,181093
07/07/2011,8.924,9.013,8.892,8.997,153684
07/08/2011,8.812,9.206,8.812,9.174,190621
07/11/2011,9.085,9.166,8.957,8.965,95461
07/12/2011,8.969,9.13,8.936,9.033,206764
07/13/2011,9.049,9.202,9.017,9.194,252398
07/14/2011,9.242,9.242,8.983,9.049,131716
07/15/2011,9.093,9.166,9.013,9.109,121477
07/18/2011,9.093,9.182,8.991,9.174,179806
07/19/2011,9.19,9.246,9.102,9.238,85936
07/20/2011,9.226,9.242,9.154,9.226,201541
07/21/2011,9.254,9.254,9.101,9.214,203888
07/22/2011,9.25,9.314,9.097,9.266,98604
07/25/2011,9.214,9.238,9.109,9.206,195662
07/26/2011,9.23,9.527,9.101,9.399,701914
07/27/2011,9.343,9.455,9.31,9.351,511826
07/28/2011,9.322,9.354,9.017,9.266,224813
07/29/2011,9.17,9.338,9.041,9.226,1743526
08/01/2011,9.29,9.29,9.081,9.154,469178
08/02/2011,9.101,9.117,8.772,8.804,264852
08/03/2011,8.84,8.88,8.542,8.848,291172
08/04/2011,8.751,8.751,8.31,8.559,352253
08/05/2011,8.619,8.932,8.41,8.82,399179
08/08/2011,8.679,8.719,7.642,7.642,365686
08/09/2011,7.746,8.358,7.61,8.342,466124
08/10/2011,8.128,8.128,7.477,7.493,216537
08/11/2011,7.851,8.165,7.545,7.682,379377
08/12/2011,7.73,7.851,7.474,7.602,142566
08/15/2011,7.694,8.112,7.678,8.104,153313
08/16/2011,8.012,8.366,7.81,8.197,292956
08/17/2011,8.273,8.531,8.08,8.153,376030
08/18/2011,7.964,8.036,7.706,7.907,377518
08/19/2011,7.779,8.024,7.714,7.835,239023
08/22/2011,7.964,8.084,7.61,7.674,1029077
08/23/2011,7.735,8.008,7.702,7.936,337960
08/24/2011,7.907,8.012,7.803,7.988,175326
08/25/2011,8.052,8.108,7.811,7.859,278211
08/26/2011,7.827,7.988,7.73,7.964,177346
08/29/2011,8.004,8.47,7.988,8.398,419740
08/30/2011,8.37,8.804,8.293,8.571,258869
08/31/2011,8.643,8.675,8.418,8.659,301468
09/01/2011,8.647,8.711,8.422,8.454,204341
09/02/2011,8.265,8.37,8.185,8.241,165709
09/06/2011,7.98,8.269,7.948,8.261,95414
09/07/2011,8.341,8.543,8.237,8.518,111021
09/08/2011,8.43,8.543,8.205,8.245,179667
09/09/2011,8.161,8.313,7.968,8.08,148786
09/12/2011,7.936,8.161,7.92,8.161,76838
09/13/2011,8.169,8.169,7.919,8.024,133935
09/14/2011,8.108,8.117,7.907,8.004,245383
09/15/2011,8.068,8.213,7.964,8.205,112779
09/16/2011,8.261,8.486,8.072,8.366,399485
09/19/2011,8.217,8.49,8.161,8.185,157434
09/20/2011,8.249,8.354,8.04,8.04,111831
09/21/2011,8.044,8.269,7.964,8.02,166765
09/22/2011,7.795,8.028,7.715,7.891,144705
09/23/2011,7.911,8.241,7.807,8.209,274213
09/26/2011,8.309,8.35,8.092,8.237,105283
09/27/2011,8.378,8.378,8.153,8.193,135669
09/28/2011,8.176,8.201,7.85,7.866,114559
09/29/2011,8.05,8.123,7.878,8.009,117942
09/30/2011,7.891,7.997,7.793,7.858,169019
10/03/2011,7.809,8.005,7.311,7.319,206569
10/04/2011,7.239,8.224,7.231,8.175,191853
10/05/2011,8.132,8.148,7.821,8.066,108731
10/06/2011,8.07,8.299,8.046,8.266,107358
10/07/2011,8.295,8.475,8.115,8.131,178260
10/10/2011,8.319,8.426,8.107,8.172,173973
10/11/2011,8.103,8.176,8.054,8.119,158848
10/12/2011,8.197,8.344,8.14,8.189,206678
10/13/2011,8.132,8.385,8.066,8.197,150732
10/14/2011,8.295,8.377,8.246,8.319,131046
10/17/2011,8.225,8.283,8.038,8.054,102322
10/18/2011,8.107,8.401,8.082,8.27,173191
10/19/2011,8.25,8.258,8.095,8.176,199550
10/20/2011,8.225,8.258,8.046,8.185,131782
10/21/2011,8.348,8.389,8.152,8.25,169691
10/24/2011,8.299,8.552,8.225,8.479,179829
10/25/2011,8.413,8.413,8.168,8.185,104733
10/26/2011,8.315,8.372,8.103,8.315,143647
10/27/2011,8.593,8.707,8.47,8.658,300307
10/28/2011,8.621,8.695,8.45,8.654,89020
10/31/2011,8.507,8.744,8.491,8.572,95886
11/01/2011,8.238,8.45,8.205,8.303,171261
11/02/2011,8.47,8.577,8.348,8.536,106453
11/03/2011,8.617,8.805,8.372,8.764,125729
11/04/2011,8.728,8.736,8.523,8.662,58218
11/07/2011,8.617,8.772,8.487,8.715,89909
11/08/2011,8.805,8.887,8.642,8.813,175126
11/09/2011,8.593,8.772,8.34,8.356,184325
11/10/2011,8.503,8.642,8.405,8.56,153875
11/11/2011,8.634,8.854,8.568,8.805,145190
11/14/2011,8.74,8.865,8.528,8.642,93055
11/15/2011,8.564,8.866,8.499,8.826,107800
11/16/2011,8.858,9.789,8.752,9.185,1104964
11/17/2011,9.176,9.384,8.932,9.005,520375
11/18/2011,9.021,9.103,8.874,8.923,536868
11/21/2011,8.789,9.026,8.789,8.887,342773
11/22/2011,8.903,8.944,8.797,8.846,349105
11/23/2011,8.764,8.813,8.577,8.626,257845
11/25/2011,8.605,8.809,8.605,8.63,63940
11/28/2011,8.866,8.866,8.548,8.654,396009
11/29/2011,8.666,8.666,8.331,8.478,751723
11/30/2011,8.699,9.034,8.601,8.976,3550563
12/01/2011,8.923,9.038,8.862,8.964,284886
12/02/2011,9.05,9.213,9.05,9.14,269676
12/05/2011,9.297,9.346,9.223,9.317,214845
12/06/2011,9.287,9.523,9.246,9.426,194710
12/07/2011,9.373,9.56,9.226,9.47,239411
12/08/2011,9.54,9.54,9.23,9.254,161921
12/09/2011,9.299,9.577,9.25,9.536,158218
12/12/2011,9.401,9.564,9.311,9.564,133262
12/13/2011,9.621,9.638,9.393,9.417,173321
12/14/2011,9.351,9.686,9.351,9.672,256789
12/15/2011,9.72,9.72,9.581,9.613,191547
12/16/2011,9.679,9.679,9.556,9.63,309242
12/19/2011,9.695,9.711,9.564,9.581,134306
12/20/2011,9.724,9.887,9.658,9.846,220238
12/21/2011,9.838,10.042,9.748,10.026,104718
12/22/2011,10.099,10.148,9.887,9.895,246183
12/23/2011,9.96,10.156,9.83,9.903,112633
12/27/2011,9.903,10.091,9.854,10.026,59886
12/28/2011,10.017,10.265,9.827,9.86,206890
12/29/2011,9.889,10.129,9.848,9.881,83204
12/30/2011,9.852,10.034,9.844,9.918,136155
01/03/2012,10.108,10.183,10.064,10.083,111345
01/04/2012,10.03,10.236,9.988,10.03,80217
01/05/2012,10.001,10.158,9.926,10.108,67298
01/06/2012,10.129,10.204,10.013,10.071,105539
01/09/2012,10.129,10.146,10.03,10.046,75971
01/10/2012,10.125,10.253,10.081,10.166,109187
01/11/2012,10.104,10.22,10.096,10.145,68306
01/12/2012,10.146,10.146,9.806,9.823,144969
01/13/2012,9.707,9.881,9.707,9.872,49066
01/17/2012,9.947,10.121,9.939,10.021,119783
01/18/2012,9.988,10.183,9.98,10.096,102568
01/19/2012,10.054,10.096,9.881,9.922,67734
01/20/2012,9.897,9.939,9.864,9.922,85808
01/23/2012,9.926,10.034,9.877,10.025,133267
01/24/2012,9.947,10.17,9.881,10.137,78543
01/25/2012,10.137,10.468,10.054,10.452,97271
01/26/2012,10.472,10.629,10.257,10.629,161821
01/27/2012,10.563,10.646,10.348,10.365,127977
01/30/2012,10.299,10.505,10.274,10.48,83263
01/31/2012,10.551,10.584,10.418,10.501,137361
02/01/2012,10.567,10.774,10.526,10.675,135997
02/02/2012,10.72,10.828,10.464,10.464,131199
02/03/2012,10.58,10.878,10.563,10.853,154877
02/06/2012,10.799,10.799,10.253,10.551,134168
02/07/2012,10.584,10.7,10.493,10.584,84018
02/08/2012,10.555,10.712,10.53,10.712,74446
02/09/2012,10.7,10.7,10.427,10.443,53640
02/10/2012,10.327,10.443,10.228,10.236,38974
02/13/2012,10.356,10.538,10.356,10.447,83624
02/14/2012,10.452,10.485,10.228,10.319,45424
02/15/2012,10.373,10.381,10.174,10.183,59907
02/16/2012,10.146,10.352,10.022,10.352,107102
02/17/2012,10.373,10.547,10.307,10.34,137475
02/21/2012,10.34,10.34,10.133,10.199,66852
02/22/2012,10.15,10.169,9.777,9.827,137303
02/23/2012,9.856,10.146,9.815,10.137,90121
02/24/2012,10.108,10.216,10.059,10.166,256712
02/27/2012,10.092,10.166,9.926,10.067,80654
02/28/2012,10.075,10.15,9.943,10.026,104847
02/29/2012,10.096,10.179,9.848,9.905,249092
03/01/2012,9.839,10.079,9.839,9.856,187583
03/02/2012,9.79,9.881,9.558,9.591,310387
03/05/2012,9.533,9.732,9.533,9.691,122371
03/06/2012,9.608,9.757,9.608,9.633,240215
03/07/2012,9.645,9.703,9.554,9.637,72563
03/08/2012,9.682,9.715,9.484,9.616,464603
03/09/2012,9.604,9.926,9.587,9.91,162878
03/12/2012,9.959,10.001,9.893,9.943,66131
03/13/2012,10.005,10.228,9.991,10.203,109719
03/14/2012,10.207,10.207,9.968,10.067,84645
03/15/2012,10.096,10.187,9.972,10.112,118160
03/16/2012,10.166,10.315,10.125,10.265,234783
03/19/2012,10.27,10.51,10.261,10.418,103024
03/20/2012,10.323,10.381,10.265,10.274,58248
03/21/2012,10.311,10.485,10.187,10.385,93437
03/22/2012,10.282,10.307,10.083,10.29,172136
03/23/2012,10.294,10.567,10.269,10.559,144881
03/26/2012,10.667,10.683,10.46,10.518,159210
03/27/2012,10.497,10.547,10.34,10.356,115794
03/28/2012,10.367,10.443,10.058,10.443,103621
03/29/2012,10.392,10.46,10.141,10.183,150948
03/30/2012,10.246,10.262,10.128,10.128,162591
04/02/2012,10.149,10.376,10.107,10.359,114334
04/03/2012,10.351,10.443,10.21,10.284,92454
04/04/2012,10.216,10.233,10.099,10.141,80070
04/05/2012,10.091,10.178,10.091,10.116,38811
04/09/2012,9.936,10.019,9.835,9.86,108323
04/10/2012,9.869,9.869,9.592,9.693,153904
04/11/2012,9.776,9.902,9.735,9.894,68146
04/12/2012,9.89,10.015,9.839,9.94,63452
04/13/2012,9.885,9.885,9.735,9.751,68715
04/16/2012,9.789,9.913,9.705,9.714,70402
04/17/2012,9.814,9.982,9.814,9.881,65175
04/18/2012,9.81,9.86,9.642,9.659,67404
04/19/2012,9.693,9.751,9.567,9.693,86082
04/20/2012,9.814,9.932,9.613,9.873,91394
04/23/2012,9.714,9.956,9.689,9.839,99071
04/24/2012,9.852,10.011,9.693,10.003,66214
04/25/2012,10.128,10.212,10.061,10.128,80402
04/26/2012,10.087,10.145,9.885,10.087,39349
04/27/2012,10.154,10.313,9.919,10.179,55683
04/30/2012,10.162,10.196,10.011,10.045,77142
05/01/2012,10.011,10.221,9.844,9.911,91686
05/02/2012,9.823,9.965,9.747,9.848,100691
05/03/2012,9.869,10.061,9.634,9.668,121300
05/04/2012,9.638,9.672,9.504,9.571,140203
05/07/2012,9.579,9.823,9.563,9.772,94094
05/08/2012,9.684,9.91,9.542,9.81,153746
05/09/2012,9.709,9.877,9.709,9.802,153508
05/10/2012,9.986,10.154,9.76,9.827,148229
05/11/2012,9.739,9.982,9.739,9.865,100059
05/14/2012,9.793,9.969,9.793,9.86,69292
05/15/2012,9.848,9.957,9.831,9.898,51161
05/16/2012,9.952,10.086,9.76,9.793,118941
05/17/2012,9.776,9.835,9.475,9.542,159344
05/18/2012,9.504,9.672,9.119,9.169,189608
05/21/2012,9.227,9.404,9.194,9.311,127801
05/22/2012,9.29,9.399,9.131,9.341,166212
05/23/2012,9.244,9.63,9.244,9.605,129502
05/24/2012,9.613,9.722,9.366,9.722,108671
05/25/2012,9.751,9.751,9.558,9.701,47256
05/29/2012,9.768,9.785,9.533,9.709,40442
05/30/2012,9.596,9.68,9.504,9.546,78346
05/31/2012,9.538,9.848,9.471,9.797,307424
06/01/2012,9.584,9.751,9.274,9.349,132330
06/04/2012,9.366,9.651,9.366,9.626,126889
06/05/2012,9.579,9.73,9.504,9.68,173208
06/06/2012,9.726,9.793,9.667,9.743,196496
06/07/2012,9.894,9.894,9.642,9.718,198297
06/08/2012,9.697,9.781,9.638,9.672,137478
06/11/2012,9.793,9.802,9.458,9.475,188890
06/12/2012,9.554,9.688,9.429,9.605,103648
06/13/2012,9.563,9.688,9.362,9.378,234581
06/14/2012,9.357,9.508,9.357,9.391,212673
06/15/2012,9.408,9.542,9.391,9.45,386674
06/18/2012,9.399,9.693,9.374,9.634,675674
06/19/2012,9.659,9.86,9.651,9.785,144841
06/20/2012,9.772,9.856,9.697,9.755,58842
06/21/2012,9.743,9.776,9.575,9.617,84146
06/22/2012,9.668,9.751,9.483,9.617,564112
06/25/2012,9.479,9.563,9.429,9.471,73956
06/26/2012,9.487,9.672,9.445,9.663,108270
06/27/2012,9.704,9.764,9.585,9.738,145496
06/28/2012,9.662,9.886,9.628,9.866,100893
06/29/2012,10.074,10.184,9.972,10.167,138781
07/02/2012,10.172,10.257,10.01,10.206,107909
07/03/2012,10.257,10.291,10.155,10.282,57660
07/05/2012,10.252,10.286,10.142,10.227,72162
07/06/2012,10.104,10.282,10.104,10.248,65123
07/09/2012,10.206,10.291,10.18,10.248,50655
07/10/2012,10.337,10.337,10.125,10.218,67620
07/11/2012,10.257,10.265,10.18,10.24,81597
07/12/2012,10.189,10.294,10.138,10.282,73326
07/13/2012,10.286,10.371,10.176,10.329,284499
07/16/2012,10.346,10.465,10.295,10.439,248197
07/17/2012,10.529,10.728,10.418,10.699,93749
07/18/2012,10.682,10.716,10.554,10.605,65505
07/19/2012,10.597,10.614,10.427,10.452,42224
07/20/2012,10.384,10.384,10.248,10.359,69051
07/23/2012,10.227,10.32,10.167,10.167,46672
07/24/2012,10.214,10.223,10.044,10.138,169277
07/25/2012,10.167,10.227,10.006,10.193,100150
07/26/2012,10.333,10.393,10.163,10.265,83601
07/27/2012,10.308,10.622,10.282,10.58,82950
07/30/2012,10.575,10.618,10.499,10.55,26949
07/31/2012,10.516,10.575,10.397,10.405,44315
08/01/2012,10.394,10.394,10.057,10.057,87433
08/02/2012,10.014,10.218,9.828,10.099,68339
08/03/2012,10.206,10.274,9.968,10.163,106024
08/06/2012,10.159,10.261,10.125,10.193,62117
08/07/2012,10.236,10.261,10.065,10.074,52855
08/08/2012,10.023,10.184,9.836,9.853,86350
08/09/2012,9.815,9.874,9.679,9.747,197188
08/10/2012,9.759,9.836,9.666,9.708,81123
08/13/2012,9.696,9.764,9.594,9.679,63024
08/14/2012,9.764,9.815,9.721,9.772,149296
08/15/2012,9.759,9.844,9.759,9.844,92099
08/16/2012,9.883,10.078,9.866,10.036,166940
08/17/2012,10.027,10.095,10.027,10.078,108387
08/20/2012,10.044,10.078,10.01,10.053,89673
08/21/2012,10.07,10.121,10.044,10.053,157151
08/22/2012,10.065,10.074,9.946,9.98,115413
08/23/2012,9.98,10.057,9.904,9.921,72857
08/24/2012,9.946,10.037,9.87,9.997,61803
08/27/2012,10.04,10.048,9.955,10.014,112448
08/28/2012,10.053,10.087,9.993,10.027,93714
08/29/2012,10.014,10.061,9.98,10.04,148796
08/30/2012,10.006,10.048,9.929,10.014,53497
08/31/2012,10.082,10.091,9.904,9.989,579670
09/04/2012,10.002,10.072,9.908,10.07,150976
09/05/2012,10.108,10.108,9.963,9.98,83582
09/06/2012,10.01,10.07,9.993,10.036,168996
09/07/2012,10.095,10.095,9.917,9.942,169852
09/10/2012,9.912,10.014,9.887,9.938,100502
09/11/2012,9.951,10.002,9.9,9.993,71182
09/12/2012,10.01,10.036,9.866,9.883,159970
09/13/2012,9.891,10.027,9.891,9.985,172934
09/14/2012,9.989,10.133,9.989,10.057,120455
09/17/2012,10.031,10.108,10.029,10.091,98638
09/18/2012,10.07,10.146,10.027,10.095,100010
09/19/2012,10.104,10.138,10.036,10.061,177034
09/20/2012,10.01,10.036,9.917,10.019,72374
09/21/2012,10.078,10.172,10.019,10.163,262400
09/24/2012,10.142,10.278,10.125,10.15,126256
09/25/2012,10.202,10.253,9.938,9.938,159518
09/26/2012,10.07,10.087,9.992,10.027,173583
09/27/2012,10.044,10.13,9.983,10.044,131183
09/28/2012,9.983,10.07,9.846,9.846,96464
10/01/2012,9.91,10.065,9.841,9.953,86705
10/02/2012,10.052,10.113,9.871,10.104,65359
10/03/2012,10.126,10.29,10.065,10.134,96304
10/04/2012,10.182,10.199,9.901,9.983,253185
10/05/2012,10.009,10.13,9.992,10.044,34669
10/08/2012,10.035,10.19,9.975,10.13,27676
10/09/2012,10.139,10.216,10.087,10.199,85542
10/10/2012,10.182,10.363,10.096,10.354,98265
10/11/2012,10.393,10.402,10.315,10.35,43333
10/12/2012,10.341,10.583,10.333,10.514,91722
10/15/2012,10.546,10.587,10.494,10.55,73717
10/16/2012,10.596,10.673,10.527,10.656,123423
10/17/2012,10.647,10.777,10.544,10.656,105696
10/18/2012,10.738,10.936,10.738,10.833,184501
10/19/2012,10.742,10.863,10.604,10.656,203786
10/22/2012,10.66,10.669,10.565,10.626,95636
10/23/2012,10.583,10.721,10.565,10.695,94315
10/24/2012,10.716,10.742,10.647,10.69,58159
10/25/2012,10.514,10.652,10.298,10.591,4308574
10/26/2012,10.574,10.652,10.436,10.626,449515
10/31/2012,10.703,10.703,10.479,10.6,284628
11/01/2012,10.591,10.66,10.488,10.557,191413
11/02/2012,10.613,10.621,10.492,10.596,237298
11/05/2012,10.57,10.604,10.389,10.527,188076
11/06/2012,10.544,10.578,10.423,10.544,134080
11/07/2012,10.432,10.509,10.311,10.432,204616
11/08/2012,10.561,10.561,9.837,10.147,378314
11/09/2012,10.048,10.272,9.841,10.16,301410
11/12/2012,10.052,10.423,9.717,10.13,98067
11/13/2012,10.046,10.089,9.943,10.068,106426
11/14/2012,10.07,10.078,9.828,9.906,329762
11/15/2012,9.91,9.945,9.768,9.815,173867
11/16/2012,9.777,9.966,9.535,9.966,266575
11/19/2012,10.001,10.096,9.949,10.035,107836
11/20/2012,10.001,10.061,9.966,10.044,97243
11/21/2012,10.052,10.259,9.975,10.251,396329
11/23/2012,10.251,10.277,10.169,10.259,82194
11/26/2012,10.229,10.436,10.186,10.393,309393
11/27/2012,10.358,10.393,10.264,10.384,158732
11/28/2012,10.361,10.395,10.24,10.33,402942
11/29/2012,10.393,10.445,10.298,10.324,244629
11/30/2012,10.358,10.376,10.178,10.264,270762
12/03/2012,10.307,10.341,10.221,10.333,105576
12/04/2012,10.32,10.57,10.32,10.518,122639
12/05/2012,10.557,10.634,10.498,10.54,147759
12/06/2012,10.583,10.729,10.505,10.721,147175
12/07/2012,10.742,10.889,10.664,10.742,302500
12/10/2012,10.734,10.785,10.604,10.647,138647
12/11/2012,10.69,10.88,10.69,10.768,220739
12/12/2012,10.785,10.854,10.708,10.725,126707
12/13/2012,10.712,10.712,10.479,10.557,88353
12/14/2012,10.565,10.867,10.565,10.772,388325
12/17/2012,10.794,10.863,10.751,10.837,231064
12/18/2012,10.828,11.061,10.794,10.992,191995
12/19/2012,11.005,11.096,10.695,10.884,319009
12/20/2012,10.889,10.984,10.811,10.984,344104
12/21/2012,10.928,11.16,10.859,11.143,1568997
12/24/2012,11.134,11.134,10.634,11.014,157475
12/26/2012,10.953,11.074,10.695,10.798,194786
12/27/2012,10.844,10.914,10.521,10.809,211708
12/28/2012,10.796,10.877,10.699,10.761,91134
12/31/2012,10.77,11.085,10.7,11.067,214773
01/02/2013,11.237,11.351,11.115,11.237,284622
01/03/2013,11.161,11.292,11.161,11.218,163690
01/04/2013,11.286,11.329,11.181,11.224,118819
01/07/2013,11.163,11.251,11.155,11.163,161410
01/08/2013,11.163,11.216,11.128,11.181,110455
01/09/2013,11.22,11.281,11.141,11.203,183084
01/10/2013,11.12,11.12,10.133,10.989,172646
01/11/2013,11.019,11.037,10.836,10.906,137055
01/14/2013,10.923,11.028,10.827,10.871,199985
01/15/2013,10.871,10.923,10.818,10.836,161669
01/16/2013,10.836,10.888,10.766,10.809,368099
01/17/2013,10.871,10.948,10.809,10.871,217651
01/18/2013,10.897,10.984,10.827,10.836,161781
01/22/2013,10.875,10.927,10.875,10.91,122579
01/23/2013,10.932,10.975,10.888,10.888,111439
01/24/2013,10.927,10.945,10.753,10.84,461154
01/25/2013,10.884,10.884,10.779,10.866,114447
01/28/2013,10.858,10.927,10.823,10.927,453308
01/29/2013,10.897,10.958,10.897,10.923,448281
01/30/2013,10.884,10.994,10.831,10.901,110265
01/31/2013,10.932,11.028,10.862,10.993,356035
02/01/2013,11.01,11.063,10.958,11.045,222252
02/04/2013,11.015,11.05,10.892,10.919,148799
02/05/2013,10.962,11.039,10.875,10.919,947081
02/06/2013,10.862,10.888,10.748,10.879,375197
02/07/2013,10.892,10.927,10.805,10.919,138822
02/08/2013,10.923,11.028,10.897,11.019,80861
02/11/2013,11.058,11.058,10.84,11.023,194903
02/12/2013,11.006,11.172,11.006,11.137,880693
02/13/2013,11.124,11.255,11.019,11.246,110045
02/14/2013,11.203,11.246,11.15,11.15,46136
02/15/2013,11.189,11.242,11.137,11.207,141059
02/19/2013,11.198,11.312,11.163,11.207,70640
02/20/2013,11.203,11.272,11.037,11.045,167296
02/21/2013,11.041,11.111,10.91,10.962,95310
02/22/2013,11.023,11.085,10.965,11.085,87042
02/25/2013,11.133,11.185,10.775,10.783,176810
02/26/2013,10.844,10.901,10.635,10.801,116520
02/27/2013,10.827,11.08,10.792,11.019,102717
02/28/2013,10.971,11.085,10.526,11.015,219795
03/01/2013,10.993,11.124,10.844,11.124,202425
03/04/2013,11.144,11.24,11.135,11.209,123404
03/05/2013,11.277,11.591,11.277,11.583,231597
03/06/2013,11.602,11.751,11.454,11.729,240207
03/07/2013,11.735,11.945,11.648,11.735,313679
03/08/2013,11.77,11.788,11.692,11.77,194461
03/11/2013,11.722,11.81,11.67,11.722,307373
03/12/2013,11.694,11.773,11.668,11.716,172624
03/13/2013,11.768,11.855,11.602,11.851,239591
03/14/2013,11.879,12.151,11.879,12.098,177826
03/15/2013,12.05,12.05,11.901,12.032,373488
03/18/2013,11.98,12.006,11.928,11.962,165614
03/19/2013,11.958,12.002,11.705,11.775,124607
03/20/2013,11.762,11.858,11.7,11.849,73404
03/21/2013,11.775,12.054,11.775,11.914,234991
03/22/2013,11.936,11.945,11.814,11.858,112905
03/25/2013,11.858,12.015,11.744,11.997,226284
03/26/2013,12.046,12.311,11.975,12.073,267059
03/27/2013,11.984,12.042,11.94,11.993,165081
03/28/2013,12.033,12.086,11.944,12.068,280501
04/01/2013,12.099,12.117,11.869,12.081,123047
04/02/2013,12.112,12.21,11.98,12.006,98012
04/03/2013,12.033,12.068,11.767,11.812,316266
04/04/2013,11.834,12.055,11.613,12.037,112295
04/05/2013,11.891,12.192,11.891,12.174,754618
04/08/2013,12.238,12.247,12.123,12.243,385042
04/09/2013,12.298,12.307,12.121,12.298,196900
04/10/2013,12.307,12.457,12.245,12.448,180489
04/11/2013,12.466,12.563,12.431,12.502,140794
04/12/2013,12.435,12.701,12.435,12.701,218510
04/15/2013,12.661,12.669,12.351,12.395,352238
04/16/2013,12.471,12.674,12.347,12.577,462700
04/17/2013,12.524,12.683,12.32,12.497,309588
04/18/2013,12.555,12.59,12.431,12.466,240130
04/19/2013,12.484,12.917,12.484,12.9,252837
04/22/2013,12.953,12.961,12.643,12.882,114685
04/23/2013,12.961,12.961,12.802,12.899,110969
04/24/2013,12.944,13.121,12.811,13.085,106874
04/25/2013,13.129,13.262,13.129,13.138,74296
04/26/2013,13.156,13.231,13.103,13.138,145556
04/29/2013,13.213,13.373,13.125,13.355,84030
04/30/2013,13.404,13.625,13.368,13.466,328253
05/01/2013,13.448,13.501,12.882,12.917,253934
05/02/2013,13.059,13.129,12.599,13.014,213326
05/03/2013,13.147,13.227,13.059,13.191,160089
05/06/2013,13.24,13.355,13.187,13.311,73668
05/07/2013,13.373,13.505,13.302,13.364,253726
05/08/2013,13.39,13.426,13.187,13.346,196640
05/09/2013,13.39,13.399,13.231,13.293,122944
05/10/2013,13.368,13.51,13.342,13.421,77568
05/13/2013,13.505,13.603,13.408,13.461,190567
05/14/2013,13.187,13.47,12.736,13.373,298341
05/15/2013,13.315,13.351,13.023,13.174,300996
05/16/2013,13.209,13.289,13.137,13.218,245063
05/17/2013,13.284,13.496,13.253,13.399,285320
05/20/2013,13.412,13.473,13.333,13.404,93307
05/21/2013,13.435,13.532,13.32,13.399,156084
05/22/2013,13.426,13.567,13.152,13.214,447451
05/23/2013,13.081,13.081,12.833,12.984,159279
05/24/2013,12.957,12.957,12.763,12.922,116118
05/28/2013,13.094,13.112,12.776,12.997,179202
05/29/2013,12.97,12.97,12.263,12.493,176143
05/30/2013,12.546,12.594,12.325,12.351,81654
05/31/2013,12.28,12.342,11.679,11.812,779848
06/03/2013,11.785,12.121,11.679,12.112,326103
06/04/2013,12.121,12.148,11.714,11.732,263170
06/05/2013,11.741,11.794,11.538,11.617,143030
06/06/2013,11.644,11.891,11.564,11.882,162882
06/07/2013,11.966,11.966,11.692,11.807,243954
06/10/2013,11.869,11.869,11.683,11.754,109227
06/11/2013,11.661,11.847,11.564,11.829,187247
06/12/2013,11.913,11.913,11.683,11.745,218908
06/13/2013,11.71,12.17,11.701,12.099,219468
06/14/2013,12.086,12.201,11.971,12.015,142161
06/17/2013,12.046,12.161,11.913,12.011,108375
06/18/2013,12.064,12.09,11.851,12.011,172826
06/19/2013,12.033,12.033,11.697,11.741,82251
06/20/2013,11.644,11.644,11.175,11.263,196723
06/21/2013,11.303,11.347,11.1,11.1,499625
06/24/2013,10.998,11.069,10.724,10.883,336737
06/25/2013,10.985,10.994,10.649,10.746,474943
06/26/2013,10.885,10.912,10.768,10.876,160117
06/27/2013,10.952,11.338,10.952,11.329,296999
06/28/2013,11.324,11.54,11.253,11.495,372365
07/01/2013,11.603,11.603,11.253,11.306,156025
07/02/2013,11.333,11.621,11.324,11.603,192480
07/03/2013,11.598,11.742,11.472,11.733,202254
07/05/2013,11.863,11.872,11.432,11.764,163365
07/08/2013,11.777,11.867,11.625,11.733,254945
07/09/2013,11.791,12.042,11.737,11.943,135842
07/10/2013,11.981,12.035,11.892,11.986,218412
07/11/2013,12.123,12.23,12.087,12.105,194373
07/12/2013,12.123,12.15,12.006,12.114,73790
07/15/2013,12.159,12.446,12.141,12.392,114319
07/16/2013,12.419,12.526,12.347,12.482,138334
07/17/2013,12.553,12.598,12.392,12.41,131727
07/18/2013,12.468,12.612,12.36,12.423,204029
07/19/2013,12.428,12.455,12.32,12.365,94108
07/22/2013,12.423,12.531,12.226,12.414,115824
07/23/2013,12.468,12.639,12.419,12.459,284637
07/24/2013,12.549,12.549,12.127,12.136,164998
07/25/2013,12.159,12.311,12.114,12.177,220663
07/26/2013,12.087,12.284,12.069,12.177,181732
07/29/2013,12.186,12.23,11.97,12.042,129868
07/30/2013,12.136,12.154,11.939,11.984,53978
07/31/2013,12.029,12.029,11.634,11.643,110654
08/01/2013,11.688,11.778,11.481,11.607,225071
08/02/2013,11.607,11.641,11.472,11.49,151863
08/05/2013,11.45,11.558,11.423,11.459,155846
08/06/2013,11.446,11.517,11.401,11.419,66097
08/07/2013,11.405,11.405,11.208,11.289,152643
08/08/2013,11.36,11.495,11.306,11.432,116990
08/09/2013,11.181,11.432,11.172,11.351,218356
08/12/2013,11.322,11.385,11.232,11.345,88209
08/13/2013,11.342,11.342,11.082,11.163,137871
08/14/2013,11.194,11.194,11.051,11.087,100767
08/15/2013,10.921,11.029,10.805,10.822,111480
08/16/2013,10.777,10.867,10.643,10.688,182866
08/19/2013,10.705,10.705,10.374,10.401,162911
08/20/2013,10.401,10.705,10.401,10.616,106931
08/21/2013,10.553,10.786,10.457,10.643,175884
08/22/2013,10.67,10.831,10.598,10.768,72907
08/23/2013,10.773,10.88,10.737,10.809,121396
08/26/2013,10.804,10.867,10.741,10.768,204117
08/27/2013,10.665,10.871,10.665,10.755,229835
08/28/2013,10.777,11.028,10.652,10.706,57781
08/29/2013,10.715,10.786,10.653,10.723,213246
08/30/2013,10.697,10.777,10.445,10.463,237114
09/03/2013,10.571,10.58,10.302,10.383,115058
09/04/2013,10.365,10.508,10.365,10.427,62732
09/05/2013,10.445,10.445,10.284,10.329,57943
09/06/2013,10.454,10.607,10.338,10.401,145391
09/09/2013,10.405,10.567,10.396,10.531,122185
09/10/2013,10.558,10.773,10.522,10.719,296444
09/11/2013,10.728,10.782,10.665,10.719,180592
09/12/2013,10.741,10.786,10.67,10.759,94700
09/13/2013,10.764,10.836,10.728,10.737,485607
09/16/2013,10.898,10.934,10.701,10.764,125558
09/17/2013,10.75,10.849,10.723,10.786,94081
09/18/2013,10.768,11.181,10.687,11.163,165639
09/19/2013,11.226,11.253,11.046,11.064,147080
09/20/2013,11.028,11.253,10.948,11.244,531866
09/23/2013,11.298,11.342,11.181,11.199,303934
09/24/2013,11.23,11.32,11.096,11.203,348791
09/25/2013,11.293,11.32,11.141,11.212,168493
09/26/2013,11.203,11.294,11.094,11.149,178717
09/27/2013,11.08,11.208,11.044,11.108,110377
09/30/2013,11.012,11.094,10.803,10.912,220899
10/01/2013,10.876,11.076,10.867,10.94,210508
10/02/2013,10.885,10.967,10.83,10.894,134520
10/03/2013,10.799,10.871,10.562,10.662,604521
10/04/2013,10.621,10.697,10.567,10.612,93659
10/07/2013,10.526,10.644,10.471,10.608,146254
10/08/2013,10.617,10.626,10.462,10.471,125425
10/09/2013,10.449,10.621,10.449,10.521,110110
10/10/2013,10.639,10.812,10.603,10.785,186473
10/11/2013,10.735,11.026,10.735,11.017,137679
10/14/2013,10.967,11.03,10.899,10.976,120979
10/15/2013,10.93,11.058,10.903,10.94,85513
10/16/2013,11.008,11.126,10.99,11.08,113216
10/17/2013,11.067,11.185,11.003,11.14,136519
10/18/2013,11.235,11.262,11.135,11.208,144845
10/21/2013,11.244,11.244,11.062,11.135,99677
10/22/2013,11.103,11.285,11.071,11.176,128505
10/23/2013,11.108,11.262,11.108,11.217,114560
10/24/2013,11.258,11.267,11.085,11.112,140957
10/25/2013,11.167,11.249,11.049,11.221,111964
10/28/2013,11.253,11.335,11.171,11.281,122075
10/29/2013,11.285,11.285,11.149,11.24,82815
10/30/2013,11.271,11.271,10.908,11.144,80447
10/31/2013,11.121,11.158,10.985,10.985,127693
11/01/2013,10.962,11.09,10.853,10.935,188167
11/04/2013,10.971,11.19,10.88,11.162,128287
11/05/2013,11.139,11.139,10.876,10.903,66726
11/06/2013,10.871,10.99,10.771,10.835,111247
11/07/2013,10.971,11.08,10.662,10.69,207378
11/08/2013,10.667,10.667,10.458,10.503,162218
11/11/2013,10.512,10.582,10.47,10.485,132098
11/12/2013,10.485,10.512,10.367,10.467,115341
11/13/2013,10.421,10.558,10.421,10.53,130303
11/14/2013,10.553,10.617,10.462,10.471,89534
11/15/2013,10.508,10.662,10.498,10.608,193713
11/18/2013,10.644,10.699,10.571,10.617,86397
11/19/2013,10.635,10.726,10.498,10.644,230785
11/20/2013,10.694,10.739,10.521,10.576,90094
11/21/2013,10.635,10.799,10.553,10.79,90762
11/22/2013,10.821,10.839,10.676,10.776,80060
11/25/2013,10.767,10.858,10.621,10.649,126555
11/26/2013,10.676,10.676,10.576,10.612,183412
11/27/2013,10.658,10.753,10.585,10.703,122732
11/29/2013,10.812,10.812,10.639,10.648,100424
12/02/2013,10.676,10.703,10.467,10.503,160126
12/03/2013,10.458,10.703,10.458,10.703,242466
12/04/2013,10.608,10.753,10.526,10.717,87754
12/05/2013,10.717,10.826,10.662,10.771,84682
12/06/2013,10.903,10.958,10.839,10.958,90375
12/09/2013,10.98,10.99,10.799,10.826,141460
12/10/2013,10.839,10.994,10.63,10.639,143161
12/11/2013,10.667,10.667,10.394,10.421,85905
12/12/2013,10.439,10.476,10.312,10.458,112437
12/13/2013,10.503,10.594,10.403,10.412,209760
12/16/2013,10.414,10.512,10.396,10.464,284605
12/17/2013,10.444,10.544,10.398,10.508,179718
12/18/2013,10.549,10.821,10.485,10.685,139513
12/19/2013,10.662,10.662,10.471,10.499,158330
12/20/2013,10.458,10.585,10.43,10.476,726866
12/23/2013,10.553,10.699,10.426,10.426,221738
12/24/2013,10.48,10.608,10.435,10.498,77352
12/26/2013,10.553,10.635,10.408,10.444,175038
12/27/2013,10.499,10.619,10.37,10.619,122339
12/30/2013,10.583,10.675,10.546,10.61,173909
12/31/2013,10.606,10.624,10.504,10.513,133391
01/02/2014,10.518,10.583,10.416,10.564,156609
01/03/2014,10.564,10.666,10.546,10.619,193051
01/06/2014,10.486,10.541,10.421,10.476,366948
01/07/2014,10.481,10.536,10.37,10.426,151267
01/08/2014,10.444,10.546,10.241,10.278,143732
01/09/2014,10.315,10.324,10.158,10.195,292102
01/10/2014,10.245,10.31,10.181,10.199,294733
01/13/2014,10.209,10.255,10.144,10.162,274929
01/14/2014,10.195,10.324,10.121,10.287,257157
01/15/2014,10.324,10.527,10.296,10.49,214731
01/16/2014,10.486,10.652,10.412,10.643,207357
01/17/2014,10.624,10.67,10.559,10.624,157581
01/21/2014,10.666,10.693,10.583,10.619,119787
01/22/2014,10.67,10.67,10.559,10.606,90488
01/23/2014,10.559,10.666,10.559,10.633,126575
01/24/2014,10.555,10.656,10.509,10.583,116879
01/27/2014,10.624,10.624,10.338,10.375,69603
01/28/2014,10.416,10.435,10.315,10.352,131555
01/29/2014,10.31,10.476,10.264,10.356,198886
01/30/2014,10.407,10.629,10.37,10.536,274246
01/31/2014,10.412,10.643,10.358,10.532,184970
02/03/2014,10.541,10.993,10.329,10.356,247842
02/04/2014,10.412,10.513,10.292,10.421,134082
02/05/2014,10.384,10.449,10.282,10.319,160827
02/06/2014,10.319,10.486,10.319,10.421,157209
02/07/2014,10.449,10.559,10.402,10.513,147653
02/10/2014,10.546,10.601,10.435,10.536,161327
02/11/2014,10.541,10.652,10.541,10.596,142912
02/12/2014,10.638,10.647,10.499,10.527,360460
02/13/2014,10.49,11.367,10.361,11.1,1231074
02/14/2014,11.118,11.58,11.09,11.506,608004
02/18/2014,11.478,11.552,11.415,11.497,434306
02/19/2014,11.515,11.571,11.358,11.46,401011
02/20/2014,11.487,11.571,11.34,11.367,397079
02/21/2014,11.418,11.603,11.252,11.52,898039
02/24/2014,11.566,11.709,11.464,11.474,401690
02/25/2014,11.492,11.575,11.437,11.455,422154
02/26/2014,11.451,11.663,11.349,11.414,786939
02/27/2014,11.441,11.617,11.441,11.506,400536
02/28/2014,11.561,11.608,11.488,11.571,411276
03/03/2014,11.534,11.682,11.506,11.552,289815
03/04/2014,11.665,11.942,11.665,11.818,464868
03/05/2014,11.806,11.889,11.732,11.815,136320
03/06/2014,11.811,11.82,11.691,11.709,119570
03/07/2014,11.704,11.704,11.509,11.612,258854
03/10/2014,11.543,11.607,11.451,11.598,310665
03/11/2014,11.635,11.663,11.524,11.543,159686
03/12/2014,11.538,11.677,11.494,11.621,203410
03/13/2014,11.621,11.723,11.501,11.723,341149
03/14/2014,11.668,11.778,11.658,11.741,176562
03/17/2014,11.829,11.894,11.718,11.737,199367
03/18/2014,11.783,11.866,11.7,11.82,167066
03/19/2014,11.843,11.889,11.501,11.538,113414
03/20/2014,11.534,11.617,11.404,11.469,74197
03/21/2014,11.506,11.755,11.487,11.663,308880
03/24/2014,11.709,11.783,11.46,11.598,166242
03/25/2014,11.677,11.815,11.538,11.649,257094
03/26/2014,11.681,11.7,11.469,11.543,176107
03/27/2014,11.524,11.702,11.449,11.505,125871
03/28/2014,11.515,11.693,11.515,11.618,98727
03/31/2014,11.637,11.946,11.524,11.88,509003
04/01/2014,11.885,12.006,11.707,11.941,257239
04/02/2014,11.936,12.002,11.852,11.964,152141
04/03/2014,11.983,11.983,11.721,11.805,191314
04/04/2014,11.861,11.917,11.683,11.73,110795
04/07/2014,11.693,11.899,11.59,11.599,200367
04/08/2014,11.632,11.707,11.548,11.651,190840
04/09/2014,11.651,11.725,11.582,11.707,77467
04/10/2014,11.679,11.8,11.576,11.576,265135
04/11/2014,11.496,11.674,11.487,11.562,247671
04/14/2014,11.66,11.726,11.426,11.538,288799
04/15/2014,11.562,11.702,11.477,11.693,156784
04/16/2014,11.721,11.786,11.58,11.683,97386
04/17/2014,11.651,11.885,11.576,11.838,1018849
04/21/2014,11.861,11.908,11.796,11.861,54001
04/22/2014,11.885,11.894,11.763,11.857,156847
04/23/2014,11.866,11.894,11.763,11.763,190724
04/24/2014,11.829,11.838,11.688,11.716,83009
04/25/2014,11.683,11.721,11.637,11.711,161256
04/28/2014,11.716,11.857,11.679,11.838,171048
04/29/2014,11.885,11.922,11.679,11.763,123907
04/30/2014,11.721,11.842,11.683,11.833,150442
05/01/2014,11.866,11.922,11.66,11.857,279451
05/02/2014,11.866,12.006,11.796,11.847,155925
05/05/2014,11.777,11.843,11.758,11.833,80663
05/06/2014,11.772,11.903,11.735,11.875,149639
05/07/2014,11.88,11.974,11.805,11.918,180191
05/08/2014,11.936,11.992,11.805,11.852,239065
05/09/2014,11.824,12.067,11.796,12.049,270414
05/12/2014,12.128,12.213,12.059,12.194,139021
05/13/2014,12.184,12.306,12.063,12.072,69449
05/14/2014,12.095,12.166,11.936,11.974,161026
05/15/2014,11.941,11.976,11.782,11.838,230551
05/16/2014,11.8,12.184,11.791,12.166,371401
05/19/2014,12.128,12.128,11.96,12.063,205118
05/20/2014,12.044,12.044,11.866,11.988,235286
05/21/2014,12.03,12.058,11.833,11.908,141303
05/22/2014,11.927,11.974,11.843,11.946,184603
05/23/2014,11.974,12.124,11.964,12.105,274528
05/27/2014,12.156,12.353,12.147,12.334,281310
05/28/2014,12.297,12.409,12.138,12.409,550617
05/29/2014,12.423,12.526,12.33,12.433,384908
05/30/2014,12.456,12.512,12.231,12.372,801106
06/02/2014,12.4,12.447,12.306,12.419,132187
06/03/2014,12.433,12.526,12.367,12.517,332786
06/04/2014,12.512,12.54,12.362,12.512,327417
06/05/2014,12.564,12.76,12.483,12.695,942495
06/06/2014,12.76,12.896,12.737,12.826,418719
06/09/2014,12.859,12.924,12.84,12.906,289613
06/10/2014,12.863,12.901,12.695,12.751,266439
06/11/2014,12.732,12.751,12.582,12.62,159920
06/12/2014,12.606,12.625,12.465,12.512,169707
06/13/2014,12.554,12.582,12.405,12.554,179155
06/16/2014,12.582,12.639,12.489,12.582,123530
06/17/2014,12.587,12.7,12.475,12.69,184137
06/18/2014,12.728,12.896,12.653,12.877,86627
06/19/2014,12.906,13.055,12.861,13.037,228743
06/20/2014,12.292,12.508,12.273,12.405,5790273
06/23/2014,12.456,12.503,12.344,12.381,592123
06/24/2014,12.419,12.449,12.372,12.4,356056
06/25/2014,12.353,12.414,12.297,12.372,465085
06/26/2014,12.376,12.414,12.301,12.395,294943
06/27/2014,12.329,12.595,12.329,12.576,690481
06/30/2014,12.602,12.659,12.441,12.654,412308
07/01/2014,12.699,12.832,12.623,12.728,758634
07/02/2014,12.713,12.742,12.562,12.59,432635
07/03/2014,12.609,12.704,12.286,12.305,836683
07/07/2014,12.315,12.41,12.298,12.4,455818
07/08/2014,12.426,12.493,12.398,12.422,221110
07/09/2014,12.467,12.467,12.324,12.381,173820
07/10/2014,12.285,12.447,12.266,12.43,304553
07/11/2014,12.448,12.486,12.372,12.438,197687
07/14/2014,12.533,12.571,12.4,12.467,219131
07/15/2014,12.467,12.543,12.391,12.514,295422
07/16/2014,12.581,12.581,12.471,12.495,342379
07/17/2014,12.462,12.557,12.386,12.414,138515
07/18/2014,12.386,12.5,12.367,12.443,219157
07/21/2014,12.414,12.433,12.263,12.32,211857
07/22/2014,12.372,12.4,12.248,12.296,173925
07/23/2014,12.301,12.357,12.272,12.357,234771
07/24/2014,12.395,12.433,12.282,12.32,217148
07/25/2014,12.253,12.339,12.196,12.263,216811
07/28/2014,12.253,12.414,12.215,12.367,144915
07/29/2014,12.395,12.395,12.234,12.263,226407
07/30/2014,12.31,12.367,12.092,12.139,171016
07/31/2014,12.369,12.512,12.198,12.289,955805
08/01/2014,12.324,12.334,12.058,12.21,363884
08/04/2014,12.272,12.272,11.989,12.092,266747
08/05/2014,12.054,12.149,11.911,11.921,340531
08/06/2014,11.885,12.123,11.809,12.089,531038
08/07/2014,12.096,12.134,12.002,12.077,232287
08/08/2014,12.077,12.144,12.002,12.087,258216
08/11/2014,12.139,12.301,12.139,12.291,108533
08/12/2014,12.291,12.329,12.101,12.149,110722
08/13/2014,12.158,12.32,12.158,12.32,140949
08/14/2014,12.357,12.414,12.244,12.272,157234
08/15/2014,12.386,12.414,12.158,12.329,180346
08/18/2014,12.339,12.452,12.31,12.452,151526
08/19/2014,12.452,12.5,12.357,12.481,212132
08/20/2014,12.414,12.414,12.177,12.348,404250
08/21/2014,12.343,12.41,12.267,12.315,179112
08/22/2014,12.324,12.334,12.134,12.258,184233
08/25/2014,12.32,12.339,12.101,12.149,114695
08/26/2014,12.101,12.206,12.101,12.187,142207
08/27/2014,12.196,12.234,12.073,12.158,129144
08/28/2014,12.153,12.201,12.068,12.134,179048
08/29/2014,12.144,12.305,12.077,12.277,213324
09/02/2014,12.31,12.376,12.215,12.348,175609
09/03/2014,12.369,12.417,12.227,12.241,188159
09/04/2014,12.196,12.263,12.073,12.101,430274
09/05/2014,12.115,12.248,12.115,12.248,204638
09/08/2014,12.263,12.376,12.253,12.367,186870
09/09/2014,12.339,12.339,12.215,12.263,149437
09/10/2014,12.263,12.272,11.816,12.025,339972
09/11/2014,12.03,12.191,11.94,12.134,689545
09/12/2014,12.106,12.106,11.774,11.973,555337
09/15/2014,11.973,12.011,11.774,11.812,259063
09/16/2014,11.826,11.94,11.807,11.93,350888
09/17/2014,11.933,12.009,11.895,11.928,235377
09/18/2014,11.94,12.025,11.864,11.93,249250
09/19/2014,11.911,11.997,11.883,11.997,655091
09/22/2014,11.935,11.973,11.66,11.688,231457
09/23/2014,11.679,11.698,11.508,11.527,304065
09/24/2014,11.496,11.629,11.439,11.51,185904
09/25/2014,11.482,11.491,11.33,11.354,220336
09/26/2014,11.356,11.568,11.038,11.53,382307
09/29/2014,11.453,11.549,11.385,11.462,159655
09/30/2014,11.481,11.501,11.318,11.337,340944
10/01/2014,11.313,11.539,11.274,11.515,309974
10/02/2014,11.491,11.616,11.491,11.539,234466
10/03/2014,11.64,11.64,11.428,11.573,161093
10/06/2014,11.578,11.626,11.539,11.549,148233
10/07/2014,11.546,11.604,11.479,11.493,191039
10/08/2014,11.491,11.775,11.472,11.713,369135
10/09/2014,11.737,11.833,11.592,11.631,258224
10/10/2014,11.568,11.79,11.568,11.645,192528
10/13/2014,11.66,11.939,11.611,11.804,244998
10/14/2014,11.879,12.023,11.792,11.874,313714
10/15/2014,11.79,11.973,11.742,11.934,354095
10/16/2014,11.862,12.055,11.785,12.016,339264
10/17/2014,12.141,12.161,11.871,11.881,183749
10/20/2014,11.847,12.079,11.819,11.992,211291
10/21/2014,12.011,12.088,11.92,11.925,319424
10/22/2014,11.997,12.083,11.968,12.016,317271
10/23/2014,12.108,12.271,12.05,12.165,491204
10/24/2014,12.197,12.264,12.107,12.24,162747
10/27/2014,12.242,12.31,12.146,12.291,144537
10/28/2014,12.363,12.411,12.276,12.411,287545
10/29/2014,12.421,12.488,12.228,12.421,237708
10/30/2014,12.358,12.416,12.242,12.329,251521
10/31/2014,12.469,12.527,12.324,12.517,321751
11/03/2014,12.517,12.661,12.45,12.613,205984
11/04/2014,12.58,12.705,12.551,12.637,131009
11/05/2014,12.724,12.917,12.512,12.56,147453
11/06/2014,12.58,12.666,12.416,12.445,145263
11/07/2014,12.425,12.454,12.31,12.377,201334
11/10/2014,12.392,12.546,12.363,12.546,107881
11/11/2014,12.493,12.531,12.401,12.435,329403
11/12/2014,12.435,12.459,12.348,12.425,127397
11/13/2014,12.459,12.594,12.459,12.498,490122
11/14/2014,12.474,12.531,12.31,12.319,102976
11/17/2014,12.324,12.401,12.266,12.266,84428
11/18/2014,12.31,12.348,12.252,12.252,112223
11/19/2014,12.233,12.281,12.165,12.194,163149
11/20/2014,12.185,12.252,12.175,12.204,75080
11/21/2014,12.324,12.343,12.132,12.189,163308
11/24/2014,12.242,12.368,12.242,12.358,122242
11/25/2014,12.397,12.445,12.3,12.445,171602
11/26/2014,12.488,12.719,12.459,12.69,191113
11/28/2014,12.695,12.888,12.618,12.628,214598
12/01/2014,12.618,12.762,12.512,12.512,227880
12/02/2014,12.541,12.676,12.483,12.657,122050
12/03/2014,12.69,12.71,12.551,12.623,197606
12/04/2014,12.57,12.628,12.503,12.589,136334
12/05/2014,12.512,12.637,12.502,12.58,170786
12/08/2014,12.536,12.692,12.488,12.517,137913
12/09/2014,12.406,12.618,12.406,12.608,140566
12/10/2014,12.536,12.604,12.517,12.555,153250
12/11/2014,12.599,12.666,12.502,12.551,160428
12/12/2014,12.464,12.637,12.464,12.483,155077
12/15/2014,12.502,12.531,12.233,12.425,250632
12/16/2014,12.43,12.555,12.305,12.392,154703
12/17/2014,12.392,12.632,12.334,12.632,248797
12/18/2014,12.661,12.69,12.565,12.661,228305
12/19/2014,12.633,12.762,12.623,12.71,331167
12/22/2014,12.705,12.801,12.705,12.801,157390
12/23/2014,12.811,12.878,12.763,12.849,145306
12/24/2014,12.84,12.946,12.84,12.868,100489
12/26/2014,12.936,12.955,12.824,12.917,110198
12/29/2014,12.931,13.136,12.882,13.136,549731
12/30/2014,13.058,13.253,13.058,13.175,286338
12/31/2014,13.224,13.292,13,13.068,405371
01/02/2015,13.117,13.166,13.039,13.097,345591
01/05/2015,13.058,13.195,12.974,13.146,1252455
01/06/2015,13.175,13.331,13.097,13.273,725153
01/07/2015,13.331,13.458,13.312,13.419,348951
01/08/2015,13.527,13.566,13.38,13.429,407873
01/09/2015,13.4,13.468,13.312,13.361,340079
01/12/2015,13.37,13.517,13.37,13.478,195644
01/13/2015,13.58,13.707,13.453,13.561,300526
01/14/2015,13.517,13.644,13.463,13.556,217533
01/15/2015,13.614,13.673,13.419,13.595,1783244
01/16/2015,13.575,13.683,13.556,13.663,288701
01/20/2015,13.663,13.751,13.468,13.575,146119
01/21/2015,13.566,13.614,13.517,13.585,244559
01/22/2015,13.668,13.941,13.59,13.922,444915
01/23/2015,13.878,13.888,13.756,13.79,230007
01/26/2015,13.814,13.951,13.678,13.932,245133
01/27/2015,13.897,14.102,13.897,13.995,206224
01/28/2015,14.083,14.151,13.888,13.922,166812
01/29/2015,13.961,14.059,13.814,14.029,179574
01/30/2015,13.936,13.956,13.683,13.712,168360
02/02/2015,13.712,13.712,13.458,13.663,173846
02/03/2015,13.663,13.888,13.653,13.81,166986
02/04/2015,13.727,13.775,13.629,13.697,148538
02/05/2015,13.722,13.927,13.673,13.888,103549
02/06/2015,13.79,13.819,13.439,13.453,203808
02/09/2015,13.458,13.556,13.419,13.468,150967
02/10/2015,13.488,13.566,13.244,13.361,129826
02/11/2015,13.37,13.488,13.214,13.273,108473
02/12/2015,13.478,13.546,13.244,13.468,138163
02/13/2015,13.507,13.507,13.263,13.409,115721
02/17/2015,13.429,13.536,13.283,13.37,318247
02/18/2015,13.273,13.556,13.185,13.546,293695
02/19/2015,13.507,13.507,13.19,13.292,226813
02/20/2015,13.307,13.492,13.229,13.483,245415
02/23/2015,13.439,13.558,13.351,13.468,187714
02/24/2015,13.439,13.439,13.253,13.409,157674
02/25/2015,13.424,13.522,13.317,13.327,64126
02/26/2015,13.283,13.39,13.244,13.351,816184
02/27/2015,13.283,13.458,13.205,13.361,193503
03/02/2015,13.39,13.653,13.331,13.439,147127
03/03/2015,13.38,13.488,13.292,13.458,105728
03/04/2015,13.429,13.488,13.273,13.37,124021
03/05/2015,13.449,13.517,13.341,13.409,168641
03/06/2015,13.244,13.253,13.019,13.166,704750
03/09/2015,13.219,13.297,13.141,13.2,195504
03/10/2015,13.175,13.361,13.175,13.253,424854
03/11/2015,13.292,13.292,13.17,13.214,165946
03/12/2015,13.312,13.546,13.185,13.507,166181
03/13/2015,13.536,13.556,13.409,13.527,197375
03/16/2015,13.571,13.673,13.531,13.571,109107
03/17/2015,13.571,13.668,13.502,13.649,203810
03/18/2015,13.605,13.927,13.517,13.849,326548
03/19/2015,13.795,13.931,13.67,13.775,158681
03/20/2015,13.868,14.039,13.771,14.005,683508
03/23/2015,14.01,14.117,13.98,13.98,164260
03/24/2015,14.034,14.054,13.858,13.868,127203
03/25/2015,13.888,13.966,13.663,13.693,113774
03/26/2015,13.619,13.736,13.561,13.629,130554
03/27/2015,13.684,13.772,13.624,13.703,183104
03/30/2015,13.728,13.906,13.679,13.896,97454
03/31/2015,13.842,13.916,13.716,13.852,173885
04/01/2015,13.812,13.832,13.634,13.792,144599
04/02/2015,13.773,13.941,13.743,13.901,114682
04/06/2015,13.891,14.128,13.891,13.97,100041
04/07/2015,13.97,14.059,13.782,13.797,87889
04/08/2015,13.852,13.901,13.772,13.881,231489
04/09/2015,13.871,13.881,13.595,13.684,189439
04/10/2015,15.671,15.72,15.602,15.651,15119740
04/13/2015,15.641,15.671,15.631,15.631,8404844
04/14/2015,15.676,15.676,15.636,15.646,2821792
04/15/2015,15.651,15.671,15.651,15.651,968148
04/16/2015,15.651,15.73,15.641,15.691,2409868
04/17/2015,15.671,15.72,15.661,15.661,1047003
04/20/2015,15.686,15.696,15.666,15.666,826777
04/21/2015,15.676,15.696,15.651,15.666,781770
04/22/2015,15.666,15.696,15.646,15.656,2651353
04/23/2015,15.676,15.686,15.656,15.666,809780
04/24/2015,15.671,15.681,15.661,15.661,857589
04/27/2015,15.671,15.681,15.661,15.661,490234
04/28/2015,15.661,15.681,15.661,15.661,404870
04/29/2015,15.656,15.686,15.656,15.676,945564
04/30/2015,15.671,15.681,15.661,15.671,657000
05/01/2015,15.686,15.745,15.686,15.725,688319
05/04/2015,15.725,15.735,15.696,15.696,682582
05/05/2015,15.723,15.723,15.678,15.698,847166
05/06/2015,15.7,15.71,15.671,15.671,931046
05/07/2015,15.671,15.691,15.661,15.661,1069626
05/08/2015,15.686,15.696,15.676,15.686,403685
05/11/2015,15.681,15.71,15.671,15.71,1027601
05/12/2015,15.7,15.71,15.661,15.71,653417
05/13/2015,15.71,15.71,15.691,15.691,407884
05/14/2015,15.691,15.7,15.691,15.691,323843
05/15/2015,15.7,15.73,15.691,15.71,468375
05/18/2015,15.71,15.75,15.7,15.75,314474
05/19/2015,15.74,15.77,15.74,15.77,335152
05/20/2015,15.775,15.784,15.755,15.765,342128
05/21/2015,15.765,15.775,15.755,15.765,411515
05/22/2015,15.777,15.787,15.728,15.742,764073
05/26/2015,15.745,15.745,15.705,15.715,1116295
05/27/2015,15.715,15.745,15.705,15.725,484746
05/28/2015,15.715,15.735,15.7,15.715,765002
05/29/2015,15.715,15.725,15.696,15.705,1231499
06/01/2015,15.71,15.76,15.691,15.76,641900
06/02/2015,15.735,15.755,15.725,15.745,320021
06/03/2015,15.755,15.765,15.745,15.755,1042147
06/04/2015,15.75,15.76,15.74,15.75,627808
06/05/2015,15.735,15.755,15.725,15.755,338463
06/08/2015,15.76,15.77,15.74,15.74,204168
06/09/2015,15.74,15.77,15.74,15.76,406737
06/10/2015,15.765,15.784,15.755,15.755,382142
06/11/2015,15.76,15.77,15.74,15.74,1719745
06/12/2015,15.745,15.755,15.725,15.745,838281
06/15/2015,15.74,15.76,15.73,15.75,1221573
06/16/2015,15.75,15.77,15.74,15.75,1116848
06/17/2015,15.755,15.765,15.715,15.745,509695
06/18/2015,15.74,15.76,15.71,15.72,1498710
06/19/2015,15.725,15.735,15.676,15.686,1699970
06/22/2015,15.72,15.75,15.7,15.7,686469
06/23/2015,15.681,15.71,15.681,15.691,924203
06/24/2015,15.691,15.71,15.681,15.71,353738
06/25/2015,15.698,15.747,15.698,15.742,316888
06/26/2015,15.81,15.84,15.745,15.775,955283
06/29/2015,15.76,15.8,15.75,15.75,406008
06/30/2015,15.76,15.79,15.76,15.77,226475
07/01/2015,15.78,15.8,15.77,15.8,400606
07/02/2015,15.8,15.81,15.75,15.76,1543157
07/06/2015,15.75,15.79,15.75,15.79,527340
07/07/2015,15.79,15.82,15.77,15.81,913841
07/08/2015,15.79,15.82,15.79,15.81,403163
07/09/2015,15.82,15.83,15.8,15.81,890159
07/10/2015,15.81,15.83,15.8,15.82,599276
07/13/2015,15.83,15.83,15.81,15.81,164655
07/14/2015,15.82,15.84,15.81,15.83,174583
07/15/2015,15.84,15.84,15.82,15.82,247366
07/16/2015,15.84,15.84,15.81,15.81,577942
07/17/2015,15.83,15.835,15.81,15.83,774055
07/20/2015,15.82,15.83,15.81,15.83,967265
07/21/2015,15.82,15.835,15.82,15.82,932020
07/22/2015,15.83,15.84,15.82,15.82,1330961
07/23/2015,15.83,15.85,15.82,15.82,587569
07/24/2015,15.83,15.84,15.82,15.82,436042
07/27/2015,15.82,15.85,15.82,15.83,1019999
07/28/2015,15.83,15.85,15.82,15.84,829177
07/29/2015,15.84,15.84,15.83,15.83,1508296
07/30/2015,15.84,15.85,15.84,15.84,930584
07/31/2015,15.84,15.85,15.84,15.84,502115
