10/11/2017,10.4182,10.6655,9.9,9.9,390186
10/12/2017,9.81,10.1,9.81,9.94,106300
10/13/2017,10,10,9.898,9.898,53578
10/16/2017,9.9,9.97,9.8,9.85,59198
10/17/2017,9.85,9.85,9.6,9.6503,109605
10/18/2017,9.66,9.66,9.44,9.51,66588
10/19/2017,9.5,9.5136,9.4283,9.5,55722
10/20/2017,9.5,9.5,9.39,9.4026,85591
10/23/2017,9.4,9.6,9.3857,9.6,59460
10/24/2017,9.6971,9.6971,9.4997,9.5519,21974
10/25/2017,9.5265,9.54,9.4124,9.4124,16099
10/26/2017,9.47,9.54,9.4,9.44,25756
10/27/2017,9.4998,9.53,9.47,9.51,13593
10/30/2017,9.51,9.6,9.51,9.57,4920
10/31/2017,9.59,9.68,9.568,9.68,30782
11/01/2017,9.68,9.72,9.6757,9.697,30979
11/02/2017,9.6,9.6416,9.6,9.6,1406
11/03/2017,9.6,9.6416,9.565,9.57,25623
11/06/2017,9.6,9.641,9.54,9.54,18942
11/07/2017,9.6,9.6,9.5,9.55,14638
11/08/2017,9.5563,9.6,9.47,9.6,6102
11/09/2017,9.43,9.6,9.39,9.6,11251
11/10/2017,9.6,9.6,9.51,9.513,11661
11/13/2017,9.51,9.51,9.44,9.44,4510
11/14/2017,9.475,9.51,9.45,9.504,7809
11/15/2017,9.47,9.5,9.462,9.5,9493
11/16/2017,9.4702,9.471,9.42,9.424,16046
11/17/2017,9.437,9.471,9.4,9.4625,16041
11/20/2017,9.44,9.46,9.44,9.458,937
11/21/2017,9.4454,9.5137,9.4428,9.48,21012
11/22/2017,9.4102,9.51,9.4102,9.51,21354
11/27/2017,9.51,9.6,9.4948,9.55,25257
11/28/2017,9.5562,9.6,9.4795,9.6,16243
11/29/2017,9.61,9.62,9.4,9.51,31248
11/30/2017,9.4472,9.63,9.4472,9.6,7733
12/01/2017,9.68,9.68,9.6,9.6,6386
12/04/2017,9.6,9.64,9.6,9.6,1977
12/05/2017,9.64,9.64,9.55,9.55,7264
12/06/2017,9.56,9.68,9.52,9.58,9675
12/07/2017,9.5564,9.6,9.51,9.6,19395
12/08/2017,9.6,9.6186,9.556,9.6,5396
12/11/2017,9.6,9.68,9.569,9.569,22942
12/12/2017,9.6,9.64,9.55,9.56,13562
12/13/2017,9.6,9.61,9.428,9.57,33284
12/14/2017,9.46,9.6,9.41,9.43,26526
12/15/2017,9.45,9.6,9.39,9.41,77373
12/18/2017,9.458,9.458,9.39,9.403,20530
12/19/2017,9.43,9.44,9.39,9.44,28408
12/20/2017,9.44,9.44,9.39,9.4,1405
12/21/2017,9.4283,9.45,9.4283,9.44,4931
12/22/2017,9.433,9.451,9.386,9.44,12774
12/28/2017,9.42,9.42,9.39,9.4,36636
12/29/2017,9.39,9.42,9.3895,9.4,25770
01/02/2018,9.428,9.5,9.386,9.41,12522
01/03/2018,9.386,9.4539,9.3857,9.44,12378
01/04/2018,9.4028,9.45,9.3857,9.39,24124
01/05/2018,9.4,9.43,9.4,9.43,1676
01/08/2018,9.386,9.39,9.386,9.39,9609
01/10/2018,9.4026,9.4027,9.3942,9.4026,4805
01/11/2018,9.394,9.398,9.386,9.386,25081
01/12/2018,9.4,9.4,9.39,9.3918,13246
01/16/2018,9.3857,9.4,9.3857,9.4,43387
01/17/2018,9.4,9.4,9.3857,9.391,9201
01/18/2018,9.4,9.41,9.39,9.4083,6101
01/22/2018,9.386,9.4369,9.386,9.42,32519
01/23/2018,9.4122,9.4283,9.4122,9.428,6539
01/24/2018,9.42,9.436,9.42,9.43,10220
01/25/2018,9.434,9.4369,9.416,9.416,4337
01/26/2018,9.4113,9.4113,9.4112,9.4112,1172
01/29/2018,9.41,9.41,9.41,9.41,352
01/30/2018,9.39,9.4113,9.39,9.4113,6212
01/31/2018,9.3874,9.3874,9.3874,9.3874,1172
02/01/2018,9.41,9.44,9.4036,9.44,47289
02/02/2018,9.431,9.51,9.4285,9.51,28517
02/05/2018,9.3943,9.5051,9.3942,9.4003,11599
02/06/2018,9.3942,9.4027,9.39,9.39,2342
02/07/2018,9.386,9.3942,9.3,9.3,44555
02/08/2018,9.3153,9.3601,9.3088,9.3089,29845
02/09/2018,9.31,9.359,9.3,9.32,25510
02/12/2018,9.3059,9.31,9.3,9.31,18111
02/13/2018,9.326,9.36,9.317,9.36,10908
02/14/2018,9.3439,9.369,9.3,9.3,12616
02/15/2018,9.1779,9.21,9.17,9.21,8090
02/16/2018,9.3003,9.33,9.2448,9.31,4629
02/20/2018,9.18,9.28,9.17,9.17,8789
02/22/2018,9.18,9.18,9.17,9.18,7617
02/23/2018,9.2151,9.2833,9.17,9.17,32140
02/26/2018,9.17,9.18,9.17,9.18,6681
02/27/2018,9.172,9.196,9.17,9.17,8790
02/28/2018,9.17,9.17,9.09,9.09,6090
03/01/2018,9.1,9.1,9.08,9.08,811
03/02/2018,8.9925,9.0017,8.7885,8.85,24550
03/05/2018,8.91,9.1195,8.91,9.11,3637
03/06/2018,9,9.0385,9,9,4641
03/07/2018,8.9965,9.03,8.9965,9.03,6724
03/08/2018,8.92,8.92,8.92,8.92,7843
03/09/2018,8.92,8.93,8.92,8.92,17654
03/12/2018,9.02,9.02,9.02,9.02,117
03/13/2018,8.9164,9.03,8.9164,9.03,703
03/14/2018,9.04,9.36,9.04,9.36,718
03/15/2018,9.38,9.43,9.38,9.42,30131
03/16/2018,9.61,9.68,9.61,9.68,13754
03/19/2018,9.59,9.59,9.1998,9.54,21207
03/20/2018,9.33,9.47,9.31,9.47,11514
03/21/2018,9.44,9.47,9.44,9.46,7549
03/22/2018,9.386,9.6,9.386,9.6,10539
03/23/2018,9.2066,9.3857,9.2066,9.3857,1255
03/27/2018,9.18,9.5,9.17,9.5,4922
04/02/2018,9.41,9.5,9.41,9.5,1244
04/03/2018,9.39,9.39,9.39,9.39,291
04/04/2018,9.4224,9.4224,9.39,9.39,3521
04/05/2018,9.5,9.5,9.5,9.5,14181
04/06/2018,9.4036,9.4036,9.3861,9.3997,4034
04/09/2018,9.18,9.5,9.18,9.5,6823
04/12/2018,9.2582,9.34,9.2582,9.33,4806
04/13/2018,9.189,9.189,9.173,9.173,703
04/16/2018,9.268,9.3003,9.16,9.17,8902
04/17/2018,9.38,9.39,9.2459,9.29,5391
04/18/2018,9.3,9.3,9.3,9.3,7171
04/20/2018,9.3,9.54,9.3,9.54,5859
04/23/2018,9.4497,9.475,9.3858,9.46,1053
04/24/2018,9.51,9.51,9.3857,9.3857,32063
04/26/2018,9.386,9.386,9.37,9.37,352
04/30/2018,9.3772,9.38,9.3771,9.3772,6170
05/02/2018,9.43,9.43,9.4284,9.43,4156
05/03/2018,9.4369,9.4369,9.26,9.26,4162
05/07/2018,9.3,9.53,9.3,9.43,13904
05/08/2018,9.3579,9.3857,9.3579,9.3852,1641
05/09/2018,9.386,9.4283,9.386,9.4282,2962
05/10/2018,9.27,9.37,9.27,9.33,5156
05/14/2018,9.4193,9.4283,9.32,9.32,6622
05/16/2018,9.33,9.33,9.33,9.33,1714
05/17/2018,9.3003,9.3003,9.3003,9.3003,586
05/18/2018,9.3004,9.364,9.3004,9.34,2297
05/22/2018,9.35,9.424,9.347,9.424,2461
05/23/2018,9.3515,9.42,9.34,9.42,14520
05/25/2018,9.386,9.43,9.3857,9.3858,7505
05/30/2018,9.39,9.43,9.3857,9.43,8243
05/31/2018,9.386,9.386,9.36,9.36,4805
06/01/2018,9.41,9.41,9.38,9.4,8029
06/04/2018,9.39,9.39,9.39,9.39,117
06/05/2018,9.39,9.3942,9.375,9.39,9292
06/06/2018,9.42,9.42,9.39,9.41,5840
06/08/2018,9.3922,9.3922,9.3857,9.39,5071
06/11/2018,9.386,9.386,9.37,9.37,14181
06/12/2018,9.386,9.39,9.386,9.39,1229
06/13/2018,9.39,9.39,9.384,9.386,1934
06/14/2018,9.39,9.394,9.37,9.39,3047
06/15/2018,9.386,9.39,9.37,9.37,1318
06/18/2018,9.39,9.39,9.36,9.36,8666
06/19/2018,9.361,9.39,9.361,9.39,1677
06/20/2018,9.39,9.46,9.377,9.41,6767
06/21/2018,9.386,9.46,9.3858,9.3858,12864
06/22/2018,9.46,9.46,9.43,9.44,7543
06/25/2018,9.4246,9.46,9.4246,9.43,1640
06/26/2018,9.3729,9.3857,9.3729,9.3834,2318
06/29/2018,9.46,9.46,9.46,9.46,2344
07/02/2018,9.46,9.46,9.46,9.46,1992
07/05/2018,9.47,9.47,9.46,9.46,234
07/06/2018,9.5,9.51,9.4959,9.51,1055
07/09/2018,9.4966,9.4967,9.4965,9.4966,5635
07/10/2018,9.4795,9.4795,9.4794,9.4794,2974
07/11/2018,9.5,9.5,9.4,9.46,1758
07/12/2018,9.46,9.5,9.46,9.5,234
07/13/2018,9.471,9.51,9.471,9.51,2154
07/16/2018,9.51,9.52,9.51,9.52,1289
07/17/2018,9.5732,9.5768,9.57,9.57,1752
07/19/2018,9.6,9.6,9.6,9.6,6057
07/20/2018,9.6,9.6,9.56,9.56,8088
07/24/2018,9.53,9.53,9.51,9.51,6888
07/27/2018,9.56,9.569,9.55,9.569,1172
07/30/2018,9.56,9.5631,9.54,9.5631,1875
07/31/2018,9.4196,9.5179,9.4196,9.5179,236
08/01/2018,9.5691,9.5691,9.5691,9.5691,586
08/02/2018,9.5751,9.5751,9.5751,9.5751,120
08/03/2018,9.6416,9.6416,9.5988,9.5988,234
08/07/2018,9.62,9.62,9.62,9.62,585
08/09/2018,9.5973,9.5973,9.5973,9.5973,469
08/10/2018,9.63,9.64,9.63,9.64,1172
08/13/2018,9.622,9.622,9.622,9.622,469
08/16/2018,9.5973,9.5973,9.5973,9.5973,469
08/17/2018,9.6,9.6,9.5549,9.5683,2514
08/20/2018,9.5973,9.5973,9.5973,9.5973,469
08/21/2018,9.61,9.61,9.61,9.61,143
08/22/2018,9.61,9.61,9.61,9.61,234
08/23/2018,9.6,9.6,9.6,9.6,938
08/24/2018,9.6041,9.6041,9.603,9.603,373
08/27/2018,9.6254,9.6254,9.6,9.6,9858
08/29/2018,9.6224,9.642,9.6,9.6205,2272
08/31/2018,9.62,9.62,9.61,9.61,2461
09/04/2018,9.5631,9.5631,9.5261,9.5261,756
09/06/2018,9.6,9.6,9.6,9.6,190
09/07/2018,9.569,9.6,9.569,9.6,1011
09/10/2018,9.61,9.64,9.5935,9.63,15225
09/11/2018,9.61,9.61,9.6,9.6,234
09/12/2018,9.66,9.66,9.66,9.66,117
09/13/2018,9.68,9.79,9.6788,9.79,4457
09/14/2018,9.72,9.72,9.72,9.72,359
09/17/2018,9.7,9.7,9.7,9.7,234
09/18/2018,9.76,9.76,9.7,9.7,234
09/19/2018,9.7,9.8,9.7,9.8,351
09/20/2018,9.74,9.91,9.74,9.91,351
09/21/2018,9.78,10.06,9.78,10.06,1339
09/27/2018,9.776,9.776,9.757,9.757,1758
09/28/2018,9.7,9.7,9.69,9.69,641
10/01/2018,9.6843,9.6843,9.6843,9.6843,745
10/02/2018,9.7841,9.7841,9.6847,9.6847,1172
10/03/2018,9.8942,9.8942,9.8942,9.8942,1172
10/04/2018,9.8385,9.8524,9.8125,9.85,5908
10/05/2018,9.696,9.696,9.684,9.684,1172
10/09/2018,9.68,9.68,9.68,9.68,190
10/10/2018,9.68,9.76,9.68,9.76,1868
10/11/2018,9.6844,9.72,9.5137,9.5648,18241
10/12/2018,9.54,9.7321,9.5351,9.6929,4337
10/15/2018,9.68,9.68,9.6,9.67,7317
10/16/2018,9.693,9.716,9.68,9.68,1524
10/17/2018,9.685,9.685,9.6416,9.68,10313
10/19/2018,9.6,9.6,9.6,9.6,2813
10/22/2018,9.6,9.6,9.6,9.6,581
10/23/2018,9.51,9.6032,9.51,9.5366,3563
10/25/2018,9.63,9.63,9.33,9.33,25081
10/26/2018,9.5,9.5,9.428,9.428,13312
10/29/2018,9.3,9.4,9.3,9.3857,7340
10/30/2018,9.386,9.45,9.386,9.44,1874
10/31/2018,9.39,9.43,9.3,9.39,9258
11/01/2018,9.34,9.34,9.34,9.34,777
11/02/2018,9.43,9.43,9.34,9.39,2578
11/05/2018,9.386,9.386,9.3,9.33,27453
11/06/2018,9.403,9.43,9.398,9.43,702
11/07/2018,9.3004,9.456,9.3004,9.456,5146
11/08/2018,9.3,9.31,9.3,9.3,29176
11/13/2018,9.32,9.3276,9.3,9.3,19571
11/14/2018,9.3,9.3174,9.3,9.3174,1172
11/15/2018,9.3003,9.3003,9.3003,9.3003,117
11/16/2018,9.3,9.3055,9.3,9.3,5273
11/19/2018,9.3001,9.3396,9.3,9.3396,2930
11/20/2018,9.3,9.31,9.3,9.31,25357
11/21/2018,9.3,9.3,9.3,9.3,2344
11/26/2018,9.32,9.32,9.3,9.3,7492
11/28/2018,9.32,9.32,9.32,9.32,703
11/29/2018,9.3,9.5,9.3,9.42,2109
11/30/2018,9.386,9.43,9.3431,9.43,20857
12/03/2018,9.34,9.4215,9.34,9.3667,6896
12/04/2018,9.363,9.4027,9.3558,9.3744,25560
12/06/2018,9.41,9.41,9.31,9.4,1110
12/07/2018,9.31,9.364,9.3,9.3084,12407
12/11/2018,9.334,9.334,9.3,9.3,3944
12/12/2018,9.31,9.31,9.22,9.2832,40177
12/13/2018,9.3,9.3089,9.22,9.25,5039
12/14/2018,9.22,9.25,9.22,9.25,2344
12/17/2018,9.22,9.2611,9.16,9.17,12675
12/18/2018,9.1726,9.2184,9.16,9.16,5625
12/19/2018,9.16,9.16,9.16,9.16,1609
12/20/2018,9.06,9.06,8.1,8.7,6148
12/21/2018,8.66,8.6894,8.66,8.66,3163
12/24/2018,8.67,8.7031,8.6678,8.7031,2534
12/26/2018,8.66,8.682,8.53,8.53,12338
12/27/2018,8.532,8.68,8.532,8.65,3922
12/28/2018,8.7031,8.7031,8.53,8.53,20562
12/31/2018,8.558,8.67,8.558,8.58,3310
01/02/2019,8.532,8.73,8.532,8.6,10624
01/03/2019,8.6,9,8.5,8.51,21715
01/04/2019,8.5285,8.5324,8.4898,8.4921,66153
01/07/2019,8.532,8.63,8.532,8.63,11622
01/09/2019,8.669,8.8,8.626,8.64,4363
01/10/2019,8.7,8.96,8.7,8.96,5143
01/11/2019,8.6,8.6,8.6,8.6,468
01/16/2019,8.64,8.79,8.62,8.79,2011
01/17/2019,8.916,8.916,8.85,8.85,1654
01/22/2019,8.77,8.77,8.77,8.77,234
01/23/2019,8.6,8.6,8.6,8.6,234
01/28/2019,8.6399,8.6399,8.6262,8.6262,1406
01/29/2019,8.78,9,8.76,9,34578
01/30/2019,9,9,8.97,8.97,9602
01/31/2019,9.0503,9.0503,9.0503,9.0503,293
02/01/2019,9.12,9.3,9.08,9.09,23465
02/04/2019,9.2918,9.51,9.2811,9.461,20340
02/05/2019,9.46,9.6,9.16,9.47,85199
02/06/2019,9.5,9.5,9.5,9.5,4688
02/07/2019,9.43,9.561,9.253,9.5183,57957
02/08/2019,9.5,9.57,9.19,9.57,20931
02/11/2019,9.5555,9.6,9.5283,9.6,4478
02/13/2019,9.4253,9.5,9.34,9.5,15885
02/14/2019,9.48,9.51,9.46,9.47,5586
02/15/2019,9.44,9.49,9.39,9.49,2657
02/20/2019,9.394,9.56,9.273,9.5,21398
02/21/2019,9.3346,9.3601,9.3346,9.3601,234
02/22/2019,9.1758,9.1758,9.1758,9.1758,293
02/25/2019,9.12,9.12,9.09,9.1,2211
02/26/2019,9.2495,9.2495,9.2495,9.2495,361
02/27/2019,9.1302,9.3234,9.05,9.05,8065
02/28/2019,9.3,9.38,9.198,9.38,3266
03/04/2019,9.11,9.11,9.11,9.11,586
03/05/2019,9.3,9.385,9.3,9.35,1535
03/06/2019,9.36,9.385,9.28,9.327,3142
03/07/2019,9.3255,9.343,9.29,9.34,9477
03/12/2019,9.1,9.18,9.088,9.17,4643
03/13/2019,9.18,9.2398,9.17,9.2259,51974
03/14/2019,9.2,9.29,9.2,9.29,2291
03/15/2019,9.29,9.29,9.2492,9.2492,1875
03/19/2019,9.2103,9.311,9.2103,9.311,6390
03/20/2019,9.2039,9.2039,9.2,9.2,4083
03/21/2019,9.3553,9.3553,9.27,9.27,1878
03/22/2019,9.2095,9.2184,9.2,9.2184,3367
03/27/2019,9.2,9.2,9.2,9.2,6212
03/29/2019,9.164,9.2,9.159,9.17,21055
04/01/2019,9.2739,9.2739,9.14,9.14,5842
04/02/2019,9.3,9.3,9.3,9.3,118
04/03/2019,9.157,9.157,9.157,9.157,293
04/04/2019,9.1298,9.241,9.1297,9.24,5815
04/05/2019,9.1459,9.1459,9.1459,9.1459,940
04/08/2019,9.0879,9.0879,9.0879,9.0879,469
04/09/2019,9.0708,9.0939,9.0708,9.0939,2344
04/10/2019,9.07,9.07,9.07,9.07,141
04/12/2019,9.2064,9.215,9.125,9.2,14300
04/15/2019,9.2321,9.2321,9.2,9.2,24027
04/17/2019,9.29,9.29,9.2,9.2,7346
04/18/2019,9.1911,9.215,9.17,9.18,8220
04/22/2019,9.05,9.16,9.05,9.16,938
04/23/2019,9.0529,9.1,9.0444,9.1,3281
04/25/2019,9.0998,9.0998,9.08,9.08,1996
04/29/2019,9.09,9.09,9.08,9.08,981
05/02/2019,9.0555,9.0555,9.0555,9.0555,1172
05/03/2019,9.0531,9.09,9.0531,9.09,2505
05/06/2019,9,9,9,9,285
05/07/2019,9,9.0443,8.83,8.83,6446
05/09/2019,9.0128,9.0128,9.0128,9.0128,149
05/13/2019,8.95,9,8.95,9,9505
05/16/2019,8.83,8.83,8.83,8.83,117
05/20/2019,9.08,9.08,9.08,9.08,117
05/29/2019,8.8421,8.8421,8.83,8.83,13004
06/03/2019,8.8311,8.913,8.7,8.7464,4011
06/04/2019,8.661,8.661,8.66,8.66,14357
06/05/2019,8.929,8.929,8.929,8.929,122
06/06/2019,8.686,8.811,8.68,8.68,1131
06/07/2019,8.69,8.71,8.66,8.71,7107
06/10/2019,8.69,8.69,8.69,8.69,117
06/12/2019,8.67,8.69,8.67,8.69,351
06/13/2019,8.68,8.68,8.68,8.68,117
06/17/2019,8.6858,8.7031,8.66,8.66,2719
06/19/2019,8.99,8.99,8.99,8.99,177
06/20/2019,9,9,9,9,205
06/21/2019,8.69,8.9,8.69,8.9,2827
06/24/2019,9,9,9,9,175
06/25/2019,8.686,8.87,8.686,8.87,8499
06/26/2019,8.7,8.7,8.69,8.69,351
06/27/2019,8.69,8.69,7.99,7.99,3047
06/28/2019,8.76,8.8,8.537,8.66,21271
07/01/2019,8.8,8.8,8.3789,8.7,4688
07/02/2019,8.724,8.75,8.703,8.746,10511
07/03/2019,8.73,8.73,8.73,8.73,234
07/05/2019,8.724,8.724,8.703,8.703,1758
07/08/2019,8.7543,8.818,8.689,8.689,23462
07/11/2019,8.7294,8.874,8.69,8.69,6523
07/12/2019,8.7294,8.87,8.63,8.87,19051
07/15/2019,8.7,8.7,8.46,8.66,32113
07/16/2019,8.64,8.64,8.63,8.63,7032
07/17/2019,8.67,8.67,8.639,8.66,7954
07/18/2019,8.59,8.63,8.59,8.63,2882
07/19/2019,8.6408,8.6408,8.4042,8.6175,22675
07/22/2019,8.4962,8.532,8.4898,8.532,4388
07/23/2019,8.4557,8.63,8.4557,8.63,234
07/25/2019,8.6,8.6,8.6,8.6,117
07/26/2019,8.6131,8.6131,8.54,8.6,20516
07/29/2019,8.6,8.665,8.6,8.665,5472
07/31/2019,8.66,8.69,8.58,8.65,3863
08/01/2019,8.541,8.62,8.541,8.617,12148
08/02/2019,8.5618,8.594,8.5581,8.56,812
08/05/2019,8.56,8.56,8.56,8.56,1161
08/06/2019,8.558,8.578,8.558,8.56,820
08/07/2019,8.49,8.63,8.4898,8.5307,2535
08/08/2019,8.5626,8.6,8.54,8.6,18843
08/09/2019,8.58,8.58,8.58,8.58,504
08/13/2019,8.562,8.5674,8.53,8.53,1993
08/14/2019,8.5354,8.5495,8.06,8.47,11252
08/15/2019,8.323,8.323,8.323,8.323,117
08/19/2019,8,8,8,8,3516
08/20/2019,8.5222,8.5222,8.5222,8.5222,586
08/21/2019,8.07,8.07,8.07,8.07,117
08/22/2019,8.06,8.4,8.06,8.4,2896
08/23/2019,8.15,8.15,8.15,8.15,2578
08/27/2019,8.417,8.417,8.417,8.417,586
08/28/2019,8.4915,8.4915,8.3695,8.4488,3446
08/29/2019,8.34,8.4,8.34,8.4,1875
09/03/2019,8.4959,8.5324,8.4898,8.532,7686
09/04/2019,8.52,8.53,8.52,8.53,2042
09/05/2019,8.4,9.1724,8.2,9.0445,135580
09/06/2019,8.8,9.05,8.8,9.04,12891
09/09/2019,9.034,9.08,9,9.08,12656
09/10/2019,9.0536,9.1,9.0536,9.1,4335
09/11/2019,9.0637,9.1,9.04,9.0917,4795
09/12/2019,9.195,9.2193,9.1,9.1,12541
09/13/2019,9.172,9.5785,9.168,9.41,16811
09/16/2019,9.353,9.41,9.16,9.19,2461
09/17/2019,9.3,9.3601,9.15,9.31,13116
09/18/2019,9.3144,9.36,9.23,9.36,5667
09/19/2019,9.386,9.505,9.3856,9.45,5055
09/20/2019,9.4241,9.49,9.34,9.49,8607
09/24/2019,9.5,9.5,9.4,9.4201,3985
09/25/2019,9.3856,9.3857,9.3696,9.3696,7730
09/26/2019,9.4,9.4532,9.4,9.4309,3448
09/30/2019,9.3517,9.3677,9.3517,9.3677,3282
10/02/2019,9.3732,9.4539,9.3732,9.42,7943
10/03/2019,9.3549,9.3549,9.3516,9.3516,469
10/04/2019,9.34,9.34,9.34,9.34,505
10/07/2019,9.35,9.367,9.23,9.23,14578
10/08/2019,9.23,9.23,9.23,9.23,3983
10/09/2019,9.26,9.325,9.1805,9.21,17093
10/10/2019,9.15,9.215,9.15,9.17,7871
10/11/2019,9.1931,9.2073,9.16,9.17,6212
10/14/2019,9.1783,9.1783,9.1783,9.1783,234
10/16/2019,9.11,9.11,9.11,9.11,1170
10/17/2019,9.2,9.215,9.185,9.185,3750
10/18/2019,9.1776,9.215,9.1776,9.2011,11470
10/28/2019,9.304,9.34,9.1,9.3052,8568
10/29/2019,9.15,9.15,9.15,9.15,144
10/30/2019,9.15,9.23,9.15,9.22,1698
11/01/2019,9.2,9.253,9.17,9.17,8371
11/04/2019,9.181,9.28,9.181,9.28,9610
11/05/2019,9.2585,9.2585,9.2585,9.2585,1172
11/06/2019,9.26,9.3003,9.26,9.2917,3399
11/07/2019,9.324,9.38,9.3,9.38,7266
11/08/2019,9.3,9.3003,9.2819,9.2819,4571
11/11/2019,9.2962,9.3038,9.255,9.3004,8316
11/14/2019,9.28,9.34,9.28,9.339,11602
11/15/2019,9.33,9.46,9.3,9.44,8643
11/18/2019,9.46,9.5333,9.4451,9.464,5504
11/19/2019,9.5,9.51,9.45,9.51,2812
11/20/2019,9.6,9.6,9.51,9.51,2954
11/21/2019,9.5,9.5,9.4625,9.4625,4805
11/22/2019,9.45,9.5094,9.45,9.5094,7267
11/25/2019,9.4659,9.5137,9.4659,9.51,4219
11/26/2019,9.4927,9.51,9.49,9.49,2344
11/27/2019,9.4897,9.6,9.4846,9.5683,30598
11/29/2019,9.56,9.6,9.5337,9.56,2929
12/02/2019,9.56,9.597,9.56,9.5884,5692
12/03/2019,9.6,9.6,9.47,9.47,8555
12/04/2019,9.6,9.6,9.5648,9.57,22921
12/05/2019,9.5819,9.63,9.5817,9.61,4549
12/06/2019,9.61,9.64,9.6,9.62,17454
12/09/2019,9.67,9.821,9.67,9.747,29807
12/10/2019,9.838,10.0111,9.83,9.847,22351
12/11/2019,9.85,9.8882,9.8467,9.8548,21189
12/12/2019,9.85,9.8549,9.77,9.77,19102
12/13/2019,9.75,9.78,9.75,9.78,1745
12/16/2019,9.79,9.83,9.78,9.8,11775
12/17/2019,9.8,9.84,9.8,9.84,5464
12/18/2019,9.8,9.83,9.8,9.83,2222
12/19/2019,9.835,9.88,9.82,9.82,7969
12/20/2019,9.8663,9.97,9.85,9.97,11944
12/23/2019,9.97,9.97,9.88,9.9442,921
12/26/2019,9.8802,9.93,9.8802,9.93,410
12/30/2019,9.89,9.94,9.89,9.93,21294
12/31/2019,9.92,9.9829,9.92,9.97,16201
01/02/2020,9.893,9.893,9.84,9.8534,2196
01/03/2020,9.8379,9.953,9.7451,9.8122,30928
01/06/2020,9.89,9.97,9.89,9.9659,19690
01/08/2020,9.91,9.97,9.91,9.96,6205
01/09/2020,9.94,10.1536,9.94,10.1536,6158
01/10/2020,10.0682,10.14,10.03,10.11,11196
01/13/2020,10.11,10.5,10.11,10.2901,26873
01/14/2020,10.239,10.3925,10.239,10.39,21188
01/15/2020,10.334,10.36,10.3,10.3,9961
01/16/2020,10.32,10.3925,10.32,10.39,29246
01/17/2020,11,11.1,10.73,10.75,1310306
01/21/2020,10.92,10.92,10.61,10.66,118193
01/22/2020,10.66,10.71,10.66,10.7,47729
01/23/2020,10.6764,10.78,10.6764,10.7,97804
01/24/2020,10.7,10.7174,10.65,10.7,101361
01/27/2020,10.66,10.7,10.56,10.695,98885
01/28/2020,10.7,10.8,10.7,10.7745,155970
01/29/2020,10.8,10.83,10.73,10.77,89083
01/30/2020,10.76,10.7963,10.73,10.79,37379
01/31/2020,10.77,10.77,10.7,10.7,72946
02/03/2020,10.7,10.71,10.68,10.69,29508
02/04/2020,10.68,10.74,10.68,10.74,14956
02/05/2020,10.75,10.765,10.72,10.75,2502
02/06/2020,10.76,10.76,10.7,10.74,7793
02/07/2020,10.71,10.74,10.69,10.7,12983
02/10/2020,10.69,10.71,10.69,10.705,22397
02/11/2020,10.7,10.7,10.65,10.68,7820
02/12/2020,10.65,10.696,10.61,10.65,16787
02/13/2020,10.65,10.71,10.65,10.68,40180
02/14/2020,10.65,10.71,10.65,10.71,32892
02/18/2020,10.66,10.7,10.65,10.66,16835
02/19/2020,10.6699,10.68,10.61,10.67,12021
02/20/2020,10.6273,10.655,10.62,10.64,3862
02/21/2020,10.6448,10.6448,10.61,10.63,13626
02/24/2020,10.55,10.5514,10.5,10.54,20928
02/25/2020,10.5795,10.5795,10.5,10.5,10094
02/26/2020,10.55,10.55,10.44,10.4525,40457
02/27/2020,10.42,10.42,10.4,10.405,15334
02/28/2020,10.35,10.39,10.25,10.25,23756
03/02/2020,10.3036,10.3036,10.13,10.17,46853
03/03/2020,10.2038,10.25,10.05,10.06,21314
03/04/2020,10.1907,10.24,10.1793,10.24,6157
03/05/2020,10.1343,10.27,10.1343,10.23,4447
03/06/2020,10.13,10.19,10.02,10.08,15032
03/09/2020,9.5688,9.77,9.15,9.15,17564
03/10/2020,9.11,9.91,9.11,9.23,8213
03/11/2020,9.05,9.15,8.88,8.97,21122
03/12/2020,8.31,8.6245,8.31,8.44,8859
03/13/2020,8.3805,8.5,8.2708,8.5,15364
03/16/2020,8.5,8.79,8.19,8.2,18499
03/17/2020,8.4667,8.4667,8.342,8.36,2621
03/18/2020,8.6,8.6,7.83,7.83,6200
03/19/2020,8,8.08,7.82,7.9,11465
03/20/2020,7.94,7.95,7.8969,7.94,10612
03/23/2020,6.75,7.31,6.7358,7.18,15636
03/24/2020,7.4106,7.8844,7.41,7.82,5668
03/25/2020,7.1723,8.3,7.1723,7.57,37156
03/26/2020,7.2,8.41,7.1757,8.34,4512
03/27/2020,7.53,8.34,7.53,8.2638,3200
03/30/2020,7.86,7.8993,7.85,7.8893,1000
04/01/2020,7.75,7.85,7.75,7.76,3405
04/02/2020,7.76,7.93,7.62,7.71,24933
04/03/2020,7.89,7.89,7.61,7.73,10308
04/06/2020,7.63,7.69,7.62,7.65,3220
04/07/2020,7.69,7.98,7.69,7.98,13057
04/08/2020,7.9581,8.17,7.9,8.17,24098
04/09/2020,8.55,8.78,8.54,8.78,2396
04/13/2020,9.01,9.01,8.6,8.6002,3344
04/14/2020,8.65,8.65,8.55,8.55,11477
04/15/2020,8.5919,8.5919,8.55,8.59,4673
04/16/2020,8.55,8.59,8.5,8.5,14611
04/17/2020,8.59,8.77,8.5,8.77,10125
04/20/2020,8.77,8.77,8.77,8.77,100
04/21/2020,8.5,8.5,8.35,8.4,2878
04/22/2020,8.4123,8.4123,8.4123,8.4123,1400
04/23/2020,8.49,8.61,8.4,8.4,2174
04/24/2020,8.4,8.4,8.4,8.4,200
04/27/2020,8.5,8.7399,8.5,8.5969,4400
04/28/2020,8.52,8.7389,8.4804,8.4804,4000
04/29/2020,8.72,8.75,8.485,8.52,18273
04/30/2020,8.49,8.545,8.46,8.46,1100
05/01/2020,8.5,8.8,8.5,8.8,29372
05/04/2020,8.76,9.14,8.75,9.04,4448
05/05/2020,9.34,9.34,9,9,5774
05/06/2020,9.01,9.35,9.01,9.01,4078
05/07/2020,9.195,9.2,8.99,8.99,4624
05/08/2020,9.13,9.21,9.05,9.1001,9773
05/11/2020,9.15,9.3,9.15,9.2599,5351
05/12/2020,9.16,9.221,9.15,9.1501,8490
05/13/2020,9.15,9.19,9.13,9.13,12280
05/14/2020,8.8,8.9,8.7187,8.7187,1164
05/15/2020,8.63,8.88,8.63,8.86,900
05/18/2020,8.8017,9.01,8.71,8.71,3390
05/19/2020,9.1,9.13,9.1,9.11,1500
05/20/2020,9.0899,9.0899,9.0899,9.0899,590
05/21/2020,9.05,9.1,9.05,9.1,4862
05/22/2020,9.1,9.1,9.06,9.1,839
05/26/2020,9.1,9.1,9.1,9.1,2143
05/27/2020,9.2,9.2,9.1,9.1,37235
05/28/2020,9.1,9.1,9.1,9.1,198
05/29/2020,9.15,9.15,9.1,9.1,3795
06/01/2020,9.05,9.09,9.05,9.09,600
06/02/2020,9.09,9.09,9.09,9.09,1400
06/03/2020,9.12,9.12,9.05,9.11,2540
06/04/2020,9.1985,9.1985,9.05,9.05,492
06/05/2020,9.2,9.2,9.07,9.07,3601
06/08/2020,9.155,9.2,9.155,9.18,1950
06/09/2020,9.15,9.15,9.12,9.12,7442
06/10/2020,9.12,9.15,9.12,9.135,2100
06/11/2020,9.1,9.1,9.05,9.05,3650
06/12/2020,9.05,9.0899,9.05,9.078,3202
06/15/2020,8.94,9.14,8.94,9.03,578
06/16/2020,8.83,9.1273,8.83,9.1273,493
06/17/2020,9.02,9.12,8.985,9.12,2496
06/18/2020,9.12,9.12,9.12,9.12,502
06/19/2020,9.12,9.12,9.0774,9.0774,1262
06/22/2020,9.0999,9.1,9.05,9.0585,6991
06/23/2020,9.1,9.1,9.0996,9.1,6450
06/25/2020,8.7493,9.09,8.7493,9.09,2279
06/26/2020,9.1,9.1,8.6225,8.83,20160
06/29/2020,8.67,8.8399,8.65,8.7234,7324
06/30/2020,8.62,8.715,8.6,8.6,3693
07/01/2020,8.6,8.757,8.6,8.757,300
07/06/2020,8.612,8.643,8.6,8.6399,2184
07/07/2020,8.695,8.695,8.5,8.5,9072
07/08/2020,8.6292,8.665,8.5,8.5,3786
07/09/2020,8.51,8.5148,8.5,8.51,1500
07/10/2020,8.51,8.52,8.51,8.52,2204
07/13/2020,8.555,8.555,8.5,8.5,2300
07/14/2020,8.56,8.597,8.56,8.597,978
07/15/2020,8.5793,8.5793,8.55,8.55,800
07/16/2020,8.52,8.5898,8.52,8.5898,1116
07/20/2020,8.55,8.55,8.55,8.55,100
07/21/2020,8.575,8.575,8.55,8.5667,2600
07/22/2020,8.55,8.5506,8.54,8.55,17400
07/23/2020,8.5729,8.5729,8.5502,8.571,761
07/28/2020,8.61,8.61,8.55,8.5936,1288
07/29/2020,8.55,8.57,8.5,8.57,9633
07/30/2020,8.55,8.58,8.55,8.58,4580
07/31/2020,8.57,8.61,8.5,8.5,10583
08/03/2020,8.5238,8.6165,8.5,8.6165,2990
08/04/2020,8.565,8.565,8.565,8.565,130
08/05/2020,8.51,8.5268,8.44,8.47,14514
08/06/2020,8.5002,8.5427,8.5,8.5,2719
08/07/2020,8.338,8.3902,8.338,8.3798,10867
08/10/2020,8.35,8.35,8.2501,8.28,7950
08/11/2020,8.294,8.4,8.28,8.33,16476
08/12/2020,8.33,8.33,8.25,8.25,13252
08/13/2020,8.2501,8.29,8.25,8.2745,21446
08/14/2020,8.28,8.28,8.25,8.26,6625
08/17/2020,8.25,8.27,8.21,8.21,7958
08/18/2020,8.2799,8.2799,8.2,8.24,2700
08/19/2020,8.2101,8.29,8.2,8.285,31363
08/20/2020,8.35,8.35,8.1513,8.16,8872
08/21/2020,8.1405,8.1697,8.08,8.0999,5931
08/24/2020,8.05,8.15,8.05,8.1008,5107
08/25/2020,8.0856,8.33,8.0856,8.33,8771
08/26/2020,8.1821,8.33,8.11,8.11,14556
08/27/2020,8.12,8.2,8.11,8.12,9574
08/28/2020,8.1,8.16,8.1,8.16,4108
08/31/2020,8.1001,8.1001,8.01,8.06,17462
09/01/2020,7.86,8.015,7.86,7.89,41114
09/02/2020,7.9231,7.98,7.9141,7.97,10975
09/03/2020,7.9999,8.12,7.9999,8.0782,21411
09/04/2020,8.035,8.175,8.035,8.175,31867
09/08/2020,8.24,8.44,8.18,8.43,9303
09/09/2020,8.44,9.05,8.24,9.03,36687
09/10/2020,9.13,9.13,8.926,9.03,7671
09/11/2020,8.625,9.2,8.62,9.2,12080
09/14/2020,9.1999,9.47,8.8777,9.47,12234
09/15/2020,9.215,9.45,9.2028,9.3,4948
09/16/2020,9.3,9.45,8.9416,9.395,16386
09/17/2020,9.02,9.74,8.89,9.66,8260
09/18/2020,9.285,9.66,8.975,9.27,62923
09/21/2020,9.25,9.54,8.73,9.39,4555
09/22/2020,9.6,9.64,9.54,9.54,700
09/23/2020,9.56,9.56,9.25,9.352,4500
09/24/2020,9.304,9.42,9.25,9.42,400
09/25/2020,9.27,9.36,9.25,9.25,3765
09/28/2020,9.4469,9.5799,9.41,9.5699,3200
09/29/2020,9.5,9.5,9.22,9.22,7834
09/30/2020,9.4533,9.49,9.4533,9.49,599
10/01/2020,9.396,9.565,9.396,9.52,1459
10/02/2020,9.56,9.56,9.56,9.56,267
10/05/2020,9.43,9.55,9.26,9.5,3857
10/06/2020,9.25,9.5,9.25,9.46,4198
10/07/2020,9.44,9.5,9.25,9.5,8486
10/08/2020,9.4185,9.4999,9.35,9.35,2252
10/09/2020,9.42,9.49,9.4142,9.49,859
10/12/2020,9.375,9.44,9.29,9.34,5234
10/13/2020,9.3636,9.395,9.34,9.34,1951
10/14/2020,9.3301,9.3301,9.3301,9.3301,1000
10/15/2020,9.325,9.4,9.27,9.352,4100
10/16/2020,9.3,9.35,9.18,9.26,23867
10/19/2020,9.25,9.35,9.2,9.29,6700
10/20/2020,9.3,9.35,9.3,9.35,800
10/21/2020,9.25,9.274,9.16,9.16,2500
10/22/2020,9.08,9.35,8.81,9,11139
10/26/2020,9.34,9.34,9.22,9.22,500
10/27/2020,9.22,9.25,9.08,9.08,7538
10/28/2020,9.22,9.24,9.22,9.24,500
10/29/2020,9.07,9.14,9.042,9.0952,1900
10/30/2020,9.19,9.2,9.18,9.2,12700
11/02/2020,9.15,9.15,9.075,9.1499,12200
11/03/2020,9.15,9.15,9.07,9.07,7463
11/04/2020,9.095,9.095,9.01,9.01,2865
11/05/2020,9.03,9.03,8.9691,8.9691,578
11/06/2020,9.1324,9.25,9.06,9.25,5300
11/09/2020,9.25,9.51,9.21,9.51,38417
11/10/2020,9.56,9.58,9.51,9.53,7126
11/11/2020,9.53,9.6,9.52,9.52,4430
11/12/2020,9.5276,9.6,9.51,9.5325,1051
11/13/2020,9.6,9.6,9.53,9.59,2888
11/16/2020,9.6,9.6,9.58,9.6,17662
11/17/2020,9.6,9.6,9.51,9.51,7986
11/18/2020,9.5514,9.6,9.52,9.52,2665
11/19/2020,9.6,10.0386,9.555,10.0353,6496
11/20/2020,10.0622,10.11,9.57,9.57,9105
11/23/2020,10.2,10.221,9.75,9.75,4062
11/24/2020,10.1499,10.1499,10.0001,10.07,9876
11/27/2020,10.09,10.165,10.0802,10.1301,800
11/30/2020,10.15,10.15,9.98,9.99,4646
12/01/2020,10,10.0174,9.845,9.88,8446
12/02/2020,9.9384,9.9384,9.88,9.88,1062
12/03/2020,9.83,10.01,9.83,10.01,6125
12/04/2020,10.0697,10.0697,9.86,9.9469,9170
12/07/2020,9.95,9.95,9.95,9.95,500
12/08/2020,9.95,9.95,9.95,9.95,2000
12/09/2020,9.9394,9.9394,9.86,9.86,5766
12/10/2020,9.9,9.9,9.73,9.77,3818
12/11/2020,9.74,9.78,9.7,9.78,4461
12/14/2020,9.87,9.99,9.87,9.98,500
12/15/2020,9.9687,9.98,9.732,9.98,2346
12/16/2020,9.9112,10,9.9112,10,1025
12/17/2020,9.98,10,9.945,9.945,2189
12/18/2020,9.99,10,9.81,9.84,12175
12/21/2020,9.79,9.895,9.79,9.8214,784
12/22/2020,9.98,9.98,9.85,9.85,300
12/23/2020,9.97,9.97,9.97,9.97,489
12/24/2020,9.92,9.92,9.92,9.92,254
12/28/2020,9.92,10,9.92,9.96,3128
12/29/2020,9.98,10,9.97,10,1924
12/30/2020,9.96,10.04,9.96,10.0099,1738
12/31/2020,9.95,10.02,9.95,10.02,394
