06/16/2020,25.45,25.5,25.075,25.15,137106
06/17/2020,25.11,25.1358,24.9675,25.07,30944
06/18/2020,25.02,25.16,24.94,25.14,93026
06/19/2020,25.17,25.25,25.08,25.15,47231
06/22/2020,25.21,25.3,25.1,25.27,53631
06/23/2020,25.33,25.54,25.3,25.45,347506
06/24/2020,25.36,25.4,25.07,25.25,53823
06/25/2020,25.23,25.4,25.2,25.38,47459
06/26/2020,25.4,25.4,25.15,25.24,93391
06/29/2020,25.31,25.4,25.225,25.34,59444
06/30/2020,25.37,25.43,25.28,25.32,571284
07/01/2020,25.27,25.3,25.23,25.2765,30677
07/02/2020,25.39,25.49,25.23,25.26,27976
07/06/2020,25.3,25.3,25.15,25.2,76534
07/07/2020,25.22,25.28,25.06,25.1,103280
07/08/2020,25.141,25.17,25.05,25.08,93915
07/09/2020,25.14,25.15,25.06,25.09,38472
07/10/2020,25.0702,25.14,24.975,25.0265,96304
07/13/2020,25.02,25.15,25.02,25.1,71770
07/14/2020,25.09,25.14,25.04,25.05,36102
07/15/2020,25.14,25.15,25.04,25.14,14583
07/16/2020,25.13,25.3,25.105,25.2999,23925
07/17/2020,25.2605,25.5,25.2225,25.5,41041
07/20/2020,25.5,25.51,25.425,25.51,16043
07/21/2020,25.53,25.83,25.53,25.7,561574
07/22/2020,25.8,25.8,25.49,25.5,304947
07/23/2020,25.6,25.74,25.38,25.55,95620
07/24/2020,25.5,25.73,25.5,25.7,29686
07/27/2020,25.73,25.8,25.6,25.8,23194
07/28/2020,25.8,25.82,25.72,25.77,23475
07/29/2020,25.85,25.94,25.85,25.93,19961
07/30/2020,25.85,26,25.85,25.98,109813
07/31/2020,26,26,25.8507,25.91,41700
08/03/2020,25.889,26.16,25.889,26.15,71151
08/04/2020,25.81,26.15,25.81,26.12,7674
08/05/2020,26.15,26.23,26.12,26.14,14905
08/06/2020,26.14,26.23,26.04,26.14,21010
08/07/2020,26.18,26.2,26.16,26.18,42407
08/10/2020,26.1,26.22,26.1,26.21,3308
08/11/2020,26.1,26.24,26.01,26.1377,13064
08/12/2020,26.23,26.37,25.87,26.12,22374
08/13/2020,26.35,26.35,26.1501,26.1501,16197
08/14/2020,26.3,26.35,26.235,26.34,1779
08/17/2020,26.2507,26.34,26.12,26.2,21196
08/18/2020,26.11,26.3,26.11,26.26,30451
08/19/2020,26.2,26.53,26.2,26.35,14436
08/20/2020,26.4078,26.45,26.3,26.37,23591
08/21/2020,26.25,26.49,26.25,26.49,13226
08/24/2020,26.49,26.5,26.34,26.42,17713
08/25/2020,26.49,26.5,26.28,26.38,23212
08/26/2020,26.48,26.5,26.25,26.5,755010
08/27/2020,26.48,26.66,26.445,26.66,11134
08/28/2020,26.484,26.8399,26.484,26.7098,7001
08/31/2020,26.76,26.9375,26.629,26.92,34753
09/01/2020,26.86,26.92,26.7643,26.8156,8102
09/02/2020,26.8263,26.99,26.67,26.95,17934
09/03/2020,26.94,26.94,26.68,26.68,10152
09/04/2020,26.72,26.75,26.35,26.35,39965
09/08/2020,26.34,26.48,26.34,26.36,8696
09/09/2020,26.45,26.68,26.36,26.5,29517
09/10/2020,26.5,26.67,26.4711,26.586,11317
09/11/2020,26.63,26.63,26.51,26.54,7446
09/14/2020,26.68,26.83,26.56,26.83,9804
09/15/2020,26.86,26.9432,26.76,26.882,16834
09/16/2020,26.96,27.03,26.91,27.03,12463
09/17/2020,26.8,26.95,26.49,26.86,21033
09/18/2020,26.774,26.82,26.74,26.74,5667
09/21/2020,26.61,26.82,26.61,26.75,8734
09/22/2020,26.78,26.91,26.72,26.8002,23894
09/23/2020,26.85,26.85,26.46,26.79,5941
09/24/2020,26.6,26.85,26.6,26.7,11037
09/25/2020,26.05,26.61,26.05,26.6,12318
09/28/2020,26.56,26.9,26.5,26.5,16148
09/29/2020,26.74,26.85,26.6279,26.84,11095
09/30/2020,26.84,27.35,26.587,27.35,37941
10/01/2020,27.47,28.42,27.47,27.71,10818
10/02/2020,27.3101,27.81,27.3101,27.32,6740
10/05/2020,27.44,27.48,26.8994,27.055,31498
10/06/2020,26.99,27.07,26.88,26.88,7118
10/07/2020,26.97,27.28,26.97,27.28,14097
10/08/2020,27.35,27.395,27.25,27.25,3294
10/09/2020,27.24,27.6398,27.24,27.6398,6511
10/12/2020,27.3443,27.8,27.3,27.35,14984
10/13/2020,27.32,27.4,26.8,26.82,17016
10/14/2020,26.85,26.85,26.5,26.55,24439
10/15/2020,26.37,26.6,26.16,26.485,22297
10/16/2020,26.56,26.5799,26.36,26.4,18492
10/19/2020,26.51,26.51,26.365,26.37,3702
10/20/2020,26.53,26.67,26.4517,26.585,10148
10/21/2020,26.65,26.69,26.34,26.51,102090
10/22/2020,26.6,26.64,26.35,26.56,13393
10/23/2020,26.54,26.94,26.525,26.93,12226
10/26/2020,26.89,27,26.82,26.98,8729
10/27/2020,26.72,26.9307,26.61,26.61,18821
10/28/2020,26.61,26.62,26.27,26.5,22543
10/29/2020,26.5625,26.66,26.5,26.5004,5506
10/30/2020,26.5,26.55,26.4,26.5,19523
11/02/2020,26.84,26.89,26.557,26.77,5104
11/03/2020,27.05,27.05,27.02,27.04,1450
11/04/2020,27.07,27.35,27.04,27.05,11467
11/05/2020,26.9449,27.0998,26.9449,27.0998,375
11/06/2020,27.11,27.11,26.9972,27.01,2537
11/09/2020,26.93,27.02,26.86,26.9,7217
11/10/2020,27,27.092,26.73,26.84,14944
11/11/2020,26.9,27.06,26.9,27,8532
11/12/2020,27.05,27.34,27.03,27.05,23875
11/13/2020,27.1657,27.2127,27,27.09,91871
11/16/2020,27.05,27.28,27.04,27.28,37196
11/17/2020,27.3,27.88,27.3,27.855,15806
11/18/2020,27.7,27.95,27.7,27.94,13259
11/19/2020,27.85,27.9441,27.7,27.7,14338
11/20/2020,27.9,27.99,27.61,27.61,37934
11/23/2020,27.525,27.66,27.11,27.1699,51507
11/24/2020,27.21,27.54,27.14,27.47,29633
11/25/2020,27.1185,27.6,27.01,27.2,5406
11/27/2020,27.3812,27.52,27.2701,27.2701,2600
11/30/2020,27.21,27.23,26.96,27.11,23085
12/01/2020,27.04,27.33,27.04,27.24,14535
12/02/2020,27.275,27.4,27.185,27.3335,4889
12/03/2020,27.46,27.49,27.21,27.3,15966
12/04/2020,27.47,27.68,27.3801,27.65,14668
12/07/2020,27.59,27.78,27.5101,27.76,17220
12/08/2020,27.78,27.95,27.7601,27.86,24368
12/09/2020,27.8801,27.98,27.87,27.94,11726
12/10/2020,27.71,28.05,27.71,27.94,18288
12/11/2020,27.77,28,27.77,27.9,9899
12/14/2020,27.736,28.06,27.736,27.86,11163
12/15/2020,27.98,28.25,27.98,28.15,7927
12/16/2020,28.2,28.34,28.1277,28.22,6828
12/17/2020,28.14,28.45,28.1,28.33,16088
12/18/2020,28.15,28.41,28.1,28.41,9170
12/21/2020,28.35,28.35,27.9925,28.29,8309
12/22/2020,28.12,28.3,28.05,28.24,8462
12/23/2020,28.024,28.2,28,28.145,24285
12/24/2020,28.2,28.2,28.1,28.145,4827
12/28/2020,28.2,28.2,27.989,28.0402,7676
12/29/2020,28.08,28.12,28.07,28.12,7349
12/30/2020,28.015,28.2,28,28.191,16623
12/31/2020,28.1975,28.28,28.1975,28.2,15518
