07/10/2012,9.214,9.268,8.9,8.998,1170564
07/11/2012,9.079,9.079,8.9,8.989,162427
07/12/2012,8.989,9.124,8.945,9.061,104232
07/13/2012,9.052,9.169,8.971,9.133,53060
07/16/2012,9.007,9.07,8.998,9.052,60740
07/17/2012,9.07,9.07,8.989,9.025,81151
07/18/2012,8.998,9.007,8.989,9.007,87461
07/19/2012,9.007,9.07,9.001,9.07,78401
07/20/2012,9.123,9.124,9.079,9.079,57901
07/23/2012,8.989,9.133,8.989,9.133,73130
07/24/2012,9.124,9.133,9.079,9.124,21691
07/25/2012,9.133,9.133,9.079,9.079,57552
07/26/2012,9.124,9.142,9.115,9.115,92787
07/27/2012,9.115,9.115,9.079,9.097,45635
07/30/2012,9.079,9.097,9.043,9.07,30846
07/31/2012,9.034,9.097,9.034,9.044,51393
08/01/2012,9.052,9.169,9.043,9.169,103442
08/02/2012,9.124,9.214,9.124,9.196,76940
08/03/2012,9.241,9.241,9.231,9.232,22800
08/06/2012,9.241,9.241,9.169,9.214,12607
08/07/2012,9.25,9.25,9.169,9.178,24460
08/08/2012,9.169,9.241,9.156,9.241,56337
08/09/2012,9.178,9.259,9.169,9.178,43251
08/10/2012,9.169,9.304,9.169,9.259,28027
08/13/2012,9.259,9.304,9.259,9.295,3757
08/14/2012,9.304,9.304,9.259,9.295,6672
08/15/2012,9.304,9.304,9.259,9.295,7048
08/16/2012,9.191,9.295,9.191,9.295,6119
08/17/2012,9.295,9.295,9.268,9.295,1112
08/20/2012,9.295,9.295,9.295,9.295,556
08/21/2012,9.286,9.421,9.259,9.421,38150
08/22/2012,9.53,9.682,9.503,9.584,22210
08/23/2012,9.655,9.655,9.421,9.421,3792
08/24/2012,9.439,9.547,9.439,9.547,6117
08/27/2012,9.547,9.547,9.385,9.466,30819
08/28/2012,9.547,9.619,9.529,9.529,23285
08/29/2012,9.529,9.529,9.484,9.484,1223
08/30/2012,9.601,9.619,9.484,9.619,9511
08/31/2012,9.619,9.727,9.592,9.592,13000
09/04/2012,9.466,9.592,9.466,9.592,15831
09/05/2012,9.565,9.646,9.549,9.646,50028
09/06/2012,9.601,9.628,9.592,9.628,9851
09/07/2012,9.529,9.637,9.529,9.619,889
09/10/2012,9.61,9.619,9.52,9.619,30186
09/11/2012,9.574,9.619,9.574,9.619,10011
09/12/2012,9.619,9.628,9.619,9.619,12347
09/13/2012,9.619,9.619,9.583,9.61,22200
09/14/2012,9.646,9.646,9.601,9.628,22802
09/17/2012,9.529,9.691,9.529,9.619,5448
09/18/2012,9.466,9.691,9.466,9.691,6286
09/19/2012,9.646,9.646,9.628,9.646,889
09/20/2012,9.637,9.736,9.637,9.736,6674
09/21/2012,9.709,9.799,9.664,9.682,18922
09/24/2012,9.7,9.799,9.682,9.799,17133
09/25/2012,9.709,9.763,9.673,9.763,10400
09/26/2012,9.673,9.673,9.673,9.673,870
10/01/2012,9.673,9.673,9.592,9.592,7564
10/02/2012,9.619,9.619,9.619,9.619,779
10/03/2012,9.673,9.673,9.673,9.673,111
10/04/2012,9.628,9.673,9.619,9.655,4227
10/05/2012,9.691,9.7,9.672,9.672,10134
10/08/2012,9.691,9.7,9.691,9.7,2558
10/09/2012,9.664,9.664,9.664,9.664,1001
10/10/2012,9.664,9.673,9.663,9.664,4281
10/11/2012,9.7,9.7,9.664,9.664,1335
10/12/2012,9.682,9.682,9.664,9.682,5340
10/15/2012,9.664,9.754,9.664,9.754,13973
10/16/2012,9.709,9.754,9.691,9.754,12272
10/17/2012,9.745,9.834,9.745,9.834,11999
10/22/2012,9.799,9.799,9.799,9.799,334
10/23/2012,9.709,9.709,9.709,9.709,890
10/24/2012,9.799,9.825,9.799,9.825,1112
10/25/2012,9.834,10.014,9.799,10.014,21758
10/26/2012,9.929,9.933,9.75,9.884,4228
10/31/2012,9.978,10.563,9.978,10.473,72486
11/01/2012,10.563,10.787,10.563,10.787,23739
11/02/2012,10.787,10.787,10.697,10.787,16199
11/05/2012,10.733,10.787,10.733,10.778,3598
11/06/2012,10.778,10.787,10.724,10.724,5994
11/07/2012,10.724,10.724,10.724,10.724,222
11/08/2012,10.721,10.724,10.715,10.724,2446
11/12/2012,10.626,10.778,10.518,10.778,3623
11/13/2012,10.688,10.787,10.688,10.787,20581
11/14/2012,10.787,10.787,10.787,10.787,667
11/15/2012,10.787,10.787,10.697,10.697,3882
11/16/2012,10.787,10.967,10.778,10.787,29810
11/19/2012,10.787,11.003,10.769,10.976,7786
11/20/2012,11.003,11.219,11.003,11.219,11257
11/21/2012,11.21,11.677,11.21,11.309,31025
11/23/2012,11.471,11.668,11.471,11.641,2891
11/26/2012,11.318,11.659,11.318,11.659,2890
11/27/2012,11.507,11.659,11.507,11.659,4449
11/28/2012,11.291,11.623,11.291,11.623,1223
11/29/2012,11.631,12.271,11.631,11.685,15124
11/30/2012,11.74,11.767,11.74,11.767,3394
12/03/2012,11.749,11.749,11.686,11.74,5455
12/04/2012,11.695,11.749,11.686,11.704,8723
12/05/2012,11.749,11.767,11.749,11.749,3168
12/06/2012,11.758,11.965,11.684,11.956,17690
12/07/2012,11.767,11.767,11.722,11.722,3838
12/10/2012,11.722,11.722,11.722,11.722,222
12/11/2012,11.363,11.686,11.363,11.641,4337
12/12/2012,11.48,11.632,11.462,11.623,2558
12/13/2012,11.695,11.704,11.596,11.677,3557
12/14/2012,11.704,11.704,11.668,11.686,17130
12/17/2012,11.641,11.704,11.641,11.686,5685
12/18/2012,11.704,11.704,11.668,11.668,5680
12/19/2012,11.677,11.677,11.668,11.677,2222
12/21/2012,11.543,11.668,11.391,11.668,6006
12/24/2012,11.641,11.677,11.632,11.632,1334
12/28/2012,11.48,11.686,11.48,11.659,9899
12/31/2012,11.246,11.659,11.246,11.659,4578
01/02/2013,11.659,11.686,11.65,11.686,32462
01/03/2013,11.677,11.686,11.515,11.686,44037
01/04/2013,11.614,11.713,11.515,11.596,15618
01/07/2013,11.623,11.767,11.623,11.74,18960
01/08/2013,11.731,11.947,11.677,11.857,13921
01/09/2013,11.857,11.938,11.85,11.857,1422
01/10/2013,11.686,11.938,11.686,11.938,4225
01/11/2013,11.929,11.929,11.754,11.754,361
01/14/2013,11.74,11.857,11.74,11.857,1680
01/15/2013,11.848,12.046,11.848,12.037,3927
01/16/2013,11.875,12.387,11.875,12.262,2669
01/17/2013,12.334,12.495,12.334,12.352,1800
01/18/2013,12.487,12.594,12.441,12.585,11789
01/22/2013,12.612,12.765,12.603,12.765,5689
01/23/2013,12.81,12.837,12.684,12.684,9586
01/24/2013,12.774,13.026,12.774,13.002,2266
01/25/2013,13.035,13.044,12.819,12.855,6979
01/28/2013,12.621,12.621,12.585,12.585,2336
01/29/2013,12.599,12.666,12.545,12.635,9685
01/30/2013,12.585,12.63,12.54,12.63,4003
01/31/2013,12.63,12.927,12.585,12.81,8794
02/01/2013,12.99,13.43,12.909,13.421,8650
02/04/2013,13.403,13.43,12.981,13.12,6561
02/05/2013,13.179,13.188,13.125,13.134,3114
02/06/2013,13.044,13.502,13.044,13.502,4227
02/07/2013,13.61,13.709,13.61,13.7,2224
02/08/2013,13.484,13.484,13.484,13.484,2225
02/11/2013,13.664,13.916,13.152,13.916,4782
02/12/2013,13.376,13.709,13.376,13.682,5283
02/13/2013,13.493,13.493,13.484,13.484,222
02/14/2013,13.493,13.493,13.484,13.484,444
02/15/2013,13.511,13.682,13.484,13.682,3781
02/19/2013,13.592,13.592,13.592,13.592,222
02/20/2013,13.619,13.646,13.439,13.439,10011
02/21/2013,13.223,13.223,13.223,13.223,111
02/22/2013,13.291,13.484,13.214,13.214,33201
02/25/2013,13.214,13.214,12.819,13.035,13688
02/26/2013,13.089,13.619,13.089,13.179,3794
02/27/2013,13.259,13.331,13.259,13.268,8897
02/28/2013,13.188,13.188,13.188,13.188,334
03/01/2013,13.179,13.556,13.179,13.448,1668
03/04/2013,13.547,13.547,13.259,13.34,556
03/05/2013,13.421,13.439,13.376,13.394,12568
03/06/2013,13.403,13.466,13.403,13.466,222
03/07/2013,13.462,13.511,13.34,13.505,2998
03/08/2013,13.493,13.493,13.466,13.466,445
03/11/2013,13.61,13.799,13.502,13.79,12346
03/12/2013,13.799,13.799,13.709,13.709,779
03/13/2013,13.79,13.79,13.664,13.67,8090
03/14/2013,13.79,17.484,13.79,14.743,17490
03/15/2013,14.164,14.518,14.158,14.383,1896
03/18/2013,14.311,14.311,14.311,14.311,111
03/19/2013,14.473,14.473,14.293,14.338,7617
03/20/2013,14.806,14.806,14.806,14.806,111
03/21/2013,14.635,14.806,14.635,14.806,222
03/22/2013,14.779,14.779,14.23,14.23,2987
03/25/2013,14.23,14.59,14.23,14.383,779
03/26/2013,14.428,14.473,14.335,14.335,4536
03/27/2013,14.347,14.383,14.32,14.383,2335
03/28/2013,14.383,14.383,14.248,14.248,1863
04/01/2013,14.374,14.374,14.257,14.257,2225
04/03/2013,14.239,14.392,14.239,14.365,6562
04/04/2013,14.365,14.491,14.365,14.491,611
04/05/2013,14.356,14.545,14.356,14.473,333
04/08/2013,14.257,14.356,14.257,14.338,5177
04/09/2013,14.248,14.464,14.248,14.293,5545
04/10/2013,14.374,14.374,14.374,14.374,111
04/11/2013,14.383,14.464,14.383,14.464,1446
04/12/2013,14.473,14.563,14.338,14.563,6077
04/15/2013,14.563,14.563,14.473,14.491,1680
04/16/2013,14.311,14.311,14.293,14.293,2665
04/17/2013,14.302,14.374,14.158,14.302,8918
04/19/2013,14.356,14.554,14.302,14.302,4300
04/22/2013,14.113,14.113,14.113,14.113,111
04/23/2013,14.284,14.284,14.284,14.284,334
04/24/2013,14.464,14.464,14.464,14.464,556
04/25/2013,14.383,14.383,14.113,14.365,2336
04/26/2013,14.374,14.374,14.356,14.356,556
04/29/2013,14.374,14.743,14.212,14.608,13776
04/30/2013,14.68,14.806,14.68,14.797,3174
05/01/2013,14.68,14.788,14.68,14.788,917
05/02/2013,14.833,14.833,14.671,14.824,2336
05/03/2013,14.833,14.851,14.617,14.851,9295
05/06/2013,15.273,15.273,15.125,15.273,3808
05/07/2013,15.237,15.237,15.183,15.21,2557
05/08/2013,15.215,15.237,15.197,15.237,1395
05/09/2013,15.254,15.264,15.191,15.191,3924
05/10/2013,15.202,15.219,15.201,15.201,2222
05/13/2013,15.165,15.165,15.112,15.156,444
05/14/2013,15.129,15.327,15.129,15.327,853
05/15/2013,15.3,15.3,15.192,15.192,333
05/16/2013,15.282,15.282,15.147,15.147,1500
05/17/2013,15.246,15.318,15.246,15.318,1220
05/20/2013,15.273,15.273,15.147,15.156,1220
05/21/2013,15.318,15.318,15.237,15.237,3517
05/22/2013,15.21,15.246,15.21,15.246,888
05/23/2013,15.156,15.156,15.156,15.156,111
05/24/2013,15.156,15.273,15.156,15.246,2232
05/28/2013,15.327,15.327,15.327,15.327,222
05/29/2013,15.264,15.264,15.255,15.255,1082
05/30/2013,14.89,15.165,14.89,15.125,2108
05/31/2013,15.129,15.327,15.129,15.327,1109
06/03/2013,15.327,15.327,15.327,15.327,1109
06/04/2013,15.318,15.318,15.247,15.255,499
06/05/2013,15.201,15.508,15.201,15.508,3755
06/06/2013,15.345,15.58,15.345,15.345,555
06/10/2013,15.445,16.905,15.418,16.905,618
06/11/2013,16.391,16.391,16.063,16.063,1775
06/12/2013,16.148,16.148,16.139,16.139,444
06/13/2013,16.094,16.094,16.094,16.094,111
06/17/2013,15.553,16.094,15.553,16.022,1553
06/18/2013,16.067,16.067,15.58,15.949,555
06/19/2013,15.652,16.049,15.607,16.049,333
06/20/2013,15.778,15.778,15.778,15.778,111
06/21/2013,15.616,15.67,15.598,15.67,1470
06/24/2013,15.634,15.634,15.616,15.616,324
06/25/2013,16.094,16.094,16.094,16.094,222
06/26/2013,16.085,16.085,16.085,16.085,306
06/27/2013,15.977,16.094,15.977,16.094,603
06/28/2013,16.184,16.184,16.184,16.184,12216
07/01/2013,16.184,16.184,15.634,16.157,4490
07/02/2013,16.103,16.148,15.625,16.139,2653
07/05/2013,16.13,16.13,16.013,16.013,777
07/08/2013,15.643,15.778,15.643,15.652,463
07/09/2013,15.841,15.94,15.643,15.877,6851
07/10/2013,15.751,15.751,15.643,15.643,444
07/11/2013,15.724,15.724,15.463,15.463,5861
07/12/2013,15.472,15.58,15.336,15.463,7744
07/15/2013,15.526,15.544,15.454,15.454,1498
07/16/2013,15.327,15.553,15.327,15.553,27062
07/17/2013,15.499,15.562,15.427,15.535,20657
07/18/2013,15.463,15.463,15.463,15.463,111
07/19/2013,15.553,15.598,15.553,15.598,1830
07/22/2013,15.598,15.598,15.429,15.436,16085
07/23/2013,15.652,15.688,15.652,15.688,4326
07/24/2013,15.733,15.733,15.418,15.643,3660
07/25/2013,15.697,15.697,15.454,15.598,4934
07/26/2013,15.562,15.598,15.418,15.553,30558
07/29/2013,15.553,15.598,15.102,15.598,23291
07/30/2013,15.472,15.643,15.472,15.575,12828
07/31/2013,15.58,15.643,15.508,15.643,17363
08/01/2013,15.614,15.643,15.614,15.643,776
08/02/2013,15.634,15.634,15.481,15.481,1022
08/05/2013,15.448,15.535,15.448,15.535,1331
08/06/2013,15.354,15.445,15.238,15.445,5468
08/07/2013,15.219,15.381,15.219,15.363,887
08/09/2013,15.067,15.643,15.067,15.643,666
08/12/2013,15.327,15.327,15.327,15.327,222
08/13/2013,15.373,15.49,15.373,15.49,1438
08/14/2013,15.391,15.463,15.156,15.156,664
08/15/2013,15.165,15.481,15.165,15.463,1493
08/16/2013,15.345,15.345,15.282,15.282,1549
08/19/2013,15.345,15.345,14.875,15.192,18286
08/20/2013,15.101,15.101,14.984,14.984,222
08/21/2013,14.966,14.993,14.966,14.993,2941
08/22/2013,15.128,15.128,15.128,15.128,332
08/23/2013,15.147,15.192,15.147,15.156,774
08/26/2013,15.192,15.201,15.156,15.156,3097
08/27/2013,15.137,15.165,15.128,15.137,2213
08/28/2013,15.137,15.147,15.137,15.146,6746
08/29/2013,15.075,15.165,15.071,15.147,5463
08/30/2013,15.183,15.192,15.101,15.192,2735
09/03/2013,15.264,15.282,15.207,15.264,2501
09/04/2013,15.192,15.282,15.192,15.282,4866
09/05/2013,15.355,15.355,15.057,15.074,664
09/06/2013,15.165,15.165,15.165,15.165,111
09/09/2013,15.228,15.228,15.228,15.228,332
09/10/2013,15.355,15.508,15.282,15.382,11661
09/11/2013,15.278,15.553,15.278,15.508,6857
09/12/2013,15.591,15.671,14.994,15.373,10950
09/13/2013,15.59,15.59,15.373,15.373,1005
09/16/2013,15.544,15.608,15.373,15.608,19691
09/17/2013,15.581,15.581,15.553,15.553,996
09/18/2013,15.302,15.508,15.302,15.508,7593
09/19/2013,15.599,15.608,15.553,15.608,1107
09/20/2013,15.535,15.689,15.526,15.689,9683
09/24/2013,15.554,15.689,15.553,15.563,1438
09/25/2013,15.599,15.608,15.3,15.3,20267
09/26/2013,15.454,15.508,15.228,15.373,5146
09/27/2013,15.409,15.409,15.382,15.382,255
09/30/2013,15.373,15.373,15.373,15.373,111
10/01/2013,15.373,15.463,15.373,15.463,5970
10/02/2013,15.463,15.553,15.463,15.553,3649
10/03/2013,15.464,15.544,15.349,15.454,5862
10/07/2013,15.201,15.237,15.011,15.011,3990
10/08/2013,15.264,15.264,15.264,15.264,571
10/11/2013,15.237,15.237,15.156,15.165,886
10/14/2013,15.255,15.255,15.255,15.255,111
10/15/2013,15.002,15.128,15.002,15.128,3206
10/16/2013,15.189,15.237,15.189,15.237,332
10/17/2013,15.074,15.237,15.02,15.11,5198
10/18/2013,15.273,15.273,15.065,15.137,3430
10/21/2013,15.047,15.373,14.993,15.373,19789
10/22/2013,15.418,15.418,15.377,15.377,32282
10/23/2013,15.345,15.608,15.345,15.373,34172
10/24/2013,15.364,15.445,15.282,15.391,3317
10/25/2013,15.265,15.626,15.265,15.464,21677
10/28/2013,15.508,15.553,15.463,15.49,3694
10/29/2013,15.49,15.535,15.49,15.508,46461
10/30/2013,15.373,15.608,15.255,15.608,83763
10/31/2013,15.345,15.608,15.345,15.375,2322
11/01/2013,15.463,15.59,15.374,15.374,4088
11/04/2013,15.526,15.526,15.336,15.391,2129
11/05/2013,15.454,15.608,15.454,15.553,6636
11/06/2013,15.508,15.508,15.508,15.508,221
11/07/2013,15.553,15.553,15.516,15.516,1327
11/08/2013,15.499,15.535,15.499,15.535,1661
11/11/2013,15.373,15.373,15.373,15.373,2212
11/12/2013,15.508,15.553,15.508,15.553,23223
11/13/2013,15.599,15.671,15.581,15.671,33081
11/14/2013,15.671,15.671,15.59,15.59,4398
11/15/2013,15.608,15.608,15.608,15.608,115
11/18/2013,15.617,15.617,15.59,15.59,3028
11/19/2013,15.599,15.599,15.553,15.553,747
11/20/2013,15.553,15.563,15.553,15.554,922
11/21/2013,15.544,15.544,15.544,15.544,221
11/22/2013,15.599,15.626,15.599,15.626,2210
11/25/2013,15.626,15.626,15.554,15.554,220
11/26/2013,15.508,15.608,15.508,15.599,7168
11/27/2013,15.599,15.599,15.599,15.599,1103
11/29/2013,15.608,15.608,15.608,15.608,110
12/02/2013,15.608,15.608,15.553,15.608,5304
12/03/2013,15.617,15.617,15.554,15.554,2426
12/04/2013,15.49,15.617,15.49,15.617,331
12/05/2013,15.544,15.617,15.543,15.617,2867
12/06/2013,15.572,15.626,15.553,15.626,3948
12/09/2013,15.626,15.626,15.563,15.599,2539
12/10/2013,15.563,15.581,15.563,15.573,2868
12/11/2013,15.563,15.563,15.563,15.563,110
12/12/2013,15.617,15.626,15.603,15.617,4963
12/13/2013,15.608,15.626,15.581,15.626,9262
12/16/2013,15.621,15.626,15.554,15.554,4033
12/17/2013,15.626,15.626,15.59,15.626,1536
12/18/2013,15.553,15.626,15.553,15.626,3088
12/19/2013,15.563,15.581,15.563,15.563,2261
12/20/2013,15.658,15.735,15.658,15.735,1361
12/23/2013,15.635,15.644,15.581,15.581,13640
12/24/2013,15.553,15.554,15.553,15.554,547
12/26/2013,15.608,15.608,15.553,15.553,1654
12/27/2013,15.581,15.581,15.508,15.581,441
12/30/2013,15.526,15.526,15.526,15.526,158
12/31/2013,15.608,15.608,15.544,15.554,992
01/02/2014,15.59,15.599,15.508,15.508,9911
01/03/2014,15.508,15.508,15.508,15.508,551
01/06/2014,15.572,15.572,15.508,15.508,5921
01/09/2014,15.463,15.463,15.417,15.417,2867
01/10/2014,15.417,15.417,15.417,15.417,662
01/13/2014,15.59,15.59,15.417,15.481,9957
01/14/2014,15.418,15.508,15.417,15.508,1544
01/15/2014,15.426,15.581,15.372,15.417,8866
01/16/2014,15.39,15.572,15.39,15.417,5920
01/17/2014,15.399,15.445,15.39,15.39,2426
01/21/2014,15.354,15.426,15.336,15.417,4283
01/22/2014,15.454,15.581,15.336,15.336,5108
01/23/2014,15.426,15.68,15.426,15.599,2977
01/24/2014,15.599,15.608,15.337,15.418,8268
01/27/2014,15.49,15.508,15.49,15.508,992
01/28/2014,15.553,15.553,15.417,15.417,11799
01/29/2014,15.418,15.544,15.382,15.486,92168
01/30/2014,15.517,15.581,15.417,15.563,35539
01/31/2014,15.454,15.553,15.426,15.553,9963
02/03/2014,15.427,15.481,15.372,15.39,15846
02/04/2014,15.418,15.418,15.417,15.418,4081
02/05/2014,15.381,15.417,15.281,15.281,959
02/06/2014,15.291,15.318,15.29,15.3,2809
02/07/2014,15.418,15.426,15.327,15.372,2537
02/10/2014,15.454,15.454,15.29,15.436,5105
02/11/2014,15.417,15.426,15.39,15.39,2509
02/12/2014,15.336,15.354,15.327,15.327,4763
02/13/2014,15.372,15.372,15.327,15.327,2200
02/14/2014,15.327,15.336,15.327,15.336,781
02/18/2014,15.336,15.336,15.326,15.327,1217
02/19/2014,15.325,15.418,15.325,15.326,896
02/20/2014,15.327,15.49,15.29,15.49,5066
02/21/2014,15.327,15.327,15.281,15.281,6157
02/24/2014,15.39,15.39,15.285,15.285,6604
02/25/2014,15.381,15.381,15.381,15.381,275
02/26/2014,15.363,15.363,15.318,15.318,4574
02/27/2014,15.463,15.472,15.426,15.455,7856
02/28/2014,15.449,15.499,15.327,15.327,2006
03/03/2014,15.363,15.372,15.281,15.363,3049
03/04/2014,15.298,15.39,15.289,15.39,4507
03/05/2014,15.371,15.372,15.362,15.362,4068
03/06/2014,15.363,15.363,15.363,15.363,440
03/07/2014,15.372,15.372,15.336,15.336,1647
03/10/2014,15.336,15.336,14.935,15.263,9605
03/12/2014,15.217,15.217,15.217,15.217,220
03/13/2014,15.134,15.299,15.134,15.299,1980
03/14/2014,15.026,15.272,15.017,15.226,2602
03/17/2014,15.136,15.136,15.136,15.136,110
03/18/2014,15.092,15.136,15.092,15.136,918
03/20/2014,15.154,15.154,15.154,15.154,440
03/21/2014,15.126,15.145,15.126,15.145,1773
03/24/2014,15.017,15.045,15.017,15.045,2830
03/26/2014,15.025,15.154,15.008,15.008,10555
03/28/2014,15,15.154,14.873,15,6193
03/31/2014,14.917,14.917,14.872,14.872,2075
04/01/2014,14.733,14.763,14.715,14.763,6213
04/02/2014,14.899,15.09,14.899,15.09,5606
04/04/2014,15.026,15.026,15.026,15.026,110
04/08/2014,15.026,15.026,15.026,15.026,550
04/09/2014,15.008,15.008,14.781,14.899,12309
04/10/2014,14.89,14.89,14.89,14.89,550
04/16/2014,14.835,15.154,14.781,15.154,29184
04/17/2014,14.872,15.145,14.872,15.144,440
04/21/2014,15.126,15.145,14.999,15.008,776
04/22/2014,15.099,15.099,14.835,14.926,1430
04/25/2014,14.335,14.926,14.335,14.917,12369
04/29/2014,14.899,14.917,14.85,14.917,4326
04/30/2014,15.017,15.017,15.017,15.017,550
05/01/2014,14.99,15.372,14.99,15.236,15374
05/02/2014,15.254,15.363,15.054,15.054,9241
05/05/2014,15.054,15.363,15.054,15.299,4126
05/06/2014,15.362,15.363,15.336,15.363,2419
05/09/2014,15.281,15.281,15.045,15.054,3740
05/12/2014,15.382,15.729,15.346,15.611,40233
05/13/2014,15.757,15.775,15.474,15.693,80137
05/14/2014,15.455,15.647,15.437,15.647,2035
05/15/2014,15.592,15.684,15.538,15.684,1646
05/16/2014,15.483,15.611,15.474,15.474,2197
05/19/2014,15.501,15.775,15.501,15.574,78693
05/20/2014,15.538,15.574,15.528,15.538,5680
05/22/2014,15.538,15.665,15.538,15.665,1972
05/23/2014,15.565,15.601,15.528,15.601,1425
05/27/2014,15.565,15.656,15.565,15.62,26685
05/28/2014,15.547,15.592,15.528,15.592,1754
05/29/2014,15.62,15.62,15.556,15.565,1971
05/30/2014,15.547,15.647,15.547,15.647,1095
06/02/2014,15.601,15.693,15.601,15.693,5969
06/03/2014,15.72,15.811,15.629,15.811,6030
06/04/2014,15.634,15.684,15.625,15.684,986
06/05/2014,15.693,15.757,15.693,15.747,12377
06/09/2014,15.62,15.62,15.538,15.556,7343
06/10/2014,15.547,15.62,15.547,15.592,5256
06/11/2014,15.592,15.674,15.519,15.674,2849
06/12/2014,15.565,15.693,15.565,15.693,329
06/13/2014,15.519,15.519,15.519,15.519,110
06/16/2014,15.519,15.519,15.519,15.519,110
06/17/2014,15.519,15.519,15.519,15.519,110
06/18/2014,15.775,15.775,15.611,15.611,1350
06/19/2014,15.547,15.711,15.528,15.711,13327
06/20/2014,15.71,15.894,15.71,15.894,2968
06/23/2014,15.747,16.085,15.747,15.903,23714
06/24/2014,15.848,16.003,15.802,15.821,1645
06/25/2014,15.884,15.884,15.884,15.884,548
06/26/2014,15.967,15.967,15.93,15.948,768
06/27/2014,15.875,15.884,15.875,15.884,3067
06/30/2014,15.875,15.884,15.875,15.884,9662
07/01/2014,15.702,15.884,15.702,15.884,8436
07/02/2014,15.757,15.884,15.747,15.875,6180
07/07/2014,15.713,15.729,15.583,15.729,1315
07/09/2014,15.665,15.674,15.665,15.674,220
07/10/2014,15.51,15.738,15.51,15.592,1426
07/11/2014,15.583,15.711,15.556,15.592,8496
07/14/2014,15.574,15.583,15.428,15.474,926
07/15/2014,15.685,15.793,15.685,15.793,549
07/16/2014,15.547,15.684,15.547,15.684,220
07/21/2014,15.41,15.656,15.41,15.656,3443
07/22/2014,15.592,15.674,15.592,15.625,4383
07/23/2014,15.575,15.592,15.574,15.592,1644
07/24/2014,15.583,15.693,15.583,15.592,1097
07/25/2014,15.519,15.693,15.492,15.693,1315
07/28/2014,15.656,15.875,15.583,15.665,4119
07/29/2014,15.665,15.83,15.665,15.821,1605
07/30/2014,15.875,15.875,15.738,15.738,330
07/31/2014,15.611,15.775,15.611,15.747,2959
08/01/2014,15.791,15.875,15.656,15.867,9090
08/04/2014,15.691,15.711,15.661,15.711,931
08/05/2014,15.51,15.884,15.51,15.592,3506
08/06/2014,15.839,15.839,15.72,15.72,329
08/08/2014,15.884,15.884,15.702,15.702,659
08/11/2014,15.747,15.793,15.72,15.72,9859
08/12/2014,15.912,15.912,15.766,15.809,4089
08/13/2014,15.894,15.94,15.656,15.656,26722
08/14/2014,15.94,15.94,15.94,15.94,109
08/15/2014,15.931,15.94,15.738,15.748,6877
08/18/2014,15.838,15.848,15.838,15.847,2373
08/19/2014,15.94,15.94,15.848,15.848,1009
08/20/2014,15.94,15.94,15.803,15.803,682
08/21/2014,15.848,15.857,15.848,15.848,4502
08/22/2014,15.848,15.931,15.803,15.839,3054
08/25/2014,15.931,15.931,15.931,15.931,164
08/26/2014,15.931,15.94,15.908,15.908,578
08/27/2014,15.894,15.894,15.894,15.894,7898
08/28/2014,15.898,15.931,15.898,15.898,2699
09/02/2014,15.894,15.894,15.857,15.857,2036
09/03/2014,15.867,15.876,15.867,15.876,6606
09/04/2014,15.748,15.83,15.748,15.83,7751
09/05/2014,15.83,15.83,15.83,15.83,831
09/08/2014,15.638,15.803,15.638,15.803,5787
09/09/2014,15.683,15.803,15.683,15.803,1707
09/10/2014,15.711,15.83,15.711,15.83,982
09/11/2014,15.702,15.793,15.683,15.738,602
09/12/2014,15.738,15.738,15.729,15.738,436
09/15/2014,15.94,15.94,15.711,15.711,2022
09/16/2014,15.691,15.738,15.687,15.738,1529
09/17/2014,15.711,15.711,15.711,15.711,1801
09/18/2014,15.705,15.705,15.705,15.705,545
09/19/2014,15.582,15.931,15.582,15.931,9384
09/22/2014,15.903,15.903,15.764,15.764,436
09/23/2014,15.503,15.711,15.491,15.711,3711
09/25/2014,15.519,15.711,15.473,15.665,10177
09/26/2014,15.583,15.591,15.578,15.578,2183
09/29/2014,15.494,15.683,15.494,15.677,774
09/30/2014,15.665,15.665,15.665,15.665,327
10/01/2014,15.665,15.665,15.482,15.619,5515
10/02/2014,15.519,15.638,15.482,15.601,15227
10/03/2014,15.619,15.619,15.482,15.61,1747
10/06/2014,15.61,15.61,15.28,15.28,1037
10/07/2014,15.299,15.335,15.299,15.335,1092
10/08/2014,15.388,15.39,15.135,15.39,2687
10/09/2014,15.376,15.583,15.376,15.395,36546
10/17/2014,15.363,15.363,15.363,15.363,302
10/20/2014,14.868,15.39,14.868,15.39,862
10/21/2014,15.335,15.39,15.335,15.39,1419
10/22/2014,15.39,15.574,15.39,15.574,2729
10/24/2014,15.555,15.665,15.528,15.665,13692
10/27/2014,15.537,15.665,15.537,15.564,2947
10/28/2014,15.537,15.94,15.537,15.94,13139
10/29/2014,15.94,15.94,15.939,15.94,7750
10/30/2014,15.619,15.848,15.619,15.848,5021
10/31/2014,15.772,15.912,15.735,15.735,1965
11/03/2014,15.664,15.665,15.528,15.665,1310
11/05/2014,15.803,15.812,15.803,15.803,4632
11/07/2014,15.693,15.693,15.665,15.666,2183
11/10/2014,15.71,15.848,15.664,15.719,3003
11/11/2014,15.665,15.757,15.665,15.757,1419
11/12/2014,15.803,15.803,15.802,15.802,5348
11/13/2014,15.774,15.775,15.774,15.775,764
11/14/2014,15.858,15.904,15.858,15.904,1307
11/17/2014,15.908,15.931,15.902,15.927,2320
11/19/2014,15.922,15.95,15.922,15.95,219
11/20/2014,15.977,15.977,15.895,15.918,462
11/21/2014,15.927,15.996,15.927,15.988,4212
11/24/2014,15.996,15.996,15.996,15.996,2610
11/25/2014,15.995,15.996,15.977,15.977,1959
11/26/2014,15.996,15.996,15.991,15.991,346
11/28/2014,15.996,15.996,15.996,15.996,109
12/01/2014,15.996,15.996,15.996,15.996,408
12/02/2014,15.628,15.987,15.628,15.987,327
12/03/2014,14.777,15.95,14.777,15.95,3265
12/04/2014,15.968,15.968,15.812,15.812,2751
12/05/2014,15.711,15.968,15.587,15.968,6675
12/09/2014,15.637,15.931,15.628,15.834,16011
12/10/2014,15.766,15.922,15.766,15.922,6852
12/11/2014,15.849,15.904,15.81,15.81,2071
12/12/2014,15.674,15.913,15.674,15.913,489
12/15/2014,15.904,15.922,15.895,15.922,5330
12/16/2014,15.922,15.95,15.904,15.904,1632
12/17/2014,15.941,15.941,15.821,15.858,4119
12/18/2014,15.867,15.913,15.867,15.913,1523
12/19/2014,15.904,15.913,15.904,15.904,4151
12/22/2014,15.996,15.996,15.933,15.996,15557
12/23/2014,16.097,16.4,15.996,16.198,11143
12/24/2014,16.501,16.501,16.17,16.409,1372
12/29/2014,16.419,16.419,16.4,16.409,2303
12/31/2014,16.538,16.777,16.538,16.777,2343
01/02/2015,16.768,16.777,16.75,16.777,1524
01/05/2015,16.777,16.777,16.777,16.777,871
01/06/2015,16.777,16.777,16.364,16.731,3481
01/07/2015,16.391,16.731,16.391,16.731,653
01/08/2015,16.722,16.979,16.722,16.979,1305
01/09/2015,17.099,17.099,16.979,16.979,832
01/12/2015,16.998,16.998,16.557,16.566,6528
01/13/2015,17.007,17.007,16.621,16.667,10001
01/14/2015,16.639,16.851,16.557,16.557,16005
01/15/2015,17.081,17.081,16.713,16.759,3157
01/20/2015,16.722,17.191,16.713,17.191,3046
01/21/2015,16.713,16.97,16.713,16.851,1307
01/22/2015,16.906,16.979,16.906,16.979,654
01/23/2015,16.851,17.237,16.566,16.566,3617
01/26/2015,16.768,17.126,16.566,16.75,1089
01/28/2015,16.823,16.823,16.731,16.731,676
01/29/2015,16.731,16.731,16.602,16.713,1851
01/30/2015,17.007,17.218,16.933,17.007,4381
02/02/2015,17.065,17.237,17.065,17.148,8157
02/03/2015,17.237,17.457,17.237,17.457,871
02/04/2015,17.384,17.457,17.007,17.329,13815
02/05/2015,17.43,17.43,17.43,17.43,435
02/06/2015,17.421,17.43,17.237,17.373,10007
02/09/2015,17.384,17.43,17.375,17.43,1883
02/10/2015,17.338,17.753,17.255,17.753,5529
02/11/2015,17.725,17.753,17.522,17.522,5789
02/12/2015,17.526,17.974,17.526,17.858,4147
02/13/2015,17.858,17.858,17.858,17.858,6443
02/17/2015,17.854,17.863,17.799,17.799,1842
02/18/2015,17.974,17.974,17.974,17.974,488
02/19/2015,17.928,17.937,17.928,17.937,2285
02/20/2015,17.909,17.937,17.909,17.937,1823
02/23/2015,17.937,17.937,17.923,17.923,217
02/24/2015,17.937,17.937,17.919,17.919,825
02/25/2015,17.937,17.937,17.937,17.937,325
02/26/2015,17.845,17.937,17.845,17.937,879
02/27/2015,17.937,17.937,17.799,17.799,1410
03/02/2015,17.937,17.937,17.937,17.937,108
03/03/2015,17.919,17.937,17.919,17.919,4662
03/05/2015,17.909,17.909,17.909,17.909,217
03/06/2015,17.937,17.937,17.937,17.937,4445
03/09/2015,17.937,17.937,17.937,17.937,325
03/10/2015,17.753,17.937,17.753,17.799,3364
03/11/2015,17.909,17.909,17.909,17.909,866
03/12/2015,17.937,17.937,17.937,17.937,3687
03/13/2015,17.937,17.937,17.937,17.937,3828
03/16/2015,17.919,17.919,17.919,17.919,217
03/17/2015,17.919,17.919,17.476,17.817,1097
03/18/2015,17.651,17.734,17.651,17.734,488
03/19/2015,17.434,17.808,17.434,17.808,325
03/20/2015,17.785,17.785,17.757,17.77,956
03/23/2015,17.642,17.642,17.642,17.642,217
03/24/2015,17.587,17.614,17.43,17.614,1043
03/25/2015,17.606,17.863,17.523,17.863,1606
03/26/2015,17.753,17.891,17.753,17.891,580
03/27/2015,17.909,17.909,17.909,17.909,108
03/30/2015,17.43,17.891,17.393,17.439,8361
03/31/2015,17.891,17.891,17.513,17.854,1977
04/01/2015,17.753,17.762,17.753,17.762,1713
04/02/2015,17.568,17.568,17.568,17.568,976
04/06/2015,18.214,18.214,18.112,18.122,3571
04/07/2015,17.845,17.845,17.752,17.798,1343
04/08/2015,17.799,18.177,17.799,17.937,1872
04/09/2015,18.106,18.14,18.079,18.14,975
04/10/2015,18.029,18.205,18.029,18.186,16108
04/13/2015,18.164,19.357,18.127,18.487,7513
04/14/2015,18.398,18.398,18.177,18.389,3577
04/15/2015,18.352,18.49,18.168,18.49,3684
04/16/2015,18.389,18.49,18.361,18.49,1895
04/17/2015,18.352,18.444,18.352,18.352,2060
04/20/2015,18.822,18.822,18.5,18.5,3036
04/21/2015,18.352,18.49,18.214,18.481,12259
04/22/2015,18.444,18.49,18.094,18.103,38016
04/23/2015,18.125,18.407,18.125,18.407,3084
04/24/2015,18.18,18.217,18.126,18.217,1380
04/27/2015,18.398,18.398,18.122,18.168,1268
04/28/2015,18.389,19.662,18.389,18.631,3815
04/29/2015,18.573,18.583,18.49,18.49,1300
04/30/2015,18.509,18.537,18.509,18.509,542
05/01/2015,18.675,19.625,18.675,18.905,3786
05/04/2015,19.772,20.2,19.44,20.2,6703
05/05/2015,20.47,20.47,20.03,20.04,4261
05/06/2015,20.04,20.04,20.03,20.03,216
05/07/2015,20.2,20.45,20.2,20.45,650
05/08/2015,20.98,20.98,20.27,20.27,2851
05/11/2015,20.25,20.25,19.92,19.92,2169
05/12/2015,20.35,20.81,19.926,20.35,10732
05/13/2015,20.35,20.35,19.861,19.935,2116
05/14/2015,19.935,21,19.833,20.01,2590
05/15/2015,19.797,20.33,19.426,20.33,1514
05/18/2015,20.33,20.33,19.436,19.436,3102
05/19/2015,19.482,19.907,19.482,19.491,3404
05/20/2015,19.658,19.732,19.542,19.542,3956
05/21/2015,19.889,19.889,19.889,19.889,1852
05/22/2015,20.55,20.55,19.654,19.765,2920
05/26/2015,19.769,19.769,19.426,19.75,1404
05/27/2015,19.759,21.05,19.759,20.14,1624
05/28/2015,19.927,19.935,19.732,19.935,993
05/29/2015,19.611,20.34,19.241,19.658,1622
06/01/2015,19.658,20.31,19.658,20.31,7101
06/02/2015,19.827,20.95,19.827,20.35,3673
06/03/2015,20.79,20.79,20.79,20.79,843
06/04/2015,20.85,20.91,20.79,20.79,2181
06/05/2015,20.64,20.64,20.35,20.35,1513
06/08/2015,19.611,20.54,19.611,20.54,2270
06/09/2015,20.71,20.72,20.07,20.17,3024
06/10/2015,20.07,21.05,20.07,20.81,5215
06/11/2015,20.12,21.05,20.12,20.4,3968
06/12/2015,20.98,20.98,20.98,20.98,313
06/15/2015,20.91,20.91,20.44,20.91,560
06/16/2015,20.18,20.81,20.18,20.37,1958
06/17/2015,20.8,20.8,20.35,20.36,8210
06/18/2015,20.12,20.7,20.12,20.18,2161
06/19/2015,20.37,20.61,20.19,20.19,4724
06/22/2015,20.77,20.77,20.17,20.17,3039
06/23/2015,20.33,20.64,20.21,20.35,9076
06/24/2015,20.45,20.45,20.45,20.45,108
06/25/2015,20.58,20.58,20.17,20.35,3892
06/26/2015,20.18,20.34,19.893,20.22,12888
06/29/2015,19.898,20.21,19.898,20.05,3102
06/30/2015,20.77,20.77,20.77,20.77,216
07/01/2015,20.58,20.58,20.15,20.15,1074
07/02/2015,19.935,20.42,19.935,20.055,4864
07/06/2015,20.35,20.35,20.35,20.35,216
07/07/2015,20.17,20.35,20.01,20.01,2632
07/08/2015,19.935,20.34,19.935,20.13,756
07/10/2015,20.54,20.76,20.1,20.1,6658
07/13/2015,20.35,20.46,20.07,20.07,1620
07/14/2015,20.12,20.62,20.07,20.09,5164
07/15/2015,20.35,20.35,20.35,20.35,108
07/16/2015,20.19,20.31,20.14,20.14,2808
07/17/2015,20.12,20.29,20.12,20.14,5692
07/20/2015,20.06,20.24,20.03,20.06,3499
07/21/2015,20.11,20.14,20.11,20.14,1297
07/22/2015,20.31,20.31,20.12,20.24,540
07/27/2015,20.15,20.24,20.15,20.23,2487
07/28/2015,20.57,20.57,20.11,20.12,5459
07/29/2015,20.35,21.07,20.35,20.81,24539
07/30/2015,20.95,21.49,20.95,21.49,51154
07/31/2015,21.74,21.74,21.05,21.45,10531
08/03/2015,21.46,22.14,21.28,21.29,9092
08/04/2015,21.51,22.01,21.05,21.7,8292
08/05/2015,21.29,22.18,21.28,21.54,31097
08/06/2015,21.54,22.11,21.54,22.11,3706
08/07/2015,22.16,22.16,21.6,21.92,5089
08/10/2015,21.61,22.21,21.58,21.95,1853
08/11/2015,21.9,21.9,21.9,21.9,432
08/12/2015,21.8,21.8,21.53,21.78,9518
08/13/2015,21.8,21.8,21.8,21.8,108
08/14/2015,21.57,21.87,21.55,21.85,1079
08/17/2015,21.51,22.04,21.51,21.81,5429
08/18/2015,21.85,21.85,21.78,21.78,1629
08/19/2015,21.51,21.51,21.51,21.51,539
08/20/2015,21.52,21.52,21.52,21.52,108
08/21/2015,21.42,21.65,21.42,21.45,4187
08/24/2015,20.68,21.65,20.68,21.21,636
08/25/2015,21.14,21.46,21.07,21.27,3927
08/26/2015,21.11,21.52,21.11,21.52,2186
08/27/2015,21.57,21.57,21.34,21.53,3488
08/28/2015,21.07,22.05,21.07,22.05,1149
08/31/2015,21.34,21.6,21.34,21.6,4509
09/01/2015,21.48,21.48,21.29,21.43,6254
09/02/2015,21.52,21.53,21.29,21.39,14265
09/03/2015,21.35,21.58,21.35,21.52,3019
09/04/2015,21.31,21.36,21.31,21.36,216
09/08/2015,21.61,21.61,21.42,21.42,1013
09/09/2015,21.52,21.52,21.51,21.52,941
09/11/2015,21.52,21.52,21.34,21.51,498
09/14/2015,21.51,21.51,21.51,21.51,4561
09/15/2015,21.39,21.51,21.39,21.5,1402
09/16/2015,21.52,21.53,21.52,21.53,5703
09/17/2015,21.11,21.78,21.11,21.59,10878
09/18/2015,21.74,22,21.6,21.86,4602
09/21/2015,22.17,22.17,21.8,21.9,5784
09/22/2015,21.9,21.9,21.9,21.9,581
09/23/2015,21.81,22.54,21.8,22.04,11152
09/24/2015,22.04,22.08,21.8,22.08,1358
09/25/2015,21.83,22.08,21.8,21.8,4250
09/28/2015,21.7,22.04,21.7,21.96,5862
09/29/2015,21.81,22.13,21.39,21.88,6565
10/05/2015,21.9,22.15,21.9,22.15,1578
10/06/2015,21.78,21.78,21.78,21.78,108
10/07/2015,21.34,21.85,21.34,21.85,2695
10/08/2015,21.92,21.92,21.92,21.92,216
10/09/2015,22.11,22.27,22.11,22.19,528
10/12/2015,22.01,22.27,21.99,22.27,565
10/13/2015,22.33,22.33,22.07,22.07,321
10/15/2015,22.27,22.27,22.23,22.23,1555
10/16/2015,22.09,22.27,22.09,22.27,324
10/19/2015,22.08,22.08,21.99,22.06,3588
10/20/2015,22.27,22.27,22.13,22.13,2470
10/21/2015,22.27,22.33,22.23,22.3,4092
10/22/2015,21.98,22.26,21.91,21.91,5476
10/23/2015,22.3,22.33,22.26,22.33,1908
10/26/2015,22.54,23.75,21.99,22.62,5835
10/27/2015,23.57,23.64,22.81,23.64,1927
10/28/2015,23.72,24.06,23.16,24.06,6467
10/29/2015,23.94,24.12,23.94,24.08,12237
10/30/2015,24.3,24.31,23.87,24.11,2002
11/02/2015,23.66,24.07,23.61,24.01,6370
11/03/2015,23.71,23.97,23.29,23.29,4081
11/04/2015,23.94,24,23.83,23.83,2582
11/05/2015,23.99,23.99,23.99,23.99,162
11/06/2015,23.98,24,23.98,24,322
11/09/2015,24.25,24.25,24.23,24.25,2488
11/10/2015,24.11,24.16,23.99,24.01,2229
11/11/2015,24.25,24.25,24.02,24.02,1179
11/12/2015,23.59,23.59,23.59,23.59,107
11/13/2015,23.75,24.02,23.74,23.82,3966
11/16/2015,23.93,23.93,23.93,23.93,751
11/17/2015,23.79,24.02,23.79,23.86,2057
11/18/2015,23.8,24,23.79,24,3323
11/20/2015,23.98,24.02,23.98,24,1191
11/23/2015,24.02,24.25,24.02,24.25,2358
11/24/2015,24.25,24.25,24.25,24.25,1018
11/25/2015,24.35,24.35,24.25,24.25,2140
11/27/2015,24.24,24.24,24.24,24.24,413
11/30/2015,24.25,24.25,24.25,24.25,107
12/01/2015,24.2,24.2,24.03,24.03,816
12/02/2015,24.03,24.17,24.03,24.17,464
12/03/2015,23.99,24.21,23.99,24.04,10178
12/04/2015,24.25,24.25,24.03,24.25,5864
12/07/2015,24.1,24.21,24.04,24.2,7791
12/08/2015,24.01,24.01,23.79,23.94,15985
12/09/2015,23.93,24.07,23.8,24.05,1950
12/10/2015,23.89,23.89,23.79,23.79,1329
12/11/2015,23.81,23.81,23.79,23.79,3270
12/14/2015,24.03,24.03,24.03,24.03,107
12/15/2015,24.03,24.03,24.03,24.03,107
12/16/2015,23.55,24.02,23.32,23.69,2398
12/17/2015,23.34,23.55,22.99,23.55,1460
12/18/2015,23.36,23.78,23.32,23.5,2083
12/21/2015,23.18,24.07,23.18,23.79,6216
12/22/2015,23.47,24,23.46,23.49,18906
12/23/2015,23.32,23.55,23.32,23.55,649
12/24/2015,23.55,23.79,23.55,23.79,214
12/28/2015,24.02,24.02,23.99,23.99,535
12/29/2015,23.86,23.86,23.86,23.86,214
12/30/2015,23.79,24.25,23.79,24.2,26061
12/31/2015,24.05,24.25,24.05,24.25,535
01/04/2016,24.02,24.05,23.32,23.69,16810
01/05/2016,23.69,24.25,23.62,24.25,15329
01/06/2016,24.49,24.59,24.25,24.59,4738
01/07/2016,24.2,24.25,23.85,23.85,858
01/08/2016,23.66,23.91,23.66,23.9,5963
01/11/2016,23.67,23.74,23.65,23.65,2224
01/12/2016,23.62,23.62,23.32,23.32,6060
01/13/2016,23.32,23.32,22.85,23.23,4636
01/14/2016,23.17,23.17,22.41,23.15,2141
01/15/2016,22.63,23.56,20.57,22.85,18481
01/19/2016,22.39,22.99,21.8,22.39,9484
01/20/2016,22.16,22.16,21.48,21.79,6740
01/21/2016,21.52,21.89,21.47,21.78,3536
01/22/2016,21.83,21.97,21.69,21.95,4155
01/25/2016,21.92,21.94,20.97,21.94,6217
01/26/2016,21.82,21.82,21.57,21.8,2449
01/27/2016,21.93,21.93,21.72,21.72,3951
01/28/2016,21.89,22.19,21.89,22.18,1460
01/29/2016,22.34,23.3,22.2,23.3,9846
02/01/2016,23.27,23.39,22.85,22.85,40405
02/02/2016,22.55,22.55,22.55,22.55,429
02/03/2016,22.48,22.85,22.48,22.62,3818
02/04/2016,22.27,22.93,22.27,22.66,7181
02/05/2016,22.41,23.07,22.16,22.21,11414
02/08/2016,22.45,22.92,21.85,22.45,58053
02/09/2016,22.59,22.7,22.59,22.64,5130
02/10/2016,22.53,22.58,22.53,22.58,214
02/11/2016,21.99,22.61,21.99,22.45,5825
02/12/2016,22.45,22.83,22.45,22.83,4907
02/16/2016,22.29,22.83,22.29,22.54,27197
02/17/2016,22.59,22.68,22.45,22.68,6762
02/18/2016,22.3,22.53,22.22,22.53,1766
02/19/2016,22.32,22.32,22.31,22.31,431
02/22/2016,22.54,22.71,22.22,22.59,9916
02/23/2016,22.49,22.67,22.49,22.65,6360
02/24/2016,22.57,22.83,22.57,22.76,5833
02/25/2016,22.83,22.83,22.62,22.74,7620
02/26/2016,22.65,22.74,22.65,22.73,2460
02/29/2016,22.75,22.95,22.69,22.83,7131
03/01/2016,22.76,22.99,22.08,22.98,12382
03/02/2016,22.98,24.06,22.98,23.55,7580
03/03/2016,23.55,24.25,23.13,23.62,2246
03/04/2016,23.9,24.77,23.59,23.92,7590
03/07/2016,23.9,23.9,23.84,23.84,716
03/08/2016,23.95,23.95,23.63,23.63,3760
03/09/2016,23.73,23.99,23.73,23.76,4693
03/10/2016,23.75,23.75,23.69,23.69,962
03/11/2016,23.5,23.57,23.5,23.5,4070
03/14/2016,23.48,23.48,23.46,23.46,232
03/15/2016,23.32,23.34,23.32,23.34,1287
03/16/2016,22.95,23.07,22.94,22.94,966
03/17/2016,23.04,23.78,23.04,23.78,11646
03/18/2016,23.48,23.86,23.48,23.86,41205
03/21/2016,23.61,23.72,23.58,23.72,4099
03/22/2016,23.51,23.72,23.51,23.72,4667
03/23/2016,23.62,23.62,23.54,23.54,360
03/24/2016,23.39,23.39,23.39,23.39,321
03/28/2016,23.47,23.48,23.47,23.48,214
03/29/2016,23.39,23.39,23.39,23.39,169
03/30/2016,23.39,23.53,23.39,23.53,641
03/31/2016,23.48,23.72,23.47,23.64,2590
04/01/2016,23.52,23.76,23.52,23.76,3100
04/04/2016,23.76,23.76,23.04,23.04,7834
04/05/2016,23.39,23.48,23.39,23.39,2781
04/06/2016,23.39,23.71,23.39,23.62,3353
04/07/2016,23.69,23.69,23.07,23.07,1451
04/08/2016,23.25,23.27,22.92,23.03,7720
04/11/2016,23.03,23.34,23.03,23.21,6739
04/12/2016,23.06,23.06,22.99,23.02,4172
04/13/2016,23.24,23.57,23.24,23.48,5962
04/14/2016,23.38,23.55,23.34,23.39,3837
04/15/2016,22.92,23.61,22.92,23.61,4394
04/18/2016,23.19,23.67,23.14,23.48,3888
04/19/2016,23.69,23.76,23.56,23.66,4513
04/20/2016,23.75,23.76,23.67,23.67,2886
04/21/2016,23.71,23.72,23.66,23.68,4718
04/22/2016,23.75,23.75,23.61,23.61,428
04/25/2016,23.62,23.76,23.62,23.72,2461
04/26/2016,23.73,23.73,23.73,23.73,107
04/27/2016,23.76,23.76,23.68,23.75,1153
04/28/2016,23.77,23.85,23.71,23.85,13382
04/29/2016,23.82,23.82,22.99,23.54,14963
05/02/2016,23.57,23.86,23.03,23.03,8673
05/03/2016,22.91,23.75,22.91,23.39,3695
05/04/2016,22.81,23.4,22.81,23.4,1947
05/05/2016,23.46,23.83,22.93,22.93,14154
05/06/2016,23.29,23.62,22.75,23.39,34290
05/09/2016,23.48,23.48,23.03,23.21,7390
05/10/2016,23.35,23.47,23.17,23.2,5212
05/11/2016,23.2,23.34,23.2,23.22,3965
05/12/2016,23.08,23.3,23.02,23.15,4446
05/13/2016,23.11,23.12,23.01,23.01,6264
05/16/2016,22.87,23.57,22.87,22.98,3280
05/17/2016,22.99,23.17,22.92,23.16,7767
05/18/2016,23.36,23.36,23,23.13,10335
05/19/2016,23.13,23.37,23.02,23.37,850
05/20/2016,23.34,23.46,23.31,23.35,1384
05/23/2016,23.21,23.37,23.21,23.21,848
05/24/2016,23.48,23.53,23.28,23.46,4372
05/25/2016,23.39,23.39,22.99,23.23,1398
05/27/2016,23.31,23.35,23.31,23.35,18645
05/31/2016,23.37,23.37,23.37,23.37,722
06/01/2016,23.05,23.32,23.05,23.29,45225
06/02/2016,23.43,23.47,23.35,23.38,17880
06/03/2016,23.19,23.41,23.19,23.34,11107
06/06/2016,23.34,23.57,23.3,23.57,8417
06/07/2016,23.57,23.62,23.57,23.58,1437
06/08/2016,23.5,23.64,23.5,23.51,6381
06/09/2016,23.64,23.93,23.64,23.93,3335
06/10/2016,23.91,23.99,23.72,23.95,56197
06/13/2016,23.56,23.9,23.56,23.79,1380
06/14/2016,23.8,23.83,23.8,23.83,751
06/15/2016,23.77,24.2,23.77,24.19,5894
06/16/2016,24,24.19,23.87,24.19,1064
06/17/2016,24.4,24.4,24.4,24.4,1667
06/20/2016,23.63,24.42,23.63,24.42,2759
06/21/2016,24.42,24.42,24.06,24.35,2147
06/22/2016,24.4,24.67,24.33,24.39,2648
06/23/2016,24.65,24.65,24.34,24.44,2882
06/24/2016,23.97,24.13,23.84,23.95,23729
06/27/2016,23.99,23.99,23.72,23.72,14036
06/28/2016,23.62,23.85,23.62,23.8,10284
06/29/2016,23.82,23.91,23.81,23.91,2236
06/30/2016,23.81,23.94,23.81,23.94,1449
07/01/2016,23.89,23.95,23.73,23.73,2234
07/05/2016,23.75,24.3,23.67,24.18,5971
07/06/2016,23.92,23.92,23.68,23.83,850
07/07/2016,23.81,24.14,23.81,24.14,4705
07/08/2016,23.86,24,23.86,24,958
07/11/2016,24.02,24.14,24.02,24.14,15839
07/12/2016,24.05,24.67,24.05,24.42,12120
07/13/2016,24.25,24.41,24.05,24.05,8086
07/14/2016,24.15,24.35,24.11,24.33,1488
07/15/2016,24.02,24.33,23.93,24.32,3720
07/18/2016,24.15,24.15,24.15,24.15,319
07/19/2016,23.61,24.15,23.61,24.15,1438
07/20/2016,24,24,24,24,852
07/21/2016,24.05,24.05,24.02,24.02,213
07/22/2016,24,24,24,24,106
07/26/2016,23.95,24.05,23.93,23.95,10030
07/27/2016,23.95,23.95,23.95,23.95,212
07/28/2016,23.95,25.33,23.95,25.11,19502
07/29/2016,25.17,25.45,25.15,25.17,8054
08/01/2016,25.21,25.55,25.21,25.37,12913
08/02/2016,25.38,25.54,25.38,25.54,1277
08/03/2016,25.81,25.93,25.4,25.68,3352
08/04/2016,25.75,26.09,25.75,26.09,2467
08/05/2016,25.9,26.16,25.9,26.08,4232
08/08/2016,26.11,26.24,26.09,26.12,9538
08/09/2016,26.16,26.26,26.16,26.26,542
08/10/2016,26.24,26.27,26.21,26.26,2069
08/11/2016,26.36,26.39,25.03,25.45,24771
08/12/2016,25.88,25.97,25.65,25.97,4337
08/15/2016,26.07,26.07,26.01,26.02,1591
08/18/2016,26.02,26.26,26.02,26.26,2246
08/23/2016,25.77,26.02,25.63,26.02,1164
08/24/2016,25.49,26.2,25.49,26.18,3140
08/25/2016,26.26,26.33,26.01,26.01,2651
08/26/2016,26.01,26.01,26.01,26.01,1534
08/29/2016,26.02,26.02,26.02,26.02,106
08/30/2016,26.22,26.4,26.18,26.4,3498
08/31/2016,26.9,26.9,26.18,26.18,1698
09/02/2016,25.73,26.41,25.73,26.41,2727
09/06/2016,25.5,26.89,25.5,26.89,848
09/07/2016,26.04,27.44,25.91,25.91,1219
09/08/2016,26.24,26.84,26.24,26.84,4175
09/09/2016,26.43,26.95,26.4,26.41,1818
09/12/2016,26.67,26.85,26.31,26.4,4704
09/13/2016,26.12,26.48,25.46,26.45,6098
09/14/2016,26.18,26.18,25.93,25.93,212
09/15/2016,25.89,26.43,25.89,26.19,742
09/16/2016,26.27,26.95,26.18,26.95,5528
09/19/2016,26.31,26.73,26.31,26.64,3188
09/20/2016,26.62,26.63,26.62,26.63,2828
09/22/2016,26.68,26.77,26.68,26.77,2010
09/26/2016,26.33,26.44,26.33,26.44,212
09/27/2016,26.58,26.6,26.45,26.45,22830
09/28/2016,26.4,26.49,26.31,26.38,3636
09/29/2016,26.54,27.82,26.54,27.81,10398
09/30/2016,27.75,27.8,27.34,27.52,3480
10/03/2016,27.53,27.53,26.59,26.77,1924
10/04/2016,26.42,27.23,26.42,26.6,2750
10/05/2016,26.53,27.31,26.53,26.86,742
10/06/2016,26.42,26.79,26.42,26.79,3595
10/07/2016,26.99,27,26.96,26.99,993
10/10/2016,27.02,27.02,26.52,26.52,1973
10/11/2016,26.42,27.1,26.27,27.03,4641
10/12/2016,26.87,27.1,26.87,26.87,2217
10/13/2016,26.4,26.4,26.4,26.4,212
10/14/2016,26.49,26.54,26.41,26.54,1485
10/17/2016,26.49,26.75,26.21,26.5,6465
10/18/2016,26.4,26.84,26.4,26.84,2526
10/19/2016,26.42,26.42,26.42,26.42,318
10/20/2016,26.45,26.49,26.45,26.49,318
10/21/2016,26.69,26.69,26.69,26.69,186
10/24/2016,26.82,26.82,26.82,26.82,106
10/25/2016,26.74,26.74,26.65,26.69,610
10/26/2016,26.76,26.92,26.72,26.91,2658
10/28/2016,27.34,28.27,27.3,27.81,34094
10/31/2016,27.72,28.27,27.63,28.06,15750
11/01/2016,27.95,28.27,27.95,28.14,4383
11/02/2016,28.2,28.23,28.14,28.23,2182
11/03/2016,28.35,28.65,28.35,28.65,6501
11/04/2016,29.12,29.23,28.85,28.89,2702
11/07/2016,29.1,29.13,29.09,29.09,588
11/08/2016,29.15,29.23,29.15,29.15,2517
11/09/2016,29.22,29.23,28.29,29.22,3036
11/10/2016,29.23,29.23,28.51,29.23,11101
11/11/2016,28.85,29.22,28.85,29.19,5816
11/14/2016,29.08,29.23,29.01,29.23,6735
11/15/2016,29.23,29.41,29.23,29.24,4265
11/16/2016,29.24,29.56,29.24,29.55,3807
11/17/2016,29.64,30.11,29.59,30.11,5335
11/18/2016,30.08,30.41,30.08,30.35,1693
11/21/2016,30.26,30.26,30.14,30.22,3442
11/22/2016,30.07,30.41,30.07,30.25,2220
11/23/2016,30.35,30.97,30.28,30.97,7185
11/25/2016,30.58,30.98,30.58,30.88,9101
11/28/2016,30.98,31.44,30.98,31.44,1140
11/29/2016,31.43,31.92,31.24,31.92,13262
11/30/2016,31.87,32.39,31.84,32.35,2988
12/01/2016,32.39,33.1,32.36,32.94,3361
12/02/2016,33.05,33.8,33.05,33.73,7924
12/05/2016,33.8,34.29,32.68,34.29,10444
12/06/2016,32.26,34.26,32.02,33.75,2142
12/07/2016,34.15,34.52,34.07,34.14,4121
12/08/2016,35.47,35.47,34.29,35,1582
12/09/2016,34.51,36.71,34.05,35.75,3342
12/12/2016,35.66,35.66,35.49,35.49,538
12/13/2016,35.62,36.08,35.62,35.88,2474
12/14/2016,35.28,35.28,34.72,34.72,423
12/15/2016,33.48,34.71,33.48,34.51,2114
12/16/2016,33.89,34.47,33.82,33.82,5326
12/19/2016,32.76,33.39,32.58,33.13,3136
12/20/2016,33.6,34.05,33.29,34.05,4123
12/21/2016,33.16,33.7,33.16,33.25,1347
12/22/2016,33.6,34.73,33.29,34.73,2608
12/23/2016,33.77,34.65,33.77,33.96,952
12/27/2016,34.53,36.18,34.05,35,7358
12/28/2016,34.8,35,34.8,35,1550
12/29/2016,35,35,33.44,34,3797
12/30/2016,33.62,34,33.62,34,3001
01/03/2017,34.01,34.33,33.58,33.63,13310
01/04/2017,33.59,33.81,33.12,33.57,5565
01/05/2017,33.26,33.65,33.22,33.3,2003
01/06/2017,33,33.51,33,33.51,226
01/09/2017,33.12,33.29,32.25,33.12,4227
01/10/2017,33.08,33.15,32.64,33.15,6407
01/11/2017,33.29,33.34,33.1,33.1,2433
01/12/2017,33.53,33.91,33.1,33.11,14397
01/13/2017,33.11,33.33,33.1,33.1,1661
01/17/2017,33.16,33.81,33.1,33.81,16806
01/18/2017,33.81,34.05,33.17,33.17,6508
01/19/2017,33.58,33.81,33.19,33.81,3681
01/20/2017,33.78,33.8,33.1,33.49,1139
01/23/2017,33.47,33.48,33.02,33.02,6185
01/24/2017,33.09,33.38,33.03,33.38,1797
01/25/2017,33.43,33.43,33.06,33.32,1985
01/26/2017,33.34,33.52,33.24,33.32,2360
01/27/2017,33.41,33.41,33.32,33.32,2315
01/30/2017,33.54,33.81,33.49,33.81,7187
01/31/2017,33.6,33.81,33.58,33.81,4441
02/01/2017,33.99,34.05,33.82,34.03,3899
02/02/2017,34.05,34.12,33.99,34.12,2423
02/03/2017,34.44,37.34,34.44,35.11,5897
02/06/2017,35.09,36.46,35.09,35.25,2381
02/07/2017,36.09,36.09,35.56,35.85,5096
02/08/2017,36.05,36.53,36.03,36.26,5825
02/09/2017,36.28,37.65,36.16,36.2,5204
02/10/2017,36.9,37.27,36.04,36.89,7848
02/13/2017,36.99,37.06,36.61,36.61,5740
02/14/2017,36.42,36.84,36.04,36.08,4913
02/15/2017,36.07,36.5,35.72,36.21,5547
02/16/2017,36.29,36.29,36.29,36.29,388
02/17/2017,36.43,36.43,35.56,35.56,2509
02/21/2017,36,36.28,35.77,36.13,5944
02/22/2017,35.34,36.16,34.62,36.04,4701
02/23/2017,35.97,35.97,35.07,35.07,225
02/24/2017,34.99,35.53,34.99,35.48,1791
02/27/2017,35.58,36.25,35.53,36.06,3829
02/28/2017,36.04,36.04,35.52,35.92,2319
03/01/2017,35.63,35.94,35.37,35.81,842
03/02/2017,36.04,36.04,35.15,35.35,3000
03/03/2017,35.33,36.25,35.23,35.28,3459
03/06/2017,35.28,35.28,34.18,34.79,5597
03/07/2017,34.69,34.77,34.31,34.47,3089
03/08/2017,34.14,34.38,34.14,34.38,10698
03/09/2017,34.38,35.09,34.25,34.38,4219
03/10/2017,34.65,34.65,34.14,34.38,3606
03/13/2017,34.41,34.42,34.36,34.42,804
03/14/2017,34.43,34.45,34.25,34.25,1897
03/15/2017,34.8,34.8,34.8,34.8,1174
03/16/2017,34.38,34.65,34.35,34.65,2830
03/17/2017,34.62,34.62,34.39,34.62,1698
03/20/2017,34.65,36.28,34.64,36.17,11707
03/21/2017,35.96,35.96,34.62,34.62,14931
03/22/2017,34.38,35.28,34.19,34.19,2422
03/23/2017,35.02,35.02,34.19,34.19,891
03/24/2017,34.19,34.24,34.14,34.24,1876
03/27/2017,35.09,35.09,34.9,34.9,380
03/28/2017,34.48,34.92,33.95,34.34,3839
03/29/2017,34.81,34.84,34.71,34.84,1476
03/30/2017,34.9,35.31,34.76,35.19,1233
03/31/2017,34.53,35.47,34.53,35.4,2223
04/03/2017,35.4,35.52,34.19,35.52,1834
04/04/2017,35.09,35.09,34.53,35.09,611
04/05/2017,34.62,35.56,34.3,35.56,3765
04/06/2017,34.45,35.91,34.45,35.91,737
04/10/2017,34.81,36.23,34.81,35.46,1528
04/11/2017,36.04,36.04,35.56,35.56,810
04/12/2017,35.67,35.67,34.76,35.66,789
04/13/2017,35.75,35.75,35.39,35.75,3900
04/17/2017,35.75,36.13,35.75,36.04,471
04/18/2017,36.17,36.17,35.57,36.13,3299
04/19/2017,36.04,36.23,36.04,36.07,2434
04/20/2017,36.23,37.14,36.17,37.14,5410
04/21/2017,37.38,37.38,37.2,37.32,896
04/24/2017,37.37,37.82,37.37,37.6,3197
04/25/2017,39.46,39.46,38.47,39.08,22059
04/26/2017,39.08,40.25,39.03,39.6,5818
04/27/2017,40.2,41.75,40.07,41.06,13960
04/28/2017,41.38,41.38,40.47,41.3,2651
05/01/2017,42.2,42.66,41.88,42.11,14446
05/02/2017,42.36,42.36,40.78,41.76,9546
05/03/2017,41.73,42.4,41.73,42.15,7371
05/04/2017,42.35,42.58,41.59,42.58,3562
05/05/2017,41.88,42.38,41.64,41.83,4395
05/08/2017,42.13,43.4,42,42.16,6873
05/09/2017,42.26,42.26,41.87,42.07,4041
05/10/2017,42.07,42.07,41.31,41.83,7428
05/11/2017,41.74,42.68,41.64,41.84,7638
05/12/2017,41.85,42.07,41.85,42.02,2369
05/15/2017,42.14,42.32,41.74,42.25,7800
05/16/2017,42.21,42.21,41.49,41.93,10325
05/17/2017,42.07,42.07,41.26,41.79,4256
05/18/2017,41.83,41.83,40.81,40.81,9319
05/19/2017,41.28,41.83,40.98,40.98,3808
05/22/2017,41.27,41.59,41.27,41.59,6876
05/23/2017,41.59,41.59,41.22,41.45,4078
05/24/2017,41.45,41.61,41.28,41.61,2522
05/25/2017,41.58,41.83,41.5,41.56,2914
05/26/2017,41.54,41.58,41.43,41.5,2419
05/30/2017,41.4,41.83,41.4,41.83,3488
05/31/2017,41.64,42.07,41.53,42.06,5078
06/01/2017,41.9,41.9,41.5,41.69,2234
06/02/2017,41.77,42,41.71,42,2587
06/05/2017,42.07,44.16,42.03,43.39,18912
06/06/2017,43.29,43.38,43,43.3,9463
06/07/2017,43.02,43.09,42.8,42.97,4969
06/08/2017,43.26,43.26,43.08,43.17,1383
06/09/2017,43.16,43.59,43.16,43.59,845
06/12/2017,43.58,43.59,41.93,43.33,16501
06/13/2017,42.9,43.45,42.9,43.25,5335
06/14/2017,43.18,43.28,42.86,43.16,2575
06/15/2017,43.05,43.26,41.47,43.26,661
06/16/2017,43.21,43.21,43.03,43.21,811
06/19/2017,43.12,43.17,42.93,42.93,1155
06/20/2017,42.93,43.45,42.16,43.35,3041
06/21/2017,42.71,42.83,40.97,41.32,8425
06/22/2017,41.81,42.54,41.39,42.48,2313
06/23/2017,42.53,43.32,42.02,42.12,1987
06/26/2017,42.5,43.22,42.12,42.12,2876
06/27/2017,41.96,42.18,41.4,41.42,4855
06/28/2017,41.94,42.33,41.8,41.8,2502
06/29/2017,41.79,42.13,41.73,41.94,2104
07/03/2017,42.4,43.45,42.31,42.69,3387
07/05/2017,41.83,43.12,41.83,42.69,2765
07/06/2017,41.93,42.44,41.4,41.63,3625
07/07/2017,41.37,42.23,41.37,41.51,3079
07/10/2017,41.51,41.93,40.89,41.36,13178
07/11/2017,41.6,42.74,41.59,42.06,1387
07/12/2017,41.84,41.87,41.83,41.87,631
07/13/2017,41.99,43.45,41.94,42.31,1584
07/14/2017,42.31,42.31,42.03,42.05,1326
07/17/2017,42.03,43.26,42.02,42.07,2951
07/18/2017,41.84,41.84,41.12,41.54,4478
07/19/2017,41.54,41.54,41.12,41.12,1367
07/20/2017,41.12,41.12,40.89,41.05,1214
07/21/2017,40.92,40.98,40.89,40.89,1110
07/24/2017,40.98,41.38,40.69,40.69,4745
07/25/2017,41.25,41.25,40.77,40.86,3764
07/26/2017,40.79,40.92,40.74,40.78,2766
07/27/2017,40.7,41.43,40.66,40.89,894
07/28/2017,41.34,41.74,41.31,41.39,7431
07/31/2017,41.63,43.36,41.63,43.11,5285
08/01/2017,43.11,43.11,42.49,42.76,9342
08/02/2017,42.75,42.98,42.58,42.64,4381
08/03/2017,42.64,42.67,42.31,42.54,3319
08/04/2017,43.07,43.45,42.78,43.45,6966
08/07/2017,43.73,43.73,43.22,43.5,6321
08/08/2017,43.24,43.31,43.16,43.22,3552
08/09/2017,43.22,43.31,42.9,43.31,4977
08/10/2017,43.19,43.19,42.89,43.17,7634
08/11/2017,42.96,42.99,42.34,42.77,10245
08/14/2017,42.91,43.36,42.26,43.3,8938
08/15/2017,43.34,43.46,42.9,43.36,8544
08/16/2017,42.98,43.51,42.89,43.5,5082
08/17/2017,43.35,43.55,42.89,43.46,6145
08/18/2017,43.41,45.36,43.41,45.36,4080
08/21/2017,45.26,46.49,45.26,45.94,17701
08/22/2017,45.99,46.18,45.72,45.78,20176
08/23/2017,45.81,46.78,45.39,46.52,9739
08/24/2017,46.59,47.43,46.51,47.38,12789
08/25/2017,47.18,47.65,47.18,47.62,8276
08/28/2017,47.65,48.19,47.25,48.12,7168
08/29/2017,48.25,48.25,47.62,47.97,3834
08/30/2017,47.78,47.97,47.78,47.88,3437
08/31/2017,47.77,48.56,47.62,48.26,3363
09/01/2017,47.56,49.14,47.33,49.14,32699
09/05/2017,48.98,49.29,48.44,48.98,23060
09/06/2017,48.94,48.94,47.36,47.36,18363
09/07/2017,47.78,48.2,46.55,47.08,13294
09/08/2017,45.51,46.69,45.27,46,92474
09/11/2017,45.64,46.21,45.27,45.98,14535
09/12/2017,45.84,46.69,45.84,46.64,10355
09/13/2017,46.69,46.69,46.28,46.43,5653
09/14/2017,46.68,46.68,45.48,45.99,23436
09/15/2017,45.61,47,45.61,46.77,40702
09/18/2017,46.31,48.53,45.59,47.75,13705
09/19/2017,47.89,47.89,47.07,47.64,12659
09/20/2017,47.51,47.65,47.18,47.54,1394
09/21/2017,46.73,47.89,46.73,47.66,7464
09/22/2017,47.08,48.61,47.01,47.37,8781
09/25/2017,48.07,49.99,47.38,49.55,66194
09/26/2017,49.56,50.77,49.45,50.21,32714
09/27/2017,50.51,50.79,50.33,50.33,20705
09/28/2017,50.34,50.93,49.9,50.7,28404
09/29/2017,50.61,50.61,49.19,49.2,34551
10/02/2017,48.39,49.19,46.89,48.97,40951
10/03/2017,48.75,48.75,45.9,48,73273
10/04/2017,48.11,49.31,47.9,48.89,47536
10/05/2017,49.14,49.8,48.98,49.41,8874
10/06/2017,48.16,49.98,48.16,49.25,17336
10/09/2017,49.57,49.7,48.65,49.7,10484
10/10/2017,49.8,49.8,48.56,49.8,4602
10/11/2017,49.8,50.12,49.29,49.62,8228
10/12/2017,49.75,49.75,48.72,49.51,8991
10/13/2017,49.46,50.36,48.83,50,9566
10/16/2017,50.45,50.87,49.66,50.45,12470
10/17/2017,50.51,51.22,49.89,50.89,10561
10/18/2017,50.8,50.83,50.23,50.72,10086
10/19/2017,50.61,50.99,50.23,50.59,63428
10/20/2017,51.14,51.46,50.03,51.46,7822
10/23/2017,51.09,51.26,49.59,50.32,14343
10/24/2017,50.66,50.66,49.05,49.56,8845
10/25/2017,49.16,50.65,48.98,50.65,4629
10/26/2017,50.46,50.99,49.65,50.81,3767
10/27/2017,50.03,51.42,49.65,51.18,10105
10/30/2017,50.64,52.41,49.91,51.6,27692
10/31/2017,51.77,52.27,50.96,51.75,13872
11/01/2017,51.89,54.17,50.41,53.78,21530
11/02/2017,54.1,54.32,52.89,53.67,18537
11/03/2017,53.51,53.69,53.18,53.56,6649
11/06/2017,53.32,53.32,50.52,51.37,23225
11/07/2017,51.07,52.69,51.07,51.79,17034
11/08/2017,51.82,52.46,50.86,52.46,13287
11/09/2017,52.03,53.23,51.3,53.19,7518
11/10/2017,53.47,54.64,52.83,54.59,9839
11/13/2017,54.03,54.03,53.14,53.3,4791
11/14/2017,53.59,53.59,52.82,52.82,1730
11/15/2017,52.81,54.81,52.81,54.37,10674
11/16/2017,54.79,55.32,54.79,55.08,6525
11/17/2017,55.12,55.28,54.82,54.82,3965
11/20/2017,54.65,54.79,52.55,53.65,7647
11/21/2017,53.94,54.79,53.77,54.26,11684
11/22/2017,53.48,55.18,53.48,54.43,1258
11/24/2017,54.28,54.62,53.21,53.25,2984
11/27/2017,53.52,54.52,53.52,54.45,6855
11/28/2017,54.36,54.91,52.99,54.15,3855
11/29/2017,54.24,54.91,54.24,54.91,4199
11/30/2017,54.91,54.91,54.5,54.5,5724
12/01/2017,54.22,54.72,53.72,54.59,2537
12/04/2017,54.32,54.91,54.32,54.76,8728
12/05/2017,54.75,55.39,54.59,55.26,7373
12/06/2017,54.78,55.16,54.63,54.63,2933
12/07/2017,54.43,54.91,54.34,54.63,4290
12/08/2017,54.58,54.79,54.48,54.49,6582
12/11/2017,54.72,54.91,54.43,54.43,4948
12/12/2017,54.72,54.91,54.09,54.38,8439
12/13/2017,54.16,54.43,53.58,53.58,7854
12/14/2017,53.48,54.78,53.15,53.21,45679
12/15/2017,53.28,53.29,52.67,52.78,29935
12/18/2017,52.84,54.46,52.84,53.71,21264
12/19/2017,53.33,53.82,53.1,53.16,10226
12/20/2017,53.3,54.89,53.22,53.31,27638
12/21/2017,53.52,54.58,53.38,53.45,4497
12/22/2017,53.62,53.76,53.48,53.76,1777
12/26/2017,53,53.42,52.54,53.17,14251
12/27/2017,53.24,53.24,51.77,51.77,15556
12/28/2017,52.04,52.74,51.84,52.33,7002
12/29/2017,52.2,52.76,52.19,52.19,8807
01/02/2018,52.75,53.77,52.06,52.3,13197
01/03/2018,52.24,52.76,51.57,52.13,6296
01/04/2018,51.67,52.27,51.67,51.93,5949
01/05/2018,51.81,52.25,51.72,51.8,4977
01/08/2018,51.57,51.95,51.57,51.61,8334
01/09/2018,51.87,52.81,51.82,52.4,9462
01/10/2018,51.95,53.24,51.95,52.71,7853
01/11/2018,52.81,52.81,52.34,52.79,12587
01/12/2018,52.84,54.38,52.79,54.33,5325
01/16/2018,53.78,54.91,53.78,54.86,9831
01/17/2018,55,55.22,54.43,55.18,9499
01/18/2018,55.26,55.78,54.93,55.3,8095
01/19/2018,55.06,56.47,55.04,55.71,10820
01/22/2018,55.51,57.09,54.72,56.27,8868
01/23/2018,56.78,56.78,55.41,56.29,5794
01/24/2018,56.89,57.12,55.2,55.71,4329
01/25/2018,56.11,56.63,55.19,55.92,2905
01/26/2018,55.96,56.82,52.62,54.32,35303
01/29/2018,53.88,54.14,53.11,53.48,17118
01/30/2018,53.2,54.62,53.14,53.96,11309
01/31/2018,53.76,55.72,53.76,54.4,9418
02/01/2018,52.63,55.64,52.58,55,8790
02/02/2018,55.38,55.45,54.33,54.9,14205
02/05/2018,54.76,55.35,53.13,53.83,17801
02/06/2018,53.25,53.91,52.55,53.5,12254
02/07/2018,53.21,53.41,53.01,53.1,6447
02/08/2018,51.83,52.55,50.44,51.99,22756
02/09/2018,52.7,52.7,51.42,52.69,7877
02/12/2018,52.02,52.62,52.02,52.61,2447
02/13/2018,52.32,52.57,52.19,52.25,4160
02/14/2018,51.95,52.61,51.72,52.24,7557
02/15/2018,52.61,52.79,52.21,52.67,3898
02/16/2018,52.18,53.56,51.76,53.54,3652
02/20/2018,53.21,53.21,51.81,52.29,3721
02/21/2018,52.12,53.5,51.89,52.31,12966
02/22/2018,52.23,52.62,51.95,52.57,7180
02/23/2018,52.51,52.53,52,52.13,7547
02/26/2018,52.43,52.67,52.21,52.4,3738
02/27/2018,52.32,52.62,51.92,52.57,5364
02/28/2018,52.16,52.58,51.91,52.3,3101
03/01/2018,51.86,51.99,51.48,51.5,4213
03/02/2018,51.65,51.71,51.29,51.3,4216
03/05/2018,51.85,52.07,51.48,51.78,3297
03/06/2018,51.52,51.9,51.48,51.88,2810
03/07/2018,51.89,52.37,51.7,52.31,4844
03/08/2018,52.05,52.51,51.72,52.45,4486
03/09/2018,52.62,53.13,52.62,53.1,3267
03/12/2018,52.96,53.31,52.11,53.15,7489
03/13/2018,53.21,53.27,52.82,52.84,4375
03/14/2018,52.58,52.91,50.72,51.51,20480
03/15/2018,51.57,52.62,51.43,52.59,7803
03/16/2018,52.34,52.86,51.81,52.86,6544
03/19/2018,52.47,52.86,52.18,52.28,1229
03/20/2018,52.19,53.53,52.19,53.3,2793
03/21/2018,52.94,53.09,52.4,52.4,7406
03/22/2018,52.33,52.62,51.76,52.1,5860
03/23/2018,51.86,52.62,51.23,51.55,5709
03/26/2018,50.89,52.12,50.76,51.05,8645
03/27/2018,51.57,51.57,50.83,51.23,4894
03/28/2018,51.38,51.43,50.82,50.92,11347
03/29/2018,51,51.43,50.76,51.19,17469
04/02/2018,50.77,51.48,50.77,51.46,10482
04/03/2018,51.17,52.14,50.82,52.13,7637
04/04/2018,51.54,52.49,50.66,52.05,5683
04/05/2018,53,53.55,52.09,53.54,15511
04/06/2018,53.11,53.2,52.69,53.2,12206
04/09/2018,52.94,53.53,52.94,53.43,3822
04/10/2018,53.34,53.95,52.79,53.79,7836
04/11/2018,53.74,54.14,53.3,53.99,9833
04/12/2018,54.05,54.15,53.18,54.11,10784
04/13/2018,54.2,54.2,53.42,54.1,5788
04/16/2018,54,54.22,53.29,54.03,9471
04/17/2018,54.07,54.07,52.84,53.73,5629
04/18/2018,54.01,54.06,53.64,54.06,4707
04/19/2018,53.63,54.24,53.63,54.05,8601
04/20/2018,53.95,54.1,53.41,54.01,11402
04/23/2018,54.12,54.12,53.64,54.01,14210
04/24/2018,54,54.01,53.65,53.7,7422
04/25/2018,53.83,54.18,53.83,54,2157
04/26/2018,54.06,54.06,53.27,53.72,14531
04/27/2018,54.15,54.67,53.82,54.19,12595
04/30/2018,54.38,55.53,54.3,54.77,28453
05/01/2018,54.78,55.39,54.48,55.14,9839
05/02/2018,54.46,55.11,54.46,54.71,10124
05/03/2018,54.49,55.15,54.32,54.42,9535
05/04/2018,54.8,55.62,54.72,55.56,8512
05/07/2018,55.55,55.59,55.2,55.53,14504
05/08/2018,55.63,55.63,54.31,55.59,9211
05/09/2018,55.2,55.56,54.98,55.26,5622
05/10/2018,55.54,55.54,54.51,55.02,7837
05/11/2018,55.01,55.06,54.49,54.79,6883
05/14/2018,55.24,55.59,54.93,55.36,8459
05/15/2018,55.29,55.54,55.16,55.39,6299
05/16/2018,55.54,55.54,55.07,55.5,10179
05/17/2018,55.51,55.59,55.17,55.37,11530
05/18/2018,55.25,55.65,55.25,55.49,9473
05/21/2018,55.45,55.57,55.35,55.5,9268
05/22/2018,55.52,55.59,55.4,55.4,11924
05/23/2018,55.87,56.18,55.62,55.84,23279
05/24/2018,56.11,57.55,55.9,56.57,27863
05/25/2018,56.89,56.89,56.29,56.37,9580
05/29/2018,56.14,57.07,56.14,56.41,4987
05/30/2018,56.73,56.73,55.57,55.72,7675
05/31/2018,56.38,56.38,55.38,55.55,6367
06/01/2018,56.03,56.37,55.1,55.78,18396
06/04/2018,55.73,57.32,55.37,56.89,19525
06/05/2018,56.89,57.19,56.65,56.83,8644
06/06/2018,56.99,57.36,56.94,57.31,12124
06/07/2018,57.34,58.42,57.16,57.41,12446
06/08/2018,57.62,58.99,57.62,57.96,8682
06/11/2018,57.94,57.97,56.74,57.58,18587
06/12/2018,57.56,58.4,57.51,58.12,4150
06/13/2018,57.93,59,57.56,58.02,16787
06/14/2018,57.84,57.84,56.92,57.39,2743
06/15/2018,57.11,57.45,56.63,56.78,7522
06/18/2018,56.6,57.82,56.6,57.7,6286
06/19/2018,57.27,58.96,57.27,58.61,11412
06/20/2018,58.66,58.66,56.9,57.99,19491
06/21/2018,57.28,57.39,55.26,56.2,14930
06/22/2018,56.3,57.01,55.62,56.72,305565
06/25/2018,56.6,58.69,56.6,58.23,21904
06/26/2018,58.25,59.49,57.48,58.39,12555
06/27/2018,58.37,59.08,57.18,59.04,30595
06/28/2018,58.99,61.39,58.99,60.93,45994
06/29/2018,61.31,61.34,59.95,60.73,30600
07/02/2018,60.49,61.04,59.73,60.64,9147
07/03/2018,60.77,61.28,60.59,60.83,22622
07/05/2018,60.92,61.32,60.58,61.01,11549
07/06/2018,61.08,61.39,60.89,61.38,15151
07/09/2018,61.25,62.66,61.1,62.63,13415
07/10/2018,62.54,63.69,62.18,63.31,9146
07/11/2018,62.83,62.83,61.33,62.03,10537
07/12/2018,61.98,61.98,60.52,61.29,21035
07/13/2018,61.22,61.22,59.03,59.48,21224
07/16/2018,59.34,61.22,58.24,60.42,14743
07/17/2018,59.86,60.71,58.45,59.44,9376
07/18/2018,59.21,59.21,57.03,58.93,49713
07/19/2018,58.72,60.43,58.54,59.62,22879
07/20/2018,59.4,59.95,58.86,59.51,11952
07/23/2018,59.52,60.09,59.37,59.85,14460
07/24/2018,60.04,60.31,59.84,60.15,19702
07/25/2018,60.38,60.53,59.13,59.66,16708
07/26/2018,59.14,60.61,59.13,60.43,14123
07/27/2018,60.35,60.35,59.13,60.13,16469
07/30/2018,59.61,60.55,58.7,59.36,16265
07/31/2018,59.29,59.47,58.7,58.92,11694
08/01/2018,58.86,58.99,58.46,58.87,15719
08/02/2018,58.8,60.07,58.8,59.89,15699
08/03/2018,59.83,59.85,58.19,58.81,12172
08/06/2018,58.52,59.4,58.22,58.8,13762
08/07/2018,58.76,58.84,57.66,58.65,19843
08/08/2018,58.83,58.97,58.14,58.75,11450
08/09/2018,58.64,59.11,58.08,58.33,31645
08/10/2018,57.98,59.4,57.01,57.78,8735
08/13/2018,57.81,58.61,57.19,57.45,4605
08/14/2018,57.53,57.67,56.48,56.92,12382
08/15/2018,56.72,57.06,56.25,56.32,37529
08/16/2018,56.33,58.27,56.01,58.1,10237
08/17/2018,57.86,58.65,57.72,58.62,10266
08/20/2018,58.64,58.64,56.75,57.11,27980
08/21/2018,57.06,57.97,57.06,57.68,21418
08/22/2018,57.44,57.97,57.23,57.35,8461
08/23/2018,57.45,57.45,55.7,56.72,8289
08/24/2018,56.5,56.68,55.79,56.15,12472
08/27/2018,55.72,55.84,54.24,54.85,26799
08/28/2018,54.79,56.15,54.43,55.28,14827
08/29/2018,55.5,56.28,54.89,56,36980
08/30/2018,55.83,56.71,55.83,56.6,9461
08/31/2018,56.2,56.66,55.23,56.15,8557
09/04/2018,56.09,56.54,55.39,56.15,11936
09/05/2018,55.98,56.37,55.34,56,20427
09/06/2018,55.97,56.61,55.95,56.44,12951
09/07/2018,56.18,56.58,55.83,56.34,24548
09/10/2018,56.22,56.42,55.68,55.95,5498
09/11/2018,55.87,55.88,54.95,55.43,11219
09/12/2018,55.35,55.75,54.64,54.74,4966
09/13/2018,55.03,55.03,54.22,54.47,5132
09/14/2018,54.78,54.83,54.44,54.8,3827
09/17/2018,54.44,54.51,53.59,53.98,9712
09/18/2018,53.99,54.02,52.8,52.8,7466
09/19/2018,52.67,53.03,51.69,51.78,11074
09/20/2018,51.68,52.49,51.68,52.18,13168
09/21/2018,52.09,52.82,51.8,52.07,21799
09/24/2018,52.32,52.72,51.53,52.72,19540
09/25/2018,52.85,53.73,52.85,53.57,14028
09/26/2018,53.74,53.83,53.24,53.74,17176
09/27/2018,53.84,54.29,53.06,54.16,19972
09/28/2018,53.55,54.18,52.88,53.72,52497
10/01/2018,53.56,54.1,51.93,51.95,14808
10/02/2018,51.99,52.5,49.56,50.23,13717
10/03/2018,50.04,50.67,49.82,50.14,23706
10/04/2018,50.15,50.85,49.71,50.35,26200
10/05/2018,50.18,50.64,49.97,50.24,4361
10/08/2018,49.94,51.14,49.94,51.11,7692
10/09/2018,50.96,51.31,50.21,50.52,5578
10/10/2018,50.69,50.99,50.04,50.9,6760
10/11/2018,50.56,50.74,49.46,49.46,12928
10/12/2018,49.82,49.83,47.31,47.79,22255
10/15/2018,47.58,47.91,47.01,47.46,8510
10/16/2018,47.36,47.88,47.11,47.83,5971
10/17/2018,47.68,48,46.63,47.97,9650
10/18/2018,47.74,48.07,47.17,47.48,5179
10/19/2018,47.35,47.58,45.67,45.77,7529
10/22/2018,46.07,46.76,45.45,45.77,12308
10/23/2018,45.45,46.19,44.61,45.36,6351
10/24/2018,45.34,45.34,41.98,42.05,41730
10/25/2018,42.33,43.89,41.34,42.2,18839
10/26/2018,42.5,43.74,42.47,43.74,7957
10/29/2018,43.15,43.64,42.3,42.98,24002
10/30/2018,42.79,43.5,42.54,42.59,7966
10/31/2018,42.85,43.74,40.4,43.28,32974
11/01/2018,43.4,43.71,43.27,43.69,13334
11/02/2018,43.75,44.51,43.58,44.43,21945
11/05/2018,44.51,45.29,44.12,44.28,7637
11/06/2018,44.43,45.29,44.43,44.58,2865
11/07/2018,45.47,45.51,45.08,45.24,6599
11/08/2018,45.3,46.05,44.84,44.84,10783
11/09/2018,45.34,45.7,44.87,44.98,13421
11/12/2018,45.13,45.35,44.84,45.22,8983
11/13/2018,44.84,45.15,44.55,44.98,11694
11/14/2018,45.03,45.03,44.36,44.36,13758
11/15/2018,44.29,45.01,43.34,44.55,14486
11/16/2018,44.52,45.42,44.52,45.07,57160
11/19/2018,45.14,45.78,44.91,45.12,25974
11/20/2018,45.07,45.2,44.36,44.55,10774
11/21/2018,44.65,45.52,44.64,45.15,18307
11/23/2018,45.19,45.32,45,45.02,3933
11/26/2018,45.03,45.03,44.11,44.59,12759
11/27/2018,44.55,45.71,44.36,45.55,17663
11/28/2018,45.56,46.09,44.87,45.6,14726
11/29/2018,45.67,45.75,45.43,45.65,3189
11/30/2018,45.8,46.5,45.5,45.99,7713
12/03/2018,46.5,46.62,45.63,45.66,9965
12/04/2018,45.85,45.85,44.26,44.42,10320
12/06/2018,44.1,44.34,42.88,43,17828
12/07/2018,43.43,43.47,42.57,42.96,9079
12/10/2018,43.05,43.63,42.4,42.44,7490
12/11/2018,42.67,42.67,41.48,41.78,12681
12/12/2018,41.75,42.43,41.65,42.32,7817
12/13/2018,42.34,42.34,41.58,41.79,7896
12/14/2018,41.29,42.14,41.23,41.45,9726
12/17/2018,41.36,41.85,41.32,41.78,7003
12/18/2018,41.9,41.9,40.82,41.37,15536
12/19/2018,41.4,41.65,40.5,41.01,9489
12/20/2018,40.86,41.9,40.24,41.42,20869
12/21/2018,41.53,41.9,40.87,41.45,34347
12/24/2018,41.42,41.89,40.57,40.59,9194
12/26/2018,40.77,41.43,39.78,40.69,22180
12/27/2018,40.38,41.39,39.78,41.11,9286
12/28/2018,40.98,41.22,40.4,40.51,6325
12/31/2018,40.92,41.86,40.53,41.58,40926
01/02/2019,41.43,42.72,41.16,42.72,16370
01/03/2019,42.68,42.91,42.12,42.77,3938
01/04/2019,42.91,45.43,42.84,43.91,11870
01/07/2019,44.45,44.45,43.21,43.49,8088
01/08/2019,43.85,43.9,43.21,43.54,5603
01/09/2019,43.35,44.22,42.5,43.44,10558
01/10/2019,43.74,44.11,42.99,43.66,1797
01/11/2019,43.21,44.1,43.16,43.41,7675
01/14/2019,43.65,44.2,43.45,43.59,4528
01/15/2019,43.82,43.91,43.22,43.23,5767
01/16/2019,43.15,44.74,43.15,44.66,9726
01/17/2019,44.6,45.11,43.99,44.99,6065
01/18/2019,44.79,46.02,44.79,45.87,9342
01/22/2019,45.35,46.19,45.31,46.14,5650
01/23/2019,46.27,46.43,45.74,46.1,17230
01/24/2019,46.55,47.21,46.01,46.83,9104
01/25/2019,47.04,47.25,46.12,46.58,11497
01/28/2019,46.87,46.87,45.6,46.32,4623
01/29/2019,49.18,50.62,48.7,49.22,26656
01/30/2019,49.41,49.41,46.97,47.38,14862
01/31/2019,47.42,47.42,46.66,46.78,5299
02/01/2019,47.24,47.32,46.59,46.72,15533
02/04/2019,46.84,48.15,46.59,47.23,15610
02/05/2019,47.49,48.6,47.49,48.6,9591
02/06/2019,48.72,48.77,47.29,48.77,9827
02/07/2019,48.71,50.51,48.57,50.3,4929
02/08/2019,49.94,50.54,49.44,50.2,10784
02/11/2019,50.54,50.54,48.93,50.5,11400
02/12/2019,49.88,50.48,49.88,50.26,5866
02/13/2019,50.29,50.49,50.02,50.49,3403
02/14/2019,50.37,50.37,49.55,50.26,3620
02/15/2019,49.84,50.77,49.43,50.72,8368
02/19/2019,50.42,50.72,50.42,50.67,4148
02/20/2019,50.71,50.77,50.37,50.77,8736
02/21/2019,50.46,50.78,50.46,50.78,1398
02/22/2019,50.54,51.2,50.3,51.2,5200
02/25/2019,51.21,51.21,50.74,51.03,5122
02/26/2019,50.63,51.09,50.25,50.54,6686
02/27/2019,50.17,50.17,49.33,49.66,3663
02/28/2019,50,50.39,49.72,50.15,5135
03/01/2019,50.68,50.96,49.75,50.93,12493
03/04/2019,50.6,50.97,50.52,50.63,7038
03/05/2019,50.74,51.2,50.39,50.39,3755
03/06/2019,50.28,50.64,49.15,49.33,8389
03/07/2019,49.16,49.72,48.84,48.85,6359
03/08/2019,48.71,49.33,48.56,49.31,5492
03/11/2019,49,49.01,48.29,49.01,1566
03/12/2019,48.92,49.11,48.87,48.88,1508
03/13/2019,48.9,49.03,48.26,48.26,2572
03/14/2019,48.58,48.84,47.88,48.34,3325
03/15/2019,48.84,49.58,48.21,49.49,20615
03/18/2019,49.29,49.85,48.72,49.51,5928
03/19/2019,49.64,49.64,49.33,49.34,1490
03/20/2019,48.36,48.37,47.73,47.73,2673
03/21/2019,47.67,48.25,47.01,47.01,8987
03/22/2019,46.57,46.82,44.53,45.04,8317
03/25/2019,45.12,45.6,44.64,44.83,5205
03/26/2019,45.56,46.48,45.44,46.17,9878
03/27/2019,45.97,48.26,45.73,48.26,9689
03/28/2019,48.03,48.21,47.15,47.65,2670
03/29/2019,48.03,48.84,47.6,48.61,8182
04/01/2019,49,49.06,47.43,48.6,5845
04/02/2019,48.7,49.22,47.88,48.58,5004
04/03/2019,48.66,48.66,48.36,48.42,3206
04/04/2019,48.59,49.75,48.59,49.43,2110
04/05/2019,49.57,49.89,48.75,49.18,3251
04/08/2019,48.54,49.23,48.51,49.23,2110
04/09/2019,48.79,49.02,48.36,48.38,2257
04/10/2019,48.56,49.06,47.74,49,9212
04/11/2019,49,49.33,47.61,48.63,9765
04/12/2019,48.62,48.62,47.38,47.78,9547
04/15/2019,48.18,49.23,48.18,49.09,11986
04/16/2019,48.93,49.52,48.88,49.33,8482
04/17/2019,49.31,49.7,49.22,49.7,3015
04/18/2019,49.28,49.61,48.64,49.61,6932
04/22/2019,49.6,49.6,48.46,48.68,6912
04/23/2019,48.99,49.42,48.25,48.94,9061
04/24/2019,49.12,49.7,48.86,49.59,5008
04/25/2019,49.57,49.75,49.38,49.75,4138
04/26/2019,49.36,49.75,49.17,49.2,12516
04/29/2019,49.11,50.49,49.11,49.85,14837
04/30/2019,49.45,50.01,49.45,49.88,7551
05/01/2019,49.77,50.45,49.77,50.01,3005
05/02/2019,49.73,50.75,49.73,50.75,8490
05/03/2019,50.56,51.26,50.43,51.26,13246
05/06/2019,50.55,50.87,50.3,50.52,4231
05/07/2019,50.29,50.51,50.29,50.38,3947
05/08/2019,50.29,50.59,50.26,50.26,3834
05/09/2019,50.1,50.27,46.56,50.05,1552
05/10/2019,49.68,50.31,47.5,49.84,7773
05/13/2019,49.67,49.67,48.92,49.67,7581
05/14/2019,51.3,51.3,48.63,49.23,4216
05/15/2019,48.66,50.11,48.66,50.11,7450
05/16/2019,49.84,50.4,48.83,48.96,8629
05/17/2019,48.92,49.57,48.71,49.36,4326
05/20/2019,48.85,49.35,48.33,49.3,2356
05/21/2019,48.73,48.73,48.37,48.56,1232
05/22/2019,48.27,48.38,48.21,48.38,1837
05/23/2019,47.97,47.97,46.56,46.56,13563
05/24/2019,46.64,47.15,46.21,47.15,34175
05/28/2019,46.75,48.01,46.59,47.5,8551
05/29/2019,47.32,47.39,46.67,47,5004
05/30/2019,47.21,47.21,46.27,46.48,5199
05/31/2019,46.25,46.49,45.26,45.79,11266
06/03/2019,45.69,46.35,45.12,45.27,11369
06/04/2019,46.29,46.44,45.98,46.06,6234
06/05/2019,45.88,46.89,45.74,45.8,5478
06/06/2019,46,46.43,45.74,45.74,3412
06/07/2019,46.04,46.65,45.82,46.65,4470
06/10/2019,46.59,47.12,46.38,46.89,1829
06/11/2019,47.4,47.4,46.97,47.27,3027
06/12/2019,47.32,48.6,46.78,48.43,2298
06/13/2019,48.03,48.7,47.24,47.54,3881
06/14/2019,47.89,48.65,47.43,47.59,4036
06/17/2019,47.85,48.38,46.96,47.09,2265
06/18/2019,47.43,48.26,46.94,48.08,7643
06/19/2019,47.64,48.05,47.51,47.59,5810
06/20/2019,47.73,48.18,47.57,47.71,1184
06/21/2019,47.53,47.89,46.73,47,16881
06/24/2019,46.91,47.12,46.66,46.77,2531
06/25/2019,46.76,47.53,46.58,47.5,5853
06/26/2019,47.59,48.73,47.59,48.4,5526
06/27/2019,48.42,49.44,48.36,48.94,11349
06/28/2019,50.05,50.58,49.67,50.25,56932
07/01/2019,50.44,50.68,49.17,49.17,4810
07/02/2019,49.46,50.35,48.51,48.94,4858
07/03/2019,48.99,48.99,47.8,48.1,1305
07/05/2019,48.18,49.01,48.18,48.88,1833
07/08/2019,49.31,50.43,48.36,48.36,4571
07/09/2019,47.92,48.48,47.92,47.97,1636
07/10/2019,48.42,48.42,47.57,47.92,1446
07/11/2019,47.59,47.9,47.05,47.37,3310
07/12/2019,47.22,49.42,47.22,48.7,5360
07/15/2019,48.59,49.31,47.92,48.51,1897
07/16/2019,48.41,49.1,47.35,47.39,2687
07/17/2019,48,48,47.2,47.88,4338
07/18/2019,47.85,47.85,46.81,46.99,1886
07/19/2019,47.14,48.01,46.84,47.32,3629
07/22/2019,47.24,47.24,46.8,46.83,1448
07/23/2019,47.46,47.46,46.93,46.93,1548
07/24/2019,47.22,48.02,46.8,47.88,4633
07/25/2019,47.76,50.05,47.57,49.82,2416
07/26/2019,49.49,49.69,47.53,48.21,9239
07/29/2019,47.68,47.91,47.05,47.32,4345
07/30/2019,46.92,47.8,46.92,47.48,5810
07/31/2019,47.28,48.45,47.28,48.23,32156
08/01/2019,47.93,48.6,46.95,47.04,10191
08/02/2019,46.86,46.86,46.31,46.54,2500
08/05/2019,46.08,46.59,45.66,45.88,4837
08/06/2019,46.12,46.12,45.65,45.95,1177
08/07/2019,45.36,45.4,45.13,45.13,5803
08/08/2019,46.02,47.66,45.93,47.47,10009
08/09/2019,47.21,47.21,46.51,47,1955
08/12/2019,46.45,47.29,46.22,46.22,2814
08/13/2019,46.4,46.4,46.4,46.4,639
08/14/2019,46.76,47.63,45.9,46.44,15900
08/15/2019,47.18,47.59,46.29,46.89,18132
08/16/2019,47.44,47.81,47,47.76,12034
08/19/2019,47.79,47.83,47.54,47.73,3475
08/20/2019,47.39,47.62,47.3,47.53,1780
08/21/2019,47.41,49.03,47.15,48.62,11562
08/22/2019,48.23,48.91,47.91,47.91,3549
08/23/2019,47.61,47.8,46.14,46.15,6109
08/26/2019,46.69,47.53,46.69,47.53,3636
08/27/2019,47.53,47.53,46.33,46.89,2755
08/28/2019,46.33,47.28,46.1,47.28,3124
08/29/2019,47.19,47.19,46.76,46.97,2297
08/30/2019,46.98,47.1,46.82,46.82,2701
09/03/2019,46.89,47.09,46.36,46.48,2674
09/04/2019,47.05,47.05,47.05,47.05,289
09/05/2019,47.2,47.66,47.12,47.12,3915
09/06/2019,47.13,47.4,46.77,47.4,2128
09/09/2019,47.26,48.99,47.26,48.65,4469
09/10/2019,48.74,48.9,48.3,48.63,3074
09/11/2019,48.67,49.13,48.55,48.94,7216
09/12/2019,49.1,50.46,48.85,50.46,9625
09/13/2019,50.35,50.35,49.7,50.07,5998
09/16/2019,49.95,50.6,49.79,50.6,2294
09/17/2019,49.54,51.47,49.54,51.47,6490
09/18/2019,51.12,51.47,50.37,50.99,8531
09/19/2019,50.65,50.99,50.53,50.54,7566
09/20/2019,50.26,50.53,49.79,50.21,20650
09/23/2019,49.6,50.21,49.34,49.52,6495
09/24/2019,49.63,49.63,49.23,49.23,2683
09/25/2019,48.66,49.58,48.61,49.58,8749
09/26/2019,49.63,50.44,48.99,50.21,9436
09/27/2019,50.11,50.31,50.09,50.17,17542
09/30/2019,50.91,51.16,49.73,50.95,4875
10/01/2019,50.7,50.88,49.74,49.74,6132
10/02/2019,50.6,50.95,49.53,50.65,12118
10/03/2019,50.55,50.56,49.68,50.5,5243
10/04/2019,50.33,51.27,50.33,50.88,3418
10/07/2019,50.66,51.09,50.56,50.74,3531
10/08/2019,50.6,50.65,49.15,49.42,4424
10/09/2019,49.26,49.37,49.05,49.05,1736
10/10/2019,49.33,49.49,48.82,49.39,2991
10/11/2019,49.23,50.49,49.23,49.67,4590
10/14/2019,48.71,50.04,48.71,49.92,1003
10/15/2019,50.07,51.19,49.74,50.17,2529
10/16/2019,50.33,51.24,50.24,51.24,3490
10/17/2019,50.8,51.13,50.62,51.08,3880
10/18/2019,50.71,50.83,50.23,50.35,2484
10/21/2019,51.28,51.96,50.95,51.4,8515
10/22/2019,51.57,52.54,51.57,52.28,5743
10/23/2019,52.15,53.26,52.15,52.94,8122
10/24/2019,53.08,53.13,52.61,52.61,1330
10/25/2019,52.84,53.95,52.84,53.4,9775
10/28/2019,53.48,55.4,53.48,54.54,13396
10/29/2019,55.18,55.86,54.58,54.93,14949
10/30/2019,54.05,55.56,54,55.23,17086
10/31/2019,55.32,56.14,55.18,55.9,10930
11/01/2019,55.99,56.11,55.65,56.04,19164
11/04/2019,56.15,56.91,55.68,55.77,6781
11/05/2019,55.8,57.21,55.66,56.64,12422
11/06/2019,57,57.14,56.48,56.81,6937
11/07/2019,57.06,57.55,56.89,57.32,12618
11/08/2019,57.14,58.3,57.1,57.76,20464
11/11/2019,58.21,58.49,57.99,58.44,12039
11/12/2019,58.58,58.83,57.72,57.74,9442
11/13/2019,57.83,58.67,57.82,58.57,6980
11/14/2019,58.25,58.9,58.19,58.19,4815
11/15/2019,58.31,58.63,58.14,58.14,2902
11/18/2019,58.12,58.49,57.67,58.2,4310
11/19/2019,58.2,58.79,57.66,57.81,2945
11/20/2019,57.63,57.71,55.25,55.68,12774
11/21/2019,55.6,56.68,55.2,56.42,11863
11/22/2019,56.3,57.6,56.3,57.49,7347
11/25/2019,57.48,58.59,57.48,58.59,6160
11/26/2019,58.34,59.23,57.84,58.29,6928
11/27/2019,58.55,59.03,58.4,59.03,3824
11/29/2019,58.89,58.93,58.23,58.51,2960
12/02/2019,58.75,59.01,57.9,58.42,8127
12/03/2019,58.02,58.55,57.85,58.55,6092
12/04/2019,58.54,58.54,58.06,58.16,11473
12/05/2019,58.37,58.84,58.08,58.57,19793
12/06/2019,58.9,60.26,58.9,60.18,12637
12/09/2019,60.04,60.76,60.04,60.64,18780
12/10/2019,59.87,61.62,59.87,61.28,8354
12/11/2019,61.09,61.29,60.82,61.28,16063
12/12/2019,62.9,62.9,61.13,61.99,18916
12/13/2019,61.81,62.4,61.17,62.08,10691
12/16/2019,62.22,62.5,61.55,62.01,15785
12/17/2019,62,62.5,61.7,62.35,14564
12/18/2019,62.35,62.5,61.91,62.31,7772
12/19/2019,62.42,62.43,60.99,61.51,7730
12/20/2019,61.92,62.45,61.53,62.33,33432
12/23/2019,62.41,62.43,60.56,61.38,9052
12/24/2019,61.31,61.62,61.02,61.05,3015
12/26/2019,61.12,61.89,61.1,61.89,3837
12/27/2019,61.91,62.02,60.94,61.26,5235
12/30/2019,61.5,61.9,61.3,61.88,2596
12/31/2019,62.15,62.45,61.33,61.97,7446
01/02/2020,62.27,62.27,61.37,61.37,5556
01/03/2020,61.25,61.25,60.7,60.78,4813
01/06/2020,60.98,61.64,60.08,61.41,6090
01/07/2020,61.38,61.38,59.55,60.11,7202
01/08/2020,59.98,60.35,59.66,60.3,5188
01/09/2020,60.47,61.53,60.37,60.41,3198
01/10/2020,60.36,61.41,59.79,59.95,7900
01/13/2020,60.2,61.73,60.2,61.42,8285
01/14/2020,61.88,62.12,60.71,60.74,7951
01/15/2020,60.85,61.78,60.17,60.17,4301
01/16/2020,60.82,62.33,60.61,61.85,4567
01/17/2020,62.14,62.34,61.09,61.55,3167
01/21/2020,60.77,60.86,60.16,60.63,5086
01/22/2020,60.45,62.3,59.88,60.96,5632
01/23/2020,60.8,61.23,60.32,61.23,3934
01/24/2020,60.9,61.2,59.89,60.07,3768
01/27/2020,59.71,60.67,59.08,60.67,2792
01/28/2020,60.32,60.33,59.08,59.1,9839
01/29/2020,59.09,59.18,55.66,57.26,23911
01/30/2020,56.71,56.71,52.73,54.1,27200
01/31/2020,53.61,54.08,52.98,53.59,25792
02/03/2020,53.3,54.68,53.08,53.23,15238
02/04/2020,53.63,54.81,52.72,52.93,8588
02/05/2020,53.15,53.82,52.73,53.39,12472
02/06/2020,53.33,53.53,53.06,53.14,6748
02/07/2020,52.93,52.97,51.96,52.08,15381
02/10/2020,51.97,52.5,50.75,51.13,2137
02/11/2020,51.86,52.15,51.48,51.91,23606
02/12/2020,52.79,53.23,52.37,52.37,13456
02/13/2020,52.13,52.45,50.61,51.08,14480
02/14/2020,51.32,51.6,50.98,50.98,5455
02/18/2020,50.94,51.04,50.09,50.76,4755
02/19/2020,50.73,51.26,50.52,50.52,3410
02/20/2020,50.47,51.15,50.47,51.08,1405
02/21/2020,50.93,51.26,50.5,50.6,5921
02/24/2020,50.22,50.22,48.97,48.97,5833
02/25/2020,49.34,49.34,48.09,48.28,8804
02/26/2020,48.47,49.75,48.43,48.87,8224
02/27/2020,48.31,51.75,48.04,48.04,19518
02/28/2020,47.73,47.74,45.62,46.21,16101
03/02/2020,46.75,47.69,46.23,47.23,20328
03/03/2020,47.41,47.41,46.22,46.27,13130
03/04/2020,47.21,47.64,46.36,47.64,9462
03/05/2020,46.74,47.43,45.15,45.86,15217
03/06/2020,44.66,45.71,44.59,44.59,8672
03/09/2020,43.05,43.05,38.68,40.19,17455
03/10/2020,41.6,42.76,39.12,40.61,9508
03/11/2020,39.92,43.22,37.67,38.58,30021
03/12/2020,37.11,37.11,33.61,35.6,60337
03/13/2020,37.21,37.21,35.89,36.23,22882
03/16/2020,30.92,33.39,30.31,30.88,87157
03/17/2020,31.19,35.21,30.11,35,23669
03/18/2020,33.65,34.41,28.15,28.5,20625
03/19/2020,30.74,33.72,28.85,33.24,16300
03/20/2020,33.01,34.82,26.96,29.17,39876
03/23/2020,30.15,30.23,28.34,29.41,21585
03/24/2020,29.43,33.33,29.43,33.33,24039
03/25/2020,33.28,36.57,32.35,36.57,4687
03/26/2020,35.57,36.28,35.13,35.93,17953
03/27/2020,34.73,35.29,33.4,33.41,6375
03/30/2020,33,33.75,29.64,33.51,10752
03/31/2020,32.9,35.29,31.62,32.47,19726
04/01/2020,34.7,35.09,33.36,33.43,16874
04/02/2020,33.05,34.46,31.26,32.29,18042
04/03/2020,31.71,32.35,28.92,28.92,17402
04/06/2020,29.8,33.68,29.8,31.77,21962
04/07/2020,33.5,34.19,33.32,34.19,16583
04/08/2020,34.73,36.75,34.1,36.75,8626
04/09/2020,37.63,41.12,37.42,41.12,9840
04/13/2020,40.89,40.89,36.75,36.84,10541
04/14/2020,37.59,37.82,35.45,37.12,12914
04/15/2020,34.52,35.84,34.09,35.48,12385
04/16/2020,34.95,34.95,31.37,31.42,10857
04/17/2020,34.05,37.6,34.05,37.25,10587
04/20/2020,36.17,38.84,35.3,36.81,9245
04/21/2020,33.55,35.58,33.55,35.53,4989
04/22/2020,36.03,36.66,34.1,34.9,11739
04/23/2020,35.47,35.73,33.2,34.57,5430
04/24/2020,35.84,36.27,34.97,35.6,10902
04/27/2020,35.52,39.93,35.52,38.43,11665
04/28/2020,39.44,40.55,38.87,39.36,11353
04/29/2020,40.38,43.61,39.21,42.96,13218
04/30/2020,41.82,42.81,39.98,41.17,3346
05/01/2020,39.62,41.42,39.62,40.81,6045
05/04/2020,40.55,41.79,39.27,41.37,6169
05/05/2020,41.5,41.5,39.46,41.07,2966
05/06/2020,36.52,39.1,36.52,37.85,3704
05/07/2020,37.9,39.97,37.9,39.66,5395
05/08/2020,39.99,41.57,38.69,40.42,8037
05/11/2020,39.51,40.18,37.48,40.18,19225
05/12/2020,38.44,38.56,37.22,37.65,7389
05/13/2020,35.45,35.45,32.35,33.56,3683
05/14/2020,32.87,35.4,32.04,35.37,19293
05/15/2020,35.37,37.64,34.32,37.32,10814
05/18/2020,37.61,41.41,37.35,40.81,8663
05/19/2020,41.44,41.44,40.3,40.3,5775
05/20/2020,38.64,40.83,37.65,40.79,3978
05/21/2020,40.61,41.88,39.07,39.82,10405
05/22/2020,40.2,40.66,39.92,40.66,4767
05/26/2020,41.77,43.86,41.77,42.89,5424
05/27/2020,43.27,44.35,42.82,44.06,11400
05/28/2020,43.76,43.79,41.99,41.99,3615
05/29/2020,42.09,42.13,41.21,41.74,8789
06/01/2020,42,42,39.72,40.16,5652
06/02/2020,40.47,40.47,38.43,38.6,4961
06/03/2020,40.41,41.7,40.41,41.19,3654
06/04/2020,40.9,41.8,40.14,41.4,5510
06/05/2020,42.84,45.34,42.63,44.35,7915
06/08/2020,44.43,45.54,43.19,45.54,8356
06/09/2020,44.21,45.47,43.79,45.2,2980
06/10/2020,45.14,45.34,43.08,43.08,3568
06/11/2020,41.4,41.4,37.81,38.94,5127
06/12/2020,40.41,40.41,38.07,39.43,6760
06/15/2020,37.76,38.93,37.22,38.44,9229
06/16/2020,39.76,41.4,38.35,39.19,14286
06/17/2020,39.53,40.32,37.22,37.22,1915
06/18/2020,37.21,37.21,35.56,36.31,9352
06/19/2020,37.23,37.23,34.49,37,14598
06/22/2020,36.48,38.42,35.48,37.85,16138
06/23/2020,37.3,40.05,37.06,37.53,16058
06/24/2020,37.13,37.45,34.74,35.38,9405
06/25/2020,35.68,37.92,32.45,37.92,5083
06/26/2020,36.87,37.92,34.62,35.69,34422
06/29/2020,36.8,38.31,36.72,37.63,21465
06/30/2020,37.88,38.93,37.16,38.02,4571
07/01/2020,38.51,39.02,37.77,38.34,7485
07/02/2020,38.75,38.75,36.57,36.87,8925
07/06/2020,37.42,38.3,37.19,37.25,12666
07/07/2020,36.86,36.87,35.59,35.59,5468
07/08/2020,35.6,36.13,34.62,36.13,2974
07/09/2020,35.52,35.52,34,34.23,5074
07/10/2020,33.78,34.73,33.29,34.43,2753
07/13/2020,35.14,35.82,34.44,35.06,4318
07/14/2020,33.61,35.33,33.61,33.99,4051
07/15/2020,35.34,36.13,34.89,35.68,10095
07/16/2020,34.82,35.54,34.33,34.69,5023
07/17/2020,34.1,35.26,34.1,34.75,1499
07/20/2020,34.46,34.46,34.08,34.08,984
07/21/2020,34.49,35.48,34.07,34.52,2440
07/22/2020,35.27,35.27,34.13,34.16,2066
07/23/2020,33.91,35.45,33.66,33.66,3517
07/24/2020,35.47,37.3,35.09,36.72,35263
07/27/2020,37.3,37.56,35.99,37.17,7442
07/28/2020,36.86,38.34,36.68,36.68,18213
07/29/2020,36.82,37.75,36.73,37.16,7342
07/30/2020,36.96,37.7,36.5,37.3,18176
07/31/2020,37.33,37.61,37.07,37.61,5025
08/03/2020,37.7,37.7,36.71,37.4,2641
08/04/2020,37.53,37.55,37.1,37.46,1352
08/05/2020,37.81,38.52,37.33,38.32,6953
08/06/2020,38.89,39.51,38.06,38.62,5024
08/07/2020,38.69,39.25,37.93,37.96,2493
08/10/2020,38.94,42.6,38.66,42.07,13132
08/11/2020,42.8,42.87,41.44,41.58,6015
08/12/2020,41.83,44.44,41.83,42.24,26867
08/13/2020,43,43.23,42.13,42.42,3147
08/14/2020,41.44,42.46,41.43,42.06,3526
08/17/2020,42.03,42.59,41.61,42.1,3910
08/18/2020,42.16,42.16,40.25,40.6,3968
08/19/2020,41.01,42.11,40.23,40.45,2948
08/20/2020,40.12,40.3,39.7,39.96,3716
08/21/2020,39.69,40.64,37.66,37.77,11895
08/24/2020,38.34,39.59,37.92,39.35,5542
08/25/2020,40.03,40.03,38.63,39,4791
08/26/2020,39.29,39.48,38.61,39.06,2418
08/27/2020,39.64,40.46,39.25,40.06,6778
08/28/2020,40.25,41.07,40.25,40.91,3236
08/31/2020,40.66,40.92,37.66,39.88,10809
09/01/2020,40.12,40.54,39.81,40.39,5542
09/02/2020,40.24,40.81,39.86,40.14,2970
09/03/2020,40.17,40.83,39.79,40.39,3191
09/04/2020,40.78,40.78,39.79,39.79,4838
09/08/2020,39.74,40.12,39.26,39.26,11545
09/09/2020,40.32,40.32,38.9,38.9,5414
09/10/2020,39.45,40.28,38.91,39.7,6592
09/11/2020,39.36,41.55,39.36,39.41,7814
09/14/2020,40.59,40.71,39.74,40,4348
09/15/2020,40.35,40.38,39.93,40.18,809
09/16/2020,40.04,40.38,39.61,39.82,4540
09/17/2020,39.56,40.39,39.15,40.39,2722
09/18/2020,40.61,41.63,40.42,41.63,23173
09/21/2020,40.64,41.43,40.26,41.03,10330
09/22/2020,40.46,40.62,40.37,40.54,4997
09/23/2020,40.43,40.43,39.25,39.25,4419
09/24/2020,39.15,39.7,38.93,38.93,2554
09/25/2020,39.28,39.31,38.92,38.96,2483
09/28/2020,39.55,40.43,39.55,39.9,5183
09/29/2020,39.82,42.59,39.82,42.59,2209
09/30/2020,41.24,41.58,40.67,40.67,2470
10/01/2020,40.93,41.15,40.93,41.02,2584
10/02/2020,40.3,41.73,39.25,41.73,1449
10/05/2020,39.21,43.3,39.21,42.2,13122
10/06/2020,43.13,43.97,42.35,42.96,6995
10/07/2020,42.63,44.61,42.62,44.35,4243
10/08/2020,44.82,44.82,42.3,42.82,6322
10/09/2020,43.05,43.63,42.79,42.86,5995
10/12/2020,43.15,43.61,43.15,43.61,2241
10/13/2020,43.23,44.55,42.95,43.63,22718
10/14/2020,43.55,44.96,43.55,44.86,4124
10/15/2020,43.61,46.54,43.61,46.33,9149
10/16/2020,45.93,48.56,45.1,46.81,9640
10/19/2020,45.89,46.89,45.89,46.69,2940
10/20/2020,46.1,46.4,46.1,46.4,1308
10/21/2020,46.63,46.89,46.33,46.89,1569
10/22/2020,47.58,47.58,46.93,47.12,3686
10/23/2020,48.56,48.56,47.33,47.87,7631
10/26/2020,47.96,48.39,47.65,48.28,5279
10/27/2020,48.09,48.09,45.53,46.5,4652
10/28/2020,44.86,44.91,41.92,42.45,19902
10/29/2020,42.12,44.71,42.12,44.71,7551
10/30/2020,44.85,46.85,44.85,45.5,6025
11/02/2020,47.32,47.32,46.79,47.28,6923
11/03/2020,47.58,49.36,47.58,48.26,4732
11/04/2020,48.19,48.19,45.98,45.98,1616
11/05/2020,46.49,49.01,45.85,45.85,3359
11/06/2020,46.74,46.95,45.32,45.32,5744
11/09/2020,48.39,49.78,46.97,46.97,8720
11/10/2020,46.78,49.76,46.78,48.77,6261
11/11/2020,49.12,49.24,47.87,49.11,8399
11/12/2020,48.21,49.43,47.5,48.21,2970
11/13/2020,47.92,49.74,47.92,49.36,4478
11/16/2020,49.85,51.26,49.8,50.52,4451
11/17/2020,50.86,51.88,50.51,51.21,3034
11/18/2020,51.7,51.76,51.05,51.12,4439
11/19/2020,51,51.06,49.78,50.66,6595
11/20/2020,49.99,50.75,49.73,50.12,13183
11/23/2020,50.78,50.78,49.54,49.88,7249
11/24/2020,50.31,51.41,48.68,51.37,8783
11/25/2020,51.09,51.84,51.08,51.28,5088
11/27/2020,51.37,51.37,50.93,51.08,2456
11/30/2020,51.63,53.27,51.35,53.27,6823
12/01/2020,53.43,53.87,52.48,52.48,10853
12/02/2020,52.69,53.51,52.69,53.47,5923
12/03/2020,53.53,54.76,53.46,54.19,10545
12/04/2020,54.26,54.76,53.6,54.71,5471
12/07/2020,54.64,55.21,52.03,55.21,5699
12/08/2020,55.38,56.73,55.08,56.73,3908
12/09/2020,56.75,57.14,56.28,56.28,3992
12/10/2020,56.36,56.75,55.61,56.75,2722
12/11/2020,56.72,57.58,56.67,56.67,2199
12/14/2020,56.81,57.75,56.75,57.03,7815
12/15/2020,56.46,58.24,56.18,57.24,11841
12/16/2020,57.39,58.85,57,58.5,7197
12/17/2020,56.95,59.68,56.95,59.08,9197
12/18/2020,59.23,59.67,58.7,58.75,25509
12/21/2020,58.64,58.93,57.83,58.04,5622
12/22/2020,57.86,57.86,56.49,57.08,3043
12/23/2020,56.85,56.95,56.5,56.73,2421
12/24/2020,57.04,57.04,57.04,57.04,846
12/28/2020,58.29,59.12,57.37,57.56,7848
12/29/2020,56.67,56.67,54.55,55.39,5860
12/30/2020,55.46,56.59,54.64,54.95,2880
12/31/2020,55.01,55.49,54.62,55.25,3410
