08/12/2008,7.58,8.716,7.573,8.254,113800
08/13/2008,8.701,9.201,8.33,9.087,170300
08/14/2008,9.277,9.458,8.898,9.087,287200
08/15/2008,9.118,9.996,9.087,9.277,176900
08/18/2008,9.746,9.746,9.087,9.383,358500
08/19/2008,9.08,9.352,9.08,9.163,773200
08/20/2008,9.171,9.549,9.087,9.549,4930800
08/21/2008,9.047,11.716,8.363,11.579,4793171
08/22/2008,12.003,12.479,11.716,12.056,2434923
08/25/2008,12.026,12.109,11.897,12.079,608652
08/26/2008,11.852,12.494,11.852,12.086,980754
08/27/2008,12.109,12.245,11.503,11.526,822068
08/28/2008,11.223,11.473,10.701,11.056,730695
08/29/2008,10.739,11.283,10.739,11.094,849678
09/02/2008,10.784,12.237,10.784,11.397,582230
09/03/2008,11.132,11.549,11.102,11.132,738540
09/04/2008,11.109,11.48,11.102,11.102,627665
09/05/2008,10.821,11.48,10.594,11.39,799887
09/08/2008,11.715,12.403,11.026,11.117,485213
09/09/2008,10.966,11.586,10.595,11.132,498839
09/10/2008,11.14,11.162,10.784,11.071,832151
09/11/2008,10.752,11.246,10.639,11.094,521185
09/12/2008,10.806,11.177,10.61,11.034,637176
09/15/2008,10.617,11.155,10.435,11.132,492531
09/16/2008,10.759,11.253,10.622,11.223,1069407
09/17/2008,11.258,11.258,10.495,10.579,878605
09/18/2008,10.273,10.391,9.165,9.239,1860708
09/19/2008,8.05,8.685,6.3983,7.649,7337371
09/22/2008,8.375,8.694,7.739,8.625,3905452
09/23/2008,8.459,8.784,8.103,8.61,1255553
09/24/2008,8.769,9.201,8.319,8.444,1041112
09/25/2008,8.422,9.691,8.309,8.739,442692
09/26/2008,8.573,9.511,8.55,8.959,704338
09/29/2008,8.345,8.379,7.022,7.83,1447730
09/30/2008,7.337,8.959,7.337,8.338,949449
10/01/2008,8.345,8.792,8.194,8.474,418494
10/02/2008,8.474,9.413,7.944,8.83,404636
10/03/2008,8.223,9.345,7.849,8.141,700973
10/06/2008,7.983,9.104,6.1465,8.444,698811
10/07/2008,8.134,8.852,7.349,7.603,522730
10/08/2008,7.299,8.991,6.9123,7.77,810355
10/09/2008,7.633,9.087,5.7629,6.3082,965249
10/10/2008,5.9552,7.317,4.4113,7.0276,992083
10/13/2008,7.197,7.454,5.8884,6.5354,660273
10/14/2008,6.0295,7.5424,4.6059,5.1798,1003817
10/15/2008,5.0031,5.0935,4.2948,4.4983,755756
10/16/2008,4.5214,4.6127,3.8135,4.4453,890298
10/17/2008,4.0543,5.0065,3.8906,4.2105,1103617
10/20/2008,4.3121,4.6391,3.2246,3.5668,841173
10/21/2008,3.5514,3.7781,3.2869,3.4305,717121
10/22/2008,3.34,3.4387,2.7555,3.1654,516413
10/23/2008,3.1586,3.4759,2.947,3.4759,631008
10/24/2008,3.3732,3.9804,2.7585,3.6955,638073
10/27/2008,3.953,4.8087,3.226,4.6119,726072
10/28/2008,4.5121,5.6234,4.1989,5.4146,823056
10/29/2008,5.2841,6.3424,5.0156,6.028,981295
10/30/2008,6.0594,6.6737,5.0204,5.2631,1914616
10/31/2008,5.0039,5.2677,4.1825,4.6573,836101
11/03/2008,4.574,5.0056,4.4301,4.68,778666
11/04/2008,4.9981,4.9981,4.3165,4.3165,328825
11/05/2008,3.9068,4.1,3.4417,3.7637,575928
11/06/2008,3.5686,3.8985,3.3737,3.7486,1191007
11/07/2008,3.6569,3.8156,3.0978,3.3169,409674
11/10/2008,3.2846,3.9705,3.1551,3.5971,439058
11/11/2008,3.4155,3.6497,3.0981,3.4835,516544
11/12/2008,3.5865,3.9237,3.2018,3.8394,764783
11/13/2008,3.7537,4.0293,2.2791,3.6122,1398936
11/14/2008,3.7111,3.7642,3.0432,3.5365,655525
11/17/2008,3.5669,3.8475,3.1828,3.2715,537185
11/18/2008,3.3958,3.5789,2.7548,2.9837,506832
11/19/2008,2.9688,3.395,2.6969,3.226,544825
11/20/2008,3.1508,4.1812,2.9866,3.1882,1154725
11/21/2008,3.1882,4.3089,3.1882,3.4002,586239
11/24/2008,3.3244,3.8004,3.0675,3.3093,694835
11/25/2008,3.2182,3.738,2.6831,3.2487,895891
11/26/2008,3.1086,3.5339,2.7838,3.2942,673151
11/28/2008,3.1245,3.3793,2.7124,2.8322,392458
12/01/2008,2.6084,2.8773,1.9836,2.1507,746881
12/02/2008,2.2517,2.5597,2.017,2.0977,1316486
12/03/2008,2.0821,2.0821,1.2995,1.4767,2272752
12/04/2008,1.5146,1.6282,1.3631,1.4464,1711011
12/05/2008,1.5903,1.5903,1.3252,1.3783,1394672
12/08/2008,1.401,1.5449,1.0602,1.0905,2039953
12/09/2008,1.1289,1.4902,1.1139,1.2192,1810687
12/10/2008,1.3092,1.3389,1.1381,1.2571,1399806
12/11/2008,1.3404,1.3794,1.2313,1.3404,979136
12/12/2008,1.145,1.9542,1.145,1.9084,1170889
12/15/2008,1.9398,2.0467,1.6801,1.8023,1004180
12/16/2008,1.7276,2.4843,1.7276,2.4385,1359069
12/17/2008,2.4082,2.6581,1.9386,2.4915,1160293
12/18/2008,2.2589,2.9946,2.2589,2.7717,1192121
12/19/2008,2.7436,4.2181,2.7436,4.2181,7329085
12/22/2008,4.0752,4.6034,3.8488,4.3619,2313744
12/23/2008,4.3165,5.0132,4.2257,4.8163,1245319
12/24/2008,4.6701,4.7529,4.0901,4.2408,575141
12/26/2008,4.2304,4.8783,4.2304,4.6649,606303
12/29/2008,4.6957,5.0354,4.4315,4.8693,886224
12/30/2008,4.7683,5.3671,4.701,5.195,705439
12/31/2008,5.1718,5.5509,5.1187,5.5054,581843
01/02/2009,5.5203,5.7251,5.2701,5.7023,368718
01/05/2009,5.6421,5.6421,5.2023,5.3767,511371
01/06/2009,5.3614,5.5586,5.2097,5.4827,362623
01/07/2009,5.4642,5.4642,4.8503,4.9678,537636
01/08/2009,4.8542,4.9375,4.3771,4.521,569040
01/09/2009,4.582,4.6882,4.2254,4.3392,422510
01/12/2009,4.4026,4.5395,3.6499,3.7107,449169
01/13/2009,3.5213,3.7696,3.4611,3.5062,976574
01/14/2009,3.4453,3.536,3.128,3.3093,761719
01/15/2009,3.4002,3.8773,3.2185,3.4759,675958
01/16/2009,3.5641,3.9228,3.442,3.9076,359132
01/20/2009,3.8546,4.1196,3.5745,4.1045,432663
01/21/2009,4.1575,4.4089,3.794,3.9152,392355
01/22/2009,3.8238,3.9367,3.5227,3.7486,498118
01/23/2009,3.6804,3.9303,3.5895,3.7864,478568
01/26/2009,3.741,4.0666,3.688,3.7334,233034
01/27/2009,3.6949,4.1274,3.6949,4.0136,244523
01/28/2009,4.0818,4.3089,3.8924,3.9757,142252
01/29/2009,3.8909,3.8984,3.6275,3.6425,210392
01/30/2009,3.6195,3.6943,3.5223,3.5971,441260
02/02/2009,3.552,3.6736,3.4607,3.4835,375074
02/03/2009,3.6047,4.2332,3.5441,3.9606,466664
02/04/2009,3.9227,4.0818,3.7107,3.8546,158470
02/05/2009,3.794,3.9984,3.7258,3.8697,175886
02/06/2009,3.8993,4.1439,3.7005,3.9757,223044
02/09/2009,3.9342,4.0555,3.775,3.7864,210151
02/10/2009,3.6283,3.8001,3.5985,3.6955,215487
02/11/2009,3.642,3.6873,3.37,3.4078,200438
02/12/2009,3.4008,3.5656,3.2959,3.4532,210438
02/13/2009,3.4986,3.6728,3.3169,3.4835,82378
02/17/2009,3.3922,3.4897,3.152,3.3396,122005
02/18/2009,3.3842,3.6109,2.9234,3.0594,284272
02/19/2009,3.0061,3.3292,2.9234,2.961,350817
02/20/2009,3.0659,3.2718,2.9667,3.226,184889
02/23/2009,3.2743,3.3595,3.0885,3.1427,162072
02/24/2009,3.0973,3.635,2.9458,3.635,190733
02/25/2009,3.5505,3.674,3.2109,3.2109,238583
02/26/2009,3.3667,3.464,3.0675,3.1049,143165
02/27/2009,3.0447,3.4319,2.9238,3.2336,238684
03/02/2009,3.2018,3.3826,2.7272,2.9155,398856
03/03/2009,2.7055,2.9846,2.3834,2.8701,442377
03/04/2009,2.8575,3.3011,2.7071,3.2109,301508
03/05/2009,3.158,3.293,3.0455,3.173,162868
03/06/2009,3.2261,3.3923,3.0145,3.2487,107726
03/09/2009,3.1728,3.3382,2.9698,3.1427,54535
03/10/2009,3.1872,3.635,3.081,3.6274,212633
03/11/2009,3.6269,3.8849,3.6269,3.8546,302467
03/12/2009,3.6357,4.2404,3.5526,4.0363,343997
03/13/2009,4.0363,4.0363,3.635,3.6728,184606
03/16/2009,3.5668,3.7864,3.3775,3.5138,162104
03/17/2009,3.4982,3.7188,3.3766,3.5971,249275
03/18/2009,3.6427,3.7115,3.1463,3.6198,309822
03/19/2009,3.6894,3.6894,3.4373,3.5214,148686
03/20/2009,3.6047,3.6369,3.298,3.5138,346142
03/23/2009,3.6122,3.688,3.4153,3.5214,255752
03/24/2009,3.4002,3.6274,3.2942,3.5214,947095
03/25/2009,3.6501,4.0439,3.4986,3.8243,1320976
03/26/2009,3.8833,4.1961,3.7536,4.0893,316508
03/27/2009,4.0136,4.0136,3.8243,3.8924,145887
03/30/2009,3.7943,3.8171,3.6498,3.7183,410153
03/31/2009,3.7121,4.0728,3.7121,3.8924,167493
04/01/2009,3.7925,4.1428,3.6783,4.059,287357
04/02/2009,4.1806,4.1806,3.9454,3.9909,200257
04/03/2009,4.0212,4.0968,3.8474,4.0515,165848
04/06/2009,3.9379,4.0593,3.7861,3.9454,390800
04/07/2009,3.8773,4.0136,3.7107,3.8924,155418
04/08/2009,3.9379,4.4907,3.8244,4.4225,222117
04/09/2009,4.5437,4.5513,4.2332,4.3392,233473
04/13/2009,4.3242,4.4,4.1573,4.2711,79814
04/14/2009,4.1726,4.3698,4.1346,4.2029,196760
04/15/2009,4.1272,4.2181,4.059,4.1196,111786
04/16/2009,4.1726,4.4528,4.1045,4.3468,298298
04/17/2009,4.3619,4.8087,4.3619,4.7785,243621
04/20/2009,4.6876,4.8769,4.6876,4.8012,192092
04/21/2009,4.7936,5.0359,4.7936,5.0359,236809
04/22/2009,4.9375,5.2555,4.839,5.0056,163633
04/23/2009,5.2024,5.2024,4.9453,5.1268,165860
04/24/2009,5.1268,5.3161,5.0814,5.2555,181774
04/27/2009,5.1498,5.2939,4.9298,4.9753,180368
04/28/2009,5.0511,5.2328,4.8466,4.9299,143708
04/29/2009,5.2934,5.3388,4.8466,5.195,198134
04/30/2009,5.2941,5.4305,5.0489,5.2328,360371
05/01/2009,5.1874,5.2631,4.8769,5.1117,311277
05/04/2009,5.1197,5.2703,5.1197,5.2025,605437
05/05/2009,5.2253,5.301,4.9526,5.2253,345612
05/06/2009,5.2334,5.4524,5.2183,5.4524,894643
05/07/2009,5.7319,6.4142,5.6333,6.3612,1004857
05/08/2009,6.4218,6.9291,6.2249,6.6792,947894
05/11/2009,6.6187,6.7398,6.4369,6.6641,415692
05/12/2009,6.755,6.755,6.2476,6.5126,394714
05/13/2009,6.3763,6.7853,6.3612,6.4899,351415
05/14/2009,6.4904,6.6043,6.164,6.2779,527071
05/15/2009,6.3233,7.27,6.2324,6.6868,449192
05/18/2009,6.808,7.065,6.6944,6.8155,273720
05/19/2009,6.8539,7.565,6.5211,7.361,425934
05/20/2009,7.474,7.808,7.202,7.565,401568
05/21/2009,7.414,8.148,7.187,7.944,410687
05/22/2009,7.914,8.302,7.284,7.709,281294
05/26/2009,7.746,8.499,7.556,7.982,498028
05/27/2009,8.034,8.777,7.815,8.391,511118
05/28/2009,8.459,8.61,7.914,8.557,383890
05/29/2009,8.436,8.709,8.314,8.557,381100
06/01/2009,8.58,8.792,8.33,8.383,318819
06/02/2009,8.398,9.156,8.262,8.913,506088
06/03/2009,8.936,9.004,8.557,8.784,257959
06/04/2009,8.762,9.11,8.709,8.936,528489
06/05/2009,8.928,9.034,8.777,8.913,523103
06/08/2009,8.739,9.004,8.633,8.837,405449
06/09/2009,8.807,8.974,8.519,8.656,483436
06/10/2009,8.648,9.065,8.451,8.891,466245
06/11/2009,8.784,8.981,8.648,8.898,658215
06/12/2009,8.906,8.988,8.663,8.928,619393
06/15/2009,8.709,8.921,8.61,8.618,358867
06/16/2009,8.588,8.694,8.042,8.05,427235
06/17/2009,8.08,8.08,7.603,7.702,388038
06/18/2009,7.724,7.861,7.459,7.671,458350
06/19/2009,7.762,8.133,7.618,8.004,413203
06/22/2009,8.004,8.02,7.724,7.755,371387
06/23/2009,7.853,8.164,7.808,7.876,312890
06/24/2009,7.906,7.997,7.179,7.179,480472
06/25/2009,7.194,7.315,6.759,7.005,536824
06/26/2009,6.9367,7.77,6.8383,7.641,7502180
06/29/2009,7.603,7.664,7.209,7.55,726472
06/30/2009,7.58,8.232,7.478,8.004,805692
07/01/2009,7.959,8.216,7.8,7.861,496029
07/02/2009,7.876,8.057,7.255,7.512,426083
07/06/2009,7.466,7.466,6.7854,6.9519,658751
07/07/2009,6.9746,7.3305,6.7928,6.7928,695741
07/08/2009,6.8383,6.9897,6.5354,6.7701,267183
07/09/2009,6.8155,7.179,6.2476,6.4142,691701
07/10/2009,6.4823,6.755,6.4823,6.6338,386849
07/13/2009,6.6187,6.7853,6.5051,6.7625,456871
07/14/2009,6.7472,7.0731,6.732,6.967,375421
07/15/2009,7.035,7.49,7.02,7.391,574684
07/16/2009,7.324,7.792,7.233,7.702,444802
07/17/2009,7.611,7.717,7.361,7.596,662857
07/20/2009,7.641,7.747,7.52,7.709,259756
07/21/2009,7.8,7.936,7.384,7.664,258998
07/22/2009,7.664,8.065,7.308,7.997,249207
07/23/2009,8.02,8.05,7.906,8.004,599417
07/24/2009,7.997,8.239,7.739,8.057,224229
07/27/2009,8.088,8.103,7.785,7.921,195487
07/28/2009,7.868,8.073,7.671,7.929,200842
07/29/2009,7.876,7.876,6.428,7.338,383265
07/30/2009,7.451,8.255,7.451,7.891,304522
07/31/2009,7.838,7.936,7.649,7.671,315920
08/03/2009,7.664,8.02,7.474,7.936,317979
08/04/2009,7.929,8.148,7.777,7.815,176506
08/05/2009,7.823,7.974,7.277,7.308,253283
08/06/2009,7.8,9.83,7.8,8.678,1827110
08/07/2009,8.777,9.175,8.693,8.883,665702
08/10/2009,8.777,9.284,8.633,8.83,313376
08/11/2009,8.86,9.42,8.86,8.997,554545
08/12/2009,9.027,9.269,9.027,9.11,465662
08/13/2009,9.163,9.269,8.875,9.042,90608
08/14/2009,9.012,9.118,8.368,8.421,246398
08/17/2009,8.11,8.932,8.035,8.141,292352
08/18/2009,7.884,8.338,7.823,8.186,236738
08/19/2009,8.17,8.739,8.17,8.724,192579
08/20/2009,8.739,9.103,8.557,9.087,220686
08/21/2009,9.261,9.405,9.11,9.118,425797
08/24/2009,9.148,9.284,8.58,8.625,368613
08/25/2009,8.648,8.807,8.485,8.641,597732
08/26/2009,8.648,8.883,8.595,8.663,144848
08/27/2009,8.614,8.803,8.016,8.194,325764
08/28/2009,8.209,8.519,8.103,8.133,445990
08/31/2009,8.072,8.231,7.717,7.876,349052
09/01/2009,7.8,7.974,7.641,7.762,350813
09/02/2009,7.868,8.43,7.769,7.936,752223
09/03/2009,8.171,8.444,7.959,8.406,680239
09/04/2009,8.368,8.588,8.27,8.353,460583
09/08/2009,8.451,8.883,8.368,8.875,571252
09/09/2009,8.83,9.087,8.466,9.072,637666
09/10/2009,9.042,9.163,8.853,9.125,404638
09/11/2009,9.156,9.557,9.004,9.527,279576
09/14/2009,9.322,9.799,9.322,9.792,295746
09/15/2009,9.64,10.163,9.58,10.155,321993
09/16/2009,10.14,10.488,9.844,10.481,193908
09/17/2009,10.473,10.534,9.951,10.375,264099
09/18/2009,10.398,10.655,10.292,10.625,518395
09/21/2009,10.541,10.591,10.193,10.314,795503
09/22/2009,10.413,10.738,9.92,10.663,464565
09/23/2009,10.61,11.026,10.61,10.882,287686
09/24/2009,11.056,11.405,10.973,11.253,764087
09/25/2009,11.17,11.412,11.17,11.405,359516
09/28/2009,11.397,12.117,11.291,12.094,531966
09/29/2009,12.071,12.283,12.011,12.207,670280
09/30/2009,12.26,12.563,12.079,12.329,697178
10/01/2009,12.291,12.336,12.026,12.094,723627
10/02/2009,11.934,12.261,11.889,12.139,510016
10/05/2009,12.2,12.866,12.2,12.798,361358
10/06/2009,12.594,13.336,12.483,12.851,646393
10/07/2009,12.783,12.798,12.382,12.503,431212
10/08/2009,12.578,13.078,12.541,12.616,454644
10/09/2009,12.654,12.874,12.329,12.798,296571
10/12/2009,12.965,12.965,12.624,12.7,216486
10/13/2009,12.73,12.927,12.503,12.578,183867
10/14/2009,12.768,12.836,12.433,12.586,278471
10/15/2009,12.73,12.798,12.359,12.753,457389
10/16/2009,12.821,13.078,12.571,12.919,380176
10/19/2009,13.01,13.449,12.98,13.162,238573
10/20/2009,13.215,13.268,12.942,13.078,329146
10/21/2009,13.018,13.699,12.98,13.018,392346
10/22/2009,13.154,13.472,12.987,13.411,279921
10/23/2009,13.396,13.843,13.048,13.139,313642
10/26/2009,13.056,13.684,13.025,13.404,487583
10/27/2009,13.389,13.624,12.488,12.495,432992
10/28/2009,12.404,12.424,11.556,11.564,678298
10/29/2009,11.344,11.708,11.079,11.382,281363
10/30/2009,11.329,11.45,11.018,11.314,321347
11/02/2009,11.321,11.806,10.975,11.261,675112
11/03/2009,11.215,11.617,11.078,11.412,446224
11/04/2009,11.39,11.412,10.594,10.693,522241
11/05/2009,10.799,11.556,10.799,11.526,331674
11/06/2009,11.299,11.851,10.981,11.397,255131
11/09/2009,11.496,11.677,11.034,11.42,466587
11/10/2009,11.344,11.927,11.049,11.821,311730
11/11/2009,11.927,12.124,11.367,11.753,298732
11/12/2009,12.088,12.873,12.088,12.548,1001438
11/13/2009,12.541,13.215,12.541,13.146,547532
11/16/2009,13.381,13.964,13.381,13.851,641104
11/17/2009,13.836,14.297,13.571,13.926,660139
11/18/2009,14.002,14.199,13.829,13.972,272014
11/19/2009,13.942,13.942,13.381,13.616,420891
11/20/2009,13.601,14.169,13.581,14.116,391980
11/23/2009,14.32,15.147,14.207,14.267,355373
11/24/2009,14.32,14.328,13.843,14.078,243358
11/25/2009,14.173,14.317,13.892,13.942,207014
11/27/2009,13.578,14.048,13.086,13.578,150652
11/30/2009,13.692,13.934,13.252,13.571,472942
12/01/2009,13.692,14.101,13.26,13.805,703379
12/02/2009,13.805,14.191,13.805,14.002,500979
12/03/2009,14.131,14.396,13.767,14.093,412096
12/04/2009,14.124,14.759,13.912,14.51,342567
12/07/2009,14.487,14.661,14.07,14.381,531710
12/08/2009,14.358,14.547,14.025,14.048,657744
12/09/2009,13.904,14.176,13.48,13.608,473100
12/10/2009,13.608,13.79,13.245,13.555,468175
12/11/2009,13.616,13.677,13.124,13.593,1006584
12/14/2009,13.623,13.972,13.522,13.677,480964
12/15/2009,13.692,13.889,13.321,13.624,324776
12/16/2009,13.76,13.767,13.442,13.616,1001805
12/17/2009,13.517,13.881,13.48,13.79,575074
12/18/2009,14.042,14.11,13.129,13.616,4520289
12/21/2009,13.654,14.456,13.283,14.222,816228
12/22/2009,14.169,14.358,14.055,14.305,387235
12/23/2009,14.199,15.267,14.085,15.214,802809
12/24/2009,15.304,15.767,15.16,15.555,203596
12/28/2009,15.539,15.812,15.35,15.433,586051
12/29/2009,15.433,15.433,14.888,14.896,271161
12/30/2009,14.706,14.706,14.328,14.638,530162
12/31/2009,14.617,15.463,14.617,15.29,758581
01/04/2010,15.38,16.017,15.327,15.615,781361
01/05/2010,15.555,15.645,14.896,15.161,821131
01/06/2010,15.191,15.267,14.888,15.153,535933
01/07/2010,15.191,15.706,14.971,15.449,285250
01/08/2010,15.388,16.077,15.312,15.88,461551
01/11/2010,15.895,15.895,15.017,15.57,302615
01/12/2010,15.426,15.645,14.729,15.214,442601
01/13/2010,15.305,15.305,14.85,15.229,286638
01/14/2010,15.169,15.336,14.827,14.926,406340
01/15/2010,15.062,15.146,14.827,15.093,641154
01/19/2010,15.047,15.146,14.868,14.964,530744
01/20/2010,14.797,15.024,14.555,14.661,738088
01/21/2010,14.722,14.797,14.093,14.328,739373
01/22/2010,14.358,14.805,13.866,14.101,557121
01/25/2010,14.237,14.388,13.699,14.184,389017
01/26/2010,14.093,14.555,13.571,14.26,558439
01/27/2010,14.146,14.767,14.146,14.608,459059
01/28/2010,14.585,14.714,13.858,14.078,516244
01/29/2010,14.123,14.744,14.048,14.494,676863
02/01/2010,14.502,14.691,14.441,14.593,593890
02/02/2010,14.563,14.911,14.457,14.82,528972
02/03/2010,14.767,14.828,14.343,14.585,469835
02/04/2010,14.457,14.684,14.29,14.426,569421
02/05/2010,14.411,14.57,13.775,14.282,477445
02/08/2010,14.313,14.313,13.669,13.699,280200
02/09/2010,13.866,14.494,13.737,14.434,281875
02/10/2010,14.313,14.353,13.654,14.002,351120
02/11/2010,13.905,15.062,13.618,15.047,400672
02/12/2010,14.865,14.919,14.403,14.82,657683
02/16/2010,14.956,15.078,14.57,14.79,393020
02/17/2010,14.782,15.191,14.434,14.775,612990
02/18/2010,14.737,15.07,14.585,15.032,461051
02/19/2010,15.04,15.948,14.646,15.827,718658
02/22/2010,15.827,15.827,15.464,15.812,385492
02/23/2010,15.714,15.714,14.737,15.138,576998
02/24/2010,15.259,15.524,14.994,15.494,266140
02/25/2010,15.26,16.721,14.995,16.615,1231229
02/26/2010,16.675,16.804,16.153,16.403,586955
03/01/2010,16.546,17.676,16.417,17.236,703174
03/02/2010,17.221,17.683,17.024,17.19,1020925
03/03/2010,18.629,20.73,18.629,18.728,3232300
03/04/2010,18.816,20.89,17.77,20.28,1853166
03/05/2010,20.22,21.15,19.55,21.13,1479081
03/08/2010,21.14,21.81,20.91,21.65,1263670
03/09/2010,21.45,21.92,20.89,21.27,776738
03/10/2010,21.21,22.26,21.12,21.84,1621697
03/11/2010,21.67,22.38,21.26,22.12,718292
03/12/2010,22.26,22.48,21.4,22.36,792460
03/15/2010,22.36,22.36,21.57,22.26,630848
03/16/2010,22.33,22.58,21.79,22.07,731876
03/17/2010,22.01,22.99,22.01,22.45,808176
03/18/2010,22.32,22.7,22.11,22.33,571603
03/19/2010,22.45,22.77,21.63,22.22,2940679
03/22/2010,22.2,22.2,21.39,21.96,721641
03/23/2010,21.95,23.03,21.82,22.98,923778
03/24/2010,23,23.01,22.55,22.57,482566
03/25/2010,22.6,23.32,22.5,22.68,720891
03/26/2010,22.67,23.26,22.67,23.09,400081
03/29/2010,23.04,23.42,22.98,23.36,385053
03/30/2010,23.31,23.48,22.68,22.72,760514
03/31/2010,22.59,23.14,22.29,22.29,1074101
04/01/2010,22.39,22.64,21.88,22.64,832518
04/05/2010,22.78,23.15,22.67,23.13,441641
04/06/2010,23.1,23.45,22.83,23.44,296570
04/07/2010,23.38,24.07,22.96,23.09,628505
04/08/2010,22.97,23.72,22.2,23.52,500804
04/09/2010,23.34,23.54,22.54,23.01,446012
04/12/2010,22.95,23.48,22.82,23.25,458325
04/13/2010,23.31,23.95,23.26,23.75,353922
04/14/2010,23.85,25.07,23.82,25.07,570444
04/15/2010,25,25.21,24.68,24.98,466781
04/16/2010,24.98,24.98,23.64,23.92,643250
04/19/2010,23.91,24.22,22.89,23.33,675782
04/20/2010,23.54,24.31,23.01,24.31,332376
04/21/2010,24.29,24.79,23.48,24.68,640993
04/22/2010,24.39,25.71,24.29,25.51,556121
04/23/2010,25.6,25.82,24.58,25.1,480109
04/26/2010,25.15,26.26,24.9,24.98,556584
04/27/2010,24.86,24.86,23.32,23.51,702871
04/28/2010,23.57,24.6,23.4,24.06,524377
04/29/2010,24.22,24.94,24.1,24.78,422440
04/30/2010,24.7,24.8,22.73,22.81,681349
05/03/2010,22.82,24,22.6,23.88,738663
05/04/2010,23.21,23.35,22.48,23.29,982217
05/05/2010,24.53,25.87,23.79,24.2,1784188
05/06/2010,24.14,24.14,20.3,22.28,2265954
05/07/2010,22.34,22.71,19.95,20.03,1396481
05/10/2010,21.42,21.88,20.41,21.04,821064
05/11/2010,20.79,21.18,20.16,20.6,1183357
05/12/2010,20.86,21.35,20.45,21.25,663269
05/13/2010,21.2,21.71,20.79,21.08,862403
05/14/2010,20.92,20.99,19.644,20.02,771956
05/17/2010,20.08,20.54,18.903,20.11,841295
05/18/2010,20.35,21.2,19.386,19.538,805179
05/19/2010,19.386,19.818,18.606,19.523,1191236
05/20/2010,18.872,19.365,18.408,18.69,1235128
05/21/2010,18.286,20.1,18.015,19.538,979192
05/24/2010,19.47,20.14,19.258,19.689,639362
05/25/2010,18.954,20.106,18.47,20.01,875812
05/26/2010,20.16,21.09,19.273,19.485,756702
05/27/2010,20.16,21.14,20.09,21.07,592874
05/28/2010,21.05,21.05,20.02,20.41,452749
06/01/2010,20.3,20.54,19.091,19.091,676397
06/02/2010,19.311,20.034,19,19.924,588569
06/03/2010,20.19,20.81,19.25,19.841,619634
06/04/2010,19.015,19.341,18.311,18.644,939854
06/07/2010,18.643,18.824,17.41,17.471,955175
06/08/2010,17.539,18.008,16.683,17.857,674367
06/09/2010,18.061,19.084,17.69,17.864,613044
06/10/2010,18.266,18.924,17.94,18.826,653294
06/11/2010,18.523,20.023,18.266,19.871,696142
06/14/2010,20.14,20.45,18.894,18.947,600301
06/15/2010,19.167,19.871,18.675,19.727,462080
06/16/2010,19.583,19.689,18.97,19.205,403555
06/17/2010,19.235,19.644,18.887,19.492,500864
06/18/2010,19.644,19.644,18.19,18.856,1402628
06/21/2010,19,20.26,18.69,18.94,827262
06/22/2010,19.091,20.14,18.41,18.637,834356
06/23/2010,18.667,19.114,17.864,18.606,448536
06/24/2010,18.364,18.833,17.426,18.478,1084638
06/25/2010,18.569,19.296,18.062,19.227,987753
06/28/2010,19.182,19.742,18.818,19.205,935549
06/29/2010,18.75,18.803,17.418,17.66,1477956
06/30/2010,17.698,18.22,17.391,18.175,1800377
07/01/2010,18.175,20.007,17.72,19.356,1925113
07/02/2010,19.5,19.818,19.114,19.402,933891
07/06/2010,19.901,20.72,19.258,19.455,1302290
07/07/2010,19.463,20.18,19.175,19.985,814408
07/08/2010,20.3,20.54,19.629,20.17,622854
07/09/2010,20.21,20.66,19.825,20.48,474981
07/12/2010,20.37,20.65,19.598,20.26,473478
07/13/2010,20.61,21.11,20.06,20.99,675645
07/14/2010,20.92,21.86,20.61,21.49,570260
07/15/2010,21.47,21.86,20.72,21.71,717510
07/16/2010,21.48,21.48,20.67,20.82,746035
07/19/2010,20.97,20.97,20.25,20.67,596798
07/20/2010,20.29,21.37,20.26,21.33,701461
07/21/2010,21.6,21.97,20.71,20.79,602968
07/22/2010,21.29,21.89,21.29,21.45,857762
07/23/2010,21.36,22.32,21.02,22.02,1141298
07/26/2010,22.2,22.73,21.57,22.61,661284
07/27/2010,22.91,22.91,21.53,22.03,697589
07/28/2010,21.94,22.12,21.52,21.8,357766
07/29/2010,21.98,22.44,20.89,21.66,617285
07/30/2010,21.23,22.32,21.06,22.26,528629
08/02/2010,22.62,22.72,21.95,22.39,720880
08/03/2010,22.2,22.28,21.21,21.87,750143
08/04/2010,21.91,22.49,21.39,21.89,851332
08/05/2010,21.59,22.01,20.84,21.48,740451
08/06/2010,21.16,21.64,20.73,21.54,602244
08/09/2010,21.87,21.89,21.19,21.41,625744
08/10/2010,21.06,21.16,20.53,20.83,477674
08/11/2010,20.24,20.46,19.95,20.26,732935
08/12/2010,19.705,20.61,19.531,20.55,484114
08/13/2010,20.4,20.64,19.97,20.13,606716
08/16/2010,20.01,20.73,20.01,20.67,653745
08/17/2010,20.84,21.74,20.6,21.01,607612
08/18/2010,20.89,21.65,20.73,21.51,495177
08/19/2010,21.4,21.79,20.2,20.95,523919
08/20/2010,20.92,21.26,20.48,21.21,414581
08/23/2010,21.42,21.9,21.05,21.26,655656
08/24/2010,20.98,20.98,19.667,20.13,815502
08/25/2010,20.01,20.73,19.954,20.63,554033
08/26/2010,20.69,21.05,20.23,20.37,342896
08/27/2010,20.74,21.11,20.19,20.91,497413
08/30/2010,20.69,21.04,19.818,19.826,468262
08/31/2010,19.856,20.44,19.507,19.909,691313
09/01/2010,20.38,21.3,20.19,21.17,473681
09/02/2010,21.1,22.08,20.96,21.72,374736
09/03/2010,22.13,23.2,21.76,21.94,663864
09/07/2010,21.74,21.74,20.95,21.26,459134
09/08/2010,21.33,21.9,21.21,21.37,452151
09/09/2010,21.73,22.11,21.12,21.59,396518
09/10/2010,21.62,22.04,21.37,21.65,331428
09/13/2010,21.91,23.31,21.91,23.08,584286
09/14/2010,23.1,23.85,22.59,22.89,584359
09/15/2010,22.82,23.26,22.57,22.78,394386
09/16/2010,22.64,23.07,22,22.18,403174
09/17/2010,22.55,22.75,21.41,22.39,1289013
09/20/2010,22.45,23.74,22.37,23.17,731807
09/21/2010,23.2,23.48,22.57,23,598723
09/22/2010,22.99,23.27,21.73,21.96,736764
09/23/2010,21.7,22.51,21.61,21.66,430323
09/24/2010,22.01,22.61,21.76,22.53,478802
09/27/2010,22.53,22.7,22.02,22.46,441715
09/28/2010,22.46,22.84,21.71,22.7,516416
09/29/2010,22.57,22.87,22.04,22.8,313190
09/30/2010,22.9,23.31,22.14,22.63,600010
10/01/2010,22.95,23.39,22.03,23.09,610544
10/04/2010,23.04,23.1,22.06,22.6,787857
10/05/2010,22.94,23.48,22.48,23.34,810569
10/06/2010,23.26,23.31,22.29,22.47,554410
10/07/2010,22.7,22.96,21.89,22.39,549979
10/08/2010,22.36,23.46,22.36,23.2,425337
10/11/2010,23.24,23.67,22.95,23.35,295904
10/12/2010,23.18,23.73,22.84,23.57,453771
10/13/2010,23.76,24.15,23.29,23.39,592669
10/14/2010,23.43,23.48,22.66,22.82,549645
10/15/2010,23.21,24.2,22.95,24.07,755682
10/18/2010,24.15,24.2,23.68,23.99,240759
10/19/2010,23.44,23.68,22.72,23.03,628855
10/20/2010,23.21,23.9,22.92,23.3,519326
10/21/2010,23.51,24.23,23.04,23.63,397494
10/22/2010,23.63,23.95,23.12,23.19,208638
10/25/2010,23.44,23.61,22.8,22.9,450633
10/26/2010,22.7,23.32,22.47,23.17,402981
10/27/2010,22.87,23.18,22.16,22.71,439449
10/28/2010,22.97,22.97,22.13,22.73,520048
10/29/2010,22.51,22.89,22.33,22.67,235610
11/01/2010,22.75,22.89,21.82,22.1,500887
11/02/2010,22.33,22.75,21.77,22.53,687127
11/03/2010,21.95,21.95,19.811,20.11,4842660
11/04/2010,20.17,20.33,19.311,19.818,1774710
11/05/2010,19.773,20.46,19.773,19.871,1577344
11/08/2010,19.871,20.42,19.5,20.27,962962
11/09/2010,20.26,20.51,19.98,20.39,1070986
11/10/2010,20.45,20.83,20.18,20.78,943076
11/11/2010,20.51,20.9,20.22,20.7,555888
11/12/2010,21,21,20.39,20.83,904214
11/15/2010,20.9,21.14,20.79,20.82,1317815
11/16/2010,20.7,21.17,20.45,20.65,703773
11/17/2010,20.67,21.22,20.48,20.85,663199
11/18/2010,21.11,22.02,21.03,21.35,630392
11/19/2010,21.28,21.57,21.03,21.46,280223
11/22/2010,21.37,21.72,21.2,21.47,613149
11/23/2010,21.2,21.39,20.92,21.21,593372
11/24/2010,21.36,21.68,21.25,21.39,713728
11/26/2010,21.2,21.51,21.05,21.35,171424
11/29/2010,21.22,21.59,20.78,21.42,1046675
11/30/2010,21.2,21.54,21.01,21.47,1016433
12/01/2010,21.92,21.95,21.6,21.67,686775
12/02/2010,21.73,21.96,21.4,21.68,410471
12/03/2010,21.67,22.82,21.51,22.69,1078782
12/06/2010,22.66,22.99,22.64,22.92,667414
12/07/2010,23.22,23.61,23.1,23.24,859202
12/08/2010,23.32,23.44,23.09,23.26,506232
12/09/2010,23.02,23.38,22.95,23.2,280639
12/10/2010,23.25,23.25,22.76,22.85,298477
12/13/2010,22.87,22.99,22.44,22.45,531172
12/14/2010,22.45,22.45,22.08,22.29,372265
12/15/2010,22.31,22.99,21.97,22.79,427669
12/16/2010,22.82,23.29,22.58,23.28,325392
12/17/2010,23.27,23.27,22.92,22.96,1162968
12/20/2010,23.03,23.32,22.85,23.06,272602
12/21/2010,23.17,23.68,23.01,23.38,379158
12/22/2010,23.35,23.57,23.21,23.43,196320
12/23/2010,23.39,23.66,23.18,23.36,190315
12/27/2010,23.26,23.67,22.76,23.62,248886
12/28/2010,23.57,23.57,22.85,23.01,219017
12/29/2010,22.93,23.46,22.92,23.28,183071
12/30/2010,23.21,23.63,23.04,23.5,159305
12/31/2010,23.42,23.54,23.21,23.21,180951
01/03/2011,23.44,23.93,23.34,23.83,294548
01/04/2011,23.92,23.92,23.09,23.23,346503
01/05/2011,23.11,23.36,22.72,23.21,394987
01/06/2011,23.26,23.26,22.45,22.65,1370533
01/07/2011,22.72,22.81,21.73,22.28,680551
01/10/2011,22.14,22.42,21.62,22.32,1031806
01/11/2011,22.35,22.35,21.45,21.77,878885
01/12/2011,21.9,22.39,21.59,21.99,660429
01/13/2011,22.04,22.04,21.63,21.7,347643
01/14/2011,21.62,21.76,21.04,21.18,869521
01/18/2011,20.96,21.58,20.85,21.54,596980
01/19/2011,21.58,21.81,20.6,21.04,1118700
01/20/2011,21,22.02,20.74,21.39,633542
01/21/2011,21.57,21.57,20.67,20.74,914734
01/24/2011,20.83,21.12,20.55,21.09,520619
01/25/2011,20.93,21.37,20.75,21.36,981623
01/26/2011,21.36,21.8,21.05,21.59,391004
01/27/2011,21.6,21.65,21.03,21.39,431619
01/28/2011,21.32,21.89,21.29,21.53,756396
01/31/2011,21.6,22.04,21.15,21.33,725176
02/01/2011,21.37,22.26,21.29,21.7,415424
02/02/2011,21.62,22.02,20.76,20.8,832931
02/03/2011,20.83,21.5,20.46,21.23,743485
02/04/2011,21.29,21.9,21.03,21.4,444710
02/07/2011,21.4,21.88,21.28,21.59,385048
02/08/2011,21.7,22.36,21.54,22.34,463820
02/09/2011,22.17,22.83,21.97,22.51,319686
02/10/2011,22.35,22.45,21.93,22.11,396753
02/11/2011,22.01,22.73,21.86,22.68,287395
02/14/2011,22.57,22.95,22.22,22.55,217138
02/15/2011,22.39,22.46,21.83,21.83,411119
02/16/2011,21.92,22.78,21.92,22.7,344078
02/17/2011,22.89,23.4,22.28,23.14,367973
02/18/2011,23.31,23.51,22.78,23.47,322997
02/22/2011,23.29,23.34,22.48,23.09,750551
02/23/2011,23.67,24.36,21.14,22.91,1342520
02/24/2011,22.74,24.29,22.28,24.27,927033
02/25/2011,24.15,24.51,23.44,24.43,559386
02/28/2011,24.39,24.61,22.63,24.6,671369
03/01/2011,24.61,24.61,22.75,22.78,796281
03/02/2011,22.9,23.63,22.71,23.3,398869
03/03/2011,23.38,23.54,22.93,23.3,410729
03/04/2011,23.21,23.41,22.6,22.97,355833
03/07/2011,23.01,23.1,21.87,22.4,493042
03/08/2011,22.31,23.1,21.93,22.89,587036
03/09/2011,22.87,23.79,22.5,23.52,455188
03/10/2011,23.2,23.71,23.02,23.2,419891
03/11/2011,22.97,23.55,22.61,23.23,508334
03/14/2011,22.96,23.64,22.61,23.52,434091
03/15/2011,22.82,23.77,22.66,23.56,649414
03/16/2011,23.59,23.82,23.02,23.31,553079
03/17/2011,23.62,23.73,23.14,23.29,370051
03/18/2011,23.5,23.78,22.69,23,1832553
03/21/2011,23.23,23.48,22.61,23.29,669918
03/22/2011,23.17,23.34,22.85,23.11,415241
03/23/2011,23.11,23.63,22.76,23.48,688647
03/24/2011,23.62,23.83,23.32,23.49,657882
03/25/2011,23.54,24.23,23.52,23.54,429966
03/28/2011,23.55,23.94,23.32,23.6,273158
03/29/2011,23.48,23.9,23.35,23.87,342697
03/30/2011,23.96,24.68,23.96,24.45,339547
03/31/2011,24.43,24.52,23.89,24.26,239033
04/01/2011,24.26,24.82,24.26,24.39,280375
04/04/2011,24.55,24.82,24.39,24.61,280359
04/05/2011,24.48,25.36,24.22,24.93,308206
04/06/2011,24.98,25.29,24.72,25.09,233507
04/07/2011,25.13,26,23.98,25.5,357194
04/08/2011,25.67,25.91,24.68,24.73,397300
04/11/2011,24.66,25.14,24.51,24.73,216364
04/12/2011,24.57,25.08,24.31,24.4,299235
04/13/2011,24.5,24.85,23.89,24.3,248709
04/14/2011,24.23,24.5,23.99,24.44,167668
04/15/2011,24.32,24.56,24.07,24.38,222430
04/18/2011,24.01,24.2,23.57,24.16,206893
04/19/2011,24.18,24.35,23.72,23.98,248258
04/20/2011,24.32,24.72,24.19,24.47,266987
04/21/2011,24.62,24.62,24.01,24.2,145274
04/25/2011,24.09,24.29,23.91,24.11,143889
04/26/2011,24.14,24.77,24.07,24.43,238504
04/27/2011,24.4,24.79,24.19,24.66,341241
04/28/2011,24.61,24.71,24.23,24.65,411341
04/29/2011,24.65,25.41,24.34,25.13,1464003
05/02/2011,25.76,26.39,24.99,26.23,1153222
05/03/2011,26.16,26.4,25.64,25.88,343818
05/04/2011,26.17,26.82,25.75,26.27,684271
05/05/2011,26.13,26.51,25.51,25.76,468062
05/06/2011,26.13,26.28,25.54,25.55,547857
05/09/2011,25.39,25.6,25.1,25.57,333749
05/10/2011,25.69,26.33,25.58,26.32,330442
05/11/2011,26.13,26.33,25.37,25.62,336203
05/12/2011,25.36,25.98,25.24,25.47,404230
05/13/2011,25.44,25.66,24.96,25.05,273205
05/16/2011,24.98,25.16,24.41,24.69,447882
05/17/2011,24.48,24.72,24.22,24.31,198542
05/18/2011,24.42,25.4,24.35,25.21,418921
05/19/2011,25.37,25.37,24.85,25.23,217274
05/20/2011,25.04,25.1,24.29,24.51,398735
05/23/2011,24.17,24.4,23.88,23.95,321515
05/24/2011,23.98,24.1,23.28,23.56,402239
05/25/2011,23.46,25.08,23.32,24.77,1106136
05/26/2011,24.65,25.26,24.23,25.23,535731
05/27/2011,25.3,25.9,25.22,25.79,279596
05/31/2011,25.96,26.66,25.84,26.66,550204
06/01/2011,26.65,27.53,25.99,26.27,873282
06/02/2011,26.12,26.72,25.86,26.1,402953
06/03/2011,25.63,26.46,25.18,25.44,488495
06/06/2011,25.36,25.5,24.75,24.97,609758
06/07/2011,25.2,25.99,24.88,25.24,255374
06/08/2011,25.08,25.35,24.38,24.43,382294
06/09/2011,24.55,25.33,24.32,24.87,314399
06/10/2011,24.66,24.98,24.08,24.18,335170
06/13/2011,24.23,24.78,23.95,23.97,284348
06/14/2011,24.35,24.62,23.99,24.13,510538
06/15/2011,23.86,24.17,23.53,23.7,428269
06/16/2011,23.74,24.09,22.89,23.47,747657
06/17/2011,23.6,23.91,23.3,23.35,722846
06/20/2011,22.51,23.63,22.48,23.27,655132
06/21/2011,23.39,24.16,23.14,23.93,993520
06/22/2011,23.72,23.89,23.28,23.35,374554
06/23/2011,23.13,23.67,23.06,23.44,776099
06/24/2011,23.46,23.58,23.09,23.2,388316
06/27/2011,23.21,23.52,22.89,23.19,482060
06/28/2011,23.41,23.82,23.26,23.67,753154
06/29/2011,23.67,24.15,23.64,23.94,599256
06/30/2011,24.07,24.95,23.86,24.93,544918
07/01/2011,24.91,25.32,24.65,25.22,462842
07/05/2011,25.27,25.75,24.99,25.54,539460
07/06/2011,25.47,25.75,25.28,25.54,425975
07/07/2011,25.88,26.9,25.46,26.5,812391
07/08/2011,26.07,26.38,25.98,26.18,391350
07/11/2011,25.7,26.15,25.48,25.71,377858
07/12/2011,25.64,25.83,25.44,25.6,375322
07/13/2011,25.72,25.96,25.58,25.77,323681
07/14/2011,25.81,25.88,25.11,25.29,329929
07/15/2011,25.47,25.58,24.76,25.16,286291
07/18/2011,25.03,25.36,24.48,24.74,235075
07/19/2011,25.05,25.72,24.93,25.63,247034
07/20/2011,25.69,26.02,24.91,25.39,162717
07/21/2011,25.56,26.02,25.39,25.88,169265
07/22/2011,25.91,26.05,25.62,26.01,174531
07/25/2011,25.84,26.43,25.66,26.01,339063
07/26/2011,26.07,26.29,25.64,26.16,269807
07/27/2011,25.97,26.15,24.39,24.54,558935
07/28/2011,24.6,24.9,24.2,24.51,306378
07/29/2011,24.26,24.89,23.93,24.76,301442
08/01/2011,25.09,25.1,24.42,24.77,359279
08/02/2011,24.49,24.86,23.39,23.45,838498
08/03/2011,25,27.04,25,26.51,1708420
08/04/2011,26.1,26.25,24.33,24.35,986019
08/05/2011,24.73,25.49,23.19,24.23,1091183
08/08/2011,23.53,24.29,21.53,21.67,2475534
08/09/2011,21.61,24.53,21.28,24.49,1481045
08/10/2011,25.05,25.05,22.98,23.16,721538
08/11/2011,23.29,24.39,23.04,23.99,691812
08/12/2011,24.16,24.39,23.12,24.03,363607
08/15/2011,24.15,24.55,23.35,24.32,376316
08/16/2011,24.07,24.09,23.26,23.83,449169
08/17/2011,23.85,24.35,23.27,23.65,315859
08/18/2011,22.84,23.5,22.29,22.54,897210
08/19/2011,22.1,23.04,21.75,22.35,687009
08/22/2011,22.65,22.98,22.18,22.25,341576
08/23/2011,22.35,24.11,21.85,23.71,758060
08/24/2011,23.71,24.45,23.26,24.12,216284
08/25/2011,24.36,24.8,23.23,23.31,334863
08/26/2011,23.05,24.1,22.65,23.8,332732
08/29/2011,24.03,24.98,23.67,24.88,246121
08/30/2011,24.67,24.99,23.82,24.46,464393
08/31/2011,24.6,25.35,23.93,24.34,426579
09/01/2011,24.35,24.85,23.61,23.83,361328
09/02/2011,23.23,23.58,22.91,23.45,421941
09/06/2011,22.64,23.6,22.52,23.34,632182
09/07/2011,23.68,24.59,23.68,24.29,363396
09/08/2011,24.07,24.63,23.67,24.08,522542
09/09/2011,23.73,24.29,23.31,23.78,836110
09/12/2011,23.32,24.35,23.29,24.31,641312
09/13/2011,24.36,25.33,24.13,24.74,548688
09/14/2011,25.05,25.97,24.57,25.24,521250
09/15/2011,25.79,25.9,25.17,25.55,374023
09/16/2011,25.57,26.85,25.57,25.75,814996
09/19/2011,25.17,26.05,24.5,25.71,565508
09/20/2011,25.71,26.03,25.06,25.1,436066
09/21/2011,25.12,26.2,24.79,25.88,971978
09/22/2011,25.33,26.79,24.99,26.35,1353565
09/23/2011,26.45,27.12,25.85,26.6,996267
09/26/2011,26.79,27.05,25.91,26.5,663288
09/27/2011,27.07,27.26,26.38,26.62,971397
09/28/2011,27,28.63,25.94,26.19,1443120
09/29/2011,27.02,27.15,24.79,25.7,882170
09/30/2011,25.24,26.08,25.01,25.09,557188
10/03/2011,24.86,25.41,23.54,23.67,751957
10/04/2011,23.48,24.38,23,24.29,832628
10/05/2011,24.32,24.7,23.62,24.49,783714
10/06/2011,24.41,24.72,24.16,24.68,950347
10/07/2011,24.75,25.16,24.15,24.51,675004
10/10/2011,24.99,25.66,24.99,25.63,521127
10/11/2011,25.43,26.43,25.13,26.01,486933
10/12/2011,26.28,26.5,25.63,25.79,683583
10/13/2011,25.71,26.32,25.66,25.85,566646
10/14/2011,26.2,26.82,25.98,26.58,438588
10/17/2011,26.29,27.06,25.98,26.39,580391
10/18/2011,26.44,27.19,25.93,26.86,451557
10/19/2011,26.71,27.07,25.97,26.47,377240
10/20/2011,26.39,26.94,26.17,26.68,290514
10/21/2011,27.13,27.13,26.36,26.51,393259
10/24/2011,26.66,27.43,26.44,27.37,384457
10/25/2011,27.34,27.72,27.01,27.13,364944
10/26/2011,27.47,27.54,26.7,27.36,329887
10/27/2011,28.26,28.32,27.59,27.76,802842
10/28/2011,27.76,28,26.86,27.25,422483
10/31/2011,26.77,27.23,26.6,27.11,607253
11/01/2011,26.7,27.33,26.2,26.41,1062743
11/02/2011,27.06,28.48,27.06,28.35,1156231
11/03/2011,28.81,28.9,28.08,28.75,475866
11/04/2011,28.39,28.47,27.55,27.9,460232
11/07/2011,27.93,28.06,27.19,27.9,295468
11/08/2011,28.16,28.98,27.9,28.88,736033
11/09/2011,28.14,28.48,27.66,27.68,764567
11/10/2011,28.03,28.03,27.22,27.34,501940
11/11/2011,27.65,27.81,27.3,27.66,414449
11/14/2011,27.45,27.91,27.3,27.87,302328
11/15/2011,27.67,28.16,27.36,27.88,252352
11/16/2011,27.65,27.97,27.17,27.24,347334
11/17/2011,27.28,27.77,26.86,27.21,343951
11/18/2011,27.2,27.78,26.82,27.33,360811
11/21/2011,26.95,27.24,26.66,26.98,283349
11/22/2011,26.95,27.46,26.95,27,370397
11/23/2011,26.67,27.01,25.93,25.98,428861
11/25/2011,25.77,25.89,25.04,25.05,341802
11/28/2011,25.78,26.48,25.59,25.91,508330
11/29/2011,25.88,26.32,25.81,25.96,507312
11/30/2011,26.75,27.24,26.3,27.21,929678
12/01/2011,27.13,27.85,26.67,27.46,440552
12/02/2011,27.9,28.05,27.49,27.63,264612
12/05/2011,28.06,28.6,27.71,28.33,503997
12/06/2011,28.39,28.48,27.63,28.1,306248
12/07/2011,27.87,28.23,27.22,28.04,310934
12/08/2011,27.71,27.84,27.17,27.36,407265
12/09/2011,27.63,29.23,27.58,28.69,973538
12/12/2011,28.5,28.52,27.9,27.93,6419151
12/13/2011,28.22,28.49,26.69,26.78,962351
12/14/2011,26.6,27.14,25.78,26.65,919214
12/15/2011,26.84,27.66,26.84,27.33,517092
12/16/2011,27.49,28.12,27.39,27.57,941854
12/19/2011,27.83,28.05,26.68,26.75,478625
12/20/2011,27.3,28.5,27.14,28.29,445883
12/21/2011,28.3,28.55,27.62,28.41,359058
12/22/2011,28.25,28.61,27.91,28.3,456427
12/23/2011,28.42,28.68,28.1,28.44,152416
12/27/2011,28.22,28.78,28.12,28.57,156877
12/28/2011,28.5,28.6,28.11,28.19,196483
12/29/2011,28.35,28.51,27.83,28.14,260722
12/30/2011,28.16,28.33,27.49,27.55,387400
01/03/2012,28.13,28.6,27.6,27.87,513793
01/04/2012,27.63,28.47,27.62,28.24,288606
01/05/2012,28.01,28.44,27.55,27.8,750697
01/06/2012,27.74,27.78,26.99,27.02,533851
01/09/2012,27.26,27.33,26.41,26.72,884093
01/10/2012,27.21,27.64,26.73,26.86,729058
01/11/2012,26.85,27.55,26.6,27.51,549746
01/12/2012,27.58,27.86,27.14,27.74,358150
01/13/2012,27.41,28,27.37,27.63,320439
01/17/2012,27.87,28.24,27.59,27.81,344098
01/18/2012,27.96,28.25,27.7,27.84,612567
01/19/2012,27.84,28.15,27.51,27.9,421686
01/20/2012,28.03,28.26,27.68,27.87,595284
01/23/2012,27.84,28,27.3,27.42,336405
01/24/2012,27.36,27.61,27.24,27.46,259711
01/25/2012,27.52,27.84,27.2,27.62,334806
01/26/2012,27.83,28.05,27.27,27.36,326255
01/27/2012,27.21,27.78,27.21,27.53,233011
01/30/2012,27.29,27.49,26.98,27.28,262541
01/31/2012,27.43,27.62,26.98,27.12,244511
02/01/2012,27.27,27.83,27.26,27.58,486663
02/02/2012,27.52,27.86,27.22,27.26,367637
02/03/2012,27.74,27.84,27.43,27.51,510736
02/06/2012,27.34,27.54,27.14,27.19,267356
02/07/2012,27.18,27.39,26.61,27.14,588212
02/08/2012,27.12,27.3,26.83,27.12,253116
02/09/2012,27.13,27.13,26.62,27.12,312595
02/10/2012,26.75,27.07,26.75,26.86,289527
02/13/2012,27.09,27.73,27.06,27.65,622040
02/14/2012,27.48,28.28,27.48,28.24,361776
02/15/2012,28.47,28.47,27.09,27.6,620403
02/16/2012,27.55,28.1,27.4,27.92,478831
02/17/2012,28.08,28.37,27.93,27.97,533598
02/21/2012,28.07,28.16,27.07,27.08,564806
02/22/2012,26.98,27.96,26.54,27.63,814727
02/23/2012,26.61,29.14,26.61,28.07,1694966
02/24/2012,27.96,29.04,27.96,28.87,1084329
02/27/2012,28.47,29.36,28.47,28.86,936954
02/28/2012,28.79,29.39,28.52,28.73,864339
02/29/2012,28.7,28.88,28.14,28.24,770649
03/01/2012,28.25,28.5,27.99,28.04,619786
03/02/2012,27.87,28.19,27.17,27.54,625259
03/05/2012,27.43,28.11,27.31,28.08,671545
03/06/2012,27.62,27.89,27.55,27.87,553933
03/07/2012,28.02,28.45,27.8,28.41,661507
03/08/2012,28.6,28.77,28.26,28.5,323804
03/09/2012,28.47,28.97,28.37,28.81,364920
03/12/2012,28.8,28.96,28.58,28.8,357533
03/13/2012,28.98,28.98,28.1,28.9,457713
03/14/2012,28.89,28.94,28.41,28.65,283556
03/15/2012,28.62,28.65,28.28,28.53,344721
03/16/2012,28.59,28.7,28.11,28.3,766869
03/19/2012,28.27,28.81,27.88,28.49,360699
03/20/2012,28.25,28.96,28.25,28.82,274210
03/21/2012,28.87,29.14,28.7,28.98,357325
03/22/2012,28.8,29,28.43,28.76,292924
03/23/2012,28.73,28.95,28.24,28.94,247428
03/26/2012,29.05,29.57,29.02,29.2,650409
03/27/2012,29.07,29.43,28.96,29.17,335492
03/28/2012,29.17,29.41,28.86,29.4,534125
03/29/2012,29.2,29.2,28.6,28.83,628291
03/30/2012,29.09,29.18,28.71,29,472195
04/02/2012,29.08,29.32,28.99,29.14,572164
04/03/2012,29.2,29.63,28.73,28.94,460419
04/04/2012,28.63,28.9,28.17,28.46,439609
04/05/2012,28.32,28.92,28.32,28.32,256868
04/09/2012,27.86,28.33,27.74,28.21,477990
04/10/2012,28.21,28.21,27.25,27.45,836938
04/11/2012,27.8,28.45,27.7,28.44,446683
04/12/2012,28.55,29.02,28.55,28.79,362205
04/13/2012,28.81,29.11,28.31,28.35,442959
04/16/2012,28.41,28.79,27.99,28.38,367927
04/17/2012,28.5,29.42,28.5,28.93,360308
04/18/2012,28.78,29.03,28.6,28.63,327170
04/19/2012,28.64,29,28.21,28.26,298164
04/20/2012,28.64,29.08,28.25,28.67,311382
04/23/2012,28.24,28.41,27.83,28.22,408548
04/24/2012,28.18,28.41,27.58,28.02,398966
04/25/2012,28.41,28.87,28.34,28.75,268817
04/26/2012,28.79,29.47,28.66,29.33,351340
04/27/2012,29.5,30.02,29.21,29.82,527632
04/30/2012,29.79,29.91,29.14,29.52,560281
05/01/2012,29.43,30,29.08,29.35,530785
05/02/2012,29.75,30.51,29.23,29.66,704094
05/03/2012,29.77,29.77,28.38,28.94,751698
05/04/2012,28.82,28.92,28.21,28.49,667897
05/07/2012,28.32,28.62,28.02,28.12,755514
05/08/2012,28.36,28.73,27.71,27.84,1216546
05/09/2012,27.7,28.23,27.7,27.83,1188828
05/10/2012,28.01,28.31,27.72,28.06,702834
05/11/2012,27.89,28.38,27.85,27.87,528485
05/14/2012,27.65,28,27.43,27.59,407353
05/15/2012,27.64,28.26,27.64,28.17,834826
05/16/2012,28.19,28.86,28.19,28.75,1022260
05/17/2012,28.78,28.94,28.08,28.09,973966
05/18/2012,28.14,28.61,27.85,28.12,877935
05/21/2012,28.12,28.59,27.82,28.43,417651
05/22/2012,28.37,28.92,28.25,28.74,429097
05/23/2012,28.58,29.2,28.58,29.18,414947
05/24/2012,29.18,29.66,28.91,29.66,361658
05/25/2012,29.77,29.99,29.55,29.92,345936
05/29/2012,30.3,30.72,29.72,30.25,450896
05/30/2012,29.95,30.21,29.63,29.85,513775
05/31/2012,29.83,29.91,29.53,29.66,862161
06/01/2012,29.01,29.54,28.74,28.74,700371
06/04/2012,28.81,29.49,28.81,29.25,859254
06/05/2012,29.04,29.89,29.04,29.82,361723
06/06/2012,29.94,30.89,29.94,30.71,623154
06/07/2012,31.15,31.19,30.36,30.57,455663
06/08/2012,30.6,30.73,30.37,30.52,516072
06/11/2012,30.85,30.86,29.88,29.92,650719
06/12/2012,30.11,30.8,29.95,30.79,631730
06/13/2012,30.49,31.01,30.14,30.24,517529
06/14/2012,30.3,31.66,30.22,31.48,524718
06/15/2012,31.54,31.87,31.38,31.74,914692
06/18/2012,31.67,31.93,31.2,31.37,832952
06/19/2012,31.38,31.59,31.19,31.29,823879
06/20/2012,30.69,30.94,29.91,30.63,717407
06/21/2012,30.5,30.62,29.94,30.21,593807
06/22/2012,30.44,30.53,30.03,30.09,679479
06/25/2012,29.8,29.96,29.4,29.52,537598
06/26/2012,29.63,30.44,29.36,30.03,656983
06/27/2012,30.14,30.54,29.77,29.99,988325
06/28/2012,29.88,30.5,29.84,30.49,557425
06/29/2012,31.12,31.13,30.59,30.87,526304
07/02/2012,30.73,31.25,30.52,31.11,716836
07/03/2012,31.07,31.62,30.99,31.54,373771
07/05/2012,31.43,31.55,31.09,31.43,299869
07/06/2012,31.05,31.41,31.02,31.28,504804
07/09/2012,31.18,31.58,31.01,31.57,894964
07/10/2012,31.61,31.8,31.5,31.75,806921
07/11/2012,31.79,31.97,31.55,31.9,516033
07/12/2012,31.55,32.08,31.52,31.93,744059
07/13/2012,31.99,32.65,31.94,32.59,415926
07/16/2012,32.59,32.82,32.21,32.78,413544
07/17/2012,33.19,33.31,32.76,33,508359
07/18/2012,33.17,33.58,32.84,33.08,388530
07/19/2012,33.07,33.16,32.42,32.7,550155
07/20/2012,32.56,32.65,32.16,32.35,537820
07/23/2012,31.96,32.48,31.62,32.25,328689
07/24/2012,32.19,32.27,31.84,32.06,274237
07/25/2012,32.2,32.34,31.89,32.06,460355
07/26/2012,32.56,32.72,32.13,32.46,198375
07/27/2012,32.65,33.27,32.65,32.98,260249
07/30/2012,33.09,33.36,32.76,32.88,141121
07/31/2012,32.66,32.88,32.2,32.41,307960
08/01/2012,32.46,32.46,31.39,31.48,718832
08/02/2012,30.67,32.49,30.33,32.03,572561
08/03/2012,32.53,33.55,32.31,32.84,876189
08/06/2012,32.82,33.14,32.28,32.77,550493
08/07/2012,33.06,33.3,32.83,33.16,283277
08/08/2012,33.12,33.7,33.08,33.36,529647
08/09/2012,33.3,33.42,33.07,33.21,299634
08/10/2012,33.04,33.46,32.53,33.46,319376
08/13/2012,33.37,33.52,32.96,33.32,313005
08/14/2012,33.56,33.79,33.4,33.69,543362
08/15/2012,33.7,34.02,33.32,33.82,325473
08/16/2012,33.74,34.15,33.69,34.1,394976
08/17/2012,34.13,34.91,34.13,34.7,277674
08/20/2012,34.7,34.7,34.18,34.32,199697
08/21/2012,34.33,34.58,33.9,34.02,491824
08/22/2012,33.89,34.14,33.77,33.93,203903
08/23/2012,34.02,34.05,33.44,33.73,208556
08/24/2012,33.58,34.19,33.58,34,185478
08/27/2012,34.2,34.37,33.86,33.91,244135
08/28/2012,33.91,34.23,33.77,34.13,212259
08/29/2012,34.19,34.54,34.19,34.37,350114
08/30/2012,34.15,34.49,33.99,34.17,331282
08/31/2012,34.37,34.75,34.28,34.55,252175
09/04/2012,34.48,35.12,34.45,34.89,354852
09/05/2012,33.9,35.19,33.88,34.78,816962
09/06/2012,34.85,35.91,34.85,35.71,623375
09/07/2012,35.88,36.25,35.68,35.81,385632
09/10/2012,35.94,36.01,35.84,35.88,294299
09/11/2012,35.87,36.26,35.54,35.86,396409
09/12/2012,36.01,36.31,35.88,36.1,267614
09/13/2012,36.03,36.6,35.9,36.23,313467
09/14/2012,36.51,37.14,36.48,36.93,486016
09/17/2012,36.85,37.07,36.69,37.01,285026
09/18/2012,36.84,37.03,36.65,36.68,671595
09/19/2012,36.64,37.15,36.63,37,375419
09/20/2012,36.72,37.17,36.72,37.13,240023
09/21/2012,38.16,38.2,37.46,37.51,1273327
09/24/2012,37.48,37.5,37.05,37.2,352691
09/25/2012,37.51,37.88,36.91,37,329960
09/26/2012,36.99,37.4,36.6,36.96,261918
09/27/2012,36.95,37.59,36.85,37.47,236280
09/28/2012,37.23,37.79,37.15,37.63,243265
10/01/2012,37.75,38.01,37.38,37.66,338916
10/02/2012,37.7,37.73,37.08,37.3,339290
10/03/2012,37.32,37.66,37.29,37.34,195841
10/04/2012,37.55,37.97,37.41,37.57,419182
10/05/2012,37.73,37.93,37.36,37.53,178345
10/08/2012,37.42,37.87,37.18,37.69,367393
10/09/2012,37.78,37.97,37.31,37.46,246267
10/10/2012,37.37,37.62,36.89,36.95,262755
10/11/2012,37.34,37.51,36.52,36.53,309276
10/12/2012,36.51,37,36.45,36.64,270561
10/15/2012,36.79,37.36,36.74,37.2,251171
10/16/2012,37.43,37.79,37.38,37.43,281472
10/17/2012,37.5,37.87,37.32,37.79,201652
10/18/2012,37.67,37.96,37.59,37.64,103335
10/19/2012,37.39,37.39,36.9,37.2,231915
10/22/2012,37.24,37.62,36.93,37.5,219556
10/23/2012,37.13,37.38,36.45,37.07,241842
10/24/2012,37.33,37.65,36.93,37.63,216933
10/25/2012,37.89,37.89,37.27,37.76,154637
10/26/2012,37.76,37.92,37.27,37.79,154161
10/31/2012,37.78,39.98,37.78,39.9,733133
11/01/2012,39.95,42.29,39.1,40.87,692213
11/02/2012,41.11,41.18,39.24,39.24,534576
11/05/2012,39.09,39.68,39.09,39.67,191273
11/06/2012,39.71,40.1,39.71,39.96,360129
11/07/2012,39.48,39.74,38.97,38.98,279703
11/08/2012,39.03,39.41,38.67,39.34,474525
11/09/2012,39.28,39.59,39.08,39.54,663818
11/12/2012,39.57,40.14,39.47,39.7,321564
11/13/2012,39.68,40.21,39.51,39.57,341836
11/14/2012,39.77,40.39,37.86,37.93,707297
11/15/2012,38.06,38.37,37.69,38.06,432505
11/16/2012,37.96,38.76,37.96,38.75,246948
11/19/2012,39.21,39.78,39,39.73,407540
11/20/2012,39.47,40.03,39.41,39.93,252677
11/21/2012,40.16,40.46,39.67,40.11,167195
11/23/2012,40.29,40.53,40.02,40.38,70537
11/26/2012,40.33,40.82,39.52,39.85,225222
11/27/2012,39.93,40.46,39.65,39.97,169068
11/28/2012,39.64,40.35,39.33,40.28,135149
11/29/2012,40.65,40.89,39.77,40.5,202720
11/30/2012,40.67,40.8,40.35,40.58,300265
12/03/2012,40.79,40.79,39.98,40.24,282544
12/04/2012,40.37,40.51,40.12,40.19,441587
12/05/2012,40.29,40.52,39.96,40.1,293201
12/06/2012,40.11,40.56,39.85,40.1,237689
12/07/2012,40.16,40.43,39.89,40.02,338215
12/10/2012,40.12,40.58,40.08,40.46,235888
12/11/2012,40.63,41.66,40.43,40.95,525616
12/12/2012,40.97,41.49,40.59,40.62,483679
12/13/2012,40.49,40.91,40.47,40.67,412367
12/14/2012,40.5,41.33,40.31,41.06,327196
12/17/2012,41.1,41.83,40.73,41.8,364441
12/18/2012,41.75,42.47,41.57,42.35,249287
12/19/2012,42.41,42.63,41.9,42.2,269919
12/20/2012,42.22,42.52,41.86,42.5,256352
12/21/2012,42.23,42.76,41.2,42.43,1139365
12/24/2012,42.55,43.14,42.26,42.47,110613
12/26/2012,42.77,42.77,41.33,41.56,215508
12/27/2012,41.59,41.96,40.95,41.8,163351
12/28/2012,41.52,42.34,41.14,41.69,219345
12/31/2012,41.57,42.6,40.85,42.4,245895
01/02/2013,43.32,43.85,42.71,43.03,351831
01/03/2013,42.67,44.38,42.67,44.31,386071
01/04/2013,44.55,44.88,43.98,44.32,249054
01/07/2013,44.21,44.48,43.94,43.96,246540
01/08/2013,44.04,44.64,43.97,44.41,221934
01/09/2013,44.87,45.38,44.77,44.86,331698
01/10/2013,44.94,45.3,44.33,44.88,389730
01/11/2013,44.86,45.15,44.73,44.76,263502
01/14/2013,44.77,44.98,44.41,44.74,416851
01/15/2013,44.61,46.85,44.61,46.72,392477
01/16/2013,46.54,46.75,45.49,45.81,385751
01/17/2013,45.91,46.15,45.34,45.56,521560
01/18/2013,45.45,45.97,45.21,45.44,265387
01/22/2013,45.51,45.63,45.05,45.15,251450
01/23/2013,45.24,45.26,44.87,44.97,364433
01/24/2013,45.09,46.33,45.09,45.56,486707
01/25/2013,45.71,46.28,45.51,45.85,387133
01/28/2013,46.07,46.16,45.24,45.32,308732
01/29/2013,45.43,45.98,45.26,45.98,223161
01/30/2013,45.84,46.18,45.14,45.34,218023
01/31/2013,45.38,46.34,45.07,45.88,329457
02/01/2013,46.26,46.36,45.33,45.88,207734
02/04/2013,45.74,45.81,45.03,45.54,168998
02/05/2013,45.66,46.25,45.38,45.78,259669
02/06/2013,45.7,45.7,45.15,45.43,347783
02/07/2013,45.34,45.85,45.12,45.36,356039
02/08/2013,45.35,46.2,45.18,46.15,212176
02/11/2013,46.18,46.21,45.35,45.62,214761
02/12/2013,45.66,45.93,45.39,45.65,204384
02/13/2013,45.61,46.3,45.59,45.61,249290
02/14/2013,45.61,45.91,45.24,45.54,182810
02/15/2013,45.72,45.74,44.57,44.6,387851
02/19/2013,44.81,45.41,44.62,45.3,250562
02/20/2013,45.3,45.52,44.42,44.54,518619
02/21/2013,44.3,44.3,40.05,41.13,1370851
02/22/2013,41.18,41.54,40.09,41.29,491781
02/25/2013,41.23,41.63,38.18,38.47,1591056
02/26/2013,38.44,38.92,37.84,38.67,832718
02/27/2013,38.49,40.28,38.47,40.08,704061
02/28/2013,40.39,41.66,40.32,41.19,762553
03/01/2013,40.66,41.7,40.36,41.56,527413
03/04/2013,41.36,41.99,41.12,41.42,551908
03/05/2013,41.41,42.21,41.24,41.92,483854
03/06/2013,41.98,42.07,41.33,41.63,300810
03/07/2013,41.56,42.28,41.17,42.16,311566
03/08/2013,42.34,42.41,41.85,41.9,378686
03/11/2013,41.72,42.56,41.47,42.42,337166
03/12/2013,42.24,42.52,41.8,42.28,211118
03/13/2013,42.27,42.72,42.18,42.51,218423
03/14/2013,42.57,42.71,42.26,42.51,196452
03/15/2013,42.55,42.64,42.24,42.49,564655
03/18/2013,41.97,42.57,41.87,42.33,170056
03/19/2013,42.34,42.51,41.68,42.34,167633
03/20/2013,42.45,43.06,42.45,43.04,151020
03/21/2013,42.52,43.01,42.36,42.64,236425
03/22/2013,42.76,43.41,42.65,43.13,207101
03/25/2013,43.23,43.35,42.46,42.79,182106
03/26/2013,43.09,43.09,42.74,42.87,138627
03/27/2013,42.46,42.6,42.15,42.48,190423
03/28/2013,42.25,42.59,42.11,42.38,319402
04/01/2013,42.45,42.72,41.83,41.98,298777
04/02/2013,42.25,42.46,41.77,41.86,168526
04/03/2013,41.99,42.04,39.9,40.33,456902
04/04/2013,40.31,41.89,40.29,41.81,492251
04/05/2013,41.1,41.63,40.97,41.11,382105
04/08/2013,41.15,41.51,40.87,41.09,226412
04/09/2013,41.13,41.26,40.71,40.75,154004
04/10/2013,40.8,41.18,40.72,40.87,309890
04/11/2013,40.92,40.99,40.81,40.94,374386
04/12/2013,40.84,41.29,40.75,41.26,218923
04/15/2013,41.09,41.22,39.43,39.68,232444
04/16/2013,39.99,40.21,39.69,40.04,449825
04/17/2013,39.82,40.02,39.22,39.59,229486
04/18/2013,39.73,40.34,39.39,39.45,271146
04/19/2013,39.5,40.56,39.5,40.26,159807
04/22/2013,40.33,40.63,39.62,40.41,218104
04/23/2013,40.68,41.2,40.46,40.94,188186
04/24/2013,40.82,41.33,40.65,40.99,203622
04/25/2013,41.24,41.39,40.94,41.06,181824
04/26/2013,41.04,41.26,40.88,40.92,168795
04/29/2013,41.19,41.23,40.84,40.88,260374
04/30/2013,40.93,41.09,40.52,40.61,438463
05/01/2013,40.48,40.91,39.93,39.98,457406
05/02/2013,40.22,41.57,40.22,41.32,361237
05/03/2013,41.7,42.16,41.49,41.85,228384
05/06/2013,41.73,41.91,41.39,41.9,307393
05/07/2013,41.97,42.53,41.6,42.53,150612
05/08/2013,42.2,42.82,42.12,42.81,212025
05/09/2013,42.75,42.96,42.49,42.72,121545
05/10/2013,42.87,43.09,42.54,42.87,265267
05/13/2013,42.71,42.78,42.43,42.69,138909
05/14/2013,42.6,43.05,42.52,43.04,162516
05/15/2013,42.85,43.58,42.63,43.46,97737
05/16/2013,43.46,43.64,42.5,42.68,218410
05/17/2013,42.75,43.12,42.59,43.03,195680
05/20/2013,42.89,43.33,42.68,42.82,137163
05/21/2013,42.81,43.18,42.64,43,50806
05/22/2013,42.96,43.73,42.35,42.59,222116
05/23/2013,42.16,43.59,41.29,43.57,172959
05/24/2013,43.48,44.1,43.27,43.84,128258
05/28/2013,44.44,45.22,44.08,44.75,175367
05/29/2013,44.58,44.83,43.44,43.67,181143
05/30/2013,43.8,44.28,43.8,43.94,252160
05/31/2013,43.68,44.67,43.63,43.94,185361
06/03/2013,44.03,44.15,43.05,43.66,279777
06/04/2013,43.6,43.93,43.08,43.53,453622
06/05/2013,43.46,43.74,42.7,42.83,121226
06/06/2013,42.71,43.59,42.54,43.35,146644
06/07/2013,43.7,44,43.17,43.86,94477
06/10/2013,43.99,44.08,43.29,43.47,142276
06/11/2013,42.9,44.12,42.9,43.77,175152
06/12/2013,44.18,44.35,43.04,43.04,135662
06/13/2013,43.08,44.38,42.77,44.32,138598
06/14/2013,44.11,44.28,43.24,43.46,137522
06/17/2013,43.69,43.9,42.68,43.32,230937
06/18/2013,43.5,43.79,43.37,43.68,176580
06/19/2013,43.58,43.71,42.63,42.72,242126
06/20/2013,42.2,42.51,40.83,40.94,312797
06/21/2013,40.98,41.53,40.01,40.77,947298
06/24/2013,40.41,41.04,40.1,40.54,257622
06/25/2013,40.91,41.03,40.3,40.86,315537
06/26/2013,41.29,41.53,40.94,40.98,155657
06/27/2013,41.25,42.13,41.06,41.78,334297
06/28/2013,41.77,42.09,41.58,41.63,852641
07/01/2013,41.87,42.18,41.81,42.01,243040
07/02/2013,42.07,42.67,41.59,41.84,163791
07/03/2013,41.55,42.87,41.27,42.6,100486
07/05/2013,43.45,43.45,42.3,43.21,138093
07/08/2013,43.42,43.85,43.21,43.8,154527
07/09/2013,44.02,44.68,43.76,44.5,162390
07/10/2013,44.57,44.94,44.17,44.72,115876
07/11/2013,44.95,45.46,44.77,45.18,128220
07/12/2013,45.08,45.39,44.57,44.84,104691
07/15/2013,44.86,45.19,44.66,44.9,83390
07/16/2013,44.83,45.14,44.44,44.72,119846
07/17/2013,44.85,45.49,44.3,45.42,82917
07/18/2013,45.49,45.94,44.83,45.7,70115
07/19/2013,45.69,45.7,44.86,45.16,89188
07/22/2013,44.97,45.13,44.52,44.87,137191
07/23/2013,45.49,47.11,45.46,47.05,266266
07/24/2013,47.38,47.68,45.82,46.11,206054
07/25/2013,46.16,46.54,46.02,46.52,195446
07/26/2013,46.11,46.66,45.68,46.64,88722
07/29/2013,46.64,47.26,46.46,46.83,148722
07/30/2013,47.2,47.23,45.94,46.24,114633
07/31/2013,46.47,47.31,46.02,46.54,197225
08/01/2013,47.26,50.36,47.26,49.39,481763
08/02/2013,49.83,50.05,48.67,48.82,222547
08/05/2013,48.89,49.45,48.55,49.03,201217
08/06/2013,48.74,48.74,47.69,47.86,151620
08/07/2013,47.75,47.88,46.53,47.26,187807
08/08/2013,47.55,47.75,47.02,47.43,113740
08/09/2013,47.21,47.36,46.62,46.87,103448
08/12/2013,46.44,47.04,46.27,46.99,71623
08/13/2013,46.88,47.04,46.31,46.98,59063
08/14/2013,46.83,46.97,46.05,46.25,95827
08/15/2013,45.73,45.73,44.59,44.6,225005
08/16/2013,44.37,45.2,44.31,44.35,145227
08/19/2013,44.35,45.11,43.87,43.96,132046
08/20/2013,44.15,44.74,43.8,44.65,147929
08/21/2013,44.32,44.63,43.44,43.66,137723
08/22/2013,43.89,44.51,42.88,43.96,198313
08/23/2013,44.04,45.28,43.29,43.83,154580
08/26/2013,43.87,44.44,43.39,43.94,133908
08/27/2013,43.57,43.68,42.49,42.72,195504
08/28/2013,42.49,43.09,42.49,42.59,98686
08/29/2013,42.56,43.26,42.29,42.81,103535
08/30/2013,42.72,42.77,41.79,41.87,198030
09/03/2013,42.41,42.66,41.25,42.01,435264
09/04/2013,41.57,41.86,41.04,41.65,846813
09/05/2013,42.48,42.94,41.83,42.76,399260
09/06/2013,43.09,43.49,42.27,42.71,236238
09/09/2013,42.76,43.5,42.56,43.5,130948
09/10/2013,43.66,43.99,43.29,43.69,237726
09/11/2013,43.66,43.97,43.46,43.78,157199
09/12/2013,43.83,44,43.34,43.77,179960
09/13/2013,43.96,43.96,43.12,43.22,75894
09/16/2013,43.74,43.74,42.45,42.57,255645
09/17/2013,42.45,42.6,42.1,42.29,383702
09/18/2013,42.36,42.84,42.17,42.52,529309
09/19/2013,42.56,42.94,42.37,42.6,669652
09/20/2013,42.64,42.89,42.43,42.5,1836255
09/23/2013,42.54,42.94,42.22,42.37,216381
09/24/2013,42.35,42.72,41.99,42.42,238250
09/25/2013,42.55,42.6,41.97,42.32,278722
09/26/2013,42.48,42.85,42.31,42.59,329481
09/27/2013,42.28,42.47,42.19,42.32,245677
09/30/2013,41.88,42.28,41.47,41.69,275672
10/01/2013,41.68,42.01,41.5,41.86,412209
10/02/2013,41.61,41.82,41.34,41.66,405865
10/03/2013,41.61,41.61,40.99,41.03,274621
10/04/2013,40.99,41.25,40.66,40.7,285337
10/07/2013,40.33,40.58,39.89,39.94,312695
10/08/2013,39.84,39.91,38.89,39.23,588258
10/09/2013,39.3,39.81,39.3,39.66,988324
10/10/2013,39.91,40.7,39.91,40.44,583245
10/11/2013,40.47,41.45,40.39,41.44,538815
10/14/2013,41.23,41.9,41.18,41.51,356411
10/15/2013,41.27,41.47,40.25,40.66,292364
10/16/2013,40.88,41.42,40.6,40.92,314468
10/17/2013,40.53,41.39,40.44,41.37,417200
10/18/2013,41.76,41.76,40.95,41.21,362827
10/21/2013,41.16,41.43,40.94,41.22,433245
10/22/2013,41.44,41.62,40.57,41.3,326362
10/23/2013,41.13,41.79,40.78,41.44,448958
10/24/2013,41.44,42.79,41.17,42.63,621161
10/25/2013,42.73,43.12,41.83,41.97,337445
10/28/2013,42.06,42.06,41.37,41.58,251809
10/29/2013,41.59,41.9,41.35,41.72,345477
10/30/2013,41.76,42.21,41.33,41.36,313451
10/31/2013,41.46,41.65,40.72,40.74,286460
11/01/2013,40.72,40.78,40.12,40.44,316665
11/04/2013,41.95,42.02,40.43,41.96,434099
11/05/2013,41.44,43.14,41.44,41.86,1039297
11/06/2013,42.21,42.21,40.11,41.96,726033
11/07/2013,42.35,45.06,42,42.96,734028
11/08/2013,42.95,44.4,42.95,44.04,508510
11/11/2013,44.06,44.6,43.58,43.78,318461
11/12/2013,43.55,44.35,43.55,43.99,336809
11/13/2013,43.79,44.93,43.67,44.5,237959
11/14/2013,44.55,45.06,44.31,44.87,351318
11/15/2013,44.85,45.12,44.37,44.87,259935
11/18/2013,45.07,45.07,44.39,44.8,229746
11/19/2013,44.77,45.19,44.35,44.7,232466
11/20/2013,44.87,45.08,44.33,44.69,432909
11/21/2013,44.87,45.01,44.55,44.81,281013
11/22/2013,44.92,45.49,44.78,45.14,185472
11/25/2013,45.35,45.77,44.76,44.96,208625
11/26/2013,44.94,44.94,44.52,44.65,205353
11/27/2013,44.8,45.3,44.61,45.18,101249
11/29/2013,45.42,45.51,44.51,44.62,128345
12/02/2013,44.57,45.76,44.4,44.51,320970
12/03/2013,44.52,45.23,44.41,45.19,356795
12/04/2013,44.83,45.55,44.57,45.4,239583
12/05/2013,45.3,45.81,45.12,45.51,221512
12/06/2013,45.97,46.78,45.76,46.73,376548
12/09/2013,46.72,46.83,46.29,46.47,467941
12/10/2013,46.29,46.92,46.23,46.76,338068
12/11/2013,46.9,46.93,46.4,46.65,316304
12/12/2013,46.72,46.97,46.37,46.88,259493
12/13/2013,47.08,47.61,46.67,47.35,245059
12/16/2013,47.67,47.68,46.97,47.07,276831
12/17/2013,46.91,46.94,46.12,46.87,419212
12/18/2013,46.86,48.15,46.6,47.97,415889
12/19/2013,47.77,48.25,47.64,48.02,227991
12/20/2013,48.13,49.37,48.13,48.8,864747
12/23/2013,48.9,49.48,48.48,48.89,278826
12/24/2013,48.93,49.41,48.69,48.89,170399
12/26/2013,49.18,49.4,48.16,48.77,189284
12/27/2013,49,49.09,48.7,48.85,198861
12/30/2013,48.75,49.3,48.47,49.07,172163
12/31/2013,49.21,49.64,48.39,48.65,362977
01/02/2014,48.67,48.87,47.33,47.93,473222
01/03/2014,47.97,48.57,47.6,48.45,303656
01/06/2014,48.44,48.76,47.71,47.73,262515
01/07/2014,47.86,48.57,47.46,48.27,231643
01/08/2014,48.14,48.18,46.92,47.13,313908
01/09/2014,47.15,47.33,46.48,47.26,183615
01/10/2014,47.15,47.53,46.89,47.33,154769
01/13/2014,47.07,47.64,45.88,46.1,292951
01/14/2014,46.14,46.67,46.01,46.25,248208
01/15/2014,46.44,46.44,45.58,45.84,281429
01/16/2014,45.62,46.07,44.94,45.26,488169
01/17/2014,45.12,45.34,44.57,44.69,253231
01/21/2014,44.84,44.94,44.4,44.75,221356
01/22/2014,44.68,45.52,44.68,45.33,267258
01/23/2014,45,45.3,44.69,45.07,214512
01/24/2014,44.72,44.74,44.15,44.42,208597
01/27/2014,44.51,44.84,43.98,44.14,296788
01/28/2014,44.14,44.51,43.99,44.24,242122
01/29/2014,43.94,44.01,43.01,43.03,351015
01/30/2014,43.46,43.85,43.16,43.33,357098
01/31/2014,42.63,43.18,42.15,42.77,439805
02/03/2014,42.69,43.13,41.39,41.74,509396
02/04/2014,42.11,43.03,41.74,43.02,463577
02/05/2014,42.82,43.41,42.52,42.95,400532
02/06/2014,42.95,43.62,42.84,43.04,434972
02/07/2014,43.05,43.21,42.74,42.91,435852
02/10/2014,42.96,42.96,42.27,42.54,334654
02/11/2014,42.68,42.93,42.62,42.83,543642
02/12/2014,42.91,43.18,42.8,42.84,590944
02/13/2014,42.55,43.27,42.55,43.24,585340
02/14/2014,43.17,44.05,42.78,43.84,205862
02/18/2014,43.73,44.5,43.66,44.18,268455
02/19/2014,43.89,44.77,43.65,43.94,305910
02/20/2014,44.69,45.27,43.73,45.1,457176
02/21/2014,45.45,45.45,44.63,44.64,437754
02/24/2014,44.61,45.26,44.33,44.58,211532
02/25/2014,44.61,45.12,44.35,44.62,186057
02/26/2014,44.86,45.44,44.56,44.84,196678
02/27/2014,44.58,44.84,44.31,44.78,242990
02/28/2014,44.9,45.3,44.55,44.78,232407
03/03/2014,44.44,44.85,44.11,44.59,261763
03/04/2014,45.16,45.87,45.16,45.29,338249
03/05/2014,45.3,45.52,44.76,45.06,231857
03/06/2014,45.14,45.51,44.76,45.38,169041
03/07/2014,45.56,45.85,45.05,45.4,208256
03/10/2014,45.95,47.05,45.52,47.05,808105
03/11/2014,47.09,47.88,46.88,47.46,541798
03/12/2014,47.05,47.34,46.76,47.07,415170
03/13/2014,47.09,47.6,47.09,47.22,547568
03/14/2014,47.07,47.97,47.07,47.7,285682
03/17/2014,47.97,48.41,47.91,47.97,520419
03/18/2014,48.04,48.44,48.02,48.29,340907
03/19/2014,47.87,48.1,47.37,47.64,365813
03/20/2014,47.46,48.07,47.27,47.67,288555
03/21/2014,47.73,48.54,47.52,47.56,500458
03/24/2014,47.72,48,47.27,47.34,335613
03/25/2014,47.58,47.58,46.61,46.77,277030
03/26/2014,46.95,47.38,46.49,46.6,330782
03/27/2014,46.57,46.72,45.84,45.99,243687
03/28/2014,45.94,46.84,45.89,46.29,186296
03/31/2014,46.53,47.27,46.39,46.84,256604
04/01/2014,46.84,47.81,46.69,47.15,400422
04/02/2014,47.18,47.63,47.01,47.11,206337
04/03/2014,47.17,47.55,46.98,47.27,131926
04/04/2014,47.67,48.13,46.31,46.41,226134
04/07/2014,46.26,46.8,45.48,45.71,252056
04/08/2014,45.88,46.48,45.34,45.76,306234
04/09/2014,45.82,46.69,45.55,46.64,251066
04/10/2014,46.61,46.61,45.57,45.59,289855
04/11/2014,45.08,45.12,44.45,44.58,325660
04/14/2014,44.93,45.17,44.03,44.22,318601
04/15/2014,44.44,44.81,43.69,44.5,251936
04/16/2014,44.94,45.98,44.94,45.82,315918
04/17/2014,45.82,46.11,45.53,45.96,175997
04/21/2014,45.96,46.2,45.46,45.7,101976
04/22/2014,45.8,46.25,45.62,45.83,120662
04/23/2014,45.77,46.02,45.34,45.41,138759
04/24/2014,45.89,46.06,45.15,45.96,200831
04/25/2014,45.69,45.69,44.6,44.62,204252
04/28/2014,44.7,45.29,44.29,45.12,228675
04/29/2014,45.27,45.34,44.65,44.79,126932
04/30/2014,44.65,45.67,44.51,45.52,301480
05/01/2014,45.21,45.21,42.45,42.65,1083718
05/02/2014,42.55,45,42.39,43.22,471788
05/05/2014,42.76,43.23,42.36,42.88,395799
05/06/2014,42.77,43.02,42.03,42.04,396924
05/07/2014,42.04,44.2,41.51,42.66,426706
05/08/2014,42.59,43.98,42.56,42.91,322083
05/09/2014,42.65,43.52,42.39,43.49,314627
05/12/2014,43.79,44.53,43.69,43.83,436034
05/13/2014,43.87,43.91,43.2,43.4,306165
05/14/2014,43.16,43.43,42.55,42.62,341364
05/15/2014,42.5,42.73,41.83,42.54,440837
05/16/2014,42.4,43.01,42.4,42.85,359358
05/19/2014,42.69,43.34,42.58,43.25,256303
05/20/2014,43.21,43.34,42.12,42.14,456279
05/21/2014,42.27,42.49,41.69,42.33,483767
05/22/2014,42.55,43,42.31,42.82,325736
05/23/2014,42.76,43.37,42.61,43.29,222583
05/27/2014,43.67,43.67,43.05,43.66,172171
05/28/2014,43.56,43.63,43.2,43.26,217136
05/29/2014,43.49,43.72,43.23,43.39,204643
05/30/2014,43.52,43.78,43.29,43.62,222902
06/02/2014,43.58,43.96,43.55,43.73,216707
06/03/2014,43.33,43.93,43.13,43.71,238347
06/04/2014,43.49,44.19,43.49,44.14,153536
06/05/2014,44.3,45.01,43.85,44.91,224512
06/06/2014,45.16,45.64,44.73,45.58,197372
06/09/2014,45.71,46.32,45.68,46.29,234523
06/10/2014,46.31,46.39,45.87,45.94,251159
06/11/2014,45.77,45.83,44.95,45.01,143597
06/12/2014,44.82,44.87,44.29,44.5,167925
06/13/2014,44.59,44.59,44.01,44.22,154892
06/16/2014,44.27,44.44,43.85,44.21,176535
06/17/2014,44.26,45.12,44.2,44.24,299358
06/18/2014,44.19,44.5,44.06,44.45,142244
06/19/2014,44.6,45.18,44.13,44.87,176858
06/20/2014,45.14,45.22,44.78,44.98,450498
06/23/2014,45.83,46.51,45.49,46.19,717717
06/24/2014,46.24,46.64,45.82,45.92,370781
06/25/2014,45.63,46.18,45.61,45.93,182886
06/26/2014,46,46.02,45.4,45.83,139355
06/27/2014,45.51,46.39,45.51,46.28,427168
06/30/2014,46.34,46.68,45.96,46.67,242160
07/01/2014,46.82,47.57,46.5,47.2,261111
07/02/2014,47.02,47.67,46.46,46.65,141171
07/03/2014,46.79,47.25,46.64,47.23,83687
07/07/2014,47.04,47.14,46.48,46.53,129288
07/08/2014,46.51,46.52,45.83,45.86,197115
07/09/2014,45.89,46.09,45.23,45.39,332369
07/10/2014,44.58,45.27,44.58,44.6,290844
07/11/2014,44.55,44.89,44.11,44.15,194399
07/14/2014,44.66,44.68,44.16,44.57,281771
07/15/2014,44.63,44.9,43.94,44.11,291969
07/16/2014,44.38,45.01,43.91,44.12,423445
07/17/2014,43.84,44.34,43.56,43.71,241042
07/18/2014,43.67,44.58,43.55,44.29,336121
07/21/2014,44.04,44.22,43.66,44.01,152443
07/22/2014,44.17,44.32,44.01,44.1,121620
07/23/2014,44.09,44.31,43.75,44.04,121340
07/24/2014,44.14,44.94,44.11,44.62,283994
07/25/2014,44.22,44.53,44.1,44.17,304534
07/28/2014,44.08,44.6,44.08,44.34,213018
07/29/2014,44.47,44.88,44.26,44.31,219433
07/30/2014,44.64,44.75,44.23,44.58,205950
07/31/2014,44.3,44.66,43.98,44.03,447395
08/01/2014,44.15,44.41,43.66,43.99,277966
08/04/2014,44.23,44.66,44.02,44.56,269331
08/05/2014,44.37,44.74,43.97,44.04,267053
08/06/2014,43.77,44.21,43.6,44.04,388739
08/07/2014,43.1,46.27,42.84,45.91,492483
08/08/2014,45.75,46.11,45.43,46.01,191281
08/11/2014,46.1,47.01,46.03,46.28,260588
08/12/2014,46.16,46.57,45.89,46.37,174494
08/13/2014,46.41,46.91,45.9,46.79,294230
08/14/2014,46.91,47.52,46.64,47.35,202096
08/15/2014,47.78,47.92,46.54,46.81,163970
08/18/2014,47.38,48.05,47.15,48.02,193964
08/19/2014,48.17,49.09,47.62,48.02,185947
08/20/2014,47.86,48.1,47.42,47.98,155601
08/21/2014,47.89,47.89,47.14,47.64,161872
08/22/2014,47.46,47.62,47.12,47.44,176675
08/25/2014,47.68,47.83,47.23,47.67,113605
08/26/2014,47.65,48.2,47.53,48.18,152574
08/27/2014,48.12,48.23,47.92,48.05,159525
08/28/2014,47.83,48.36,47.51,47.94,151213
08/29/2014,47.96,48.26,47.71,47.93,204973
09/02/2014,48.11,48.62,47.55,48.29,181498
09/03/2014,48.35,48.65,47.82,48.05,117636
09/04/2014,48.17,48.7,48.06,48.47,189971
09/05/2014,48.3,48.68,48.09,48.29,189690
09/08/2014,48.12,48.35,47.55,47.95,211162
09/09/2014,47.79,47.95,47.32,47.6,188600
09/10/2014,47.52,47.79,47.18,47.51,119960
09/11/2014,47.3,47.79,47.25,47.6,134887
09/12/2014,47.6,47.6,46.77,47.02,141845
09/15/2014,47.08,47.08,46.43,46.88,174181
09/16/2014,46.74,47.43,46.74,47.01,174029
09/17/2014,46.98,47.21,46.64,47.14,176065
09/18/2014,47.33,47.53,46.81,47.13,114999
09/19/2014,47.2,47.94,47.2,47.49,614060
09/22/2014,47.33,47.45,46.84,47.07,234578
09/23/2014,47,47.3,46.59,46.69,324407
09/24/2014,47.31,49.21,47.31,48.47,648830
09/25/2014,48.18,48.47,48.09,48.28,449581
09/26/2014,48.37,48.62,47.92,48.4,293978
09/29/2014,47.89,48.47,47.89,48.41,173050
09/30/2014,48.32,48.81,48.05,48.55,323577
10/01/2014,48.61,48.85,48.28,48.44,404290
10/02/2014,48.32,48.85,48.13,48.72,336275
10/03/2014,49.23,49.65,48.89,49.44,165425
10/06/2014,49.5,49.79,48.9,49.54,428182
10/07/2014,49.22,49.35,48.37,48.45,269711
10/08/2014,48.34,49.25,48.25,49.23,183222
10/09/2014,49.2,49.36,48.02,48.43,348539
10/10/2014,48.67,49.54,48.33,48.53,330439
10/13/2014,48.43,48.62,47.73,47.92,195369
10/14/2014,48.26,48.82,47.56,48.54,256822
10/15/2014,47.79,48.47,47.2,48.22,302327
10/16/2014,47.54,48.47,47.54,47.96,307342
10/17/2014,48.56,48.68,47.7,48.54,226885
10/20/2014,48.26,50.76,48.07,50.38,433462
10/21/2014,50.7,52.15,50.53,52.13,600755
10/22/2014,51.99,52.44,51.11,51.21,337297
10/23/2014,51.77,52.33,51.71,51.96,402070
10/24/2014,52.12,52.12,51.44,51.73,247413
10/27/2014,51.45,52.22,51.16,52.21,253007
10/28/2014,52.82,54.34,52.62,54.23,589496
10/29/2014,54,54.53,52.63,53.01,415817
10/30/2014,52.14,52.46,50.92,51.83,486376
10/31/2014,53.07,53.07,52.17,52.26,363101
11/03/2014,52.17,52.5,51.63,51.65,543952
11/04/2014,52.24,53.8,51.62,53.21,732804
11/05/2014,53.64,56.16,53.64,56.11,971645
11/06/2014,56.31,56.35,54.92,55.26,560467
11/07/2014,55.09,55.36,54.72,55.13,538891
11/10/2014,55.04,55.29,54.74,55.11,253164
11/11/2014,55.11,55.17,54.6,55.02,336623
11/12/2014,54.9,55.97,54.9,55.81,303792
11/13/2014,56.01,56.33,55.66,56,202971
11/14/2014,56.08,56.53,55.73,56.2,223606
11/17/2014,56.18,56.25,55.61,55.78,310977
11/18/2014,55.93,56.33,55.54,55.6,189032
11/19/2014,55.48,56.36,54.88,55.44,307406
11/20/2014,55.16,56.5,55.16,56.29,212815
11/21/2014,56.97,57.52,56.48,56.68,271303
11/24/2014,56.94,57.35,56.42,57.25,225388
11/25/2014,57.31,57.95,57.2,57.51,401895
11/26/2014,57.7,57.97,57.39,57.46,179458
11/28/2014,57.75,58.48,57.56,57.69,142442
12/01/2014,57.78,57.89,56.73,57.05,189482
12/02/2014,57.16,57.95,56.56,57.54,260638
12/03/2014,57.38,58.06,57.37,57.64,156898
12/04/2014,57.75,57.75,56.97,57.1,238029
12/05/2014,57.22,57.45,56.53,56.79,179981
12/08/2014,56.52,56.87,56.32,56.7,308894
12/09/2014,56.08,58.18,55.65,58.09,273843
12/10/2014,57.9,58.44,57.57,57.72,345678
12/11/2014,58.05,58.98,57.91,58.33,192263
12/12/2014,57.67,59.93,57.67,59.34,311071
12/15/2014,59.46,60.58,58.82,59.31,347247
12/16/2014,59.33,60.16,58.54,58.85,400312
12/17/2014,59.28,60.29,58.71,60.25,271214
12/18/2014,60.87,61.7,60.18,60.81,234938
12/19/2014,60.84,60.84,58.95,59.79,849937
12/22/2014,59.64,60.12,59.24,59.92,196355
12/23/2014,60.09,60.57,59.64,60.19,258038
12/24/2014,60.39,61.13,59.95,60.48,165535
12/26/2014,60.76,60.92,60.23,60.4,100367
12/29/2014,60.37,61.37,59.98,61.1,234530
12/30/2014,60.94,61.58,60.45,60.98,143059
12/31/2014,61.14,61.85,60.34,60.41,204188
01/02/2015,61.01,61.01,59.36,59.57,192905
01/05/2015,59.52,59.53,58.72,58.91,289959
01/06/2015,59.23,59.69,58.36,58.64,342992
01/07/2015,59.17,60.16,58.39,60.12,200936
01/08/2015,60.69,61.41,60,60.96,441197
01/09/2015,60.91,61.02,60.05,60.05,217909
01/12/2015,60.03,60.67,59.28,60.54,199171
01/13/2015,61.47,63.03,60.83,61.43,321255
01/14/2015,60.77,61.1,60,60.61,208528
01/15/2015,60.62,61.46,58.5,58.85,276764
01/16/2015,58.64,58.92,57.73,58.72,502198
01/20/2015,58.73,60,57.86,57.91,263120
01/21/2015,57.8,58.2,57.32,57.58,264701
01/22/2015,57.95,59.49,57.69,59.13,354734
01/23/2015,59.15,59.81,59.12,59.39,305389
01/26/2015,59.37,60.61,59.12,60.26,167852
01/27/2015,59.56,60.14,58.82,59.57,224920
01/28/2015,62.71,63.45,59.32,59.61,883312
01/29/2015,60.02,63.36,58.18,62.29,1492610
01/30/2015,61.94,62.49,60.47,61.55,968212
02/02/2015,61.99,62.49,60.47,62.23,664338
02/03/2015,62.32,62.59,61.62,61.68,608658
02/04/2015,61.47,62.1,60.77,61.97,839388
02/05/2015,61.83,61.87,59.04,59.39,694636
02/06/2015,59.36,60.47,58.86,59.49,506171
02/09/2015,59.03,59.7,58.72,59.28,259320
02/10/2015,58.48,60.36,58.48,59.49,352110
02/11/2015,59.59,60.01,59.15,59.49,125966
02/12/2015,59.65,60.41,59.29,60,181239
02/13/2015,60.19,61.47,59.85,61.38,219839
02/17/2015,61.46,62.09,60.8,61.62,193904
02/18/2015,61.38,61.78,61.08,61.48,108944
02/19/2015,61.96,62.23,61.56,62.04,249879
02/20/2015,62.2,62.33,61.8,62.1,329940
02/23/2015,61.86,62.26,61.62,62.15,249609
02/24/2015,61.98,62.47,61.72,62.18,311993
02/25/2015,62.37,62.37,61.42,61.63,198270
02/26/2015,65.02,65.02,58.74,59.21,483755
02/27/2015,59.28,61.87,59.01,61.61,712556
03/02/2015,61.61,62.55,61.61,62.44,345758
03/03/2015,62.22,62.42,61.06,62.29,556286
03/04/2015,62.23,62.93,61.72,62.78,473011
03/05/2015,63.06,63.06,61.49,61.57,499099
03/06/2015,61.1,61.38,60.14,60.29,263001
03/09/2015,60.57,61.27,60.15,60.66,278402
03/10/2015,60.03,60.61,59.83,59.92,333155
03/11/2015,60.03,60.83,59.78,60.45,322724
03/12/2015,60.82,62.43,60.38,62.3,267602
03/13/2015,62.44,62.51,61.22,61.27,252674
03/16/2015,61.64,62.11,61.32,61.74,251958
03/17/2015,61.4,62.66,61.4,62.4,251076
03/18/2015,62.15,62.43,61.12,62.19,209298
03/19/2015,62.2,62.72,61.86,62.61,149637
03/20/2015,63.2,63.22,62.1,63.01,511270
03/23/2015,62.83,63.62,62.79,62.84,250682
03/24/2015,62.9,63.63,62.36,62.8,238742
03/25/2015,62.65,62.85,61.77,61.89,284020
03/26/2015,61.8,61.8,60.7,61.22,203315
03/27/2015,61.37,61.93,60.83,61.9,193502
03/30/2015,61.98,63.45,61.64,63.08,222655
03/31/2015,62.74,63.11,61.82,62.54,372014
04/01/2015,62.42,62.61,61.23,61.82,323883
04/02/2015,61.62,62.55,61.36,61.75,264830
04/06/2015,61.34,62.18,60.8,61.52,221128
04/07/2015,61.59,61.65,60.84,60.89,353899
04/08/2015,60.97,61.41,60.47,61.08,398216
04/09/2015,60.95,61.18,60.49,60.87,196021
04/10/2015,61.09,61.6,60.75,61.23,169521
04/13/2015,61.08,61.27,60.4,60.45,251372
04/14/2015,60.66,60.77,59.6,59.77,243050
04/15/2015,60.13,60.34,58.8,59.46,440676
04/16/2015,59.44,60.12,59.03,59.63,235173
04/17/2015,59.22,59.44,58.47,58.86,253222
04/20/2015,59.11,59.83,59.11,59.75,240889
04/21/2015,60.1,60.24,59.68,59.78,182640
04/22/2015,59.67,59.94,59.46,59.77,180819
04/23/2015,59.69,60.31,59.69,59.99,156274
04/24/2015,60.19,60.19,59.75,59.87,163512
04/27/2015,59.84,59.91,59.22,59.5,241901
04/28/2015,59.4,59.63,58.63,59.26,201017
04/29/2015,59.37,59.37,58.16,58.55,343169
04/30/2015,58.13,58.2,56.97,57.22,290905
05/01/2015,57.29,58.15,57.07,57.59,281655
05/04/2015,57.51,58.33,57.26,57.76,240760
05/05/2015,57.53,58.48,56.56,56.71,327557
05/06/2015,61.37,61.37,57.64,58.88,661537
05/07/2015,59.23,60.95,58.74,60.67,430266
05/08/2015,61.39,62.21,60.96,61.82,494520
05/11/2015,61.88,62.15,61.74,61.76,286398
05/12/2015,61.66,62.39,61.34,61.85,345533
05/13/2015,61.87,62.08,61.55,61.79,276367
05/14/2015,61.87,62.27,61.72,61.96,215190
05/15/2015,62.05,62.33,61.79,62.05,297114
05/18/2015,62.09,63,61.78,62.41,236002
05/19/2015,62.92,63.73,62.34,63.2,301536
05/20/2015,63.25,63.97,63.25,63.38,271446
05/21/2015,63.37,63.67,62.74,62.93,203066
05/22/2015,62.7,63.22,62.06,62.16,225986
05/26/2015,62.19,62.28,61.35,61.53,241812
05/27/2015,61.72,62.47,61.38,62.16,140954
05/28/2015,61.86,62.23,61.78,62.22,152060
05/29/2015,62,62.08,61.31,61.52,276389
06/01/2015,61.88,62.6,61.24,62.13,365754
06/02/2015,61.81,62.87,61.54,62.49,310921
06/03/2015,63.92,65.63,63.76,63.96,336954
06/04/2015,63.56,64.33,63.56,63.71,163877
06/05/2015,63.82,64.12,63.12,63.88,164194
06/08/2015,63.97,64.14,63.47,63.61,134948
06/09/2015,63.47,63.86,62.72,62.86,183802
06/10/2015,63.33,64.04,62.98,63.76,142899
06/11/2015,63.62,64.35,63.36,63.64,115330
06/12/2015,63.53,63.8,63.16,63.35,79360
06/15/2015,62.75,63.04,61.97,62.86,139812
06/16/2015,62.54,63.34,62.54,63.18,148201
06/17/2015,63.4,63.48,62.71,63.37,111641
06/18/2015,63.39,65.15,63.39,64.93,283434
06/19/2015,64.89,65.11,64.03,64.37,293542
06/22/2015,64.52,64.74,63.8,64.74,167264
06/23/2015,65.19,65.38,64.76,65.33,126981
06/24/2015,65.24,65.36,64.4,64.51,108055
06/25/2015,64.65,65.09,64.09,64.46,124275
06/26/2015,64.68,65.85,63.9,65.64,268473
06/29/2015,65.03,65.78,63.84,63.97,140336
06/30/2015,64.56,64.96,64.06,64.68,191784
07/01/2015,65.17,65.31,64.24,64.88,167005
07/02/2015,64.7,65.3,64.56,64.68,140626
07/06/2015,64.11,65.25,64.11,65.01,133395
07/07/2015,65.05,65.24,64.01,65.11,224691
07/08/2015,64.63,65.54,64.39,64.76,263240
07/09/2015,65.51,65.82,64.47,65.41,198697
07/10/2015,65.93,66.38,65.23,66.29,151249
07/13/2015,66.93,67.36,66.23,67.08,238883
07/14/2015,67.19,67.93,66.98,67.67,189537
07/15/2015,68.05,68.05,65.95,66.25,351139
07/16/2015,66.58,67.58,66.31,67.4,154855
07/17/2015,67.37,67.91,66.54,66.67,186938
07/20/2015,66.64,67.46,66.59,66.84,177246
07/21/2015,67.01,67.28,66.25,66.4,113469
07/22/2015,65.94,67.01,65.94,67.01,202857
07/23/2015,67.02,67.3,65.91,66.24,95780
07/24/2015,66.07,66.37,65.44,65.54,112079
07/27/2015,65.34,65.73,64.78,65.32,145231
07/28/2015,65.63,66.43,64.76,66.24,206928
07/29/2015,66.12,66.94,65.8,66.53,201690
07/30/2015,66.12,67.58,66.12,67.56,179625
07/31/2015,67.91,68.13,67.48,67.74,122994
08/03/2015,67.69,68.31,66.82,67.31,160936
08/04/2015,67.45,68.42,67.38,67.75,204797
08/05/2015,68.28,69.51,67.77,68.71,358536
08/06/2015,65.39,65.95,61.32,61.43,1108393
08/07/2015,60.86,61.49,58.44,59.39,729527
08/10/2015,59.84,60.66,59.1,59.67,375332
08/11/2015,59.32,59.39,58.23,58.5,249899
08/12/2015,57.94,58.38,57.51,58.03,249457
08/13/2015,57.95,58.47,57.64,57.71,373426
08/14/2015,57.56,58.75,57.24,58.42,447571
08/17/2015,58.09,58.74,57.54,58.68,315852
08/18/2015,58.7,58.96,58.19,58.23,168961
08/19/2015,57.81,58.71,57.19,58.08,136268
08/20/2015,57.59,57.65,56.7,56.73,237395
08/21/2015,55.81,57.01,55.57,56.14,325988
08/24/2015,53.75,55.87,53.12,53.18,397301
08/25/2015,54.93,56.35,53.89,55.47,555343
08/26/2015,56.88,57.14,55.03,56.35,274836
08/27/2015,56.86,57.98,56.26,57.33,270228
08/28/2015,57.22,57.89,56.89,57.48,255342
08/31/2015,57.12,57.31,55.83,56.35,290096
09/01/2015,55.22,56.03,54.82,55.15,321771
09/02/2015,55.74,56.26,55.11,55.58,164388
09/03/2015,55.99,56.11,55.43,55.53,134456
09/04/2015,54.77,55.62,54.48,54.63,204499
09/08/2015,55.56,55.94,54.41,55.43,209758
09/09/2015,56,56.05,54.89,55.08,161765
09/10/2015,55.08,55.23,54.12,54.38,146575
09/11/2015,53.98,54.57,53.58,54.55,161896
09/14/2015,54.55,54.55,53.57,53.61,129173
09/15/2015,53.46,54.13,53.16,53.84,140220
09/16/2015,53.82,54.86,53.39,54.78,159954
09/17/2015,54.64,55.16,54.27,54.66,252817
09/18/2015,54.02,54.84,53.11,53.38,378298
09/21/2015,53.78,54.7,53.35,53.81,246565
09/22/2015,53.13,53.87,53.13,53.8,322537
09/23/2015,53.9,54.2,53.3,53.94,185711
09/24/2015,53.64,55.88,53.64,55.79,411652
09/25/2015,56.28,56.54,55.02,55.14,238855
09/28/2015,54.92,54.98,53.54,53.83,301359
09/29/2015,53.8,54.16,53.39,53.83,184713
09/30/2015,54.22,55.93,52.98,53.04,747933
10/01/2015,53.35,53.62,52.42,52.5,399462
10/02/2015,51.77,53.31,51.22,53.23,236772
10/05/2015,53.63,54.58,53.28,54.27,135033
10/06/2015,54.29,54.48,53.18,53.76,151326
10/07/2015,54.06,54.21,53.13,53.58,189784
10/08/2015,53.41,54.8,53.29,54.8,258970
10/09/2015,55.13,55.13,54.36,54.99,147503
10/12/2015,54.99,55.4,54.76,55.24,149700
10/13/2015,54.83,55.29,54.35,54.76,173516
10/14/2015,54.86,54.9,53.78,53.89,93094
10/15/2015,54.01,54.83,53.25,54.82,98169
10/16/2015,54.74,55.3,54.24,55.17,83710
10/19/2015,55.07,56.47,54.77,56.31,169622
10/20/2015,56.36,56.36,55.41,55.68,108152
10/21/2015,55.91,55.92,55.23,55.4,80500
10/22/2015,55.83,56.11,55.17,55.82,122487
10/23/2015,56.32,56.38,54.76,55.68,179384
10/26/2015,55.63,57.62,55.59,57,175612
10/27/2015,56.84,56.84,56.12,56.41,193997
10/28/2015,56.45,58.55,56.45,58.37,278962
10/29/2015,58.36,58.77,55.36,57.12,594211
10/30/2015,57.11,57.57,54.66,57.31,204864
11/02/2015,57.26,57.73,56.47,57.11,269078
11/03/2015,57.06,58.63,57.06,58.29,261917
11/04/2015,48.55,51.46,47.82,50.7,3203311
11/05/2015,50.14,51.64,47.92,51.19,833177
11/06/2015,51,51.09,49.82,50.19,287868
11/09/2015,50.19,50.4,48.79,48.79,194679
11/10/2015,48.75,50.13,48.29,49.99,347081
11/11/2015,50.1,50.29,49.32,49.35,167724
11/12/2015,49.18,49.18,48.45,48.8,207220
11/13/2015,48.45,48.45,47.22,47.23,269588
11/16/2015,47.17,47.92,47.16,47.51,256830
11/17/2015,47.78,48.22,46.21,46.25,349211
11/18/2015,46.33,46.68,45.8,46.17,490523
11/19/2015,45.96,46.69,45.93,46.24,246545
11/20/2015,46.6,47,46.24,46.47,260780
11/23/2015,46.54,46.97,46.36,46.89,163949
11/24/2015,46.45,46.96,46.07,46.52,261394
11/25/2015,46.68,47.31,46.65,46.94,153594
11/27/2015,47.11,47.61,46.63,47.22,105491
11/30/2015,47.37,47.52,46.41,46.56,253836
12/01/2015,46.89,47.17,46.14,46.49,188053
12/02/2015,46.54,47.23,46.2,47.08,186233
12/03/2015,47.43,47.57,46.56,46.81,241067
12/04/2015,46.8,47.64,46.76,47.61,147303
12/07/2015,47.51,47.9,47.05,47.59,120375
12/08/2015,47.31,48.28,46.91,47.71,147604
12/09/2015,47.72,48.27,47.17,47.57,124245
12/10/2015,47.47,47.99,47.23,47.65,115048
12/11/2015,46.91,47.1,46.59,46.94,166825
12/14/2015,47.03,47.15,46.26,46.77,127626
12/15/2015,47,47.86,46.84,47.41,152228
12/16/2015,47.66,48.3,47.41,48.23,134530
12/17/2015,48.47,48.64,47.11,47.12,186574
12/18/2015,46.94,47.32,46.41,46.42,670643
12/21/2015,46.66,47.54,46.53,47.14,131391
12/22/2015,47.32,47.98,46.77,47.82,94171
12/23/2015,47.99,48.83,47.73,48.44,98818
12/24/2015,48.2,48.84,47.19,47.6,293414
12/28/2015,47.27,47.76,46.95,47.71,125472
12/29/2015,47.99,48.62,47.46,48.05,148509
12/30/2015,47.82,48.11,47.43,47.62,201862
12/31/2015,47.49,47.88,46.9,47.28,663592
01/04/2016,46.83,47.56,46.43,46.94,286475
01/05/2016,47.1,48.35,46.81,48.02,250146
01/06/2016,47.36,48.33,47.19,47.86,164792
01/07/2016,46.94,47.9,46.82,46.99,448909
01/08/2016,47.07,47.84,44.68,44.82,613687
01/11/2016,44.94,45.75,44.55,45.11,275841
01/12/2016,45.44,46.28,45.24,45.64,380758
01/13/2016,45.75,45.87,44.24,44.36,305674
01/14/2016,44.52,44.8,43.79,43.84,326589
01/15/2016,42.87,45.67,42.87,44.32,419743
01/19/2016,44.74,45.47,43.86,44.33,270832
01/20/2016,43.75,44.95,42.01,44.45,398396
01/21/2016,44.57,45.5,44.09,44.79,230472
01/22/2016,45.26,45.52,44.7,45.06,173094
01/25/2016,45.03,45.31,44.4,44.5,123373
01/26/2016,44.57,45.93,43.15,45.93,183265
01/27/2016,45.95,46.11,43.14,43.15,303331
01/28/2016,43.64,43.64,42.81,43.09,182166
01/29/2016,43.11,43.99,43.11,43.91,222842
02/01/2016,43.71,44.44,43.43,44.27,212905
02/02/2016,43.83,44,43.14,43.35,157427
02/03/2016,43.75,43.75,42.2,42.97,153619
02/04/2016,42.79,43.66,42.09,42.34,158050
02/05/2016,42.03,42.03,40.47,40.64,371745
02/08/2016,40.14,40.28,38.6,39.39,413386
02/09/2016,39.1,39.64,38.19,39.24,514728
02/10/2016,39.56,40.28,39.01,39.61,294067
02/11/2016,39.04,39.8,38.1,39.76,162699
02/12/2016,39.98,43.02,39.6,40.82,147808
02/16/2016,41.22,42.06,41.06,41.86,160179
02/17/2016,41.98,43.11,41.98,42.59,177523
02/18/2016,42.87,44.34,42.45,42.77,266050
02/19/2016,42.68,43.59,42.4,43.16,208858
02/22/2016,43.41,43.75,42.89,43.24,205257
02/23/2016,43.36,45.32,43.17,45.14,481402
02/24/2016,44.77,49.37,42.9,48.53,600711
02/25/2016,48.86,50.72,48.17,49.58,566298
02/26/2016,50.1,50.39,49.43,49.85,241216
02/29/2016,50.01,50.57,49.46,49.54,304371
03/01/2016,50.02,50.97,49.45,50.71,251541
03/02/2016,50.68,50.78,49.77,50.6,161486
03/03/2016,50.51,50.51,49.6,50.38,273032
03/04/2016,50.58,50.91,50.11,50.39,229126
03/07/2016,50.4,51.25,50.08,50.86,152952
03/08/2016,50.52,50.79,49.53,49.61,299564
03/09/2016,49.97,50.16,49,50.07,453092
03/10/2016,50.18,52.49,49.05,49.62,205651
03/11/2016,50.11,50.97,50.11,50.86,299264
03/14/2016,50.66,51.01,50.31,50.83,321594
03/15/2016,50.25,50.85,50.03,50.39,245542
03/16/2016,50.13,50.73,49.87,50.23,163729
03/17/2016,50.09,50.93,49.62,50.17,211756
03/18/2016,50.35,51.56,50.29,51.35,398717
03/21/2016,51.16,51.81,50.4,50.5,193152
03/22/2016,50.14,50.5,49.65,50.13,149898
03/23/2016,49.94,49.96,49.27,49.27,118808
03/24/2016,49.24,49.75,48.86,49.72,126391
03/28/2016,49.73,50.14,49.47,49.7,140895
03/29/2016,49.62,51.18,49.44,51,311000
03/30/2016,51.29,51.68,50.06,50.09,138069
03/31/2016,49.96,50.41,49.06,49.13,224149
04/01/2016,48.96,49.76,48.66,49.6,175775
04/04/2016,49.54,49.58,48.18,48.32,138603
04/05/2016,47.94,48.98,47.68,48.08,211794
04/06/2016,48.08,49.73,47.48,49.65,163069
04/07/2016,49.2,49.21,48.11,48.46,213191
04/08/2016,48.71,49.23,48.23,48.58,257847
04/11/2016,48.84,50.3,48.3,48.57,292124
04/12/2016,48.61,49.38,48.33,49.03,149685
04/13/2016,49.37,50.76,48.74,49.84,191474
04/14/2016,49.98,50.24,49.25,49.98,142201
04/15/2016,49.7,50.86,49.7,50.75,144418
04/18/2016,50.61,51.01,49.83,50.85,116853
04/19/2016,50.81,50.81,49.73,50.05,123659
04/20/2016,50.24,51.16,49.91,50.85,195453
04/21/2016,50.88,51.35,50.3,51.18,166966
04/22/2016,51.12,51.46,50.55,50.93,180793
04/25/2016,51.01,51.13,50.35,51,129067
04/26/2016,51.03,51.44,50.56,51.23,225728
04/27/2016,51.23,51.33,49.95,51.13,243708
04/28/2016,51,51.07,49.93,50.58,229872
04/29/2016,50.55,50.55,49.02,49.8,241132
05/02/2016,50.12,50.12,49.18,49.98,425390
05/03/2016,49.59,50.07,48.97,49.78,510874
05/04/2016,49.16,50.69,47.47,47.85,1286256
05/05/2016,47.81,48.08,46.54,47.02,1222494
05/06/2016,46.93,47.51,46.33,47.23,387033
05/09/2016,47.28,47.87,46.74,47.32,389324
05/10/2016,47.28,47.86,47,47.65,182190
05/11/2016,47.41,47.41,45.65,45.71,240948
05/12/2016,46.01,46.62,45.6,46,194787
05/13/2016,45.98,46.7,45.69,46,235135
05/16/2016,46.05,46.62,45.56,46.32,196831
05/17/2016,46.23,46.45,45.61,45.88,229778
05/18/2016,45.73,45.99,44.75,45.33,327797
05/19/2016,44.99,45.69,44.79,45.36,239883
05/20/2016,45.41,46.98,45.2,46.64,345280
05/23/2016,46.38,46.72,45.4,46.04,194806
05/24/2016,46.16,47.41,46.16,47.05,199519
05/25/2016,47.04,47.56,46.65,47.46,175779
05/26/2016,47.42,48.16,47.42,48.03,128828
05/27/2016,48.03,49.29,48.03,49.27,204251
05/31/2016,49.37,49.65,49.03,49.52,235881
06/01/2016,49.21,49.75,49,49.49,324125
06/02/2016,49.48,49.82,48.97,49.8,151773
06/03/2016,49.78,50.03,49,49.61,162963
06/06/2016,49.82,50.24,49.68,50.09,150369
06/07/2016,50.11,50.55,49.78,50.49,152475
06/08/2016,50.47,50.65,49.39,50.54,135294
06/09/2016,50.66,50.94,50.02,50.49,139745
06/10/2016,49.93,50.76,49.25,49.79,261752
06/13/2016,49.84,50.08,47.04,47.2,663152
06/14/2016,47.04,47.35,45.93,46.1,569716
06/15/2016,46.17,46.96,45.9,46.52,383547
06/16/2016,46.33,46.33,45.33,45.77,264049
06/17/2016,45.88,46.11,45.26,45.61,374409
06/20/2016,46.1,46.83,46.04,46.1,163968
06/21/2016,46.17,46.28,45.87,46.23,232685
06/22/2016,46.39,46.93,46.04,46.58,305745
06/23/2016,47.17,47.17,45.99,46.93,268980
06/24/2016,44.88,46.13,44.88,45.79,452384
06/27/2016,45.27,45.36,43.08,44.15,344827
06/28/2016,44.38,45.1,43.58,44.45,211370
06/29/2016,44.68,45.53,44.36,45.46,223943
06/30/2016,45.69,46.28,44.77,46.27,229997
07/01/2016,46.27,46.88,46.02,46.11,195745
07/05/2016,46,46.23,45.19,46.12,182538
07/06/2016,45.83,46.72,45.65,46.67,98598
07/07/2016,46.74,47.32,46.6,47.05,144983
07/08/2016,47.55,48.81,46.43,48.6,344914
07/11/2016,48.66,50.08,48.5,49.98,229545
07/12/2016,50.31,51.1,49.84,50.11,364639
07/13/2016,50.46,50.72,48.12,48.49,335643
07/14/2016,48.8,49.28,48.62,48.88,483601
07/15/2016,49.25,49.29,48.34,48.71,186130
07/18/2016,48.46,49.61,48.46,48.85,108551
07/19/2016,48.78,48.96,48.13,48.32,127411
07/20/2016,48.36,49.1,48.22,48.66,204958
07/21/2016,48.43,49.24,48.26,48.49,80772
07/22/2016,48.48,49.45,48.24,49.37,68579
07/25/2016,49.01,49.3,48.23,48.42,168715
07/26/2016,48.47,48.86,48.11,48.42,171959
07/27/2016,48.43,48.79,48.02,48.05,103350
07/28/2016,48.1,48.66,47.75,48.54,83933
07/29/2016,48.54,48.57,47.93,48.38,272920
08/01/2016,48.57,49.48,48.11,49.35,192401
08/02/2016,49.34,49.34,47.52,48.19,344637
08/03/2016,48.01,49.96,47.57,49.48,393134
08/04/2016,48.7,49.73,43.26,44.54,1498812
08/05/2016,44.12,44.9,41.32,42.32,1940196
08/08/2016,42.45,43.39,42.26,43.16,606679
08/09/2016,43.18,43.23,42.54,42.86,586077
08/10/2016,42.95,43.23,42,42.19,450808
08/11/2016,42.37,43.65,42.37,42.77,296185
08/12/2016,42.7,43.04,42.33,43.03,295126
08/15/2016,43.23,43.84,42.96,43.04,184121
08/16/2016,42.77,42.77,41.82,41.87,271738
08/17/2016,41.76,43.73,40.71,41.21,431616
08/18/2016,41.41,41.72,41.05,41.59,520354
08/19/2016,41.59,41.84,40.95,41.15,326535
08/22/2016,40.9,41.24,40.61,41,409640
08/23/2016,41.03,41.56,41.02,41.08,122171
08/24/2016,40.99,41.2,40.86,40.96,365071
08/25/2016,40.8,41.59,40.42,40.52,115884
08/26/2016,40.55,41.55,39.79,40.21,179961
08/29/2016,40.33,40.66,40.16,40.26,267261
08/30/2016,40.1,40.82,39.78,39.94,301243
08/31/2016,40.02,40.43,39.3,39.51,492678
09/01/2016,39.4,39.75,39.19,39.68,419807
09/02/2016,39.95,40.41,39.78,40.27,361575
09/06/2016,40.18,40.3,39.68,39.96,219953
09/07/2016,39.81,40.22,39.47,40.05,278154
09/08/2016,39.85,40.1,38.59,38.82,644736
09/09/2016,38.91,39.12,38.51,38.9,416064
09/12/2016,38.85,39.64,38.85,39.51,201724
09/13/2016,39.04,39.24,38.8,39.1,244231
09/14/2016,39.01,39.57,38.43,38.93,287979
09/15/2016,38.58,39.34,38.3,39.3,177079
09/16/2016,39.23,39.23,38.04,38.11,585458
09/19/2016,38.25,39.16,38.22,38.62,214293
09/20/2016,37.35,37.99,35.62,36.35,854075
09/21/2016,36.67,37.09,36.46,36.74,324440
09/22/2016,36.72,37.83,36.67,37.76,354180
09/23/2016,37.83,38.28,37.83,37.99,220453
09/26/2016,37.81,38.06,37.19,37.28,131725
09/27/2016,37.33,37.67,37.24,37.42,171361
09/28/2016,37.51,37.51,36.93,37.43,162432
09/29/2016,37.39,37.77,37.17,37.38,225731
09/30/2016,37.42,38.15,37.28,37.95,246002
10/03/2016,37.89,38.08,37.43,37.54,201426
10/04/2016,37.66,38.1,37.49,37.93,114897
10/05/2016,38.12,38.54,37.96,38.27,256074
10/06/2016,36.06,37.65,36.06,37.54,420437
10/07/2016,37.48,38.08,37.29,37.9,295833
10/10/2016,35.95,37.32,35.94,37.16,337835
10/11/2016,37.06,37.44,36.22,36.48,272375
10/12/2016,36.62,37.13,36.26,36.91,287877
10/13/2016,36.38,36.59,36.05,36.41,245428
10/14/2016,36.6,36.6,36.16,36.35,177676
10/17/2016,36.43,36.47,35.95,36.24,137514
10/18/2016,36.43,36.76,36.28,36.28,117647
10/19/2016,36.52,36.67,36.19,36.52,142374
10/20/2016,36.67,37,36.19,36.33,180514
10/21/2016,36.14,36.55,36,36.14,174000
10/24/2016,36.38,36.76,35.81,36.33,168428
10/25/2016,36.14,36.47,35.43,36.43,373738
10/26/2016,36.38,36.62,35.81,35.81,188113
10/27/2016,35.85,35.85,35.14,35.43,298339
10/28/2016,35.33,35.9,35.23,35.47,277757
10/31/2016,35.71,36.07,35.14,35.95,365623
11/01/2016,35.66,36.19,34.85,35.09,388647
11/02/2016,35.14,35.57,34.57,35.04,327941
11/03/2016,35,36.05,34.76,34.81,222057
11/04/2016,35,35.85,34.23,34.33,676537
11/07/2016,30.09,32.28,29.7,29.8,1713641
11/08/2016,29.32,32.95,29.32,32.14,1782938
11/09/2016,31.75,35,30.94,34.95,1013695
11/10/2016,35.33,36.66,35.04,35.28,406009
11/11/2016,35.33,36.38,34.81,36.14,460615
11/14/2016,36.5,38.31,36.5,37.71,481205
11/15/2016,37.52,37.9,37.05,37.24,500956
11/16/2016,37.19,37.62,37,37.05,243336
11/17/2016,37.24,37.9,36.57,36.95,455507
11/18/2016,36.76,37.76,36.52,37.33,374797
11/21/2016,37.62,37.9,37.24,37.62,187826
11/22/2016,37.81,38.52,37.43,38.38,297619
11/23/2016,38.33,38.57,37.76,38.52,234188
11/25/2016,38.43,38.91,38.33,38.67,92750
11/28/2016,38.62,39.1,37.95,38.91,293392
11/29/2016,38.09,38.24,36.62,37.57,475309
11/30/2016,37.71,37.71,36,36.33,1141576
12/01/2016,36.38,37.19,35.57,35.76,487997
12/02/2016,35.95,36.14,35.23,35.23,247715
12/05/2016,35.57,35.76,34.61,34.75,704313
12/06/2016,34.99,35.14,34.22,34.56,542521
12/07/2016,34.42,35.28,34.08,34.51,750739
12/08/2016,34.61,35.55,34.27,35.43,760523
12/09/2016,35.48,35.67,34.9,35.38,290487
12/12/2016,35.19,35.47,34.42,34.56,348623
12/13/2016,34.9,35.19,34.7,34.95,447278
12/14/2016,35.04,35.28,34.66,34.8,391944
12/15/2016,34.8,34.9,34.03,34.61,316065
12/16/2016,34.75,34.9,34.13,34.27,1231927
12/19/2016,34.42,35.28,34.42,34.75,479792
12/20/2016,35.09,35.62,34.56,35.28,375754
12/21/2016,35.33,35.57,34.9,34.95,177157
12/22/2016,34.85,34.85,32.97,33.31,339343
12/23/2016,33.21,33.45,32.66,32.88,219698
12/27/2016,32.83,33.69,32.83,33.31,171963
12/28/2016,33.4,33.69,32.83,32.92,124112
12/29/2016,33.02,33.5,32.64,32.92,274530
12/30/2016,33.07,33.07,32.56,33.02,320577
01/03/2017,33.26,33.6,32.73,32.97,187786
01/04/2017,33.16,33.6,32.97,33.21,467717
01/05/2017,32.97,33.55,32.11,32.35,286046
01/06/2017,32.49,32.49,31.96,32.2,243217
01/09/2017,32.15,32.37,31.91,32.15,276015
01/10/2017,32.2,33.07,32.15,32.68,289581
01/11/2017,32.78,32.78,31.62,31.96,264101
01/12/2017,31.91,32.73,31.48,32.39,474347
01/13/2017,32.59,33.02,32.39,32.64,155642
01/17/2017,32.68,33.45,32.54,32.68,290710
01/18/2017,32.64,33.21,32.35,32.88,317149
01/19/2017,32.88,33.31,32.11,32.2,190396
01/20/2017,32.2,32.64,32.11,32.35,241299
01/23/2017,32.25,32.83,32.25,32.54,210676
01/24/2017,32.73,33.12,32.73,32.83,330011
01/25/2017,33.02,33.69,33.02,33.31,357028
01/26/2017,33.26,33.6,33.07,33.31,410593
01/27/2017,33.41,33.55,33.02,33.26,221885
01/30/2017,33.21,33.89,32.78,33.5,290785
01/31/2017,33.31,34.13,32.88,33.94,252626
02/01/2017,34.08,34.22,33.07,33.55,291207
02/02/2017,33.55,33.89,33.12,33.26,204496
02/03/2017,33.36,33.94,33.26,33.36,212807
02/06/2017,33.21,33.79,33.12,33.65,272274
02/07/2017,33.74,34.08,33.36,33.6,164844
02/08/2017,33.69,34.03,33.12,33.94,255623
02/09/2017,33.89,35.09,33.89,34.85,311308
02/10/2017,34.99,35.23,34.42,34.85,222418
02/13/2017,34.99,35.04,34.22,34.37,278755
02/14/2017,34.32,34.8,34.22,34.71,318781
02/15/2017,34.66,35.57,34.42,35.14,500473
02/16/2017,35.09,35.77,34.56,34.61,394597
02/17/2017,34.71,34.95,34.22,34.61,575412
02/21/2017,34.9,36.78,34.82,36.49,1011961
02/22/2017,37.55,39.52,36.87,39.33,1253993
02/23/2017,39.23,39.71,37.09,37.35,841414
02/24/2017,37.26,38.99,36.78,38.41,647810
02/27/2017,38.32,39.04,37.93,38.99,610004
02/28/2017,38.94,38.94,36.1,36.29,767056
03/01/2017,36.92,37.35,36.1,36.73,518627
03/02/2017,36.78,36.87,35.79,36.39,500564
03/03/2017,36.44,36.82,35.5,35.76,381408
03/06/2017,35.62,36.3,35.38,35.72,433842
03/07/2017,35.55,35.69,34.96,35.08,258523
03/08/2017,35.08,35.86,34.89,35.52,313334
03/09/2017,35.57,35.81,35.23,35.52,254595
03/10/2017,35.76,36.25,35.57,36.06,332465
03/13/2017,36.06,36.15,34.91,35.13,308716
03/14/2017,35.04,35.47,34.55,35.04,257405
03/15/2017,35.13,36.06,34.99,35.72,470079
03/16/2017,35.81,36.35,35.18,35.42,357327
03/17/2017,35.52,35.67,34.84,35.47,780197
03/20/2017,35.38,35.57,34.99,35.18,369241
03/21/2017,35.38,35.42,34.45,34.84,422206
03/22/2017,34.79,34.89,34.5,34.74,295235
03/23/2017,34.84,35.59,34.55,35.23,469796
03/24/2017,35.28,35.62,34.89,35.13,278865
03/27/2017,34.7,35.47,34.65,35.18,227867
03/28/2017,34.99,35.52,34.7,35.33,154459
03/29/2017,35.23,36.25,34.6,35.91,330636
03/30/2017,35.86,36.2,35.62,35.81,359498
03/31/2017,35.81,36.4,35.67,36.06,279005
04/03/2017,36.01,36.2,35.38,35.81,242830
04/04/2017,35.72,36.49,35.28,36.35,499371
04/05/2017,36.49,36.88,36.01,36.1,394615
04/06/2017,36.15,36.49,36.01,36.49,315378
04/07/2017,36.4,36.52,36.06,36.3,303103
04/10/2017,36.4,36.78,36.1,36.49,237301
04/11/2017,36.25,36.69,35.96,36.59,290925
04/12/2017,36.59,36.59,35.67,35.86,294149
04/13/2017,35.76,35.86,34.67,34.74,611054
04/17/2017,34.84,35.18,34.53,34.84,253559
04/18/2017,34.65,34.72,34.21,34.5,332812
04/19/2017,34.5,35.28,34.4,34.99,539430
04/20/2017,35.23,35.62,34.87,34.99,352220
04/21/2017,35.01,35.38,34.33,35.08,232841
04/24/2017,35.62,35.77,35.04,35.18,287671
04/25/2017,35.28,35.62,34.5,35.08,339561
04/26/2017,35.23,35.47,34.99,35.47,472385
04/27/2017,34.16,36.78,33.04,35.96,1295938
04/28/2017,36.01,36.15,35.42,35.86,485322
05/01/2017,36.06,37.27,35.72,36.49,487725
05/02/2017,36.59,37.13,36.44,36.69,609354
05/03/2017,35.91,36.4,34.79,34.99,841554
05/04/2017,35.04,35.23,34.26,34.4,459247
05/05/2017,34.6,34.6,33.97,34.5,247876
05/08/2017,34.94,36.06,34.94,35.38,325526
05/09/2017,35.45,36.32,35.45,36.01,553634
05/10/2017,35.96,36.15,35.42,35.96,302135
05/11/2017,35.81,35.81,34.91,35.18,359937
05/12/2017,35.18,35.18,34.6,34.65,310868
05/15/2017,34.74,35.13,34.09,34.11,347390
05/16/2017,34.16,34.16,33.29,33.33,410360
05/17/2017,33.09,33.24,32.46,32.7,330795
05/18/2017,32.61,33.19,32.56,32.75,250488
05/19/2017,32.75,33.58,32.61,33.53,345518
05/22/2017,33.48,33.77,33.33,33.72,244906
05/23/2017,33.82,33.92,33.33,33.43,221109
05/24/2017,33.38,33.97,32.8,32.8,481206
05/25/2017,33,34.35,32.85,34.11,567621
05/26/2017,34.06,34.11,33.58,34.11,300484
05/30/2017,34.01,34.16,33.58,33.77,344292
05/31/2017,33.87,33.87,32.07,32.22,681618
06/01/2017,32.22,32.7,31.59,32.56,730754
06/02/2017,32.7,32.9,32.31,32.51,260066
06/05/2017,32.56,32.56,31.82,31.87,328648
06/06/2017,31.62,31.8,30.74,31.43,372532
06/07/2017,31.38,31.43,30.45,30.59,387229
06/08/2017,30.74,31.28,30.35,31.08,382580
06/09/2017,31.08,32.66,30.94,31.67,431351
06/12/2017,31.72,32.41,31.62,31.72,251022
06/13/2017,31.67,31.77,31.13,31.67,179833
06/14/2017,31.62,31.62,31.09,31.48,221961
06/15/2017,31.28,31.55,30.89,31.43,188871
06/16/2017,30.59,31.62,30.45,31.58,728572
06/19/2017,31.62,31.62,31.04,31.28,291155
06/20/2017,31.38,31.38,30.69,30.74,276311
06/21/2017,30.79,31.08,30.4,30.4,308604
06/22/2017,30.4,31.08,30.35,30.79,174600
06/23/2017,30.69,31.33,30.45,31.28,350638
06/26/2017,31.35,31.75,30.86,31.67,228460
06/27/2017,31.62,32.12,31.28,31.43,280261
06/28/2017,31.58,31.72,31.28,31.43,214910
06/29/2017,31.43,31.57,30.89,31.08,281682
06/30/2017,31.23,31.53,30.74,31.33,456432
07/03/2017,31.43,31.97,31.43,31.72,154275
07/05/2017,31.67,31.67,30.69,30.74,214106
07/06/2017,41.84,41.99,38.4,38.99,9165176
07/07/2017,39.24,39.78,38.84,38.89,2978560
07/10/2017,38.79,38.99,37.37,38.5,1749732
07/11/2017,38.7,38.99,37.66,37.71,1036184
07/12/2017,37.89,38.28,37.39,37.42,750967
07/13/2017,37.47,38.35,37.1,37.47,804092
07/14/2017,37.42,37.89,37.32,37.66,462053
07/17/2017,37.81,38.45,37.81,38.3,359862
07/18/2017,38.25,38.43,37.96,38.35,483376
07/19/2017,38.58,39.51,38.48,39.41,903255
07/20/2017,39.24,39.9,39.09,39.19,610092
07/21/2017,39.33,39.33,38.5,38.55,356013
07/24/2017,38.23,38.97,38.06,38.89,397110
07/25/2017,38.94,40.02,38.89,39.48,426480
07/26/2017,39.33,39.63,39.04,39.14,293724
07/27/2017,39.24,39.68,38.89,39.33,496288
07/28/2017,39.11,39.41,38.38,39.14,290886
07/31/2017,39.19,39.43,38.4,38.94,508166
08/01/2017,38.99,39.43,38.79,39.38,263184
08/02/2017,39.24,39.38,38.06,38.65,360869
08/03/2017,38.65,38.75,37.96,38.16,691469
08/04/2017,38.21,39.43,37.52,39.24,339850
08/07/2017,39.29,39.48,38.84,39.14,771641
08/08/2017,38.8,38.8,34.42,35.7,1255793
08/09/2017,35.65,36.88,35.16,36.88,382268
08/10/2017,36.61,36.85,36.02,36.19,306986
08/11/2017,36.44,36.78,36.09,36.54,532173
08/14/2017,36.68,37.27,36.49,36.93,278309
08/15/2017,36.88,36.93,35.36,35.41,280706
08/16/2017,35.6,35.9,35.26,35.45,261270
08/17/2017,35.41,35.41,34.28,34.33,363449
08/18/2017,34.06,34.64,33.91,34.42,377127
08/21/2017,34.37,34.57,34.13,34.33,234451
08/22/2017,34.37,34.91,34.28,34.77,178218
08/23/2017,34.52,34.57,34.13,34.28,307499
08/24/2017,34.42,35.31,34.42,35.21,273180
08/25/2017,35.21,35.65,34.91,35.45,360774
08/28/2017,35.6,35.99,35.21,35.85,258378
08/29/2017,35.55,35.75,35.36,35.55,323841
08/30/2017,35.58,36,35.48,35.95,489715
08/31/2017,35.75,36.19,35.75,36.04,612295
09/01/2017,36.24,37.23,36.04,37.13,481210
09/05/2017,37.09,37.33,36.24,36.69,298166
09/06/2017,36.79,37.83,36.79,37.58,345275
09/07/2017,37.58,37.78,36.76,36.79,219537
09/08/2017,36.89,37.28,36.64,37.23,232796
09/11/2017,37.48,38.03,37.18,37.28,356699
09/12/2017,37.38,37.98,37.28,37.93,402091
09/13/2017,38,38.6,37.78,37.88,505512
09/14/2017,37.88,38.08,37.63,37.73,390974
09/15/2017,37.8,38.15,37.41,37.88,631780
09/18/2017,37.88,38.32,37.16,37.23,257746
09/19/2017,37.23,37.36,36.61,37.04,172318
09/20/2017,36.96,38.25,36.96,37.98,270511
09/21/2017,38.03,38.23,37.53,37.88,182736
09/22/2017,37.88,39.07,37.88,38.87,217497
09/25/2017,38.82,39.66,38.82,39.51,398352
09/26/2017,39.51,40.26,39.42,39.47,329802
09/27/2017,39.56,39.96,39.17,39.71,360672
09/28/2017,38.45,38.45,37.26,38.28,284814
09/29/2017,38.32,38.77,38.08,38.72,284426
10/02/2017,38.7,39.44,38.6,39.32,321082
10/03/2017,39.17,39.61,38.42,38.52,239625
10/04/2017,38.52,38.87,37.88,38.08,210967
10/05/2017,38.23,38.82,38.23,38.52,167779
10/06/2017,38.42,38.72,37.61,37.73,207190
10/09/2017,37.78,37.95,36.54,36.64,263117
10/10/2017,37.04,37.18,35.99,36.54,363836
10/11/2017,36.44,36.84,36.25,36.74,220356
10/12/2017,36.49,36.74,35.8,36.59,218444
10/13/2017,36.89,37.43,36.69,36.74,191663
10/16/2017,36.74,37.18,36.34,37.04,169611
10/17/2017,36.94,37.88,36.94,37.68,399301
10/18/2017,37.88,38.28,37.66,37.68,179438
10/19/2017,37.43,38.08,37.43,37.98,191546
10/20/2017,38.25,38.85,38.2,38.52,351597
10/23/2017,38.47,38.82,37.95,38.03,156602
10/24/2017,38.18,38.52,38.08,38.18,73262
10/25/2017,38.03,38.52,37.43,37.68,225613
10/26/2017,37.78,38.38,37.78,37.93,109316
10/27/2017,37.98,37.98,37.04,37.28,250418
10/30/2017,37.23,37.38,36.44,36.49,420524
10/31/2017,36.64,37.53,36.64,37.38,313594
11/01/2017,37.51,37.85,37.16,37.23,251234
11/02/2017,37.33,37.43,36.74,37.09,186155
11/03/2017,36.94,37.33,36.79,36.89,206117
11/06/2017,36.79,37.08,36.39,36.44,271958
11/07/2017,36.49,36.59,35.3,35.5,322964
11/08/2017,33.32,36.14,33.32,35.35,712606
11/09/2017,34.88,39.19,34.78,38.37,790748
11/10/2017,38.32,39.71,38.32,39.42,213930
11/13/2017,39.52,40.06,38.47,38.57,152580
11/14/2017,38.57,39.37,38.57,39.12,167005
11/15/2017,38.92,39.57,38.67,38.87,148247
11/16/2017,38.87,40.21,38.87,39.91,198748
11/17/2017,39.91,41,39.81,40.9,226605
11/20/2017,40.85,41.45,40.56,41.4,285692
11/21/2017,41.4,41.45,40.9,41.45,273857
11/22/2017,41.5,41.89,40.9,41.15,287445
11/24/2017,41.28,41.42,40.65,41,180788
11/27/2017,40.95,41.2,39.86,40.11,473269
11/28/2017,40.21,40.36,39.64,40.21,304966
11/29/2017,40.58,41.13,40.23,40.36,290411
11/30/2017,40.66,41.3,40.01,40.31,320696
12/01/2017,40.16,40.73,39.27,40.7,218964
12/04/2017,41.1,41.55,40.73,41.25,177013
12/05/2017,41.2,41.45,40.8,40.9,262803
12/06/2017,40.8,41.5,40.75,40.9,136311
12/07/2017,40.8,41.55,40.4,41.1,201655
12/08/2017,41.2,41.3,40.75,40.8,242289
12/11/2017,40.8,41.3,40.325,40.35,253169
12/12/2017,40.5,40.7,40.15,40.175,450093
12/13/2017,40.15,40.7,39.95,40.5,379712
12/14/2017,40.5,40.85,39.55,39.7,424856
12/15/2017,39.65,41,39.65,40.9,767540
12/18/2017,40.9,41.95,40.9,41.9,207739
12/19/2017,41.85,43.9,41.85,43.25,497461
12/20/2017,43.45,44.05,43.35,43.6,267112
12/21/2017,43.65,44.15,43.5,43.9,333323
12/22/2017,43.8,43.85,43.1,43.2,441649
12/26/2017,43.3,43.45,42.1,42.4,297681
12/27/2017,42.45,42.55,41.45,41.75,555217
12/28/2017,41.7,41.95,40.95,41.95,356175
12/29/2017,41.8,41.95,40.2,40.2,9777062
