02/01/2018,17.95,17.98,17.44,17.6,14084880
02/02/2018,17.35,18.38,17.15,18,3937709
02/05/2018,18,18.065,17.31,17.47,1298639
02/06/2018,17.45,17.635,16.51,17.25,1551246
02/07/2018,17.33,17.48,16.62,17.41,543656
02/08/2018,17.42,17.5,15.95,16.4,1882588
02/09/2018,16.47,16.805,15.12,16.24,1607575
02/12/2018,16.29,16.4,15.9,16.04,574568
02/13/2018,16.1,16.11,15.69,15.76,462393
02/14/2018,15.8,15.85,15.52,15.54,352271
02/15/2018,15.54,15.63,15,15.4,681913
02/16/2018,15.4,15.58,15.21,15.39,820166
02/20/2018,15.36,15.61,15.27,15.39,235295
02/21/2018,15.4,16.48,15.4,15.89,729314
02/22/2018,16.1,16.36,15.9,16.23,466487
02/23/2018,16.23,16.97,16.23,16.76,511425
02/26/2018,16.5,16.65,16.13,16.52,380808
02/27/2018,16.41,16.78,15.6,15.77,446224
02/28/2018,15.77,16.04,15.47,15.61,473527
03/01/2018,15.6,15.6084,14.64,15.01,691549
03/02/2018,15.06,15.51,14.71,15.03,339539
03/05/2018,14.95,15.34,14.55,15.07,279746
03/06/2018,15.1,15.56,14.8,15.1,314979
03/07/2018,15.1,16.01,14.971,15.98,536860
03/08/2018,16.03,16.5,15.82,16.23,318047
03/09/2018,16.45,16.53,15.94,16.19,602281
03/12/2018,16.29,16.54,16.24,16.34,678869
03/13/2018,16.36,16.74,16.1,16.25,625224
03/14/2018,16.31,16.51,16.16,16.23,462953
03/15/2018,16.29,16.36,15.3,15.91,751891
03/16/2018,15.79,15.79,15.07,15.63,4032492
03/19/2018,15.54,15.54,14.86,15.3,452010
03/20/2018,15.34,15.44,14.68,14.88,359943
03/21/2018,14.84,15.44,14.5729,15.42,601186
03/22/2018,15.38,15.96,15.126,15.63,207207
03/23/2018,15.62,15.99,15.62,15.8,253721
03/26/2018,15.92,16.05,15.54,15.98,290358
03/27/2018,16.05,16.13,15.41,15.5,165852
03/28/2018,15.51,15.7,15.08,15.17,328059
03/29/2018,15.23,15.98,15.031,15.89,360554
04/02/2018,15.85,16,15.45,15.51,157754
04/03/2018,15.56,15.73,15.19,15.21,99360
04/04/2018,15.08,15.23,14.94,14.99,705405
04/05/2018,15.13,15.2,14.81,14.82,394505
04/06/2018,14.78,14.98,14.6,14.78,198685
04/09/2018,14.82,15,14.62,14.78,175650
04/10/2018,15,15,14.7,14.8,246655
04/11/2018,14.77,15,14.77,14.95,93673
04/12/2018,14.96,15.49,14.87,15.18,404853
04/13/2018,15.2,15.2,14.6,15.17,565752
04/16/2018,15.16,15.27,14.83,15.19,206403
04/17/2018,15.18,15.45,14.99,15.4,347711
04/18/2018,15.42,16,15.34,15.66,406596
04/19/2018,15.61,15.84,14.83,14.88,445583
04/20/2018,14.98,15.0201,14.55,14.88,198227
04/23/2018,14.9,15.14,14.6503,15.1,95369
04/24/2018,15.08,15.29,14.39,14.84,449595
04/25/2018,14.76,14.77,14.23,14.4,273574
04/26/2018,14.39,14.98,14.3801,14.92,655245
04/27/2018,14.96,14.99,14.61,14.78,298326
04/30/2018,14.76,15.19,14.76,14.84,130782
05/01/2018,14.78,14.97,14.59,14.6,122906
05/02/2018,14.58,15.18,14.58,14.92,152492
05/03/2018,14.82,15.015,14.61,14.98,182607
05/04/2018,14.89,15,14.71,14.94,86722
05/07/2018,15.02,15.32,15,15.14,242326
05/08/2018,15.39,16.45,15.35,16,2435104
05/09/2018,16.19,17.5,16.19,16.8,1115979
05/10/2018,16.89,17.85,16.89,17.6,718167
05/11/2018,17.64,18.13,17.35,17.39,1047103
05/14/2018,17.41,17.45,16.65,16.7,398110
05/15/2018,16.68,17.5,16.6,17.44,255955
05/16/2018,17.55,17.9,17.35,17.495,394350
05/17/2018,17.56,17.77,17.32,17.48,142383
05/18/2018,17.59,17.75,17.2,17.47,538331
05/21/2018,17.61,17.65,17.29,17.51,227654
05/22/2018,17.5,17.9,17.1813,17.39,300749
05/23/2018,17.33,17.73,17.1,17.72,310493
05/24/2018,17.71,18.095,17.5,18.03,225363
05/25/2018,17.98,18.01,17.34,17.56,177307
05/29/2018,17.42,17.74,17.08,17.56,195292
05/30/2018,17.72,18.12,17.61,17.73,284002
05/31/2018,17.69,17.69,17.13,17.52,414337
06/01/2018,17.52,18.01,17.3,17.87,150499
06/04/2018,17.9,18.35,17.785,18.08,331295
06/05/2018,18.16,18.37,17.95,18.32,244124
06/06/2018,18.42,18.6595,18.1,18.5,205079
06/07/2018,18.61,18.8,18.19,18.46,307289
06/08/2018,18.47,18.98,18.28,18.38,361329
06/11/2018,18.4,18.72,18.27,18.53,116166
06/12/2018,18.54,18.76,18.48,18.67,183650
06/13/2018,18.69,18.83,18.51,18.7,161535
06/14/2018,18.72,18.845,18.38,18.64,190042
06/15/2018,18.65,18.94,18.33,18.75,279875
06/18/2018,18.6,18.7675,18.53,18.57,117655
06/19/2018,18.43,18.68,18.24,18.59,173220
06/20/2018,18.68,18.84,18.435,18.62,158437
06/21/2018,18.49,18.89,18.18,18.22,231167
06/22/2018,18.28,18.68,17.97,18.4599,613725
06/25/2018,18.35,18.35,17.995,18.06,172145
06/26/2018,18.12,18.33,17.77,18.22,135882
06/27/2018,18.18,18.29,17.58,17.63,100914
06/28/2018,17.55,17.63,16.74,17.4,279935
06/29/2018,17.39,17.67,17.23,17.49,424710
07/02/2018,17.38,17.38,16.82,17.32,134095
07/03/2018,17.38,17.5,17.12,17.18,219523
07/05/2018,17.29,18.02,17.29,18.02,387023
07/06/2018,17.98,18.11,17.795,17.89,182255
07/09/2018,17.9,17.9,17.33,17.64,258423
07/10/2018,17.64,17.78,17.3499,17.47,69304
07/11/2018,17.49,17.49,17.09,17.37,125999
07/12/2018,17.37,17.54,17.22,17.32,139924
07/13/2018,17.32,17.69,17.25,17.32,93632
07/16/2018,17.4,17.4,16.96,17.09,169254
07/17/2018,17.02,17.27,16.89,17.08,158219
07/18/2018,17.07,17.48,16.95,17.31,164973
07/19/2018,17.22,17.39,17.01,17.19,140326
07/20/2018,17.17,17.26,17.01,17.05,182177
07/23/2018,16.99,17.3,16.99,17.11,209206
07/24/2018,17.11,17.27,17.0604,17.22,256672
07/25/2018,17.15,17.25,17.05,17.18,135747
07/26/2018,17.15,17.2,16.67,16.94,273911
07/27/2018,16.95,17.14,16.13,16.3,270181
07/30/2018,16.3,16.54,16.24,16.29,247978
07/31/2018,16.42,17.34,16.42,16.9,240783
08/01/2018,16.81,17.39,16.7,17.34,582487
08/02/2018,17.3,17.61,16.86,17.04,847039
08/03/2018,19,19.77,18.01,18.64,1272262
08/06/2018,18.7,19.005,18.41,18.98,635391
08/07/2018,18.98,19.49,18.65,18.93,442532
08/08/2018,18.93,19.145,18.72,18.89,297704
08/09/2018,18.95,19.12,18.74,19.02,431057
08/10/2018,18.94,19.25,18.858,19.155,174235
08/13/2018,19.16,19.48,19,19.11,194828
08/14/2018,19.1,19.61,18.98,19.25,369540
08/15/2018,19.18,19.336,18.84,18.89,690261
08/16/2018,18.96,19.18,18.78,19.06,215257
08/17/2018,19,19.41,18.895,19.1,198177
08/20/2018,19.19,19.38,18.88,19.14,279772
08/21/2018,19.24,19.24,18.94,18.99,116070
08/22/2018,18.97,19.05,18.83,18.93,135337
08/23/2018,18.94,19.125,18.79,18.96,123957
08/24/2018,18.9,19.03,18.88,18.96,59941
08/27/2018,19,19.01,18.82,18.96,58160
08/28/2018,18.95,19.1,18.86,19,192803
08/29/2018,19.13,19.902,18.97,19.7,348224
08/30/2018,19.6,20.31,19.56,20.08,227771
08/31/2018,19.96,20.62,19.51,20.61,328188
09/04/2018,20.5,21.17,20.4,20.81,376000
09/05/2018,20.81,21.5,20.81,21.48,382563
09/06/2018,21.6,21.72,21.24,21.48,527183
09/07/2018,21.46,21.83,21.35,21.51,264135
09/10/2018,21.61,21.99,21.36,21.74,192203
09/11/2018,21.8,22.37,21.53,22.3,467040
09/12/2018,22.32,22.75,22.26,22.3,537372
09/13/2018,22.29,22.54,21.95,22.49,209602
09/14/2018,22.45,22.96,22.35,22.66,248141
09/17/2018,22.62,22.69,22.03,22.51,167595
09/18/2018,22.61,23.18,22.53,22.81,1324135
09/19/2018,22.92,23.22,22.52,22.66,475740
09/20/2018,22.89,22.96,22.591,22.75,231123
09/21/2018,22.7,22.99,22.285,22.74,336891
09/24/2018,22.7,22.97,22.44,22.54,126369
09/25/2018,22.64,23.02,22.52,23.005,180288
09/26/2018,23.12,23.12,22.36,22.36,309830
09/27/2018,22.69,22.69,21.91,22.58,328829
09/28/2018,22.52,22.97,22.34,22.55,159075
10/01/2018,22.62,22.89,21.94,22.1,560570
10/02/2018,22.11,22.21,21.76,21.94,537430
10/03/2018,22.03,22.58,21.88,22,163052
10/04/2018,21.89,21.89,21.39,21.56,281223
10/05/2018,21.72,22.04,21.56,21.86,285540
10/08/2018,21.82,21.975,21.34,21.71,162416
10/09/2018,21.67,21.97,21.42,21.45,167220
10/10/2018,21.55,21.57,20.84,20.91,144894
10/11/2018,20.94,22.28,20.94,21.37,264125
10/12/2018,21.84,22.81,21.6,21.71,345501
10/15/2018,21.7,21.91,21.27,21.64,269745
10/16/2018,21.91,22.03,21.52,21.85,345600
10/17/2018,21.84,21.84,21.37,21.73,179952
10/18/2018,21.61,21.98,21.36,21.58,102945
10/19/2018,21.56,21.79,20.85,21.08,169587
10/22/2018,21.16,21.86,21.15,21.54,93996
10/23/2018,21.42,22.06,21.1653,21.995,136669
10/24/2018,21.96,22.29,20.94,20.94,359906
10/25/2018,21.13,21.36,20.25,21.08,252204
10/26/2018,20.86,21.34,20.62,20.81,177139
10/29/2018,21.11,21.25,20.17,20.28,156963
10/30/2018,20.31,21.16,20.1808,20.8,149720
10/31/2018,21.11,21.35,20.72,21.13,183375
11/01/2018,21.16,21.36,20.56,21.05,360686
11/02/2018,21.17,21.39,20.725,21.02,307399
11/05/2018,21.07,21.15,18.54,19.8,2622182
11/06/2018,19.87,20.86,19.87,20.4,621935
11/07/2018,20.48,20.63,20.05,20.5,343552
11/08/2018,20.42,20.69,20.37,20.5,221778
11/09/2018,20.39,20.39,19.77,20.06,230654
11/12/2018,20.11,20.24,19.43,19.47,170548
11/13/2018,19.6,20.32,19.39,19.57,330959
11/14/2018,19.81,20.14,19.26,19.28,193367
11/15/2018,19.2,19.73,19.09,19.61,131334
11/16/2018,19.59,19.79,19.3,19.71,153673
11/19/2018,19.73,19.93,18.75,18.99,217239
11/20/2018,18.82,19.14,18.38,18.73,174732
11/21/2018,18.82,19.55,18.82,19.28,159851
11/23/2018,19.2,19.8,19.01,19.58,143074
11/26/2018,19.68,20.03,19.455,19.62,495377
11/27/2018,19.53,19.93,19.36,19.93,155975
11/28/2018,19.95,20.66,19.7,20.4,226318
11/29/2018,20.39,20.49,19.68,20,119015
11/30/2018,19.99,20.8,19.9,20.75,292506
12/03/2018,21.04,21.1,20.34,20.55,336756
12/04/2018,20.59,20.79,18.93,19.17,252296
12/06/2018,18.96,19.25,18.45,18.84,616114
12/07/2018,18.34,18.4967,16.76,17.42,906386
12/10/2018,17.55,18.1,17.5,17.85,249939
12/11/2018,17.99,18.01,17.45,17.79,342580
12/12/2018,17.92,18.12,17.62,17.79,205426
12/13/2018,17.89,17.89,17.44,17.78,234581
12/14/2018,17.75,18.045,17.5753,17.72,301700
12/17/2018,17.64,17.66,16.39,16.46,356204
12/18/2018,16.53,16.8,16.23,16.51,201879
12/19/2018,16.59,16.59,15.63,15.78,334929
12/20/2018,15.78,16.19,15.54,15.98,278704
12/21/2018,15.9,16.38,15.36,15.36,383907
12/24/2018,15.46,16.21,15.28,15.65,127285
12/26/2018,15.77,16.57,15.75,16.54,153926
12/27/2018,16.25,16.73,16.05,16.72,212507
12/28/2018,16.77,17,16.35,16.84,173251
12/31/2018,17.02,17.18,16.66,17.15,245834
01/02/2019,16.95,17,16.45,16.63,189646
01/03/2019,16.5,16.835,15.99,16.29,487066
01/04/2019,16.35,17.06,16.24,16.74,219910
01/07/2019,16.63,16.985,16.18,16.62,708382
01/08/2019,16.78,16.92,16.52,16.75,396437
01/09/2019,15.84,16.36,13.4,14.745,3528014
01/10/2019,14.2,14.5299,14,14.15,843671
01/11/2019,14,14.88,14,14.8,462539
01/14/2019,14.125,14.7,14.1,14.29,332012
01/15/2019,14.3,14.44,13.94,13.99,317106
01/16/2019,13.31,13.41,13,13.05,534987
01/17/2019,12.99,13.37,12.95,13.09,427694
01/18/2019,13.21,13.76,13.05,13.64,440856
01/22/2019,13.62,14,13.28,13.74,443547
01/23/2019,13.79,13.92,13.51,13.65,300629
01/24/2019,13.57,13.8,13.4,13.54,242048
01/25/2019,13.6,13.79,13.47,13.55,220947
01/28/2019,13.48,13.99,13.38,13.39,363665
01/29/2019,13.32,13.35,12.9,12.97,219107
01/30/2019,13.07,13.2534,12.7358,13.02,213617
01/31/2019,13.05,13.08,12.75,12.89,493686
02/01/2019,12.85,13.25,12.67,13.1,449307
02/04/2019,13.1,13.53,13.05,13.4,392835
02/05/2019,13.49,13.73,13.385,13.49,528600
02/06/2019,13.59,13.66,13.36,13.48,288886
02/07/2019,13.45,13.52,13.42,13.45,215452
02/08/2019,13.37,13.44,13.17,13.2,132805
02/11/2019,13.32,13.54,13.08,13.45,251682
02/12/2019,13.5,13.5899,13.36,13.53,184484
02/13/2019,13.6,14.065,13.55,13.87,448336
02/14/2019,13.85,14.06,13.7,13.89,440820
02/15/2019,13.97,14.1,13.71,13.88,189259
02/19/2019,13.77,14.32,13.77,14.28,301581
02/20/2019,14.3,14.37,14.09,14.22,188814
02/21/2019,14.24,14.465,14.04,14.15,219919
02/22/2019,14.22,14.7,14.15,14.46,409458
02/25/2019,14.54,14.84,14.54,14.71,430922
02/26/2019,14.67,14.84,14.62,14.8,258906
02/27/2019,14.8,15.14,14.72,15,273767
02/28/2019,14.99,15.02,14.67,14.89,194426
03/01/2019,15.6,15.6,14.53,14.8,130087
03/04/2019,14.85,14.85,14.58,14.64,190523
03/05/2019,14.76,14.89,14.16,14.29,139930
03/06/2019,14.32,14.3581,13.8,13.8,184458
03/07/2019,13.93,14.49,13.72,14.08,272192
03/08/2019,13.94,14.01,13.65,13.85,185019
03/11/2019,13.84,13.97,13.67,13.75,208008
03/12/2019,13.85,13.85,13.46,13.65,155458
03/13/2019,13.7,14.16,13.68,14.11,567139
03/14/2019,13.83,15.37,13.58,14.29,783840
03/15/2019,14.29,14.48,13.8,14.025,698275
03/18/2019,13.97,14.24,13.69,14.11,398229
03/19/2019,14.57,14.69,14.11,14.52,231700
03/20/2019,14.49,14.76,14.17,14.27,338807
03/21/2019,14.07,14.42,14.07,14.35,260553
03/22/2019,14.25,14.4051,13.33,13.33,317972
03/25/2019,13.31,13.53,13.09,13.26,267011
03/26/2019,13.37,13.75,13.35,13.64,172083
03/27/2019,13.54,13.9,13.54,13.79,159874
03/28/2019,13.84,14.0706,13.69,13.78,235581
03/29/2019,13.83,14,13.64,13.74,216742
04/01/2019,13.8,13.83,13.32,13.76,194294
04/02/2019,14.03,14.03,12.89,13.35,392286
04/03/2019,13.46,13.83,13.29,13.69,216027
04/04/2019,13.71,14.515,13.61,14.41,320576
04/05/2019,14.45,14.77,14.19,14.55,158724
04/08/2019,14.53,14.83,14.45,14.76,249730
04/09/2019,14.7,14.84,14.615,14.74,170620
04/10/2019,14.7,15.05,14.7,15.01,126903
04/11/2019,15,15.32,15,15.11,189536
04/12/2019,15.2,15.3,14.9,15.11,126052
04/15/2019,15.03,15.24,14.93,15.01,71408
04/16/2019,15.05,15.18,14.97,14.98,143785
04/17/2019,15.12,15.57,15.03,15.49,229947
04/18/2019,15.48,15.78,15.2923,15.53,154073
04/22/2019,15.94,15.94,15.315,15.49,125719
04/23/2019,15.54,15.95,15.415,15.74,230594
04/24/2019,15.76,15.92,15.55,15.71,147093
04/25/2019,15.6,15.71,15.26,15.5,155236
04/26/2019,15.44,16.21,15.2,16.1,250532
04/29/2019,16.07,16.3,15.68,15.69,256754
04/30/2019,15.68,15.68,15.24,15.34,134402
05/01/2019,15.95,16.65,15.75,16.52,287592
05/02/2019,16.54,16.64,16.09,16.48,126775
05/03/2019,16.57,16.95,16.3,16.45,446606
05/06/2019,16.24,16.59,16.08,16.34,121353
05/07/2019,16.27,16.3404,15.73,15.95,141888
05/08/2019,16.24,16.28,15.66,16.1,244311
05/09/2019,15.82,16.2,15.8,15.92,90627
05/10/2019,15.87,16.11,15.62,16.1,133320
05/13/2019,16.08,16.5,15.55,15.64,313808
05/14/2019,15.93,16.23,15.09,15.39,258880
05/15/2019,15.19,15.4,14.09,15.02,307115
05/16/2019,15.06,15.39,14.91,15.1,161028
05/17/2019,14.94,15.11,14.78,15,304902
05/20/2019,14.82,14.875,14.59,14.63,267070
05/21/2019,14.69,14.96,14.6,14.81,210924
05/22/2019,14.67,14.99,14.67,14.855,102325
05/23/2019,14.65,14.7804,14.53,14.62,141130
05/24/2019,14.64,14.82,14.37,14.46,293145
05/28/2019,14.42,14.75,14.26,14.31,251567
05/29/2019,14.14,14.175,13.48,13.53,194241
05/30/2019,13.56,13.6499,13.24,13.5,148529
05/31/2019,13.34,13.67,13.31,13.59,147403
06/03/2019,13.53,13.73,13.34,13.64,167361
06/04/2019,13.9,13.97,13.35,13.63,372617
06/05/2019,13.42,14,13.42,13.57,245076
06/06/2019,13.51,13.58,13.05,13.2,114730
06/07/2019,13.16,13.4,13.12,13.37,95079
06/10/2019,13.62,13.68,13.05,13.18,102802
06/11/2019,13.25,13.61,13.11,13.21,94970
06/12/2019,13.34,13.65,13.2015,13.6,143532
06/13/2019,13.67,13.86,13.41,13.64,442578
06/14/2019,13.47,14.04,13.2825,13.7,239714
06/17/2019,13.74,13.82,13.56,13.64,103081
06/18/2019,13.66,13.9,13.59,13.68,118245
06/19/2019,13.64,14.01,13.5,13.88,114756
06/20/2019,13.95,14.18,13.62,13.74,112522
06/21/2019,13.75,13.82,13.565,13.75,140929
06/24/2019,13.74,14.06,13.64,13.79,149297
06/25/2019,13.79,13.94,13.61,13.74,84855
06/26/2019,13.71,14.04,13.67,13.83,104229
06/27/2019,13.88,14.05,13.79,14,218966
06/28/2019,14.05,14.29,13.77,13.81,840915
07/01/2019,13.9,14.31,13.895,13.98,287683
07/02/2019,13.99,14.105,13.7201,13.99,163053
07/03/2019,14.04,14.19,13.93,14.01,68824
07/05/2019,13.96,14.21,13.9,14.15,94278
07/08/2019,14.06,14.37,14.06,14.25,147000
07/09/2019,14.12,14.26,13.965,14.18,196256
07/10/2019,14.26,14.31,13.82,13.91,103195
07/11/2019,13.96,14,13.49,13.86,118157
07/12/2019,13.89,14.3,13.84,14.01,209237
07/15/2019,14,14.01,13.64,13.89,80385
07/16/2019,13.86,14.2,13.79,14,139448
07/17/2019,13.99,14.03,13.65,13.95,89369
07/18/2019,13.87,13.97,13.67,13.81,90916
07/19/2019,13.79,13.91,13.54,13.55,89988
07/22/2019,13.56,13.76,13.19,13.31,98533
07/23/2019,13.31,13.4,13.08,13.17,96667
07/24/2019,13.16,13.38,12.95,13.14,128680
07/25/2019,13.15,13.24,12.8,12.94,252036
07/26/2019,13,13.44,12.92,13.35,143426
07/29/2019,13.18,13.225,12.67,12.7,131592
07/30/2019,12.77,13.26,12.2,13.07,173914
07/31/2019,13.07,13.3,12.68,12.78,216322
08/01/2019,12.71,13.07,12.35,12.41,111252
08/02/2019,12.25,12.325,12.045,12.14,102433
08/05/2019,11.93,11.93,11.6,11.77,137109
08/06/2019,11.87,12.0912,11.64,11.75,96646
08/07/2019,11.62,11.69,11.46,11.6,72945
08/08/2019,11.66,12.03,11.56,11.75,138823
08/09/2019,11.71,11.71,11.48,11.57,180283
08/12/2019,11.45,11.67,11.45,11.52,134664
08/13/2019,11.44,12.11,11.44,12.0235,341878
08/14/2019,12,12.02,11.24,11.34,232085
08/15/2019,11.31,11.31,10.87,10.89,183456
08/16/2019,10.99,11.29,10.87,11.27,104344
08/19/2019,11.03,11.21,10.87,10.89,151265
08/20/2019,10.8,11.06,10.75,10.94,176755
08/21/2019,11.08,11.18,10.85,11.03,133539
08/22/2019,11.11,11.71,11.11,11.46,138682
08/23/2019,11.37,11.38,10.76,10.83,170205
08/26/2019,10.91,10.98,10.72,10.9,356017
08/27/2019,11.05,11.185,10.59,10.6,102028
08/28/2019,10.55,10.88,10.47,10.71,126574
08/29/2019,10.86,11.22,10.86,11.15,109258
08/30/2019,11.26,11.34,10.75,10.82,101646
09/03/2019,10.72,10.81,10.33,10.36,136537
09/04/2019,10.45,10.83,10.36,10.67,144556
09/05/2019,10.89,11.42,10.8425,11.26,368519
09/06/2019,11.32,11.5399,11.19,11.4,186807
09/09/2019,11.48,12.05,11.48,12.01,124505
09/10/2019,12,12.83,11.92,12.64,159428
09/11/2019,12.67,12.96,12.28,12.73,121741
09/12/2019,12.78,12.92,12.44,12.71,129727
09/13/2019,12.82,13.14,12.67,13.07,165511
09/16/2019,12.92,13.34,12.92,13.05,109395
09/17/2019,12.91,13.19,12.84,12.89,186013
09/18/2019,12.75,12.89,12.1,12.18,214208
09/19/2019,12.2,12.46,12.16,12.24,106074
09/20/2019,12.25,12.58,12.01,12.07,165191
09/23/2019,12.04,12.54,12.04,12.44,121634
09/24/2019,12.44,12.69,12.2823,12.45,127803
09/25/2019,12.45,12.65,12.4,12.48,107769
09/26/2019,12.48,12.64,12.07,12.19,72540
09/27/2019,12.25,12.39,12.01,12.19,79497
09/30/2019,12.16,12.58,11.5,12.28,356281
10/01/2019,12.3,12.66,11.98,12.21,116691
10/02/2019,12.01,12.1431,11.65,11.81,55157
10/03/2019,11.76,11.87,11.5,11.8,57847
10/04/2019,11.8,11.92,11.36,11.45,88208
10/07/2019,11.44,11.61,11.33,11.42,114093
10/08/2019,11.23,11.43,11.07,11.33,83853
10/09/2019,11.39,11.46,11.24,11.27,76070
10/10/2019,11.34,11.52,11.27,11.3,133711
10/11/2019,11.82,12.21,11.75,11.92,178644
10/14/2019,11.88,12.1,11.65,11.97,100148
10/15/2019,11.88,12.21,11.88,12.06,132511
10/16/2019,12.01,12.305,12.01,12.08,168334
10/17/2019,12.02,12.4,12.02,12.23,153822
10/18/2019,12.12,12.28,11.91,11.92,109109
10/21/2019,12.03,12.05,11.86,11.88,161076
10/22/2019,11.86,12.8,11.86,12.64,268978
10/23/2019,12.72,12.98,12.45,12.92,504440
10/24/2019,13.01,13.15,12.7105,12.91,234299
10/25/2019,12.9,13.5,12.768,13.2,210239
10/28/2019,13.26,13.63,13.1,13.15,116168
10/29/2019,13.15,13.15,12.65,12.81,176372
10/30/2019,12.88,12.92,12.605,12.71,103469
10/31/2019,12.74,12.74,12.36,12.41,160744
11/01/2019,12.81,13.06,12.66,12.68,244502
11/04/2019,12.69,12.8,12.13,12.41,397331
11/05/2019,11,12.89,10.93,12.09,478302
11/06/2019,11.84,12.3001,11.84,11.97,235425
11/07/2019,12.15,12.98,12.11,12.5,272966
11/08/2019,12.47,12.83,12.24,12.82,317851
11/11/2019,12.74,12.96,12.33,12.49,104138
11/12/2019,12.5,12.5,12.2201,12.3,202135
11/13/2019,12.16,12.27,11.975,12.07,81881
11/14/2019,12.01,12.4426,11.9798,12.3,255787
11/15/2019,12.44,12.78,12.29,12.73,90936
11/18/2019,12.71,12.92,12.6346,12.9,266155
11/19/2019,12.81,13.14,12.67,12.92,161241
11/20/2019,12.82,13.16,12.56,12.6,139755
11/21/2019,12.69,12.85,12.51,12.71,186733
11/22/2019,12.77,12.94,12.64,12.88,76930
11/25/2019,12.96,13.44,12.8773,13.3,191008
11/26/2019,13.3,13.71,13.21,13.66,212400
11/27/2019,13.76,14.11,13.62,14.08,302637
11/29/2019,14.22,14.25,13.86,13.91,69970
12/02/2019,13.63,13.8355,13.43,13.67,117308
12/03/2019,13.48,13.55,13.15,13.37,189299
12/04/2019,13.19,13.96,13.1856,13.89,159589
12/05/2019,13.96,14.18,13.8,14.09,145863
12/06/2019,14.25,14.51,14.06,14.06,202098
12/09/2019,14.06,14.21,13.94,14.01,230171
12/10/2019,13.95,14.17,13.95,14.02,102570
12/11/2019,13.99,14.1,13.76,13.95,156965
12/12/2019,13.93,14.15,13.7,13.85,122195
12/13/2019,13.8,13.8,13.21,13.64,184008
12/16/2019,13.73,13.89,13.51,13.53,125463
12/17/2019,13.52,13.94,13.4958,13.92,177598
12/18/2019,13.96,14.41,13.945,14.34,214142
12/19/2019,14.32,14.515,14.11,14.46,90937
12/20/2019,14.46,14.78,14.39,14.71,295598
12/23/2019,14.82,14.82,14.595,14.685,105918
12/24/2019,14.69,15.18,14.69,15.05,169092
12/26/2019,15.15,15.22,14.92,15.01,86427
12/27/2019,15.06,15.174,14.94,15.05,51000
12/30/2019,15.1,15.45,15.1,15.32,82644
12/31/2019,15.31,15.74,15.31,15.33,142303
01/02/2020,15.43,15.49,15.07,15.31,102841
01/03/2020,15.01,15.29,14.84,14.94,243119
01/06/2020,14.88,15.64,14.8,15.48,195526
01/07/2020,15.44,15.77,15.21,15.39,95795
01/08/2020,15.5,15.74,15.3,15.71,188950
01/09/2020,15.72,15.87,15.44,15.45,87609
01/10/2020,15.42,15.54,14.82,14.89,254499
01/13/2020,14.89,14.89,14.12,14.19,329918
01/14/2020,14.12,14.33,13.84,13.97,170817
01/15/2020,13.93,13.985,13.49,13.78,333013
01/16/2020,13.9,14.16,13.62,14.08,337049
01/17/2020,14.2,14.3,13.78,14.19,125636
01/21/2020,14.1,14.1039,13.39,13.41,88735
01/22/2020,13.41,13.56,13.17,13.17,89837
01/23/2020,13.15,13.15,12.85,12.88,96444
01/24/2020,12.96,13.12,12.64,12.87,100257
01/27/2020,12.57,12.96,12.4592,12.85,120907
01/28/2020,12.97,13,12.71,12.72,54462
01/29/2020,12.67,12.78,12.02,12.08,101165
01/30/2020,12,12.02,11.56,11.59,96271
01/31/2020,11.51,11.51,10.95,10.98,163167
02/03/2020,11.06,11.37,11,11.11,658524
02/04/2020,10.77,11.02,10.65,11.01,370508
02/05/2020,11.11,11.49,11.05,11.33,130515
02/06/2020,11.33,11.42,11.1075,11.19,171408
02/07/2020,11.17,11.17,10.78,11.02,165021
02/10/2020,11,11.77,10.9,11.19,184379
02/11/2020,11.24,11.35,11.14,11.1675,120225
02/12/2020,11.3,11.76,11.23,11.62,156140
02/13/2020,11.73,12.02,11.5478,11.83,150741
02/14/2020,11.83,12.12,11.83,11.92,161708
02/18/2020,11.88,12.15,11.88,12.085,112923
02/19/2020,12.23,12.25,12.08,12.22,141519
02/20/2020,12.26,12.5996,12.23,12.48,174350
02/21/2020,12.49,12.513,12.26,12.325,225046
02/24/2020,11.94,11.95,11.62,11.69,227862
02/25/2020,11.73,11.73,11.07,11.1,386267
02/26/2020,11.14,11.39,11.01,11.05,175561
02/27/2020,10.96,10.96,10.29,10.48,232238
02/28/2020,9.83,10.27,9.28,9.3,477670
03/02/2020,9.31,9.31,7.7,7.78,1054979
03/03/2020,7.89,8.2,7.57,7.61,921545
03/04/2020,7.68,7.81,7.45,7.67,511533
03/05/2020,7.48,7.53,6.18,6.44,1037730
03/06/2020,6.36,6.55,6.0401,6.2,992774
03/09/2020,5.5,5.95,5.4701,5.92,644254
03/10/2020,6.2,6.6,6.08,6.09,954355
03/11/2020,5.92,6.2,4.73,4.75,1175584
03/12/2020,4.36,4.63,2.47,3.49,4115688
03/13/2020,3.82,4.1,3.27,3.845,1809440
03/16/2020,3.22,3.59,2.78,2.83,1948313
03/17/2020,3,3.05,2.53,2.64,1974365
03/18/2020,2.5,2.82,2.35,2.38,788889
03/19/2020,2.4,3.48,2.26,3.41,1215824
03/20/2020,3.56,4,3.3795,3.56,1529827
03/23/2020,3.54,4,3.3627,3.84,1826698
03/24/2020,4.12,5.51,4.06,4.8,1497139
03/25/2020,4.9,5.18,4.55,4.94,691545
03/26/2020,5.2,5.5,4.93,5.24,971614
03/27/2020,5.02,5.2,4.56,4.96,340725
03/30/2020,4.86,4.89,4.1201,4.63,438779
03/31/2020,4.61,5.07,4.539,4.99,555276
04/01/2020,4.6,4.63,4.115,4.23,383218
04/02/2020,4.14,4.48,4.14,4.38,514069
04/03/2020,4.4,4.55,3.945,4.28,398450
04/06/2020,4.56,5.31,4.56,4.94,840579
04/07/2020,5.46,5.59,4.94,5.04,2001777
04/08/2020,5.27,5.86,5.13,5.15,1397331
04/09/2020,5.53,5.99,5.43,5.58,1994619
04/13/2020,5.65,5.74,5.16,5.44,521466
04/14/2020,5.6,5.72,5.17,5.26,605279
04/15/2020,5.12,5.2,4.78,4.95,330858
04/16/2020,4.96,4.96,4.45,4.49,491755
04/17/2020,4.61,5.1,4.61,4.92,443993
04/20/2020,4.94,5.18,4.6,4.65,533168
04/21/2020,4.45,4.5159,4.15,4.28,464248
04/22/2020,4.57,4.64,4.14,4.3,331035
04/23/2020,4.19,4.75,4.19,4.5,1720169
04/24/2020,4.59,4.62,4.03,4.06,947358
04/27/2020,4.08,4.4,4.07,4.31,1052189
04/28/2020,4.37,4.635,4.13,4.54,1418132
04/29/2020,4.76,5.6153,4.55,5.24,1517730
04/30/2020,5.23,5.33,4.75,4.9,646620
05/01/2020,4.65,5.52,4.65,5.48,862709
05/04/2020,5.41,5.56,5.09,5.52,1532998
05/05/2020,5.68,5.87,5.51,5.64,818280
05/06/2020,5.66,5.91,5.38,5.39,603198
05/07/2020,5.73,5.9,5.46,5.48,352979
05/08/2020,5.69,6.13,5.5577,6.02,980068
05/11/2020,5.86,5.91,5.61,5.76,925182
05/12/2020,5.59,5.875,5.45,5.485,439743
05/13/2020,5.37,5.37,4.32,4.3575,803929
05/14/2020,4.34,4.63,4.05,4.54,769520
05/15/2020,4.41,4.77,4.35,4.52,719854
05/18/2020,4.74,4.98,4.64,4.75,1945015
05/19/2020,4.71,4.89,4.5,4.52,519942
05/20/2020,4.67,4.77,4.3,4.43,456181
05/21/2020,4.4,4.84,4.35,4.73,692006
05/22/2020,4.78,4.97,4.42,4.78,921059
05/26/2020,5.09,5.38,4.79,5.27,790285
05/27/2020,5.42,5.65,5.11,5.47,722650
05/28/2020,5.6,5.83,5.03,5.14,533646
05/29/2020,5.07,5.33,4.9,5.03,575315
06/01/2020,5.17,5.65,5.17,5.32,542759
06/02/2020,5.67,5.68,5.41,5.49,655401
06/03/2020,5.67,6.46,5.5,6.35,968855
06/04/2020,6.3,6.52,6.15,6.34,714985
06/05/2020,6.99,7.65,6.6,7.03,1297815
06/08/2020,7.5,7.5394,6.75,7.35,987331
06/09/2020,7.3,7.46,6.75,7.14,1072219
06/10/2020,7.25,7.25,6.58,6.68,879146
06/11/2020,6.02,6.27,5.51,5.6,1168601
06/12/2020,6,6.8,5.75,5.98,904046
06/15/2020,5.73,6.48,5.64,6.33,414628
06/16/2020,6.85,6.9,6.26,6.61,586757
06/17/2020,6.65,6.7,6.145,6.26,670461
06/18/2020,5.84,6.53,5.67,5.79,1325575
06/19/2020,5.82,5.85,5.15,5.16,1332355
06/22/2020,5.32,5.32,4.84,4.98,656260
06/23/2020,5.1,5.23,4.95,5.08,822485
06/24/2020,5.02,5.09,4.68,4.78,645120
06/25/2020,4.67,4.835,4.5375,4.72,649043
06/26/2020,4.73,4.7699,4.3,4.33,1112416
06/29/2020,4.5,4.97,4.37,4.83,827774
06/30/2020,4.8,4.975,4.77,4.88,469080
07/01/2020,4.85,5.24,4.84,4.94,537920
07/02/2020,5.1,5.225,4.98,5.07,429323
07/06/2020,5.23,5.275,5.1,5.21,619329
07/07/2020,5.09,5.19,5.05,5.11,448249
07/08/2020,5.05,5.11,4.9,4.95,388114
07/09/2020,5,5.05,4.5,4.51,1128252
07/10/2020,4.46,4.76,4.32,4.64,441417
07/13/2020,4.7,4.84,4.31,4.46,598918
07/14/2020,4.46,4.46,4.11,4.23,553392
07/15/2020,4.47,4.73,4.3,4.49,1261897
07/16/2020,4.51,4.65,4.365,4.42,349488
07/17/2020,4.43,4.43,4.01,4.08,998467
07/20/2020,4.13,4.22,3.93,4.09,469970
07/21/2020,4.15,4.49,4.1474,4.37,356974
07/22/2020,4.37,4.45,4.24,4.41,212254
07/23/2020,4.4,4.62,4.33,4.43,315814
07/24/2020,4.4,4.55,4.31,4.34,232619
07/27/2020,4.32,4.32,4.2,4.26,836604
07/28/2020,4.24,4.32,4.15,4.16,235621
07/29/2020,4.15,4.27,4.105,4.19,303088
07/30/2020,4.17,4.44,4.04,4.33,402301
07/31/2020,4.36,4.39,4.24,4.38,688962
08/03/2020,4.36,4.94,4.22,4.8,1028598
08/04/2020,4.8,4.81,4.48,4.58,575011
08/05/2020,4.71,4.94,4.68,4.93,412691
08/06/2020,4.94,4.99,4.79,4.94,428398
08/07/2020,4.87,5.18,4.83,5.15,489065
08/10/2020,5.2,5.5,5.14,5.43,571365
08/11/2020,5.59,5.89,5.46,5.51,646619
08/12/2020,5.65,5.75,5.3,5.35,437707
08/13/2020,5.29,5.57,5.26,5.43,317567
08/14/2020,5.44,5.74,5.37,5.73,565118
08/17/2020,5.8,5.87,5.27,5.27,1058201
08/18/2020,5.3,5.3564,5.015,5.13,544494
08/19/2020,7.58,7.59,7.44,7.46,26161986
08/20/2020,7.45,7.525,7.45,7.48,9916009
08/21/2020,7.5,7.55,7.47,7.47,6575274
08/24/2020,7.5,7.61,7.49,7.51,4009666
08/25/2020,7.52,7.58,7.51,7.53,4103703
08/26/2020,7.52,7.585,7.52,7.56,2524939
08/27/2020,7.58,7.58,7.52,7.52,4210489
08/28/2020,7.54,7.58,7.52,7.58,2428220
08/31/2020,7.55,7.57,7.52,7.53,2519703
09/01/2020,7.53,7.57,7.53,7.56,1560053
09/02/2020,7.56,7.595,7.545,7.555,1631235
09/03/2020,7.56,7.59,7.54,7.55,2622728
09/04/2020,7.58,7.58,7.54,7.57,1362697
09/08/2020,7.57,7.58,7.55,7.56,1118887
09/09/2020,7.56,7.59,7.55,7.58,1741387
09/10/2020,7.6,7.65,7.6,7.63,1865780
09/11/2020,7.61,7.65,7.61,7.62,1213279
09/14/2020,7.62,7.63,7.61,7.615,2001032
09/15/2020,7.61,7.63,7.61,7.63,927226
09/16/2020,7.64,7.64,7.62,7.62,886676
09/17/2020,7.6,7.64,7.58,7.63,882493
09/18/2020,7.63,7.65,7.6,7.62,1945510
09/21/2020,7.61,7.62,7.55,7.56,2909266
09/22/2020,7.57,7.61,7.57,7.59,528449
09/23/2020,7.59,7.61,7.56,7.57,1392076
09/24/2020,7.59,7.59,7.55,7.56,1052824
09/25/2020,7.57,7.6,7.56,7.58,583310
09/28/2020,7.58,7.615,7.58,7.59,306734
09/29/2020,7.59,7.6,7.56,7.565,508660
09/30/2020,7.59,7.61,7.57,7.61,967596
10/01/2020,7.61,7.64,7.6,7.625,535786
10/02/2020,7.55,7.63,7.55,7.62,271255
10/05/2020,7.64,7.65,7.6299,7.65,957220
10/06/2020,7.65,7.66,7.64,7.65,892443
10/07/2020,7.66,7.66,7.65,7.655,741693
10/08/2020,7.66,7.68,7.64,7.675,1611781
10/09/2020,7.67,7.68,7.66,7.67,174546
10/12/2020,7.68,7.69,7.65,7.67,352070
10/13/2020,7.65,7.67,7.65,7.665,414411
10/14/2020,7.66,7.67,7.66,7.665,189648
10/15/2020,7.65,7.67,7.65,7.67,420773
10/16/2020,7.66,7.67,7.66,7.66,384420
10/19/2020,7.66,7.67,7.66,7.66,271442
10/20/2020,7.66,7.67,7.66,7.67,289692
10/21/2020,7.67,7.675,7.659,7.665,407790
10/22/2020,7.68,7.68,7.66,7.67,242975
10/23/2020,7.68,7.68,7.66,7.67,401969
10/26/2020,7.66,7.67,7.66,7.67,174928
10/27/2020,7.66,7.67,7.66,7.67,241289
10/28/2020,7.66,7.67,7.64,7.64,887096
10/29/2020,7.64,7.66,7.63,7.66,814482
10/30/2020,7.63,7.66,7.63,7.64,501991
11/02/2020,7.67,7.67,7.64,7.65,651621
11/03/2020,7.65,7.66,7.64,7.66,361222
11/04/2020,7.64,7.66,7.64,7.65,1420358
11/05/2020,7.65,7.67,7.64,7.65,1474949
11/06/2020,7.7,7.7,7.65,7.65,438486
11/09/2020,7.69,7.7,7.67,7.67,1055818
11/10/2020,7.69,7.69,7.66,7.68,270482
11/11/2020,7.69,7.69,7.67,7.68,233543
11/12/2020,7.67,7.675,7.65,7.66,381049
11/13/2020,7.67,7.67,7.655,7.66,1055488
11/16/2020,7.69,7.69,7.66,7.67,1685171
11/17/2020,7.69,7.69,7.67,7.69,218044
11/18/2020,7.69,7.7,7.68,7.69,182205
11/19/2020,7.68,7.69,7.68,7.68,154715
11/20/2020,7.69,7.69,7.67,7.69,543023
11/23/2020,7.69,7.69,7.68,7.69,292491
11/24/2020,7.69,7.69,7.671,7.69,1768454
11/25/2020,7.68,7.69,7.67,7.68,1581730
11/27/2020,7.69,7.7,7.68,7.7,268034
11/30/2020,7.68,7.7,7.68,7.69,2262575
