01/03/2005,26.62,26.62,25.67,25.71,29120
01/04/2005,25.76,25.76,25.06,25.18,35480
01/05/2005,25.17,25.44,24.99,24.99,21620
01/06/2005,25,25.35,24.98,25.21,13680
01/07/2005,25.44,25.72,25.16,25.26,20750
01/10/2005,25.4,25.4,24.82,24.82,22830
01/11/2005,24.83,24.99,24.77,24.81,10170
01/12/2005,24.98,25.06,24.71,25.06,16070
01/13/2005,24.99,25.17,24.76,24.82,88590
01/14/2005,24.81,25.26,24.8,25.16,12460
01/18/2005,25.26,25.64,25.21,25.57,15890
01/19/2005,25.67,25.67,24.94,25.09,14640
01/20/2005,25.08,25.31,24.98,25.16,15080
01/21/2005,25.22,25.22,25.02,25.08,6460
01/24/2005,25.08,25.08,24.88,24.96,21860
01/25/2005,25.06,25.22,24.88,25.22,18250
01/26/2005,25.26,25.47,25.17,25.45,6020
01/27/2005,25.58,25.62,25.3,25.3,5250
01/28/2005,25.47,25.47,24.83,24.98,17520
01/31/2005,25.17,25.85,25.17,25.85,48740
02/01/2005,25.85,26.4,25.85,26.36,19010
02/02/2005,26.46,27.01,26.39,26.64,16810
02/03/2005,26.78,26.78,25.92,25.92,17720
02/04/2005,26.08,26.08,25.74,25.91,19320
02/07/2005,25.86,25.94,25.72,25.73,29660
02/08/2005,25.73,25.95,25.61,25.95,5890
02/09/2005,26.09,26.11,25.77,25.86,11600
02/10/2005,25.81,25.81,25.26,25.74,8760
02/11/2005,25.67,26.13,25.67,26.13,9320
02/14/2005,26.09,26.09,25.72,25.72,21000
02/15/2005,25.63,25.85,25.56,25.74,13230
02/16/2005,25.7,26.04,25.7,25.86,4170
02/17/2005,25.81,25.83,25.52,25.63,17370
02/18/2005,25.63,25.77,25.54,25.62,4810
02/22/2005,25.61,25.61,24.55,24.73,37460
02/23/2005,24.8,25.36,24.8,25.28,11800
02/24/2005,25.15,25.24,24.81,25.22,8660
02/25/2005,25.21,25.44,25.17,25.23,31720
02/28/2005,25.32,25.49,24.87,24.87,7990
03/01/2005,24.96,25.4,24.83,25.38,12800
03/02/2005,25.3,25.37,25.09,25.3,6550
03/03/2005,25.28,25.34,25.06,25.06,12020
03/04/2005,25.12,25.32,25.07,25.09,9500
03/07/2005,25.19,25.31,24.98,25.03,43010
03/08/2005,25.04,25.17,24.93,24.93,10370
03/09/2005,24.92,25.03,24.61,24.66,6360
03/10/2005,24.61,24.72,24.45,24.49,5790
03/11/2005,26.87,28.61,26.87,27.75,429140
03/14/2005,27.74,27.83,27.28,27.46,207220
03/15/2005,27.6,27.69,26.93,27.02,39390
03/16/2005,26.91,27,26.46,26.46,9190
03/17/2005,26.3,26.43,26.01,26.31,34640
03/18/2005,26.46,26.57,26.13,26.41,34030
03/21/2005,26.5,26.73,26.45,26.49,8090
03/22/2005,26.5,27.13,26.5,26.8,45350
03/23/2005,26.8,27.39,26.79,27.37,25760
03/24/2005,27.42,27.93,27.42,27.66,31210
03/28/2005,27.79,27.79,27.51,27.51,2090
03/29/2005,27.42,27.51,26.96,27.05,10280
03/30/2005,26.98,27.44,26.98,27.44,14960
03/31/2005,27.46,27.66,27.19,27.52,32930
04/01/2005,27.51,27.51,27.11,27.19,21950
04/04/2005,27.28,27.51,27.28,27.5,7800
04/05/2005,27.5,27.83,27.5,27.83,20620
04/06/2005,27.81,28.17,27.7,28.13,14750
04/07/2005,27.97,28.39,27.88,28.37,10280
04/08/2005,28.17,28.38,28.17,28.24,21380
04/11/2005,28.19,28.24,27.83,28.02,19040
04/12/2005,27.88,28.01,27.79,27.86,10170
04/13/2005,27.81,27.83,27.56,27.66,10950
04/14/2005,28,28.09,27.35,27.37,17670
04/15/2005,27.37,27.37,26.68,26.69,12710
04/18/2005,26.78,26.78,26.44,26.54,20990
04/19/2005,26.55,26.74,26.5,26.73,55360
04/20/2005,26.81,26.93,26.67,26.83,21390
04/21/2005,27,27.6,26.87,27.59,17400
04/22/2005,27.74,27.75,26.8,26.88,15210
04/25/2005,26.83,26.91,26.59,26.89,13110
04/26/2005,26.9,27.05,26.8,26.96,8240
04/27/2005,26.96,27.54,26.85,27.53,17070
04/28/2005,27.53,27.55,27.04,27.55,21010
04/29/2005,27.47,27.82,27.42,27.75,21240
05/02/2005,27.86,27.95,27.65,27.89,12720
05/03/2005,27.83,27.83,27.22,27.55,12150
05/04/2005,27.49,27.57,27.35,27.51,5490
05/05/2005,27.46,27.53,27.28,27.46,15130
05/06/2005,26.64,27.28,24.71,26.53,141940
05/09/2005,26.45,27.23,26.41,27.15,14430
05/10/2005,27.33,27.38,26.54,26.82,17140
05/11/2005,26.73,26.9,26.45,26.9,13970
05/12/2005,26.9,26.9,26.36,26.36,13020
05/13/2005,26.32,26.42,26.04,26.04,17250
05/16/2005,26.14,26.18,25.73,25.86,15520
05/17/2005,26.45,26.64,26.39,26.64,42180
05/18/2005,26.47,27.06,26.1,26.91,23020
05/19/2005,26.98,27.22,26.9,27.02,7220
05/20/2005,27,27,26.59,26.7,6890
05/23/2005,26.54,26.55,26.48,26.51,27920
05/24/2005,26.45,26.45,26.09,26.1,8440
05/25/2005,26.06,26.06,25.6,25.7,17670
05/26/2005,25.75,26,25.73,25.75,30720
05/27/2005,25.63,25.81,25.63,25.7,14310
05/31/2005,25.79,26.17,25.79,26.01,11480
06/01/2005,26.01,26.31,25.94,26.31,21750
06/02/2005,26.36,26.89,26.36,26.87,8520
06/03/2005,26.87,27.48,26.67,26.77,13250
06/06/2005,26.78,26.78,26.41,26.46,9100
06/07/2005,26.46,27.27,26.46,26.89,16280
06/08/2005,26.84,27.05,26.59,26.6,5700
06/09/2005,26.5,26.89,26.46,26.7,3070
06/10/2005,26.66,26.67,26.41,26.44,10280
06/13/2005,26.55,26.73,26.55,26.64,11810
06/14/2005,26.5,27.04,26.5,26.9,14190
06/15/2005,27.09,27.28,26.97,27,49640
06/16/2005,27.02,27.02,26.41,26.41,24000
06/17/2005,26.54,26.78,26.4,26.45,35660
06/20/2005,26.47,26.49,26.38,26.41,70150
06/21/2005,26.39,26.54,26.39,26.45,10110
06/22/2005,26.53,26.53,26.19,26.41,14090
06/23/2005,26.31,26.44,26.13,26.13,14860
06/24/2005,26.11,26.57,26.11,26.43,33960
06/27/2005,26.31,26.39,26.07,26.13,19940
06/28/2005,26.09,26.96,26.09,26.92,13210
06/29/2005,26.87,27.42,26.87,27.19,15740
06/30/2005,27.22,27.31,26.99,26.99,12130
07/01/2005,27.08,27.08,26.49,26.49,4490
07/05/2005,26.44,26.73,26.44,26.58,11950
07/06/2005,26.45,26.71,26.29,26.54,12030
07/07/2005,26.46,26.96,26.38,26.95,11720
07/08/2005,26.95,27.1,26.95,27.1,18480
07/11/2005,27.09,27.46,27.09,27.44,16850
07/12/2005,27.49,27.49,27.21,27.21,8120
07/13/2005,27.14,27.31,27,27,9080
07/14/2005,27.09,27.09,26.33,26.56,6140
07/15/2005,26.5,26.68,26.45,26.64,9200
07/18/2005,26.54,26.56,26.22,26.26,13550
07/19/2005,26.72,26.72,26.46,26.63,14100
07/20/2005,26.55,27.07,26.55,27.07,15950
07/21/2005,27.01,27.01,26.42,26.42,11700
07/22/2005,26.41,26.92,26.41,26.91,12910
07/25/2005,26.82,26.92,26.69,26.82,22780
07/26/2005,26.66,27.23,26.59,27.19,7780
07/27/2005,27.07,27.34,26.92,27.34,4060
07/28/2005,27.42,27.56,27.37,27.51,5260
07/29/2005,27.59,27.87,27.32,27.32,8410
08/01/2005,27.37,27.65,27.28,27.65,8020
08/02/2005,27.66,27.66,27.34,27.5,9960
08/03/2005,27.41,27.87,27.41,27.42,12790
08/04/2005,27.32,27.46,26.54,26.54,8550
08/05/2005,26.43,26.44,25.84,26.36,28170
08/08/2005,26.29,26.35,25.99,26.27,17820
08/09/2005,26.27,26.39,25.73,26.15,15960
08/10/2005,26.24,26.24,25.53,25.53,14980
08/11/2005,25.56,25.73,25.5,25.58,7660
08/12/2005,25.51,25.53,25.26,25.27,11270
08/15/2005,25.38,25.38,25.01,25.29,8720
08/16/2005,25.23,25.23,24.89,24.89,4710
08/17/2005,24.98,25.24,24.89,25.2,3840
08/18/2005,25.21,25.26,24.85,24.85,7340
08/19/2005,24.89,24.97,24.66,24.66,4800
08/22/2005,24.78,24.79,24.62,24.79,6330
08/23/2005,24.64,24.77,24.64,24.77,5140
08/24/2005,24.68,25.18,24.68,24.9,7670
08/25/2005,25.05,25.25,24.97,25.12,6970
08/26/2005,25.13,25.13,24.76,24.94,8750
08/29/2005,25.08,25.08,24.89,25.02,4590
08/30/2005,24.9,25.13,24.72,24.99,10080
08/31/2005,24.98,25.46,24.98,25.4,4380
09/01/2005,25.56,25.61,25.38,25.38,7800
09/02/2005,25.51,25.51,24.85,24.92,5790
09/06/2005,24.92,25.14,24.81,25.13,6020
09/07/2005,25.07,25.2,24.83,25.13,3940
09/08/2005,25.12,25.21,24.82,24.82,5880
09/09/2005,24.96,25.14,24.91,25,3390
09/12/2005,25.06,25.72,25.06,25.72,8990
09/13/2005,25.49,25.49,24.94,25.11,8970
09/14/2005,25.13,25.24,24.95,24.95,2530
09/15/2005,25.03,25.08,24.77,24.95,3940
09/16/2005,25.12,25.31,25.03,25.31,31840
09/19/2005,25.17,25.17,24.76,24.93,8320
09/20/2005,25.02,25.23,24.97,25.08,20170
09/21/2005,25.05,25.05,24.49,24.54,8230
09/22/2005,24.51,24.62,24.3,24.37,20230
09/23/2005,24.54,24.54,24.29,24.5,20340
09/26/2005,24.62,24.84,24.39,24.51,11590
09/27/2005,24.39,24.39,23.74,23.88,7910
09/28/2005,23.96,23.96,23.42,23.64,15170
09/29/2005,23.64,24.1,23.6,24.1,19630
09/30/2005,24.02,24.2,23.67,24.2,8400
10/03/2005,24.32,24.99,24.32,24.84,9820
10/04/2005,24.87,25.13,24.85,24.85,5710
10/05/2005,24.8,24.89,24.71,24.71,11030
10/06/2005,24.8,24.86,24.7,24.76,17010
10/07/2005,24.74,24.85,24.67,24.82,27140
10/10/2005,24.72,24.84,24.71,24.75,5150
10/11/2005,24.8,24.91,24.76,24.76,17950
10/12/2005,24.81,24.84,24.75,24.81,13040
10/13/2005,24.98,24.98,24.75,24.85,12790
10/14/2005,24.95,25.27,24.85,25.27,9550
10/17/2005,25.4,25.4,24.8,24.9,11520
10/18/2005,24.9,25.08,24.79,24.84,8540
10/19/2005,24.83,25.33,24.78,25.33,8340
10/20/2005,25.49,25.53,25.21,25.33,13130
10/21/2005,25.33,25.35,25.13,25.2,10950
10/24/2005,25.11,25.23,25.08,25.15,15200
10/25/2005,25.16,25.16,24.66,25.07,19370
10/26/2005,25.12,25.12,24.47,24.51,7260
10/27/2005,24.52,24.52,24.16,24.16,4160
10/28/2005,24.25,24.36,24.17,24.31,10630
10/31/2005,24.45,24.91,24.34,24.34,21050
11/01/2005,24.29,24.29,23.88,23.9,15410
11/02/2005,23.97,24.11,23.84,23.88,18270
11/03/2005,23.99,24.13,23.63,23.63,16510
11/04/2005,23.19,23.47,22.79,22.99,68200
11/07/2005,23.06,23.3,22.92,23.24,56620
11/08/2005,23.19,23.19,22.93,22.95,37130
11/09/2005,22.96,23.19,22.83,23.03,12360
11/10/2005,22.91,23.17,22.91,23.17,18330
11/11/2005,23.06,23.06,22.69,22.79,28960
11/14/2005,22.78,22.83,22.55,22.55,42410
11/15/2005,22.64,22.71,22.2,22.3,17620
11/16/2005,22.28,22.36,22.16,22.34,37200
11/17/2005,22.41,22.64,22.35,22.53,12490
11/18/2005,22.67,22.77,22.41,22.73,27410
11/21/2005,22.75,22.81,22.62,22.67,16420
11/22/2005,22.69,22.85,22.6,22.85,13660
11/23/2005,22.82,22.96,22.69,22.85,4380
11/25/2005,22.85,22.93,22.85,22.9,1200
11/28/2005,22.78,22.78,22.57,22.66,16470
11/29/2005,22.73,22.86,22.69,22.8,3730
11/30/2005,22.91,23.13,22.91,22.96,27730
12/01/2005,22.97,23.26,22.92,23.14,26030
12/02/2005,23.1,23.39,22.98,23.38,7570
12/05/2005,23.38,23.45,23.31,23.39,6910
12/06/2005,23.39,23.42,22.96,23.18,19330
12/07/2005,23.24,23.24,22.82,22.96,16710
12/08/2005,22.91,23.12,22.68,22.84,3630
12/09/2005,22.84,23.16,22.84,23.14,3390
12/12/2005,23.3,23.56,23.3,23.49,7570
12/13/2005,23.5,23.5,23.4,23.49,8540
12/14/2005,23.43,23.5,23.24,23.38,8200
12/15/2005,23.31,23.31,22.99,23.13,17450
12/16/2005,23.24,23.24,22.96,23.2,47520
12/19/2005,23.2,23.31,23.01,23.1,15200
12/20/2005,23.05,23.28,22.96,23.18,6450
12/21/2005,23.41,23.48,23.33,23.42,9190
12/22/2005,23.52,23.64,23.34,23.37,9480
12/23/2005,23.42,23.45,23.23,23.39,25510
12/27/2005,23.4,23.5,23.3,23.46,9740
12/28/2005,23.52,23.6,23.47,23.58,4820
12/29/2005,23.52,23.68,23.51,23.66,8730
12/30/2005,23.65,23.65,23.28,23.43,15490
01/03/2006,23.47,24.27,23.38,24.27,10330
01/04/2006,24.36,24.36,24.15,24.23,5480
01/05/2006,24.3,24.3,23.99,24.15,5250
01/06/2006,24.33,25.01,24.33,25.01,25750
01/09/2006,24.99,25.84,24.95,25.84,39380
01/10/2006,25.77,26.36,25.72,26.36,20080
01/11/2006,26.36,26.47,26.19,26.46,32290
01/12/2006,26.41,26.72,26.41,26.62,17810
01/13/2006,26.68,27.37,26.57,27.34,25530
01/17/2006,27.28,27.28,26.63,27.14,18010
01/18/2006,27,27.3,27,27.24,14960
01/19/2006,27.18,27.42,27.13,27.23,17310
01/20/2006,27.42,27.42,26.66,26.69,16960
01/23/2006,26.6,26.63,26.18,26.63,8660
01/24/2006,26.77,27.41,26.52,27.35,5270
01/25/2006,27.52,27.55,27.27,27.37,5040
01/26/2006,27.5,28.45,27.38,28.45,24740
01/27/2006,28.47,28.75,28.43,28.75,9510
01/30/2006,28.52,28.52,26.87,27.04,23890
01/31/2006,26.96,27.14,26.87,27.04,7670
02/01/2006,26.91,27.5,26.91,27.28,7450
02/02/2006,26.72,26.8,26.53,26.58,20550
02/03/2006,26.49,26.66,26.43,26.65,8320
02/06/2006,26.8,27.1,26.77,27.1,5700
02/07/2006,26.96,27.1,26.18,26.41,13900
02/08/2006,26.27,26.65,26.22,26.6,5590
02/09/2006,26.46,26.9,26.37,26.64,5910
02/10/2006,26.46,30.17,26.36,29.8,35900
02/13/2006,29.85,29.85,28.47,28.52,27520
02/14/2006,28.47,31.69,28.43,31.09,39060
02/15/2006,30.93,32.05,30.92,32.02,21720
02/16/2006,31.87,31.87,31.07,31.23,32380
02/17/2006,31.24,31.28,30.95,31.14,16260
02/21/2006,31.09,31.09,30.72,31,16670
02/22/2006,31.09,31.33,30.97,31.32,10590
02/23/2006,31.37,31.56,31.27,31.37,3610
02/24/2006,31.23,31.23,30.72,30.86,10510
02/27/2006,30.63,30.97,30.63,30.97,5030
02/28/2006,31.07,31.07,30.24,30.25,5390
03/01/2006,30.28,30.37,29.64,30.24,17060
03/02/2006,30.22,30.3,29.28,29.9,17610
03/03/2006,29.81,29.96,29.48,29.76,6690
03/06/2006,29.55,29.59,28.91,28.95,10940
03/07/2006,28.92,29,28.75,29,12680
03/08/2006,28.83,28.93,28.6,28.86,22510
03/09/2006,28.94,28.94,28.52,28.66,19740
03/10/2006,28.84,28.88,28.52,28.88,15180
03/13/2006,28.83,29.38,28.83,29.32,11570
03/14/2006,29.21,31.44,29.21,31.2,40570
03/15/2006,30.97,32,30.97,31.84,14100
03/16/2006,31.85,31.86,31.55,31.71,9300
03/17/2006,31.73,31.89,29.51,30.77,70800
03/20/2006,30.96,31.05,30.61,30.81,14960
03/21/2006,29.44,29.63,28.53,29.3,53180
03/22/2006,29.35,30.54,29.29,30.08,18920
03/23/2006,29.94,30.03,29.71,29.72,5270
03/24/2006,29.57,29.84,28.93,29.84,10090
03/27/2006,29.72,30.73,29.49,30.36,21240
03/28/2006,30.27,30.39,29.09,29.09,30790
03/29/2006,29.48,30.2,29.48,30.1,9300
03/30/2006,30.33,30.33,29.43,29.43,4160
03/31/2006,29.76,30.03,28.52,29.53,188700
04/03/2006,29.44,29.45,29.12,29.31,14710
04/04/2006,29.48,30,29.21,29.53,16060
04/05/2006,29.12,29.26,27.7,28.32,15840
04/06/2006,28.15,28.79,28.15,28.73,8340
04/07/2006,28.77,29.02,28.46,28.47,12930
04/10/2006,28.61,28.66,28.43,28.43,12040
04/11/2006,28.59,29.69,28.35,29.69,104770
04/12/2006,29.9,30.5,29.4,30.11,22830
04/13/2006,30.13,30.81,30.13,30.81,13000
04/17/2006,30.59,30.77,28.84,29.23,19040
04/18/2006,29.02,30.49,28.55,30.18,19700
04/19/2006,30.19,30.76,29.64,29.85,10190
04/20/2006,29.76,29.82,29.11,29.39,19790
04/21/2006,29.8,29.8,28.47,28.83,16170
04/24/2006,28.84,29.02,28.01,28.47,37300
04/25/2006,28.25,28.69,27.88,28.67,23830
04/26/2006,28.66,30.31,28.66,29.95,23230
04/27/2006,29.73,30.18,29.58,29.58,14780
04/28/2006,29.39,29.71,29.16,29.49,26330
05/01/2006,29.85,30.17,29.39,29.39,24110
05/02/2006,29.16,29.48,28.97,29.48,14570
05/03/2006,29.33,29.55,28.66,29.42,14760
05/04/2006,29.67,29.83,29.53,29.68,25830
05/05/2006,29.49,29.49,28.75,28.9,23280
05/08/2006,28.84,29.3,28.79,28.81,13790
05/09/2006,28.84,28.95,28.69,28.69,21600
05/10/2006,28.61,28.61,27.92,27.92,18680
05/11/2006,28.04,28.04,26.46,26.46,30790
05/12/2006,26.54,26.54,26.04,26.22,32650
05/15/2006,25.98,26.58,25.81,26.58,15300
05/16/2006,26.38,27.09,26.38,26.89,5030
05/17/2006,26.66,26.67,25.95,26.38,14750
05/18/2006,26.6,26.63,26.14,26.31,5260
05/19/2006,26.32,26.49,25.79,25.79,29120
05/22/2006,25.8,25.85,24.95,25.68,28000
05/23/2006,25.85,26.31,24.81,24.96,15200
05/24/2006,24.94,25.34,24.84,24.89,42530
05/25/2006,25.12,25.22,24.71,24.95,36740
05/26/2006,25.12,25.48,24.85,25.48,19760
05/30/2006,25.3,25.3,24.84,24.84,16320
05/31/2006,24.33,24.98,24.22,24.84,24490
06/01/2006,24.84,24.84,24.35,24.77,28540
06/02/2006,24.83,24.83,24.01,24.73,35350
06/05/2006,24.44,24.48,23.44,23.64,58290
06/06/2006,23.42,23.7,23.39,23.55,21940
06/07/2006,23.38,23.66,23.19,23.21,23290
06/08/2006,23.15,23.93,22.98,23.93,27080
06/09/2006,23.74,23.92,23.05,23.22,31910
06/12/2006,23.42,23.6,22.96,22.97,53250
06/13/2006,22.74,23.33,22.74,22.96,41550
06/14/2006,22.96,23.15,22.6,22.68,22100
06/15/2006,22.64,23.34,22.64,23.22,33230
06/16/2006,23.22,23.22,22.5,22.74,77380
06/19/2006,22.83,23.01,22.49,22.63,41370
06/20/2006,22.78,22.96,22.36,22.53,47740
06/21/2006,22.37,22.92,22.18,22.78,33760
06/22/2006,22.84,22.84,22.65,22.76,36510
06/23/2006,22.59,22.82,22.38,22.59,25450
06/26/2006,22.68,22.81,21.77,22.38,34540
06/27/2006,22.41,22.41,22.04,22.06,13920
06/28/2006,22.16,22.2,21.78,22.14,13370
06/29/2006,22.4,23.47,22.4,22.87,35870
06/30/2006,22.6,22.62,22.01,22.52,58070
07/03/2006,21.82,22.32,21.82,22.14,46450
07/05/2006,22.11,22.84,21.99,22.84,11100
07/06/2006,22.78,23.28,22.42,23.11,23550
07/07/2006,22.69,23.2,22.57,23.03,37330
07/10/2006,22.87,23.1,22.87,22.98,21510
07/11/2006,22.95,23.06,22.39,22.67,21100
07/12/2006,22.72,22.77,22.03,22.03,18570
07/13/2006,22,22,21.38,21.38,49980
07/14/2006,21.47,21.58,21.14,21.14,40250
07/17/2006,21.03,21.47,20.9,21.08,52910
07/18/2006,21.1,21.31,21.05,21.22,52410
07/19/2006,21.31,22.75,21.29,22.54,45300
07/20/2006,22.66,22.67,21.51,21.51,26510
07/21/2006,21.53,22.1,21.17,21.9,21570
07/24/2006,22.04,22.35,21.58,21.96,18160
07/25/2006,21.41,21.97,21.41,21.69,39380
07/26/2006,21.46,22.14,21.46,21.54,12610
07/27/2006,21.67,21.88,21.06,21.07,12170
07/28/2006,21.13,22.14,21.13,22.14,14680
07/31/2006,21.88,22.58,21.79,22.39,6370
08/01/2006,22.17,22.95,21.99,22.75,12280
08/02/2006,22.52,22.53,21.65,21.82,11060
08/03/2006,21.66,21.83,21.48,21.63,20040
08/04/2006,21.65,22.02,21.35,21.6,14020
08/07/2006,21.14,21.14,20.67,20.85,18960
08/08/2006,20.77,22.29,20.77,21.83,28330
08/09/2006,22.06,23.43,22.06,22.46,67540
08/10/2006,22.36,22.36,21.66,22.05,24580
08/11/2006,21.94,22.18,21.61,21.89,35860
08/14/2006,22.03,22.26,21.77,22.19,11460
08/15/2006,22.46,23.24,22.41,23.15,24020
08/16/2006,22.97,23.48,22.73,23.35,12040
08/17/2006,23.33,24.72,22.96,24.26,27540
08/18/2006,24.26,24.67,24.26,24.63,17490
08/21/2006,24.59,24.59,23.66,23.66,6570
08/22/2006,23.4,23.9,23.4,23.89,5050
08/23/2006,24,24.05,22.91,23.12,21480
08/24/2006,23.16,23.17,22.94,23.17,11630
08/25/2006,23.12,23.39,23.03,23.19,52670
08/28/2006,22.96,23.09,22.95,23.06,19420
08/29/2006,23.03,23.03,22.67,22.87,31460
08/30/2006,22.64,23.06,22.57,22.57,41380
08/31/2006,22.8,23.83,22.73,23.53,25940
09/01/2006,23.51,23.74,23.43,23.51,23590
09/05/2006,23.33,23.89,23.33,23.86,27140
09/06/2006,24.06,24.06,23.46,23.52,23960
09/07/2006,23.34,23.56,23.24,23.32,22020
09/08/2006,23.29,23.83,23.29,23.71,15330
09/11/2006,23.52,24.82,23.52,24.53,24480
09/12/2006,24.48,25.42,24.14,25.4,32360
09/13/2006,25.31,25.76,25.31,25.65,13910
09/14/2006,25.52,25.66,25.14,25.14,14090
09/15/2006,25.37,26.17,25.29,25.99,46480
09/18/2006,25.9,26.54,25.75,26.48,28630
09/19/2006,26.57,26.6,25.15,25.89,51550
09/20/2006,26.63,26.67,26.27,26.53,19790
09/21/2006,26.59,26.68,25.69,25.87,14010
09/22/2006,25.69,25.69,24.44,24.88,29310
09/25/2006,24.91,26.63,24.82,26.45,16290
09/26/2006,26.36,26.43,26.01,26.4,9330
09/27/2006,26.18,26.59,26.18,26.59,7690
09/28/2006,26.55,26.78,26.06,26.12,9880
09/29/2006,26.09,26.09,25.49,25.72,17910
10/02/2006,25.53,25.55,25,25.1,10850
10/03/2006,24.93,25.98,24.67,25.88,24340
10/04/2006,25.82,27.76,25.82,27.75,11700
10/05/2006,27.66,27.99,27.46,27.83,24020
10/06/2006,27.52,28.3,27.52,28.11,11030
10/09/2006,27.88,28.65,27.85,28.56,3730
10/10/2006,28.56,28.8,28.38,28.64,11700
10/11/2006,28.59,28.81,28.59,28.69,20660
10/12/2006,28.7,29.85,28.7,29.67,26560
10/13/2006,29.51,29.51,29.24,29.34,24770
10/16/2006,29.21,29.62,29.21,29.46,13670
10/17/2006,29.31,29.5,29.18,29.19,14340
10/18/2006,29.11,29.17,27.87,27.91,33550
10/19/2006,27.77,28.44,27.77,28.28,15320
10/20/2006,28.28,28.28,27.38,27.74,14210
10/23/2006,27.57,27.87,27.39,27.76,14670
10/24/2006,27.7,27.8,27.66,27.75,5490
10/25/2006,27.86,28.21,27.86,28.03,2970
10/26/2006,28.3,28.65,28.15,28.51,12910
10/27/2006,28.47,28.7,28.25,28.3,5170
10/30/2006,28.12,28.12,27.61,27.74,19700
10/31/2006,27.69,27.9,27.21,27.22,14990
11/01/2006,27.42,27.42,25.49,25.52,16210
11/02/2006,25.72,26.99,25.48,26.11,28580
11/03/2006,26.42,26.76,26.28,26.58,15030
11/06/2006,26.77,26.82,26.35,26.69,22880
11/07/2006,26.55,27.48,26.55,27.31,36290
11/08/2006,27.26,27.74,27.19,27.66,8770
11/09/2006,27.93,28,27.33,27.64,10630
11/10/2006,27.72,27.83,27.59,27.78,5380
11/13/2006,27.69,28.29,27.69,28.2,9980
11/14/2006,28.39,28.85,27.95,28.85,10990
11/15/2006,28.94,29.67,28.93,29.67,15690
11/16/2006,29.21,29.39,28.75,29.33,10290
11/17/2006,29.33,29.38,29.08,29.29,7570
11/20/2006,29.24,29.28,28.61,28.9,5060
11/21/2006,28.85,28.94,28.64,28.67,7110
11/22/2006,28.79,28.93,27.88,27.97,8090
11/24/2006,27.83,28.03,27.83,28,2200
11/27/2006,27.82,27.82,26.24,26.24,23630
11/28/2006,26.24,27.14,26.24,27.04,7150
11/29/2006,27.2,27.41,27.16,27.38,3730
11/30/2006,27,27,26.67,26.82,12030
12/01/2006,26.74,26.74,26.01,26.23,22530
12/04/2006,26.32,26.64,26.32,26.49,11600
12/05/2006,26.65,26.65,26.42,26.56,16180
12/06/2006,26.53,26.53,26.29,26.49,6770
12/07/2006,26.59,27.59,26.59,27.32,60130
12/08/2006,27.3,27.3,27.04,27.04,10810
12/11/2006,27.07,27.39,27.04,27.3,8880
12/12/2006,27.24,27.35,27.14,27.14,16370
12/13/2006,27.29,27.29,27.18,27.29,9210
12/14/2006,27.41,28.1,27.41,27.79,12270
12/15/2006,27.91,28.33,27.78,27.81,14720
12/18/2006,27.96,28.3,27.93,27.95,11780
12/19/2006,27.93,28.25,27.93,28.11,10150
12/20/2006,28.08,28.18,27.94,27.95,3960
12/21/2006,27.95,28.23,27.58,27.74,13240
12/22/2006,27.74,27.74,27.56,27.64,5040
12/26/2006,27.64,28.28,27.64,28.22,6890
12/27/2006,28.25,28.5,28.25,28.44,11710
12/28/2006,28.41,28.56,28.24,28.55,5920
12/29/2006,28.56,28.61,28.04,28.49,9940
01/03/2007,28.66,28.66,27.88,28.43,18030
01/04/2007,28.18,28.54,28.18,28.54,31700
01/05/2007,27.69,28.46,27.69,27.95,8350
01/08/2007,27.55,27.72,27.55,27.61,5490
01/09/2007,27.6,27.91,27.51,27.74,20130
01/10/2007,27.73,27.93,27.7,27.91,12120
01/11/2007,27.83,30.09,27.83,29.87,50880
01/12/2007,30.08,30.82,30.08,30.76,31160
01/16/2007,31.58,31.65,31.1,31.61,41960
01/17/2007,31.55,32.38,31.51,32.15,62970
01/18/2007,31.79,31.98,31.76,31.91,21680
01/19/2007,31.84,32.15,31.62,32.14,5150
01/22/2007,31.95,32.16,31.78,31.98,14230
01/23/2007,32.02,32.07,31.92,32,27490
01/24/2007,32.1,32.1,31.61,32.09,17500
01/25/2007,32.06,32.06,31.58,31.62,10620
01/26/2007,31.64,31.95,31.37,31.92,11680
01/29/2007,31.83,31.91,31.47,31.69,28620
01/30/2007,31.64,31.97,31.52,31.68,9320
01/31/2007,31.84,32.07,31.61,32.07,15160
02/01/2007,32.14,32.14,31.65,32.07,15300
02/02/2007,32.14,32.14,31.7,31.79,5370
02/05/2007,31.69,31.77,30.56,31.18,37060
02/06/2007,31.23,31.53,30.9,31.01,15440
02/07/2007,31.19,31.34,31.03,31.33,18440
02/08/2007,31.32,31.52,31.19,31.42,11810
02/09/2007,31.65,31.65,30.49,30.62,14640
02/12/2007,30.73,30.73,29.59,30.31,18380
02/13/2007,30.78,31.24,30.78,31.19,10700
02/14/2007,32.05,32.09,31.32,31.87,62910
02/15/2007,32.1,32.19,31.73,31.74,25750
02/16/2007,31.75,32.14,31.38,31.92,31100
02/20/2007,33.2,33.85,33.07,33.8,214050
02/21/2007,34.8,35,34.05,34.7,119800
02/22/2007,35,35,34.71,34.9,36800
02/23/2007,34.91,34.954,33.77,34.95,46900
02/26/2007,33.81,33.92,33.44,33.77,36400
02/27/2007,33.4,33.43,32.52,32.62,24600
02/28/2007,32.17,32.6,31.81,32.05,18900
03/01/2007,31.85,32.08,31.02,31.11,18700
03/02/2007,31.11,32,31.11,31.66,28500
03/05/2007,31.66,33.69,31.66,33.5,77000
03/06/2007,33.65,35.71,33.65,35.6,82200
03/07/2007,35.5,35.5,33.28,33.39,82200
03/08/2007,33.2,33.63,33,33.52,112400
03/09/2007,33.7,33.85,33.46,33.62,49700
03/12/2007,33.5,33.92,33.38,33.79,26800
03/13/2007,33.68,34.69,32.97,32.97,125710
03/14/2007,32.85,32.89,32.28,32.53,42200
03/15/2007,32.62,33.36,32.38,32.49,36100
03/16/2007,32.48,32.48,31.41,31.8,63400
03/19/2007,31.9,31.94,31.48,31.6,24400
03/20/2007,31.65,31.85,31.1,31.6,41600
03/21/2007,31.6,32.66,31.45,32.25,34200
03/22/2007,32.4,32.66,32.29,32.4,18300
03/23/2007,32.16,32.39,31.68,32.12,42900
03/26/2007,32.08,32.57,31.9,32.5,39600
03/27/2007,32.43,32.43,32.14,32.29,14900
03/28/2007,32.2,32.2,31.13,31.5,74050
03/29/2007,31.6,32.21,31.6,31.75,39500
03/30/2007,31.75,32.39,31.66,32.27,40700
04/02/2007,32.35,32.98,32.33,32.61,22300
04/03/2007,32.82,34.33,32.79,34.01,55070
04/04/2007,34.09,34.45,33.5,34.35,34200
04/05/2007,34.4,34.46,34,34.19,24400
04/09/2007,34.14,34.38,32.92,33.01,29000
04/10/2007,32.82,33.58,32.82,33.13,16000
04/11/2007,33.2,33.48,32.64,33.27,21000
04/12/2007,33.2,33.9,33.11,33.88,11200
04/13/2007,33.25,33.25,32.75,32.96,23300
04/16/2007,33.08,33.84,32.76,33.81,22800
04/17/2007,33.8,33.8,32.71,32.81,23500
04/18/2007,32.7,32.7,32.02,32.22,38400
04/19/2007,32.1,33.9,32.04,33.48,59100
04/20/2007,34.4,34.4,33.44,34.03,22000
04/23/2007,33.93,33.93,32.85,33,14900
04/24/2007,32.9,33.1,32.26,32.4,31020
04/25/2007,32.2,34.25,32.2,33.73,62530
04/26/2007,33.7,33.7,32.25,33.62,27300
04/27/2007,33.5,33.5,32.03,32.65,39860
04/30/2007,32.63,34.21,31.33,31.6,65000
05/01/2007,31.65,33.02,31.15,31.8,53700
05/02/2007,31.72,33.23,31.72,32.76,58300
05/03/2007,32.7,33.64,31.93,32.4,21800
05/04/2007,32.2,33.9,32.2,33.08,67600
05/07/2007,33.08,33.74,32.56,33.32,96400
05/08/2007,33.25,34.47,32.76,34.29,69600
05/09/2007,34.2,34.5,33.32,34.43,61600
05/10/2007,34.23,34.3598,33.94,34.35,70520
05/11/2007,34.4,34.94,34.1195,34.85,46490
05/14/2007,34.8,34.89,34.05,34.6,47600
05/15/2007,34.5,34.9,34.18,34.45,83700
05/16/2007,34.42,35.08,34.37,34.91,52600
05/17/2007,34.86,36.31,34.75,36.23,132570
05/18/2007,36.25,36.5,35.61,36.2,82300
05/21/2007,36.1,36.5,35.85,36.5,94900
05/22/2007,36.49,37.34,36.22,37.21,137490
05/23/2007,37.45,37.95,36.94,37.79,126180
05/24/2007,37.6,38,37.21,37.82,124300
05/25/2007,37.75,37.9,37.69,37.74,58110
05/29/2007,37.9,38.74,37.22,38.53,87400
05/30/2007,38.4,39.23,38.3,38.8,77900
05/31/2007,38.9,39.05,38.16,38.43,48280
06/01/2007,38.47,38.72,37.72,37.88,67100
06/04/2007,36.5,37.73,36,37.06,61480
06/05/2007,37.06,37.93,36.33,37.37,34600
06/06/2007,37.12,37.86,36.98,37.49,47000
06/07/2007,37.3,37.46,35.99,36.1,35900
06/08/2007,36.12,37,36.12,36.9,26200
06/11/2007,36.8,38.43,36.63,36.63,36900
06/12/2007,36.45,37.25,34.57,35.06,53980
06/13/2007,35.06,37.37,35.06,35.77,29500
06/14/2007,35.86,36.73,35.86,36.16,31700
06/15/2007,37,38,35.16,36.8,64700
06/18/2007,36.65,37.34,36.44,36.8,45600
06/19/2007,36.66,36.66,35.01,35.41,129900
06/20/2007,35.43,36.09,35.24,35.31,69700
06/21/2007,35.3,36.48,35.21,35.7,49200
06/22/2007,35.8,36.88,35.15,36.19,141190
06/25/2007,36.3,36.65,35,35.01,60500
06/26/2007,35.1,35.43,33.9,34.49,45300
06/27/2007,34.35,35.32,34.25,34.76,62100
06/28/2007,34.83,35.27,34.3,34.58,41800
06/29/2007,34.68,35.75,34.09,34.54,54300
07/02/2007,34.75,34.75,33.95,34.27,42200
07/03/2007,34.27,35.63,34.27,35.4,36400
07/05/2007,35.32,35.5,34.8,35.1,31100
07/06/2007,35,36.5,34.75,35.7,63000
07/09/2007,35.65,36.2,34.71,35.25,61700
07/10/2007,34.87,35.44,34.44,34.65,61500
07/11/2007,34.63,35.23,34.47,35.22,42600
07/12/2007,35.52,36.2,35.22,36.01,62200
07/13/2007,35.85,36.16,35.38,36.09,25100
07/16/2007,35.86,36.53,35.06,35.08,55000
07/17/2007,35.33,36.52,35.25,36.18,66500
07/18/2007,35.8,36.09,35.15,35.98,63100
07/19/2007,36.11,36.11,35.35,35.91,76900
07/20/2007,35.83,35.89,34.28,35.25,105200
07/23/2007,35.6,36.15,35.03,35.34,81400
07/24/2007,34.8,35.45,33.61,33.68,67000
07/25/2007,33.91,35.07,33.3,34.34,87300
07/26/2007,33.6,33.85,33.25,33.43,58900
07/27/2007,33,33.74,32.8,33.28,65800
07/30/2007,33.33,33.82,32.92,33.4,63790
07/31/2007,33.75,33.91,33.33,33.47,49100
08/01/2007,33.55,34.25,33.2,34.22,43900
08/02/2007,34.07,34.66,33.55,34.58,66110
08/03/2007,34.3,34.38,32.15,32.25,147240
08/06/2007,32.34,32.54,30.12,31.3,115200
08/07/2007,31.05,31.75,30.25,31.46,44100
08/08/2007,31.2,33,30.63,32.22,106600
08/09/2007,31.34,32.67,30.79,30.92,112890
08/10/2007,30,32.91,30,30.87,123900
08/13/2007,31,31.59,30.99,31.44,103800
08/14/2007,31.41,31.43,30.14,30.24,93900
08/15/2007,30.18,31.01,30.04,30.6,77350
08/16/2007,30.52,32.4,30.35,31.87,93400
08/17/2007,33.27,33.27,31.44,31.46,96790
08/20/2007,31.56,31.56,31,31.29,67600
08/21/2007,31.15,31.4,30.12,30.42,174900
08/22/2007,31.2,31.54,31.06,31.29,68090
08/23/2007,31.5,31.9,30.86,31.51,63000
08/24/2007,31.48,31.64,30.86,31.32,33400
08/27/2007,31.25,31.79,30.81,31.01,48400
08/28/2007,30.95,31.44,29.79,31.44,124700
08/29/2007,31.53,32.06,30.31,31.66,63910
08/30/2007,31.35,32.28,31.11,31.87,72880
08/31/2007,32.17,32.19,31.59,31.97,91500
09/04/2007,31.65,32.05,31.03,31.82,96130
09/05/2007,31.53,31.72,30.62,31,102500
09/06/2007,30.97,31.13,30.52,30.67,115380
09/07/2007,30.1,30.65,29.95,30.17,67450
09/10/2007,30.5,30.54,29.79,30,138270
09/11/2007,30.1,30.1,29.24,29.45,136980
09/12/2007,29.37,29.76,28.99,29.13,120100
09/13/2007,29.2,29.9,28.95,29.2,49200
09/14/2007,28.93,29.88,28.7,29.45,33580
09/17/2007,29.51,29.61,28.86,28.89,63600
09/18/2007,28.96,30.38,28.78,30.33,81510
09/19/2007,30.52,30.86,30.05,30.67,44500
09/20/2007,30.55,30.62,29.42,29.51,44500
09/21/2007,29.88,30.5,29.2,30.38,74520
09/24/2007,30.57,30.91,29.74,30.08,57580
09/25/2007,29.85,30.68,29,30.1,127200
09/26/2007,30.24,30.95,29.89,30.32,95500
09/27/2007,30.4,30.75,30.24,30.58,61490
09/28/2007,30.47,30.93,29.61,29.62,69600
10/01/2007,29.7,30.3,29.55,30.13,42600
10/02/2007,30.26,30.85,30.06,30.85,42700
10/03/2007,30.63,30.63,29.94,30,49980
10/04/2007,30.3,31.06,29.9,30.73,56370
10/05/2007,31,31.66,30.16,31.57,74100
10/08/2007,31.62,32.12,31.3,31.43,63100
10/09/2007,31.59,31.76,31.03,31.67,25790
10/10/2007,31.7,31.7,30.81,31.28,45600
10/11/2007,31.49,31.49,29.61,30.44,63100
10/12/2007,30.35,30.83,29.58,30.06,83820
10/15/2007,30.13,30.19,29.13,29.15,63670
10/16/2007,29.19,29.72,29.1,29.23,75700
10/17/2007,29.61,29.71,28.94,29.25,101790
10/18/2007,29.13,29.36,29,29.36,38780
10/19/2007,29.19,29.44,29.03,29.25,66590
10/22/2007,28.99,29.76,28.95,29.25,46100
10/23/2007,29.39,29.7,28.95,29.52,46500
10/24/2007,29.46,29.91,28.95,29.65,84030
10/25/2007,29.9,29.91,29.03,29.43,40000
10/26/2007,29.77,29.77,28.98,29.74,47820
10/29/2007,29.77,29.77,29.11,29.2,35300
10/30/2007,29.14,29.3,28.99,29.06,56640
10/31/2007,29.36,30,29.05,29.95,73300
11/01/2007,29.5,29.69,28.96,29.12,66700
11/02/2007,29.33,29.33,28.58,29,49000
11/05/2007,28.71,28.92,28.2,28.66,61000
11/06/2007,28.7,28.91,28.5,28.85,68400
11/07/2007,28.75,29.25,27.73,27.86,86810
11/08/2007,28.65,29.91,28.65,29.5,99710
11/09/2007,28.57,32.08,28.05,28.65,81880
11/12/2007,28.73,30.41,28.73,29.76,42800
11/13/2007,30.1,30.3,29.69,29.95,35500
11/14/2007,30.01,30.1,28.41,28.64,70490
11/15/2007,28.54,28.91,28.06,28.32,47300
11/16/2007,28.46,28.79,28.1,28.77,75760
11/19/2007,28.55,28.74,28.07,28.35,30300
11/20/2007,28.54,28.54,27.75,28.16,76610
11/21/2007,28.18,28.6,27.87,28.03,32290
11/23/2007,28.25,28.35,27.92,28.25,12100
11/26/2007,28.35,28.6,27.19,27.34,45980
11/27/2007,27.39,28.61,27.2,28.37,35700
11/28/2007,28.57,30.28,28.38,29.85,61600
11/29/2007,29.84,29.86,28.95,29.18,40100
11/30/2007,29.73,29.79,28.07,28.18,57050
12/03/2007,28.17,28.61,27.86,27.9,37900
12/04/2007,27.77,27.95,27.17,27.64,59330
12/05/2007,28.2,28.3,27.75,27.98,35500
12/06/2007,27.9,28.37,27.9,28.27,48900
12/07/2007,28.62,29.13,28.48,28.55,48600
12/10/2007,28.51,29,28.51,28.75,35200
12/11/2007,28.92,29.22,27.76,27.9,46200
12/12/2007,28.58,28.93,28,28.6,79500
12/13/2007,28.48,29,28.48,28.96,43470
12/14/2007,28.75,29.19,27.94,28.28,28300
12/17/2007,28.01,28.01,27.64,27.64,22100
12/18/2007,27.75,28.87,27.22,28.84,81100
12/19/2007,28.85,28.85,28.05,28.1,43600
12/20/2007,28.46,28.51,27.36,28.17,61870
12/21/2007,28.72,28.9,28.19,28.2,92520
12/24/2007,28.3,28.79,28.27,28.68,15000
12/26/2007,28.48,29.12,28.13,29.06,24700
12/27/2007,29.03,29.22,28.15,28.16,17500
12/28/2007,28.36,28.61,27.2,27.2,40500
12/31/2007,27.14,27.57,26.99,27.53,35690
01/02/2008,27.5,27.52,26.3,26.36,43000
01/03/2008,26.36,26.71,25.79,26,45200
01/04/2008,25.6,25.81,24.77,25.09,49600
01/07/2008,25.26,26.45,24.94,26,48420
01/08/2008,26.09,27,25.79,25.81,77490
01/09/2008,25.44,26.02,23.5,25.99,105320
01/10/2008,25.81,27,25.81,26.45,121190
01/11/2008,26.3,26.44,25.57,25.61,72430
01/14/2008,25.97,26,25.59,25.89,53000
01/15/2008,25.69,25.69,24.58,24.92,79500
01/16/2008,24.92,26.3,24.87,25.8,71400
01/17/2008,25.97,26.37,25.01,25.5,53700
01/18/2008,25.39,25.39,24.26,25.11,103410
01/22/2008,24.13,25.14,22.41,24.65,51700
01/23/2008,24.07,25.36,23.58,25.33,98510
01/24/2008,25.39,25.4,24.8,25.21,38300
01/25/2008,25.19,25.56,24.55,24.89,57800
01/28/2008,24.89,25.3,24.58,24.97,84100
01/29/2008,25.22,25.22,24,24.78,83300
01/30/2008,24.63,25.12,24.44,24.48,73300
01/31/2008,24.14,25.26,24.08,25.19,108070
02/01/2008,25.5,26.48,25.01,26.18,77020
02/04/2008,26.21,26.21,25.31,25.32,86300
02/05/2008,25.61,25.96,24.98,25.03,70410
02/06/2008,25.2,25.42,24.07,24.23,86200
02/07/2008,24.14,25.02,23.82,24.69,52900
02/08/2008,24.64,24.83,24,24.44,34800
02/11/2008,24.46,24.46,23.83,24.15,31120
02/12/2008,24.3,24.85,24,24.61,45000
02/13/2008,25,25.93,24.76,25.69,92520
02/14/2008,25.59,25.59,24.19,24.28,92600
02/15/2008,24.17,24.49,23.78,24.37,77480
02/19/2008,24.9,25.5,24.86,25.41,295200
02/20/2008,25.28,25.56,24.77,25.39,129300
02/21/2008,25.58,25.86,24.36,24.5,224700
02/22/2008,24.47,25.95,24.47,25.76,113900
02/25/2008,25.69,25.85,25,25.85,212080
02/26/2008,25.61,26.17,25.55,25.76,65520
02/27/2008,25.5,26,25.05,25.27,95220
02/28/2008,25.12,25.3,24.58,24.63,91800
02/29/2008,24.67,25.3,24.5,24.67,109390
03/03/2008,24.7,24.82,24.34,24.75,365400
03/04/2008,24.5,24.66,24.03,24.21,232510
03/05/2008,24.33,25.06,24.12,25.06,131700
03/06/2008,26.25,28.48,26.01,27.53,332210
03/07/2008,28.63,28.77,27.71,28.09,201850
03/10/2008,28.3,28.74,27.96,27.96,150480
03/11/2008,28.58,29.01,28.35,29,126100
03/12/2008,28.62,29.73,28.62,28.84,79600
03/13/2008,28.56,29.62,28.53,29.4,78610
03/14/2008,29.68,29.68,28.4,29.09,85440
03/17/2008,28.25,29.35,28.14,28.46,55400
03/18/2008,28.74,29.48,28.52,29.44,92300
03/19/2008,29.78,30.08,29.03,29.09,115670
03/20/2008,29.29,29.87,28.92,28.94,194780
03/24/2008,29,29.67,28.88,29.43,84700
03/25/2008,29.6,29.6,29.19,29.48,53600
03/26/2008,29.39,29.65,29.26,29.6,38700
03/27/2008,29.65,29.65,29.04,29.12,40800
03/28/2008,29.24,29.39,28.36,28.38,34500
03/31/2008,28.52,29.21,28.47,28.57,58820
04/01/2008,29.03,30.1,29.02,30.09,76100
04/02/2008,30.19,30.58,29.25,29.83,48200
04/03/2008,29.83,29.99,29,29.42,49070
04/04/2008,29.33,29.5,29,29.12,31700
04/07/2008,29.12,29.49,28.86,29,35400
04/08/2008,29,29.49,29,29.43,36200
04/09/2008,29.48,29.49,28.47,28.96,47900
04/10/2008,28.91,29.24,28.76,29,26600
04/11/2008,28.85,28.99,28.21,28.27,38500
04/14/2008,28.37,28.77,28.17,28.3,35500
04/15/2008,28.46,28.74,28.13,28.48,34500
04/16/2008,28.91,29.05,28.3,28.7,38700
04/17/2008,28.63,28.64,28,28.22,35430
04/18/2008,28.71,28.91,28.28,28.55,33790
04/21/2008,28.42,28.51,27.86,28.13,27600
04/22/2008,28.1,28.2,27,27.27,57420
04/23/2008,27.21,27.55,27,27.19,36000
04/24/2008,27.18,28.03,27.06,27.97,51950
04/25/2008,28,28,27.13,27.95,27100
04/28/2008,27.89,28.13,27.7,27.91,31790
04/29/2008,27.96,28.48,27.95,28.39,34970
04/30/2008,28.44,29.25,28.26,29,45520
05/01/2008,28.85,29.5,28.6,28.99,42250
05/02/2008,29.25,29.41,28.5,28.53,32260
05/05/2008,28.85,29.06,28.71,28.95,38060
05/06/2008,29.02,29.41,28.77,28.79,38050
05/07/2008,28.96,29.41,28.33,28.6,35300
05/08/2008,28.71,29.16,27.8,28.62,41700
05/09/2008,27.67,27.75,26.14,26.86,120200
05/12/2008,26.76,26.8,25.51,25.74,88980
05/13/2008,25.72,25.88,25.21,25.44,63610
05/14/2008,25.59,25.89,24.78,24.88,50810
05/15/2008,25.01,25.3,24.5,25.1,69760
05/16/2008,24.92,25.48,24.34,25.09,52580
05/19/2008,24.97,25.56,24.97,25.18,42290
05/20/2008,25.04,26.88,25.04,26.83,94870
05/21/2008,26.94,26.94,26.14,26.42,47740
05/22/2008,26.23,27.2,26.01,26.56,87610
05/23/2008,26.62,26.77,26.36,26.46,28980
05/27/2008,26.44,27.14,26.43,26.75,55480
05/28/2008,26.73,27.14,26.72,27.05,24710
05/29/2008,27.05,27.81,26.99,27.34,33100
05/30/2008,27.31,27.8,26.96,27.45,52510
06/02/2008,27.43,27.43,26.41,26.82,47510
06/03/2008,26.82,27.81,26.82,27.57,42770
06/04/2008,27.37,27.65,26.84,26.87,34550
06/05/2008,26.8,27.51,26.5,27.31,55290
06/06/2008,27.22,27.57,26.4,26.41,68320
06/09/2008,26.5,26.95,26.43,26.56,34500
06/10/2008,26.4,26.75,26.4,26.61,46100
06/11/2008,26.55,26.95,26.18,26.18,27260
06/12/2008,26.36,26.94,26.11,26.62,63320
06/13/2008,26.87,27.27,26.5,27.27,80550
06/16/2008,27.21,27.21,26.67,26.73,44700
06/17/2008,26.71,26.84,26.28,26.5,43960
06/18/2008,26.46,26.72,26,26.38,69520
06/19/2008,26.36,26.99,26.04,26.98,29700
06/20/2008,26.83,26.96,26.25,26.82,74150
06/23/2008,27,27,26.37,26.58,38270
06/24/2008,26.49,26.85,26.34,26.51,75600
06/25/2008,26.5,27.26,26.38,27.19,97800
06/26/2008,26.89,27.2,26.87,27.07,74410
06/27/2008,27.17,27.56,26.68,27.32,92620
06/30/2008,27.37,27.88,26.39,26.42,66820
07/01/2008,26.55,26.65,25.76,26.35,73260
07/02/2008,26.17,26.43,24.93,25.03,94330
07/03/2008,25.03,25.57,24.98,25.52,79590
07/07/2008,25.52,26.01,25.08,25.51,74480
07/08/2008,25.66,26.66,25.62,26.64,95740
07/09/2008,26.61,26.61,25.83,26.05,49100
07/10/2008,26.03,26.47,25.82,26.08,52610
07/11/2008,26.01,26.27,25.6,26.21,66300
07/14/2008,26.6,26.86,25.97,26,47680
07/15/2008,25.75,26.76,25.62,26.38,72410
07/16/2008,26.31,27.01,26,27,52010
07/17/2008,27.36,27.42,26.67,27.39,42160
07/18/2008,27.38,27.6,26.71,27.2,30860
07/21/2008,27.14,27.29,26.9,27.09,73580
07/22/2008,26.87,27.73,26.71,27.71,129810
07/23/2008,27.81,27.88,27.21,27.51,85870
07/24/2008,27.7,27.78,27.13,27.41,73360
07/25/2008,27.6,27.75,27.2,27.61,68000
07/28/2008,27.49,27.7,26.81,27.07,52450
07/29/2008,27.31,27.84,27.31,27.7,35950
07/30/2008,27.9,27.9,27.24,27.72,45540
07/31/2008,27.46,27.9,27.46,27.67,28970
08/01/2008,27.64,27.7,27.26,27.46,19100
08/04/2008,27.33,27.33,26.6,26.98,45090
08/05/2008,26.98,27.02,26.03,26.66,50620
08/06/2008,26.75,28.08,26.75,27.49,120640
08/07/2008,27.4,27.65,26.99,27.3,63790
08/08/2008,27.35,28.2,27.27,27.9,123850
08/11/2008,28.02,28.54,27.78,28.45,75540
08/12/2008,28.27,28.86,28.22,28.25,64450
08/13/2008,28.17,29.06,28.14,28.21,45620
08/14/2008,28.23,28.88,28.05,28.67,41550
08/15/2008,28.9,29.33,28.54,29.09,43550
08/18/2008,29.38,29.39,28.6,28.92,34440
08/19/2008,28.78,29.48,28.65,28.94,43450
08/20/2008,28.97,29.3,28.48,28.86,37460
08/21/2008,28.72,28.76,28.16,28.43,23490
08/22/2008,28.6,29.51,28.48,29.03,25910
08/25/2008,28.81,28.81,27.79,28.23,30400
08/26/2008,28.22,29.11,28.22,28.85,27800
08/27/2008,28.86,29.04,28.63,28.9,35990
08/28/2008,28.94,29.4,28.6,29.26,35030
08/29/2008,29.23,29.3,28.82,28.91,61700
09/02/2008,29.6,30,29.18,29.3,68180
09/03/2008,29.3,29.72,28.89,29.03,85010
09/04/2008,28.96,29.1,28.58,28.92,133910
09/05/2008,28.75,28.95,28.24,28.56,48180
09/08/2008,29.29,29.29,28.68,28.77,79170
09/09/2008,28.81,29.24,28.43,28.48,102870
09/10/2008,28.7,29.6,28.35,29.41,52210
09/11/2008,29.31,29.74,29.23,29.63,62310
09/12/2008,29.6,29.74,29.24,29.4,49210
09/15/2008,29.15,29.77,29.02,29.12,55880
09/16/2008,28.39,28.76,27.73,28.28,49570
09/17/2008,27.9,28.1,27.08,27.12,92110
09/18/2008,27.62,29.02,27.07,28.97,151610
09/19/2008,29.5,29.6,28.12,28.12,158140
09/22/2008,28.22,28.95,27.45,28.44,74840
09/23/2008,28.35,28.72,28,28.18,34740
09/24/2008,28.08,28.34,27.75,28.2,45720
09/25/2008,28.06,28.9,28,28.67,46440
09/26/2008,28.31,28.96,28.07,28.49,46120
09/29/2008,28.26,28.99,26.75,27.69,66260
09/30/2008,27.94,28.45,27.17,28.36,53380
10/01/2008,28.32,28.48,26.93,27.03,32460
10/02/2008,26.99,26.99,24.83,25.06,91720
10/03/2008,25.3,26.25,25.01,25.72,55250
10/06/2008,25.29,25.5,23.9,24.91,62500
10/07/2008,25.15,25.3,23.57,23.57,34110
10/08/2008,22.95,24.36,22.62,23.3,51260
10/09/2008,23.08,23.57,21.85,22.1,42390
10/10/2008,21.33,23.56,20.2,23.15,71810
10/13/2008,23.9,25.04,23.45,24.85,60570
10/14/2008,25.26,25.3,24.47,24.85,112870
10/15/2008,24.59,25.13,22.8,22.8,57150
10/16/2008,23.43,23.97,22.31,23.6,69660
10/17/2008,23,23.02,21.81,22.45,63880
10/20/2008,22.56,22.78,21.87,22.75,28310
10/21/2008,22.51,22.86,21.36,21.86,36030
10/22/2008,21.4,21.45,19.55,19.79,36490
10/23/2008,19.94,20.9,19.13,20.58,43230
10/24/2008,19.4,19.87,18.58,18.72,43360
10/27/2008,18.11,19.67,18.11,18.46,45890
10/28/2008,18.7,19.65,17.86,19.6,45690
10/29/2008,19.81,20.99,19.47,20.24,44350
10/30/2008,20.6,20.72,19.9,20.68,41770
10/31/2008,20.54,22.38,20.18,22.22,44020
11/03/2008,22.23,22.8,21.97,22.02,47510
11/04/2008,22.13,22.85,22.02,22.47,53030
11/05/2008,22.29,22.93,20.78,20.8,48070
11/06/2008,20.33,21.35,19.26,20.38,75210
11/07/2008,20.43,20.81,19.71,20.68,80520
11/10/2008,20.68,20.79,19.14,19.94,54790
11/11/2008,19.85,19.92,18.7,18.7,46900
11/12/2008,18.48,18.77,17.45,17.52,47170
11/13/2008,17.54,19.2,16.6,19,73170
11/14/2008,18.77,19,17.45,17.46,48990
11/17/2008,17.25,17.26,16.42,16.8,72860
11/18/2008,16.91,17.54,15.94,17.52,104790
11/19/2008,17.38,17.68,15.69,15.77,79760
11/20/2008,15.58,16.12,14.79,15.65,55410
11/21/2008,15.85,16.63,14.86,16.46,79170
11/24/2008,16.6,17.82,16.36,16.8,62380
11/25/2008,17.03,17.03,15.73,16.53,44300
11/26/2008,16.28,17.7,15.9,17.64,42760
11/28/2008,17.68,18.23,17.25,17.82,37530
12/01/2008,17.71,17.83,15.73,15.9,71020
12/02/2008,16.01,17.13,15.7,16.99,58560
12/03/2008,16.7,19.2,16.49,17.93,53400
12/04/2008,17.61,18.06,17.07,17.2,50200
12/05/2008,16.86,19.14,16.21,18.67,60910
12/08/2008,19.07,20.67,18.94,19.68,78450
12/09/2008,19.28,20.8,17.69,18.02,59840
12/10/2008,18.02,19.42,17.45,18.99,42970
12/11/2008,18.66,18.77,17.43,17.63,37880
12/12/2008,17.08,17.64,16.76,17.61,42630
12/15/2008,17.55,18.1,16.57,16.84,28240
12/16/2008,17.07,18.12,16.94,18.05,52750
12/17/2008,18,19.26,17.61,18.28,34130
12/18/2008,18.22,18.22,17.1,17.46,25540
12/19/2008,17.46,18.39,17.31,17.61,53940
12/22/2008,17.53,17.53,16.32,16.7,50620
12/23/2008,16.88,17.22,15.89,16.14,31600
12/24/2008,16.24,16.48,15.86,16.36,8070
12/26/2008,16.44,17,16.24,16.95,25540
12/29/2008,17.21,17.21,16.45,16.75,27960
12/30/2008,16.79,17.28,15.95,16.44,40310
12/31/2008,16.49,17.61,16.21,17.46,17930
01/02/2009,17.37,18.65,17.03,17.33,31320
01/05/2009,17.36,17.45,16.39,16.85,32110
01/06/2009,17,18.33,16.86,17.88,61090
01/07/2009,16.9,16.9,15.22,16.14,155390
01/08/2009,16.04,16.26,15.47,15.95,114390
01/09/2009,16.02,16.4,15.55,16.2,73450
01/12/2009,16.08,16.08,14.97,15.04,97170
01/13/2009,15.04,15.37,14.88,15.21,28040
01/14/2009,14.99,14.99,13.97,14.7,86310
01/15/2009,14.63,14.92,13.78,14.88,60830
01/16/2009,15.19,15.19,14.27,14.65,67950
01/20/2009,14.68,14.99,13.38,13.47,45620
01/21/2009,13.62,14.16,13.17,14.06,40300
01/22/2009,13.81,13.81,12.78,13.01,68260
01/23/2009,12.61,13.2,12.48,12.7349,64850
01/26/2009,12.76,13.22,12.49,12.89,28710
01/27/2009,12.9,13.05,12.47,12.6,49370
01/28/2009,12.73,12.75,12.53,12.58,42620
01/29/2009,12.5,12.5,11.76,11.91,36590
01/30/2009,12.05,12.06,11.45,11.56,42490
02/02/2009,11.46,11.66,11.05,11.3,73310
02/03/2009,11.47,11.59,11.14,11.49,43180
02/04/2009,11.47,11.47,10.57,10.62,58590
02/05/2009,10.5,11.12,10.5,10.95,100310
02/06/2009,10.99,11.4,10.99,11.36,99500
02/09/2009,11.42,11.49,11.14,11.25,48890
02/10/2009,11.11,11.45,10.09,10.15,43600
02/11/2009,10.2,10.83,10.2,10.66,37410
02/12/2009,10.45,10.7,10.14,10.6,30890
02/13/2009,10.61,10.98,10.5,10.64,24880
02/17/2009,10.36,10.46,10.15,10.21,15300
02/18/2009,10.21,10.23,9.65,9.75,32020
02/19/2009,9.92,9.92,9.5,9.54,34350
02/20/2009,9.41,9.69,9.25,9.51,84300
02/23/2009,9.52,9.83,9.52,9.72,46660
02/24/2009,9.96,10.1,9.77,9.93,61550
02/25/2009,9.86,10.05,9.42,9.59,43260
02/26/2009,9.65,9.84,9.32,9.32,60100
02/27/2009,9.01,9.52,9.01,9.22,74560
03/02/2009,9.01,9.1,8.14,8.3,62650
03/03/2009,8.38,8.5,7.59,7.62,127730
03/04/2009,7.8,8.1,7.61,8.03,61410
03/05/2009,7.84,7.84,6.8264,7.09,76710
03/06/2009,7.17,9.85,6.9,9.44,185410
03/09/2009,9.28,10.35,9.11,9.28,124440
03/10/2009,9.49,10.88,9.49,10.26,54320
03/11/2009,10.3,10.56,9.7,9.94,64230
03/12/2009,9.92,11.07,9.75,10.94,79620
03/13/2009,10.9,10.9,10.34,10.45,54760
03/16/2009,10.62,10.73,10.16,10.28,128520
03/17/2009,10.24,10.73,10.24,10.68,55330
03/18/2009,10.58,11.74,10.55,11.6,63820
03/19/2009,11.71,12.194,11.57,11.7,47720
03/20/2009,11.75,11.95,10.96,10.97,43040
03/23/2009,11.41,12.38,11.3,12.38,54870
03/24/2009,12.15,12.77,11.92,12.09,56840
03/25/2009,12.23,13.08,11.6,12.19,51880
03/26/2009,12.37,13.13,12.37,13.04,99260
03/27/2009,12.84,13.3196,12.63,12.83,67820
03/30/2009,12.5,12.5,11.98,12.23,49950
03/31/2009,12.5,12.5,11.97,11.97,43660
04/01/2009,11.72,12.87,11.25,12.25,56540
04/02/2009,12.6,14.25,12.3,13.97,90240
04/03/2009,13.94,14.41,13.65,14.26,32800
04/06/2009,14.1,14.15,13.54,13.88,33600
04/07/2009,13.7,13.96,13.1,13.13,25800
04/08/2009,13.19,13.52,12.91,13.14,28740
04/09/2009,13.61,14.15,13.53,13.97,39220
04/13/2009,13.64,14.15,13.53,13.87,27070
04/14/2009,13.63,14.01,12.26,12.48,46480
04/15/2009,12.46,14.16,12.31,13.99,38020
04/16/2009,14.08,14.09,13.48,13.53,35380
04/17/2009,13.58,13.6,12.77,13.08,59680
04/20/2009,12.8,12.8,11.83,11.85,36210
04/21/2009,11.8,13.8,11.79,13.66,41320
04/22/2009,13.45,13.8,12.7,12.8,65300
04/23/2009,12.8,12.8,12.01,12.36,87000
04/24/2009,12.46,13.9,12.35,13.16,104670
04/27/2009,12.85,13.1,12,12.72,68530
04/28/2009,12.59,13.91,12.59,13.72,61210
04/29/2009,13.9,14.2,13.62,13.7,34810
04/30/2009,13.86,14.34,13.38,13.43,26630
05/01/2009,13.42,13.42,12.79,13.24,19440
05/04/2009,13.33,13.65,13.06,13.41,34200
05/05/2009,13.3,13.35,12.32,12.87,37040
05/06/2009,13.08,13.6,12.22,12.44,51670
05/07/2009,12.99,13.02,11.4,11.43,109940
05/08/2009,11.57,12.75,11.42,11.6,69490
05/11/2009,11.5,11.95,10.95,11.4,49170
05/12/2009,11.34,11.43,10.88,11.12,61850
05/13/2009,10.95,11.33,10.43,10.61,48630
05/14/2009,10.71,10.96,10.42,10.6,25160
05/15/2009,10.65,10.84,10.39,10.68,27600
05/18/2009,10.78,10.99,10.45,10.81,21660
05/19/2009,10.92,11.25,10.68,10.72,31650
05/20/2009,10.77,11.31,10.5,10.81,40520
05/21/2009,10.7,11.3,10.49,10.95,32590
05/22/2009,11,11.02,10.37,11.01,110120
05/26/2009,11.02,11.89,10.95,11.47,80050
05/27/2009,11.43,11.83,11.27,11.31,37210
05/28/2009,11.42,11.42,10.95,11.01,59860
05/29/2009,11.05,11.28,10.75,10.93,61930
06/01/2009,11.1,12.32,11.1,11.74,42860
06/02/2009,11.64,11.85,10.83,10.83,48270
06/03/2009,10.77,11.12,10.63,10.9,44280
06/04/2009,10.94,10.95,10.62,10.94,55480
06/05/2009,11.02,11.59,10.86,11.22,28960
06/08/2009,11.07,11.77,11.02,11.59,15300
06/09/2009,11.62,11.62,10.93,11.27,41200
06/10/2009,11.34,11.52,10.48,10.93,46820
06/11/2009,10.94,11.28,10.6,10.92,21060
06/12/2009,10.71,11.23,10.71,11.01,16630
06/15/2009,10.88,10.88,10.58,10.84,13680
06/16/2009,10.96,11.16,10.78,10.83,28250
06/17/2009,10.85,11.66,10.78,11.53,16390
06/18/2009,11.48,11.48,10.89,10.94,12500
06/19/2009,11.11,11.16,10.82,10.97,30570
06/22/2009,10.94,11.07,10.23,10.23,51660
06/23/2009,10.28,11.02,10.25,10.62,33320
06/24/2009,10.72,10.96,10.26,10.33,40700
06/25/2009,10.27,10.45,10.12,10.44,58960
06/26/2009,10.01,10.5,9.76,10.35,155500
06/29/2009,10.63,10.86,10.11,10.65,40430
06/30/2009,10.66,11.03,10.64,10.7,17190
07/01/2009,10.81,11.52,10.81,10.97,38550
07/02/2009,10.81,10.81,10.14,10.15,45850
07/06/2009,10.18,10.33,9.9,10,57140
07/07/2009,10.05,10.27,9.93,10.02,25690
07/08/2009,10.05,10.15,9.95,10.11,33130
07/09/2009,10.12,10.12,9.81,9.91,25000
07/10/2009,9.84,10.04,9.82,9.99,11100
07/13/2009,10.02,10.17,9.81,9.87,24310
07/14/2009,9.83,10.31,9.81,10.02,44430
07/15/2009,10.13,10.6,9.97,10.03,44220
07/16/2009,10.03,10.61,9.93,10.54,36720
07/17/2009,10.58,11.23,10.57,11.01,26960
07/20/2009,11.04,11.61,11.03,11.59,27710
07/21/2009,11.68,11.98,11.08,11.15,21200
07/22/2009,11.13,11.49,11.13,11.37,14630
07/23/2009,11.33,12.42,11.14,11.95,34990
07/24/2009,12.3,12.54,11.57,11.99,28550
07/27/2009,11.99,11.99,11.21,11.44,23760
07/28/2009,11.31,11.31,10.79,11.02,20440
07/29/2009,10.9,10.94,10.44,10.52,8550
07/30/2009,10.75,11.5,10.69,11.23,20490
07/31/2009,11.26,11.6,11.17,11.44,14440
08/03/2009,11.55,11.58,11.1993,11.23,17490
08/04/2009,11.21,11.21,11.02,11.03,21210
08/05/2009,10.869,11.09,10.63,10.75,31270
08/06/2009,10.79,11.42,10.79,10.98,27760
08/07/2009,11.12,12.76,11.12,11.97,63540
08/10/2009,11.86,12.83,11.32,11.4,46420
08/11/2009,11.37,12.11,11.22,11.76,40470
08/12/2009,11.85,12.15,11.85,12.04,20220
08/13/2009,12.08,12.08,11.54,11.8,21130
08/14/2009,11.84,11.84,11.1,11.31,29320
08/17/2009,11.13,11.36,11.0587,11.33,12890
08/18/2009,11.34,11.8,11.29,11.57,24830
08/19/2009,11.48,11.88,11.45,11.84,16450
08/20/2009,11.85,12.28,11.5,11.86,42090
08/21/2009,12.02,12.26,11.75,12.14,29440
08/24/2009,12.18,12.35,11.55,12,30600
08/25/2009,12.03,12.19,11.91,11.92,12380
08/26/2009,11.99,12.1,11.8,11.97,11090
08/27/2009,12.02,12.35,11.68,12.33,21990
08/28/2009,12.28,12.6,11.8,12,31910
08/31/2009,11.88,11.88,11.4,11.48,20210
09/01/2009,11.47,11.67,11,11.15,25410
09/02/2009,11.11,11.49,10.95,10.97,43600
09/03/2009,11.06,11.16,10.905,11.11,8370
09/04/2009,11.09,11.59,10.87,11.436,7860
09/08/2009,11.6,11.76,11.19,11.3,9640
09/09/2009,11.3,11.4,11.05,11.3,13240
09/10/2009,11.28,11.89,11.22,11.81,18560
09/11/2009,11.79,12.09,11.28,11.39,13690
09/14/2009,11.37,11.65,11.2,11.58,9390
09/15/2009,11.65,12,11.65,11.93,15200
09/16/2009,12,12.2,11.94,12.01,45210
09/17/2009,12.03,12.03,11.62,11.92,12900
09/18/2009,11.94,12.02,11.35,11.35,65250
09/21/2009,11.32,11.52,11.12,11.45,13910
09/22/2009,11.56,11.59,11.33,11.41,15150
09/23/2009,11.4,11.86,11.38,11.54,13060
09/24/2009,11.55,11.66,11.39,11.45,13870
09/25/2009,11.56,11.83,11.47,11.75,16660
09/28/2009,11.8,12.12,11.8,11.93,14030
09/29/2009,11.91,12.11,11.79,11.97,31870
09/30/2009,11.9,11.98,11.6,11.87,47210
10/01/2009,11.86,11.86,11.35,11.6,26040
10/02/2009,11.46,12.1,11.45,11.62,17850
10/05/2009,11.65,12.02,11.62,11.89,15940
10/06/2009,12.01,12.26,12,12.12,32280
10/07/2009,12.1,12.29,11.61,11.81,29650
10/08/2009,11.93,12.03,11.71,11.91,12950
10/09/2009,11.9,12.32,11.85,12,20500
10/12/2009,12.09,12.19,11.89,12.14,18100
10/13/2009,12.16,12.66,12.05,12.24,27610
10/14/2009,12.7,12.8,12.4,12.59,44990
10/15/2009,12.51,13.74,12.51,13.1,70700
10/16/2009,12.98,13.17,12.92,12.92,41080
10/19/2009,12.93,13.76,12.93,13.54,18290
10/20/2009,13.62,13.62,13.25,13.48,12580
10/21/2009,13.43,13.97,13.19,13.24,16560
10/22/2009,13.28,13.95,13.25,13.84,12910
10/23/2009,13.96,13.96,13,13,44780
10/26/2009,13,13.11,12.55,12.57,32790
10/27/2009,12.61,12.84,12.39,12.44,13500
10/28/2009,12.43,12.45,11.71,11.71,13050
10/29/2009,11.81,12.45,11.68,12.03,30250
10/30/2009,11.94,12.24,11.5,11.72,21490
11/02/2009,11.77,11.82,11.15,11.3,26690
11/03/2009,11.26,12.43,11.16,12.43,63890
11/04/2009,12.45,13.49,12.32,12.68,30950
11/05/2009,13.61,13.61,13.15,13.45,57860
11/06/2009,14,14.28,13.48,13.89,95580
11/09/2009,14.02,14.47,13.98,14.25,16890
11/10/2009,14.22,14.67,14.22,14.49,34300
11/11/2009,14.6,14.9,14.19,14.71,25420
11/12/2009,14.63,15,13.81,13.85,23050
11/13/2009,13.99,14.99,13.99,14.52,28750
11/16/2009,14.72,15.73,14.72,15.2,32850
11/17/2009,15.16,15.2,14,14.13,33250
11/18/2009,14.12,14.85,13.45,14.78,43800
11/19/2009,15,15,13.85,14.32,29620
11/20/2009,14.17,14.83,13.95,14.83,36170
11/23/2009,14.98,15.08,14.57,14.95,34090
11/24/2009,15,15.24,14.63,15.1,61270
11/25/2009,15.1,15.21,14.4,14.69,30720
11/27/2009,15.13,15.13,14.1,14.15,16880
11/30/2009,14.4,14.8523,13.8,14.3,57090
12/01/2009,14.28,14.63,14,14.28,32960
12/02/2009,14.26,14.8,14.26,14.58,12600
12/03/2009,14.6,14.98,14.41,14.66,39510
12/04/2009,14.99,15.13,14.7,15.1,31570
12/07/2009,15.17,15.3,14.25,15.27,45620
12/08/2009,15.2,15.41,14.98,15.27,13420
12/09/2009,15.24,15.45,15.169,15.3,27270
12/10/2009,15.33,15.33,14.74,15.03,26930
12/11/2009,15.17,15.3,14.597,15.02,71340
12/14/2009,15.17,15.47,15.12,15.39,17940
12/15/2009,15.39,15.49,15.09,15.25,36030
12/16/2009,15.39,15.47,15.04,15.4,15140
12/17/2009,15.33,15.35,15.02,15.17,12860
12/18/2009,15.33,15.33,14.84,15.16,51600
12/21/2009,15.24,15.48,15.23,15.38,12770
12/22/2009,15.39,15.57,15.23,15.5,28220
12/23/2009,15.5,15.69,15.5,15.62,54210
12/24/2009,15.64,15.64,15.51,15.6,9030
12/28/2009,15.64,15.89,15.63,15.81,20700
12/29/2009,15.85,15.89,15.62,15.88,12000
12/30/2009,15.88,15.98,15.66,15.98,15140
12/31/2009,15.9,16.07,15.75,15.93,21680
01/04/2010,16.05,16.23,15.87,16.18,14880
01/05/2010,16.19,16.19,15.8,16.03,15430
01/06/2010,15.98,16.29,15.94,16.17,28190
01/07/2010,16.18,16.24,15.96,16.1,7800
01/08/2010,16.08,16.29,16.01,16.29,11910
01/11/2010,16.3,16.73,16.3,16.5,14500
01/12/2010,16.28,16.85,15.53,15.8,58860
01/13/2010,15.81,15.9,15.32,15.43,18510
01/14/2010,15.38,15.38,14.92,15.26,46760
01/15/2010,15.34,15.61,15.09,15.44,27800
01/19/2010,15.43,16.45,15.43,16.45,23420
01/20/2010,16.26,16.26,15.23,15.4,44420
01/21/2010,15.43,16.04,15.43,15.81,17220
01/22/2010,15.84,16.01,15.31,15.57,26340
01/25/2010,15.68,15.8,15.58,15.72,17740
01/26/2010,15.69,15.79,15.2,15.38,20600
01/27/2010,15.84,16.09,15.47,15.87,14360
01/28/2010,15.96,16.3787,15.43,15.77,35800
01/29/2010,16.15,16.56,16.15,16.3,37390
02/01/2010,16.3,16.95,16.22,16.91,30310
02/02/2010,17,17.49,16.85,16.86,63200
02/03/2010,16.85,17.21,16.66,17.2,32220
02/04/2010,17.01,17.01,16.74,16.86,45520
02/05/2010,16.86,17.09,16.69,16.97,22350
02/08/2010,16.93,17,16.81,16.82,30940
02/09/2010,17.11,17.26,16.86,17.26,19760
02/10/2010,17.26,17.28,17,17.23,8100
02/11/2010,17.17,17.47,16.67,17.47,15380
02/12/2010,17.25,17.51,17.16,17.49,16270
02/16/2010,17.5,17.5,17.04,17.33,19170
02/17/2010,17.36,17.81,17.36,17.72,12940
02/18/2010,17.72,18.13,17.72,18.06,10700
02/19/2010,17.91,18.444,17.91,18.39,34600
02/22/2010,18.42,18.42,18.12,18.2,22600
02/23/2010,18.22,18.22,17.94,18.07,9730
02/24/2010,18.09,18.24,17.98,18.02,10790
02/25/2010,17.67,18.18,17.67,18.01,10110
02/26/2010,18.08,18.3,17.31,17.55,36100
03/01/2010,17.72,17.93,17.02,17.56,44040
03/02/2010,17.54,17.74,17.12,17.71,17590
03/03/2010,17.8,17.84,17.55,17.81,31140
03/04/2010,17.8,17.85,17.38,17.8,18440
03/05/2010,18.09,19.69,18.09,19.31,78670
03/08/2010,19.3,19.3,18.55,19.09,54550
03/09/2010,19.12,19.74,18.96,19.7,33340
03/10/2010,19.7,20.09,19.61,19.96,20460
03/11/2010,20.02,20.48,19.8,19.91,22680
03/12/2010,20.01,20.03,18.89,18.89,47200
03/15/2010,18.89,18.96,18,18.23,27240
03/16/2010,18.24,18.86,18.18,18.75,38220
03/17/2010,18.74,19,18.6,18.88,9930
03/18/2010,18.78,19.26,18.78,19.2,16240
03/19/2010,19.33,19.5,18.5,18.5,59880
03/22/2010,18.43,18.8,18.29,18.72,29380
03/23/2010,18.71,19.5,18.59,19.17,44930
03/24/2010,18.98,19.36,18.98,19.19,28860
03/25/2010,19.25,19.25,18.5,18.59,24490
03/26/2010,18.73,19.01,18.47,18.93,13520
03/29/2010,19.15,19.15,18.74,19.08,11610
03/30/2010,19.1,19.39,18.82,18.88,13280
03/31/2010,18.79,19.28,18.79,18.82,21000
04/01/2010,19.05,19.08,18.79,19.01,12880
04/05/2010,19.14,19.23,18.83,19.01,42850
04/06/2010,18.94,18.98,18.81,18.945,11120
04/07/2010,18.86,19.3,18.83,18.9,26620
04/08/2010,18.88,19.08,18.79,18.9,25110
04/09/2010,18.93,18.99,18.48,18.73,16610
04/12/2010,18.8,18.94,18.78,18.85,5600
04/13/2010,18.79,18.86,18.4209,18.86,27040
04/14/2010,18.91,19.14,18.84,19.09,21850
04/15/2010,19.01,19.09,18.93,19.07,7570
04/16/2010,19.06,19.39,18.93,18.97,10730
04/19/2010,18.82,19.01,18.41,18.9,7000
04/20/2010,19.08,19.2,18.77,19.14,9610
04/21/2010,19.13,19.37,18.9,19.35,7210
04/22/2010,19.19,19.81,19.19,19.8,8480
04/23/2010,19.85,20.33,19.77,20.28,11090
04/26/2010,20.33,20.64,19.87,20.16,22680
04/27/2010,20.14,20.14,19.52,19.62,8810
04/28/2010,19.66,19.66,18.64,19.05,15200
04/29/2010,19.16,19.69,18.85,19.68,14270
04/30/2010,19.62,19.67,19.16,19.16,14870
05/03/2010,19.24,19.68,19.01,19.48,17100
05/04/2010,19.12,19.24,18.32,18.5,39750
05/05/2010,18.49,18.52,17.63,18.09,22510
05/06/2010,18.02,18.75,16.32,17.95,34510
05/07/2010,17.73,18.58,17.57,17.99,57380
05/10/2010,19.1,19.2,18.35,19.16,25750
05/11/2010,19.01,19.44,18.25,19.04,33730
05/12/2010,19.07,20.25,19,20,30920
05/13/2010,20.03,20.4,19.93,20.15,24450
05/14/2010,20.04,20.09,19.56,19.78,12560
05/17/2010,19.975,20.29,19.59,20.03,16810
05/18/2010,20.76,20.76,19.86,19.95,12370
05/19/2010,19.83,20.03,19.52,19.66,13120
05/20/2010,19.5,19.69,18.91,18.93,23080
05/21/2010,18.28,19.93,18,19.23,44310
05/24/2010,19.16,19.29,18.54,18.54,10580
05/25/2010,18.33,18.33,17.74,18.28,20690
05/26/2010,18.41,19.23,18.08,18.2,11480
05/27/2010,18.93,19.25,17.72,19.24,21410
05/28/2010,19.11,19.16,18.65,18.8,10060
06/01/2010,18.2649,18.8,17.8852,17.97,27590
06/02/2010,18,18.79,17.8,18.76,28620
06/03/2010,18.72,18.8,18.3,18.58,17590
06/04/2010,18.03,18.26,17.87,17.96,22400
06/07/2010,17.97,18.04,17.67,18.01,47140
06/08/2010,17.985,18.24,17.8051,17.97,35930
06/09/2010,18.06,18.21,16.95,16.99,24650
06/10/2010,17.41,18.4,17.37,18.23,24520
06/11/2010,18.07,18.61,17.86,18.59,53880
06/14/2010,18.79,18.8,17.81,18.01,16930
06/15/2010,18.26,18.99,18.09,18.87,29320
06/16/2010,18.87,19.23,18.7,18.92,24640
06/17/2010,19.08,19.08,18.61,18.78,8480
06/18/2010,18.93,18.95,18.25,18.3,26270
06/21/2010,18.47,18.57,17.99,18.06,11600
06/22/2010,18.07,18.21,17.99,18.04,15510
06/23/2010,18.04,18.3,17.99,18.12,10860
06/24/2010,18.08,18.32,17.98,18.21,24680
06/25/2010,18.24,18.53,18.05,18.42,98590
06/28/2010,18.45,18.64,18.33,18.54,9600
06/29/2010,18.2,18.2,17.88,18.02,33600
06/30/2010,18.01,18.14,17.74,17.76,70220
07/01/2010,17.81,18.02,17.28,17.85,83840
07/02/2010,17.93,17.94,16.93,17.22,37710
07/06/2010,17.74,17.84,17.35,17.61,41910
07/07/2010,17.73,18.32,17.68,18.11,36410
07/08/2010,18.12,18.23,17.76,18.22,21360
07/09/2010,18.27,18.27,17.8,18.22,13120
07/12/2010,18.21,18.27,17.64,17.94,30650
07/13/2010,18.16,19.03,18.16,18.96,35000
07/14/2010,18.97,19.05,18.78,19,19630
07/15/2010,18.97,19.02,18,18.15,8160
07/16/2010,17.97,18.06,17.38,17.74,39820
07/19/2010,17.8,18.63,17.72,18.59,35870
07/20/2010,18.34,18.76,18.03,18.71,14650
07/21/2010,18.89,18.9,17.99,18.02,11140
07/22/2010,18.37,19.11,18.2,19.03,17190
07/23/2010,18.9,19.52,18.83,19.46,18580
07/26/2010,19.1,19.78,19.1,19.68,35030
07/27/2010,19.79,19.79,19.43,19.64,23620
07/28/2010,19.64,19.65,19.06,19.22,12360
07/29/2010,19.4,19.55,18.99,19.44,10630
07/30/2010,19.21,19.61,19,19.46,27420
08/02/2010,19.71,19.75,19.26,19.66,24760
08/03/2010,19.47,19.88,19.35,19.42,19700
08/04/2010,19.3,19.62,19.3,19.55,25220
08/05/2010,19.64,19.72,19.49,19.54,11700
08/06/2010,19.18,19.31,17.45,18.08,25200
08/09/2010,18.23,18.27,17.885,18.02,18900
08/10/2010,17.8,17.8,16.51,16.52,47420
08/11/2010,16.27,16.31,15.27,15.45,53250
08/12/2010,15.25,16.23,15.25,16.09,36530
08/13/2010,15.99,16,15.52,15.75,20030
08/16/2010,15.62,15.77,15.27,15.34,17190
08/17/2010,15.56,15.81,15.45,15.76,26650
08/18/2010,15.67,15.93,15.41,15.5,29110
08/19/2010,15.39,15.39,14.47,14.97,29770
08/20/2010,14.84,14.96,14.51,14.87,32330
08/23/2010,14.99,15.02,14.47,14.49,45170
08/24/2010,14.31,15.04,14.31,14.62,21850
08/25/2010,14.5,15.51,14.38,15.09,33030
08/26/2010,15.11,15.76,15.11,15.47,27100
08/27/2010,15.63,16.04,15.48,15.99,12490
08/30/2010,15.87,16.09,15.49,15.49,16300
08/31/2010,15.43,15.68,15.36,15.47,46330
09/01/2010,15.67,16.18,15.62,16.15,24560
09/02/2010,16.07,16.95,15.98,16.9,23800
09/03/2010,17.08,17.15,16.4,16.82,25740
09/07/2010,16.7,16.7,15.84,15.93,39120
09/08/2010,15.97,16.1955,15.75,15.82,32820
09/09/2010,16.14,16.14,15.6,15.88,19990
09/10/2010,15.89,15.99,15.74,15.81,20750
09/13/2010,15.94,15.95,15.63,15.84,22360
09/14/2010,15.84,15.84,15.6,15.74,12020
09/15/2010,15.75,16.07,15.65,15.97,18390
09/16/2010,15.87,15.99,15.62,15.99,29520
09/17/2010,16.2,16.81,16.09,16.76,46770
09/20/2010,16.74,17.6,16.69,17.52,28060
09/21/2010,17.55,17.63,17.03,17.43,22160
09/22/2010,17.4,17.41,16.41,16.53,17540
09/23/2010,16.49,17.4,16.49,17.05,47500
09/24/2010,17.26,17.46,17.08,17.23,30010
09/27/2010,17.25,17.32,17.02,17.2,18080
09/28/2010,17.3,17.41,16.96,17.27,16550
09/29/2010,17.16,17.37,17,17.28,12550
09/30/2010,17.47,17.53,17.18,17.22,7970
10/01/2010,17.23,17.59,17.15,17.24,10350
10/04/2010,17.16,17.31,16.82,17.03,23220
10/05/2010,17.2,17.32,17.13,17.25,30440
10/06/2010,17.27,17.44,17.14,17.19,12360
10/07/2010,17.42,17.52,17.17,17.32,18100
10/08/2010,17.38,17.45,17.17,17.25,14300
10/11/2010,17.14,17.14,16.9,16.91,8700
10/12/2010,16.75,17.18,16.71,17.09,8120
10/13/2010,17.19,17.48,17.1,17.21,11220
10/14/2010,17.22,17.5,17.13,17.26,6830
10/15/2010,17.48,17.48,17.19,17.29,13870
10/18/2010,17.29,17.29,17.08,17.2,9500
10/19/2010,16.96,17.25,16.82,16.99,12640
10/20/2010,17.15,17.28,16.87,16.88,17820
10/21/2010,17.05,17.05,16.31,16.37,18460
10/22/2010,16.34,16.57,16.3,16.34,8470
10/25/2010,16.97,16.98,16.64,16.85,10210
10/26/2010,16.8,17.26,16.8,17.15,12600
10/27/2010,17.04,17.27,16.71,17.24,5790
10/28/2010,17.31,17.31,17.09,17.2,7010
10/29/2010,17.05,17.15,16.92,17.01,5180
11/01/2010,17.16,17.21,16.7,16.8,7650
11/02/2010,16.92,17.34,16.92,17.19,9450
11/03/2010,17.25,17.49,17.05,17.49,7940
11/04/2010,17.8,17.87,17.23,17.23,31530
11/05/2010,17,17.69,17,17.59,25550
11/08/2010,17.5,17.6,17.01,17.59,17100
11/09/2010,17.54,17.54,17.11,17.24,14520
11/10/2010,17.3,17.88,17.17,17.77,16350
11/11/2010,17.59,17.63,17.4,17.49,8730
11/12/2010,17.21,17.34,16.99,17.02,18200
11/15/2010,17.05,17.07,16.76,17.05,7120
11/16/2010,16.87,16.9,16.38,16.66,17980
11/17/2010,16.73,16.73,16.5339,16.63,5630
11/18/2010,16.88,17.07,16.54,16.85,23390
11/19/2010,16.89,16.89,16.56,16.76,9360
11/22/2010,16.62,16.75,16.45,16.66,4510
11/23/2010,16.45,16.53,16.25,16.42,12070
11/24/2010,16.69,17.31,16.47,17.09,29360
11/26/2010,16.9,17.15,16.89,17.15,1910
11/29/2010,17.08,17.17,16.45,17.1,13810
11/30/2010,17.01,17.35,16.54,17.25,53330
12/01/2010,17.48,17.48,16.97,17.16,15080
12/02/2010,17.23,17.49,17.05,17.46,5980
12/03/2010,17.47,17.97,17.319,17.95,8790
12/06/2010,17.9,18.98,17.85,18.87,21230
12/07/2010,18.99,19.01,18.42,18.86,11120
12/08/2010,18.85,18.98,18.49,18.52,22280
12/09/2010,18.51,19.33,18.48,19.2,17220
12/10/2010,19.32,19.33,18.86,19.3,7860
12/13/2010,19.31,19.31,18.9,19.05,12660
12/14/2010,19.16,19.16,18.48,18.93,39650
12/15/2010,18.94,18.94,18.32,18.6,7770
12/16/2010,18.6,19.28,18.6,19.14,9820
12/17/2010,19.25,19.44,18.92,19.39,33180
12/20/2010,19.38,19.38,18.89,19.06,23280
12/21/2010,19.08,19.49,19.08,19.46,9790
12/22/2010,19.44,19.5,19.28,19.4,4430
12/23/2010,19.38,19.64,19.38,19.64,11170
12/27/2010,19.49,19.77,19.49,19.7,5160
12/28/2010,19.62,19.7,19.44,19.675,8580
12/29/2010,19.74,19.83,19.34,19.71,8740
12/30/2010,19.74,19.85,19.49,19.51,6130
12/31/2010,19.45,20,19.41,19.87,20930
01/03/2011,19.95,20.35,19.84,20.1,16350
01/04/2011,20.14,20.14,19.5,19.51,5730
01/05/2011,19.42,19.6,19.42,19.5,8960
01/06/2011,19.63,19.63,19.24,19.48,4670
01/07/2011,19.51,19.94,19.3895,19.92,16520
01/10/2011,19.8,19.985,19.77,19.86,4440
01/11/2011,19.93,19.93,19.65,19.71,8260
01/12/2011,19.8,19.84,19.75,19.79,3260
01/13/2011,19.9,19.9,19.64,19.7,3400
01/14/2011,19.65,20.02,19.65,19.963,8110
01/18/2011,19.97,20.32,19.93,20.2,19260
01/19/2011,20.03,20.15,19.3,19.44,22380
01/20/2011,19.22,19.57,19.17,19.3,71530
01/21/2011,19.48,19.52,19.28,19.3,25360
01/24/2011,19.5,19.72,19.224,19.4,16310
01/25/2011,19.24,19.63,19.22,19.63,9600
01/26/2011,19.79,20.04,19.79,19.99,9320
01/27/2011,20.08,20.14,19.91,20.03,4710
01/28/2011,19.95,19.95,18.94,19.04,18840
01/31/2011,19.08,19.15,18.728,19.08,10930
02/01/2011,19.12,19.62,19.08,19.55,5710
02/02/2011,19.42,19.65,19.42,19.65,3200
02/03/2011,19.55,19.7,19.55,19.6,3060
02/04/2011,19.58,19.63,19.5,19.6,6650
02/07/2011,19.75,19.87,19.75,19.8,4460
02/08/2011,19.75,21.67,19.75,21.42,71790
02/09/2011,21.38,21.45,21.19,21.19,3640
02/10/2011,21.19,21.5,21.07,21.4,11820
02/11/2011,21.43,21.53,21.37,21.48,9430
02/14/2011,21.5,22.53,20.8,21.34,51510
02/15/2011,21.09,21.34,20.97,21.16,5800
02/16/2011,21.2,21.3525,21.012,21.15,7930
02/17/2011,21.11,21.49,20.69,21.35,7900
02/18/2011,21.46,21.46,21.1,21.39,10740
02/22/2011,21.23,21.24,20.78,20.87,11700
02/23/2011,20.58,21.34,20.29,21.11,12930
02/24/2011,21.35,21.42,21.03,21.41,18980
02/25/2011,21.49,21.5,21.18,21.5,6660
02/28/2011,21.56,21.56,21.32,21.46,16080
03/01/2011,21.5,21.5,20.67,21.08,13950
03/02/2011,21.03,21.15,20.63,20.98,8030
03/03/2011,21.06,21.49,21.06,21.38,10520
03/04/2011,21.5,21.5,20.81,20.92,10240
03/07/2011,21,21.15,20.52,20.66,16170
03/08/2011,20.56,21.23,20.56,21.21,7080
03/09/2011,21.15,21.5,21.15,21.48,17730
03/10/2011,21.28,21.4,21.28,21.3,24510
03/11/2011,20.62,21.24,20.62,21.08,17970
03/14/2011,20.81,20.93,20.72,20.92,15970
03/15/2011,20.28,20.68,20.02,20.34,21930
03/16/2011,20.2,20.2,19.49,19.5,11940
03/17/2011,19.6,19.6,19.04,19.05,16230
03/18/2011,19.19,19.32,18.84,19,29230
03/21/2011,19.22,20.1,19.1,20,23570
03/22/2011,19.95,20.91,19.3,20.61,218680
03/23/2011,20.49,21.49,20.47,21.47,28410
03/24/2011,21.51,21.51,21.215,21.46,18210
03/25/2011,21.53,22.37,21.49,22.27,50480
03/28/2011,22.34,22.38,21.69,21.73,15850
03/29/2011,21.44,21.8,21.39,21.8,6900
03/30/2011,21.8,21.89,21.71,21.89,3110
03/31/2011,21.94,22.3,21.93,22.2,12090
04/01/2011,22.23,22.38,22.15,22.38,6040
04/04/2011,22.5,22.5,22.27,22.4,8650
04/05/2011,22.28,22.38,21.63,21.77,17720
04/06/2011,21.93,22.39,21.93,22.23,5180
04/07/2011,22.33,22.36,22.23,22.23,2260
04/08/2011,22.42,22.58,22.15,22.17,2950
04/11/2011,22.14,22.24,21.07,21.16,12700
04/12/2011,21.13,21.2395,20.59,20.66,8560
04/13/2011,20.88,20.88,19.95,20.1,16100
04/14/2011,19.86,20.49,19.86,20.49,8510
04/15/2011,20.37,20.49,20.37,20.49,7020
04/18/2011,19.77,20.59,19.77,20.43,8600
04/19/2011,20.47,20.47,20.25,20.31,6090
04/20/2011,20.58,20.78,20.46,20.72,5670
04/21/2011,21,21.15,20.825,21.03,3530
04/25/2011,21.17,21.3,21.1,21.1,2610
04/26/2011,21.31,21.78,21.17,21.17,9800
04/27/2011,21.27,21.27,20.75,20.85,9010
04/28/2011,20.78,20.96,20.59,20.7,3420
04/29/2011,21.99,28.63,21.41,25,185800
05/02/2011,24.9,25.16,24,24.47,35170
05/03/2011,24.5,25.29,23.988,24.26,16020
05/04/2011,24.18,24.25,24,24.02,17290
05/05/2011,24.01,24.79,24,24.2,21590
05/06/2011,25.21,25.36,24.56,24.88,18150
05/09/2011,25.25,25.25,24.74,25,51070
05/10/2011,25.1,25.27,24.965,25.13,41640
05/11/2011,25.01,25.2,24.68,24.87,41970
05/12/2011,24.69,24.77,24.11,24.58,20510
05/13/2011,24.38,25.11,24.36,24.43,51970
05/16/2011,24.28,24.81,24.07,24.2,20030
05/17/2011,24.1,24.21,23.97,24.21,13020
05/18/2011,24.29,24.97,24.267,24.97,11430
05/19/2011,24.95,25.23,24.75,25.23,17010
05/20/2011,25.01,25.254,24.93,25,10280
05/23/2011,24.45,24.62,24.1,24.1,8150
05/24/2011,24.16,24.51,24.07,24.33,10990
05/25/2011,24.18,24.41,24.18,24.34,26470
05/26/2011,24.37,24.43,24.26,24.4,4450
05/27/2011,24.44,24.44,24.26,24.35,4250
05/31/2011,24.46,25,24.36,24.98,13870
06/01/2011,24.94,25.2,23.2,23.44,95510
06/02/2011,23.36,24.02,23.36,24,9590
06/03/2011,23.73,23.99,23.58,23.7,20520
06/06/2011,23.75,24,23.75,23.9,25630
06/07/2011,24.12,24.67,24.03,24.32,6880
06/08/2011,24.1,24.5,23.7,24.1,10830
06/09/2011,24.07,24.28,23.96,24.12,7430
06/10/2011,23.82,24.05,23.7,23.78,91680
06/13/2011,23.91,24.11,23.65,23.81,13340
06/14/2011,24.03,24.21,23.7496,24.16,29470
06/15/2011,23.94,24.24,23.91,24,34060
06/16/2011,24.04,24.3578,23.92,24.15,15960
06/17/2011,24.17,24.33,24.13,24.25,43280
06/20/2011,24.07,24.79,24.07,24.79,10890
06/21/2011,25.01,25.33,24.94,25.25,19360
06/22/2011,25.15,25.47,24.44,24.58,11810
06/23/2011,24.3,25.39,24.3,25.35,15320
06/24/2011,25.48,25.66,24.69,25.36,118390
06/27/2011,25.4,25.62,25.28,25.47,28750
06/28/2011,25.57,25.8,25.57,25.61,18090
06/29/2011,25.71,25.74,25.5,25.65,9380
06/30/2011,25.72,25.74,25.62,25.67,12070
07/01/2011,25.69,25.96,25.47,25.57,20030
07/05/2011,25.71,25.8,25.411,25.5,15970
07/06/2011,25.79,27.85,25.79,27.47,245800
07/07/2011,27.55,28.27,27.55,28.11,114910
07/08/2011,27.7,28.13,27.7,28.09,43960
07/11/2011,27.73,28.18,27.73,28.01,38000
07/12/2011,27.92,28.51,27.92,28.08,64150
07/13/2011,28.28,28.45,28.17,28.41,42930
07/14/2011,28.33,28.35,28.11,28.15,60350
07/15/2011,28.14,28.29,28,28.16,41130
07/18/2011,28,28.21,27.99,28.11,16690
07/19/2011,28.46,28.59,28.08,28.27,23030
07/20/2011,28.34,28.34,27.73,28.14,9510
07/21/2011,28.5,28.82,27.97,28.74,67130
07/22/2011,28.74,29,28.61,28.87,11860
07/25/2011,28.61,29.3,28.61,28.96,59000
07/26/2011,28.82,29.29,28.21,29,53230
07/27/2011,28.94,29.25,28.45,28.83,30830
07/28/2011,28.94,29.31,28.94,29.08,21770
07/29/2011,28.74,29.21,28.5,28.99,28000
08/01/2011,29.25,29.25,28.85,29.03,28400
08/02/2011,28.66,28.82,27.11,27.11,33210
08/03/2011,27.1,27.34,26.42,26.83,32450
08/04/2011,26.3,27,24.6,24.74,74040
08/05/2011,24.5,26.8,24.5,26.64,147250
08/08/2011,24.56,26.56,24.18,24.2,95200
08/09/2011,24.53,26.07,23.85,25.97,55690
08/10/2011,25.05,25.13,23.95,24.09,56980
08/11/2011,24.34,25.43,24.14,25.07,33490
08/12/2011,25.34,25.34,24.5,25,29130
08/15/2011,25.27,25.39,24.7,25.36,18700
08/16/2011,24.88,25.17,24.58,24.8,24530
08/17/2011,24.85,25.89,24.75,25.11,29060
08/18/2011,24.42,24.42,22.69,23,48340
08/19/2011,22.64,23.45,22.15,23.1,50520
08/22/2011,23.66,23.66,22.63,22.65,17290
08/23/2011,22.82,24.31,22.82,24.24,19620
08/24/2011,24.28,24.94,24.01,24.74,29940
08/25/2011,24.94,24.94,23.5,23.64,45280
08/26/2011,23.6,24.76,23.12,24.22,16470
08/29/2011,24.53,25.04,24.14,24.95,13350
08/30/2011,24.81,25.54,24.81,25.31,24140
08/31/2011,25.5,25.5,24.33,24.87,16630
09/01/2011,24.76,24.76,23.62,24.08,31160
09/02/2011,23.51,24.03,22.53,22.77,34380
09/06/2011,21.9,23.2,21.9,23.15,68770
09/07/2011,23.81,24.47,23.62,24.26,18780
09/08/2011,24.24,24.25,22.81,22.98,26700
09/09/2011,22.69,22.75,22.04,22.49,33150
09/12/2011,22.14,22.76,22.14,22.75,29670
09/13/2011,22.82,23.6,22.82,23.5,9120
09/14/2011,23.69,24.23,23.3,24.03,12500
09/15/2011,24.28,24.28,23.99,24.15,7360
09/16/2011,24.33,24.33,22.36,23.18,44140
09/19/2011,22.92,23.3,22.67,23.12,9060
09/20/2011,23.01,23.49,21.557,21.7,34720
09/21/2011,21.7,21.93,20.86,20.95,32880
09/22/2011,20.2,21.07,20.2,20.83,34010
09/23/2011,20.9,21.32,20.77,21.19,13190
09/26/2011,21.33,21.78,21.13,21.78,4870
09/27/2011,22.04,23.82,22.01,22.91,35240
09/28/2011,22.79,23.23,21.48,21.56,18030
09/29/2011,21.95,21.95,21.21,21.48,6710
09/30/2011,21.17,21.84,21.16,21.56,15090
10/03/2011,21.4,21.72,21.12,21.33,69050
10/04/2011,20.75,23.59,20.45,23.56,51470
10/05/2011,23.5,23.99,23.31,23.99,8290
10/06/2011,24.06,24.06,23.4,23.82,48690
10/07/2011,23.94,25.7,23.28,24.96,40060
10/10/2011,25.4,25.82,25.134,25.75,26610
10/11/2011,25.4,26.18,25.09,25.9405,20710
10/12/2011,26.26,26.52,25.74,26.22,22160
10/13/2011,25.97,26.23,25.61,25.91,11620
10/14/2011,26.13,26.25,25.91,26.01,12180
10/17/2011,25.71,25.92,24.77,24.8,35860
10/18/2011,24.92,25.15,23.56,24.85,47290
10/19/2011,24.51,24.75,24.36,24.45,7680
10/20/2011,24.52,24.52,23.83,24.35,3160
10/21/2011,24.94,25.23,24.51,25.19,11560
10/24/2011,25.36,26.35,25.36,26.26,8740
10/25/2011,25.92,26.16,25.17,25.35,12990
10/26/2011,25.7,26.3273,25.26,25.6,15330
10/27/2011,26.3,26.36,25.71,26.08,40630
10/28/2011,26.16,26.42,25.86,25.89,32590
10/31/2011,25.43,25.56,25.18,25.21,10790
11/01/2011,24.11,24.93,24.04,24.24,22350
11/02/2011,24.59,25.05,24.34,24.74,35550
11/03/2011,25.01,25.08,24.35,24.99,23600
11/04/2011,24.89,25.03,23.89,24.47,11000
11/07/2011,24.57,24.57,24.07,24.2,8430
11/08/2011,24.52,25.5,24.45,25.49,19820
11/09/2011,25.1,25.5,24.34,24.58,22630
11/10/2011,24.93,25.04,24.42,24.65,18050
11/11/2011,25.08,25.4,24.9,25.24,16140
11/14/2011,25.11,25.24,24.87,24.97,12810
11/15/2011,24.9,25.12,24.71,24.97,10520
11/16/2011,24.68,26.9,24.68,26.38,68650
11/17/2011,26.41,27.35,26.39,26.89,36320
11/18/2011,26.51,27.46,26.51,27.34,33210
11/21/2011,26.83,27.56,26.59,27.3,26440
11/22/2011,27.398,27.65,26.89,27.22,52910
11/23/2011,26.82,26.97,26.37,26.71,32480
11/25/2011,26.52,26.93,26.02,26.03,10470
11/28/2011,27,27.31,26.63,27.2,23970
11/29/2011,27.11,27.54,26.95,27.11,38870
11/30/2011,27.4,28.66,27,27.2,225650
12/01/2011,27.17,27.17,25.59,25.7,20800
12/02/2011,26.15,26.36,25.29,25.53,19500
12/05/2011,25.9,26.14,25.48,26.04,17640
12/06/2011,25.96,25.96,25,25.35,28120
12/07/2011,25.08,25.84,24.8,25.77,43130
12/08/2011,25.51,25.71,24.5,24.66,28550
12/09/2011,24.87,26.05,24.75,25.77,21910
12/12/2011,25.5,25.51,24.96,25.19,14210
12/13/2011,25.1,25.18,24.42,24.81,16600
12/14/2011,24.59,25.5,24.58,25.17,61150
12/15/2011,25.44,25.44,24.78,25.3,12700
12/16/2011,25.52,25.52,24.62,25.08,22910
12/19/2011,25.4,26.47,25.4,25.75,12860
12/20/2011,26.32,27.05,26.28,26.92,34350
12/21/2011,26.89,27.2,26.65,27.08,17250
12/22/2011,27.25,27.29,26.57,26.8,6360
12/23/2011,27,27,26.44,26.44,7210
12/27/2011,26.44,26.9,26.26,26.76,6550
12/28/2011,26.61,26.61,25.3,25.51,11020
12/29/2011,25.71,26,25.29,25.31,16170
12/30/2011,25.4,25.4,24.96,25.04,14840
01/03/2012,26.87,26.87,25.55,25.78,12010
01/04/2012,25.51,25.63,25.21,25.47,14230
01/05/2012,25.28,25.76,25.06,25.31,4180
01/06/2012,25.49,25.51,25.16,25.33,9160
01/09/2012,25.58,25.58,24.94,25.1,15890
01/10/2012,25.5,25.5,25.3,25.43,17050
01/11/2012,25.23,25.62,25.18,25.4,15030
01/12/2012,25.48,25.48,25.16,25.17,6610
01/13/2012,24.86,24.87,24.63,24.68,11860
01/17/2012,24.87,25.32,24.87,25.11,9880
01/18/2012,25.3767,25.62,25.19,25.34,12110
01/19/2012,25.22,25.22,24.66,25.14,4150
01/20/2012,25.23,25.37,24.99,24.99,64290
01/23/2012,24.97,25.29,24.78,24.93,2890
01/24/2012,24.87,25.27,24.87,24.97,9930
01/25/2012,25.01,25.29,24.8,25.27,68830
01/26/2012,25.28,25.28,24.9,25.1,17200
01/27/2012,24.91,25.22,24.91,25.06,29220
01/30/2012,24.85,25.13,24.85,24.94,18440
01/31/2012,25.1,25.1,24.85,24.98,6760
02/01/2012,25.18,25.24,24.96,24.96,23550
02/02/2012,25.07,25.27,24.85,25.22,16580
02/03/2012,25.3,25.38,25.12,25.38,30220
02/06/2012,25.14,25.26,24.95,25.08,34910
02/07/2012,25.19,25.4,24.85,25.3,8170
02/08/2012,25.33,25.33,25.19,25.24,6230
02/09/2012,25.29,25.29,25.12,25.12,22810
02/10/2012,24.88,25.11,24.85,24.99,21340
02/13/2012,25.24,25.24,24.89,24.97,12120
02/14/2012,24.86,24.86,24.2,24.67,30010
02/15/2012,24.89,25.09,24.76,24.99,26260
02/16/2012,24.96,25.46,24.96,25.4,8160
02/17/2012,25.5,26.3,25.3,25.76,28940
02/21/2012,25.9,25.9,24.81,25.13,23450
02/22/2012,25.1,25.1,24.99,25.02,10480
02/23/2012,25.11,25.66,25.11,25.66,5960
02/24/2012,25.49,25.6,25.42,25.6,12800
02/27/2012,25.47,25.52,24.66,25.32,19800
02/28/2012,25.36,25.59,25.11,25.49,13260
02/29/2012,25.55,25.55,24.96,24.96,18000
03/01/2012,25.06,25.14,24.9,24.9,15760
03/02/2012,24.91,24.98,24.03,24.61,32550
03/05/2012,24.42,24.8,24.41,24.73,5660
03/06/2012,24.08,25,24,24.8,22350
03/07/2012,25.02,25.7,24.84,25.64,34320
03/08/2012,25.87,25.87,25.52,25.6,8100
03/09/2012,25.49,25.91,25.49,25.68,9790
03/12/2012,25.59,25.8,25.49,25.78,13010
03/13/2012,25.9,25.9,25.76,25.87,12000
03/14/2012,25.9,25.9,25.47,25.76,9580
03/15/2012,25.95,26.97,25.77,26.19,45830
03/16/2012,26.25,26.25,25.457,25.59,41010
03/19/2012,25.72,25.9,25.47,25.5,11730
03/20/2012,25.35,25.46,24.8,25.07,13750
03/21/2012,25.23,25.23,25.1,25.1,16980
03/22/2012,24.95,25.05,24.88,25,23000
03/23/2012,25.11,25.49,25.05,25.41,10890
03/26/2012,25.56,26.12,25.48,25.87,22820
03/27/2012,25.82,25.87,25.27,25.45,14370
03/28/2012,25.52,25.52,24.88,25.24,16200
03/29/2012,24.94,25.25,24.89,25.21,16640
03/30/2012,25.36,25.81,25,25.03,19700
04/02/2012,24.87,25.61,24.86,25.51,14400
04/03/2012,25.37,25.59,25.05,25.18,13000
04/04/2012,24.9,25.07,24.74,25.05,19250
04/05/2012,24.96,25.14,24.91,24.96,8580
04/09/2012,24.85,25.12,24.85,25,12320
04/10/2012,25.03,25.42,24.86,25,19080
04/11/2012,25.3,25.3,25.1,25.23,6830
04/12/2012,25.28,25.5312,25.27,25.43,14710
04/13/2012,25.28,25.33,24.75,24.9,9230
04/16/2012,24.9,25.42,24.9,25.25,3410
04/17/2012,25.5,26.19,25.38,25.78,19980
04/18/2012,25.7,25.8002,25.42,25.42,5480
04/19/2012,25.55,25.55,25,25,10160
04/20/2012,25.18,25.93,25.18,25.35,32030
04/23/2012,25.15,25.15,24.46,24.5,28060
04/24/2012,24.42,24.84,24.39,24.81,5650
04/25/2012,24.98,25.32,24.68,25.25,18010
04/26/2012,25.27,25.27,24.92,25.03,6260
04/27/2012,25,25.1832,24.72,25.12,6770
04/30/2012,25.18,25.33,24.73,25.19,11380
05/01/2012,25.12,26,24.46,24.53,31850
05/02/2012,24.6,25.26,24.6,25.12,13670
05/03/2012,25.12,25.98,24.95,25.81,19300
05/04/2012,25.6,25.88,24.96,25,21450
05/07/2012,25,25.65,25,25.34,6480
05/08/2012,25.26,25.54,25.08,25.26,24740
05/09/2012,25.12,25.64,24.956,25.11,37580
05/10/2012,25.22,25.72,25.18,25.65,25370
05/11/2012,25.63,26.05,24.94,25.01,32610
05/14/2012,24.94,25.52,24.77,24.77,60340
05/15/2012,24.9,25.12,24.47,24.6,44300
05/16/2012,24.8,24.93,24.25,24.33,9670
05/17/2012,24.45,24.45,23.3,23.72,17420
05/18/2012,23.59,23.71,23.1,23.26,17580
05/21/2012,23.42,23.99,23.21,23.88,7160
05/22/2012,23.96,23.96,22.86,23.04,12540
05/23/2012,23,23.33,22.53,22.7,10550
05/24/2012,22.82,22.92,22.22,22.59,8890
05/25/2012,22.59,22.73,22.23,22.42,10190
05/29/2012,22.64,22.65,22.22,22.44,6060
05/30/2012,22.31,22.99,22.31,22.75,13970
05/31/2012,22.65,22.83,22.39,22.49,22100
06/01/2012,22.08,22.48,22.08,22.39,15870
06/04/2012,22.53,22.53,21.57,22.18,12340
06/05/2012,22.05,22.53,21.97,22.07,26960
06/06/2012,22.21,22.72,22.12,22.7,6360
06/07/2012,22.92,23.3201,22.69,22.86,10050
06/08/2012,22.8,23.26,22.6,23.15,6990
06/11/2012,23.29,23.49,22.69,22.75,14330
06/12/2012,22.74,23.14,22.74,23.06,8990
06/13/2012,23.1,23.72,23.1,23.33,21740
06/14/2012,23.47,23.69,23.33,23.59,11720
06/15/2012,23.58,23.74,23.28,23.59,29130
06/18/2012,23.55,23.65,23.04,23.35,34700
06/19/2012,23.44,24.33,23.27,23.93,25930
06/20/2012,24.03,24.25,23.67,23.82,29370
06/21/2012,23.76,23.82,22.82,23.15,34950
06/22/2012,23.31,23.83,23.12,23.62,76510
06/25/2012,23.19,23.56,22.995,23.44,15440
06/26/2012,23.7,23.71,23.249,23.254,16990
06/27/2012,23.52,23.85,23.39,23.76,14560
06/28/2012,23.58,23.81,23.27,23.81,14750
06/29/2012,24.32,24.51,23.73,24.5,30220
07/02/2012,24.5,24.89,24.09,24.85,16660
07/03/2012,24.76,25.47,24.71,25.4,23720
07/05/2012,25.44,25.48,25.15,25.44,15740
07/06/2012,25.16,25.31,24.98,25.09,6510
07/09/2012,25.12,25.12,25.03,25.12,1910
07/10/2012,25.17,25.27,24.6,24.81,7700
07/11/2012,24.86,25.13,24.53,25.13,8000
07/12/2012,24.92,25.09,24.28,24.98,39670
07/13/2012,24.94,25.49,24.8,25.49,9450
07/16/2012,25.31,25.31,24.7,24.84,10780
07/17/2012,24.98,25,24.66,24.94,9370
07/18/2012,25.05,25.31,25.04,25.2,8970
07/19/2012,25.4,25.42,25.02,25.02,3930
07/20/2012,24.89,24.99,24.38,24.45,15960
07/23/2012,24.03,24.53,23.83,24.3,13030
07/24/2012,24.47,24.57,23.32,23.33,8420
07/25/2012,23.8,23.8,23.35,23.5,7780
07/26/2012,23.68,23.84,23.13,23.75,25670
07/27/2012,23.95,25.02,23.71,24.99,16670
07/30/2012,25.19,25.42,24.9,24.9,9800
07/31/2012,25.03,25.03,24.58,24.59,8590
08/01/2012,24.67,25.09,23.29,23.37,75720
08/02/2012,23.23,24.13,22.72,22.86,15180
08/03/2012,22.49,23.78,22.49,23.43,36510
08/06/2012,23.62,24.04,23.5,23.95,15990
08/07/2012,24.04,24.27,23.54,24.15,11020
08/08/2012,23.92,24.48,23.89,24.45,16760
08/09/2012,24.28,24.98,24.28,24.66,9230
08/10/2012,24.42,24.42,23.77,23.93,24430
08/13/2012,23.84,24.08,23.81,24.04,6600
08/14/2012,24,24,23.58,23.82,6530
08/15/2012,23.83,24.21,23.826,24.09,9670
08/16/2012,24.22,24.76,23.9,24.57,4340
08/17/2012,24.55,24.99,24.29,24.99,5030
08/20/2012,25.07,25.07,24.29,24.42,8090
08/21/2012,25.1,26.7,25,25.82,61630
08/22/2012,25.75,26.04,25.32,25.55,16570
08/23/2012,25.55,25.574,24.6,24.61,51270
08/24/2012,24.63,25.02,24.63,24.79,10350
08/27/2012,24.78,25,24.64,24.99,30820
08/28/2012,25,25,24.77,25,9050
08/29/2012,25,25,24.88,24.92,46090
08/30/2012,24.9,25,24.9,24.95,40030
08/31/2012,25,25,24.79,24.9,20060
09/04/2012,24.85,25.2,24.85,25,61630
09/05/2012,25,25.41,24.99,25.32,231330
09/06/2012,25.39,26.03,25.39,25.88,22940
09/07/2012,26.03,26.12,25.87,25.97,8670
09/10/2012,26,26.04,25.7,25.85,6180
09/11/2012,25.9,25.91,25.25,25.65,23920
09/12/2012,25.59,25.73,25.13,25.2,15790
09/13/2012,25.17,25.22,24.76,25.04,45650
09/14/2012,25.11,25.4,25.08,25.08,15530
09/17/2012,24.91,25.46,24.8905,25.14,16350
09/18/2012,25,25.3,24.98,25,45130
09/19/2012,25,25.1,24.76,24.98,42930
09/20/2012,24.88,25.01,24.81,24.9,127400
09/21/2012,24.9,24.91,24.61,24.62,66550
09/24/2012,24.63,24.9,24.53,24.79,41360
09/25/2012,24.8,24.83,24.5,24.52,75040
09/26/2012,24.517,24.52,24.02,24.2625,13310
09/27/2012,24.43,24.5,24.12,24.31,12520
09/28/2012,24.3,24.53,24.01,24.36,52100
10/01/2012,24.52,24.94,24.23,24.37,40020
10/02/2012,24.44,24.56,24.009,24.3905,13880
10/03/2012,24.49,24.93,24,24.54,46790
10/04/2012,24.76,24.76,24.12,24.44,11400
10/05/2012,24.45,24.52,24.01,24.3,28900
10/08/2012,24.33,24.37,24.01,24.23,8450
10/09/2012,24.33,24.33,23.87,23.94,19500
10/10/2012,23.9,24.04,23.9,23.94,5390
10/11/2012,24.17,24.17,23.35,23.63,17780
10/12/2012,23.6,23.67,23.09,23.35,14280
10/15/2012,23.48,23.48,23.19,23.3,10090
10/16/2012,23.48,23.48,23.1,23.35,7050
10/17/2012,23.42,23.92,23.26,23.78,15330
10/18/2012,23.86,24,23.24,23.41,22740
10/19/2012,23.23,23.55,22.9957,23.02,20020
10/22/2012,23.1,23.36,22.72,23.34,17600
10/23/2012,23.06,23.41,22.97,23.19,14030
10/24/2012,23.31,23.59,23.28,23.42,9580
10/25/2012,23.63,23.73,23.43,23.72,9880
10/26/2012,23.79,24.23,23.67,24.02,19100
10/31/2012,24.01,24.2,23.87,24.128,7060
11/01/2012,24.24,24.68,23.03,23.61,69290
11/02/2012,23.78,23.78,23.01,23.01,10950
11/05/2012,23.31,23.77,23.31,23.68,5740
11/06/2012,23.69,23.85,23.5,23.53,4830
11/07/2012,23.43,23.53,22.86,22.86,8450
11/08/2012,23,23.18,22.61,22.61,10750
11/09/2012,23,23.25,22.48,22.59,13570
11/12/2012,22.81,22.99,22.56,22.87,6470
11/13/2012,22.59,23.15,22.53,23.13,19920
11/14/2012,23.19,23.9179,22.75,23.13,31080
11/15/2012,23.1,23.615,23.01,23.11,5870
11/16/2012,23.02,23.02,22.09,22.24,11520
11/19/2012,22.95,23.19,22.34,22.77,29280
11/20/2012,22.63,23.19,22.6,22.81,15900
11/21/2012,22.95,22.95,22.59,22.95,16510
11/23/2012,23,23,22.75,22.95,9660
11/26/2012,22.94,23,22.77,22.95,9460
11/27/2012,22.87,23.02,22.87,22.97,10930
11/28/2012,22.9,22.98,22.77,22.9,5240
11/29/2012,23,23,22.75,23,13200
11/30/2012,23.07,23.07,22.73,22.73,20190
12/03/2012,23,23,22.49,22.71,12390
12/04/2012,22.8,22.9,22.7,22.78,6660
12/05/2012,22.79,22.8,22.19,22.55,16470
12/06/2012,22.62,22.8,22.31,22.7,6150
12/07/2012,22.75,22.98,22.54,22.63,3790
12/10/2012,22.67,22.81,22.55,22.63,7580
12/11/2012,22.84,22.84,22.28,22.56,13830
12/12/2012,22.53,22.53,21.37,21.39,20920
12/13/2012,21.47,21.69,21.38,21.43,6490
12/14/2012,21.5,21.83,21.285,21.83,32410
12/17/2012,21.84,22.25,21.82,22.16,17220
12/18/2012,22.18,22.56,22.12,22.47,13650
12/19/2012,22.4,22.406,22.07,22.29,5150
12/20/2012,22.3,22.81,22.2,22.67,11340
12/21/2012,22.65,23.16,22.64,22.93,35710
12/24/2012,22.84,23.01,22.47,22.47,2170
12/26/2012,22.44,22.72,22.1,22.5,8280
12/27/2012,22.37,22.37,20.61,21.5,49100
12/28/2012,21.46,21.7,21.2,21.31,38950
12/31/2012,21.27,21.27,20.94,21.14,40810
01/02/2013,21.48,22.1401,21.48,21.72,40400
01/03/2013,21.8,21.95,21.63,21.8,25940
01/04/2013,21.96,22.9,21.88,22.15,25750
01/07/2013,22.01,22.06,21.46,21.75,37760
01/08/2013,21.78,22.44,21.78,22.06,25300
01/09/2013,22.24,22.92,22.19,22.76,25520
01/10/2013,23,23,22.3,22.3,44290
01/11/2013,22.58,22.76,22.22,22.42,16010
01/14/2013,22.43,22.71,22.23,22.38,12100
01/15/2013,22.33,22.57,22.14,22.45,5880
01/16/2013,22.36,22.48,22.02,22.02,2750
01/17/2013,22.09,22.2,21.77,22,7340
01/18/2013,21.94,22.03,21.59,21.92,15350
01/22/2013,22.1,22.64,22.1,22.49,32130
01/23/2013,22.48,22.48,22.29,22.43,8200
01/24/2013,22.42,22.42,22.18,22.333,2370
01/25/2013,22.4,22.46,22.05,22.15,7930
01/28/2013,22.29,22.63,22.25,22.45,11290
01/29/2013,22.45,22.78,22.32,22.73,8250
01/30/2013,22.64,22.89,22.02,22.15,18870
01/31/2013,22.2,22.59,22.2,22.24,10550
02/01/2013,22.52,22.665,22.35,22.38,7640
02/04/2013,22.2,22.56,22.09,22.3,7170
02/05/2013,22.4,22.4,21.9,21.96,4110
02/06/2013,22.09,22.09,20.99,21.49,28060
02/07/2013,21.55,21.76,21.3,21.67,12150
02/08/2013,21.65,21.75,21.5,21.65,9250
02/11/2013,21.58,21.88,21.375,21.585,18420
02/12/2013,21.57,21.73,21.29,21.64,11820
02/13/2013,21.8,21.94,21.59,21.69,4030
02/14/2013,21.78,21.94,21.71,21.94,6370
02/15/2013,22.19,22.19,21.94,22,12100
02/19/2013,21.77,22.07,21.3795,22.06,14950
02/20/2013,22.09,22.16,21.67,21.73,22320
02/21/2013,21.75,22.23,21.75,22.15,12090
02/22/2013,22.34,22.5065,22.31,22.48,6400
02/25/2013,22.66,22.89,21.92,22.26,7160
02/26/2013,22.31,22.61,22.03,22.04,5200
02/27/2013,22.08,22.65,22.08,22.48,4620
02/28/2013,22.82,22.82,22.37,22.4,6230
03/01/2013,22.32,22.32,22.16,22.21,11130
03/04/2013,22.1,22.34,22.08,22.23,4780
03/05/2013,22.27,22.4,22.1,22.4,9720
03/06/2013,22.5,22.5,22.13,22.13,7180
03/07/2013,22.26,22.91,22.26,22.46,73060
03/08/2013,22.56,22.872,22.51,22.8072,23150
03/11/2013,22.78,22.87,22.6,22.73,12720
03/12/2013,22.8,22.83,22.64,22.72,10960
03/13/2013,22.8,22.93,22.71,22.88,6910
03/14/2013,22.9,23.1,22.85,23.1,21350
03/15/2013,23.15,23.76,23.15,23.5,58020
03/18/2013,23.37,23.5,23.37,23.5,16230
03/19/2013,23.53,23.58,23.35,23.35,24070
03/20/2013,23.5,23.66,23.18,23.55,20830
03/21/2013,23.5,23.52,22.78,22.92,20480
03/22/2013,23,23,22.61,22.79,7390
03/25/2013,23.04,23.09,22.78,23.04,10130
03/26/2013,23.33,23.94,23.33,23.9,63210
03/27/2013,23.71,23.95,23.68,23.86,9720
03/28/2013,23.9,24.02,23.8,24.02,37870
04/01/2013,24,24.08,23.84,24.03,32800
04/02/2013,24.1,24.15,23.83,23.97,23730
04/03/2013,24.08,24.08,23.72,23.92,14810
04/04/2013,23.97,24.1,23.8591,24.04,24550
04/05/2013,24.05,24.48,23.86,24.48,28960
04/08/2013,24.5,24.5,24.01,24.27,19560
04/09/2013,24.5,24.55,24.13,24.4,28080
04/10/2013,24.47,24.8,24.38,24.69,15520
04/11/2013,24.7,25.07,24.56,25.06,25080
04/12/2013,24.9,25.21,24.827,25.2,23340
04/15/2013,25.25,25.25,24.54,24.72,31590
04/16/2013,24.9,25.08,24.68,24.68,22240
04/17/2013,24.66,25.03,24.41,24.73,17480
04/18/2013,24.81,24.81,24.37,24.72,22720
04/19/2013,24.68,24.76,24.64,24.74,19020
04/22/2013,24.9,25.26,24.9,25.08,13100
04/23/2013,25.25,25.25,25.01,25.15,11990
04/24/2013,25.23,25.23,25.02,25.025,12130
04/25/2013,25.17,25.17,25.04,25.04,6760
04/26/2013,25.08,25.08,24.61,24.67,13110
04/29/2013,24.86,24.91,24.63,24.84,11560
04/30/2013,25.04,25.04,24.65,24.9,19070
05/01/2013,24.93,24.93,24.4702,24.5102,23150
05/02/2013,24.66,24.86,24.45,24.5,23550
05/03/2013,24.67,24.97,24.46,24.81,16340
05/06/2013,24.96,24.96,24.785,24.92,6600
05/07/2013,24.98,24.98,24.78,24.98,3820
05/08/2013,25.01,25.01,24.7,24.89,6900
05/09/2013,24.93,25.29,24.72,25.14,24150
05/10/2013,25.27,25.27,25,25.1,9180
05/13/2013,25.05,25.115,24.94,24.98,17570
05/14/2013,25,25.05,24.65,24.8,29480
05/15/2013,24.79,24.83,24.65,24.73,11290
05/16/2013,24.74,24.905,24.645,24.74,27320
05/17/2013,24.74,24.83,24.58,24.65,28940
05/20/2013,24.77,25.56,24.77,25.549,44910
05/21/2013,25.47,27.65,25.47,27.4,65670
05/22/2013,27.4,28.05,27.3,27.5,97370
05/23/2013,27.47,27.92,27,27.59,33330
05/24/2013,27.36,27.82,27.2,27.57,22430
05/28/2013,27.84,28.43,27.51,28.34,44030
05/29/2013,28.19,28.55,27.66,27.7,23210
05/30/2013,27.89,27.93,27.3301,27.8,12350
05/31/2013,27.82,28.27,27.54,27.86,157130
06/03/2013,27.88,28.45,27.88,28.43,33350
06/04/2013,28.26,28.4,27.62,27.81,22640
06/05/2013,27.82,27.99,27.39,27.49,18380
06/06/2013,27.58,28.07,27.58,28.06,9450
06/07/2013,28.25,28.35,27.95,28.35,15060
06/10/2013,28.35,28.47,28.05,28.19,12570
06/11/2013,28.12,28.33,27.6,27.68,13710
06/12/2013,27.72,28.01,27.72,27.975,12370
06/13/2013,28.06,28.472,27.8336,28.18,18730
06/14/2013,28.29,28.88,28.29,28.84,55810
06/17/2013,28.93,28.93,28.35,28.68,33760
06/18/2013,28.75,29.31,28.53,29.3,70320
06/19/2013,29.29,29.99,29.13,29.62,60670
06/20/2013,29.29,29.29,28.3,28.7,26280
06/21/2013,28.82,29.07,28.64,29.06,34480
06/24/2013,28.61,29.01,28.4658,28.9,27860
06/25/2013,29.16,29.29,29,29.05,20110
06/26/2013,29.17,29.44,28.73,29.31,21330
06/27/2013,29.64,29.95,29.21,29.89,35260
06/28/2013,29.5,30.69,29.22,30.43,48000
07/01/2013,35.05,35.45,35,35.28,1174630
07/02/2013,35.25,35.39,35.13,35.34,297180
07/03/2013,35.28,35.41,35.28,35.3,105800
07/05/2013,35.45,35.71,35.33,35.42,115730
07/08/2013,35.4,35.61,35.4,35.58,82850
07/09/2013,35.6,35.705,35.5,35.59,73650
07/10/2013,35.51,35.66,35.49,35.6,61720
07/11/2013,35.79,36.36,35.76,36.15,487690
07/12/2013,36.22,36.29,35.85,36.16,59600
07/15/2013,36.2,36.44,36.2,36.38,53060
07/16/2013,35.99,36.75,35.99,36.6,265200
07/17/2013,36.71,37.04,36.31,36.4,41750
07/18/2013,36.6,36.6,36.09,36.29,115310
07/19/2013,35.92,36.24,35.79,36.16,44430
07/22/2013,36.1,36.32,36.1,36.17,55200
07/23/2013,36.25,36.32,36.17,36.25,205760
07/24/2013,36.2,36.51,36.2,36.36,46880
07/25/2013,36.33,36.6,36.28,36.47,29790
07/26/2013,36.36,36.54,36.2,36.26,37990
07/29/2013,36.295,36.47,36.16,36.31,24890
07/30/2013,36.3,36.46,36.15,36.34,54050
07/31/2013,36.35,36.5,36.14,36.35,36260
08/01/2013,36.49,36.49,36.17,36.34,72300
08/02/2013,36.31,36.32,36.1,36.21,20820
08/05/2013,36.14,36.5,36.14,36.31,29900
08/06/2013,36.14,36.27,36.01,36.16,124260
08/07/2013,36.11,36.29,36.11,36.16,26560
08/08/2013,36.2,36.25,36.12,36.18,40010
08/09/2013,36.15,36.26,35.9,36.23,60630
08/12/2013,39.25,39.9,39.06,39.59,679570
08/13/2013,38.23,38.61,38.2,38.27,671150
08/14/2013,40.51,41.6,40.33,41.29,1016900
08/15/2013,40.52,40.68,40.18,40.58,195300
08/16/2013,40.54,40.896,40.5,40.78,138760
08/19/2013,40.51,40.74,40.51,40.64,21870
08/20/2013,40.58,40.66,40.5,40.52,74290
08/21/2013,40.39,40.68,40.39,40.47,45350
08/22/2013,40.44,40.81,40.34,40.48,79920
08/23/2013,40.48,40.98,40.48,40.75,51870
08/26/2013,40.7,40.7,40.49,40.51,98260
08/27/2013,40.35,40.54,40.33,40.39,87540
08/28/2013,40.35,40.53,40.3,40.37,53510
08/29/2013,40.46,40.46,40.05,40.37,91790
08/30/2013,40.22,40.36,40.22,40.27,31920
09/03/2013,40.24,40.3,40.1851,40.24,100190
09/04/2013,40.2,40.4,40.15,40.15,179760
09/05/2013,40.2,40.26,40.13,40.23,50210
09/06/2013,40.2,40.22,40.14,40.14,27020
09/09/2013,40.1,40.22,40.09,40.21,100500
09/10/2013,39.99,40.09,39.95,39.99,307850
09/11/2013,39.96,40,39.95,39.96,139000
09/12/2013,40,40,39.958,39.963,119910
09/13/2013,39.97,39.98,39.97,39.97,74220
09/16/2013,39.96,39.98,39.94,39.95,166692
09/17/2013,39.96,39.99,39.96,39.97,20526
09/18/2013,39.96,39.98,39.95,39.96,119616
