09/24/2014,105.05,107.83,99.42,101.4,745403
09/25/2014,100.47,101.03,98.93,100.78,71651
09/26/2014,100.47,104.37,100.16,103.75,45738
09/29/2014,104.43,104.43,102.02,104.06,25951
09/30/2014,102.7,105.29,102.02,105.29,18283
10/01/2014,103.81,104.55,99.61,101.71,34747
10/02/2014,101.65,102.45,100.16,100.66,14258
10/03/2014,100.53,102.33,99.61,100.47,15847
10/06/2014,100.29,101.65,100.29,101.21,16382
10/07/2014,101.09,101.89,100.22,101.46,16706
10/08/2014,101.46,101.83,100.78,101.4,16923
10/09/2014,101.4,101.86,94.29,97.07,45366
10/10/2014,97.07,97.37,91.52,91.81,21836
10/13/2014,91.57,95.71,91.57,93.61,7195
10/14/2014,93.24,94.91,92.74,93.3,4666
10/15/2014,92.74,93.73,89.03,89.1,27810
10/16/2014,87.8,92.12,87.67,92.12,4335
10/17/2014,92.74,96.45,92.74,95.77,11055
10/20/2014,94.91,99.24,94.6,98.31,24956
10/21/2014,98.93,107.71,98.93,101.71,41998
10/22/2014,103.25,105.23,101.83,103.19,20967
10/23/2014,103.87,103.87,100.72,102.33,9404
10/24/2014,102.02,105.11,102.02,104.49,9493
10/27/2014,103.32,104.61,101.52,104.06,17609
10/28/2014,103.5,104.74,103.25,104.61,2534
10/29/2014,104.18,104.18,102.33,103.01,4705
10/30/2014,102.39,103.3,97.38,98.06,6109
10/31/2014,98.43,100.6,96.51,100.41,5561
11/03/2014,100.47,101.52,99.92,101.46,5708
11/04/2014,101.03,101.4,94.6,99.48,21919
11/05/2014,99.3,99.3,97.75,98.86,4272
11/06/2014,101.46,101.46,94.35,94.6,21112
11/07/2014,94.04,95.46,93.98,94.6,4104
11/10/2014,94.66,99.67,94.66,99.67,10496
11/11/2014,97.81,100.95,96.64,100.47,6976
11/12/2014,98.43,101.83,95.83,101.28,8847
11/13/2014,100.66,103.38,98.31,101.65,5088
11/14/2014,101.65,102.02,98.18,99.22,24129
11/17/2014,98.37,101.4,96.52,100.97,11792
11/18/2014,100.22,103.56,99.36,103.5,7653
11/19/2014,102.33,102.39,99.98,101.52,3997
11/20/2014,101.71,103.13,100.53,101.34,6979
11/21/2014,103.25,103.56,100.66,102.94,6905
11/24/2014,101.83,105.05,101.83,102.88,13200
11/25/2014,103.81,103.87,102.33,102.82,5044
11/26/2014,103.19,103.69,102.75,103.25,4265
11/28/2014,103.81,103.81,102.64,103.25,1058
12/01/2014,102.08,103.12,99.61,100.66,2020
12/02/2014,99.54,103.87,99.54,102.94,5409
12/03/2014,101.52,102.02,98.62,99.36,7694
12/04/2014,100.47,101.09,98,98.86,4902
12/05/2014,99.17,100.72,99.05,99.85,3003
12/08/2014,99.79,100.47,97.32,98.25,8084
12/09/2014,97.26,101.4,96.48,98.62,10496
12/10/2014,98.8,98.86,95.53,96.82,9652
12/11/2014,98.8,98.8,96.76,98.12,17645
12/12/2014,97.69,98.8,93.98,94.41,11431
12/15/2014,95.6,96.92,85.96,88.27,28976
12/16/2014,89.15,89.71,84.01,86.96,11421
12/17/2014,88.15,90.84,83.64,85.89,13880
12/18/2014,86.02,90.72,84.2,87.46,23684
12/19/2014,86.14,93.79,86.14,93.29,78162
12/22/2014,94.98,96.33,91.66,95.54,12884
12/23/2014,96.79,98.99,95.98,97.73,24532
12/24/2014,97.73,99.52,97.48,97.86,1245
12/26/2014,98.24,99.61,96.04,96.61,3456
12/29/2014,95.79,98.55,95.23,97.76,5822
12/30/2014,97.42,97.42,92.1,93.29,14896
12/31/2014,93.41,93.97,92.1,92.22,6233
01/02/2015,92.1,93.35,92.03,92.78,1050
01/05/2015,91.66,94.85,91.66,93.91,3391
01/06/2015,92.85,92.91,87.84,89.59,9259
01/07/2015,90.28,90.28,85.89,90.28,5264
01/08/2015,90.65,91.66,87.96,88.65,5897
01/09/2015,87.84,88.72,87.62,87.84,9153
01/12/2015,87.71,87.84,84.14,84.64,20701
01/13/2015,85.2,86.64,81.76,82.76,38370
01/14/2015,72.19,78.94,66.47,69.23,103559
01/15/2015,69.79,70.48,67.41,70.07,11842
01/16/2015,69.48,72.61,69.35,70.86,27794
01/20/2015,70.98,72.99,70.17,70.54,42346
01/21/2015,70.79,71.36,68.48,68.48,5042
01/22/2015,69.17,69.85,68.15,68.91,4325
01/23/2015,68.98,69.17,67.68,68.54,3989
01/26/2015,68.23,68.54,64.97,65.97,28928
01/27/2015,65.03,66.97,64.97,66.28,17450
01/28/2015,66.35,66.78,64.4,65.03,16574
01/29/2015,64.22,64.78,62.78,63.21,38508
01/30/2015,62.65,63.4,61.21,61.84,10295
02/02/2015,62.21,63.04,61.02,62.21,16357
02/03/2015,62.65,63.28,62.34,62.96,21577
02/04/2015,63.09,64.91,62.96,64.15,3199
02/05/2015,64.15,68.6,64.15,68.1,7613
02/06/2015,68.48,69.42,65.97,67.47,29305
02/09/2015,67.66,68.35,64.72,65.09,17828
02/10/2015,65.09,67.54,65.09,67.35,4247
02/11/2015,66.85,68.48,66.41,68.23,8499
02/12/2015,68.54,68.88,65.34,66.03,6212
02/13/2015,66.22,66.85,65.16,65.41,3173
02/17/2015,65.57,65.78,64.72,65.34,4874
02/18/2015,64.65,64.91,63.92,63.97,3885
02/19/2015,64.53,67.85,64.53,66.93,4417
02/20/2015,66.91,67.04,65.66,66.03,10663
02/23/2015,66.47,66.97,64.28,64.53,12281
02/24/2015,64.28,66.62,61.65,62.09,37683
02/25/2015,61.65,65.03,61.65,63.59,8192
02/26/2015,63.59,65.47,63.59,65.28,10185
02/27/2015,65.41,65.68,64.72,65.09,8458
03/02/2015,65.47,69.54,65.09,69.1,9077
03/03/2015,68.79,69.57,67.98,68.66,8100
03/04/2015,68.54,69.35,66.91,68.54,1974
03/05/2015,68.91,69.92,64.53,69.73,11419
03/06/2015,69.98,71.48,68.91,69.85,7547
03/09/2015,69.79,71.63,68.16,68.85,4178
03/10/2015,68.91,69.19,65.28,66.78,7684
03/11/2015,66.85,68.6,66.85,68.41,1654
03/12/2015,68.91,77.18,67.85,77.06,24056
03/13/2015,75.93,77.07,73.3,75.18,15823
03/16/2015,75.24,76.68,73.3,76.37,4136
03/17/2015,74.87,75.05,73.24,74.8,6028
03/18/2015,74.74,76.09,72.74,74.87,3410
03/19/2015,74.55,75.81,73.17,73.27,3155
03/20/2015,73.11,76.75,73.11,76.06,9362
03/23/2015,75.68,79.88,74.62,79.13,13411
03/24/2015,79.44,80.5,78.94,79.69,5835
03/25/2015,79.31,80.19,73.86,75.37,4675
03/26/2015,74.87,75.79,71.8,72.61,6614
03/27/2015,72.17,73.74,71.92,73.24,3567
03/30/2015,73.3,74.68,72.67,74.55,7061
03/31/2015,73.24,73.24,66.66,68.79,16632
04/01/2015,67.54,68.73,65.78,67.29,8699
04/02/2015,67.54,74.55,67.54,73.62,3371
04/06/2015,73.05,75.81,73.05,74.55,3619
04/07/2015,75.24,75.79,72.74,74.55,4041
04/08/2015,74.87,75.63,72.86,73.61,2434
04/09/2015,73.99,74.11,72.8,73.55,1081
04/10/2015,73.36,75.17,69.92,70.86,2417
04/13/2015,71.42,72.17,71.42,72.05,2391
04/14/2015,72.8,74.42,67.35,70.73,5131
04/15/2015,71.55,72.05,68.98,69.98,3298
04/16/2015,70.86,71.17,69.35,70.17,2337
04/17/2015,69.73,71.72,67.72,69.48,3395
04/20/2015,69.42,71.17,68.91,71.11,1804
04/21/2015,71.94,72.06,69.51,70.66,1689
04/22/2015,71.3,72.7,70.47,72.7,4927
04/23/2015,71.81,76.08,70.72,75.51,2426
04/24/2015,75.19,76.41,73.72,75.44,1885
04/27/2015,75.19,75.19,72.61,74.68,3200
04/28/2015,74.93,76.32,72.38,73.74,1996
04/29/2015,73.4,75.44,72.83,74.1,3766
04/30/2015,74.3,74.3,71.75,73.47,3103
05/01/2015,73.4,75.65,73.15,75.32,2826
05/04/2015,75,75.32,73.72,74.36,3599
05/05/2015,74.17,75.89,73.34,73.91,1828
05/06/2015,73.85,73.85,72.7,73.02,2198
05/07/2015,72.77,73.98,72.26,73.34,2400
05/08/2015,74.68,75.57,73.53,74.3,3492
05/11/2015,73.08,73.28,72.38,72.38,513
05/12/2015,72.57,72.57,70.85,71.11,915
05/13/2015,71.04,71.11,70.6,70.98,780
05/14/2015,71.43,72.77,70.98,72.13,1392
05/15/2015,72.89,73.59,72.26,73.02,1664
05/18/2015,72.77,73.66,72.77,72.83,1481
05/19/2015,73.15,74.49,69.39,70.15,2090
05/20/2015,70.47,70.66,67.98,68.17,4930
05/21/2015,68.37,69.26,68.17,68.24,2466
05/22/2015,67.6,68.37,67.22,67.22,2945
05/26/2015,66.71,72.38,66.32,68.62,11953
05/27/2015,68.56,72.57,68.56,71.68,3663
05/28/2015,71.24,73.66,71.24,73.66,2211
05/29/2015,73.34,74.62,72.96,73.72,2595
06/01/2015,74.42,74.42,73.15,73.98,2047
06/02/2015,73.53,73.85,72.57,73.59,3038
06/03/2015,73.47,74.42,73.4,74.17,2986
06/04/2015,73.72,74.93,73.66,74.81,905
06/05/2015,74.1,75.57,73.98,75.57,2022
06/08/2015,75,75.57,74.68,75.25,989
06/09/2015,74.74,75.44,74.74,75.38,1957
06/10/2015,75.83,76.53,75.38,76.46,2413
06/11/2015,76.4,77.17,75.76,75.83,1767
06/12/2015,76.15,76.34,75.64,76.21,722
06/15/2015,75.57,76.21,75.28,75.64,1256
06/16/2015,76.21,76.97,75.83,76.34,814
06/17/2015,77.04,77.29,76.27,76.59,1426
06/18/2015,77.74,77.8,76.46,77.1,1567
06/19/2015,77.74,77.74,76.01,76.66,2538
06/22/2015,76.65,77.29,76.34,76.72,373
06/23/2015,78,78,75.38,75.38,1853
06/24/2015,75.44,76.27,75.44,76.27,4443
06/25/2015,76.85,77.17,76.02,76.59,3138
06/26/2015,76.53,78.44,75.73,78.44,9659
06/29/2015,76.78,78.31,76.15,77.36,3236
06/30/2015,77.17,77.17,75.57,75.76,1037
07/01/2015,77.17,77.17,73.79,75.32,2326
07/02/2015,75,75.06,74.68,75.06,508
07/06/2015,74.3,75.06,73.34,73.59,1623
07/07/2015,73.6,73.7,71.75,72.07,2614
07/08/2015,71.3,71.36,69,70.41,1877
07/09/2015,71.11,71.11,70.15,70.28,1270
07/10/2015,71.17,72.32,69.07,69.77,2209
07/13/2015,70.02,70.15,69.75,70.09,653
07/14/2015,70.15,70.47,69.7,69.77,4386
07/15/2015,68.94,70.15,68.94,70.09,904
07/16/2015,70.92,70.92,67.66,67.95,2560
07/17/2015,67.92,67.94,65.56,65.56,2513
07/20/2015,66.01,66.01,64.03,64.57,519
07/21/2015,64.16,65.37,63.2,64.16,923
07/22/2015,63.33,67.6,62.56,67.34,6872
07/23/2015,67.86,68.37,61.22,62.24,7480
07/24/2015,62.75,62.75,57.14,57.2,2857
07/27/2015,57.33,62.5,56.44,61.29,15210
07/28/2015,60.01,60.27,59.18,59.88,1530
07/29/2015,60.01,61.35,59.95,60.78,2020
07/30/2015,60.14,60.68,59.63,59.95,1481
07/31/2015,58.86,59.95,58.16,58.16,3284
08/03/2015,58.29,58.29,57.2,57.91,992
08/04/2015,58.03,58.42,57.84,58.29,595
08/05/2015,58.61,63.28,58.61,62.12,3437
08/06/2015,62.37,62.93,56.5,56.89,7978
08/07/2015,56.69,57.01,53.89,54.78,3000
08/10/2015,55.04,55.48,53.63,53.63,4019
08/11/2015,54.02,54.65,50.06,51.85,9786
08/12/2015,37.37,51.59,37.37,51.27,9915
08/13/2015,51.02,52.93,49.42,52.23,9172
08/14/2015,51.91,52.93,50.57,51.08,6962
08/17/2015,51.53,52.55,51.02,52.55,5370
08/18/2015,52.1,53.95,51.98,52.29,1107
08/19/2015,51.53,53.63,51.53,52.49,5823
08/20/2015,52.29,54.14,52.29,53.19,1000
08/21/2015,52.36,53.26,52.36,52.68,3078
08/24/2015,51.83,53,50.32,50.32,6542
08/25/2015,51.83,51.83,47.91,48.23,3943
08/26/2015,49.02,50.06,45.81,47.58,5076
08/27/2015,44.25,47.84,43.46,47.64,8475
08/28/2015,47.38,47.38,46.08,46.27,3115
08/31/2015,46.08,49.02,46.08,48.95,3522
09/01/2015,47.71,48.3,46.6,46.79,2200
09/02/2015,47.32,48.17,47.06,48.1,2631
09/03/2015,47.78,48.69,46.73,48.23,6914
09/04/2015,47.71,49.02,47.45,48.89,7158
09/08/2015,49.67,54.25,49.61,53.85,5840
09/09/2015,54.18,54.31,52.22,52.55,7150
09/10/2015,52.35,53.92,51.5,53.85,3578
09/11/2015,53.46,54.31,52.55,54.31,3973
09/14/2015,54.18,54.7,52.28,52.48,10641
09/15/2015,53.33,53.59,49.74,50.78,11678
09/16/2015,50.85,53.92,50.85,52.22,6041
09/17/2015,52.02,52.42,51.11,51.44,5295
09/18/2015,51.11,52.28,48.43,49.21,21453
09/21/2015,49.74,50,47.12,47.12,6102
09/22/2015,47.32,47.32,46.08,47.25,4102
09/23/2015,46.21,47.42,45.36,47.12,3618
09/24/2015,46.47,46.47,45.1,46.27,5378
09/25/2015,46.4,46.78,45.29,46.4,3381
09/28/2015,47.38,50.13,45.68,46.34,6616
09/29/2015,45.75,46.14,42.57,42.71,5861
09/30/2015,43.4,44.44,41.89,43.66,2231
10/01/2015,43.79,47.64,43.33,47.58,3969
10/02/2015,47.32,47.71,45.36,47.06,2171
10/05/2015,46.99,51.96,46.99,51.83,3934
10/06/2015,51.3,51.5,48.49,48.49,1913
10/07/2015,49.34,51.83,49.34,51.83,2064
10/08/2015,51.83,52.22,51.3,51.57,1669
10/09/2015,52.28,52.94,52.28,52.55,747
10/12/2015,52.68,52.87,52.22,52.87,1795
10/13/2015,52.15,52.55,49.74,49.74,1250
10/14/2015,50.13,51.24,46.93,47.48,1894
10/15/2015,47.64,48.69,47.45,48.43,3805
10/16/2015,48.89,48.95,48.36,48.56,1149
10/19/2015,47.25,47.64,47.06,47.38,999
10/20/2015,47.19,47.32,46.4,46.4,677
10/21/2015,46.93,47.97,46.93,47.12,1022
10/22/2015,46.47,51.11,46.47,51.04,3602
10/23/2015,50.85,52.09,50.85,51.83,1239
10/26/2015,52.03,52.35,52.02,52.15,1986
10/27/2015,52.15,52.22,47.78,48.17,1982
10/28/2015,48.29,49.28,48.29,49.21,1906
10/29/2015,49.8,51.5,48.17,49.02,2173
10/30/2015,49.08,49.08,47.58,47.91,1896
11/02/2015,48.23,49.02,46.47,46.53,4563
11/03/2015,43.66,45.75,43.66,44.31,5576
11/04/2015,43.59,43.92,42.46,43,3526
11/05/2015,43.13,43.13,42.42,42.61,2527
11/06/2015,42.42,43.46,42.42,43.2,3244
11/09/2015,43.46,44.77,43.46,44.25,5801
11/10/2015,43.85,43.85,41.11,42.09,3842
11/11/2015,42.15,42.15,39.8,40.13,2367
11/12/2015,40,40,37.45,37.51,4442
11/13/2015,37.84,38.49,36.66,36.66,8033
11/16/2015,34.97,38.89,34.97,37.78,7392
11/17/2015,37.97,39.74,36.47,37.71,7041
11/18/2015,37.65,39.61,36.6,39.61,10860
11/19/2015,39.28,40,39.21,39.93,3299
11/20/2015,40.26,42.48,40.26,41.7,5361
11/23/2015,41.24,41.43,40.39,41.3,2369
11/24/2015,41.37,41.71,41.17,41.24,1635
11/25/2015,40.63,41.24,40.63,40.97,1216
11/27/2015,41.1,41.31,40.63,40.63,887
11/30/2015,41.1,41.1,40.09,40.22,3160
12/01/2015,40.7,41.78,39.95,41.03,4199
12/02/2015,41.51,41.64,40.63,40.83,1408
12/03/2015,40.97,40.97,39.61,39.88,1567
12/04/2015,39.88,40.09,36.12,36.43,12816
12/07/2015,35.55,36.97,31.82,32.1,13431
12/08/2015,32.23,32.37,31.55,31.89,2317
12/09/2015,31.55,32.23,31.01,32.16,3923
12/10/2015,32.1,32.1,31.22,31.42,8693
12/11/2015,30.74,32.16,30.74,31.89,4555
12/14/2015,32.16,32.43,30.2,31.28,3954
12/15/2015,31.76,32.43,30.95,32.37,2339
12/16/2015,32.5,37.17,32.43,36.5,3329
12/17/2015,36.84,37.31,35.75,36.77,2170
12/18/2015,36.9,38.19,36.9,38.12,3336
12/21/2015,37.92,40.29,36.57,39.82,3968
12/22/2015,39.69,41.98,39.69,41.98,4494
12/23/2015,41.71,43.13,41.71,43.07,1186
12/24/2015,42.68,42.73,41.51,41.64,543
12/28/2015,41.24,45.77,41.24,45.57,3724
12/29/2015,44.96,45.1,42.59,42.66,4508
12/30/2015,42.66,42.66,39,39.07,3625
12/31/2015,39.27,39.95,38.26,38.39,5773
01/04/2016,37.51,38.26,36.57,37.65,4440
01/05/2016,37.78,37.78,36.02,36.57,1917
01/06/2016,35.89,36.9,35.89,36.84,4700
01/07/2016,35.82,36.84,35.62,36.02,3595
01/08/2016,36.29,36.36,34.2,34.32,2352
01/11/2016,33.99,33.99,30.54,30.95,3137
01/12/2016,31.15,31.15,28.85,29.46,5327
01/13/2016,29.46,29.52,27.42,27.56,2951
01/14/2016,27.63,28.1,27.15,27.36,3382
01/15/2016,26.48,26.88,25.26,26,3021
01/19/2016,26.41,26.41,25.93,26.14,4158
01/20/2016,25.53,25.73,23.23,24.58,11157
01/21/2016,25.87,32.03,25.87,31.83,8359
01/22/2016,32.3,36.09,32.3,35.41,6414
01/25/2016,35.35,35.89,33.92,34.87,4022
01/26/2016,35.69,41.98,35.69,41.85,9647
01/27/2016,41.31,43.81,40.63,40.9,4659
01/28/2016,41.58,44.01,41.03,43.07,4486
01/29/2016,43.13,44.35,40.63,40.97,5324
02/01/2016,40.7,40.9,39.48,40.09,3126
02/02/2016,39.75,40.43,37.38,37.92,2197
02/03/2016,38.53,38.8,37.11,38.73,2204
02/04/2016,38.19,40.63,38.19,40.29,1425
02/05/2016,40.43,42.86,40.43,41.91,3959
02/08/2016,41.24,42.05,40.09,41.37,3607
02/09/2016,41.3,41.54,36.77,36.84,7402
02/10/2016,37.65,38.94,33.25,38.06,9835
02/11/2016,36.57,37.68,35.55,36.84,3142
02/12/2016,37.78,39.27,35.55,35.55,9321
02/16/2016,36.5,40.9,35.96,37.58,16218
02/17/2016,38.6,39.95,38.6,39.88,5083
02/18/2016,39.48,40.63,38.26,38.26,3566
02/19/2016,38.39,39.82,37.28,39.48,3933
02/22/2016,40.18,40.74,38.57,39.13,4949
02/23/2016,39.62,40.25,37.58,38.22,3988
02/24/2016,37.58,39.09,36.81,38.85,1786
02/25/2016,38.92,39.62,36.6,36.67,5435
02/26/2016,37.72,39.06,37.72,38.07,3998
02/29/2016,38.64,39.2,37.72,38.36,5321
03/01/2016,39.27,39.97,38,38.57,5432
03/02/2016,38.7,40.39,38.7,40.39,5054
03/03/2016,40.25,42.42,39.13,39.34,8086
03/04/2016,39.55,42.14,37.65,40.95,4404
03/07/2016,40.95,43.47,40.81,41.89,11227
03/08/2016,41.86,43.75,36.67,41.72,10050
03/09/2016,41.93,42.84,37.79,39.76,12415
03/10/2016,40.04,40.81,37.51,37.51,15713
03/11/2016,38.29,42.07,37.95,41.58,16990
03/14/2016,41.16,43.19,38.29,38.29,13883
03/15/2016,39.2,43.47,38.22,41.93,14106
03/16/2016,41.93,42.35,38.85,40.39,11890
03/17/2016,40.6,42.35,40.25,41.44,6717
03/18/2016,39.48,43.82,37.37,43.4,10119
03/21/2016,43.82,43.96,43.05,43.47,4763
03/22/2016,42.63,43.05,40.6,41.02,2587
03/23/2016,41.3,41.3,37.93,38.57,11446
03/24/2016,37.86,39.13,37.51,38.78,6061
03/28/2016,39.97,39.97,37.3,37.44,5676
03/29/2016,37.51,38.57,35.76,38.36,3346
03/30/2016,38.5,40.46,37.65,38.85,9149
03/31/2016,38.92,39.17,38.43,38.57,2639
04/01/2016,38.57,42.7,38.43,39.62,11974
04/04/2016,40.18,42.42,39.13,40.6,15112
04/05/2016,39.97,39.97,38.49,38.57,4531
04/06/2016,38.92,38.92,37.86,38.8,1992
04/07/2016,38.14,38.57,36.25,37.72,3004
04/08/2016,38.43,38.74,37.16,38.36,758
04/11/2016,38.57,42.21,38.57,42,5016
04/12/2016,42,42.7,41.72,42.42,1913
04/13/2016,42.77,43.12,41.79,42.84,7331
04/14/2016,42.77,42.91,41.37,41.93,4619
04/15/2016,41.72,45.09,41.72,44.6,4358
04/18/2016,44.67,45.58,41.37,42.07,13426
04/19/2016,43.26,46.84,42.98,44.11,19756
04/20/2016,45.01,45.31,40.55,42.63,13253
04/21/2016,42.98,42.98,41.16,41.72,657
04/22/2016,41.93,42.77,41.93,42.49,953
04/25/2016,42.91,42.91,41.44,42.28,2192
04/26/2016,42.77,45.44,42.77,45.23,2481
04/27/2016,46.28,47.89,45.23,47.47,12413
04/28/2016,47.12,47.26,46.28,46.42,1048
04/29/2016,46.7,47.05,44.32,45.72,7874
05/02/2016,45.58,45.58,44.39,44.65,617
05/03/2016,44.18,44.74,41.44,42.21,2757
05/04/2016,41.58,42.28,40.81,41.51,2413
05/05/2016,41.93,41.93,39.69,40.11,745
05/06/2016,40.32,41.86,40.25,41.37,2002
05/09/2016,41.65,41.65,40.81,40.88,694
05/10/2016,41.16,41.37,40.39,41.3,2365
05/11/2016,41.23,41.44,40.32,40.32,1060
05/12/2016,40.32,40.53,38.64,39.06,7433
05/13/2016,39.97,39.97,35.87,37.93,17934
05/16/2016,38.36,39.69,38.36,39.2,2357
05/17/2016,39.62,41.79,39.2,41.79,8081
05/18/2016,41.93,42.56,41.72,42.4,6520
05/19/2016,42.91,43.4,42.07,42.63,8264
05/20/2016,42.71,45.82,41.17,45.61,4875
05/23/2016,45.61,45.82,41.47,44.3,12795
05/24/2016,44.81,45.46,44.08,44.45,5331
05/25/2016,44.81,45.32,43.29,44.3,3535
05/26/2016,44.59,44.59,42.63,43.65,3713
05/27/2016,43.07,44.95,43.07,44.3,2011
05/31/2016,44.16,44.59,43.65,44.01,3149
06/01/2016,43.43,44.23,42.05,44.16,4894
06/02/2016,44.08,44.23,43.5,43.87,1647
06/03/2016,43.94,44.52,43.43,44.52,2158
06/06/2016,44.45,45.61,44.45,45.32,3641
06/07/2016,45.46,45.68,45.03,45.46,5040
06/08/2016,45.82,47.06,44.95,46.48,7121
06/09/2016,46.62,49.59,46.26,49.38,3984
06/10/2016,48.43,49.16,47.06,47.78,4041
06/13/2016,47.56,47.93,46.62,47.27,2938
06/14/2016,47.42,47.85,44.59,45.39,6218
06/15/2016,45.46,47.42,45.46,46.19,1302
06/16/2016,45.75,47.56,44.66,47.42,3721
06/17/2016,47.64,47.78,45.68,46.48,5309
06/20/2016,47.27,49.81,47.13,49.09,2766
06/21/2016,49.38,49.74,47.78,48.65,4515
06/22/2016,48.65,48.65,46.55,46.98,1607
06/23/2016,47.93,48.58,46.91,47.71,2974
06/24/2016,45.68,46.4,43.5,44.37,13747
06/27/2016,43.58,43.94,39.51,40.28,3862
06/28/2016,41.69,42.63,39.95,40.67,3057
06/29/2016,41.11,42.56,40.6,42.49,1828
06/30/2016,42.85,42.85,41.98,42.78,1254
07/01/2016,42.56,43.29,42.49,42.78,541
07/05/2016,41.69,41.69,40.24,40.67,880
07/06/2016,40.46,41.98,40.24,41.62,1676
07/07/2016,41.76,41.91,40.39,41.33,1017
07/08/2016,41.98,43.14,41.84,43.07,1339
07/11/2016,43.29,44.08,43.21,44.01,1037
07/12/2016,44.23,47.5,44.08,47.28,1841
07/13/2016,47.64,47.64,46.11,46.77,3415
07/14/2016,47.64,47.85,47.13,47.64,897
07/15/2016,48.29,49.09,47.85,48.98,1226
07/18/2016,48.51,49.88,48.43,49.52,1401
07/19/2016,49.01,49.67,49.01,49.3,818
07/20/2016,49.3,49.3,48.36,49.3,504
07/21/2016,48.94,49.67,48.94,49.67,487
07/22/2016,49.96,50.68,49.96,50.46,2565
07/25/2016,50.46,50.46,50.03,50.46,592
07/26/2016,50.25,51.12,50.21,50.83,1039
07/27/2016,51.04,55.07,51.04,54.67,3351
07/28/2016,54.52,55.47,54.02,55.18,1879
07/29/2016,55.1,56.92,54.38,54.74,3909
08/01/2016,54.67,55.76,54.23,54.96,2505
08/02/2016,55.32,55.9,55.26,55.68,1214
08/03/2016,55.61,56.34,55.27,55.61,1959
08/04/2016,55.32,55.76,54.02,54.49,4368
08/05/2016,54.67,55.39,54.67,55.03,1503
08/08/2016,55.19,55.83,54.6,55.47,1267
08/09/2016,55.32,56.05,55.32,55.97,699
08/10/2016,55.76,55.76,54.52,54.52,565
08/11/2016,55.47,55.47,54.02,54.16,2027
08/12/2016,54.16,55.1,54.02,54.89,1703
08/15/2016,54.31,56.55,53.91,56.34,2800
08/16/2016,56.63,59.82,56.41,57.42,4689
08/17/2016,57.71,58.29,55.18,55.76,5837
08/18/2016,56.19,56.19,54.23,54.6,4555
08/19/2016,54.74,56.05,53.44,53.44,5337
08/22/2016,53.81,53.81,52.62,53.29,3396
08/23/2016,53.59,56.87,53.52,56.08,26196
08/24/2016,56.42,57.61,55.3,55.45,16581
08/25/2016,55.97,55.97,54.03,54.18,4078
08/26/2016,55.15,55.75,54.7,55,9283
08/29/2016,55.08,56.34,54.41,55.97,9761
08/30/2016,56.27,58.65,56.05,56.42,15205
08/31/2016,57.16,57.98,53.44,54.18,28862
09/01/2016,55.6,55.6,53.14,54.59,17956
09/02/2016,54.63,57.61,54.11,55.52,18681
09/06/2016,55.75,60.22,55.75,59.62,25072
09/07/2016,60.22,62.68,59.85,60.74,17530
09/08/2016,61.04,62.98,59.47,60.15,20836
09/09/2016,60.22,61.41,57.91,58.28,11055
09/12/2016,58.8,60.82,57.98,59.33,10305
09/13/2016,59.25,59.25,55.52,55.82,8582
09/14/2016,56.64,57.31,55.52,56.42,6810
09/15/2016,57.31,61.49,56.87,59.92,6800
09/16/2016,59.55,62.16,59.47,62.01,10943
09/19/2016,62.53,64.92,61.93,63.87,6673
09/20/2016,64.1,64.99,62.53,62.6,3821
09/21/2016,63.28,63.28,61.11,62.83,3199
09/22/2016,62.98,64.47,62.9,63.72,1609
09/23/2016,63.87,64.39,62.31,62.75,2650
09/26/2016,62.38,62.98,61.43,62.23,2065
09/27/2016,62.16,63.28,61.71,62.75,1609
09/28/2016,63.2,64.24,62.08,63.95,3940
09/29/2016,63.05,63.05,60.44,60.67,3209
09/30/2016,61.19,63.05,60.6,62.68,4372
10/03/2016,61.56,62.53,61.56,62.53,1384
10/04/2016,62.23,62.23,60.97,61.34,907
10/05/2016,61.71,62.6,61.26,61.79,5540
10/06/2016,62.08,65.44,62.08,64.84,3355
10/07/2016,64.1,65.51,64.1,65.51,2575
10/10/2016,65.59,67.82,65.58,67.82,4665
10/11/2016,67.75,67.82,66.7,67.45,1809
10/12/2016,67.67,68.12,66.85,67.67,3574
10/13/2016,67.08,67.67,66.33,66.56,2055
10/14/2016,67,67.82,64.84,67.82,2240
10/17/2016,66.7,67.45,66.7,66.89,1146
10/18/2016,67.08,67.08,66.33,66.33,1025
10/19/2016,66.7,67.08,64.84,66.7,562
10/20/2016,66.33,67.45,66.33,67.08,1896
10/21/2016,66.7,69.31,66.7,68.57,3109
10/24/2016,68.57,70.06,68.57,69.31,4556
10/25/2016,69.69,70.06,69.31,69.69,1955
10/26/2016,68.94,69.69,66.67,68.94,1824
10/27/2016,70.06,70.06,68.19,68.57,1245
10/28/2016,68.4,68.94,67.45,67.45,1762
10/31/2016,67.08,67.08,64.6,66.7,2616
11/01/2016,66.7,67.08,66.33,66.7,889
11/02/2016,67.08,67.08,63.72,64.1,2472
11/03/2016,64.47,64.84,64.47,64.47,1926
11/04/2016,64.1,65.59,64.1,65.59,1356
11/07/2016,66.7,67.08,63.72,64.47,4474
11/08/2016,64.84,64.84,62.98,62.98,684
11/09/2016,63.34,64.84,61.13,64.84,1614
11/10/2016,65.21,70.8,63.35,69.69,2798
11/11/2016,69.31,76.39,68.71,71.92,6614
11/14/2016,73.41,73.78,68.94,69.31,4308
11/15/2016,70.06,70.8,69.31,70.8,2892
11/16/2016,73.04,78.26,72.67,78.26,6627
11/17/2016,76.77,79.37,74.53,74.9,5740
11/18/2016,76.04,76.04,72.62,74.9,2634
11/21/2016,75.66,76.04,68.44,70.34,4113
11/22/2016,71.48,73.38,68.82,73.38,3235
11/23/2016,73.76,74.9,73.14,74.52,2744
11/25/2016,74.14,76.04,74.14,75.66,1978
11/28/2016,75.66,76.04,73.38,73.76,2198
11/29/2016,73.38,74.14,73.38,74.14,1232
11/30/2016,74.14,76.04,73.04,74.52,2221
12/01/2016,74.14,74.45,68.44,69.96,6506
12/02/2016,70.34,70.72,65.78,68.44,1427
12/05/2016,68.82,72.24,68.82,72.24,949
12/06/2016,73.38,73.76,71.1,71.86,2548
12/07/2016,72.77,74.9,72.24,74.14,2471
12/08/2016,74.52,75.66,74.14,74.9,4143
12/09/2016,74.9,75.28,73.38,74.14,3736
12/12/2016,73.76,73.76,62.36,66.16,19798
12/13/2016,68.82,68.82,64.64,64.64,6140
12/14/2016,64.64,68.82,64.45,67.68,4968
12/15/2016,66.54,69.58,66.54,68.44,2439
12/16/2016,68.82,69.39,67.72,68.82,4270
12/19/2016,67.68,72.43,67.68,70.34,4786
12/20/2016,71.1,72.24,69.96,72.24,2935
12/21/2016,71.48,72.81,71.48,72.24,5345
12/22/2016,71.48,72.2,69.58,71.1,5311
12/23/2016,71.1,71.1,69.96,70.72,3451
12/27/2016,70.34,71.48,69.96,70.34,2963
12/28/2016,70.72,73,70.72,72.62,7931
12/29/2016,73.38,75.28,73,74.9,5066
12/30/2016,74.14,75.28,74.14,74.52,2031
01/03/2017,75.28,75.85,73.38,74.14,5212
01/04/2017,75.28,75.66,74.9,74.9,3439
01/05/2017,75.28,75.28,72.62,72.62,1995
01/06/2017,73.38,73.38,72.24,72.62,1005
01/09/2017,72.24,72.24,71.05,71.48,1228
01/10/2017,72.24,77.18,72.24,76.42,16511
01/11/2017,76.42,77.18,74.14,74.14,3994
01/12/2017,73.38,73.38,71.48,72.62,1258
01/13/2017,72.24,77.56,71.86,75.66,4770
01/17/2017,75.66,76.42,75.28,76.23,2450
01/18/2017,76.8,78.7,76.04,76.8,3867
01/19/2017,76.42,76.42,72.62,73,1868
01/20/2017,73.76,74.14,73.38,73.76,904
01/23/2017,74.14,74.71,73.57,74.14,1244
01/24/2017,74.14,76.8,74.14,76.04,3267
01/25/2017,76.42,76.42,76.04,76.04,1532
01/26/2017,76.42,76.8,76.42,76.8,727
01/27/2017,76.42,76.8,75.66,76.04,927
01/30/2017,75.28,75.28,72.7,73.76,1379
01/31/2017,73,73.38,69.96,71.86,3257
02/01/2017,72.62,73,72.24,72.24,297
02/02/2017,72.24,72.24,71.1,72.24,1428
02/03/2017,73,74.14,72.36,74.14,392
02/06/2017,74.52,75.28,73.38,73.38,4233
02/07/2017,74.14,74.14,73,73,397
02/08/2017,73.38,73.38,70.72,70.72,987
02/09/2017,71.1,72.24,71.1,71.86,1668
02/10/2017,72.24,72.62,71.62,72.62,2116
02/13/2017,72.62,76.42,72.62,76.42,2406
02/14/2017,75.66,76.04,74.9,76.04,2302
02/15/2017,74.9,76.8,74.9,75.13,3172
02/16/2017,74.52,75.66,74.52,75.66,1184
02/17/2017,76.8,76.8,76.04,76.8,4964
02/21/2017,79.14,79.14,76.35,76.81,3455
02/22/2017,77.2,77.97,75.69,76.81,2745
02/23/2017,76.42,76.81,75.14,76.42,1898
02/24/2017,75.57,76.42,74.48,76.42,1402
02/27/2017,75.65,76.81,74.87,76.04,1685
02/28/2017,75.26,75.26,72.16,72.54,4030
03/01/2017,73.32,73.71,72.16,73.71,1735
03/02/2017,73.71,74.48,73.71,74.48,815
03/03/2017,74.1,74.44,72.93,72.93,1012
03/06/2017,74.1,74.1,72.16,72.54,914
03/07/2017,71.77,72.54,71.38,72.16,1600
03/08/2017,72.54,72.93,71.77,72.54,873
03/09/2017,72.54,77.59,72.54,72.54,3556
03/10/2017,74.48,74.48,72.54,72.54,1107
03/13/2017,72.93,72.93,69.05,69.83,8214
03/14/2017,70.22,70.22,68.66,68.66,3748
03/15/2017,69.44,69.44,67.89,68.28,2409
03/16/2017,66.72,68.66,66.72,67.69,5986
03/17/2017,67.12,67.18,62.07,64.79,8742
03/20/2017,64.4,64.4,63.62,64.01,2932
03/21/2017,64.01,64.01,60.91,62.85,6364
03/22/2017,62.85,62.95,61.68,61.68,2424
03/23/2017,61.68,62.07,61.68,61.86,2979
03/24/2017,62.46,62.85,61.68,61.68,3432
03/27/2017,61.29,63.62,61.29,62.85,3124
03/28/2017,62.46,63.23,62.07,62.46,3368
03/29/2017,62.46,64.79,62.07,64.01,3370
03/30/2017,64.01,64.79,64.01,64.4,1327
03/31/2017,64.4,65.17,63.62,64.2,2872
04/03/2017,64.4,65.17,63.62,64.01,2900
04/04/2017,64.01,64.4,62.07,62.07,3267
04/05/2017,62.85,64.01,59.74,60.13,8144
04/06/2017,60.52,60.91,57.03,58.58,6686
04/07/2017,58.19,59.74,58.19,58.97,5153
04/10/2017,58.97,60.13,58.58,58.58,6772
04/11/2017,58.97,63.23,58.58,61.1,5187
04/12/2017,61.29,64.01,60.94,62.85,3210
04/13/2017,63.23,64.79,62.46,64.01,3711
04/17/2017,64.01,64.61,61.68,61.68,6111
04/18/2017,62.07,63.23,61.29,61.68,3044
04/19/2017,61.68,63.62,60.91,62.07,3841
04/20/2017,62.07,63.62,61.68,62.46,3120
04/21/2017,62.07,64.01,62.07,63.23,2422
04/24/2017,63.23,63.23,62.07,62.07,3691
04/25/2017,62.07,62.46,62.07,62.07,1390
04/26/2017,62.07,62.46,61.68,61.68,2235
04/27/2017,62.46,62.46,60.13,60.52,5006
04/28/2017,60.91,60.91,59.35,59.74,4161
05/01/2017,60.13,60.13,57.8,58.58,3958
05/02/2017,58.97,59.35,58.19,58.58,1482
05/03/2017,57.8,57.97,52.37,52.37,15012
05/04/2017,52.37,54.75,52.37,54.5,7550
05/05/2017,54.7,54.7,53.92,54.12,1750
05/08/2017,54.31,54.7,52.76,52.95,4829
05/09/2017,52.76,53.54,49.66,49.66,4575
05/10/2017,49.27,50.04,48.49,48.88,8653
05/11/2017,49.27,49.27,48.49,49.27,3432
05/12/2017,48.1,49.66,47.33,49.27,4259
05/15/2017,49.27,50.04,48.88,50.04,2779
05/16/2017,50.43,52.37,50.43,51.21,9569
05/17/2017,51.21,51.6,50.04,50.82,5402
05/18/2017,52.02,52.02,49.22,49.62,5073
05/19/2017,49.62,49.94,46.82,47.62,9546
05/22/2017,47.22,49.22,47.22,48.62,9092
05/23/2017,48.42,48.82,46.82,47.62,15137
05/24/2017,47.22,48.82,46.82,46.82,6231
05/25/2017,47.62,48.07,46.02,46.42,4555
05/26/2017,46.23,47.22,44.82,46.02,19706
05/30/2017,46.02,46.02,44.82,45.62,4952
05/31/2017,45.62,47.22,45.22,46.82,7727
06/01/2017,46.82,48.42,45.22,45.62,14702
06/02/2017,46.02,47.18,46.02,46.42,9154
06/05/2017,46.42,47.22,46.42,46.82,1255
06/06/2017,46.82,47.62,46.82,47.22,2071
06/07/2017,47.62,48.82,47.22,48.42,9989
06/08/2017,48.82,52.02,48.02,51.22,5154
06/09/2017,52.02,53.62,51.22,52.82,3884
06/12/2017,52.82,55.62,52.06,52.82,3818
06/13/2017,52.82,52.82,50.82,51.62,2522
06/14/2017,51.22,51.62,50.02,51.02,2431
06/15/2017,51.22,51.62,48.02,48.02,2945
06/16/2017,47.62,48.82,47.62,48.02,3643
06/19/2017,48.42,49.62,48.02,48.82,1811
06/20/2017,48.82,49.22,47.22,48.22,3028
06/21/2017,48.42,48.42,47.62,48.02,1057
06/22/2017,47.62,48.82,47.58,48.82,1780
06/23/2017,48.02,52.82,48.02,52.42,8851
06/26/2017,52.5,52.82,51.66,52.82,1834
06/27/2017,51.62,52.42,50.82,51.22,2057
06/28/2017,50.42,52.42,50.42,52.42,1936
06/29/2017,52.82,52.82,50.62,52.02,4029
06/30/2017,52.42,53.62,52.02,52.02,3483
07/03/2017,52.82,54.42,52.57,54.02,2206
07/05/2017,54.02,54.02,53.22,53.62,1196
07/06/2017,53.22,53.22,52.22,52.42,1691
07/07/2017,52.05,54.02,51.82,53.22,1871
07/10/2017,53.22,53.22,52.42,52.42,1482
07/11/2017,52.02,52.82,50.82,52.02,1785
07/12/2017,52.42,53.22,52.1,52.82,2666
07/13/2017,53.22,53.22,52.42,52.62,725
07/14/2017,52.42,53.22,52.42,53.22,829
07/17/2017,53.22,53.22,52.42,53.22,1392
07/18/2017,52.82,52.82,50.02,50.42,4137
07/19/2017,50.42,52.82,50.02,52.42,1478
07/20/2017,52.42,52.82,51.66,52.02,1374
07/21/2017,52.82,52.82,51.22,52.02,1579
07/24/2017,51.62,53.22,50.02,52.42,3555
07/25/2017,52.42,52.42,50.82,51.22,1595
07/26/2017,51.62,52.02,51.22,51.62,3121
07/27/2017,51.34,53.22,50.82,51.22,5251
07/28/2017,51.22,52.02,51.22,51.22,1127
07/31/2017,51.22,52.82,51.22,51.62,3350
08/01/2017,51.22,51.22,50.82,51.22,2613
08/02/2017,50.82,51.22,50.82,51.02,1336
08/03/2017,51.22,53.22,50.82,51.62,15006
08/04/2017,51.22,51.22,50.42,50.42,3085
08/07/2017,50.82,50.82,50.42,50.42,2041
08/08/2017,50.42,50.42,46.42,46.42,14043
08/09/2017,46.82,50.42,46.42,50.42,5941
08/10/2017,49.62,52.78,49.62,51.22,3219
08/11/2017,49.62,51.22,49.62,50.82,3655
08/14/2017,51.22,53.22,50.82,52.82,3645
08/15/2017,52.82,52.82,52.02,52.02,1330
08/16/2017,52.42,52.42,50.42,50.42,3381
08/17/2017,50.82,51.62,50.02,50.02,8902
08/18/2017,50.42,52.42,48.82,51.62,12958
08/21/2017,52.03,52.03,49.97,50.38,2214
08/22/2017,50.38,50.64,49.14,49.55,1361
08/23/2017,48.73,49.14,48.32,49.14,1351
08/24/2017,49.56,49.56,47.9,48.73,1675
08/25/2017,49.14,49.14,48.32,48.32,764
08/28/2017,48.73,49.14,47.9,48.32,1015
08/29/2017,48.32,48.73,48.32,48.73,969
08/30/2017,48.73,49.14,48.32,49.14,1552
08/31/2017,49.14,52.03,49.14,51.62,3992
09/01/2017,52.03,52.03,50.38,50.38,3049
09/05/2017,50.79,50.79,49.56,49.56,1379
09/06/2017,49.97,50.38,49.56,49.56,1494
09/07/2017,50.38,50.88,48.73,48.73,4780
09/08/2017,49.14,49.14,48.73,48.73,1354
09/11/2017,48.73,49.14,48.32,48.73,727
09/12/2017,48.73,50.38,48.73,49.56,1608
09/13/2017,49.97,50.79,49.56,50.79,869
09/14/2017,50.38,51.62,49.14,49.93,4750
09/15/2017,49.97,50.79,49.14,50.38,5570
09/18/2017,51.21,51.5,50.38,50.79,1073
09/19/2017,50.38,51.21,49.56,49.56,1169
09/20/2017,49.56,52.03,49.56,51.21,6350
09/21/2017,51.62,51.62,49.56,49.56,778
09/22/2017,50.11,50.79,49.14,49.97,2448
09/25/2017,50.79,50.79,49.97,50.38,332
09/26/2017,49.97,50.38,49.97,50.38,458
09/27/2017,49.97,52.03,49.56,51.41,2026
09/28/2017,51.21,51.62,50.38,50.79,331
09/29/2017,50.79,51.21,50.38,51.21,3094
10/02/2017,51.21,52.03,50.79,52.03,2497
10/03/2017,52.45,52.86,51.21,52.45,4800
10/04/2017,52.03,52.86,52.03,52.65,768
10/05/2017,52.86,53.68,52.86,52.86,5157
10/06/2017,52.03,52.03,51.21,52.03,4044
10/09/2017,52.03,53.27,52.03,52.03,2780
10/10/2017,53.27,53.27,52.03,52.86,5195
10/11/2017,53.27,53.35,50.38,51.62,14177
10/12/2017,50.79,52.03,50.38,51.21,1370
10/13/2017,50.79,51.62,48.73,48.94,4630
10/16/2017,49.15,49.88,48.73,49.15,3207
10/17/2017,49.56,49.56,49.14,49.14,654
10/18/2017,49.56,49.97,49.14,49.14,1551
10/19/2017,48.73,49.56,48.32,49.56,1584
10/20/2017,49.56,50.79,49.14,49.97,3399
10/23/2017,49.14,49.56,48.32,48.52,5493
10/24/2017,49.14,50.38,48.32,48.32,4026
10/25/2017,48.32,49.14,47.9,48.32,3767
10/26/2017,47.49,48.32,47.08,47.7,2112
10/27/2017,47.9,47.9,47.08,47.9,2679
10/30/2017,47.9,48.32,46.66,46.66,2830
10/31/2017,47.49,47.9,46.66,47.08,2643
11/01/2017,47.49,47.49,46.66,47.08,1382
11/02/2017,47.49,47.9,45.84,47.08,9306
11/03/2017,46.66,47.94,45.91,47.08,3210
11/06/2017,47.08,47.86,46.25,46.66,3092
11/07/2017,46.25,46.31,45.84,46.25,1547
11/08/2017,46.25,48.73,45.43,48.73,7013
11/09/2017,47.9,48.32,45.84,48.32,4968
11/10/2017,48.32,50.38,47.9,48.73,3663
11/13/2017,49.14,49.14,47.9,47.9,4163
11/14/2017,47.9,49.56,46.66,46.87,5374
11/15/2017,46.66,46.66,45.84,46.25,3520
11/16/2017,46.66,47.49,45.84,47.28,4159
11/17/2017,47.69,49.56,47.69,49.56,6395
11/20/2017,49.14,52.45,48.73,52.03,18214
11/21/2017,52.45,55.75,51.62,54.51,24602
11/22/2017,54.07,56.63,53.22,56.2,15716
11/24/2017,54.92,55.78,54.5,55.35,2784
11/27/2017,55.35,56.63,54.07,56.63,8104
11/28/2017,56.2,57.05,54.92,56.63,5978
11/29/2017,56.63,58.33,55.78,57.9,8432
11/30/2017,57.9,60.46,57.48,60.03,7777
12/01/2017,60.03,60.03,56.2,57.48,3263
12/04/2017,57.05,59.61,56.63,58.76,9145
12/05/2017,58.76,59.61,56.63,57.05,4622
12/06/2017,55.35,56.2,54.92,55.78,3491
12/07/2017,54.5,59.61,54.5,55.35,3123
12/08/2017,56.2,57.05,55.35,57.05,1802
12/11/2017,56.2,57.48,54.92,57.05,1317
12/12/2017,55.35,56.2,54.92,55.35,1855
12/13/2017,55.78,56.2,54.5,54.92,2246
12/14/2017,55.35,55.78,54.92,55.35,2302
12/15/2017,55.35,57.05,54.5,56.63,5129
12/18/2017,56.63,57.05,56.2,56.63,958
12/19/2017,57.05,57.05,54.92,55.35,1283
12/20/2017,55.78,56.16,54.92,55.35,972
12/21/2017,55.35,60.88,55.35,60.88,10164
12/22/2017,60.03,60.03,56.63,56.63,3421
12/26/2017,57.05,57.05,55.78,56.2,980
12/27/2017,56.63,57.48,56.63,56.63,348
12/28/2017,57.05,57.05,55.35,55.78,623
12/29/2017,56.63,56.63,55.35,55.78,1308
01/02/2018,55.78,55.82,55.35,55.82,1526
01/03/2018,55.78,56.63,54.5,54.5,1693
01/04/2018,54.93,55.03,54.5,54.5,1680
01/05/2018,54.5,55.35,54.5,54.92,524
01/08/2018,54.5,54.92,54.5,54.92,1344
01/09/2018,55.14,55.35,54.5,54.92,1422
01/10/2018,54.5,55.35,54.5,54.5,897
01/11/2018,54.92,55.35,54.92,54.92,1199
01/12/2018,54.92,57.05,54.92,56.27,2612
01/16/2018,57.9,57.9,55.35,56.2,1636
01/17/2018,56.2,56.67,56.05,56.63,1402
01/18/2018,56.63,57.2,56.63,56.63,831
01/19/2018,56.63,57.48,56.63,57.48,1251
01/22/2018,57.39,57.61,56.24,57.05,1657
01/23/2018,57.9,57.9,56.63,57.48,755
01/24/2018,57.05,57.05,56.63,56.63,765
01/25/2018,57.05,57.05,55.35,55.35,916
01/26/2018,55.77,56.26,55.35,55.35,650
01/29/2018,55.35,56.03,55.35,55.78,1222
01/30/2018,54.92,55.35,54.5,54.65,3836
01/31/2018,54.5,55.35,54.5,54.5,1044
02/01/2018,54.5,54.92,54.5,54.5,794
02/02/2018,54.92,54.92,53.65,54.28,830
02/05/2018,54.07,54.07,52.37,52.37,3837
02/06/2018,51.52,52.37,51.09,51.3,4387
02/07/2018,51.52,53.65,50.67,53.65,2698
02/08/2018,52.79,52.79,51.94,51.94,747
02/09/2018,52.79,53.65,51.94,53.22,1705
02/12/2018,53.22,54.07,52.79,52.92,1622
02/13/2018,51.94,53.22,51.94,52.16,1189
02/14/2018,51.94,51.94,51.09,51.09,964
02/15/2018,51.09,53.65,51.09,53.22,1950
02/16/2018,53.22,54.11,53.22,54.07,1917
02/20/2018,54.5,55.35,54.07,54.28,8013
02/21/2018,54.51,56.27,53.63,54.95,2540
02/22/2018,55.83,55.99,54.95,55.83,3682
02/23/2018,55.83,56.71,55.39,55.39,1155
02/26/2018,55.83,57.15,54.95,57.15,2009
02/27/2018,57.15,57.59,55.39,55.39,1229
02/28/2018,56.27,56.71,53.63,53.63,894
03/01/2018,53.19,53.19,51.87,52.75,5050
03/02/2018,51.87,52.31,51.87,52.31,209
03/05/2018,51.87,53.63,51.43,53.19,583
03/06/2018,53.63,54.51,53.63,54.07,173
03/07/2018,53.63,54.95,52.75,54.51,1076
03/08/2018,54.51,55.19,52.8,54.07,1169
03/09/2018,54.95,54.95,54.07,54.29,442
03/12/2018,54.07,55.39,54.07,55.39,1572
03/13/2018,55.39,56.23,54.51,56.23,4991
03/14/2018,56.27,59.35,55.39,58.03,4838
03/15/2018,58.91,58.91,58.03,58.47,573
03/16/2018,58.03,58.91,57.59,58.91,3612
03/19/2018,58.03,62.42,58.03,62.2,4487
03/20/2018,61.98,61.98,57.59,57.59,2522
03/21/2018,57.59,58.03,55.83,55.83,2469
03/22/2018,55.39,57.98,55.39,55.83,8825
03/23/2018,55.83,57.59,55.83,56.71,1517
03/26/2018,56.27,57.59,56.27,57.59,1073
03/27/2018,57.15,58.91,54.95,55.83,2849
03/28/2018,55.39,56.71,55.39,55.83,796
03/29/2018,56.27,56.27,50.01,50.01,5057
04/02/2018,50.12,50.56,49.68,49.68,2064
04/03/2018,49.68,52.75,49.24,52.75,11150
04/04/2018,51.87,52.75,51.87,52.53,3832
04/05/2018,52.31,52.75,51.87,52.31,731
04/06/2018,52.31,52.53,51.87,52.31,3887
04/09/2018,52.31,52.31,49.24,49.24,5413
04/10/2018,49.68,49.68,48.36,49.24,4545
04/11/2018,48.8,49.24,48.36,48.36,5786
04/12/2018,48.8,48.8,47.92,47.92,1328
04/13/2018,48.36,48.8,47.92,48.14,1251
04/16/2018,48.36,48.8,47.92,47.92,766
04/17/2018,49.24,49.24,47.92,47.92,1327
04/18/2018,48.36,48.8,48.36,48.36,681
04/19/2018,49.24,49.24,48.36,48.58,4465
04/20/2018,48.36,50.12,48.36,48.8,1217
04/23/2018,49.68,50.12,49.68,50.12,660
04/24/2018,49.91,50.56,48.8,48.8,919
04/25/2018,48.8,49.24,48.36,48.36,701
04/26/2018,48.36,49.24,48.36,48.8,260
04/27/2018,48.36,49.68,48.36,49.68,1877
04/30/2018,49.68,50.64,49.68,50.56,398
05/01/2018,50.56,50.56,48.36,49.24,804
05/02/2018,48.8,50.12,48.59,50.12,459
05/03/2018,49.23,49.68,49.23,49.23,152
05/04/2018,49.24,50.99,49.24,49.68,2969
05/07/2018,50.56,50.56,48.8,48.8,711
05/08/2018,50.12,50.12,49.24,49.24,662
05/09/2018,50.12,50.12,47.48,47.62,11480
05/10/2018,47.48,48.36,47.48,47.7,4744
05/11/2018,47.48,47.87,46.6,46.6,9816
05/14/2018,47.04,47.04,46.16,46.16,5224
05/15/2018,46.16,46.38,45.28,45.28,12296
05/16/2018,45.28,45.28,43.08,43.52,9169
05/17/2018,43.96,44.84,43.08,43.3,5358
05/18/2018,43.96,43.96,43.08,43.08,4505
05/21/2018,43.52,45.28,43.52,44.84,8531
05/22/2018,44.84,45.28,44.4,44.4,6809
05/23/2018,44.4,46.23,43.94,44.86,10749
05/24/2018,44.4,44.4,42.34,43.03,9580
05/25/2018,43.03,43.39,41.2,41.2,3086
05/29/2018,41.65,41.65,38.91,38.91,4494
05/30/2018,39.82,40.28,38.91,39.37,3054
05/31/2018,39.37,39.78,37.99,37.99,5767
06/01/2018,37.99,37.99,37.53,37.99,3461
06/04/2018,37.99,39.82,37.99,38.45,6346
06/05/2018,39.37,39.37,36.62,37.08,7196
06/06/2018,36.62,37.53,36.62,36.62,6591
06/07/2018,37.08,37.08,29.3,31.13,47526
06/08/2018,32.04,32.96,31.58,31.85,4293
06/11/2018,32.04,32.45,31.13,31.13,5995
06/12/2018,32.04,32.04,30.21,30.21,11664
06/13/2018,30.67,30.67,29.3,29.52,7635
06/14/2018,29.75,29.75,28.38,28.38,6442
06/15/2018,28.38,28.84,28.38,28.38,15450
06/18/2018,29.3,33.41,28.84,32.04,18048
06/19/2018,31.58,32.5,31.13,31.58,6805
06/20/2018,31.13,31.41,30.67,30.67,5107
06/21/2018,30.67,32.04,29.75,31.58,14748
06/22/2018,31.13,35.7,31.13,33.87,97546
06/25/2018,33.87,34.79,32.04,34.79,12333
06/26/2018,34.79,36.16,32.96,33.41,7990
06/27/2018,32.5,32.96,31.58,32.5,6232
06/28/2018,32.5,32.91,31.58,31.58,4957
06/29/2018,31.58,32.96,31.58,32.04,4880
07/02/2018,32.5,32.5,31.58,32.04,2719
07/03/2018,32.5,32.96,32.04,32.5,3458
07/05/2018,33.41,34.79,33.41,34.33,6052
07/06/2018,33.87,34.33,32.96,32.96,3326
07/09/2018,33.41,34.33,33.41,33.64,3556
07/10/2018,34.33,34.79,33.41,33.41,3021
07/11/2018,33.41,34.33,33.36,34.33,3798
07/12/2018,34.79,34.79,33.87,34.33,3828
07/13/2018,33.87,34.33,33.41,33.87,1867
07/16/2018,33.87,33.87,32.96,33.41,2115
07/17/2018,33.41,33.87,32.96,33.87,2028
07/18/2018,33.87,33.87,33.41,33.41,1512
07/19/2018,33.87,34.33,33.41,34.33,2854
07/20/2018,34.33,34.56,33.41,34.33,2823
07/23/2018,34.33,34.56,33.87,34.33,2215
07/24/2018,34.33,34.33,33.41,33.87,5465
07/25/2018,33.41,34.79,33.41,33.41,1056
07/26/2018,33.87,33.87,33.41,33.41,2028
07/27/2018,34.33,34.33,33.41,33.64,1364
07/30/2018,34.33,34.33,33.87,34.33,2752
07/31/2018,34.33,34.33,33.87,34.33,3116
08/01/2018,34.33,36.16,34.26,34.33,9131
08/02/2018,35.25,35.25,34.33,34.33,1340
08/03/2018,34.79,35.25,33.41,33.41,8305
08/06/2018,33.87,33.87,31.58,32.96,9141
08/07/2018,33.87,33.87,32.04,32.73,3309
08/08/2018,32.5,32.96,30.21,31.13,11826
08/09/2018,31.58,32.04,30.21,31.58,10434
08/10/2018,44.86,50.35,44.4,48.98,139114
08/13/2018,48.06,48.52,47.15,48.52,16764
08/14/2018,47.6,49.89,47.6,48.98,21396
08/15/2018,48.52,49.22,45.31,47.15,51501
08/16/2018,46.23,49.44,46.23,49.44,17906
08/17/2018,48.52,49.89,48.43,49.44,24361
08/20/2018,50.35,50.35,48.74,49.89,22059
08/21/2018,49.89,50.35,49.44,49.89,11123
08/22/2018,50.37,50.84,48.47,49.89,9705
08/23/2018,49.89,50.84,48.94,49.89,17618
08/24/2018,50.37,50.84,49.47,50.37,15612
08/27/2018,50.37,50.84,49.89,50.37,12964
08/28/2018,50.37,51.32,50.17,51.32,8202
08/29/2018,50.84,51.32,49.89,49.89,17083
08/30/2018,49.89,50.84,49.89,49.89,2102
08/31/2018,50.37,50.84,48.94,50.37,10368
09/04/2018,49.89,50.84,49.89,49.89,8604
09/05/2018,50.37,50.37,49.79,49.89,1198
09/06/2018,49.89,50.37,49.89,50.13,5304
09/07/2018,50.37,50.37,49.42,49.89,1538
09/10/2018,50.37,50.37,49.89,50.13,4447
09/11/2018,50.37,50.37,49.89,50.37,3271
09/12/2018,49.89,50.37,49.66,50.13,9209
09/13/2018,50.37,50.84,49.89,49.89,766
09/14/2018,49.89,50.37,49.42,49.89,6019
09/17/2018,49.89,50.37,49.89,50.13,3652
09/18/2018,49.89,50.37,49.89,49.89,726
09/19/2018,49.89,50.37,49.89,50.37,3178
09/20/2018,49.89,51.79,49.89,51.32,4394
09/21/2018,51.32,51.32,50.37,50.37,903
09/24/2018,50.84,51.32,49.89,50.37,2329
09/25/2018,49.89,50.37,49.42,49.42,12596
09/26/2018,50.23,50.84,49.89,49.89,1725
09/27/2018,50.37,50.84,49.89,49.89,1268
09/28/2018,50.37,50.84,49.89,50.37,1011
10/01/2018,49.89,50.84,49.73,50.46,3286
10/02/2018,50.27,50.65,50.27,50.46,2557
10/03/2018,50.37,50.65,50.37,50.65,1313
10/04/2018,50.84,50.84,50.37,50.56,2171
10/05/2018,50.37,50.65,50.37,50.37,1165
10/08/2018,50.37,50.75,50.37,50.75,1019
10/09/2018,50.75,50.84,50.56,50.84,1212
10/10/2018,50.65,50.84,50.37,50.37,1497
10/11/2018,50.37,50.6,49.89,49.99,1590
10/12/2018,50.27,50.75,50.23,50.37,1385
10/15/2018,50.65,50.75,50.37,50.37,2805
10/16/2018,50.46,50.75,50.37,50.65,707
10/17/2018,50.46,50.75,50.37,50.37,743
10/18/2018,49.99,50.17,49.04,49.42,3182
10/19/2018,49.42,49.83,49.13,49.42,7060
10/22/2018,49.7,49.7,48.94,49.32,1117
10/23/2018,49.13,49.42,48.85,49.04,659
10/24/2018,48.94,49.8,48.94,49.04,1268
10/25/2018,49.61,49.61,48.94,48.94,273
10/26/2018,48.94,50.18,48.94,50.13,1302
10/29/2018,49.99,49.99,49.16,49.99,724
10/30/2018,49.99,50.75,49.7,49.99,1166
10/31/2018,50.37,50.46,49.89,49.89,1025
11/01/2018,50.32,50.84,50.32,50.75,797
11/02/2018,50.84,50.84,50.56,50.56,549
11/05/2018,50.46,51.79,50.46,51.79,1619
11/06/2018,51.41,51.79,51.03,51.32,1178
11/07/2018,51.13,51.67,50.94,50.94,871
11/08/2018,51.22,52.08,50.74,51.79,2463
11/09/2018,50.78,51.89,50.78,51.89,1672
11/12/2018,51.7,51.99,50.37,50.37,6613
11/13/2018,49.61,51.13,49.61,51.13,1504
11/14/2018,49.89,54.17,49.89,52.27,4788
11/15/2018,52.93,52.93,51.94,52.65,2531
11/16/2018,52.93,53.22,52.36,53.12,4589
11/19/2018,52.84,52.84,52.27,52.65,1242
11/20/2018,52.46,52.54,51.63,52.46,1211
11/21/2018,52.27,53.22,51.79,52.27,3707
11/23/2018,52.08,53.77,52.08,53.22,1920
11/26/2018,54.07,54.55,52.46,53.22,11500
11/27/2018,53.23,53.82,52.54,53.23,3977
11/28/2018,52.73,52.73,50.57,51.45,8447
11/29/2018,51.45,51.95,50.98,51.45,4887
11/30/2018,50.76,51.26,49.48,50.47,2080
12/03/2018,50.57,51.75,50.12,51.45,3723
12/04/2018,51.65,51.75,50.22,50.37,548
12/06/2018,49.88,50.47,49.19,49.19,2221
12/07/2018,49.09,49.28,44.75,46.23,3574
12/10/2018,46.33,46.87,42.88,43.97,5086
12/11/2018,44.45,45.34,43.78,44.26,2026
12/12/2018,44.45,45.34,44.16,44.16,1229
12/13/2018,43.96,44.45,42.78,42.78,2217
12/14/2018,42.98,43.67,39.92,40.02,3622
12/17/2018,40.41,41.89,40.41,40.71,2143
12/18/2018,40.61,42.78,40.3,41.6,1513
12/19/2018,41.3,41.3,37.85,39.13,4518
12/20/2018,37.95,37.95,31.15,33.81,12169
12/21/2018,34.01,34.5,32.79,33.12,13266
12/24/2018,33.12,36.96,32.63,36.67,5514
12/26/2018,37.46,37.85,36.58,36.86,2775
12/27/2018,36.96,38.64,36.96,38.2,4381
12/28/2018,37.95,39.33,37.9,38.24,7403
12/31/2018,38.15,38.86,37.46,38.05,5905
01/02/2019,38.24,38.24,36.37,37.46,2014
01/03/2019,37.65,38.44,37.65,37.95,637
01/04/2019,38.44,38.64,38.24,38.34,4178
01/07/2019,38.44,38.54,37.95,38.44,4786
01/08/2019,38.24,38.33,37.56,37.75,1897
01/09/2019,37.95,38.93,37.94,38.74,1097
01/10/2019,38.54,40.61,38.54,39.82,4613
01/11/2019,39.92,39.92,39.72,39.82,1647
01/14/2019,39.92,41.2,37.55,38.93,2704
01/15/2019,39.13,39.23,38.34,38.54,1947
01/16/2019,38.34,39.92,38.34,39.53,3194
01/17/2019,39.43,39.92,39.23,39.62,1028
01/18/2019,38.84,41.4,38.84,40.81,8004
01/22/2019,40.02,40.91,38.93,39.38,7120
01/23/2019,38.54,40.41,38.54,39.43,6810
01/24/2019,39.43,39.43,38.44,39.43,7359
01/25/2019,39.43,39.43,39.31,39.43,2439
01/28/2019,39.43,43.17,39.43,42.68,3746
01/29/2019,42.68,45.44,42.09,43.67,7162
01/30/2019,43.57,45.34,43.37,45.34,2647
01/31/2019,43.86,47.71,43.86,47.21,4916
02/01/2019,47.41,49.19,47.41,48.69,6212
02/04/2019,36.67,39.43,32.73,37.46,104716
02/05/2019,36.96,39.62,34.99,39.53,28228
02/06/2019,38.74,38.74,34.18,38.34,11404
02/07/2019,38.64,39.81,36.4,39.63,7513
02/08/2019,39.62,41.2,38.24,38.24,8869
02/11/2019,38.74,39.92,38.64,39.13,7371
02/12/2019,39.82,39.92,38.74,39.33,8288
02/13/2019,40.02,40.02,38.44,39.23,4425
02/14/2019,39.23,39.92,38.97,39.62,3246
02/15/2019,39.82,39.92,39.33,39.92,5654
02/19/2019,40.31,40.37,39.65,39.82,5477
02/20/2019,39.82,40.71,39.54,39.92,3058
02/21/2019,40.41,40.41,38.44,39.53,2742
02/22/2019,39.13,40.02,39.09,39.09,2632
02/25/2019,39.33,39.33,36.47,37.26,8099
02/26/2019,37.16,37.66,36.67,36.67,2474
02/27/2019,35.4,36.57,34.33,34.82,6275
02/28/2019,35.09,36.68,35.09,36.47,4350
03/01/2019,36.96,36.96,35.58,35.78,2430
03/04/2019,35.58,35.58,33.51,34.79,3610
03/05/2019,34.6,36.37,34.06,36.27,2205
03/06/2019,35.98,37.26,35.78,36.96,6104
03/07/2019,37.06,37.06,34.15,34.7,8416
03/08/2019,34.7,36.27,34.5,35.98,3290
03/11/2019,35.58,37.16,34.99,34.99,3014
03/12/2019,34.6,35.39,34.25,35.39,4237
03/13/2019,35.09,35.48,34.34,35.48,2494
03/14/2019,35.68,36.17,35.68,35.98,2921
03/15/2019,35.88,35.98,32.72,34.2,9867
03/18/2019,33.12,33.73,32.83,32.88,1889
03/19/2019,33.51,34.01,30.65,30.65,8177
03/20/2019,31.05,31.05,28.39,29.37,7704
03/21/2019,29.37,31.25,29.37,30.85,2663
03/22/2019,30.75,33.22,30.26,31.64,10090
03/25/2019,32.43,32.43,29.47,30.46,4780
03/26/2019,31.05,31.15,30.16,30.26,3152
03/27/2019,30.56,34.79,30.56,34.4,10110
03/28/2019,34.3,35.39,34.1,34.6,4841
03/29/2019,33.71,34.4,31.21,34.01,8481
04/01/2019,34.3,35.19,33.98,34.6,10955
04/02/2019,31.54,32.13,29.77,31.84,23796
04/03/2019,32.43,32.92,31.54,32.33,6246
04/04/2019,32.62,34.2,32.52,34.2,2441
04/05/2019,34.4,34.4,32.13,33.32,5543
04/08/2019,33.06,33.32,32.72,32.72,3235
04/09/2019,32.43,32.82,31.64,32.23,2665
04/10/2019,31.94,32.98,31.65,32.83,1908
04/11/2019,32.53,32.82,32.04,32.13,1011
04/12/2019,32.33,32.73,32.19,32.33,1147
04/15/2019,32.33,32.43,31.85,32.23,1167
04/16/2019,32.03,32.53,30.74,32.33,9877
04/17/2019,32.03,33.82,32.03,33.03,4035
04/18/2019,32.63,33.33,32.63,33.23,2780
04/22/2019,32.33,32.43,29.4,30.84,7322
04/23/2019,30.64,30.84,30.34,30.44,1300
04/24/2019,30.04,31.04,29.55,30.56,1794
04/25/2019,30.04,30.54,29.84,29.84,1286
04/26/2019,30.14,30.24,29.35,29.74,3131
04/29/2019,29.84,30.24,28.75,29.35,1473
04/30/2019,29.3,30.24,29.05,29.15,1075
05/01/2019,28.85,28.85,28.25,28.65,2559
05/02/2019,28.85,29.73,28.66,29.35,1383
05/03/2019,29.55,30.28,29.35,29.9,1762
05/06/2019,29.25,30.54,29.25,30.04,447
05/07/2019,29.84,29.84,27.66,28.65,3549
05/08/2019,28.95,29.05,28.2,28.65,892
05/09/2019,28.05,28.95,28.05,28.95,660
05/10/2019,29.15,29.35,28.45,29.15,2233
05/13/2019,28.95,29.51,28.25,28.85,1476
05/14/2019,28.45,28.62,27.38,27.85,1996
05/15/2019,27.66,27.66,26.26,27.26,3906
05/16/2019,26.76,26.76,23.58,23.58,5560
05/17/2019,24.27,24.38,21.49,23.18,14080
05/20/2019,22.88,24.77,22.28,23.88,817
05/21/2019,24.17,25.96,24.02,25.96,1798
05/22/2019,24.97,26.56,24.97,26.56,1200
05/23/2019,26.16,26.86,25.37,25.77,773
05/24/2019,25.77,26.46,24.57,25.77,2438
05/28/2019,25.91,25.91,25.17,25.77,607
05/29/2019,25.27,25.67,24.87,24.87,649
05/30/2019,24.97,25.57,23.48,24.97,772
05/31/2019,25.05,25.17,25.05,25.17,287
06/03/2019,24.67,25.42,24.35,24.77,480
06/04/2019,25.07,25.96,24.67,25.44,935
06/05/2019,26.16,29.65,26.16,28.35,3028
06/06/2019,28.05,28.05,27.06,27.26,548
06/07/2019,26.95,28.15,26.95,28.15,1752
06/10/2019,27.95,28.55,26.86,26.86,307
06/11/2019,27.16,28.49,26.36,27.35,1261
06/12/2019,26.66,27.56,26.66,27.46,105
06/13/2019,27.46,27.46,25.57,25.57,717
06/14/2019,25.57,25.57,25.28,25.37,286
06/17/2019,24.97,25.96,24.97,24.97,617
06/18/2019,24.67,25.37,24.39,25.27,1295
06/19/2019,25.77,25.86,25.47,25.86,681
06/20/2019,25.86,25.86,25.47,25.47,179
06/21/2019,25.27,25.27,24.15,24.47,665
06/24/2019,24.84,25.57,24.47,24.47,922
06/25/2019,24.27,24.27,23.48,23.55,718
06/26/2019,24.47,24.47,23.67,23.68,428
06/27/2019,23.88,24.37,23.62,23.77,700
06/28/2019,23.78,24.47,23.48,24.47,514
07/01/2019,24.27,25.2,24.27,24.67,216
07/02/2019,24.67,24.67,24.59,24.59,20
07/03/2019,24.47,24.47,23.99,24.27,227
07/05/2019,24.17,24.87,23.63,24.27,787
07/08/2019,24.57,25.37,24.47,25.37,391
07/09/2019,24.67,24.67,24.07,24.47,1177
07/10/2019,24.47,25.27,24.37,25.27,360
07/11/2019,24.77,25.37,24.5,24.5,219
07/12/2019,24.77,25.27,24.77,25.27,241
07/15/2019,24.1,24.22,24.07,24.07,922
07/16/2019,23.33,24.87,23.31,24.87,138
07/17/2019,24.69,24.69,24.57,24.57,31
07/18/2019,24.28,24.84,24.28,24.78,240
07/19/2019,24.57,24.58,23.58,24.38,3026
07/22/2019,25.17,25.67,24.97,25.37,914
07/23/2019,24.73,25.37,24.47,24.47,268
07/24/2019,22.42,23.68,22.18,23.63,972
07/25/2019,22.98,24.07,21.9,24.02,585
07/26/2019,24.07,24.07,23.88,23.88,384
07/29/2019,31.24,32.33,29.55,31.24,39614
07/30/2019,31.04,32.83,31.04,32.43,14797
07/31/2019,32.23,33.72,32.23,33.62,8927
08/01/2019,33.82,33.82,33.03,33.33,629
08/02/2019,34.22,34.22,32.83,33.33,2178
08/05/2019,33.43,34.22,33.13,33.3,6134
08/06/2019,33.32,34.32,33.23,33.72,2095
08/07/2019,33.82,33.82,33.23,33.72,4907
08/08/2019,33.72,34.32,33.72,34.32,4934
08/09/2019,33.23,34.22,33.23,34.02,2705
08/12/2019,33.82,34.62,33.82,34.42,3445
08/13/2019,34.12,34.62,34.12,34.42,1836
08/14/2019,34.62,34.62,34.12,34.22,1276
08/15/2019,34.62,34.62,33.62,33.62,6661
08/16/2019,33.53,33.64,32.83,33.43,4395
08/19/2019,33.43,34.12,32.53,32.53,4466
08/20/2019,32.83,33.52,32.73,33.23,1818
08/21/2019,33.19,33.72,33.19,33.23,934
08/22/2019,33.23,33.62,32.93,32.93,2169
08/23/2019,33.23,33.52,31.93,32.83,4672
08/26/2019,32.43,32.93,32.13,32.13,1522
08/27/2019,32.63,32.73,32.03,32.13,2599
08/28/2019,32.43,33.52,32.43,32.83,828
08/29/2019,32.43,33.62,32.43,33.13,6788
08/30/2019,32.83,33.82,32.83,33.52,5825
09/03/2019,33.52,33.72,33.37,33.72,543
09/04/2019,33.32,33.62,33.32,33.62,500
09/05/2019,33.43,33.7,33.34,33.43,589
09/06/2019,33.43,33.62,33.43,33.43,1288
09/09/2019,33.43,33.62,33.33,33.46,2057
09/10/2019,33.33,33.82,33.33,33.52,1897
09/11/2019,33.52,33.82,33.14,33.33,2840
09/12/2019,33.33,33.82,33.33,33.62,1007
09/13/2019,33.62,34.22,33.62,33.62,1891
09/16/2019,33.33,33.82,33.33,33.43,1085
09/17/2019,33.33,33.52,33.03,33.23,2190
09/18/2019,33.43,33.62,32.93,33.03,3520
09/19/2019,32.73,33.33,32.53,32.73,856
09/20/2019,32.53,33.72,32.53,33.72,5088
09/23/2019,33.03,33.62,33.03,33.62,1540
09/24/2019,33.33,33.34,32.8,33.23,2065
09/25/2019,33.23,34.32,33.23,33.72,360
09/26/2019,33.02,34.32,33.02,34.32,883
09/27/2019,34.51,35.61,34.4,35.61,4583
09/30/2019,36.31,36.31,34.32,34.72,4802
10/01/2019,34.62,34.82,33.43,33.72,3019
10/02/2019,33.77,34.92,33.53,34.62,751
10/03/2019,34.62,34.72,33.52,34.52,650
10/04/2019,34.22,35.02,33.52,34.32,1064
10/07/2019,34.82,34.82,33.92,34.72,692
10/08/2019,34.32,34.61,33.72,33.92,1585
10/09/2019,34.42,35.02,34.32,34.72,1281
10/10/2019,34.33,34.82,34.32,34.82,357
10/11/2019,35.02,35.61,34.49,35.22,686
10/14/2019,35.12,36.31,35.02,35.02,3368
10/15/2019,35.61,36.01,34.72,34.72,1453
10/16/2019,34.82,35.42,34.52,34.62,1221
10/17/2019,34.89,34.99,34.62,34.72,759
10/18/2019,34.82,34.82,33.67,34.02,2305
10/21/2019,34.02,34.52,32.83,33.13,4151
10/22/2019,32.83,33.77,32.53,32.73,3784
10/23/2019,33.43,33.43,31.98,32.53,5748
10/24/2019,32.74,33.33,31.83,32.03,4513
10/25/2019,31.93,33.23,31.83,32.53,4089
10/28/2019,32.23,33.52,32.23,32.83,192
10/29/2019,32.03,32.63,32.03,32.33,2666
10/30/2019,32.03,32.83,31.14,32.53,3639
10/31/2019,31.93,32.29,31.93,32.13,1285
11/01/2019,32.23,34.82,30.88,32.73,5044
11/04/2019,32.43,32.73,32.03,32.13,427
11/05/2019,32.63,32.83,31.83,32.13,455
11/06/2019,31.83,32.03,31.83,32.03,361
11/07/2019,31.74,32.33,30.84,31.14,3019
11/08/2019,30.74,32.23,30.74,32.03,846
11/11/2019,32.83,32.83,31.14,32.13,394
11/12/2019,31.74,32.25,30.84,31.24,954
11/13/2019,30.64,31.07,24.97,27.55,14750
11/14/2019,27.85,29.15,27.85,28.65,2639
11/15/2019,28.05,28.45,24.14,27.45,6217
11/18/2019,27.95,27.95,25.86,27.66,2567
11/19/2019,27.26,28.65,26.45,28.25,1748
11/20/2019,28.15,28.45,27.26,27.36,2104
11/21/2019,28.15,28.95,27.36,28.35,3967
11/22/2019,27.36,28.65,27.36,28.65,1684
11/25/2019,27.86,29.05,27.86,28.85,3377
11/26/2019,27.95,29.33,27.85,27.95,1294
11/27/2019,27.45,29.27,27.45,29.14,1429
11/29/2019,28.75,29.35,28.75,29.05,113
12/02/2019,29.65,30.34,29.65,29.84,2379
12/03/2019,29.65,29.84,28.65,29.3,2072
12/04/2019,28.45,29.5,28.45,28.8,5932
12/05/2019,28.85,29.55,28.85,29.45,2231
12/06/2019,28.75,30.14,28.75,29.94,2949
12/09/2019,29.35,30.84,29.35,30.04,702
12/10/2019,30.54,30.54,30.04,30.34,565
12/11/2019,30.34,30.34,29.75,29.84,1241
12/12/2019,29.9,30.24,29.55,29.6,917
12/13/2019,29.55,29.84,29.15,29.25,654
12/16/2019,29.69,29.84,29.35,29.5,464
12/17/2019,29.15,30.74,29.05,30.54,5498
12/18/2019,30.14,30.44,29.61,30.24,1295
12/19/2019,30.14,30.64,29.35,30.39,2114
12/20/2019,29.91,31.24,29.91,31.24,1890
12/23/2019,30.44,30.64,29.25,29.35,2500
12/24/2019,29.45,30.34,29.45,29.84,316
12/26/2019,29.25,30.34,29.25,30.03,1415
12/27/2019,29.65,30.14,29.55,30.14,3118
12/30/2019,29.95,30.04,29.35,29.45,2351
12/31/2019,28.85,30.04,28.65,29.45,18649
01/02/2020,29.25,29.65,29.25,29.54,445
01/03/2020,29.45,30.14,29.35,30.14,1172
01/06/2020,29.94,30.14,29.7,30.14,1202
01/07/2020,29.74,31.83,29.74,31.54,3332
01/08/2020,31.14,31.93,30.33,31.54,4263
01/09/2020,31.24,32.83,30.05,32.73,3217
01/10/2020,32.33,32.53,31.63,31.73,7156
01/13/2020,31.44,32.23,30.86,31.44,3361
01/14/2020,31.24,32.23,31.24,32.03,192
01/15/2020,31.93,32.33,31.83,32.03,3495
01/16/2020,32.33,32.53,31.33,31.34,1383
01/17/2020,30.34,31.63,30.34,31.53,454
01/21/2020,30.74,31.14,30.41,30.94,854
01/22/2020,30.64,31.14,29.84,30.14,914
01/23/2020,30.14,30.44,29.35,30.14,526
01/24/2020,29.84,30.04,29.15,29.84,2750
01/27/2020,29.84,29.84,29.15,29.7,1848
01/28/2020,29.65,30.34,29.45,30.34,1832
01/29/2020,29.88,30.18,29.18,29.88,544
01/30/2020,29.78,30.38,29.48,30.08,1055
01/31/2020,29.98,30.38,29.48,30.18,435
02/03/2020,29.98,30.48,29.58,29.68,908
02/04/2020,29.58,29.88,29.58,29.78,508
02/05/2020,29.88,29.88,29.68,29.68,254
02/06/2020,29.58,29.68,29.58,29.58,353
02/07/2020,29.77,29.94,29.58,29.58,1602
02/10/2020,29.78,29.78,28.38,28.48,3898
02/11/2020,29.98,29.98,28.33,28.88,3303
02/12/2020,28.59,28.89,28.49,28.89,341
02/13/2020,28.19,29.28,27.75,28.88,4226
02/14/2020,29.18,29.88,28.58,29.28,665
02/18/2020,28.78,29.73,28.28,28.88,1287
02/19/2020,27.07,28.88,27.07,28.39,936
02/20/2020,28.88,29.08,28.48,28.58,1473
02/21/2020,28.88,28.88,28.19,28.38,222
02/24/2020,28.29,28.48,27.59,27.89,343
02/25/2020,28.48,28.88,26.99,27.79,649
02/26/2020,27.33,27.58,26.13,26.93,1013
02/27/2020,26.82,26.82,26.82,26.82,52
02/28/2020,26.03,26.42,25.13,25.73,1318
03/02/2020,25.33,27.12,25.13,27.12,917
03/03/2020,26.53,26.63,25.43,25.93,6387
03/04/2020,25.53,26.33,25.13,25.43,783
03/05/2020,24.83,25.14,23.93,23.93,744
03/06/2020,23.44,24.47,21.24,21.83,2841
03/09/2020,20.24,20.24,17.351,18.951,1691
03/10/2020,19.903,21.74,14.459,15.756,5269
03/11/2020,15.457,15.756,13.462,14.808,3124
03/12/2020,13.861,13.861,9.573,9.873,9128
03/13/2020,10.57,11.767,9.809,10.77,1550
03/16/2020,9.912,9.912,8.215,9.031,2918
03/17/2020,9.178,9.224,7.214,7.214,1119
03/18/2020,6.6314,6.6314,2.8288,3.1009,3625
03/19/2020,3.4902,10.271,3.4902,7.182,11082
03/20/2020,7.758,8.257,7.082,7.464,7612
03/23/2020,7.678,7.678,4.9847,5.3865,2858
03/24/2020,5.4898,7.509,5.4898,6.7797,6093
03/25/2020,6.8807,6.8807,6.2175,6.5815,3238
03/26/2020,6.0989,14.559,5.9832,11.468,35885
03/27/2020,13.7,14.3,8.2,8.851,27249
03/30/2020,7.9669,8.92,6.5017,7.4258,7810
03/31/2020,7,7.4,6.6009,6.7969,1680
04/01/2020,6.7,6.7,5,5.512,4113
04/02/2020,5.7898,6.29,5.1875,5.7678,2544
04/03/2020,5.5,5.85,4.4985,4.5,2978
04/06/2020,4.95,5,4.32,4.415,3867
04/07/2020,4.84,5,4.5,4.951,4488
04/08/2020,5.2,6.5,5.198,5.803,4610
04/09/2020,6.4981,6.79,5.8,5.8174,5069
04/13/2020,6.1,7,5.5,5.637,5469
04/14/2020,6.41,6.41,5.0039,6,3565
04/15/2020,6.3,7,5.2015,5.8007,1154
04/16/2020,6.09,6.09,5.5018,5.7869,4513
04/17/2020,6.061,6.5,5.4,5.5,4397
04/20/2020,5.301,5.5,4.9279,4.9399,5452
04/21/2020,4.446,5.5,3.9,4.17,7590
04/22/2020,4.566,5,4.45,4.898,4222
04/23/2020,5.15,5.5,4.6,5.165,2612
04/24/2020,5.2,5.2,4.5,4.65,6526
04/27/2020,4.892,5.14,4.202,4.7508,3180
04/28/2020,5.2,5.22,4.4964,4.9861,4139
04/29/2020,5.145,5.4,4.702,5.269,12099
04/30/2020,4.877,5.3,4.8,5,4411
05/01/2020,4.7,4.91,4.7,4.749,2977
05/04/2020,4.99,4.99,4.6,4.6047,5666
05/05/2020,4.5,5.2,3.45,3.8,60569
05/06/2020,3.7056,4.02,2.8,3.0047,46913
05/07/2020,3.8,3.99,3.1,3.5,44417
05/08/2020,3.55,3.6,3.21,3.267,28177
05/11/2020,3.5,3.5,3,3.29,42977
05/12/2020,3.2,3.3,3.06,3.267,10192
05/13/2020,3.3,3.3,3,3.188,12842
05/14/2020,3.143,3.3,3.0009,3.1019,10662
05/15/2020,3.38,3.38,3.121,3.3,9528
05/18/2020,3.465,4.7,2.951,4.101,195872
05/19/2020,4.1,4.6,2.89,3.802,120200
05/20/2020,3.99,3.99,3.598,3.878,26655
05/21/2020,3.7,4,3.6,3.9,23419
05/22/2020,3.9,3.9,3.507,3.7,18526
05/26/2020,3.885,4,3.7,3.875,15095
05/27/2020,4,4.7,3.98,4.45,43006
05/28/2020,4.896,4.9,4.0068,4.5009,42991
05/29/2020,4.7,4.7,4.298,4.499,13929
06/01/2020,4.4,4.6,4.2,4.2829,18388
06/02/2020,4.62,4.62,4.0764,4.225,15161
06/03/2020,4.5,4.51,4.1071,4.401,13713
06/04/2020,4.4,5.58,4.4,5.26,51314
06/05/2020,5.94,6.4,5.113,6.095,64863
06/08/2020,7.69,9.9,7.1,8.4,100768
06/09/2020,8.9751,9.21,8.6981,8.8471,38088
06/10/2020,8.63,8.63,6.05,7.96,66412
06/11/2020,6.506,7.3,5.197,6.2296,35847
06/12/2020,6.499,7.05,6.3991,6.822,23430
06/15/2020,6.9,6.9,6.4,6.871,11445
06/16/2020,6.7982,7.38,6.7982,6.9,14686
06/17/2020,6.8,14.5,6.492,11.902,950010
06/18/2020,11,11.3,9.5,10.7,212438
06/19/2020,10.2,10.9,9.3,9.667,83231
06/22/2020,8.5019,9.2,7.7008,8.821,87761
06/23/2020,8.318,8.67,7.5,8.595,51761
06/24/2020,8.02,8.55,7.713,7.953,32903
06/25/2020,7.501,8.5,7.501,8.342,55849
06/26/2020,8.2,8.5,7.5078,7.5268,34595
06/29/2020,7.5,7.85,7.3,7.402,17925
06/30/2020,7.6,8.5,7.412,7.701,58421
07/01/2020,7.7,8.95,7.6,8.08,69239
07/02/2020,8.4,8.5,7.6,7.76,53045
07/06/2020,7.798,7.99,6.8743,7.6991,36565
07/07/2020,7.2,7.67,7.012,7.2,17750
07/08/2020,7,7.6,6.971,7.1,25979
07/09/2020,7.031,7.4,6.9729,6.9729,16199
07/10/2020,7.1,7.44,6.7983,6.9552,11040
07/13/2020,6.6,6.9,6.1,6.35,49473
07/14/2020,6.49,6.49,5.545,5.866,22207
07/15/2020,6.077,6.33,5.7009,6.097,38447
07/16/2020,6.2,6.8,6.101,6.24,54345
07/17/2020,6.3,7.5,5.92,7.3,165807
07/20/2020,7.14,7.2,6.525,6.768,61809
07/21/2020,6.95,8.8,6.8,7.718,187499
07/22/2020,7.0026,8.2,7.0026,7.3557,109471
07/23/2020,7.6009,8.7,7.6009,7.8289,97826
07/24/2020,7.3,7.9,7.217,7.8,47867
07/27/2020,7.6,7.79,7.011,7.399,45331
07/28/2020,7.434,7.5,6.5,7.1,49935
07/29/2020,6.929,7.4,6.929,7.271,52926
07/30/2020,7.2223,7.71,6.8295,7.3452,69261
07/31/2020,7.439,8,7.16,7.16,58572
08/03/2020,7.2942,7.69,7.0164,7.4441,41737
08/04/2020,7.261,7.5,7.201,7.283,14091
08/05/2020,7.221,7.4,7.05,7.239,31084
08/06/2020,7.253,7.34,6.9789,7.1439,42037
08/07/2020,7.5,9,7.32,7.596,277214
08/10/2020,7.3,7.9,7.2868,7.6429,42075
08/11/2020,7.8,7.8,7.2009,7.2289,23780
08/12/2020,7.56,7.56,6.761,7.033,49454
08/13/2020,7.084,7.4,6.8,7.183,54441
08/14/2020,7.0019,7.4,7.0019,7.0189,30254
08/17/2020,6.4,6.8,6,6.498,61957
08/18/2020,6.523,13.9,6.3,8.6,1649863
08/19/2020,7.5,8.2,7.036,7.564,253499
08/20/2020,7.3739,7.54,7.0037,7.1958,125962
08/21/2020,7.1,8.2,7.018,7.352,205372
08/24/2020,7.1328,7.58,6.7627,7.0488,132352
08/25/2020,7.157,8.2,6.814,7.305,354441
08/26/2020,7.5,8.7,7.5,8.492,212507
08/27/2020,8.6037,9.38,7.5842,8.7047,232859
08/28/2020,8.11,8.5,7.6,8.301,44412
08/31/2020,8.1,8.2,7.9,7.999,36384
09/01/2020,7.96,7.96,7.2009,7.4839,89103
09/02/2020,7.381,7.6,7.028,7.233,42763
09/03/2020,7.5,7.5,6.651,6.858,32794
09/04/2020,6.651,7.08,6.301,6.52,28416
09/08/2020,6.6,7.07,6.3179,6.831,64319
09/09/2020,6.802,7.1,6.55,6.682,53243
09/10/2020,6.8,7,6.422,6.625,37965
09/11/2020,6.551,6.8,6.3209,6.461,64693
09/14/2020,6.65,6.65,6.3149,6.4599,32885
09/15/2020,6.433,7.15,6.35,6.899,90346
09/16/2020,6.8,6.9,6.52,6.781,30796
09/17/2020,6.555,6.78,6.3491,6.639,11968
09/18/2020,6.702,6.73,6.419,6.546,6603
09/21/2020,6.58,6.58,6.201,6.242,15684
09/22/2020,6.217,6.29,5.6173,5.8982,51883
09/23/2020,6.16,6.16,5.5627,5.5837,17429
09/24/2020,5.6,6.1,4.985,5.827,51990
09/25/2020,5.875,6.17,5.61,6,14914
09/28/2020,6,6.1,5.741,6.014,10337
09/29/2020,5.843,6.2,5.654,6.199,37753
09/30/2020,6.2,6.4,5.82,5.849,24544
10/01/2020,5.8681,6.04,5.816,5.8771,13395
10/02/2020,5.7991,6.3,5.7991,6.018,9319
10/05/2020,5.802,6.02,5.802,5.938,9057
10/06/2020,6.196,6.2,5.7009,5.7199,14495
10/07/2020,5.75,5.85,5.603,5.751,9164
10/08/2020,6,6.46,5.649,6.104,67229
10/09/2020,6.1,6.29,5.902,5.951,38334
10/12/2020,26.3,27.9,9.706,11,6426994
10/13/2020,8.9078,9.9,8.1016,8.1226,334046
10/14/2020,8.3,10.6,7.5,8.057,593783
10/15/2020,7.989,9,7.52,7.89,264287
10/16/2020,7.6,8.4,7.6,8,114412
10/19/2020,7.7632,9.2,7.7632,8.2981,255571
10/20/2020,7.9,8.8,7.9,8.495,144254
10/21/2020,8.104,8.3,7.5,7.823,106188
10/22/2020,7.9,8.5,7.55,8.112,133419
10/23/2020,6.6,6.86,6.0319,6.0999,138083
10/26/2020,6.2,6.2,5.656,5.901,49383
10/27/2020,6.2,6.2,5.6191,5.7201,26387
10/28/2020,5.672,5.8,5.251,5.349,46256
10/29/2020,5.19,5.4,5,5.094,38869
10/30/2020,5,5.03,4.8,4.8248,33596
11/02/2020,4.42,5.5,4.42,5.1669,302041
11/03/2020,5.16,6.75,5.16,6.45,360786
11/04/2020,6.31,6.31,5.4,5.49,105932
11/05/2020,5.59,6.02,5.59,5.83,64694
11/06/2020,5.85,5.85,5.57,5.6401,23149
11/09/2020,5.98,8.09,5.72,6.43,706236
11/10/2020,6.18,6.6899,5.75,6.12,109741
11/11/2020,5.99,6.69,5.99,6.4207,104274
11/12/2020,6.48,6.67,6.07,6.18,41039
11/13/2020,6.3,7,6.2202,6.71,210630
11/16/2020,6.88,7.33,6.35,6.9,246817
11/17/2020,6.72,6.75,6.35,6.73,325403
11/18/2020,8.27,8.27,7.2,7.36,245726
11/19/2020,7.34,7.35,6.7,6.89,101974
11/20/2020,6.74,6.95,6.66,6.78,41689
11/23/2020,6.68,7.46,6.68,7.38,47448
11/24/2020,7.3,7.81,7.24,7.53,96175
11/25/2020,7.38,7.53,7.1,7.38,42699
11/27/2020,7.6,7.7,7.17,7.21,15795
11/30/2020,7.14,7.37,6.72,7.04,39830
12/01/2020,7.1,7.33,6.9,7,88209
12/02/2020,6.96,7.33,6.85,7.26,24551
12/03/2020,7.26,7.6824,7.24,7.49,38086
12/04/2020,7.67,7.71,7.3002,7.56,27238
12/07/2020,7.5,8.5,7.49,7.72,133867
12/08/2020,7.5,7.8,7.35,7.71,49172
12/09/2020,7.8,8.04,7.51,7.65,29843
12/10/2020,7.78,7.96,7.52,7.74,32539
12/11/2020,7.53,9.266,7.27,7.93,376022
12/14/2020,7.49,7.91,7.11,7.5,115445
12/15/2020,7.36,8,7.13,7.21,175256
12/16/2020,7.24,7.431,7.03,7.11,108354
12/17/2020,7.2,7.48,7.08,7.11,86326
12/18/2020,7.29,8.15,7.2,7.45,297678
12/21/2020,7.35,7.63,7.2,7.29,89988
12/22/2020,7.32,7.61,7.05,7.35,293713
12/23/2020,7.36,7.69,7.15,7.19,161693
12/24/2020,7.22,7.52,7.12,7.19,173069
12/28/2020,7.23,8.6699,7.23,7.69,489477
12/29/2020,7.59,7.91,7.26,7.3,81761
12/30/2020,7.41,8.36,7.41,7.88,264799
12/31/2020,7.91,9.25,7.6201,7.91,319622
