03/19/2015,12.323,12.323,11.528,11.528,400
03/20/2015,11.369,11.528,11.369,11.528,900
03/23/2015,11.139,11.226,10.932,10.932,14000
03/24/2015,10.853,10.908,10.256,10.399,11800
03/25/2015,10.455,10.892,10.399,10.694,39200
03/26/2015,10.733,11.528,10.733,11.33,54000
03/27/2015,11.25,11.528,11.21,11.33,18400
03/30/2015,11.409,11.687,11.33,11.489,13600
03/31/2015,11.489,11.489,11.012,11.139,34100
04/01/2015,11.131,11.131,10.855,11.012,90883
04/02/2015,10.733,11.202,10.519,11.059,213303
04/06/2015,10.84,11.576,10.84,11.532,296259
04/07/2015,11.489,11.648,11.388,11.489,102723
04/08/2015,11.449,11.576,11.433,11.513,90965
04/09/2015,11.353,11.528,11.298,11.357,158134
04/10/2015,11.274,11.393,11.139,11.155,330315
04/13/2015,11.139,11.25,10.972,11.02,353530
04/14/2015,11.051,11.091,10.972,11.012,126449
04/15/2015,11.012,11.163,11.008,11.115,186608
04/16/2015,11.083,11.155,10.98,11.131,215672
04/17/2015,11.028,11.171,11.02,11.147,264502
04/20/2015,11.091,11.202,11.091,11.131,147235
04/21/2015,11.099,11.234,11.028,11.115,505518
04/22/2015,11.131,11.147,11.028,11.107,468527
04/23/2015,11.091,11.131,11.012,11.028,723933
04/24/2015,11.131,11.226,11.076,11.128,672191
04/27/2015,11.099,11.139,11.099,11.115,271362
04/28/2015,11.091,11.131,11.051,11.099,159934
04/29/2015,11.131,11.131,11.02,11.091,187902
04/30/2015,11.012,11.29,11.012,11.234,157555
05/01/2015,11.21,11.401,11.067,11.353,423453
05/04/2015,11.171,11.353,11.171,11.353,106055
05/05/2015,11.361,11.361,11.25,11.322,94622
05/06/2015,11.25,11.322,11.194,11.258,96361
05/07/2015,11.202,11.22,11.131,11.171,205724
05/08/2015,11.194,11.385,11.147,11.361,182175
05/11/2015,11.25,11.489,11.25,11.465,133402
05/12/2015,11.29,11.489,11.29,11.457,128568
05/13/2015,11.282,11.568,11.282,11.544,183708
05/14/2015,11.274,11.703,11.274,11.473,463374
05/15/2015,11.425,11.656,11.425,11.584,82463
05/18/2015,11.528,11.628,11.528,11.616,191499
05/19/2015,11.568,11.719,11.568,11.711,196098
05/20/2015,11.664,11.727,11.664,11.687,142714
05/21/2015,11.735,11.886,11.672,11.815,287604
05/22/2015,11.727,11.886,11.727,11.846,119516
05/26/2015,11.862,11.87,11.807,11.862,81663
05/27/2015,11.91,12.053,11.831,11.974,191541
05/28/2015,11.902,12.093,11.902,12.077,132687
05/29/2015,12.093,12.117,12.029,12.029,107931
06/01/2015,12.037,12.18,11.982,12.149,112804
06/02/2015,12.093,12.125,11.958,12.037,108831
06/03/2015,11.966,12.085,11.831,11.942,110577
06/04/2015,11.862,11.974,11.687,11.838,161130
06/05/2015,11.703,11.815,11.576,11.767,332138
06/08/2015,11.767,11.902,11.767,11.878,152561
06/09/2015,11.926,12.069,11.894,11.974,194500
06/10/2015,12.045,12.045,11.902,11.926,156443
06/11/2015,11.979,12.052,11.681,11.955,173540
06/12/2015,11.899,11.955,11.697,11.826,140917
06/15/2015,11.753,11.915,11.689,11.729,152165
06/16/2015,11.689,11.85,11.689,11.826,146425
06/17/2015,11.794,11.915,11.786,11.842,158158
06/18/2015,11.818,11.89,11.689,11.689,438115
06/19/2015,11.713,12.003,11.713,11.882,955149
06/22/2015,11.866,11.955,11.681,11.689,157152
06/23/2015,11.753,11.826,11.689,11.721,175090
06/24/2015,11.697,11.77,11.513,11.681,169447
06/25/2015,11.608,11.689,11.165,11.262,353510
06/26/2015,11.181,11.487,11.012,11.278,1754499
06/29/2015,11.302,11.326,10.705,10.802,293168
06/30/2015,10.923,10.923,10.633,10.826,167382
07/01/2015,10.891,11.092,10.617,11.068,179083
07/02/2015,11.036,11.141,10.693,10.746,134718
07/06/2015,10.746,10.826,10.601,10.794,130472
07/07/2015,10.802,10.834,10.641,10.802,126460
07/08/2015,10.722,10.77,10.504,10.722,98690
07/09/2015,10.746,10.778,10.464,10.73,153422
07/10/2015,10.778,10.907,10.56,10.794,166163
07/13/2015,10.746,10.818,10.593,10.649,161986
07/14/2015,10.601,10.673,10.46,10.609,85793
07/15/2015,10.536,10.826,10.431,10.786,140356
07/16/2015,10.73,11.088,10.73,10.899,138680
07/17/2015,10.875,10.996,10.843,10.955,75652
07/20/2015,10.899,11.987,10.859,10.915,87917
07/21/2015,10.842,11.044,10.842,10.883,70771
07/22/2015,10.851,11.004,10.842,10.923,85447
07/23/2015,10.955,10.996,10.851,10.923,115520
07/24/2015,10.883,10.915,10.867,10.891,142114
07/27/2015,10.834,10.834,10.552,10.625,119049
07/28/2015,10.552,10.56,10.302,10.31,296349
07/29/2015,10.319,10.343,10.173,10.27,377653
07/30/2015,10.165,10.593,10.141,10.254,305680
07/31/2015,10.206,10.641,10.206,10.447,166578
08/03/2015,10.431,10.56,10.327,10.536,131523
08/04/2015,10.496,10.496,10.214,10.254,105321
08/05/2015,10.238,10.275,10.133,10.206,85893
08/06/2015,10.206,10.246,9.915,9.924,107037
08/07/2015,9.859,10.036,9.786,9.907,78414
08/10/2015,9.835,9.956,9.609,9.69,222373
08/11/2015,9.19,10.367,9.158,10.359,301754
08/12/2015,10.157,10.31,9.996,10.214,167884
08/13/2015,10.093,10.335,9.916,10.206,165585
08/14/2015,10.149,10.447,9.972,10.383,257001
08/17/2015,10.302,10.778,10.302,10.778,204041
08/18/2015,10.722,10.762,10.568,10.657,85693
08/19/2015,10.593,10.593,10.319,10.359,140092
08/20/2015,10.238,10.359,10.238,10.319,124775
08/21/2015,10.214,10.319,10.077,10.093,145596
08/24/2015,9.762,10.085,9.513,9.714,151005
08/25/2015,9.915,10.278,9.754,9.956,211886
08/26/2015,10.061,10.117,9.69,9.867,162008
08/27/2015,9.851,10.069,9.601,9.948,226928
08/28/2015,9.915,10.052,9.811,10.052,143357
08/31/2015,9.996,10.052,9.843,9.956,104513
09/01/2015,9.827,9.955,9.649,9.835,211170
09/02/2015,9.899,9.956,9.827,9.915,146044
09/03/2015,9.956,10.367,9.956,10.052,116210
09/04/2015,9.996,10.036,9.851,9.996,110326
09/08/2015,10.061,10.77,10.057,10.73,264009
09/09/2015,10.738,10.907,10.56,10.786,206613
09/10/2015,10.77,10.907,10.609,10.81,168482
09/11/2015,10.75,11.339,10.717,11.298,194596
09/14/2015,11.265,11.339,11.167,11.298,96061
09/15/2015,11.208,11.527,11.208,11.421,174903
09/16/2015,11.347,11.536,11.306,11.519,121883
09/17/2015,11.413,11.822,11.396,11.748,219915
09/18/2015,11.618,12.06,11.536,11.896,1325352
09/21/2015,11.847,12.068,11.757,11.871,121569
09/22/2015,11.732,11.814,11.462,11.65,92874
09/23/2015,11.667,11.667,11.421,11.462,78488
09/24/2015,11.339,11.568,11.216,11.446,108368
09/25/2015,11.405,11.511,11.11,11.11,105768
09/28/2015,11.036,11.036,10.789,10.864,85283
09/29/2015,10.807,10.963,10.782,10.807,106967
09/30/2015,10.864,11.012,10.766,10.946,131225
10/01/2015,10.889,11.036,10.643,10.905,91035
10/02/2015,10.774,11.069,10.684,11.053,79240
10/05/2015,11.085,11.2,10.938,11.003,107864
10/06/2015,10.987,11.102,10.823,10.946,61151
10/07/2015,11.003,11.175,10.864,11.175,66174
10/08/2015,11.175,11.241,11.077,11.134,62295
10/09/2015,11.085,11.208,10.955,11.053,64995
10/12/2015,11.044,11.126,10.922,10.954,49192
10/13/2015,10.881,11.008,10.701,10.717,86519
10/14/2015,10.66,10.815,10.496,10.537,83748
10/15/2015,10.488,10.823,10.447,10.823,92179
10/16/2015,10.864,11.233,10.864,11.093,147718
10/19/2015,11.036,11.349,11.036,11.282,76805
10/20/2015,11.167,11.495,11.167,11.437,90844
10/21/2015,11.364,11.372,11.208,11.257,58862
10/22/2015,11.265,11.527,11.225,11.405,66826
10/23/2015,11.331,11.356,11.11,11.225,63051
10/26/2015,11.364,11.364,10.963,11.069,74525
10/27/2015,10.995,11.003,10.606,10.856,88077
10/28/2015,10.815,11.069,10.725,11.069,87458
10/29/2015,10.93,11.036,10.701,10.758,122999
10/30/2015,10.701,10.807,10.406,10.791,230385
11/02/2015,10.75,11.159,10.619,11.118,101474
11/03/2015,10.987,11.118,10.684,11.069,96417
11/04/2015,11.02,11.02,10.725,10.799,58963
11/05/2015,10.733,10.799,10.545,10.692,55436
11/06/2015,10.594,10.692,10.439,10.66,93181
11/09/2015,10.627,10.627,10.34,10.488,114722
11/10/2015,10.381,10.784,10.34,10.643,114377
11/11/2015,10.725,10.799,10.479,10.791,61104
11/12/2015,10.701,10.701,10.61,10.684,67425
11/13/2015,10.602,10.619,10.316,10.479,156146
11/16/2015,10.406,10.561,10.316,10.398,105440
11/17/2015,10.365,10.545,10.193,10.218,141367
11/18/2015,10.185,10.504,10.103,10.488,103080
11/19/2015,10.447,10.52,10.422,10.496,24234
11/20/2015,10.512,10.799,10.455,10.635,72639
11/23/2015,10.651,10.889,10.635,10.66,88980
11/24/2015,10.668,10.815,10.602,10.774,50859
11/25/2015,10.692,10.743,10.463,10.692,81802
11/27/2015,10.627,10.889,10.627,10.807,47802
11/30/2015,10.799,11.053,10.799,10.864,167241
12/01/2015,10.856,11.028,10.782,10.832,62500
12/02/2015,10.815,10.832,10.594,10.61,43495
12/03/2015,10.627,10.627,10.299,10.422,134417
12/04/2015,10.365,10.586,10.316,10.406,77487
12/07/2015,10.299,10.299,10.07,10.168,157797
12/08/2015,10.029,10.177,9.996,10.078,59829
12/09/2015,10.013,10.455,9.98,10.398,194477
12/10/2015,10.349,10.545,10.234,10.373,86660
12/11/2015,10.278,10.278,9.829,10.203,288624
12/14/2015,10.162,10.295,9.979,10.253,130573
12/15/2015,10.187,10.526,10.187,10.445,152839
12/16/2015,10.411,10.719,10.411,10.611,87427
12/17/2015,10.619,10.703,10.494,10.619,62917
12/18/2015,10.536,10.861,10.37,10.744,456006
12/21/2015,10.744,10.977,10.611,10.769,102452
12/22/2015,10.844,10.844,10.603,10.761,72379
12/23/2015,10.994,11.127,10.816,11.002,84721
12/24/2015,11.019,11.16,10.828,10.961,38242
12/28/2015,11.002,11.077,10.819,10.986,65835
12/29/2015,10.961,11.069,10.769,11.06,31978
12/30/2015,11.036,11.102,10.969,11.027,38536
12/31/2015,11.011,11.119,10.803,10.894,81469
01/04/2016,10.844,10.961,10.569,10.919,111596
01/05/2016,10.961,11.135,10.794,10.836,165584
01/06/2016,10.711,11.027,10.699,10.936,318197
01/07/2016,10.769,10.869,10.686,10.686,137962
01/08/2016,10.703,10.877,10.495,10.694,139965
01/11/2016,10.703,10.841,10.62,10.769,70705
01/12/2016,10.819,10.827,10.27,10.395,124639
01/13/2016,10.445,10.599,10.079,10.195,125665
01/14/2016,10.145,10.205,9.829,10.029,155375
01/15/2016,9.804,10.012,9.463,9.787,157908
01/19/2016,9.862,9.912,9.604,9.646,82699
01/20/2016,9.529,9.573,8.747,9.446,272560
01/21/2016,9.554,9.937,9.396,9.513,167464
01/22/2016,9.654,9.962,9.562,9.92,291796
01/25/2016,9.828,9.962,9.628,9.887,65759
01/26/2016,9.92,10.062,9.704,10.004,85184
01/27/2016,9.987,9.987,9.671,9.746,77226
01/28/2016,9.729,9.862,9.537,9.546,30376
01/29/2016,9.637,9.962,9.637,9.912,187495
02/01/2016,9.787,9.92,9.687,9.837,46893
02/02/2016,9.463,9.671,9.404,9.521,154266
02/03/2016,9.513,9.837,9.421,9.779,85474
02/04/2016,9.721,9.945,9.546,9.604,55811
02/05/2016,9.621,9.621,9.354,9.471,126779
02/08/2016,9.321,9.321,8.897,9.138,94440
02/09/2016,9.022,9.155,8.863,9.005,79735
02/10/2016,9.063,9.388,8.83,8.997,87247
02/11/2016,8.88,9.171,8.614,9.155,89743
02/12/2016,9.105,9.479,9.105,9.379,102249
02/16/2016,9.454,9.454,9.246,9.396,106963
02/17/2016,9.521,9.779,9.479,9.771,137401
02/18/2016,9.729,9.82,9.421,9.746,135498
02/19/2016,9.671,9.798,9.666,9.737,103512
02/22/2016,9.87,9.895,9.779,9.829,135928
02/23/2016,9.729,9.879,9.454,9.562,206132
02/24/2016,9.438,9.754,9.371,9.704,68537
02/25/2016,9.779,9.912,9.704,9.904,74847
02/26/2016,9.912,10.004,9.812,9.829,27840
02/29/2016,9.804,10.02,9.804,9.845,41077
03/01/2016,9.912,10.103,9.812,10.078,45534
03/02/2016,10.062,10.178,10.029,10.162,40464
03/03/2016,10.17,10.511,10.112,10.486,131147
03/04/2016,10.428,10.561,10.195,10.228,61734
03/07/2016,10.203,10.486,10.203,10.32,69246
03/08/2016,10.237,10.278,10.07,10.162,83282
03/09/2016,10.22,10.306,10.137,10.195,54737
03/10/2016,10.212,10.511,10.053,10.445,115721
03/11/2016,10.569,11.047,10.478,10.769,91625
03/14/2016,10.678,10.852,10.628,10.711,62319
03/15/2016,10.586,10.852,10.553,10.836,78040
03/16/2016,10.714,11.01,10.701,10.942,76470
03/17/2016,10.993,11.315,10.993,11.209,78657
03/18/2016,11.272,11.306,10.756,10.782,438090
03/21/2016,10.884,11.118,10.867,10.977,118913
03/22/2016,10.933,11.035,10.687,10.755,69349
03/23/2016,10.655,10.934,10.359,10.435,58401
03/24/2016,10.469,10.528,10.266,10.469,41045
03/28/2016,10.52,10.854,10.52,10.782,63894
03/29/2016,10.714,11.035,10.697,11.01,59546
03/30/2016,11.044,11.137,10.875,10.993,87522
03/31/2016,11.027,11.12,10.875,11.061,89301
04/01/2016,10.968,11.298,10.892,11.255,158054
04/04/2016,11.323,11.374,11.095,11.331,196228
04/05/2016,11.264,11.433,11.103,11.416,114504
04/06/2016,11.441,11.839,11.247,11.788,264952
04/07/2016,11.729,11.961,11.729,11.915,102433
04/08/2016,11.923,11.97,11.687,11.881,65700
04/11/2016,11.94,12.042,11.873,11.89,66962
04/12/2016,11.856,11.991,11.839,11.991,61802
04/13/2016,12,12.126,11.966,12.025,75246
04/14/2016,11.966,11.966,11.695,11.864,135255
04/15/2016,11.788,12.169,11.636,12.101,122857
04/18/2016,12.109,12.262,12.067,12.219,73472
04/19/2016,12.245,12.245,12.076,12.101,72508
04/20/2016,12.076,12.118,11.678,11.736,67895
04/21/2016,11.754,11.906,11.611,11.847,77896
04/22/2016,11.813,11.932,11.78,11.839,94320
04/25/2016,11.771,11.839,11.712,11.813,49992
04/26/2016,11.839,12.05,11.83,12,70909
04/27/2016,11.966,11.983,11.72,11.864,52601
04/28/2016,11.881,11.89,11.746,11.797,57304
04/29/2016,11.712,11.966,11.67,11.89,176897
05/02/2016,11.89,12.109,11.797,11.822,86295
05/03/2016,11.754,11.864,11.644,11.746,93442
05/04/2016,11.653,11.932,11.653,11.847,89874
05/05/2016,11.797,11.873,11.653,11.678,218008
05/06/2016,11.627,11.991,11.551,11.974,123434
05/09/2016,11.966,11.974,11.678,11.949,76891
05/10/2016,12.101,12.262,12.042,12.143,165183
05/11/2016,12.186,12.287,11.797,12.109,133587
05/12/2016,12.135,12.135,11.991,12.067,131606
05/13/2016,12.084,12.279,11.928,12.084,132084
05/16/2016,12.093,12.202,12.042,12.169,91195
05/17/2016,12.194,12.253,11.771,11.822,93222
05/18/2016,11.754,11.974,11.611,11.754,80197
05/19/2016,11.737,11.78,11.611,11.611,84913
05/20/2016,11.687,12.008,11.611,11.983,72133
05/23/2016,11.991,11.991,11.851,11.873,39798
05/24/2016,11.873,12.05,11.873,11.949,57195
05/25/2016,11.898,11.993,11.882,11.966,64581
05/26/2016,11.881,12.042,11.864,11.89,69360
05/27/2016,11.847,12.067,11.839,11.873,56940
05/31/2016,11.805,12,11.805,11.957,62896
06/01/2016,11.966,12.118,11.881,12.084,112192
06/02/2016,12.016,12.253,12,12.194,85800
06/03/2016,12.262,12.431,12.228,12.422,249173
06/06/2016,12.49,12.532,12.389,12.49,100689
06/07/2016,12.431,12.498,12.363,12.405,73193
06/08/2016,12.414,12.659,12.414,12.642,107375
06/09/2016,12.651,12.871,12.642,12.794,114546
06/10/2016,12.871,12.98,12.727,12.947,124126
06/13/2016,13.003,13.252,12.977,13.063,161263
06/14/2016,13.029,13.183,12.943,13.02,75969
06/15/2016,12.943,13.38,12.943,13.303,99526
06/16/2016,13.286,14.049,13.286,14.049,220920
06/17/2016,14.117,14.615,13.924,14.417,272675
06/20/2016,14.529,14.726,14.349,14.555,161848
06/21/2016,14.426,14.589,14.392,14.503,98170
06/22/2016,14.512,14.595,14.409,14.409,61530
06/23/2016,14.537,14.634,14.409,14.546,84893
06/24/2016,14.319,15.455,14.216,15.446,428204
06/27/2016,15.36,15.386,14.683,15.155,236577
06/28/2016,15.352,15.888,15.352,15.498,243413
06/29/2016,15.6,15.72,15.347,15.429,196030
06/30/2016,15.437,15.617,15.352,15.6,148542
07/01/2016,15.6,16.252,15.6,16.2,182935
07/05/2016,16.2,16.74,16.106,16.646,240985
07/06/2016,16.646,16.929,16.569,16.817,121880
07/07/2016,16.757,16.783,16.483,16.706,122233
07/08/2016,16.706,16.972,16.586,16.886,142848
07/11/2016,16.955,17.015,16.655,16.937,89270
07/12/2016,16.963,17.037,16.569,16.86,89216
07/13/2016,16.98,17.015,16.715,16.783,124685
07/14/2016,16.8,16.826,16.295,16.372,154141
07/15/2016,16.389,16.5,16.003,16.457,139706
07/18/2016,16.397,16.732,16.346,16.586,76930
07/19/2016,16.577,16.711,16.475,16.543,70471
07/20/2016,16.586,16.826,16.543,16.766,58138
07/21/2016,16.766,16.86,16.526,16.715,76278
07/22/2016,16.672,16.955,16.672,16.869,57185
07/25/2016,16.972,16.997,16.8,16.86,71352
07/26/2016,16.817,17.092,16.809,17.049,94523
07/27/2016,17.143,17.143,16.577,16.697,73442
07/28/2016,16.603,16.783,16.569,16.577,63203
07/29/2016,16.663,16.886,16.599,16.689,123185
08/01/2016,16.68,16.817,16.38,16.8,88472
08/02/2016,16.826,16.852,16.32,16.389,113490
08/03/2016,16.457,16.552,16.012,16.483,101047
08/04/2016,16.372,16.483,16.106,16.475,94798
08/05/2016,16.457,16.543,16.295,16.406,88950
08/08/2016,16.5,16.612,16.381,16.466,56328
08/09/2016,16.586,17.711,16.466,16.989,181640
08/10/2016,17.04,17.109,16.587,16.8,88419
08/11/2016,16.672,16.886,16.312,16.457,108708
08/12/2016,16.475,17.349,16.466,17.015,211495
08/15/2016,17.057,17.546,17.057,17.477,254153
08/16/2016,17.615,18.365,17.597,17.992,351572
08/17/2016,18.163,18.275,17.872,17.992,221497
08/18/2016,18.086,18.326,17.897,17.957,217400
08/19/2016,17.975,18.052,17.726,17.812,130384
08/22/2016,17.743,17.889,17.512,17.752,132558
08/23/2016,17.872,17.932,17.606,17.786,100704
08/24/2016,17.915,17.94,17.349,17.915,196851
08/25/2016,17.854,18.156,17.829,17.94,205396
08/26/2016,18.052,18.223,17.4,17.64,188842
08/29/2016,17.623,17.795,17.512,17.735,204953
08/30/2016,17.675,17.949,17.529,17.743,198008
08/31/2016,17.786,18.009,17.649,17.915,163786
09/01/2016,17.795,18.086,17.64,17.76,95538
09/02/2016,17.752,18.24,17.752,18.077,94103
09/06/2016,18.052,18.12,17.743,17.846,104182
09/07/2016,17.957,18.403,17.837,18.36,367881
09/08/2016,18.343,18.386,17.657,17.735,135501
09/09/2016,17.683,17.683,16.757,16.775,216070
09/12/2016,16.715,17.153,16.458,17.049,174668
09/13/2016,16.907,17.011,16.231,16.231,177495
09/14/2016,16.344,16.742,16.318,16.578,127684
09/15/2016,16.586,16.725,16.448,16.716,135519
09/16/2016,16.708,17.054,16.585,16.993,430686
09/19/2016,17.123,17.279,17.037,17.253,88322
09/20/2016,17.383,17.383,16.967,16.967,75311
09/21/2016,17.123,17.348,16.82,17.296,119801
09/22/2016,17.435,17.643,17.175,17.296,133614
09/23/2016,17.435,18.163,17.301,18.085,161815
09/26/2016,18.18,18.319,18.007,18.033,124092
09/27/2016,18.102,18.102,17.522,17.608,102965
09/28/2016,17.565,17.66,17.331,17.504,78661
09/29/2016,17.478,17.478,17.123,17.132,110581
09/30/2016,17.227,17.314,16.993,17.028,114978
10/03/2016,17.019,17.028,16.664,16.734,97025
10/04/2016,16.638,16.638,15.486,15.893,286880
10/05/2016,15.989,16.058,15.045,15.088,376419
10/06/2016,15.071,15.885,15.001,15.564,234107
10/07/2016,15.504,15.807,15.374,15.426,102897
10/10/2016,15.469,15.66,15.469,15.59,70116
10/11/2016,15.616,15.616,15.342,15.434,81309
10/12/2016,15.408,15.763,15.408,15.755,59350
10/13/2016,15.694,15.937,15.592,15.755,74288
10/14/2016,15.694,16.067,15.642,15.963,68101
10/17/2016,15.989,16.309,15.963,16.266,97781
10/18/2016,16.387,16.413,16.197,16.37,76224
10/19/2016,16.37,16.729,16.283,16.708,97268
10/20/2016,16.759,16.872,16.491,16.664,87345
10/21/2016,16.499,16.985,16.499,16.768,84066
10/24/2016,16.855,17.002,16.673,16.759,63676
10/25/2016,16.664,16.686,16.253,16.283,68094
10/26/2016,16.248,16.266,16.041,16.075,56718
10/27/2016,16.119,16.119,15.59,15.711,67767
10/28/2016,15.945,16.136,15.781,15.911,55920
10/31/2016,16.049,16.3,15.885,16.136,75992
11/01/2016,16.101,16.101,15.577,15.651,75044
11/02/2016,15.729,15.807,15.478,15.486,62221
11/03/2016,15.434,15.772,15.434,15.582,51969
11/04/2016,15.512,15.677,15.287,15.365,129761
11/07/2016,15.59,15.997,15.59,15.911,91613
11/08/2016,15.867,16.127,15.807,16.058,65284
11/09/2016,15.599,16.075,15.374,15.963,131871
11/10/2016,15.59,16.586,14.438,16.439,332833
11/11/2016,15.954,16.976,15.911,16.586,222920
11/14/2016,16.759,16.976,16.595,16.734,181243
11/15/2016,16.829,17.539,16.829,17.132,357787
11/16/2016,17.063,17.409,16.993,16.993,190974
11/17/2016,17.08,17.452,17.045,17.045,215138
11/18/2016,17.097,17.413,17.097,17.322,202393
11/21/2016,17.322,17.738,17.097,17.106,157138
11/22/2016,17.045,17.66,17.045,17.634,199417
11/23/2016,17.461,17.643,17.089,17.106,158765
11/25/2016,17.071,17.678,17.071,17.539,125689
11/28/2016,17.452,17.79,17.452,17.782,217481
11/29/2016,17.695,18.111,17.695,17.764,176108
11/30/2016,17.582,17.582,16.604,16.985,1598320
12/01/2016,16.95,17.063,16.695,17.011,161995
12/02/2016,17.158,17.79,17.158,17.539,266074
12/05/2016,17.53,17.877,17.439,17.756,248421
12/06/2016,17.799,18.137,17.773,17.963,245013
12/07/2016,18.111,18.258,18.024,18.059,218835
12/08/2016,17.981,18.102,17.894,17.92,181746
12/09/2016,17.92,18.267,17.773,17.898,183779
12/12/2016,17.946,18.587,17.851,18.552,198897
12/13/2016,18.456,18.657,18.001,18.185,156509
12/14/2016,18.194,18.202,17.66,17.931,192883
12/15/2016,17.879,18.202,17.879,17.992,158293
12/16/2016,18.124,18.57,17.922,18.535,313784
12/19/2016,18.5,19.2,18.5,19.034,182876
12/20/2016,19.06,19.244,18.99,19.086,93085
12/21/2016,19.121,19.226,18.789,18.841,103713
12/22/2016,18.736,18.929,18.614,18.876,148919
12/23/2016,18.806,19.025,18.806,18.92,81592
12/27/2016,18.85,19.2,18.841,18.894,130043
12/28/2016,18.946,19.095,18.71,18.981,131400
12/29/2016,18.99,19.252,18.99,19.2,151898
12/30/2016,19.165,19.585,19.095,19.55,105956
01/03/2017,19.646,19.734,19.357,19.594,192896
01/04/2017,19.778,20.11,19.646,19.97,189663
01/05/2017,20.01,20.21,19.734,20.07,220467
01/06/2017,19.874,20.13,19.874,20.03,90151
01/09/2017,20.13,20.13,19.839,19.9,82442
01/10/2017,19.865,20.22,19.69,20.21,98368
01/11/2017,20.15,20.22,19.926,20.04,102263
01/12/2017,20.11,20.15,19.757,20.04,80300
01/13/2017,19.909,20.22,19.909,20.01,48276
01/17/2017,20.15,20.5,20.15,20.47,92469
01/18/2017,20.49,20.68,20.24,20.29,88771
01/19/2017,20.2,20.28,20.01,20.15,87526
01/20/2017,20.07,20.35,20.01,20.28,55725
01/23/2017,20.25,20.62,20.18,20.54,55062
01/24/2017,20.52,20.71,20.31,20.48,91589
01/25/2017,20.55,20.77,20.4,20.56,68243
01/26/2017,20.52,20.65,20.44,20.49,82099
01/27/2017,20.55,20.55,20.18,20.36,59748
01/30/2017,20.45,20.45,20.08,20.26,97672
01/31/2017,20.1,20.6,20.1,20.22,98373
02/01/2017,20.18,20.58,19.78,20.23,71091
02/02/2017,20.36,20.54,20.09,20.36,51536
02/03/2017,20.5,20.59,20.36,20.49,57074
02/06/2017,20.48,20.6,20.36,20.42,59316
02/07/2017,20.43,20.59,20.41,20.49,56898
02/08/2017,20.54,20.58,20.22,20.4,74943
02/09/2017,20.43,20.63,20.29,20.55,48385
02/10/2017,20.56,20.86,20.35,20.67,73623
02/13/2017,20.55,20.88,20.22,20.33,120529
02/14/2017,20.14,20.67,20.05,20.54,108802
02/15/2017,20.39,20.66,20.22,20.64,65055
02/16/2017,20.49,20.87,20.41,20.57,92909
02/17/2017,20.62,20.64,20.22,20.52,64172
02/21/2017,20.47,20.58,20.22,20.51,55738
02/22/2017,20.37,20.51,20.24,20.42,66921
02/23/2017,20.46,20.74,20.33,20.65,89942
02/24/2017,20.64,21.01,20.57,20.96,53980
02/27/2017,20.99,21.26,20.91,20.94,56255
02/28/2017,20.87,20.96,20.69,20.88,112474
03/01/2017,20.82,21.32,20.74,21.15,46775
03/02/2017,21.13,21.23,21.07,21.14,56972
03/03/2017,21.13,21.35,20.88,21.32,71351
03/06/2017,21.31,21.38,21.08,21.2,51551
03/07/2017,21.12,21.23,20.99,21.02,66284
03/08/2017,20.93,21.01,20.55,20.56,85366
03/09/2017,20.43,20.76,19.96,20.27,110575
03/10/2017,20.34,20.58,20.17,20.34,80469
03/13/2017,20.37,20.53,20.18,20.3,50190
03/14/2017,20.79,20.79,19.497,19.743,137171
03/15/2017,19.681,20.04,19.585,19.961,101680
03/16/2017,19.979,20.27,19.92,19.926,97018
03/17/2017,19.952,20.75,19.952,20.69,124782
03/20/2017,20.7,20.75,20.57,20.68,48819
03/21/2017,20.69,20.88,20.6,20.61,69057
03/22/2017,20.62,20.77,20.27,20.33,48442
03/23/2017,20.28,21.06,20.24,20.87,93511
03/24/2017,20.83,21.07,20.6,20.8,42896
03/27/2017,20.85,20.93,20.4,20.53,46160
03/28/2017,20.51,20.68,20.33,20.63,29062
03/29/2017,20.61,20.83,20.53,20.83,62028
03/30/2017,20.73,21.31,20.73,21.23,130442
03/31/2017,21.3,21.44,21.02,21.34,75946
04/03/2017,21.37,21.5,21,21.26,63670
04/04/2017,21.25,21.53,21.25,21.34,61806
04/05/2017,21.4,21.7,21.2,21.48,81697
04/06/2017,21.4,21.97,21.38,21.91,86633
04/07/2017,21.96,22.27,21.92,21.94,61314
04/10/2017,22.04,22.27,21.91,21.98,77031
04/11/2017,22.09,22.43,22.09,22.23,60496
04/12/2017,22.21,22.25,21.9,22.06,53032
04/13/2017,22.03,22.08,21.72,22.02,82951
04/17/2017,22.12,22.27,22.04,22.1,29486
04/18/2017,22.03,22.52,21.75,22.38,110341
04/19/2017,22.28,22.54,21.85,22.01,121477
04/20/2017,22.06,22.06,21.72,21.91,61788
04/21/2017,21.9,22.03,21.8,21.88,59885
04/24/2017,22.03,22.05,21.38,21.61,65934
04/25/2017,21.62,21.84,21.5,21.58,89062
04/26/2017,21.64,21.73,21.3,21.34,123963
04/27/2017,21.36,21.52,21.24,21.35,57261
04/28/2017,21.3,21.33,20.96,21.21,65880
05/01/2017,21.22,21.95,21.04,21.87,102503
05/02/2017,21.88,22.07,21.39,21.54,80115
05/03/2017,21.58,22.22,21.48,22.11,118029
05/04/2017,22.05,22.22,21.7,21.91,98749
05/05/2017,21.95,22.06,21.68,21.89,47567
05/08/2017,21.98,22,21.61,21.66,45699
05/09/2017,21.6,21.9,21.41,21.7,63987
05/10/2017,21.7,22.08,21.62,21.98,68937
05/11/2017,21.89,22.16,21.85,22.06,68161
05/12/2017,22.09,22.34,21.97,22.24,90640
05/15/2017,22.34,22.76,22.29,22.76,117034
05/16/2017,22.68,22.82,22.43,22.58,155988
05/17/2017,22.51,22.59,22.13,22.41,101851
05/18/2017,22.31,22.61,22.04,22.25,51102
05/19/2017,22.21,22.31,22.07,22.15,61911
05/22/2017,22.11,22.2,21.91,22.12,58174
05/23/2017,22.16,22.22,21.91,21.96,91021
05/24/2017,21.99,22.12,21.76,21.89,50227
05/25/2017,21.88,21.98,21.33,21.56,68568
05/26/2017,21.54,21.84,21.37,21.82,62288
05/30/2017,21.83,21.85,21.46,21.5,49813
05/31/2017,21.53,21.75,21.24,21.35,185848
06/01/2017,21.33,21.92,21.3,21.9,68244
06/02/2017,21.96,22.65,21.86,22.38,59115
06/05/2017,22.3,22.53,22.08,22.53,61127
06/06/2017,22.56,22.56,22.27,22.29,32439
06/07/2017,22.27,22.64,22.27,22.5,62500
06/08/2017,22.57,22.88,22.32,22.74,75686
06/09/2017,22.8,23.06,22.62,22.72,54372
06/12/2017,22.68,22.9,22.39,22.53,76041
06/13/2017,22.63,22.67,22.44,22.65,46697
06/14/2017,22.77,22.94,22.55,22.82,60806
06/15/2017,22.69,23.19,22.69,23.02,42265
06/16/2017,22.75,22.91,22.63,22.73,86383
06/19/2017,22.78,23.1,22.7,22.85,56148
06/20/2017,22.86,23.12,22.67,22.74,50123
06/21/2017,22.66,22.84,22.48,22.62,43952
06/22/2017,22.63,22.7,22.42,22.44,39188
06/23/2017,22.43,22.91,22.41,22.77,185148
06/26/2017,22.87,23.01,22.49,22.58,45444
06/27/2017,22.52,22.57,21.86,22.21,64301
06/28/2017,22.26,22.59,22.18,22.24,32059
06/29/2017,22.22,22.26,21.74,22.25,66256
06/30/2017,22.33,22.6,22.16,22.18,40996
07/03/2017,22.28,22.74,21.92,22.63,44840
07/05/2017,22.64,22.77,22.34,22.72,84645
07/06/2017,22.7,22.7,21.85,22.01,42822
07/07/2017,22.01,22.16,21.8,22.12,34263
07/10/2017,22.1,22.19,21.51,21.67,92575
07/11/2017,21.71,22.2,21.43,21.96,71620
07/12/2017,22.02,22.5,22.02,22.21,42904
07/13/2017,22.18,22.25,21.84,21.88,39786
07/14/2017,21.92,22.19,21.92,22.08,40378
07/17/2017,22.06,22.62,21.99,22.48,53408
07/18/2017,22.38,22.54,22.26,22.43,37232
07/19/2017,22.46,22.8,22.46,22.69,25994
07/20/2017,22.83,22.83,22.41,22.48,20940
07/21/2017,22.83,22.83,22.41,22.53,37149
07/24/2017,22.59,22.59,22.22,22.37,23082
07/25/2017,22.37,22.4,22.2,22.21,26772
07/26/2017,22.21,22.72,22.16,22.61,32252
07/27/2017,22.59,22.87,22.43,22.67,93850
07/28/2017,22.64,23.18,22.58,22.96,89239
07/31/2017,22.97,22.98,22.18,22.37,48818
08/01/2017,22.42,22.5,21.36,21.98,122096
08/02/2017,21.86,21.87,21.2,21.3,121065
08/03/2017,21.2,21.84,21.2,21.79,174834
08/04/2017,21.76,22.01,21.52,21.56,53191
08/07/2017,21.53,21.53,21.2,21.23,105500
08/08/2017,21.21,21.55,21.2,21.42,80117
08/09/2017,21.42,21.44,21.13,21.21,75234
08/10/2017,21.21,21.32,20.95,21.07,80471
08/11/2017,21.08,21.15,20.62,20.67,85022
08/14/2017,20.81,21.42,20.76,21.36,56188
08/15/2017,21.28,21.37,21,21.2,62662
08/16/2017,21.19,21.54,21.19,21.38,50703
08/17/2017,21.3,21.5,21.13,21.17,45881
08/18/2017,21.03,21.03,20.36,20.77,109450
08/21/2017,20.75,21.13,20.74,20.96,60658
08/22/2017,20.94,21.03,20.54,20.59,83234
08/23/2017,20.53,21.18,20.53,20.94,58750
08/24/2017,20.96,21.07,20.86,20.96,66580
08/25/2017,20.97,21,20.72,20.78,35711
08/28/2017,20.77,20.92,20.62,20.66,60514
08/29/2017,20.69,20.86,20.53,20.56,49157
08/30/2017,20.54,20.79,20.5,20.68,57705
08/31/2017,20.69,21.01,20.69,20.77,54679
09/01/2017,20.74,20.85,20.73,20.77,36651
09/05/2017,20.8,21.11,20.8,20.88,55866
09/06/2017,20.9,21.24,20.85,20.86,42486
09/07/2017,20.84,21.04,20.78,21,35791
09/08/2017,21,21.35,20.87,21.11,76038
09/11/2017,21.19,21.77,21.19,21.69,52618
09/12/2017,21.62,21.71,20.99,21.03,56382
09/13/2017,21.05,21.26,20.95,21.1,46209
09/14/2017,21.09,21.2,20.92,21.16,26371
09/15/2017,21.25,21.25,20.89,21.09,229766
09/18/2017,21.06,21.32,21.06,21.13,41767
09/19/2017,21.23,21.47,21.12,21.4,37867
09/20/2017,21.44,21.64,21.39,21.4,45659
09/21/2017,21.37,21.79,21.23,21.27,66605
09/22/2017,21.29,21.46,20.97,21.01,41549
09/25/2017,21,21.3,21,21.11,38947
09/26/2017,21.11,21.24,20.95,21.11,70409
09/27/2017,21.14,21.28,20.85,21.17,67747
09/28/2017,21.13,21.36,20.91,21.34,50227
09/29/2017,21.35,21.52,21.27,21.34,54322
10/02/2017,21.44,21.49,21.02,21.11,73558
10/03/2017,21.04,21.18,20.94,21.12,55994
10/04/2017,21.18,21.18,20.89,21.02,63712
10/05/2017,20.96,21.27,20.9,21.07,53817
10/06/2017,20.88,21.02,20.72,20.99,54782
10/09/2017,21.08,21.28,21.02,21.15,34137
10/10/2017,21.23,21.35,20.98,21.13,38251
10/11/2017,21.1,21.53,21.07,21.41,62617
10/12/2017,21.37,21.74,21.31,21.53,58765
10/13/2017,21.84,22.04,21.67,21.98,55093
10/16/2017,22.01,22.13,21.73,21.97,43465
10/17/2017,22,22.19,21.93,22.1,76359
10/18/2017,22.06,22.27,21.95,22.21,75710
10/19/2017,22.14,22.25,21.73,21.76,43562
10/20/2017,21.85,21.85,21.42,21.43,40679
10/23/2017,21.44,21.44,21.11,21.12,39103
10/24/2017,21.05,21.36,21.04,21.12,44570
10/25/2017,21.05,21.25,20.95,21.08,63119
10/26/2017,21.41,21.59,21.22,21.24,52133
10/27/2017,21.23,21.55,21.14,21.43,37090
10/30/2017,21.47,21.47,20.92,20.95,54366
10/31/2017,21.2,21.47,20.84,21.37,88224
11/01/2017,21.43,22.64,21.43,22.55,95231
11/02/2017,22.71,24.18,22.71,24.06,121024
11/03/2017,24.08,24.15,23.7,24.03,58048
11/06/2017,24.02,25.02,24.02,24.79,97109
11/07/2017,24.84,25.06,24.16,24.17,87103
11/08/2017,24.07,24.67,24.07,24.53,88863
11/09/2017,24.43,24.69,24.1,24.43,101144
11/10/2017,24.32,24.7,24.28,24.4,71436
11/13/2017,24.47,24.71,24.3,24.57,77401
11/14/2017,24.51,26.28,24.51,26.24,210445
11/15/2017,26.19,26.28,25.84,25.9,144393
11/16/2017,25.91,26.14,25.66,25.69,76053
11/17/2017,25.59,25.7,25.4,25.47,49778
11/20/2017,25.51,25.58,25.18,25.38,62390
11/21/2017,25.56,26.22,25.42,25.9,64916
11/22/2017,25.88,26.08,25.84,25.87,41491
11/24/2017,25.87,26.18,25.87,26,18462
11/27/2017,25.94,26.34,25.87,25.89,66551
11/28/2017,25.98,26.08,25.75,25.96,53253
11/29/2017,26.02,26.2,25.78,25.87,53336
11/30/2017,26.02,26.04,25.06,25.33,281039
12/01/2017,25.39,25.63,24.93,25.53,98025
12/04/2017,25.55,25.81,25.1,25.23,90686
12/05/2017,25.06,25.29,24.85,24.89,46372
12/06/2017,24.88,25.16,24.7,25.07,44709
12/07/2017,25.6,25.6,24.88,25.01,37335
12/08/2017,25.02,25.26,24.96,25.01,29592
12/11/2017,25,25.21,24.65,24.79,119434
12/12/2017,24.89,24.97,24.7,24.84,96287
12/13/2017,24.87,25.1,24.52,24.75,138122
12/14/2017,24.75,24.81,24.01,24.19,189093
12/15/2017,24.18,24.47,24,24.16,825703
12/18/2017,24.2,26.69,24.2,26.35,183844
12/19/2017,26.29,26.44,24.84,24.94,67739
12/20/2017,25.03,25.34,24.95,25.2,102176
12/21/2017,25.41,25.78,25.36,25.61,69039
12/22/2017,25.52,25.77,25.34,25.64,60727
12/26/2017,25.6,26.01,25.42,25.76,54016
12/27/2017,25.9,26.05,25.66,25.8,43375
12/28/2017,25.73,26,25.73,25.85,51909
12/29/2017,25.96,25.96,25.37,25.39,64577
01/02/2018,25.46,25.63,24.92,25.31,102247
01/03/2018,25.26,25.43,24.93,24.99,36990
01/04/2018,24.99,25.04,24.52,24.54,57066
01/05/2018,24.51,25.04,24.3,24.98,88726
01/08/2018,25.03,25.22,24.71,25.15,58969
01/09/2018,25.11,25.26,25.01,25.16,66677
01/10/2018,25.01,25.01,24.66,24.86,74059
01/11/2018,25.03,25.49,24.99,25.08,50418
01/12/2018,24.86,25.17,24.35,24.38,61858
01/16/2018,24.59,24.93,24.33,24.35,49324
01/17/2018,24.41,24.67,24.2,24.44,83628
01/18/2018,24.45,24.48,24.01,24.01,67061
01/19/2018,23.96,24.52,23.89,24.48,72501
01/22/2018,24.64,25.05,24.54,25,57520
01/23/2018,24.95,25.48,24.9,25.39,46974
01/24/2018,25.6,25.68,24.77,24.8,49156
01/25/2018,24.8,24.82,24.42,24.56,64127
01/26/2018,24.58,24.58,24.11,24.29,37323
01/29/2018,24.15,24.15,23.9,23.96,47524
01/30/2018,23.86,24.41,23.7,24.04,71652
01/31/2018,24.07,24.15,23.76,24.06,64862
02/01/2018,24.01,24.01,23.49,23.59,58909
02/02/2018,23.42,23.78,23.02,23.56,62584
02/05/2018,23.45,23.56,22.34,22.35,112020
02/06/2018,22.1,22.43,21.52,22.23,108533
02/07/2018,22.2,22.56,22.02,22.05,87706
02/08/2018,22.06,22.39,21.38,21.39,76433
02/09/2018,21.56,22.45,21.34,22.35,99384
02/12/2018,22.43,22.43,21.07,22.22,116261
02/13/2018,22.15,22.55,22.04,22.13,148903
02/14/2018,21.84,21.84,20.91,21.25,145934
02/15/2018,21.25,21.52,21.1,21.39,96563
02/16/2018,21.34,21.8,21.34,21.64,59615
02/20/2018,21.54,22.02,21.44,21.47,65811
02/21/2018,21.49,21.79,21.23,21.27,67086
02/22/2018,21.39,21.74,21.34,21.57,48321
02/23/2018,21.69,22.17,21.41,22.13,54124
02/26/2018,22.33,22.45,21.97,22.05,59242
02/27/2018,22.01,22.15,21.82,21.92,98062
02/28/2018,22.03,22.23,21.79,21.87,107438
03/01/2018,21.81,22.4,21.69,22.17,79670
03/02/2018,22.07,22.23,21.76,22.17,57578
03/05/2018,22.16,22.38,22.09,22.17,53251
03/06/2018,22.19,22.43,22.03,22.34,44158
03/07/2018,22.26,22.68,22.21,22.68,37217
03/08/2018,22.69,22.7,22.26,22.41,37183
03/09/2018,22.5,23,22.16,22.97,50376
03/12/2018,22.96,23.26,22.72,22.98,40043
03/13/2018,23.01,23.09,22.79,23.08,44736
03/14/2018,23.08,23.35,23,23.32,51604
03/15/2018,23.38,23.38,22.77,22.83,58238
03/16/2018,22.79,23.04,22.68,22.88,156072
03/19/2018,22.87,23.01,22.55,22.95,47131
03/20/2018,22.94,23.23,22.84,23.21,60179
03/21/2018,23.21,23.43,22.91,23.17,81997
03/22/2018,22.97,23.37,22.31,22.35,56595
03/23/2018,22.39,22.43,21.83,21.89,105112
03/26/2018,22.15,22.27,21.9,22.06,47512
03/27/2018,22.11,22.37,21.78,22.08,89319
03/28/2018,22.15,22.82,22.09,22.61,66230
03/29/2018,22.69,23.05,22.66,22.76,63809
04/02/2018,22.78,23.27,22.6,23.04,94529
04/03/2018,23.13,23.56,22.73,23.47,103631
04/04/2018,23.27,23.49,23.06,23.38,86773
04/05/2018,23.48,23.51,23.19,23.44,61017
04/06/2018,23.31,23.64,23.19,23.49,77714
04/09/2018,23.45,23.61,23.27,23.37,65397
04/10/2018,23.48,23.8,23.27,23.56,70287
04/11/2018,23.56,24.08,23.56,23.94,88715
04/12/2018,24.07,24.11,23.75,23.83,123837
04/13/2018,23.91,24.16,23.76,23.95,67930
04/16/2018,24.02,24.45,23.99,24.26,77998
04/17/2018,24.32,24.75,24.19,24.66,49734
04/18/2018,24.65,24.81,24.26,24.34,50497
04/19/2018,24.27,24.35,23.88,23.93,43359
04/20/2018,23.87,23.98,23.69,23.75,46776
04/23/2018,23.75,23.85,23.44,23.5,45610
04/24/2018,23.53,23.81,23.36,23.53,61918
04/25/2018,23.4,23.54,23.11,23.46,53775
04/26/2018,23.51,24.3,23.51,24.26,47301
04/27/2018,24.26,24.75,24.21,24.65,39506
04/30/2018,24.59,24.88,24.51,24.63,58681
05/01/2018,24.31,24.42,23.29,24.08,91146
05/02/2018,24.04,24.94,24.03,24.81,54893
05/03/2018,24.81,25,24.7,24.75,76478
05/04/2018,24.72,25.43,24.72,25.27,58542
05/07/2018,25.42,25.99,25.33,25.95,58031
05/08/2018,25.8,26.04,25.71,25.85,70090
05/09/2018,25.81,26.18,25.69,26.12,45128
05/10/2018,26.16,26.18,25.8,25.87,35660
05/11/2018,25.85,26.03,25.28,25.29,56821
05/14/2018,25.3,25.58,24.97,25.03,37203
05/15/2018,24.92,24.95,24.46,24.58,50114
05/16/2018,24.67,24.81,24.45,24.57,44544
05/17/2018,24.55,24.79,24.39,24.76,36660
05/18/2018,24.87,25.11,24.85,24.91,79111
05/21/2018,24.92,25.33,24.84,25.14,37872
05/22/2018,25.14,25.17,24.89,24.92,79731
05/23/2018,24.9,25.75,24.9,25.73,48011
05/24/2018,25.69,25.71,25.14,25.2,27536
05/25/2018,25.25,25.63,25.12,25.52,35472
05/29/2018,25.42,25.63,25.22,25.6,50689
05/30/2018,25.62,26.07,25.37,25.8,50743
05/31/2018,25.79,25.89,25.32,25.44,88048
06/01/2018,25.56,25.74,25.47,25.56,48855
06/04/2018,25.52,25.85,25.52,25.77,60795
06/05/2018,26.26,26.26,25.39,25.57,62032
06/06/2018,25.49,25.73,25.11,25.21,55448
06/07/2018,25.14,25.58,25.1,25.36,50511
06/08/2018,25.35,25.66,25.3,25.48,96126
06/11/2018,25.61,25.73,25.27,25.42,64222
06/12/2018,25.42,25.77,25.25,25.48,63163
06/13/2018,25.58,25.65,24.6,24.73,57025
06/14/2018,24.87,25.21,24.8,25.11,49845
06/15/2018,25.12,25.38,24.92,24.98,86848
06/18/2018,24.99,25.24,24.86,25.04,27005
06/19/2018,24.96,25.19,24.78,24.82,54153
06/20/2018,24.9,25.55,24.9,25.19,109819
06/21/2018,25.28,25.28,24.97,25.14,43350
06/22/2018,25.11,25.59,25.08,25.51,177756
06/25/2018,25.56,25.82,25.51,25.8,77721
06/26/2018,25.84,26.19,25.74,26.07,84939
06/27/2018,26.15,26.52,25.96,26.24,133383
06/28/2018,26.22,26.64,26.22,26.31,78844
06/29/2018,26.28,26.53,26.09,26.31,73577
07/02/2018,26.3,26.49,25.67,26.21,95662
07/03/2018,26.15,26.58,26.15,26.22,39213
07/05/2018,26.33,26.49,26.13,26.45,59423
07/06/2018,26.61,26.7,26.5,26.69,68344
07/09/2018,26.68,26.69,26.41,26.59,49175
07/10/2018,26.63,26.82,26.47,26.54,96945
07/11/2018,26.46,26.65,26.07,26.1,49300
07/12/2018,26.12,26.34,26.09,26.18,28449
07/13/2018,26.18,26.27,26,26,32321
07/16/2018,26.04,26.12,25.78,26.08,72705
07/17/2018,26.18,26.35,25.72,25.81,63665
07/18/2018,25.85,25.87,25.56,25.64,33400
07/19/2018,25.6,26.31,25.6,26.3,74901
07/20/2018,26.31,26.43,26.1,26.31,54077
07/23/2018,26.23,26.3,25.86,26.11,32636
07/24/2018,26.19,26.19,25.92,26.03,69423
07/25/2018,26.07,26.35,26.06,26.11,31146
07/26/2018,26.09,26.34,26.01,26.15,32156
07/27/2018,26.2,26.24,25.54,25.62,43334
07/30/2018,25.61,25.8,25.44,25.66,34795
07/31/2018,25.69,27.86,25.69,27.8,176369
08/01/2018,28.09,28.9,27.8,28.18,102285
08/02/2018,28.19,28.56,28.1,28.5,111268
08/03/2018,28.54,29.3,28.51,29.05,74242
08/06/2018,29.02,29.19,28.7,29.05,156825
08/07/2018,29.07,29.29,28.6,29.24,105953
08/08/2018,29.26,29.54,29.07,29.37,75405
08/09/2018,29.42,30.48,29.42,30.44,116928
08/10/2018,30.36,30.57,29.42,29.44,48880
08/13/2018,29.54,29.8,29.31,29.67,54441
08/14/2018,29.71,30.04,29.66,29.82,46391
08/15/2018,29.73,29.86,29.62,29.69,34138
08/16/2018,29.65,30.18,29.65,30.03,57319
08/17/2018,30.05,30.25,29.98,30.13,68976
08/20/2018,30.16,30.35,30.1,30.12,28823
08/21/2018,30.17,30.44,29.91,30.31,63685
08/22/2018,30.29,30.58,30.2,30.57,61075
08/23/2018,30.54,31.01,30.54,30.9,42313
08/24/2018,30.89,31.14,30.59,30.73,45389
08/27/2018,30.75,30.84,29.92,30.04,43009
08/28/2018,29.97,30.1,29.33,29.9,124282
08/29/2018,29.93,30.45,29.86,30.09,54970
08/30/2018,30.13,30.13,29.48,29.79,61129
08/31/2018,29.75,29.93,29.54,29.88,58671
09/04/2018,29.9,29.92,29.21,29.33,43795
09/05/2018,29.19,29.54,29.16,29.29,27093
09/06/2018,29.29,29.54,29.25,29.41,36482
09/07/2018,29.3,29.61,29.16,29.54,56589
09/10/2018,29.59,29.67,29.26,29.34,32779
09/11/2018,29.23,29.36,29.11,29.21,75864
09/12/2018,29.23,29.73,29.06,29.71,55787
09/13/2018,29.85,29.89,29.58,29.75,29907
09/14/2018,29.6,30.04,29.38,30.02,89279
09/17/2018,30.31,31.43,29.83,31.33,110039
09/18/2018,31.28,31.28,30.69,30.86,90392
09/19/2018,30.78,30.91,29.6,29.7,48256
09/20/2018,29.8,30.12,29.52,30.09,45139
09/21/2018,30.01,30.66,29.68,30.48,218702
09/24/2018,30.48,30.59,29.51,29.83,50619
09/25/2018,29.88,30.5,29.88,30.36,107257
09/26/2018,30.57,30.68,30.07,30.14,54899
09/27/2018,30.22,30.7,30.21,30.53,53806
09/28/2018,30.5,30.99,30.5,30.97,62949
10/01/2018,31.02,31.95,30.99,31.89,153651
10/02/2018,31.81,32.08,31.69,31.91,101972
10/03/2018,32,32.07,31.55,31.61,80802
10/04/2018,31.47,31.47,30.33,30.34,50276
10/05/2018,30.39,30.5,30.08,30.33,30413
10/08/2018,30.36,31.19,30.36,31.11,48154
10/09/2018,31.05,31.6,30.95,31.42,55805
10/10/2018,31.41,32.3,31.39,31.88,116281
10/11/2018,32.18,32.18,31.37,31.42,122500
10/12/2018,31.73,31.73,30.68,31.17,84369
10/15/2018,31.48,32.04,31.15,31.89,111837
10/16/2018,31.9,33.07,31.75,32.88,124194
10/17/2018,32.88,32.96,32.44,32.54,71320
10/18/2018,32.55,32.75,31.92,32.05,52219
10/19/2018,32.04,32.56,31.78,31.98,49977
10/22/2018,31.96,32.5,31.7,31.78,65738
10/23/2018,31.72,32.16,31.11,31.95,65855
10/24/2018,32.02,32.18,31.87,31.91,97312
10/25/2018,32.05,32.69,31.8,32.69,78940
10/26/2018,32.77,32.77,31.75,32.21,59919
10/29/2018,32.29,33,32.29,32.6,68317
10/30/2018,32.71,35.61,32.51,33.67,234096
10/31/2018,33.89,33.89,32.59,33.25,148295
11/01/2018,33.25,33.28,31.28,31.37,140013
11/02/2018,31.32,31.59,30.91,31.17,95400
11/05/2018,31.38,31.69,30.77,30.8,70122
11/06/2018,30.82,30.84,30.11,30.14,96377
11/07/2018,30.21,31.44,30.21,31.15,88358
11/08/2018,31.14,31.82,30.9,31.81,80926
11/09/2018,31.78,32.02,31.49,31.71,58717
11/12/2018,31.7,32.31,31.7,32.08,44210
11/13/2018,32.11,32.63,31.92,32.2,40705
11/14/2018,31.02,32.12,31.02,31.82,480965
11/15/2018,31.79,32.17,31.37,32.02,209112
11/16/2018,31.9,32.74,31.9,32.38,219262
11/19/2018,32.38,33.02,32.09,32.95,93985
11/20/2018,32.97,34.07,32.82,33.71,280224
11/21/2018,33.59,34.7,33.19,33.27,181364
11/23/2018,33.15,33.55,32.95,33.07,127032
11/26/2018,32.99,33.23,32.63,33.11,104811
11/27/2018,33.3,33.82,33.2,33.28,103290
11/28/2018,33.28,33.67,32.64,33.63,128454
11/29/2018,33.48,34.3,33.48,34,88107
11/30/2018,33.95,34.36,33.83,34.04,95599
12/03/2018,34.05,34.77,33.37,34.56,83767
12/04/2018,34.74,35.21,34.15,34.52,137839
12/06/2018,34.36,34.8,33.8,34.8,106700
12/07/2018,34.77,34.96,34.07,34.11,60725
12/10/2018,34.33,34.34,33.24,33.7,79139
12/11/2018,33.79,34.12,33.43,33.74,135111
12/12/2018,33.9,34.21,33.41,33.41,120571
12/13/2018,33.59,33.97,33.08,33.1,105884
12/14/2018,33.16,33.62,32.91,33.12,93340
12/17/2018,33.26,33.32,31.24,31.52,343606
12/18/2018,31.79,32.61,31.65,32.4,196076
12/19/2018,32.58,32.65,32.01,32.28,75484
12/20/2018,32.36,32.62,31.75,31.91,115878
12/21/2018,31.95,32.59,31.88,32.12,343714
12/24/2018,32.24,32.42,31.19,31.2,95611
12/26/2018,31.12,32.68,31.12,32.67,110153
12/27/2018,32.4,32.51,31.35,32.5,146859
12/28/2018,32.58,32.93,32.07,32.66,73365
12/31/2018,33.05,33.13,32.36,32.93,107533
01/02/2019,32.67,32.76,31.49,31.86,116056
01/03/2019,32.05,32.85,31.92,32.6,71399
01/04/2019,32.47,33.53,32.47,33.38,154193
01/07/2019,33.66,34.1,33.43,33.92,118653
01/08/2019,34.05,35.08,34.01,34.92,148029
01/09/2019,35.06,35.5,33.73,34.83,107611
01/10/2019,34.74,35.71,34.61,35,60288
01/11/2019,35,35.19,34.47,34.57,96330
01/14/2019,34.83,34.83,34.19,34.3,59753
01/15/2019,34.52,34.9,34.51,34.58,35465
01/16/2019,34.5,34.88,34.38,34.71,45329
01/17/2019,34.62,35.01,34.62,35.01,64284
01/18/2019,34.96,35.01,34.3,34.44,52458
01/22/2019,34.47,34.53,33.54,34.16,76904
01/23/2019,34.22,34.3,33.67,33.85,38413
01/24/2019,34.08,34.08,33.67,33.87,33905
01/25/2019,33.91,34.24,33.48,33.65,75030
01/28/2019,33.53,34.43,33.52,34.34,40602
01/29/2019,34.23,34.8,34.23,34.69,25953
01/30/2019,34.83,35.07,34.27,34.83,38411
01/31/2019,34.75,35.2,34.43,35.17,86401
02/01/2019,35.16,35.4,34.54,34.93,84037
02/04/2019,34.94,35.42,34.88,35.26,59738
02/05/2019,35.36,35.65,35.18,35.6,72857
02/06/2019,35.6,35.6,34.93,35.1,33725
02/07/2019,35.31,35.32,34.94,34.95,85256
02/08/2019,34.95,35.51,34.75,35.5,50093
02/11/2019,35.51,36.1,35.27,35.88,49476
02/12/2019,35.91,35.91,34.94,35.72,64017
02/13/2019,35.67,36.08,35.38,36.03,49084
02/14/2019,36.04,36.27,35.87,35.92,42018
02/15/2019,35.95,36.38,35.88,36.07,66477
02/19/2019,35.48,36.2,35.48,35.6,75534
02/20/2019,35.58,35.78,34.58,35.12,81185
02/21/2019,34.91,35.35,34.85,35.26,73180
02/22/2019,35.27,36.06,35.26,35.82,61605
02/25/2019,35.72,35.73,35.18,35.22,43966
02/26/2019,35.26,35.35,34.86,34.89,47809
02/27/2019,34.62,34.77,33.69,33.73,64225
02/28/2019,33.71,34.32,33.69,33.77,63527
03/01/2019,33.88,34.63,33.38,34.32,173181
03/04/2019,34.36,34.36,33.64,33.76,52224
03/05/2019,33.69,34.03,33.45,33.58,52849
03/06/2019,33.53,33.66,32.86,32.93,52651
03/07/2019,33.02,33.22,32.45,32.46,134139
03/08/2019,32.39,33.58,32.23,33.36,78443
03/11/2019,33.46,33.89,33.16,33.55,70680
03/12/2019,33.53,33.7,33.19,33.58,27663
03/13/2019,33.55,33.99,33.54,33.72,62929
03/14/2019,33.68,33.85,33.29,33.56,35517
03/15/2019,33.59,33.85,33.53,33.65,112088
03/18/2019,33.69,34,33.23,33.65,33034
03/19/2019,33.63,33.77,33.4,33.73,55033
03/20/2019,33.68,34.04,33.29,33.95,96002
03/21/2019,33.93,35.13,33.93,35.1,74385
03/22/2019,35.04,35.94,34.96,35.62,153976
03/25/2019,35.58,36.65,35.34,36.4,277959
03/26/2019,36.38,36.9,36.36,36.53,59314
03/27/2019,37.98,38.11,35.71,35.9,76430
03/28/2019,35.93,36.5,35.63,36.46,57103
03/29/2019,36.56,36.66,36,36.31,118954
04/01/2019,36.32,36.64,35.18,36,157834
04/02/2019,35.97,36.13,35.46,35.7,49351
04/03/2019,35.74,35.88,35.4,35.61,44416
04/04/2019,35.54,35.54,34.77,34.85,38917
04/05/2019,34.85,35.04,34.69,34.95,31750
04/08/2019,34.87,35.03,34.41,34.97,42102
04/09/2019,34.93,35.67,34.86,35.52,61216
04/10/2019,35.58,36.49,35.58,36.21,78780
04/11/2019,36.12,36.12,35.28,35.52,63484
04/12/2019,35.36,35.59,34.9,35.26,94575
04/15/2019,35.23,35.41,34.6,34.73,34250
04/16/2019,34.63,34.77,33.4,33.43,77614
04/17/2019,33.36,34.2,32.79,33.93,133751
04/18/2019,33.96,34.28,33.69,33.96,56063
04/22/2019,33.96,33.96,32.88,33.28,75474
04/23/2019,33.34,34.6,33.34,34.36,177246
04/24/2019,34.56,35.69,34.45,35.45,100777
04/25/2019,35.35,35.62,34.66,35.32,57449
04/26/2019,35.16,36.24,35.16,35.98,94310
04/29/2019,35.96,36.1,34.58,34.79,118996
04/30/2019,35.06,35.8,34.74,35.59,59216
05/01/2019,35.42,36.7,35.34,36.12,77967
05/02/2019,36.05,36.29,35.22,35.53,42259
05/03/2019,36.3,36.89,36.22,36.88,77810
05/06/2019,36.72,37.73,36.72,37.05,55095
05/07/2019,36.88,36.89,35.74,36.04,33533
05/08/2019,36.19,37.96,36.19,37.89,126313
05/09/2019,37.74,39.71,37.74,39.18,124007
05/10/2019,39.17,39.46,38.77,39.14,69089
05/13/2019,38.84,39.2,38.65,38.9,64445
05/14/2019,38.88,39.16,38.56,38.87,63338
05/15/2019,38.77,38.96,38.14,38.24,36772
05/16/2019,38.27,38.36,37.82,37.82,37509
05/17/2019,37.7,38.03,37.61,37.87,41813
05/20/2019,37.91,38.03,37.58,37.66,28287
05/21/2019,37.6,38.2,37.6,38.06,64025
05/22/2019,38,38.11,37.8,37.96,38433
05/23/2019,37.87,38.07,37.68,37.96,45256
05/24/2019,38.07,38.29,37.88,37.98,51274
05/28/2019,38.13,38.25,37.74,37.84,91676
05/29/2019,37.74,37.99,37.37,37.88,73248
05/30/2019,37.96,38.08,37.52,37.89,37165
05/31/2019,37.75,38.5,37.6,37.96,81595
06/03/2019,38.03,38.15,37.42,38.1,56139
06/04/2019,38.11,38.12,37.41,37.79,42103
06/05/2019,37.95,38.27,37.56,38.11,56083
06/06/2019,38.1,38.26,37.76,38.1,30254
06/07/2019,38.36,38.52,38.16,38.29,28360
06/10/2019,38.32,38.34,37.9,38.08,36287
06/11/2019,38.1,38.24,37.77,38.13,78516
06/12/2019,38.1,38.36,37.93,38.02,40318
06/13/2019,38.15,38.59,38.07,38.33,42329
06/14/2019,38.48,38.85,38.23,38.6,43818
06/17/2019,38.54,38.97,38.25,38.72,57715
06/18/2019,38.84,38.99,38.1,38.27,34702
06/19/2019,38.23,38.59,37.92,38.44,55355
06/20/2019,38.49,39.2,38.49,38.99,79171
06/21/2019,38.78,39.54,38.39,39.1,108411
06/24/2019,39.17,39.17,38.43,38.54,59839
06/25/2019,38.42,38.96,38.42,38.7,100615
06/26/2019,39.08,39.08,37.85,38.06,125493
06/27/2019,38.05,38.29,37.74,37.97,72658
06/28/2019,37.91,39.8,37.75,39.46,516627
07/01/2019,39.46,39.74,38.31,39.24,91498
07/02/2019,39.35,41.32,39.35,40.63,137945
07/03/2019,40.53,41.22,40.53,41.22,38234
07/05/2019,40.76,41.03,40.25,40.9,42949
07/08/2019,41.01,41.61,40.82,41.14,55420
07/09/2019,40.93,41.39,40.93,41.29,53035
07/10/2019,41.43,41.55,41.14,41.22,51027
07/11/2019,41.26,41.26,40.23,40.39,41903
07/12/2019,40.38,40.81,40.07,40.38,47058
07/15/2019,40.59,40.59,40.11,40.53,41285
07/16/2019,40.38,40.61,40.15,40.45,72668
07/17/2019,40.63,40.79,39.95,40.26,32912
07/18/2019,40.31,40.31,39.84,40.03,47253
07/19/2019,39.89,39.93,39.15,39.21,47586
07/22/2019,39.12,39.52,38.9,39.01,38714
07/23/2019,39.03,39.46,38.94,39.29,51662
07/24/2019,39.26,39.75,38.63,39.71,60194
07/25/2019,39.48,40.36,39.48,40.11,45521
07/26/2019,40.22,40.78,40.1,40.59,55458
07/29/2019,40.55,41.21,40.5,40.73,49801
07/30/2019,40.4,40.81,38.68,39.6,112444
07/31/2019,40.22,42.74,40.22,41.23,97057
08/01/2019,41.46,42.13,41.06,41.84,78986
08/02/2019,41.82,42.18,41.52,42.08,71364
08/05/2019,41.99,42.04,40.9,41.32,38131
08/06/2019,40.98,42.34,40.98,42.06,61151
08/07/2019,42.21,43.11,41.41,42.93,73415
08/08/2019,43.17,44.53,43.05,43.97,96929
08/09/2019,43.77,44.17,43.63,44.06,57687
08/12/2019,44.24,44.35,44.02,44.3,54971
08/13/2019,44.21,44.33,43.29,43.75,62470
08/14/2019,44.02,44.19,42.29,42.46,74977
08/15/2019,42.48,42.48,41.42,41.97,151435
08/16/2019,41.99,43.16,41.92,42.74,153056
08/19/2019,42.98,44.39,42.94,44.14,67236
08/20/2019,44.23,44.46,43.89,44.06,61220
08/21/2019,44.2,44.55,44.02,44.41,52675
08/22/2019,44.26,44.51,43.85,44.34,64483
08/23/2019,44.36,44.55,43.24,43.42,59233
08/26/2019,43.56,44.03,43.37,43.79,53550
08/27/2019,43.95,44.25,43.65,43.71,107649
08/28/2019,43.61,44.43,43.49,43.89,78558
08/29/2019,44.06,44.36,43.83,44.07,52443
08/30/2019,44.03,44.43,43.83,44.31,55579
09/03/2019,44.22,44.58,44.11,44.35,115684
09/04/2019,44.36,45.15,44.17,45.07,224637
09/05/2019,44.93,45.24,43.81,43.82,111147
09/06/2019,43.79,44.37,43.74,44.13,97092
09/09/2019,43.93,44.4,43.69,43.81,95355
09/10/2019,43.56,43.56,42.5,43.41,54635
09/11/2019,43.25,44.02,43.25,43.85,121896
09/12/2019,44.21,44.76,43.74,44.42,82356
09/13/2019,44.17,45.03,44.17,44.35,69069
09/16/2019,44.63,44.89,44.42,44.75,140710
09/17/2019,44.79,45.34,44.79,45.06,85673
09/18/2019,45.34,45.54,44.51,45.11,68631
09/19/2019,45.45,46.01,45.27,45.51,59461
09/20/2019,45.68,45.9,45.27,45.66,167672
09/23/2019,45.75,45.98,45.36,45.39,88926
09/24/2019,45.56,45.84,44.53,44.66,74201
09/25/2019,44.82,45.05,44.42,44.85,70885
09/26/2019,44.87,45.88,44.78,45.86,114810
09/27/2019,46.02,46.04,44.98,45.18,46862
09/30/2019,45.16,45.59,44.8,44.86,64839
10/01/2019,45,45.43,44.6,44.62,98473
10/02/2019,44.59,45.22,44.4,45.2,70695
10/03/2019,45.16,45.97,45.13,45.97,245010
10/04/2019,46.13,47,45.96,46.18,143189
10/07/2019,45.97,46.53,45.68,46.39,125294
10/08/2019,46.26,46.7,45.56,45.76,64101
10/09/2019,45.79,46.44,45.16,46.34,106670
10/10/2019,46.53,47.37,46.16,46.8,89454
10/11/2019,46.66,47.03,46.11,46.49,65080
10/14/2019,46.51,47.14,46.43,47.03,50364
10/15/2019,47.2,47.91,47.16,47.53,67660
10/16/2019,47.5,47.5,44.49,45.14,310561
10/17/2019,45.21,47.93,45.11,47.83,207649
10/18/2019,47.7,48.25,46.97,48.12,156099
10/21/2019,48.14,48.63,47.31,47.5,124170
10/22/2019,47.52,47.77,46.31,46.44,86169
10/23/2019,46.45,46.65,45.96,46.18,78748
10/24/2019,46.23,46.7,45.92,46.24,52918
10/25/2019,46.33,46.87,45.33,45.48,48698
10/28/2019,45.32,45.99,45.13,45.62,121626
10/29/2019,46.16,47.18,44.38,45.47,149909
10/30/2019,45.73,47.18,45.59,47.1,117038
10/31/2019,46.45,46.91,45.88,46.81,99609
11/01/2019,47.06,47.23,46.48,47.07,79005
11/04/2019,47.11,47.11,44.96,45.07,184289
11/05/2019,45.23,45.71,44.62,44.76,116260
11/06/2019,44.82,45.32,44.4,45.25,110362
11/07/2019,45.43,45.57,43.54,43.65,237444
11/08/2019,43.92,44.39,43.62,44.13,161018
11/11/2019,44.37,45.02,43.7,44.55,107505
11/12/2019,44.85,44.88,44.25,44.56,87113
11/13/2019,44.56,45.44,44.15,45.29,99093
11/14/2019,45.52,45.84,45.29,45.68,100508
11/15/2019,45.87,46.12,45.39,46.07,57411
11/18/2019,45.87,46.85,45.87,46.14,68684
11/19/2019,46.29,46.36,45.76,45.84,63455
11/20/2019,45.91,46.43,45.64,45.99,106031
11/21/2019,45.96,46.04,45.22,45.74,61050
11/22/2019,46.15,46.2,45.49,46,76563
11/25/2019,46.16,46.99,46.16,46.27,82199
11/26/2019,46.19,47.06,46.16,46.9,99762
11/27/2019,46.85,47.19,46.52,46.54,126768
11/29/2019,46.53,46.61,45.86,45.92,68685
12/02/2019,46.02,46.06,45.1,45.1,97429
12/03/2019,45.17,46.18,45.09,46.14,85564
12/04/2019,46.28,46.69,46.06,46.13,72465
12/05/2019,46.15,46.52,46.02,46.31,85219
12/06/2019,46.45,46.79,46.14,46.57,76147
12/09/2019,46.73,46.78,46.24,46.58,104493
12/10/2019,46.78,46.9,46.26,46.38,114127
12/11/2019,46.38,46.66,45.17,45.45,90628
12/12/2019,45.3,45.71,44.22,44.3,132250
12/13/2019,44.16,44.63,43.45,43.71,117137
12/16/2019,43.82,43.92,42.82,43.01,114975
12/17/2019,42.87,43,42.04,42.24,182090
12/18/2019,42.23,42.37,41.77,41.98,162433
12/19/2019,41.95,42.37,41.44,42.17,135848
12/20/2019,42.24,42.61,41.91,42.04,270153
12/23/2019,42.11,42.11,41.47,41.56,88673
12/24/2019,41.61,42.1,41.47,41.7,28542
12/26/2019,41.77,42.04,41.11,41.21,76433
12/27/2019,41.32,41.62,40.88,41.06,82163
12/30/2019,41.06,41.3,40.89,40.94,66572
12/31/2019,43,43.72,42.22,43.48,881719
01/02/2020,43.87,43.87,42.61,42.68,365651
01/03/2020,42.33,43.81,42.2,43.77,4268300
01/06/2020,43.48,45.53,43.43,44.93,576433
01/07/2020,44.69,44.69,43.46,43.89,257592
01/08/2020,43.63,44.11,42.96,43.92,284416
01/09/2020,43.78,44.19,43.32,43.82,229383
01/10/2020,43.84,44.7,43.84,44.33,179543
01/13/2020,44.18,44.7,44.15,44.61,103376
01/14/2020,44.54,44.59,44.13,44.38,155747
01/15/2020,44.39,45.58,44.35,45.11,201209
01/16/2020,45.14,45.44,44.77,45.28,109625
01/17/2020,45.46,45.76,45.17,45.65,96618
01/21/2020,45.7,46.96,45.58,46.96,132071
01/22/2020,47.02,47.13,46.6,46.97,154545
01/23/2020,46.96,47.83,46.92,47.65,231797
01/24/2020,47.66,47.71,46.46,46.71,152148
01/27/2020,46.39,47.74,46.39,47.29,113984
01/28/2020,47.31,47.43,46.49,46.58,251845
01/29/2020,46.56,46.56,45.86,46.09,160379
01/30/2020,46.2,47,45.95,46.85,123777
01/31/2020,46.93,47.25,46.31,47.17,152360
02/03/2020,47.29,47.62,46.92,46.97,201564
02/04/2020,47.05,47.69,46.91,47.06,141981
02/05/2020,47.12,47.45,46.8,47.08,177309
02/06/2020,47.14,47.63,47.13,47.43,126894
02/07/2020,47.54,48.09,47.39,47.43,76827
02/10/2020,47.65,48.36,47.65,48.25,86440
02/11/2020,48.24,49.47,48.2,48.71,283254
02/12/2020,48.84,48.99,48.25,48.64,124442
02/13/2020,48.71,49.66,48.59,49.47,92186
02/14/2020,49.64,50.67,49.64,50.23,128927
02/18/2020,51.09,51.09,47.73,48.18,254919
02/19/2020,48.11,49.42,47.71,48.82,232154
02/20/2020,48.82,49.23,48.54,48.84,134950
02/21/2020,48.87,49.87,48.55,48.59,568119
02/24/2020,48.14,48.78,48.06,48.72,135231
02/25/2020,48.73,49.37,46.66,46.95,766104
02/26/2020,46.86,47.6,46.57,47.28,128867
02/27/2020,46.71,47.01,44.81,44.83,135215
02/28/2020,44.03,44.49,42.35,43.03,264469
03/02/2020,43.13,46.13,43.02,46.08,318155
03/03/2020,46.18,47.54,45.92,46.36,134344
03/04/2020,45.42,47.58,45.42,47.56,117595
03/05/2020,46.84,47.56,46.33,47.13,117327
03/06/2020,46.16,46.96,44.93,46.79,77565
03/09/2020,44.45,44.63,41.76,41.76,134538
03/10/2020,42.61,44.44,40.41,44.28,144789
03/11/2020,43.42,43.57,39.29,39.89,125619
03/12/2020,37.67,37.67,31.07,32.54,376222
03/13/2020,35.45,38.1,33.37,38.03,388664
03/16/2020,34.14,34.75,31.37,31.49,430323
03/17/2020,31.9,35.6,30.62,34.32,354427
03/18/2020,31.82,33.67,28.56,31.79,729056
03/19/2020,32.68,38.61,31.51,36.36,519126
03/20/2020,35.88,36.45,25.41,26.34,546187
03/23/2020,26.7,26.81,21.83,24.21,1021397
03/24/2020,25.36,27.19,23.86,25.59,394738
03/25/2020,25.46,26.75,22.69,23.35,470528
03/26/2020,23.5,25.86,21.66,24.33,394795
03/27/2020,23.93,26.81,23.56,26.11,291444
03/30/2020,26.76,26.78,24.33,26.55,672005
03/31/2020,26.2,26.46,23.79,24.42,300547
04/01/2020,23.62,24.11,20.75,21.41,440265
04/02/2020,21.38,24.07,20.54,21.46,310036
04/03/2020,21.16,22.13,20.65,21.16,294108
04/06/2020,22.05,23.64,21.52,22.23,186492
04/07/2020,23.32,24.25,22.53,23.66,200647
04/08/2020,24.8,27.58,24.64,26.8,365787
04/09/2020,27.13,29.93,27.13,28.78,181260
04/13/2020,28.59,28.81,26.87,27.67,168923
04/14/2020,28.43,29.21,27.15,27.69,146245
04/15/2020,26.79,27.57,25.13,25.57,155601
04/16/2020,25.43,26.13,24.44,25.74,528537
04/17/2020,26.79,27.72,26.43,27.59,159625
04/20/2020,27.21,27.57,26.68,27.09,218894
04/21/2020,26.4,27.33,26.33,27.16,128363
04/22/2020,27.65,28.46,26.49,26.91,192459
04/23/2020,26.95,28.04,26.72,27.05,142805
04/24/2020,27.01,27.11,25.87,25.96,206313
04/27/2020,25.91,28.47,25.85,27.63,128490
04/28/2020,28.58,28.96,27.68,27.8,134553
04/29/2020,28.76,29.86,27.85,29.34,241927
04/30/2020,28.43,29.71,27.25,29.32,232609
05/01/2020,28.35,28.63,27.47,28.27,204772
05/04/2020,27.59,28.77,27.17,28.74,195490
05/05/2020,29.08,29.9,28.62,28.85,178516
05/06/2020,28.65,29.9,28.58,29.46,153630
05/07/2020,29.94,30.51,29.29,30.26,258064
05/08/2020,30.73,32.51,30.67,31.84,163680
05/11/2020,31.33,31.37,30.2,30.32,179367
05/12/2020,30.16,30.56,28.61,28.75,156488
05/13/2020,28.4,28.88,26.62,27.36,251471
05/14/2020,26.58,27.81,25.46,27.68,194340
05/15/2020,27.54,27.82,26.75,27.67,472244
05/18/2020,30.39,31.26,29.99,31.15,331714
05/19/2020,30.95,31.81,30.11,31.31,191762
05/20/2020,32.45,32.45,31.03,31.13,202539
05/21/2020,31.12,31.85,30.86,30.99,122182
05/22/2020,30.98,31.25,30.06,30.71,92406
05/26/2020,32.04,32.46,31.44,31.9,167192
05/27/2020,32.76,32.76,31.4,32.12,144186
05/28/2020,33.01,33.01,31.49,31.77,180574
05/29/2020,31.5,31.94,30.69,31.21,161133
06/01/2020,31.03,32.7,31.02,31.91,192582
06/02/2020,32.23,32.32,31.51,31.97,112848
06/03/2020,32.68,34.43,32.68,34.3,183600
06/04/2020,34.05,35.11,33.51,34.2,158248
06/05/2020,35.89,37.35,35.89,36.56,178380
06/08/2020,37.21,38.6,37.01,37.46,183093
06/09/2020,36.62,36.96,35.83,36.09,179292
06/10/2020,36.02,36.02,34.47,35.34,112745
06/11/2020,33.59,34.16,32.49,33.03,158309
06/12/2020,34,34.37,32.99,34.15,142999
06/15/2020,33.13,35.71,33.13,35.43,237998
06/16/2020,36.9,37.35,35.74,35.97,138000
06/17/2020,36.24,36.24,34.86,35.05,134648
06/18/2020,34.51,35.32,34.37,34.97,149044
06/19/2020,35.41,35.41,33.76,34.29,835433
06/22/2020,34.07,34.29,32.97,34.2,169806
06/23/2020,34.5,34.62,33.61,34.17,182288
06/24/2020,33.52,33.59,32.07,32.9,192326
06/25/2020,32.74,33.35,31.87,32.81,133242
06/26/2020,32.81,33.41,32.08,32.82,563098
06/29/2020,33.56,34.2,32.84,33.83,125687
06/30/2020,33.89,35.14,33.67,34.8,207464
07/01/2020,34.85,35.76,34.85,35.45,153562
07/02/2020,36.22,36.3,34.98,35.14,78084
07/06/2020,35.95,35.99,34.73,34.81,89333
07/07/2020,34.36,34.36,33.65,33.9,90908
07/08/2020,33.66,33.98,32.86,33.57,104023
07/09/2020,33.54,33.54,32.35,32.92,87356
07/10/2020,32.99,33.62,32.94,33.32,67233
07/13/2020,33.57,33.9,33,33.05,60405
07/14/2020,33.25,34.18,33.1,33.98,76231
07/15/2020,34.93,35.35,34.67,34.78,81567
07/16/2020,34.66,35,33.68,34.38,62410
07/17/2020,34.44,34.92,34.18,34.74,68353
07/20/2020,34.62,34.69,33.66,33.92,67550
07/21/2020,34.22,34.95,34.22,34.46,54781
07/22/2020,34.21,35.81,34.21,35.78,98773
07/23/2020,35.46,35.93,34.75,35.35,98600
07/24/2020,35.27,35.54,34.64,34.66,87480
07/27/2020,34.52,35.23,34.05,35.19,56696
07/28/2020,35,36.4,35,35.94,122494
07/29/2020,35.93,36.76,35.93,36.73,80113
07/30/2020,35.99,37.63,35.95,37.53,93066
07/31/2020,37.25,37.66,36.5,37.64,127312
08/03/2020,37.63,37.73,36.87,37.31,186136
08/04/2020,36.62,39.18,36.62,38.7,114041
08/05/2020,39.23,40.24,38.63,39.93,117798
08/06/2020,39.98,39.98,38.68,39.07,73045
08/07/2020,38.83,40.3,38.83,40.25,70609
08/10/2020,40.47,41.38,40.47,41.24,64291
08/11/2020,41.81,41.94,40.75,41.1,71849
08/12/2020,41.59,41.59,41.04,41.34,85744
08/13/2020,41.76,42.06,40.98,41.08,57556
08/14/2020,40.79,41.07,40.3,40.67,75264
08/17/2020,40.86,41.19,40.46,41.14,84185
08/18/2020,40.97,40.97,40.17,40.54,36630
08/19/2020,40.95,40.95,40.06,40.34,57444
08/20/2020,40.03,40.98,40.03,40.71,30735
08/21/2020,40.61,40.81,39.83,40.81,42523
08/24/2020,40.95,41.24,40.33,41.23,55467
08/25/2020,41.55,41.55,40.61,41.17,44356
08/26/2020,41.31,41.31,39.41,39.7,66182
08/27/2020,40.08,40.91,39.94,40.57,60698
08/28/2020,40.86,40.91,40.2,40.74,71291
08/31/2020,40.83,40.99,40.31,40.76,199451
09/01/2020,40.58,40.91,40.33,40.77,50620
09/02/2020,40.67,41,40.53,40.98,66247
09/03/2020,41,41.21,40.69,40.96,107597
09/04/2020,41.15,41.25,39.34,39.81,56818
09/08/2020,40.02,41.28,39.39,40.9,144227
09/09/2020,40.93,41.7,40.87,41.27,125668
09/10/2020,41.16,41.68,40.84,40.92,104920
09/11/2020,41.2,41.2,40.06,40.67,75843
09/14/2020,40.82,42.87,40.59,42.73,74571
09/15/2020,43.05,44.56,43.05,43.78,120593
09/16/2020,44,45.01,43.9,44.31,146449
09/17/2020,43.96,44.54,43.63,44.12,111575
09/18/2020,44.42,44.42,42.92,43.47,1037285
09/21/2020,42.59,42.77,39.72,40,124620
09/22/2020,40.12,42.24,40.12,41.47,110560
09/23/2020,41.36,42.53,40.82,40.87,95761
09/24/2020,41,41.32,40.01,40.43,92527
09/25/2020,40.45,42.27,40.45,42.26,110365
09/28/2020,42.75,44.28,42.75,44.2,83956
09/29/2020,44.07,44.07,42.33,43.48,63396
09/30/2020,43.77,44.7,43.44,44.03,120223
10/01/2020,44.4,45.02,43.71,44.64,142340
10/02/2020,43.91,45.12,43.65,44.87,81476
10/05/2020,45.08,45.09,43.99,44.53,71147
10/06/2020,44.82,45.04,43.67,43.91,95934
10/07/2020,44.19,44.55,43.2,43.91,152936
10/08/2020,44.29,44.76,44.12,44.5,81275
10/09/2020,44.91,45.16,43.92,44.28,70743
10/12/2020,44.13,45.73,43.53,45.37,54455
10/13/2020,44.98,45.57,44.01,45.23,83454
10/14/2020,44.96,45.18,44.13,44.25,52587
10/15/2020,43.73,44.92,43.58,44.16,81559
10/16/2020,43.92,44.12,43.51,43.66,44452
10/19/2020,43.6,43.82,42.67,42.83,44226
10/20/2020,42.87,43.83,42.87,43.21,49198
10/21/2020,43.02,43.88,42.76,43.81,48265
10/22/2020,43.84,44.84,43.66,44.6,84816
10/23/2020,44.6,44.88,43.78,44.26,57832
10/26/2020,43.41,44.16,42.73,43.78,56540
10/27/2020,43.4,46.85,43.4,45.53,76438
10/28/2020,44.98,45.05,42.74,43.41,99113
10/29/2020,43.31,44.7,42.76,44.64,88134
10/30/2020,44.58,44.78,43.55,43.94,61164
11/02/2020,44.59,44.79,44.16,44.58,72153
11/03/2020,42.96,44.79,42.78,44.53,117642
11/04/2020,44.29,44.65,43.61,43.95,60679
11/05/2020,44.29,44.64,43.51,44.01,56137
11/06/2020,44.26,44.57,42.73,42.99,52495
11/09/2020,45.82,46.62,43.38,43.53,133365
11/10/2020,43.57,44.79,43.57,44.47,223506
11/11/2020,44.75,44.82,44.03,44.48,101752
11/12/2020,44.1,44.43,42.5,42.8,87517
11/13/2020,43.22,43.92,43.22,43.84,83448
11/16/2020,44.76,44.76,43.65,44.16,142943
11/17/2020,43.72,44.86,43.72,44.6,290450
11/18/2020,44.55,45.28,44.19,44.26,331057
11/19/2020,44.18,44.41,42.76,43.1,49118
11/20/2020,42.76,43.38,41.83,42.81,83128
11/23/2020,43.11,43.89,42.77,42.83,70841
11/24/2020,43.26,44.21,42.54,43.32,78040
11/25/2020,43.4,43.4,42.58,42.94,44427
11/27/2020,42.93,43.31,42.35,43.12,22768
11/30/2020,42.9,44.61,42.9,43.96,109005
12/01/2020,44.44,44.93,43.69,44.19,72835
12/02/2020,44.39,44.7,43.42,43.44,61860
12/03/2020,43.46,44.24,43.14,43.34,49055
12/04/2020,43.54,44.01,43.35,43.68,67125
12/07/2020,43.59,44.12,43.19,43.93,59657
12/08/2020,43.49,44.65,43.37,44.18,85378
12/09/2020,44.17,44.42,43.23,43.34,60576
12/10/2020,42.95,43.16,42.24,42.53,38145
12/11/2020,42.06,42.78,42.06,42.4,47778
12/14/2020,42.93,44,42.93,43.13,114456
12/15/2020,43.09,44.06,43.03,43.98,73049
12/16/2020,44.01,44.81,43.71,43.76,83756
12/17/2020,43.75,44.0056,43.35,43.54,66298
12/18/2020,43.5,43.965,41.72,42.04,428388
12/21/2020,41.17,41.69,40.53,41.54,103729
12/22/2020,41.76,42.02,40.9575,41.12,75439
12/23/2020,41.25,42.27,40.46,40.56,161970
12/24/2020,40.51,40.82,40.29,40.63,49058
12/28/2020,41,41.03,40.5,40.7,136144
12/29/2020,40.85,40.94,40.02,40.75,140812
12/30/2020,40.99,41.065,40.52,40.78,85535
12/31/2020,40.95,42.44,40.55,42.29,95916
