01/03/2005,10.15,10.4,10.02,10.07,370126
01/04/2005,10.11,10.28,9.13,9.141,598588
01/05/2005,9.18,9.3,8.35,8.35,687762
01/06/2005,8.4,8.6,8.35,8.36,210209
01/07/2005,8.37,8.53,7.545,8.19,791130
01/10/2005,7.9,8.04,7.57,7.76,447652
01/11/2005,7.56,8.61,7.11,7.33,956447
01/12/2005,7.2,7.66,7.05,7.32,416299
01/13/2005,7.31,8.13,7.31,7.49,595131
01/14/2005,7.69,7.97,7.4,7.4,259508
01/18/2005,7.07,7.41,7.07,7.1,149729
01/19/2005,7.1,7.18,6.46,6.75,468849
01/20/2005,6.55,7.29,6.49,7.05,555305
01/21/2005,6.93,7.22,6.7,6.78,179102
01/24/2005,6.95,7.09,6.67,7.039,267674
01/25/2005,7.12,7.83,6.95,7.02,644638
01/26/2005,7.23,7.23,6.75,6.84,274784
01/27/2005,6.7,7.08,6.7,6.81,152467
01/28/2005,6.99,7,6.75,6.894,143999
01/31/2005,7,7.4,6.76,7.28,369828
02/01/2005,7.16,7.54,7.01,7.28,392268
02/02/2005,7.45,8.55,7.21,8.53,1078160
02/03/2005,8.39,8.85,8.13,8.21,920453
02/04/2005,8.33,9,8.301,8.706,653772
02/07/2005,8.85,8.89,7.98,8.02,507161
02/08/2005,7.75,8.13,7.51,7.77,609477
02/09/2005,7.77,8,7.57,7.63,182263
02/10/2005,7.61,7.97,7.5,7.51,266507
02/11/2005,7.64,7.64,7.03,7.08,399150
02/14/2005,6.9,7.28,6.81,7.07,221510
02/15/2005,6.92,7.37,6.83,6.93,323362
02/16/2005,6.83,7.05,6.74,6.79,273276
02/17/2005,6.79,6.94,6.55,6.629,260021
02/18/2005,6.57,6.7,6.5,6.57,208992
02/22/2005,6.6,6.94,6.55,6.787,241463
02/23/2005,6.87,6.94,6.54,6.76,127875
02/24/2005,6.56,6.72,6.53,6.63,189140
02/25/2005,6.591,6.8,6.57,6.57,147772
02/28/2005,6.51,9.65,6.51,9.05,3239035
03/01/2005,8.89,9.35,8.17,8.6,1535800
03/02/2005,8.83,8.95,8.29,8.36,490661
03/03/2005,8.51,8.7,8.01,8.37,484624
03/04/2005,8.16,8.88,8.11,8.26,480573
03/07/2005,8.41,8.745,8.176,8.39,366610
03/08/2005,8.55,10.4,8.36,9.45,2658566
03/09/2005,9.75,10.33,9.09,9.32,1568131
03/10/2005,9.51,9.78,9.17,9.39,514143
03/11/2005,9.54,10.29,9.39,10.06,1355994
03/14/2005,10.46,11.34,10.32,10.55,2073201
03/15/2005,10.81,10.99,9.75,9.82,1210874
03/16/2005,9.88,10.174,9.51,9.8,506238
03/17/2005,9.78,9.999,9.22,9.34,457287
03/18/2005,9.35,9.89,9.21,9.69,398194
03/21/2005,9.95,10.55,9.761,10.235,728421
03/22/2005,10.35,10.58,9.78,9.94,433770
03/23/2005,9.78,10.2,9.65,9.65,339568
03/24/2005,9.73,10.09,9.52,9.77,341907
03/28/2005,9.95,9.95,7.45,7.65,1629854
03/29/2005,8.26,8.98,8.13,8.41,2037803
03/30/2005,8.31,8.83,8.15,8.25,843946
03/31/2005,8.21,8.56,8.18,8.19,286613
04/01/2005,8.22,8.35,7.8,7.91,423282
04/04/2005,7.96,8.3,7.75,8.28,298664
04/05/2005,8.28,8.49,8,8.16,281258
04/06/2005,7.95,8.25,7.85,8,201410
04/07/2005,8.23,8.29,7.94,8.15,185519
04/08/2005,8.21,9.44,8.027,8.85,1680459
04/11/2005,8.98,9.15,8.5,8.63,321080
04/12/2005,8.59,9.6,8.46,9.54,816196
04/13/2005,9.56,10.2,9.15,9.41,1215819
04/14/2005,9.5,10,9.23,9.48,450493
04/15/2005,9.41,9.75,8.54,8.84,522010
04/18/2005,10.08,10.23,7.17,7.37,2220552
04/19/2005,7.55,7.74,6.85,7.53,780400
04/20/2005,7.54,7.61,7.07,7.22,299062
04/21/2005,7.25,7.3,6.89,6.94,280308
04/22/2005,6.9,8.1,6.71,7.27,1124489
04/25/2005,7.27,7.95,7.18,7.38,455989
04/26/2005,7.33,7.48,7.05,7.05,268597
04/27/2005,7.09,7.45,7,7.2,289505
04/28/2005,7.25,7.351,7.1,7.15,106299
04/29/2005,7.25,7.31,7,7.14,162884
05/02/2005,7.15,7.3,6.9,6.92,216903
05/03/2005,7,7.11,6.75,6.79,303595
05/04/2005,6.76,7.1,6.76,7.04,242750
05/05/2005,7.02,7.35,7.02,7.1,188734
05/06/2005,7.19,7.49,7.19,7.45,243094
05/09/2005,7.5,7.85,7.21,7.76,389478
05/10/2005,7.61,7.8,7.41,7.5,240587
05/11/2005,7.5,7.65,7.25,7.55,171811
05/12/2005,7.55,7.65,7.319,7.33,113782
05/13/2005,7.31,7.55,7.25,7.45,140557
05/16/2005,8.5,9.03,7.918,8.49,3664980
05/17/2005,8.68,8.68,7.92,8.07,715364
05/18/2005,7.98,8.12,7.65,7.73,448484
05/19/2005,7.78,8.2,7.76,7.86,514910
05/20/2005,7.82,7.89,7.65,7.65,398268
05/23/2005,7.74,7.87,7.34,7.43,501784
05/24/2005,7.68,7.9,7.4,7.59,626346
05/25/2005,7.74,8.26,7.32,7.96,959151
05/26/2005,8.11,8.3,7.86,7.95,358048
05/27/2005,7.89,7.92,7.65,7.7,205327
05/31/2005,7.75,8.44,7.6,8.08,649272
06/01/2005,8.175,8.34,7.9,7.93,463676
06/02/2005,7.95,8.58,7.77,8.23,1035258
06/03/2005,8.3,9.24,8.15,9.15,1667650
06/06/2005,9.41,9.79,8.89,9.16,1399901
06/07/2005,9.25,9.35,8.5,8.6,669043
06/08/2005,8.45,8.88,8.25,8.55,437662
06/09/2005,8.59,8.83,8.38,8.73,371536
06/10/2005,8.76,8.9,8.47,8.6,262709
06/13/2005,8.91,9.4,8.65,8.86,622729
06/14/2005,8.88,8.89,8.61,8.64,131787
06/15/2005,8.66,8.78,8.3,8.41,264083
06/16/2005,8.41,9,8.392,8.75,375760
06/17/2005,8.71,9.15,8.6,8.68,423167
06/20/2005,8.66,8.77,8.37,8.44,331347
06/21/2005,8.44,8.75,8.3,8.4,315188
06/22/2005,8.4,8.64,8.15,8.18,238305
06/23/2005,8.2,8.28,7.65,7.65,489137
06/24/2005,7.72,7.78,7.47,7.66,321364
06/27/2005,7.66,8,7.65,7.83,231960
06/28/2005,7.72,8.25,7.72,7.87,511553
06/29/2005,8.15,8.15,7.75,7.75,252705
06/30/2005,7.67,7.858,7.49,7.59,236922
07/01/2005,7.61,7.73,7.55,7.67,106841
07/05/2005,7.63,7.81,7.49,7.55,298361
07/06/2005,7.58,7.73,7.57,7.64,153381
07/07/2005,7.43,7.62,7.22,7.5,119320
07/08/2005,7.52,7.66,7.43,7.62,110550
07/11/2005,7.68,7.89,7.66,7.86,172255
07/12/2005,7.94,8.33,7.73,8.23,364465
07/13/2005,8.15,8.264,8.04,8.16,117936
07/14/2005,8.18,8.98,8.08,8.39,917867
07/15/2005,8.32,8.35,7.85,7.9,197828
07/18/2005,7.88,8.06,7.78,7.81,132268
07/19/2005,7.84,7.9792,7.75,7.92,74817
07/20/2005,7.9,7.9,7.75,7.81,73510
07/21/2005,7.82,8.25,7.82,7.98,243198
07/22/2005,7.92,8.05,7.86,7.92,91452
07/25/2005,8.06,8.06,7.68,7.7499,122505
07/26/2005,7.85,7.9,7.78,7.83,113310
07/27/2005,7.85,7.87,7.7,7.87,109944
07/28/2005,7.91,7.91,7.72,7.84,100696
07/29/2005,7.89,7.89,7.51,7.7,132038
08/01/2005,7.73,7.79,7.55,7.73,71945
08/02/2005,7.71,7.93,7.62,7.85,181255
08/03/2005,7.85,8.35,7.8,8.14,501578
08/04/2005,8.08,8.3,7.78,7.79,593428
08/05/2005,7.87,8.27,7.79,8.08,280283
08/08/2005,8.12,8.79,7.91,8.23,609182
08/09/2005,8.17,8.48,8.05,8.13,258575
08/10/2005,8.15,8.32,7.82,7.86,185033
08/11/2005,7.94,8.14,7.75,8.04,208390
08/12/2005,8.01,8.47,8.01,8.28,317155
08/15/2005,8.59,9,7.87,7.99,844102
08/16/2005,8.03,8.05,7.67,8,347517
08/17/2005,7.96,7.99,7.73,7.81,220657
08/18/2005,7.81,7.94,7.6,7.6,149924
08/19/2005,7.6,7.78,7.6,7.64,98190
08/22/2005,7.65,7.76,7.65,7.7,83730
08/23/2005,7.74,7.74,7.65,7.66,72018
08/24/2005,7.68,7.68,7.48,7.51,136250
08/25/2005,7.49,7.54,7.15,7.5,248593
08/26/2005,7.51,7.51,7.31,7.4,51262
08/29/2005,7.34,7.61,7.34,7.58,73908
08/30/2005,7.57,7.84,7.36,7.37,320375
08/31/2005,7.35,7.53,7.25,7.29,125818
09/01/2005,7.48,7.48,7.3,7.3,101943
09/02/2005,7.34,7.48,7.3,7.34,76345
09/06/2005,7.45,7.5,7.35,7.48,83483
09/07/2005,7.42,7.75,7.42,7.51,182460
09/08/2005,7.51,7.54,7.4,7.49,50576
09/09/2005,7.66,7.67,7.4,7.49,115860
09/12/2005,7.5,7.74,7.46,7.65,183369
09/13/2005,7.65,7.99,7.61,7.83,382947
09/14/2005,7.9,7.99,7.73,7.86,128109
09/15/2005,7.9,7.92,7.46,7.54,103222
09/16/2005,7.6,7.69,7.47,7.57,93192
09/19/2005,7.6,7.6,7.3,7.37,143586
09/20/2005,7.31,7.38,7.1,7.13,133834
09/21/2005,7.18,7.49,7.1,7.48,321304
09/22/2005,7.39,7.48,7.1,7.35,90283
09/23/2005,7.38,7.4,7.216,7.4,31509
09/26/2005,7.48,7.48,7.32,7.33,37925
09/27/2005,7.36,7.4,7.1,7.23,129013
09/28/2005,7.25,7.32,7.06,7.2,133470
09/29/2005,7.13,7.19,6.85,7.08,151754
09/30/2005,7.05,7.6,6.92,7.2,486366
10/03/2005,7.05,7.6,7.05,7.27,263480
10/04/2005,7.48,7.55,7.23,7.27,158139
10/05/2005,7.28,7.54,7.26,7.33,149470
10/06/2005,7.34,7.49,7.23,7.28,88811
10/07/2005,7.45,7.45,7.22,7.28,41167
10/10/2005,7.28,7.38,7.2,7.23,36134
10/11/2005,7.29,7.3,7.15,7.16,53468
10/12/2005,7.21,7.252,7.1,7.1,67289
10/13/2005,7.1,7.161,6.86,7.02,55544
10/14/2005,7.03,7.05,6.9,7.05,56521
10/17/2005,7.01,7.09,6.97,7.01,33231
10/18/2005,6.96,7.2,6.9,6.99,79086
10/19/2005,6.99,7.15,6.87,7.05,66687
10/20/2005,7.05,7.22,7.01,7.12,52943
10/21/2005,7.12,7.18,7.03,7.14,60395
10/24/2005,7.06,7.26,7.055,7.16,120189
10/25/2005,7.58,7.98,7.45,7.94,597439
10/26/2005,8,8,7.66,7.76,178444
10/27/2005,7.76,7.97,7.76,7.96,159601
10/28/2005,7.8,7.95,7.8,7.9,184032
10/31/2005,7.975,8.34,7.96,8.25,350428
11/01/2005,8.33,8.33,8.02,8.08,133132
11/02/2005,8.23,8.33,7.86,8.03,275160
11/03/2005,8.15,8.18,8.031,8.07,102529
11/04/2005,8.2,8.2,8,8.12,85783
11/07/2005,8.12,8.2,8.07,8.19,153416
11/08/2005,8.19,8.2,8,8.08,180420
11/09/2005,8.1,8.11,7.98,8,101610
11/10/2005,8.1,8.1,7.68,7.88,156046
11/11/2005,7.95,8.48,7.95,8.35,490444
11/14/2005,7,7.38,6.8,7,922194
11/15/2005,7,7,6.79,6.8,413789
11/16/2005,6.83,6.89,6.52,6.7,290657
11/17/2005,6.75,6.75,6.31,6.42,371665
11/18/2005,6.42,6.86,6.38,6.42,223287
11/21/2005,6.42,6.46,6.3,6.34,120296
11/22/2005,6.32,6.65,6.3001,6.43,245533
11/23/2005,6.43,6.67,6.37,6.43,111402
11/25/2005,6.44,6.49,6.4,6.43,54476
11/28/2005,6.45,6.53,6.43,6.44,146830
11/29/2005,6.46,7.05,6.44,6.6899,511201
11/30/2005,6.64,6.7724,6.55,6.57,73884
12/01/2005,6.5815,6.73,6.54,6.6,100634
12/02/2005,6.83,6.83,6.58,6.74,67096
12/05/2005,6.75,6.9,6.75,6.76,84403
12/06/2005,6.8,6.84,6.78,6.83,54235
12/07/2005,6.87,6.87,6.6,6.66,94675
12/08/2005,6.72,6.82,6.53,6.63,135363
12/09/2005,6.56,6.68,6.51,6.51,72051
12/12/2005,6.54,6.85,6.5126,6.72,200449
12/13/2005,6.66,6.85,6.66,6.78,133306
12/14/2005,6.84,6.99,6.8,6.85,133695
12/15/2005,6.88,6.88,6.77,6.81,49142
12/16/2005,6.8,6.89,6.74,6.82,77611
12/19/2005,6.94,7.15,6.85,7.03,154633
12/20/2005,7.01,7.03,6.84,6.99,89267
12/21/2005,7.05,7.05,6.85,6.87,101218
12/22/2005,6.9,6.98,6.84,6.97,57092
12/23/2005,6.95,7,6.82,6.85,67190
12/27/2005,6.95,6.95,6.8,6.83,44191
12/28/2005,6.83,6.94,6.82,6.92,92427
12/29/2005,6.89,6.94,6.81,6.94,81884
12/30/2005,6.86,6.92,6.74,6.77,135129
01/03/2006,6.77,6.89,6.57,6.67,108578
01/04/2006,6.72,6.88,6.7,6.84,122692
01/05/2006,6.84,7.13,6.84,7,247252
01/06/2006,7.02,7.05,6.9,6.95,102463
01/09/2006,6.98,7.04,6.9,7.008,160941
01/10/2006,6.98,7.09,6.83,6.84,326720
01/11/2006,6.86,7.44,6.83,7.32,436240
01/12/2006,7.32,7.68,7.05,7.1,468314
01/13/2006,7.24,7.31,7.01,7.07,157081
01/17/2006,7.05,7.25,7.05,7.23,113860
01/18/2006,7.15,7.152,7.01,7.09,195440
01/19/2006,7.15,7.15,6.81,6.85,192714
01/20/2006,7.39,7.54,7.22,7.29,488812
01/23/2006,7.46,7.81,7.41,7.63,498343
01/24/2006,7.76,7.78,7.57,7.58,208196
01/25/2006,7.65,7.94,7.6301,7.908,229351
01/26/2006,7.925,8.32,7.925,8.32,322615
01/27/2006,8.33,8.39,8.12,8.3,284442
01/30/2006,8.3,8.4,7.9,8.05,302673
01/31/2006,8.3,8.3,7.76,7.97,177804
02/01/2006,8.02,8.1,7.76,7.76,172820
02/02/2006,7.95,8.06,7.71,7.99,252941
02/03/2006,8.25,8.84,8.13,8.24,840865
02/06/2006,8.4,8.6,8.05,8.32,282836
02/07/2006,8.45,8.88,8.38,8.5,520276
02/08/2006,8.48,8.69,8.2,8.65,256750
02/09/2006,8.63,8.63,8.3,8.3,119637
02/10/2006,8.3,8.49,8.01,8.09,112809
02/13/2006,8.1,8.13,8,8.0495,88552
02/14/2006,8.07,8.62,7.9,8.08,186712
02/15/2006,8.2,8.2,7.9,8,37261
02/16/2006,8.08,8.17,8,8.05,43465
02/17/2006,8.2,8.2,7.91,7.97,74556
02/21/2006,8,8.13,7.98,8.1,46130
02/22/2006,8.16,8.24,8.07,8.1101,61419
02/23/2006,8.12,8.184,8.01,8.05,41981
02/24/2006,8.11,8.18,7.96,8.02,59515
02/27/2006,8.1,8.1,7.88,8.079,95290
02/28/2006,8.15,8.15,7.9,7.92,83848
03/01/2006,8.12,8.134,7.91,8.04,66169
03/02/2006,8.1,8.13,7.95,7.98,95670
03/03/2006,8.09,8.09,7.93,7.97,33441
03/06/2006,7.97,8,7.85,7.86,63164
03/07/2006,7.83,7.91,7.76,7.9,37859
03/08/2006,8,8,7.55,7.65,113643
03/09/2006,7.61,7.61,7.22,7.33,135009
03/10/2006,7.29,7.47,7.25,7.44,50553
03/13/2006,7.43,7.47,7.22,7.4,102993
03/14/2006,7.4,7.5,7.22,7.2601,105742
03/15/2006,7.23,7.45,7.21,7.25,71017
03/16/2006,7.3,7.47,7.3,7.38,43532
03/17/2006,7.48,7.48,7.26,7.32,30792
03/20/2006,7.35,7.49,7.33,7.42,42603
03/21/2006,7.4899,7.49,7.34,7.39,62861
03/22/2006,7.35,7.53,7.34,7.43,48509
03/23/2006,7.43,7.65,7.43,7.45,39423
03/24/2006,7.68,7.68,7.4,7.41,62048
03/27/2006,7.45,7.52,7.38,7.42,110463
03/28/2006,7.44,7.48,7.36,7.407,55169
03/29/2006,7.37,7.57,7.35,7.45,66010
03/30/2006,7.4,7.44,7.23,7.27,59450
03/31/2006,7.27,7.43,7.27,7.39,61212
04/03/2006,7.35,7.77,7.35,7.62,180745
04/04/2006,7.52,7.68,7.51,7.61,55267
04/05/2006,7.62,7.75,7.6007,7.7,55348
04/06/2006,7.66,7.77,7.623,7.68,58265
04/07/2006,7.68,7.822,7.64,7.73,112302
04/10/2006,7.69,7.74,7.35,7.55,101493
04/11/2006,7.485,7.53,7.32,7.4,74924
04/12/2006,7.36,7.48,7.36,7.47,54766
04/13/2006,7.51,7.73,7.51,7.67,66011
04/17/2006,8.545,9.08,8.15,8.26,2606857
04/18/2006,8.2,8.47,8.05,8.44,603616
04/19/2006,8.44,8.66,8.35,8.52,312989
04/20/2006,8.6,8.6,8.2,8.22,187989
04/21/2006,8.22,8.31,8.12,8.21,140372
04/24/2006,8.12,8.251,7.76,7.83,327730
04/25/2006,7.79,8.14,7.64,7.97,172181
04/26/2006,8.07,8.24,7.76,8,201869
04/27/2006,8.15,8.15,7.41,7.47,307718
04/28/2006,7.56,7.75,7.49,7.55,116951
05/01/2006,7.78,8.05,7.6,8.01,248164
05/02/2006,7.97,8.29,7.91,8.2,214882
05/03/2006,8.16,8.23,8.02,8.17,122678
05/04/2006,8.25,8.41,8.07,8.21,133679
05/05/2006,8.24,8.32,8.17,8.3,84566
05/08/2006,8.1,8.35,7.52,7.55,528508
05/09/2006,7.61,7.73,7.61,7.65,96026
05/10/2006,7.66,7.67,7.5,7.57,76868
05/11/2006,7.7,7.7,7.44,7.505,215112
05/12/2006,7.5,7.56,7.12,7.12,161641
05/15/2006,7.1,7.2,7.01,7.05,155738
05/16/2006,7.12,7.32,7.02,7.22,105480
05/17/2006,7.34,7.46,7.2192,7.26,97808
05/18/2006,7.2,7.57,7.2,7.57,158684
05/19/2006,7.59,7.78,7.55,7.77,161574
05/22/2006,8.41,8.41,7.36,7.39,787676
05/23/2006,7.5,7.75,7.16,7.42,373816
05/24/2006,7.38,7.43,7.25,7.25,125251
05/25/2006,7.29,7.42,7.2,7.26,115414
05/26/2006,7.26,7.47,7.26,7.29,95978
05/30/2006,7.3,7.34,7.22,7.25,59156
05/31/2006,7.26,7.57,7.26,7.31,71205
06/01/2006,7.35,8.75,7.33,7.89,743489
06/02/2006,7.94,7.94,7.37,7.51,285119
06/05/2006,7.65,7.74,7.47,7.53,95455
06/06/2006,7.51,7.57,7.43,7.54,36202
06/07/2006,7.64,7.74,7.5,7.54,60323
06/08/2006,7.5,7.6,7.25,7.38,117597
06/09/2006,7.37,7.55,7.36,7.48,73271
06/12/2006,7.7,7.7,7.55,7.59,142246
06/13/2006,7.53,7.66,7.26,7.26,96736
06/14/2006,7.4,7.6,7.15,7.15,228823
06/15/2006,7.3,7.39,7.15,7.37,67391
06/16/2006,7.4,7.45,7.33,7.38,46636
06/19/2006,7.37,7.49,7.25,7.48,137912
06/20/2006,7.44,7.49,7.32,7.38,53280
06/21/2006,7.4,7.53,7.35,7.3947,80551
06/22/2006,7.48,7.51,7.36,7.44,69069
06/23/2006,7.5,7.5,7.36,7.38,61118
06/26/2006,7.39,7.52,7.3,7.31,92133
06/27/2006,7.4,7.4,7.26,7.26,43282
06/28/2006,7.33,7.35,7.25,7.25,29140
06/29/2006,7.28,7.29,7.13,7.13,80725
06/30/2006,7.23,7.374,7.21,7.33,75248
07/03/2006,7.46,7.46,7.3,7.35,52114
07/05/2006,7.4,7.62,7.35,7.62,69896
07/06/2006,7.65,7.65,7.5,7.61,41436
07/07/2006,7.56,7.56,7.35,7.44,48183
07/10/2006,7.55,7.55,7.25,7.28,52603
07/11/2006,7.25,7.3,7.25,7.26,33108
07/12/2006,7.3,7.31,7.15,7.15,55237
07/13/2006,7.12,7.17,6.8,6.8,210722
07/14/2006,6.76,6.84,6.56,6.56,97354
07/17/2006,6.51,6.56,6.37,6.4,107257
07/18/2006,6.41,6.51,6.35,6.44,51337
07/19/2006,6.47,6.65,6.41,6.52,80722
07/20/2006,6.56,6.6,6.37,6.42,59144
07/21/2006,6.46,6.46,6.05,6.26,62181
07/24/2006,6.23,6.35,6.07,6.07,73150
07/25/2006,6.2,6.321,6.02,6.16,60299
07/26/2006,6.15,6.47,6.15,6.3288,48629
07/27/2006,6.39,6.44,6.22,6.34,31478
07/28/2006,6.381,6.381,6.21,6.24,57863
07/31/2006,6.2,6.21,6.02,6.08,104237
08/01/2006,6,6.05,5.81,5.91,101204
08/02/2006,5.91,6.14,5.48,5.5,288386
08/03/2006,5.55,5.55,4.95,5.08,824813
08/04/2006,5.27,5.47,5.13,5.36,252310
08/07/2006,5.35,5.58,5.32,5.58,186726
08/08/2006,5.57,5.72,5.4,5.44,106767
08/09/2006,5.45,5.49,5.21,5.21,107366
08/10/2006,5.21,5.35,5.06,5.168,122347
08/11/2006,5.25,5.25,5.01,5.1,209866
08/14/2006,5.6,6.1,5.51,5.51,981722
08/15/2006,5.55,5.55,5,5.2,407692
08/16/2006,5.2,5.45,5.06,5.3999,217260
08/17/2006,5.4,5.4,5.15,5.17,233269
08/18/2006,5.17,5.4,5.11,5.37,201913
08/21/2006,5.34,5.45,5.25,5.4,114521
08/22/2006,5.42,5.4218,5.24,5.25,99110
08/23/2006,5.25,5.3,5.15,5.16,120929
08/24/2006,5.16,5.2092,5.12,5.13,47396
08/25/2006,5.15,5.26,5.09,5.22,169568
08/28/2006,5.25,5.33,5.16,5.18,149739
08/29/2006,5.22,5.25,5.11,5.21,74210
08/30/2006,5.18,5.3,5.18,5.29,48311
08/31/2006,5.29,5.29,5.17,5.21,62069
09/01/2006,5.24,5.27,5.17,5.2,73438
09/05/2006,5.2,5.24,5.11,5.12,104768
09/06/2006,5.19,5.29,5.09,5.25,152515
09/07/2006,5.22,5.33,5.18,5.18,155964
09/08/2006,5.16,5.22,5.15,5.17,67937
09/11/2006,5.15,5.26,5.05,5.08,134404
09/12/2006,5.08,5.25,5.08,5.25,112247
09/13/2006,5.23,5.25,5.15,5.17,120738
09/14/2006,5.16,5.28,5.16,5.2,77864
09/15/2006,5.22,5.288,5.16,5.18,53085
09/18/2006,5.18,5.19,5.1,5.1,88566
09/19/2006,5,5.19,4.81,5.02,431356
09/20/2006,5,5.04,4.91,4.9322,91412
09/21/2006,4.89,4.95,4.65,4.75,214811
09/22/2006,4.71,4.75,4.56,4.61,126657
09/25/2006,4.58,5.16,4.5,4.83,679774
09/26/2006,4.85,4.99,4.68,4.6936,303965
09/27/2006,4.81,5.04,4.64,4.76,480007
09/28/2006,4.76,5.14,4.76,4.84,284913
09/29/2006,4.84,5.1,4.84,5.02,181560
10/02/2006,4.99,5.19,4.99,5.05,136063
10/03/2006,5,5.43,5,5.26,616519
10/04/2006,5.29,5.47,5.26,5.33,316650
10/05/2006,5.39,5.48,5.3,5.46,207159
10/06/2006,5.49,5.49,5.32,5.45,164183
10/09/2006,5.42,5.67,5.4024,5.55,210849
10/10/2006,5.67,6.25,5.55,6,828394
10/11/2006,6.02,6.04,5.8,5.93,295497
10/12/2006,5.9,6.15,5.81,6.13,270475
10/13/2006,6.1,6.31,6.032,6.19,201519
10/16/2006,6.16,6.39,6.05,6.28,288290
10/17/2006,6.34,6.34,5.95,6.03,307223
10/18/2006,6.01,6.07,5.94,5.98,133426
10/19/2006,5.95,5.98,5.81,5.88,176602
10/20/2006,5.86,6.07,5.86,5.93,159793
10/23/2006,5.96,5.98,5.8788,5.88,102716
10/24/2006,5.88,5.94,5.73,5.78,145546
10/25/2006,5.75,5.98,5.7,5.79,257490
10/26/2006,5.85,5.85,5.7,5.8,113957
10/27/2006,5.84,5.85,5.79,5.82,111236
10/30/2006,5.8,6.063,5.8,5.99,163619
10/31/2006,6.05,6.16,5.9652,6.07,225119
11/01/2006,6.14,6.2,5.99,6.08,178075
11/02/2006,6.08,6.0964,5.95,6.02,61742
11/03/2006,5.99,6.03,5.83,5.96,135496
11/06/2006,5.94,5.9401,5.74,5.75,141496
11/07/2006,5.73,5.84,5.7,5.76,109458
11/08/2006,5.77,5.8,5.6954,5.73,111095
11/09/2006,5.72,5.72,5.51,5.6,155937
11/10/2006,5.6,5.79,5.56,5.78,119010
11/13/2006,5.78,5.819,5.68,5.75,129634
11/14/2006,5.71,5.99,5.69,5.9355,245658
11/15/2006,5.94,6.24,5.83,6.07,430913
11/16/2006,6.1,6.24,6.06,6.08,302588
11/17/2006,6.1,6.28,6.1,6.2,600723
11/20/2006,4.75,5.29,4.6,5.05,1836353
11/21/2006,5.04,5.06,4.78,4.86,572740
11/22/2006,4.78,4.8501,4.56,4.69,769787
11/24/2006,4.7,4.78,4.61,4.76,139109
11/27/2006,4.77,4.8,4.6,4.67,164962
11/28/2006,4.62,4.65,4.5,4.54,185331
11/29/2006,4.54,4.62,4.51,4.5299,177323
11/30/2006,4.6,4.6,4.42,4.4501,235601
12/01/2006,4.46,4.5,4.2,4.28,299498
12/04/2006,4.28,4.34,4.2,4.3222,192113
12/05/2006,4.35,5.09,4.35,4.74,1051695
12/06/2006,4.71,5.1,4.67,4.97,717621
12/07/2006,4.91,5.05,4.9,4.96,200564
12/08/2006,4.96,4.96,4.8,4.82,189239
12/11/2006,4.82,4.9897,4.81,4.9,189174
12/12/2006,4.9,5.1,4.83,5.01,376974
12/13/2006,5.06,5.11,5.01,5.02,149114
12/14/2006,5.05,5.09,5.01,5.05,123337
12/15/2006,5.1,5.1,5,5.04,95957
12/18/2006,5.02,5.04,4.85,4.86,136784
12/19/2006,4.84,5.31,4.72,5.23,713038
12/20/2006,5.2,5.23,5.1,5.1,136816
12/21/2006,5.1,5.47,5,5.18,358522
12/22/2006,5.25,5.25,5.11,5.21,115525
12/26/2006,5.3,5.3,5.05,5.1,117675
12/27/2006,5.1,5.18,5.0999,5.12,64390
12/28/2006,5.13,6.17,5.13,5.95,2244942
12/29/2006,6.07,6.98,5.53,6.18,3132548
01/03/2007,6.32,6.75,6.1,6.44,1227066
01/04/2007,6.5,6.69,6.32,6.65,524113
01/05/2007,6.73,6.73,6.33,6.46,281459
01/08/2007,6.45,6.46,6.15,6.24,286466
01/09/2007,6.24,6.68,6.09,6.41,501343
01/10/2007,6.41,6.73,6.27,6.4,407307
01/11/2007,6.38,7.6,6.35,7,2469459
01/12/2007,6.96,7.09,6.75,6.8,392912
01/16/2007,6.77,7.19,6.75,6.99,572509
01/17/2007,7.07,7.18,6.9,6.93,260899
01/18/2007,6.94,7.18,6.44,6.62,498299
01/19/2007,6.6,6.84,6.51,6.58,186319
01/22/2007,6.56,6.58,6.4,6.46,148819
01/23/2007,6.44,6.86,6.41,6.54,434024
01/24/2007,6.6,6.78,6.56,6.71,209447
01/25/2007,6.75,6.84,6.56,6.57,147466
01/26/2007,6.68,6.7,6.35,6.48,245588
01/29/2007,6.65,6.65,6.4,6.59,134511
01/30/2007,6.65,7.16,6.65,7.05,1173344
01/31/2007,7.01,7.46,7,7.16,1257494
02/01/2007,7.31,7.44,7.16,7.24,322773
02/02/2007,7.24,7.3,6.97,7.04,258604
02/05/2007,7.04,7.06,6.75,6.75,238646
02/06/2007,6.75,6.87,6.55,6.58,369537
02/07/2007,6.69,6.9399,6.55,6.89,313828
02/08/2007,6.84,6.99,6.778,6.9,88459
02/09/2007,6.91,7.17,6.62,6.73,388303
02/12/2007,6.65,6.7501,6.42,6.42,227494
02/13/2007,6.42,7.1,6.4,6.67,419711
02/14/2007,6.68,6.87,6.6,6.74,116661
02/15/2007,6.71,6.8,6.5,6.55,137470
02/16/2007,6.35,6.35,5.81,5.93,1066299
02/20/2007,6.47,6.47,5.95,6.07,313297
02/21/2007,6.16,6.3,6.06,6.09,191554
02/22/2007,6.17,6.34,5.99,6.17,462566
02/23/2007,6.28,6.34,6.154,6.17,147523
02/26/2007,6.22,6.34,5.94,5.94,248628
02/27/2007,5.9,5.94,5.25,5.25,407228
02/28/2007,5.38,5.58,5.22,5.45,349736
03/01/2007,5.4,5.4,5.15,5.26,167614
03/02/2007,5.21,5.344,5.07,5.09,192732
03/05/2007,5,5.04,4.81,4.83,229270
03/06/2007,4.91,5.18,4.91,5.18,153699
03/07/2007,5.21,5.29,5.06,5.07,119654
03/08/2007,5.15,5.22,5.09,5.11,65100
03/09/2007,5.16,5.16,4.93,4.95,90632
03/12/2007,4.95,5.05,4.95,4.99,88188
03/13/2007,5,5.04,4.9,4.9,88516
03/14/2007,4.87,4.94,4.8,4.91,61125
03/15/2007,4.9,4.99,4.85,4.959,63333
03/16/2007,5,5.12,4.9,5.05,111856
03/19/2007,5.24,5.37,5.15,5.27,241844
03/20/2007,5.34,5.45,5.26,5.43,212964
03/21/2007,5.4,5.57,5.4,5.52,201136
03/22/2007,5.58,5.58,5.46,5.53,176490
03/23/2007,5.48,5.59,5.28,5.55,290358
03/26/2007,5.59,5.65,5.45,5.59,109610
03/27/2007,5.59,5.74,5.36,5.49,149324
03/28/2007,5.59,5.59,5.44,5.47,60367
03/29/2007,5.49,5.54,5.39,5.49,93111
03/30/2007,5.53,5.56,5.29,5.34,87056
04/02/2007,5.32,5.42,5.25,5.27,49769
04/03/2007,5.23,5.2599,5.15,5.19,88572
04/04/2007,5.16,5.46,5.16,5.42,107299
04/05/2007,5.13,5.15,4.64,4.9,702216
04/09/2007,4.9,4.97,4.8,4.85,186655
04/10/2007,4.72,4.82,4.42,4.46,488039
04/11/2007,4.46,4.7,4.46,4.65,228497
04/12/2007,4.62,4.93,4.62,4.9,181826
04/13/2007,4.95,5.29,4.94,5.28,311789
04/16/2007,5.29,5.29,5.1,5.13,187734
04/17/2007,4.85,5,4.4,4.68,330446
04/18/2007,4.62,4.68,4.5,4.51,140062
04/19/2007,4.44,4.75,4.44,4.69,111502
04/20/2007,4.8,4.9,4.66,4.85,90264
04/23/2007,4.81,4.91,4.75,4.82,72145
04/24/2007,4.8,4.8999,4.75,4.78,32962
04/25/2007,4.65,4.66,4.46,4.496,129944
04/26/2007,4.47,4.47,3.9,3.9,599562
04/27/2007,3.85,4.25,3.77,3.99,244823
04/30/2007,3.97,4.17,3.97,4.13,116909
05/01/2007,4.14,4.14,3.96,3.96,104001
05/02/2007,3.95,4.05,3.84,3.95,76627
05/03/2007,4,4.08,3.95,3.98,106897
05/04/2007,4,4.24,3.92,4,233051
05/07/2007,3.98,4.18,3.9,3.93,130490
05/08/2007,3.9,4.02,3.8924,3.95,121151
05/09/2007,3.91,4.03,3.91,3.98,66793
05/10/2007,4,4.09,3.89,3.9,80813
05/11/2007,3.97,4,3.88,3.96,40649
05/14/2007,3.95,4.05,3.87,3.91,52880
05/15/2007,4.23,4.23,3.93,3.93,68304
05/16/2007,4.02,4.08,3.93,4.08,82683
05/17/2007,4.06,4.06,3.95,3.95,58388
05/18/2007,3.96,4.0006,3.91,3.94,65948
05/21/2007,3.95,4.23,3.9,4.01,253847
05/22/2007,4,4.07,3.93,3.97,95333
05/23/2007,3.96,4.0752,3.93,3.9332,126291
05/24/2007,4.22,5.8,4.12,5.32,3608978
05/25/2007,5.41,5.47,4.99,5.2,496880
05/29/2007,5.26,5.26,4.85,4.9,305933
05/30/2007,4.84,4.87,4.61,4.85,354704
05/31/2007,4.94,5.09,4.86,4.95,198339
06/01/2007,5,5,4.73,4.8,362110
06/04/2007,4.81,5.07,4.719,4.83,179765
06/05/2007,4.87,5.18,4.7601,5.14,242001
06/06/2007,5.04,5.12,4.85,5.03,219059
06/07/2007,5.01,5.05,4.92,4.96,43456
06/08/2007,4.93,5.07,4.86,4.9,137658
06/11/2007,4.95,4.99,4.87,4.87,77763
06/12/2007,4.88,4.9,4.8,4.8,55830
06/13/2007,4.82,4.93,4.82,4.86,68298
06/14/2007,4.98,5,4.78,4.8,100108
06/15/2007,4.84,4.87,4.76,4.79,101252
06/18/2007,4.8,4.89,4.78,4.87,83539
06/19/2007,4.87,5.12,4.79,5.02,183233
06/20/2007,5.02,5.2,4.92,4.93,139590
06/21/2007,4.95,4.96,4.85,4.89,111101
06/22/2007,5,5.0162,4.941,4.98,74323
06/25/2007,4.95,5.03,4.87,4.99,74798
06/26/2007,5.0001,5.29,4.99,5.04,150492
06/27/2007,5.001,5.05,4.9,4.9,70809
06/28/2007,5.1,5.1,4.8199,4.8199,89783
06/29/2007,4.8,5.02,4.8,4.87,64838
07/02/2007,4.93,4.96,4.81,4.9,34124
07/03/2007,4.95,4.98,4.86,4.98,26840
07/05/2007,5.06,5.07,4.88,4.9,71683
07/06/2007,4.96,4.99,4.91,4.91,52566
07/09/2007,4.88,4.93,4.8648,4.91,55010
07/10/2007,4.88,5.38,4.88,5.32,469545
07/11/2007,5.31,5.39,5.11,5.28,181266
07/12/2007,5.24,5.4,5.12,5.2732,246313
07/13/2007,5.22,5.45,5.22,5.42,163819
07/16/2007,5.45,5.67,5.4,5.59,422173
07/17/2007,5.59,5.609,5.3,5.3,103178
07/18/2007,5.35,5.35,5.07,5.1,104938
07/19/2007,5.19,5.29,5.18,5.27,58262
07/20/2007,5.23,5.32,5.05,5.12,55893
07/23/2007,5.09,5.17,5.09,5.106,44946
07/24/2007,5.15,5.15,5.05,5.06,46520
07/25/2007,5.07,5.099,4.83,4.95,54556
07/26/2007,4.95,4.95,4.66,4.68,144540
07/27/2007,4.68,4.8,4.5,4.514,65490
07/30/2007,4.63,4.66,4.46,4.6,45527
07/31/2007,4.68,4.68,4.51,4.51,40684
08/01/2007,4.49,4.51,4.38,4.4,52815
08/02/2007,4.42,4.43,4.28,4.3,75881
08/03/2007,4.31,4.32,4.2,4.2299,81759
08/06/2007,4.24,4.3,3.96,4.04,80498
08/07/2007,4.04,4.13,3.92,3.99,75646
08/08/2007,3.96,4.25,3.92,4.16,78759
08/09/2007,4.17,4.57,4.154,4.56,102916
08/10/2007,4.5,4.5,4.21,4.4999,92070
08/13/2007,4.47,4.47,4.31,4.31,56187
08/14/2007,4.36,4.4558,4.32,4.43,38359
08/15/2007,4.3994,4.73,4.39,4.54,132239
08/16/2007,4.43,4.46,4.14,4.25,51405
08/17/2007,4.35,4.54,4.35,4.49,58180
08/20/2007,4.62,4.6524,4.22,4.46,105023
08/21/2007,4.41,4.44,4.2,4.26,61828
08/22/2007,4.22,4.35,4.22,4.33,42681
08/23/2007,4.36,4.36,4.3,4.31,32619
08/24/2007,4.23,4.42,4.21,4.35,51798
08/27/2007,4.31,4.36,4.2,4.22,58923
08/28/2007,4.2,4.25,4.13,4.15,23496
08/29/2007,4.2,4.28,4.08,4.1444,29180
08/30/2007,4.19,4.38,4.17,4.35,54514
08/31/2007,4.35,4.38,4.21,4.38,33720
09/04/2007,4.3199,4.91,4.28,4.65,91530
09/05/2007,4.67,4.9,4.42,4.58,262087
09/06/2007,4.63,4.68,4.57,4.6,36181
09/07/2007,4.63,4.63,4.31,4.41,36380
09/10/2007,4.45,4.53,4.42,4.4999,18932
09/11/2007,4.5399,4.57,4.36,4.4,50956
09/12/2007,4.41,4.48,4.27,4.29,32879
09/13/2007,4.3101,4.7,4.3101,4.4,47027
09/14/2007,4.37,4.48,4.36,4.41,23800
09/17/2007,4.38,4.42,4.2,4.35,41260
09/18/2007,4.23,4.48,4.2,4.35,46789
09/19/2007,4.35,4.82,4.27,4.48,247738
09/20/2007,4.46,4.6,4.38,4.5999,76989
09/21/2007,4.58,4.67,4.51,4.59,64265
09/24/2007,4.6,4.91,4.54,4.8619,224091
09/25/2007,4.74,5.16,4.68,5.07,294550
09/26/2007,5.15,5.17,4.84,5.12,276633
09/27/2007,5.27,6.1,5.21,5.36,1516199
09/28/2007,5.38,5.44,4.87,4.87,391820
10/01/2007,4.92,5.14,4.9,5.06,146396
10/02/2007,5.08,5.39,5.05,5.35,223252
10/03/2007,5.32,5.66,5.22,5.45,380754
10/04/2007,5.53,5.619,5.01,5.16,276947
10/05/2007,5.17,5.3599,5.17,5.29,178070
10/08/2007,5.35,7.15,5.25,6.23,2185677
10/09/2007,6.19,6.34,5.81,5.97,565409
10/10/2007,6.24,6.24,5.82,6.11,236944
10/11/2007,6.31,6.44,5.65,5.77,369936
10/12/2007,5.82,6.01,5.8,5.85,106112
10/15/2007,5.9,5.98,5.45,5.53,273821
10/16/2007,5.5,5.71,5.5,5.68,135198
10/17/2007,5.83,5.8799,5.58,5.61,90782
10/18/2007,5.55,5.65,5.46,5.61,95067
10/19/2007,5.64,5.66,5.23,5.25,128986
10/22/2007,5.19,5.26,5.06,5.26,122654
10/23/2007,5.2601,5.43,5.26,5.36,54150
10/24/2007,5.3,5.43,5.3,5.38,77695
10/25/2007,5.5,5.55,5.38,5.47,174149
10/26/2007,5.56,5.56,5.43,5.55,62073
10/29/2007,5.59,6.08,5.57,5.96,251869
10/30/2007,5.95,5.99,5.68,5.79,66666
10/31/2007,5.85,5.9628,5.79,5.8099,49506
11/01/2007,5.76,5.88,5.45,5.48,80891
11/02/2007,5.65,5.65,5.36,5.39,66123
11/05/2007,5.4,5.58,5.34,5.46,69233
11/06/2007,5.44,5.52,5.27,5.27,69660
11/07/2007,5.2,5.28,5.18,5.21,57321
11/08/2007,5.2,5.41,4.99,5.2099,98976
11/09/2007,5.3199,5.3199,4.9,5,57367
11/12/2007,5,5.02,4.69,4.72,52715
11/13/2007,4.66,4.88,4.66,4.83,81565
11/14/2007,5,5.5,5,5.36,184309
11/15/2007,5.35,5.57,5.13,5.52,89409
11/16/2007,5.5,5.59,5.22,5.45,83370
11/19/2007,5.06,5.59,5.06,5.32,53731
11/20/2007,5.16,5.42,5.08,5.08,45840
11/21/2007,5.05,5.3,4.74,4.75,86470
11/23/2007,4.85,4.99,4.85,4.91,11500
11/26/2007,4.78,5.2,4.78,5.15,47137
11/27/2007,5.11,5.25,4.26,4.28,202746
11/28/2007,4.4,4.43,3.95,3.99,235526
11/29/2007,4.02,4.43,3.91,4.34,213737
11/30/2007,4.32,4.58,4.32,4.524,69900
12/03/2007,4.5,4.62,4.45,4.4899,61155
12/04/2007,4.4499,4.47,4.4,4.43,44479
12/05/2007,4.48,4.6,4.48,4.6,63594
12/06/2007,4.62,4.84,4.62,4.81,93783
12/07/2007,4.86,5.32,4.72,5.2,129251
12/10/2007,5.25,5.35,4.93,5.01,86374
12/11/2007,4.98,5.11,4.75,4.87,73278
12/12/2007,4.9801,5.0099,4.81,4.87,24377
12/13/2007,4.83,4.9,4.62,4.9,46390
12/14/2007,4.86,4.91,4.68,4.87,49599
12/17/2007,4.83,4.84,4.62,4.62,25721
12/18/2007,4.65,4.65,4.43,4.59,66452
12/19/2007,4.71,4.78,4.45,4.584,99814
12/20/2007,4.54,4.63,4.46,4.48,46631
12/21/2007,4.51,4.99,4.44,4.77,76022
12/24/2007,4.75,4.81,4.45,4.71,45223
12/26/2007,4.61,4.72,4.61,4.68,31531
12/27/2007,4.59,4.6999,4.46,4.49,51207
12/28/2007,4.46,4.5,4.32,4.44,102251
12/31/2007,4.4,4.42,4.22,4.27,82952
01/02/2008,4.35,4.35,4.1,4.11,38084
01/03/2008,4.17,4.2001,4.05,4.07,66477
01/04/2008,4,4.05,3.92,3.93,86091
01/07/2008,4,4.15,3.94,4.04,35001
01/08/2008,4.13,4.29,4.1,4.105,61311
01/09/2008,4.11,4.1599,3.94,3.9699,38325
01/10/2008,3.98,3.98,3.75,3.8799,99217
01/11/2008,3.84,3.96,3.81,3.87,44565
01/14/2008,3.9,3.92,3.77,3.85,112820
01/15/2008,3.85,3.8702,3.76,3.7799,52888
01/16/2008,3.75,3.84,3.43,3.72,130883
01/17/2008,3.72,4.18,3.56,3.65,145243
01/18/2008,3.6,3.8832,3.57,3.6399,46152
01/22/2008,3.27,3.36,2.97,2.99,197093
01/23/2008,2.95,3.06,2.86,2.94,97749
01/24/2008,3.03,3.35,2.95,3.22,127089
01/25/2008,3.21,3.32,3.17,3.23,36382
01/28/2008,3.2,3.2,2.99,3.07,91403
01/29/2008,3.16,3.27,3.05,3.12,48770
01/30/2008,3.14,3.4,3.12,3.38,84080
01/31/2008,3.44,3.49,3.37,3.42,40449
02/01/2008,3.48,3.58,3.43,3.54,28270
02/04/2008,3.59,3.73,3.4385,3.6,63811
02/05/2008,3.49,3.8,3.33,3.5099,137156
02/06/2008,3.4899,3.7,3.39,3.43,71719
02/07/2008,3.38,3.51,3.34,3.42,31200
02/08/2008,3.32,3.5,3.3,3.43,16100
02/11/2008,3.41,3.48,3.29,3.38,31253
02/12/2008,3.45,3.45,3.26,3.27,35132
02/13/2008,3.33,3.33,3.16,3.2,60821
02/14/2008,3.17,3.42,3.17,3.35,56264
02/15/2008,3.4,3.4,3.12,3.13,48619
02/19/2008,3.12,3.19,3.11,3.11,21896
02/20/2008,3.0801,3.0801,2.96,3.01,46722
02/21/2008,3.06,3.36,2.97,3.02,82744
02/22/2008,3.02,3.16,2.9701,3.01,39437
02/25/2008,2.97,3,2.96,2.97,41618
02/26/2008,3,3.09,2.98,3.09,21144
02/27/2008,3,3.1999,3,3.04,35748
02/28/2008,3,3.08,2.96,3.05,23014
02/29/2008,3.0348,3.08,2.95,2.95,38496
03/03/2008,2.92,3.09,2.92,3.03,29363
03/04/2008,2.99,3.04,2.73,2.76,74447
03/05/2008,2.76,2.86,2.52,2.5699,94929
03/06/2008,2.6099,2.62,2.4601,2.47,47700
03/07/2008,2.49,2.52,2.05,2.05,135245
03/10/2008,2.1,2.43,1.65,1.71,185842
03/11/2008,1.66,1.78,1.65,1.69,227561
03/12/2008,1.66,2.04,1.66,1.8,225012
03/13/2008,1.76,1.93,1.7,1.76,81534
03/14/2008,1.79,1.84,1.52,1.53,399045
03/17/2008,1.52,2.43,1.519,2.43,204712
03/18/2008,2.31,2.42,1.95,2.12,134747
03/19/2008,2.14,2.14,1.93,2,76595
03/20/2008,1.96,2.06,1.92,1.95,37677
03/24/2008,1.92,1.93,1.72,1.72,484880
03/25/2008,1.72,1.78,1.7,1.73,213606
03/26/2008,1.73,1.95,1.73,1.95,88562
03/27/2008,1.93,1.99,1.65,1.75,110793
03/28/2008,1.76,1.8,1.36,1.51,112417
03/31/2008,1.48,1.5,1.45,1.4799,30252
04/01/2008,1.47,1.47,1.0501,1.2,258030
04/02/2008,1.21,1.45,1.21,1.4,117197
04/03/2008,1.43,1.43,1.2,1.22,121440
04/04/2008,1.31,1.36,1.3,1.3,117649
04/07/2008,1.5,1.5301,1.39,1.46,101894
04/08/2008,1.49,1.54,1.4,1.5,38707
04/09/2008,1.53,1.57,1.46,1.48,29745
04/10/2008,1.53,1.54,1.34,1.36,71108
04/11/2008,1.3601,1.45,1.32,1.32,29384
04/14/2008,1.36,1.36,1.3,1.31,13013
04/15/2008,1.31,1.32,1.3,1.3,50690
04/16/2008,1.31,1.34,1.3,1.31,35515
04/17/2008,1.28,1.29,1.22,1.22,58347
04/18/2008,1.2799,1.2799,1.18,1.22,44449
04/21/2008,1.3,1.32,1.2,1.2,106738
04/22/2008,1.2501,1.29,1.21,1.21,33340
04/23/2008,1.2,1.2401,1.2,1.2,43755
04/24/2008,1.17,1.25,1.16,1.19,47708
04/25/2008,1.19,1.19,0.91,1.12,171354
07/03/2008,0.96,0.98,0.8,0.98,33475
07/07/2008,0.85,0.85,0.6,0.7,55145
07/08/2008,0.52,0.7,0.4,0.6,66362
07/09/2008,0.6,0.8,0.5,0.8,32250
07/10/2008,0.8,0.8,0.8,0.8,1000
07/11/2008,0.8,1.01,0.6,1,49107
07/14/2008,0.6,1.01,0.6,0.99,10300
07/15/2008,0.99,1.01,0.6,1,6564
07/16/2008,1,1,0.51,0.65,50248
07/17/2008,0.51,0.7,0.51,0.7,28345
07/18/2008,0.7,0.7,0.51,0.7,17265
07/21/2008,0.51,0.7,0.51,0.7,12500
07/22/2008,0.7,0.7,0.55,0.7,11223
07/23/2008,0.69,0.7,0.6,0.6,11540
07/24/2008,0.7,0.7,0.6,0.7,10100
07/25/2008,0.7,0.7,0.6,0.7,6585
07/28/2008,0.7,0.7,0.6,0.62,9500
07/29/2008,0.55,0.7,0.55,0.7,26345
07/30/2008,0.7,0.7,0.59,0.7,20501
07/31/2008,0.63,0.7,0.63,0.7,11776
08/01/2008,0.66,0.7,0.61,0.7,6700
08/04/2008,0.63,0.7,0.63,0.7,3000
08/05/2008,0.65,0.8,0.65,0.73,23289
08/06/2008,0.65,1.21,0.65,0.95,128998
08/07/2008,0.95,1,0.75,1,18790
08/08/2008,0.9,0.9,0.76,0.89,15260
08/11/2008,0.77,0.89,0.77,0.89,12652
08/12/2008,0.79,0.79,0.75,0.79,14932
08/13/2008,0.75,0.77,0.53,0.68,72578
08/14/2008,0.59,0.68,0.59,0.68,14780
08/15/2008,0.64,0.7,0.55,0.68,29728
08/18/2008,0.7,0.7,0.7,0.7,2000
08/19/2008,0.7,0.8,0.7,0.8,17553
08/20/2008,1,1,0.75,0.96,20588
08/21/2008,0.75,0.95,0.7,0.94,11480
08/22/2008,0.95,0.95,0.7,0.94,8000
08/25/2008,0.65,0.95,0.63,0.94,7358
08/26/2008,0.9,0.9,0.64,0.9,5712
08/27/2008,0.9,0.9,0.64,0.9,11096
08/28/2008,0.64,0.86,0.64,0.85,16585
08/29/2008,0.55,0.84,0.55,0.84,20233
09/02/2008,0.84,0.84,0.59,0.84,6900
09/03/2008,0.7,0.84,0.7,0.84,3000
09/04/2008,0.65,0.9,0.59,0.8,13300
09/05/2008,0.8,0.8,0.59,0.75,10848
09/08/2008,0.78,0.78,0.55,0.73,19550
09/09/2008,0.56,0.75,0.56,0.75,800
09/10/2008,0.56,0.68,0.56,0.68,3400
09/11/2008,0.56,0.7,0.56,0.65,6300
09/12/2008,0.7,0.78,0.56,0.78,11431
09/15/2008,0.78,1,0.56,0.7,2220
09/16/2008,0.56,0.7,0.56,0.58,10074
09/17/2008,0.7,0.7,0.56,0.56,21054
09/18/2008,0.68,0.68,0.55,0.68,5440
09/19/2008,0.68,0.68,0.4,0.55,50077
09/22/2008,0.4,0.55,0.4,0.55,7040
09/23/2008,0.4,0.55,0.3,0.55,10786
09/24/2008,0.55,0.55,0.3,0.51,17252
09/25/2008,0.48,0.48,0.3,0.48,14165
09/26/2008,0.51,0.51,0.3,0.51,2800
09/29/2008,0.51,0.51,0.3,0.49,2000
09/30/2008,0.49,0.49,0.26,0.49,2700
10/01/2008,0.51,0.6,0.26,0.55,32961
10/02/2008,0.28,0.55,0.28,0.55,4250
10/03/2008,0.6,0.6,0.28,0.55,24517
10/06/2008,0.28,0.55,0.28,0.45,29773
10/07/2008,0.45,0.45,0.28,0.45,3410
10/08/2008,0.28,0.4,0.26,0.38,13828
10/09/2008,0.26,0.38,0.26,0.33,17430
10/10/2008,0.26,0.33,0.15,0.25,45004
10/13/2008,0.15,0.29,0.15,0.15,24559
10/14/2008,0.15,0.28,0.15,0.278,29590
10/15/2008,0.27,0.27,0.15,0.25,3300
10/16/2008,0.25,0.25,0.15,0.25,1700
10/17/2008,0.2,0.25,0.15,0.2,23420
10/20/2008,0.24,0.24,0.15,0.23,8776
10/21/2008,0.19,0.19,0.15,0.19,46330
10/22/2008,0.19,0.19,0.19,0.19,500
10/23/2008,0.15,0.18,0.06,0.18,30893
10/24/2008,0.18,0.18,0.06,0.18,7300
10/27/2008,0.18,0.18,0.1,0.18,19300
10/28/2008,0.18,0.18,0.06,0.18,5250
10/29/2008,0.13,0.25,0.06,0.25,76240
10/30/2008,0.21,0.3,0.15,0.18,30049
10/31/2008,0.28,0.28,0.28,0.28,1883
11/03/2008,0.28,0.3,0.18,0.22,32942
11/04/2008,0.22,0.3,0.18,0.28,29045
11/05/2008,0.28,0.28,0.22,0.28,1000
11/06/2008,0.34,0.34,0.18,0.26,15287
11/07/2008,0.27,0.27,0.17,0.25,18635
11/10/2008,0.25,0.25,0.17,0.25,9191
11/11/2008,0.24,0.24,0.15,0.19,24561
11/12/2008,0.19,0.19,0.11,0.15,50677
11/13/2008,0.15,0.15,0.11,0.15,8165
11/14/2008,0.12,0.14,0.12,0.14,997
11/17/2008,0.14,0.15,0.11,0.15,16613
11/18/2008,0.11,0.15,0.11,0.15,2660
11/19/2008,0.15,0.15,0.11,0.15,4029
11/20/2008,0.15,0.15,0.11,0.15,3405
11/21/2008,0.15,0.15,0.11,0.15,7587
11/24/2008,0.15,0.15,0.15,0.15,500
11/25/2008,0.15,0.15,0.11,0.15,4030
11/26/2008,0.15,0.15,0.11,0.15,27271
11/28/2008,0.15,0.19,0.12,0.12,34354
12/01/2008,0.19,0.19,0.11,0.19,20300
12/02/2008,0.19,0.19,0.05,0.1099,358325
12/03/2008,0.07,0.07,0.021,0.07,81461
12/04/2008,0.031,0.1,0.031,0.1,24689
12/05/2008,0.05,0.14,0.031,0.12,52921
12/08/2008,0.021,0.12,0.021,0.11,14664
12/09/2008,0.11,0.13,0.04,0.05,71867
12/10/2008,0.085,0.1,0.05,0.1,13200
12/11/2008,0.051,0.12,0.05,0.057,9963
12/12/2008,0.11,0.11,0.04,0.08,20509
12/15/2008,0.099,0.099,0.05,0.094,12585
12/16/2008,0.05,0.09,0.04,0.06,28270
12/17/2008,0.041,0.06,0.041,0.06,18454
12/18/2008,0.06,0.085,0.05,0.066,22410
12/19/2008,0.065,0.065,0.044,0.065,18904
12/22/2008,0.044,0.065,0.044,0.048,37808
12/23/2008,0.062,0.062,0.045,0.046,36174
12/24/2008,0.046,0.05,0.046,0.046,8477
12/26/2008,0.046,0.046,0.046,0.046,23166
12/29/2008,0.044,0.044,0.044,0.044,1610
12/30/2008,0.044,0.05,0.044,0.045,18212
12/31/2008,0.045,0.045,0.044,0.044,46190
01/02/2009,0.049,0.049,0.044,0.044,1100
01/05/2009,0.048,0.048,0.044,0.044,14660
01/06/2009,0.048,0.05,0.044,0.05,85241
01/07/2009,0.05,0.05,0.0301,0.045,99616
01/08/2009,0.04,0.045,0.032,0.045,29560
01/09/2009,0.045,0.098,0.045,0.0899,101026
01/12/2009,0.0899,0.0899,0.0899,0.0899,500
01/13/2009,0.07,0.084,0.046,0.055,7695
01/14/2009,0.055,0.055,0.055,0.055,500
01/15/2009,0.055,0.055,0.055,0.055,500
01/16/2009,0.055,0.055,0.055,0.055,500
01/20/2009,0.045,0.055,0.032,0.055,1848
01/21/2009,0.05,0.079,0.05,0.0699,36601
01/22/2009,0.0551,0.0699,0.0551,0.0551,3850
01/23/2009,0.05,0.05,0.03,0.05,68997
01/26/2009,0.033,0.05,0.033,0.05,1820
01/27/2009,0.05,0.05,0.033,0.05,6000
01/28/2009,0.035,0.05,0.035,0.036,17260
01/29/2009,0.037,0.05,0.037,0.05,2425
01/30/2009,0.037,0.05,0.037,0.037,9415
02/02/2009,0.05,0.05,0.037,0.05,6700
02/03/2009,0.037,0.05,0.037,0.05,5400
02/04/2009,0.05,0.05,0.035,0.035,26904
02/05/2009,0.035,0.05,0.035,0.037,29749
02/06/2009,0.037,0.05,0.037,0.05,12200
02/09/2009,0.053,0.053,0.04,0.041,24604
02/10/2009,0.05,0.05,0.05,0.05,500
02/11/2009,0.05,0.05,0.05,0.05,1300
02/12/2009,0.041,0.049,0.039,0.049,2922
02/17/2009,0.045,0.045,0.045,0.045,1400
02/18/2009,0.045,0.049,0.041,0.049,2500
02/19/2009,0.049,0.049,0.049,0.049,500
02/20/2009,0.04,0.04,0.04,0.04,500
02/23/2009,0.04,0.048,0.04,0.048,5425
02/24/2009,0.048,0.048,0.048,0.048,4000
02/25/2009,0.04,0.04,0.04,0.04,200
02/26/2009,0.047,0.047,0.047,0.047,6668
02/27/2009,0.047,0.047,0.047,0.047,500
03/02/2009,0.04,0.047,0.04,0.047,700
03/03/2009,0.04,0.04,0.04,0.04,149
03/04/2009,0.047,0.047,0.047,0.047,500
03/05/2009,0.04,0.047,0.04,0.047,12751
03/06/2009,0.047,0.047,0.04,0.047,3975
03/09/2009,0.04,0.047,0.04,0.04,26843
03/10/2009,0.047,0.047,0.047,0.047,500
03/11/2009,0.038,0.046,0.034,0.046,18993
03/12/2009,0.035,0.036,0.035,0.036,4000
03/13/2009,0.036,0.036,0.036,0.036,500
03/16/2009,0.036,0.04,0.036,0.04,18903
03/17/2009,0.04,0.04,0.035,0.036,78500
03/18/2009,0.03,0.034,0.023,0.03,154307
03/19/2009,0.0251,0.03,0.0251,0.03,50566
03/20/2009,0.03,0.03,0.03,0.03,21050
03/23/2009,0.03,0.035,0.03,0.03,16561
03/24/2009,0.03,0.03,0.03,0.03,1960
03/25/2009,0.03,0.03,0.03,0.03,1000
03/26/2009,0.035,0.035,0.035,0.035,500
03/27/2009,0.035,0.035,0.032,0.035,6300
03/30/2009,0.032,0.04,0.032,0.039,3387
03/31/2009,0.035,0.035,0.035,0.035,500
04/01/2009,0.035,0.035,0.035,0.035,500
04/02/2009,0.035,0.035,0.035,0.035,500
04/03/2009,0.035,0.04,0.032,0.04,4714
04/06/2009,0.04,0.04,0.04,0.04,1000
04/07/2009,0.032,0.04,0.032,0.04,1100
04/08/2009,0.04,0.04,0.04,0.04,1000
04/09/2009,0.04,0.04,0.03,0.04,3500
04/13/2009,0.04,0.04,0.04,0.04,5000
04/14/2009,0.04,0.06,0.032,0.04,29913
04/15/2009,0.06,0.1,0.05,0.1,24917
04/16/2009,0.055,0.1,0.055,0.1,4100
04/17/2009,0.032,0.07,0.032,0.07,85500
04/20/2009,0.05,0.06,0.046,0.06,11500
04/21/2009,0.06,0.08,0.046,0.08,2000
04/22/2009,0.075,0.075,0.075,0.075,1000
04/23/2009,0.075,0.075,0.075,0.075,1000
04/24/2009,0.075,0.075,0.075,0.075,1000
04/27/2009,0.046,0.075,0.046,0.075,1100
04/28/2009,0.046,0.075,0.046,0.075,10114
04/29/2009,0.075,0.075,0.075,0.075,500
04/30/2009,0.046,0.075,0.046,0.046,17850
05/01/2009,0.075,0.075,0.046,0.075,15400
05/04/2009,0.075,0.075,0.075,0.075,1000
05/05/2009,0.075,0.075,0.047,0.047,1100
05/06/2009,0.05,0.07,0.05,0.07,9850
05/07/2009,0.05,0.05,0.05,0.05,600
05/08/2009,0.045,0.07,0.045,0.06,7100
05/11/2009,0.05,0.05,0.05,0.05,2600
05/12/2009,0.06,0.06,0.05,0.05,3480
05/13/2009,0.05,0.06,0.05,0.06,1870
05/14/2009,0.05,0.05,0.05,0.05,2700
05/15/2009,0.06,0.06,0.05,0.06,22850
05/18/2009,0.06,0.06,0.06,0.06,500
05/19/2009,0.041,0.041,0.041,0.041,1100
05/20/2009,0.055,0.055,0.039,0.041,11653
05/21/2009,0.06,0.06,0.06,0.06,400
05/22/2009,0.07,0.07,0.042,0.065,3150
05/26/2009,0.06,0.06,0.06,0.06,500
05/27/2009,0.07,0.07,0.05,0.06,14153
05/28/2009,0.05,0.05,0.05,0.05,12200
05/29/2009,0.05,0.06,0.05,0.05,21280
06/01/2009,0.05,0.05,0.05,0.05,250
06/02/2009,0.05,0.1,0.05,0.05,11510
06/03/2009,0.09,0.09,0.05,0.05,11600
06/04/2009,0.06,0.09,0.051,0.09,20800
06/05/2009,0.08,0.08,0.06,0.06,9805
06/08/2009,0.06,0.06,0.051,0.051,3292
06/09/2009,0.051,0.051,0.051,0.051,1100
06/10/2009,0.08,0.08,0.08,0.08,500
06/11/2009,0.08,0.08,0.055,0.055,2200
06/12/2009,0.055,0.08,0.055,0.08,4901
06/15/2009,0.08,0.08,0.055,0.055,1950
06/16/2009,0.055,0.08,0.055,0.08,5600
06/17/2009,0.08,0.08,0.055,0.08,5686
06/18/2009,0.08,0.08,0.08,0.08,500
06/19/2009,0.055,0.2,0.055,0.2,64850
06/22/2009,0.1,0.2,0.1,0.1,40376
06/23/2009,0.19,0.19,0.06,0.19,33850
06/24/2009,0.18,0.18,0.18,0.18,500
06/25/2009,0.16,0.16,0.061,0.061,43485
06/26/2009,0.1,0.1,0.1,0.1,500
06/29/2009,0.06,0.1,0.06,0.07,53460
06/30/2009,0.07,0.16,0.07,0.16,9300
07/01/2009,0.071,0.08,0.06,0.07,105589
07/02/2009,0.07,0.1,0.07,0.1,5700
07/06/2009,0.14,0.16,0.07,0.16,44666
07/07/2009,0.08,0.16,0.08,0.16,10490
07/08/2009,0.1,0.1,0.1,0.1,800
07/09/2009,0.159,0.18,0.1,0.18,8850
07/10/2009,0.1,0.159,0.1,0.159,4100
07/13/2009,0.158,0.158,0.05,0.051,153718
07/14/2009,0.1,0.13,0.1,0.13,20000
07/15/2009,0.06,0.1,0.06,0.1,1000
07/16/2009,0.1,0.1,0.1,0.1,11225
07/17/2009,0.07,0.17,0.051,0.17,177866
07/20/2009,0.06,0.14,0.06,0.14,60500
07/21/2009,0.135,0.135,0.08,0.12,3100
07/22/2009,0.08,0.179,0.08,0.179,37700
07/23/2009,0.15,0.15,0.15,0.15,557
07/24/2009,0.11,0.14,0.11,0.14,10913
07/27/2009,0.12,0.12,0.12,0.12,13200
07/28/2009,0.14,0.14,0.06,0.1,62038
07/29/2009,0.08,0.135,0.08,0.135,15625
07/30/2009,0.135,0.135,0.135,0.135,500
07/31/2009,0.1,0.1,0.1,0.1,925
08/03/2009,0.1,0.135,0.1,0.1,22000
08/04/2009,0.13,0.13,0.13,0.13,2500
08/05/2009,0.11,0.11,0.11,0.11,300
08/06/2009,0.11,0.13,0.11,0.13,5800
08/07/2009,0.13,0.13,0.11,0.11,6639
08/10/2009,0.11,0.13,0.11,0.13,6400
08/11/2009,0.13,0.13,0.13,0.13,1000
08/12/2009,0.13,0.13,0.09,0.13,1400
08/13/2009,0.09,0.13,0.09,0.13,2950
08/14/2009,0.09,0.1,0.07,0.1,18000
08/17/2009,0.07,0.1,0.07,0.1,14634
08/18/2009,0.13,0.13,0.13,0.13,500
08/19/2009,0.12,0.12,0.12,0.12,500
08/20/2009,0.12,0.135,0.12,0.135,10000
08/21/2009,0.115,0.135,0.115,0.135,8007
08/24/2009,0.08,0.135,0.08,0.135,2219
08/25/2009,0.07,0.135,0.07,0.135,1915
08/26/2009,0.135,0.15,0.08,0.15,10500
08/27/2009,0.0801,0.1,0.0801,0.1,1000
08/28/2009,0.1,0.1,0.0801,0.0801,1300
08/31/2009,0.1,0.1,0.1,0.1,1500
09/01/2009,0.174,0.174,0.0804,0.136,4700
09/02/2009,0.134,0.134,0.134,0.134,1000
09/03/2009,0.134,0.15,0.081,0.15,3400
09/04/2009,0.09,0.145,0.09,0.145,1050
09/08/2009,0.09,0.145,0.09,0.145,5090
09/09/2009,0.144,0.144,0.144,0.144,500
09/10/2009,0.14,0.14,0.14,0.14,1400
09/11/2009,0.14,0.14,0.11,0.136,5500
09/14/2009,0.11,0.136,0.1,0.136,67311
09/15/2009,0.14,0.14,0.14,0.14,400
09/16/2009,0.14,0.14,0.14,0.14,5924
09/17/2009,0.089,0.089,0.089,0.089,800
09/18/2009,0.14,0.14,0.088,0.088,62600
09/21/2009,0.13,0.13,0.13,0.13,500
09/22/2009,0.13,0.13,0.09,0.13,900
09/23/2009,0.091,0.13,0.091,0.13,2400
09/24/2009,0.101,0.13,0.101,0.13,2660
09/25/2009,0.102,0.13,0.102,0.13,10500
09/28/2009,0.11,0.13,0.11,0.13,10490
09/29/2009,0.11,0.13,0.11,0.13,1200
09/30/2009,0.11,0.13,0.11,0.13,2200
10/01/2009,0.11,0.13,0.11,0.13,1250
10/02/2009,0.11,0.124,0.08,0.124,57982
10/05/2009,0.08,0.123,0.08,0.123,5100
10/06/2009,0.08,0.13,0.08,0.13,33732
10/07/2009,0.075,0.128,0.075,0.128,1150
10/08/2009,0.075,0.13,0.075,0.13,13825
10/09/2009,0.13,0.13,0.06,0.095,74599
10/12/2009,0.06,0.085,0.06,0.0825,2766
10/13/2009,0.08,0.085,0.08,0.085,4300
10/14/2009,0.08,0.085,0.08,0.085,1700
10/15/2009,0.08,0.085,0.08,0.085,1350
10/16/2009,0.085,0.085,0.083,0.085,2500
10/19/2009,0.095,0.095,0.085,0.095,1500
10/20/2009,0.095,0.095,0.095,0.095,500
10/21/2009,0.08,0.095,0.07,0.095,5900
10/22/2009,0.08,0.095,0.08,0.095,1100
10/23/2009,0.095,0.095,0.08,0.095,5450
10/26/2009,0.095,0.095,0.095,0.095,4500
10/27/2009,0.08,0.105,0.08,0.105,3245
10/28/2009,0.085,0.085,0.066,0.085,30850
10/29/2009,0.085,0.085,0.085,0.085,1150
10/30/2009,0.085,0.085,0.085,0.085,500
11/02/2009,0.066,0.085,0.066,0.085,4000
11/03/2009,0.066,0.085,0.066,0.085,2150
11/04/2009,0.066,0.075,0.06,0.075,23350
11/05/2009,0.075,0.075,0.075,0.075,500
11/06/2009,0.075,0.075,0.075,0.075,500
11/09/2009,0.06,0.075,0.06,0.075,4325
11/10/2009,0.06,0.075,0.06,0.075,15511
11/11/2009,0.06,0.074,0.06,0.074,1525
11/12/2009,0.074,0.074,0.074,0.074,500
11/13/2009,0.074,0.074,0.06,0.074,10550
11/16/2009,0.06,0.074,0.06,0.074,4600
11/17/2009,0.06,0.074,0.06,0.074,2870
11/18/2009,0.074,0.074,0.074,0.074,500
11/19/2009,0.06,0.072,0.0555,0.07,23658
11/20/2009,0.07,0.07,0.053,0.068,18800
11/23/2009,0.053,0.068,0.053,0.068,4600
11/24/2009,0.068,0.068,0.053,0.06,14400
11/25/2009,0.053,0.06,0.053,0.06,1500
11/27/2009,0.06,0.06,0.06,0.06,500
11/30/2009,0.053,0.06,0.053,0.06,11600
12/01/2009,0.053,0.06,0.053,0.06,1450
12/02/2009,0.06,0.06,0.06,0.06,500
12/03/2009,0.06,0.06,0.06,0.06,500
12/04/2009,0.053,0.06,0.053,0.06,12100
12/07/2009,0.053,0.06,0.053,0.06,5700
12/08/2009,0.053,0.06,0.053,0.06,78762
12/09/2009,0.06,0.06,0.06,0.06,500
12/10/2009,0.053,0.06,0.053,0.06,1900
12/11/2009,0.053,0.06,0.053,0.06,5600
12/14/2009,0.053,0.06,0.053,0.06,5993
12/15/2009,0.053,0.06,0.053,0.06,11800
12/16/2009,0.053,0.06,0.053,0.06,14750
12/17/2009,0.053,0.06,0.053,0.06,7400
12/18/2009,0.053,0.09,0.04,0.0645,115112
12/21/2009,0.046,0.0635,0.045,0.045,3050
12/22/2009,0.045,0.05,0.035,0.05,16500
12/23/2009,0.035,0.0495,0.035,0.0495,9810
12/24/2009,0.035,0.046,0.035,0.046,11000
12/28/2009,0.035,0.049,0.035,0.049,27410
12/29/2009,0.035,0.039,0.03,0.039,64309
12/30/2009,0.03,0.089,0.03,0.05,157243
12/31/2009,0.04,0.05,0.04,0.046,19640
01/04/2010,0.046,0.05,0.04,0.05,19700
01/05/2010,0.04,0.05,0.04,0.05,2512
01/06/2010,0.04,0.05,0.04,0.05,2075
01/07/2010,0.05,0.05,0.0311,0.043,17663
01/08/2010,0.0311,0.043,0.0311,0.043,1800
01/11/2010,0.043,0.043,0.043,0.043,500
01/12/2010,0.043,0.043,0.0316,0.039,6200
01/13/2010,0.032,0.043,0.032,0.043,17300
01/14/2010,0.039,0.039,0.0311,0.039,10850
01/15/2010,0.04,0.043,0.04,0.04,10500
01/19/2010,0.042,0.042,0.0311,0.0325,577100
01/20/2010,0.0311,0.0311,0.0311,0.0311,1440
01/21/2010,0.0311,0.0311,0.0311,0.0311,5000
01/22/2010,0.03,0.03,0.03,0.03,400
01/28/2010,0.03,0.03,0.03,0.03,4500
01/29/2010,0.03,0.03,0.03,0.03,3000
02/01/2010,0.03,0.044,0.03,0.03,230858
02/09/2010,0.03,0.03,0.03,0.03,4000
02/10/2010,0.03,0.03,0.03,0.03,1330
02/11/2010,0.03,0.03,0.03,0.03,100
02/18/2010,0.03,0.03,0.03,0.03,9300
02/19/2010,0.03,0.03,0.03,0.03,1000
02/22/2010,0.03,0.03,0.03,0.03,48000
02/23/2010,0.031,0.031,0.031,0.031,6055
02/25/2010,0.031,0.031,0.03,0.03,21500
03/01/2010,0.03,0.03,0.03,0.03,300
03/02/2010,0.03,0.03,0.03,0.03,4200
03/03/2010,0.03,0.03,0.03,0.03,2100
03/04/2010,0.03,0.03,0.03,0.03,7513
03/05/2010,0.035,0.04,0.032,0.04,5000
03/09/2010,0.06,0.06,0.032,0.032,21650
03/10/2010,0.032,0.032,0.032,0.032,1640
03/11/2010,0.032,0.032,0.032,0.032,6000
03/15/2010,0.032,0.032,0.032,0.032,100
03/16/2010,0.032,0.032,0.032,0.032,35596
03/22/2010,0.032,0.032,0.032,0.032,3200
03/23/2010,0.032,0.032,0.032,0.032,11750
03/24/2010,0.032,0.035,0.032,0.035,400
03/25/2010,0.037,0.037,0.037,0.037,1250
03/26/2010,0.03,0.059,0.03,0.059,900
03/29/2010,0.032,0.032,0.03,0.032,16108
03/30/2010,0.032,0.032,0.03,0.03,2500
03/31/2010,0.032,0.032,0.032,0.032,1955
04/01/2010,0.03,0.058,0.03,0.058,1100
04/05/2010,0.03,0.03,0.03,0.03,400
04/07/2010,0.059,0.059,0.03,0.03,22844
04/08/2010,0.03,0.031,0.03,0.031,470
04/09/2010,0.032,0.032,0.032,0.032,500
04/14/2010,0.032,0.032,0.032,0.032,2000
04/15/2010,0.032,0.032,0.032,0.032,2600
04/19/2010,0.032,0.032,0.032,0.032,5220
04/20/2010,0.032,0.032,0.032,0.032,1800
04/21/2010,0.032,0.032,0.032,0.032,2200
04/22/2010,0.05,0.05,0.032,0.032,10650
04/26/2010,0.032,0.032,0.032,0.032,1300
04/27/2010,0.032,0.032,0.032,0.032,3000
04/28/2010,0.032,0.032,0.032,0.032,700
04/29/2010,0.035,0.035,0.032,0.033,14850
05/04/2010,0.031,0.032,0.031,0.032,710
05/05/2010,0.031,0.031,0.031,0.031,6755
05/06/2010,0.031,0.031,0.031,0.031,4900
05/11/2010,0.031,0.031,0.031,0.031,1000
05/12/2010,0.031,0.031,0.031,0.031,3990
05/17/2010,0.031,0.031,0.031,0.031,500
05/19/2010,0.031,0.031,0.031,0.031,2500
05/20/2010,0.031,0.031,0.031,0.031,2500
05/24/2010,0.031,0.031,0.031,0.031,1500
05/26/2010,0.031,0.031,0.031,0.031,5860
05/27/2010,0.031,0.031,0.031,0.031,200
05/28/2010,0.031,0.031,0.031,0.031,1000
06/01/2010,0.031,0.031,0.031,0.031,400
06/02/2010,0.031,0.031,0.031,0.031,5000
06/04/2010,0.031,0.031,0.031,0.031,1500
06/07/2010,0.031,0.031,0.031,0.031,1000
06/09/2010,0.031,0.032,0.031,0.032,6200
06/15/2010,0.031,0.031,0.031,0.031,890
06/21/2010,0.031,0.031,0.031,0.031,500
06/22/2010,0.031,0.05,0.031,0.031,1000
06/24/2010,0.032,0.032,0.032,0.032,1000
06/28/2010,0.032,0.032,0.032,0.032,500
06/29/2010,0.025,0.032,0.025,0.032,13900
06/30/2010,0.032,0.032,0.032,0.032,200
07/02/2010,0.03,0.03,0.03,0.03,600
07/08/2010,0.032,0.032,0.032,0.032,5000
07/14/2010,0.032,0.032,0.032,0.032,1600
07/21/2010,0.032,0.04,0.032,0.032,16450
07/22/2010,0.032,0.032,0.032,0.032,12010
07/26/2010,0.032,0.032,0.032,0.032,287
07/27/2010,0.032,0.032,0.032,0.032,1000
07/29/2010,0.032,0.032,0.032,0.032,1000
08/02/2010,0.032,0.032,0.032,0.032,1300
08/03/2010,0.032,0.032,0.032,0.032,15000
08/04/2010,0.025,0.032,0.025,0.032,1547
08/05/2010,0.032,0.032,0.032,0.032,1245
08/11/2010,0.031,0.031,0.031,0.031,767
08/13/2010,0.025,0.028,0.025,0.028,1700
08/16/2010,0.028,0.028,0.028,0.028,11600
08/19/2010,0.028,0.028,0.025,0.025,30500
08/23/2010,0.025,0.025,0.025,0.025,2000
08/24/2010,0.025,0.025,0.025,0.025,200
08/26/2010,0.025,0.025,0.025,0.025,950
08/27/2010,0.025,0.025,0.025,0.025,20000
08/30/2010,0.025,0.025,0.025,0.025,2500
09/03/2010,0.025,0.025,0.025,0.025,500
09/07/2010,0.033,0.033,0.033,0.033,1100
09/10/2010,0.025,0.025,0.025,0.025,2500
09/14/2010,0.025,0.025,0.025,0.025,1050
09/15/2010,0.025,0.025,0.025,0.025,650
09/16/2010,0.025,0.025,0.025,0.025,10000
09/20/2010,0.025,0.025,0.025,0.025,12070
09/21/2010,0.03,0.03,0.03,0.03,4000
09/22/2010,0.03,0.03,0.03,0.03,2208
09/23/2010,0.035,0.035,0.035,0.035,4000
09/24/2010,0.03,0.03,0.03,0.03,10500
09/27/2010,0.03,0.03,0.03,0.03,200
09/29/2010,0.03,0.03,0.03,0.03,1990
10/01/2010,0.03,0.03,0.03,0.03,100
10/04/2010,0.03,0.03,0.03,0.03,2500
10/05/2010,0.03,0.03,0.03,0.03,5000
10/06/2010,0.025,0.025,0.025,0.025,322
10/07/2010,0.025,0.025,0.025,0.025,700
10/08/2010,0.025,0.025,0.025,0.025,7700
10/12/2010,0.025,0.025,0.025,0.025,700
10/13/2010,0.025,0.025,0.025,0.025,200
10/14/2010,0.025,0.025,0.025,0.025,200
10/18/2010,0.025,0.03,0.025,0.025,8510
10/19/2010,0.025,0.025,0.025,0.025,1000
10/20/2010,0.025,0.025,0.025,0.025,1043
10/21/2010,0.025,0.025,0.025,0.025,200
10/22/2010,0.025,0.025,0.025,0.025,334
10/26/2010,0.025,0.025,0.025,0.025,700
10/27/2010,0.025,0.025,0.025,0.025,17650
11/01/2010,0.025,0.025,0.025,0.025,10000
11/02/2010,0.025,0.025,0.025,0.025,4700
11/03/2010,0.025,0.025,0.025,0.025,3100
11/04/2010,0.025,0.025,0.025,0.025,42100
11/05/2010,0.025,0.025,0.025,0.025,2000
11/08/2010,0.025,0.025,0.025,0.025,64200
11/09/2010,0.025,0.025,0.025,0.025,62954
11/10/2010,0.025,0.025,0.025,0.025,2000
11/15/2010,0.025,0.025,0.025,0.025,495
11/16/2010,0.025,0.025,0.025,0.025,1200
11/17/2010,0.025,0.025,0.025,0.025,500
11/22/2010,0.025,0.025,0.025,0.025,10000
11/23/2010,0.025,0.025,0.025,0.025,5000
11/24/2010,0.025,0.0395,0.025,0.039,31317
11/29/2010,0.03,0.03,0.025,0.025,3000
11/30/2010,0.025,0.025,0.025,0.025,5100
12/02/2010,0.025,0.025,0.025,0.025,700
12/03/2010,0.025,0.025,0.025,0.025,1700
12/06/2010,0.025,0.025,0.025,0.025,5420
12/07/2010,0.025,0.025,0.025,0.025,850
12/09/2010,0.025,0.025,0.025,0.025,1600
12/10/2010,0.025,0.025,0.025,0.025,7500
12/13/2010,0.025,0.025,0.025,0.025,9821
12/14/2010,0.025,0.025,0.025,0.025,3800
12/15/2010,0.025,0.03,0.025,0.03,31389
12/16/2010,0.0251,0.0251,0.0251,0.0251,550
12/17/2010,0.025,0.025,0.025,0.025,1100
12/20/2010,0.025,0.04,0.025,0.04,4600
12/21/2010,0.025,0.033,0.025,0.033,3361
12/22/2010,0.033,0.033,0.03,0.03,6800
12/23/2010,0.03,0.03,0.025,0.025,34198
12/27/2010,0.025,0.025,0.025,0.025,65324
12/28/2010,0.025,0.025,0.025,0.025,5150
12/29/2010,0.025,0.025,0.025,0.025,4600
12/30/2010,0.025,0.038,0.025,0.038,63385
12/31/2010,0.038,0.038,0.038,0.038,14750
01/03/2011,0.038,0.038,0.03,0.03,6755
01/04/2011,0.03,0.03,0.03,0.03,1738
01/05/2011,0.03,0.03,0.03,0.03,1900
01/10/2011,0.03,0.03,0.03,0.03,1600
01/13/2011,0.03,0.03,0.03,0.03,147
01/14/2011,0.03,0.05,0.03,0.04,12320
01/19/2011,0.04,0.04,0.04,0.04,12850
01/20/2011,0.04,0.04,0.04,0.04,2230
01/24/2011,0.04,0.04,0.04,0.04,4000
01/26/2011,0.04,0.04,0.04,0.04,11300
01/27/2011,0.04,0.04,0.0312,0.0312,9250
01/28/2011,0.0313,0.0313,0.0313,0.0313,1100
01/31/2011,0.03,0.03,0.03,0.03,200
02/01/2011,0.03,0.03,0.03,0.03,10400
02/02/2011,0.03,0.0312,0.03,0.0312,2000
02/03/2011,0.031,0.031,0.031,0.031,35000
02/04/2011,0.031,0.031,0.031,0.031,400
02/07/2011,0.031,0.031,0.031,0.031,400
02/08/2011,0.03,0.03,0.03,0.03,125
02/10/2011,0.0312,0.0312,0.0312,0.0312,200
02/11/2011,0.03,0.03,0.028,0.028,33300
02/14/2011,0.028,0.028,0.028,0.028,35904
02/15/2011,0.028,0.028,0.028,0.028,300
02/16/2011,0.028,0.028,0.026,0.026,6500
02/18/2011,0.026,0.026,0.026,0.026,200
02/22/2011,0.026,0.026,0.026,0.026,5000
02/23/2011,0.026,0.026,0.026,0.026,8086
02/24/2011,0.026,0.026,0.026,0.026,100
02/25/2011,0.026,0.026,0.026,0.026,440
02/28/2011,0.026,0.026,0.026,0.026,53219
03/01/2011,0.026,0.026,0.026,0.026,3000
03/03/2011,0.026,0.026,0.026,0.026,10000
03/07/2011,0.027,0.027,0.027,0.027,2482
03/08/2011,0.026,0.026,0.026,0.026,4180
03/09/2011,0.026,0.026,0.026,0.026,5500
03/10/2011,0.026,0.026,0.026,0.026,12090
03/14/2011,0.026,0.026,0.026,0.026,1200
03/15/2011,0.026,0.026,0.026,0.026,500
03/16/2011,0.026,0.026,0.026,0.026,2000
03/21/2011,0.026,0.026,0.025,0.025,20000
03/22/2011,0.025,0.025,0.025,0.025,460
03/24/2011,0.025,0.025,0.025,0.025,100
03/25/2011,0.025,0.025,0.025,0.025,11000
03/28/2011,0.025,0.025,0.025,0.025,15500
03/30/2011,0.024,0.024,0.024,0.024,5675
04/04/2011,0.024,0.024,0.024,0.024,600
04/05/2011,0.025,0.025,0.024,0.024,9200
04/06/2011,0.024,0.024,0.024,0.024,1750
04/07/2011,0.024,0.024,0.023,0.023,1823
04/08/2011,0.023,0.023,0.023,0.023,800
04/11/2011,0.023,0.023,0.023,0.023,100
04/12/2011,0.023,0.023,0.023,0.023,400
04/13/2011,0.023,0.023,0.023,0.023,1000
04/15/2011,0.023,0.023,0.023,0.023,2765
04/18/2011,0.023,0.023,0.023,0.023,5465
04/19/2011,0.023,0.023,0.022,0.022,16500
04/27/2011,0.024,0.024,0.022,0.022,5510
04/28/2011,0.022,0.022,0.022,0.022,925
05/05/2011,0.022,0.022,0.022,0.022,2877
05/06/2011,0.022,0.022,0.022,0.022,540
05/09/2011,0.022,0.022,0.022,0.022,500
05/10/2011,0.022,0.022,0.022,0.022,1200
05/11/2011,0.022,0.024,0.022,0.024,20271
05/19/2011,0.023,0.023,0.023,0.023,1500
05/24/2011,0.023,0.023,0.023,0.023,1400
05/27/2011,0.023,0.023,0.022,0.022,900
06/01/2011,0.022,0.022,0.022,0.022,200
06/02/2011,0.022,0.022,0.022,0.022,10000
06/07/2011,0.02,0.02,0.02,0.02,550
06/08/2011,0.02,0.02,0.02,0.02,245
06/09/2011,0.021,0.021,0.021,0.021,800
06/13/2011,0.02,0.02,0.02,0.02,716
06/14/2011,0.02,0.02,0.02,0.02,200
06/15/2011,0.02,0.02,0.02,0.02,1000
06/17/2011,0.02,0.02,0.02,0.02,1000
06/21/2011,0.02,0.02,0.02,0.02,500
06/22/2011,0.02,0.02,0.015,0.015,41048
06/23/2011,0.015,0.015,0.015,0.015,5540
06/28/2011,0.015,0.015,0.015,0.015,290
06/29/2011,0.015,0.015,0.015,0.015,5000
07/05/2011,0.015,0.015,0.015,0.015,1000
07/06/2011,0.015,0.015,0.015,0.015,1800
07/11/2011,0.015,0.015,0.015,0.015,7200
07/13/2011,0.015,0.015,0.015,0.015,4000
07/15/2011,0.015,0.015,0.008,0.008,163051
07/18/2011,0.01,0.015,0.01,0.012,12234
07/19/2011,0.013,0.013,0.013,0.013,15000
07/20/2011,0.013,0.013,0.013,0.013,4000
07/21/2011,0.013,0.013,0.013,0.013,2000
07/26/2011,0.013,0.014,0.013,0.014,23400
07/27/2011,0.014,0.014,0.014,0.014,17800
07/29/2011,0.014,0.014,0.014,0.014,1500
08/03/2011,0.014,0.014,0.014,0.014,1500
08/05/2011,0.014,0.014,0.014,0.014,21000
08/08/2011,0.014,0.014,0.014,0.014,11000
08/10/2011,0.014,0.014,0.014,0.014,400
08/12/2011,0.014,0.014,0.014,0.014,1000
08/15/2011,0.014,0.014,0.014,0.014,1100
08/17/2011,0.014,0.014,0.014,0.014,36193
08/18/2011,0.015,0.015,0.012,0.012,8900
08/19/2011,0.012,0.012,0.012,0.012,2100
08/24/2011,0.012,0.012,0.012,0.012,500
08/25/2011,0.012,0.012,0.012,0.012,133
09/01/2011,0.012,0.012,0.012,0.012,1000
09/07/2011,0.01,0.01,0.01,0.01,5000
09/15/2011,0.01,0.01,0.01,0.01,8000
09/19/2011,0.01,0.015,0.001,0.015,176750
09/20/2011,0.01,0.01,0.01,0.01,50000
09/22/2011,0.01,0.01,0.01,0.01,500
09/23/2011,0.01,0.01,0.01,0.01,5000
09/26/2011,0.0075,0.0075,0.0075,0.0075,900
09/29/2011,0.0075,0.0075,0.0075,0.0075,300
10/03/2011,0.0075,0.0075,0.0075,0.0075,3270
10/06/2011,0.01,0.01,0.01,0.01,150
10/10/2011,0.0075,0.0075,0.0075,0.0075,1760
10/11/2011,0.0075,0.0075,0.0075,0.0075,800
10/12/2011,0.0075,0.0075,0.0075,0.0075,4120
10/13/2011,0.0075,0.0075,0.0075,0.0075,7605
10/14/2011,0.0075,0.0075,0.0075,0.0075,21000
10/17/2011,0.0075,0.0075,0.0075,0.0075,3150
10/24/2011,0.005,0.005,0.005,0.005,100
10/27/2011,0.005,0.005,0.005,0.005,150
10/28/2011,0.005,0.005,0.005,0.005,100
11/02/2011,0.005,0.005,0.005,0.005,500
11/07/2011,0.005,0.005,0.005,0.005,5000
11/10/2011,0.005,0.005,0.005,0.005,10100
11/11/2011,0.0051,0.0051,0.0051,0.0051,3962
11/16/2011,0.0051,0.0051,0.0051,0.0051,1000
11/18/2011,0.0051,0.0051,0.0012,0.0012,8100
11/21/2011,0.005,0.005,0.005,0.005,18000
11/22/2011,0.005,0.005,0.005,0.005,500
11/23/2011,0.005,0.005,0.005,0.005,2500
11/28/2011,0.005,0.005,0.005,0.005,3300
11/29/2011,0.005,0.005,0.005,0.005,1000
11/30/2011,0.005,0.005,0.005,0.005,400
12/02/2011,0.005,0.005,0.005,0.005,1000
12/06/2011,0.005,0.005,0.005,0.005,200
12/07/2011,0.006,0.006,0.006,0.006,325
12/08/2011,0.005,0.005,0.005,0.005,2500
12/09/2011,0.005,0.005,0.005,0.005,950
12/12/2011,0.005,0.005,0.005,0.005,1218
12/13/2011,0.007,0.007,0.007,0.007,1000
12/15/2011,0.005,0.005,0.005,0.005,2106
12/16/2011,0.005,0.005,0.005,0.005,30000
12/19/2011,0.005,0.005,0.005,0.005,14875
12/20/2011,0.005,0.006,0.005,0.005,101000
12/21/2011,0.003,0.005,0.003,0.003,23850
12/22/2011,0.003,0.003,0.003,0.003,3750
12/23/2011,0.003,0.003,0.003,0.003,1400
12/27/2011,0.003,0.003,0.003,0.003,3000
12/28/2011,0.0037,0.0075,0.0037,0.004,38200
12/29/2011,0.005,0.005,0.005,0.005,2220
12/30/2011,0.005,0.005,0.005,0.005,2650
01/09/2012,0.005,0.005,0.005,0.005,350
01/10/2012,0.005,0.005,0.005,0.005,2100
01/13/2012,0.005,0.005,0.005,0.005,300
01/19/2012,0.01,0.01,0.01,0.01,15000
01/23/2012,0.007,0.007,0.007,0.007,3200
01/25/2012,0.007,0.007,0.007,0.007,180
01/30/2012,0.007,0.007,0.007,0.007,500
01/31/2012,0.007,0.007,0.007,0.007,15000
02/01/2012,0.007,0.007,0.007,0.007,14000
02/03/2012,0.007,0.0075,0.007,0.007,132500
02/06/2012,0.007,0.007,0.007,0.007,20000
02/07/2012,0.007,0.007,0.007,0.007,10000
02/08/2012,0.006,0.006,0.006,0.006,35000
02/09/2012,0.005,0.005,0.005,0.005,100
02/10/2012,0.005,0.005,0.005,0.005,30000
02/13/2012,0.005,0.005,0.005,0.005,250
02/17/2012,0.005,0.005,0.005,0.005,1000
02/21/2012,0.005,0.005,0.005,0.005,2900
02/22/2012,0.005,0.005,0.005,0.005,205
03/01/2012,0.005,0.005,0.005,0.005,4000
03/07/2012,0.005,0.005,0.005,0.005,1600
03/08/2012,0.005,0.005,0.005,0.005,6400
03/13/2012,0.005,0.005,0.005,0.005,1200
03/20/2012,0.005,0.005,0.005,0.005,1200
03/21/2012,0.005,0.005,0.003,0.003,17151
04/05/2012,0.003,0.003,0.003,0.003,180
04/10/2012,0.003,0.003,0.003,0.003,400
04/13/2012,0.003,0.003,0.003,0.003,2500
04/16/2012,0.003,0.003,0.003,0.003,2000
04/19/2012,0.003,0.003,0.003,0.003,400
04/23/2012,0.003,0.003,0.003,0.003,200
04/25/2012,0.002,0.002,0.002,0.002,3800
05/03/2012,0.0021,0.0021,0.0021,0.0021,20100
05/04/2012,0.0021,0.0021,0.0021,0.0021,200
05/07/2012,0.0021,0.0021,0.0021,0.0021,3500
05/10/2012,0.0022,0.0022,0.0022,0.0022,1000
05/15/2012,0.0022,0.0022,0.0022,0.0022,3000
07/10/2012,0.0001,0.0001,0.0001,0.0001,263
08/15/2012,0.0001,0.0001,0.0001,0.0001,6000
