01/18/2012,24.92,24.99,24.75,24.88,158986
01/19/2012,24.91,24.94,24.8,24.92,363867
01/20/2012,24.9,24.99,24.85,24.94,190583
01/23/2012,24.95,25,24.85,24.9,152874
01/24/2012,24.88,24.97,24.88,24.9485,145861
01/25/2012,24.95,25,24.92,24.95,197474
01/26/2012,24.99,25.14,24.96,25.06,239774
01/27/2012,25.04,25.07,24.99,25,87608
01/30/2012,25,25.04,24.98,25,62122
01/31/2012,25.03,25.04,24.98,25.04,69878
02/01/2012,25.02,25.15,25.02,25.1,58083
02/02/2012,25.14,25.35,25.06,25.0799,92331
02/03/2012,25.1,25.2,25.1,25.18,157899
02/06/2012,25.2,25.2,24.97,25.03,124872
02/07/2012,25.05,25.1,25,25.05,72769
02/08/2012,25.05,25.12,25.05,25.09,50401
02/09/2012,25.1,25.17,25.02,25.09,50655
02/10/2012,25.13,25.15,25.02,25.06,52131
02/13/2012,25.06,25.16,25.06,25.16,64023
02/14/2012,25.19,25.19,25.05,25.1,148596
02/15/2012,25.1,25.15,25.08,25.14,56280
02/16/2012,25.19,25.19,25.11,25.15,35234
02/17/2012,25.15,25.23,25.15,25.19,42772
02/21/2012,25.23,25.295,25.16,25.23,136848
02/22/2012,25.3,25.3,25.2,25.3,102635
02/23/2012,25.33,25.34,25.22,25.33,55428
02/24/2012,25.33,25.38,25.27,25.38,76128
02/27/2012,25.38,25.47,25.35,25.45,81301
02/28/2012,25.48,25.5,25.41,25.5,72311
02/29/2012,25.52,25.56,25.25,25.4,187050
03/01/2012,25.52,25.5297,25.43,25.48,108714
03/02/2012,25.54,25.55,25.42,25.5,44621
03/05/2012,25.5,25.54,25.35,25.49,83387
03/06/2012,25.45,25.49,25.26,25.44,46101
03/07/2012,25.47,25.54,25.3801,25.41,32161
03/08/2012,25.5,25.52,25.28,25.45,51366
03/09/2012,25.45,25.58,25.3902,25.46,53285
03/12/2012,25.34,25.34,25.12,25.2301,54749
03/13/2012,25.23,25.3,25.13,25.23,113132
03/14/2012,25.25,25.3,25.13,25.17,72634
03/15/2012,25.27,25.27,25.08,25.14,42209
03/16/2012,25.25,25.25,25.03,25.08,34230
03/19/2012,25.17,25.17,25.06,25.13,85585
03/20/2012,25.13,25.14,25.03,25.1,37652
03/21/2012,25.13,25.13,25,25.05,143822
03/22/2012,25.1,25.1,24.96,25.07,29040
03/23/2012,25.09,25.18,25.0699,25.158,23185
03/26/2012,25.18,25.2,25.04,25.05,31860
03/27/2012,25.11,25.14,25.05,25.13,99384
03/28/2012,25.24,25.24,25.12,25.19,94192
03/29/2012,25.25,25.25,25.08,25.11,61386
03/30/2012,25.21,25.21,25.01,25.14,39899
04/02/2012,25.22,25.25,25.1,25.19,25873
04/03/2012,25.19,25.23,25.13,25.13,47046
04/04/2012,25.19,25.19,25.06,25.1,46680
04/05/2012,25.14,25.3399,25.08,25.33,60602
04/09/2012,25.29,25.34,25.26,25.33,30308
04/10/2012,25.44,25.53,25.32,25.4,70118
04/11/2012,25.52,25.53,25.36,25.5,49648
04/12/2012,25.5,25.5299,25.35,25.36,37299
04/13/2012,25.36,25.49,25.28,25.48,42677
04/16/2012,25.5,25.54,25.487,25.54,34045
04/17/2012,25.55,25.63,25.42,25.53,43512
04/18/2012,25.57,25.62,25.5,25.56,60870
04/19/2012,25.59,25.6397,25.46,25.55,47621
04/20/2012,25.64,26.23,25.6,26.2,399950
04/23/2012,26.05,26.1,25.83,26.03,126556
04/24/2012,26.08,26.08,25.82,25.94,48752
04/25/2012,25.96,25.96,25.71,25.75,84677
04/26/2012,25.9,26.15,25.69,25.7,69586
04/27/2012,25.85,25.98,25.72,25.86,34725
04/30/2012,26,26.2499,25.885,26.11,103514
05/01/2012,26.15,26.25,26.08,26.21,57304
05/02/2012,26.21,26.27,25.92,26.12,207441
05/03/2012,26.19,26.25,26.05,26.1,92964
05/04/2012,26.18,26.183,26.0201,26.17,18563
05/07/2012,26.17,26.47,26.16,26.32,15233
05/08/2012,26.31,26.39,26.15,26.2499,28016
05/09/2012,26.29,26.36,26.0601,26.23,35477
05/10/2012,26.18,26.24,26.07,26.14,57197
05/11/2012,26.21,26.2699,26.15,26.2699,12373
05/14/2012,26.23,26.23,26.05,26.22,49560
05/15/2012,26.2,26.22,26.03,26.1,33768
05/16/2012,26.21,26.35,26.11,26.3,62869
05/17/2012,26.34,26.34,26.12,26.16,41588
05/18/2012,26.22,26.26,26.02,26.26,55425
05/21/2012,26.24,26.42,26.18,26.39,37974
05/22/2012,26.37,26.58,26.34,26.4665,34723
05/23/2012,26.64,26.64,26.37,26.51,55834
05/24/2012,26.55,26.64,26.34,26.34,41479
05/25/2012,26.54,26.54,26.21,26.31,17988
05/29/2012,26.45,26.45,25.94,26.13,47705
05/30/2012,26.11,26.32,26,26.25,30771
05/31/2012,26.32,26.48,26.27,26.48,19448
06/01/2012,26.57,26.57,26.17,26.27,27109
06/04/2012,26.4,26.4,26.02,26.4,7734
06/05/2012,26.43,26.5196,26.35,26.5191,39799
06/06/2012,26.51,26.6365,26.43,26.48,36413
06/07/2012,26.58,26.58,26.3,26.46,38599
06/08/2012,26.52,26.74,26.44,26.7,14444
06/11/2012,26.48,26.51,26.32,26.45,26703
06/12/2012,26.54,26.54,26.23,26.23,52210
06/13/2012,26.45,26.45,26.22,26.255,10198
06/14/2012,26.37,26.38,26.1,26.18,23219
06/15/2012,26.24,26.3,26.0601,26.3,11898
06/18/2012,26.3,26.35,26.16,26.35,41429
06/19/2012,26.49,26.49,26.15,26.23,28308
06/20/2012,26.35,26.35,25.98,26.1,42233
06/21/2012,26.17,26.69,25.7601,26.31,460735
06/22/2012,26.42,26.51,26.32,26.34,19867
06/25/2012,26.5,26.5,26.23,26.3899,25473
06/26/2012,26.47,26.48,26.28,26.35,15789
06/27/2012,26.35,26.48,26.25,26.31,46156
06/28/2012,26.4,26.55,26.35,26.49,13623
06/29/2012,26.65,26.65,26.31,26.5,17488
07/02/2012,26.5,26.5,26.35,26.49,25026
07/03/2012,26.5,26.56,26.35,26.49,22205
07/05/2012,26.5,26.5,26.38,26.38,8099
07/06/2012,26.47,26.5,26.411,26.45,13260
07/09/2012,26.52,26.6075,26.47,26.52,10173
07/10/2012,26.61,26.77,26.53,26.7499,6384
07/11/2012,26.76,26.9863,26.5801,26.8299,15439
07/12/2012,26.83,26.83,26.65,26.7512,14791
07/13/2012,26.76,26.9767,26.76,26.9,15249
07/16/2012,26.93,27.23,26.81,26.85,23019
07/17/2012,27.03,27.03,26.76,26.76,12052
07/18/2012,26.83,26.95,26.68,26.68,21159
07/19/2012,26.81,26.8707,26.6,26.8,33447
07/20/2012,26.84,27.12,26.84,26.94,30228
07/23/2012,26.97,27.17,26.66,26.87,19697
07/24/2012,26.94,26.98,26.708,26.97,17364
07/25/2012,26.92,26.99,26.75,26.98,27002
07/26/2012,26.97,26.98,26.87,26.9551,24727
07/27/2012,26.92,26.99,26.89,26.9,15716
07/30/2012,26.95,26.99,26.89,26.92,14911
07/31/2012,26.98,26.98,26.88,26.9,19280
08/01/2012,26.96,26.97,26.51,26.59,18072
08/02/2012,26.84,26.94,26.57,26.91,14742
08/03/2012,26.91,27,26.86,26.98,10133
08/06/2012,26.95,26.98,26.78,26.96,13612
08/07/2012,26.93,26.95,26.81,26.87,11475
08/08/2012,26.9,26.97,26.78,26.96,10749
08/09/2012,26.96,26.96,26.8022,26.86,16601
08/10/2012,26.93,26.98,26.82,26.98,13519
08/13/2012,26.95,27,26.83,26.92,19178
08/14/2012,26.92,27,26.9,27,18815
08/15/2012,26.99,26.9926,26.92,26.9401,21078
08/16/2012,26.98,26.98,26.8,26.885,85421
08/17/2012,26.83,26.89,26.76,26.76,13424
08/20/2012,26.82,26.82,26.67,26.75,14081
08/21/2012,26.81,26.81,26.636,26.7,9343
08/22/2012,26.82,26.82,26.25,26.58,24968
08/23/2012,26.64,26.65,26.48,26.5,25347
08/24/2012,26.5,26.74,26.5,26.74,60741
08/27/2012,26.74,26.74,26.6,26.7,138003
08/28/2012,26.71,26.84,26.7,26.84,16499
08/29/2012,26.84,26.99,26.77,26.99,17096
08/30/2012,26.99,27.07,26.85,26.9,22536
08/31/2012,27.03,27.15,26.91,27.12,15821
09/04/2012,27.24,27.25,27.05,27.25,28531
09/05/2012,27.21,27.21,26.94,27.0377,19677
09/06/2012,27.1,27.13,26.87,27.08,12972
09/07/2012,27.1,27.114,27.07,27.1,10266
09/10/2012,26.8,26.82,26.6325,26.7,61371
09/11/2012,26.75,26.86,26.7101,26.73,85368
09/12/2012,26.92,27.11,26.73,26.9,16672
09/13/2012,27.05,27.08,26.86,26.92,21819
09/14/2012,27.05,27.05,26.89,26.97,11116
09/17/2012,26.98,26.98,26.8,26.8,10942
09/18/2012,26.84,26.92,26.751,26.751,27846
09/19/2012,26.84,26.89,26.71,26.81,15450
09/20/2012,26.83,26.9647,26.785,26.9499,7612
09/21/2012,26.95,26.95,26.75,26.75,17175
09/24/2012,26.88,26.95,26.8,26.92,12096
09/25/2012,26.92,27.109,26.9,26.99,22862
09/26/2012,27.04,27.07,26.95,27.029,14272
09/27/2012,27.11,27.11,26.8,26.81,39460
09/28/2012,26.85,26.85,26.7,26.82,28707
10/01/2012,26.95,26.95,26.7201,26.7704,32590
10/02/2012,26.82,26.82,26.6775,26.77,10123
10/03/2012,26.81,26.81,26.6835,26.74,10313
10/04/2012,26.68,26.69,26.55,26.58,26104
10/05/2012,26.58,26.71,26.45,26.7,42856
10/08/2012,26.68,26.75,26.67,26.69,16995
10/09/2012,26.68,26.7,26.45,26.5,15894
10/10/2012,26.5,26.67,26.4999,26.6499,27863
10/11/2012,26.65,26.67,26.47,26.5,19563
10/12/2012,26.58,26.65,26.56,26.622,10707
10/15/2012,26.62,26.69,26.59,26.59,8513
10/16/2012,26.59,26.8099,26.59,26.8099,7301
10/17/2012,26.75,26.75,26.66,26.75,1862
10/18/2012,26.79,26.94,26.65,26.94,58027
10/19/2012,26.8,27.02,26.8,27,8021
10/22/2012,26.99,27.061,26.635,26.75,7678
10/23/2012,26.99,26.99,26.57,26.57,10245
10/24/2012,26.96,26.96,26.78,26.78,3255
10/25/2012,26.78,26.78,26.5705,26.59,11819
10/26/2012,26.58,26.68,26.58,26.68,5685
10/31/2012,26.7,26.86,26.7,26.8,8509
11/01/2012,26.8,26.84,26.7701,26.84,15472
11/02/2012,26.86,26.86,26.73,26.75,2388
11/05/2012,26.77,26.79,26.73,26.79,3432
11/06/2012,26.75,26.8,26.75,26.76,7878
11/07/2012,26.73,26.9399,26.69,26.9399,7882
11/08/2012,26.91,26.98,26.71,26.84,14769
11/09/2012,26.97,26.97,26.7,26.79,2560
11/12/2012,26.65,26.76,26.56,26.74,4656
11/13/2012,26.83,26.83,26.66,26.77,3192
11/14/2012,26.76,26.76,26.41,26.51,9515
11/15/2012,26.63,26.63,25.84,26.13,13435
11/16/2012,26.06,26.73,26.03,26.46,17858
11/19/2012,26.41,26.5,26.21,26.49,19643
11/20/2012,26.47,26.49,26.45,26.47,5425
11/21/2012,26.44,26.55,26.44,26.55,8621
11/23/2012,26.58,26.63,26.54,26.63,1131
11/26/2012,26.51,26.63,26.51,26.6,9479
11/27/2012,26.97,26.97,26.62,26.68,15646
11/28/2012,26.69,26.79,26.56,26.71,6866
11/29/2012,26.96,26.96,26.36,26.69,21085
11/30/2012,26.57,26.81,26.57,26.67,3848
12/03/2012,26.5,26.71,26.5,26.51,6608
12/04/2012,26.88,26.88,26.5,26.53,889
12/05/2012,26.52,26.67,26.51,26.51,2787
12/06/2012,26.83,26.83,26.58,26.72,5989
12/07/2012,26.73,26.748,26.5,26.72,646374
12/10/2012,26.26,26.519,26.26,26.34,4071
12/11/2012,26.33,26.33,26.21,26.26,7907
12/12/2012,26.14,26.33,26.13,26.2,10440
12/13/2012,26.12,26.33,26.01,26.01,9376
12/14/2012,26.14,26.2,26.14,26.19,6574
12/17/2012,26.15,26.24,26.14,26.14,9871
12/18/2012,26.13,26.22,26.0105,26.151,10944
12/19/2012,26.08,26.19,25.9747,26.18,6528
12/20/2012,26.22,26.241,26.0965,26.1,8538
12/21/2012,26.3,26.3,26,26.14,8168
12/24/2012,26.04,26.14,26,26.09,3194
12/26/2012,26.14,26.14,26.03,26.12,15921
12/27/2012,26.2,26.2,26.1001,26.11,4888
12/28/2012,26.39,26.39,26.12,26.16,2131
12/31/2012,26.15,26.45,26.15,26.37,6044
01/02/2013,26.25,26.37,26.04,26.13,63616
01/03/2013,26.08,26.2404,26.08,26.12,4624
01/04/2013,26.22,26.335,26.14,26.335,5522
01/07/2013,26.23,26.36,26.18,26.21,2501
01/08/2013,26.09,26.32,26.09,26.29,10630
01/09/2013,26.27,26.316,26.27,26.286,1689
01/10/2013,26.24,26.3,26.23,26.23,7725
01/11/2013,26.23,26.29,26.21,26.26,5030
01/14/2013,26.23,26.28,26.23,26.24,3477
01/15/2013,26.23,26.299,26.21,26.21,13148
01/16/2013,26.21,26.31,26.21,26.27,9045
01/17/2013,26.22,26.3,26.22,26.26,249104
01/18/2013,26.24,26.3,26.24,26.3,268597
01/22/2013,26.28,26.48,26.28,26.48,18013
01/23/2013,26.6,26.6,26.4,26.45,21887
01/24/2013,26.43,26.49,26.4,26.4,12873
01/25/2013,26.47,26.49,26.28,26.49,7636
01/28/2013,26.4,26.49,26.4,26.49,5340
01/29/2013,26.42,26.42,26.25,26.34,15033
01/30/2013,26.23,26.31,26.2216,26.26,8586
01/31/2013,26.23,26.3,26.11,26.12,8331
02/01/2013,26.15,26.43,26.15,26.22,13847
02/04/2013,26.21,26.26,26.15,26.15,8907
02/05/2013,26.14,26.2,26.1305,26.17,6197
02/06/2013,26.2,26.2355,26.15,26.1999,8503
02/07/2013,26.19,26.19,26.13,26.1634,5837
02/08/2013,26.22,26.22,26.1303,26.21,9990
02/11/2013,26.15,26.23,26.15,26.19,10202
02/12/2013,26.18,26.21,26.16,26.16,9430
02/13/2013,26.09,26.32,26.09,26.25,7878
02/14/2013,26.16,26.4,26.16,26.338,8326
02/15/2013,26.21,26.49,26.21,26.48,6496
02/19/2013,26.48,26.56,26.4462,26.53,23049
02/20/2013,26.5,26.5364,26.38,26.4,36271
02/21/2013,26.35,26.53,26.35,26.49,34210
02/22/2013,26.43,26.6042,26.43,26.58,26594
02/25/2013,26.52,26.6233,26.52,26.54,5448
02/26/2013,26.51,26.6225,26.49,26.58,150419
02/27/2013,26.52,26.59,26.48,26.59,5643
02/28/2013,26.52,26.69,26.52,26.69,7177
03/01/2013,26.67,26.72,26.63,26.72,6695
03/04/2013,26.67,26.83,26.65,26.67,8385
03/05/2013,26.67,26.72,26.59,26.6,17846
03/06/2013,26.59,26.6404,26.52,26.52,13233
03/07/2013,26.5,26.66,26.45,26.66,6815
03/08/2013,26.74,26.75,26.63,26.72,5475
03/11/2013,26.31,26.3599,26.2,26.2683,2038
03/12/2013,26.21,26.29,26.21,26.2499,7470
03/13/2013,26.29,26.35,26.2593,26.33,5171
03/14/2013,26.4,26.449,26.2701,26.34,5340
03/15/2013,26.28,26.39,26.28,26.36,3875
03/18/2013,26.4,26.5199,26.3856,26.46,4813
03/19/2013,26.37,26.4201,26.29,26.326,8443
03/20/2013,26.21,26.21,26.05,26.18,8655
03/21/2013,26.18,26.273,26.16,26.21,10924
03/22/2013,26.2,26.32,26.2,26.26,2767
03/25/2013,26.35,26.35,26.22,26.22,8263
03/26/2013,26.22,26.27,26.201,26.24,3602
03/27/2013,26.27,26.27,26.2,26.22,7836
03/28/2013,26.3,26.546,26.3,26.4,11882
04/01/2013,26.2,26.44,26.19,26.31,5672
04/02/2013,26.27,26.6,26.27,26.44,24916
04/03/2013,26.41,26.57,26.41,26.5,2950
04/04/2013,26.49,26.59,26.49,26.5599,2183
04/05/2013,26.3,26.5099,26.3,26.48,63722
04/08/2013,26.48,26.569,26.48,26.52,6447
04/09/2013,26.48,26.572,26.48,26.5,2685
04/10/2013,26.48,26.51,26.43,26.51,2768
04/11/2013,26.44,26.516,26.42,26.4635,4898
04/12/2013,26.36,26.54,26.36,26.53,4669
04/15/2013,26.39,26.63,26.3805,26.52,4741
04/16/2013,26.44,26.63,26.44,26.6,3292
04/17/2013,26.47,26.6,26.47,26.58,3162
04/18/2013,26.64,26.64,26.42,26.54,4559
04/19/2013,26.39,26.6,26.37,26.37,21390
04/22/2013,26.32,26.45,26.32,26.45,38228
04/23/2013,26.54,26.59,26.4,26.56,7880
04/24/2013,26.64,26.64,26.55,26.58,11039
04/25/2013,26.5,26.6199,26.5,26.575,2475
04/26/2013,26.41,26.45,26.3601,26.4,7029
04/29/2013,26.39,26.6,26.39,26.54,47770
04/30/2013,26.51,26.73,26.51,26.73,8136
05/01/2013,26.68,26.7,26.55,26.6799,26463
05/02/2013,26.58,26.94,26.58,26.92,13868
05/03/2013,26.9,26.96,26.84,26.94,4377
05/06/2013,26.93,26.95,26.7801,26.9315,7070
05/07/2013,26.95,27.08,26.88,27.02,14479
05/08/2013,27.01,27.08,26.94,27.01,8427
05/09/2013,27.02,27.19,27.02,27.19,9396
05/10/2013,27.06,27.1428,27.01,27.0248,15399
05/13/2013,27.05,27.24,27.05,27.1401,5305
05/14/2013,27.14,27.22,27.08,27.12,6398
05/15/2013,27.18,27.18,26.93,27.1,4264
05/16/2013,27.01,27.05,26.93,26.98,4146
05/17/2013,26.92,27.01,26.85,27.01,7135
05/20/2013,26.9,27.0699,26.9,26.95,5190
05/21/2013,26.93,26.93,26.81,26.86,9975
05/22/2013,26.94,26.94,26.56,26.85,24422
05/23/2013,26.74,26.79,26.5,26.79,12117
05/24/2013,26.78,26.89,26.71,26.85,5394
05/28/2013,26.82,27.07,26.66,26.66,9563
05/29/2013,27.02,27.02,26.21,26.23,10448
05/30/2013,26.41,26.41,26.16,26.21,5565
05/31/2013,26.12,26.298,25.83,26,19764
06/03/2013,26,26.03,25.62,25.73,41171
06/04/2013,25.61,25.77,25.49,25.56,18412
06/05/2013,25.46,25.63,25.46,25.56,37389
06/06/2013,25.63,25.93,25.63,25.7645,11263
06/07/2013,25.63,25.8,25.62,25.73,26928
06/10/2013,25.35,25.4,25.16,25.32,12766
06/11/2013,25.18,25.18,25.1,25.12,123910
06/12/2013,25.15,25.2199,24.56,24.9,57283
06/13/2013,24.75,24.87,23.56,24.7,59928
06/14/2013,24.7,25.1,24.7,24.95,52604
06/17/2013,25.09,25.25,24.96,24.96,151232
06/18/2013,24.99,25.15,24.9672,24.97,59920
06/19/2013,25.1,25.15,24.95,25.02,73528
06/20/2013,24.85,24.95,24.75,24.86,80686
06/21/2013,24.86,25.25,24.86,25.01,33445
06/24/2013,24.85,24.91,24.4601,24.8,46106
06/25/2013,24.73,24.94,24.34,24.69,16249
06/26/2013,24.84,25.25,24.84,25,26395
06/27/2013,25.17,25.24,25.02,25.1,8225
06/28/2013,25.2,25.34,25.06,25.15,88043
07/01/2013,25.21,25.35,25.11,25.11,9814
07/02/2013,25.2,25.23,24.97,25,20204
07/03/2013,24.81,25.13,24.7805,24.95,7904
07/05/2013,24.85,24.85,24.07,24.16,12425
07/08/2013,24.26,24.66,24.26,24.47,24923
07/09/2013,24.42,24.59,24.4,24.45,20013
07/10/2013,24.93,24.93,24.4,24.4,22783
07/11/2013,24.52,24.73,24.49,24.6,12514
07/12/2013,24.51,24.9,24.51,24.615,11486
07/15/2013,24.81,24.81,24.4,24.7063,10709
07/16/2013,24.57,24.855,24.57,24.7529,7729
07/17/2013,24.75,24.838,24.7,24.7,37835
07/18/2013,24.71,24.86,24.7,24.7,13423
07/19/2013,24.8,24.805,24.689,24.7699,8511
07/22/2013,24.83,24.99,24.83,24.99,141205
07/23/2013,24.99,25.12,24.9041,24.99,16166
07/24/2013,24.86,25.04,24.79,25.04,61326
07/25/2013,24.89,25.001,24.791,24.99,35360
07/26/2013,24.96,25.04,24.96,25.04,11454
07/29/2013,25.01,25.1192,25,25.04,51786
07/30/2013,24.99,25.05,24.89,25.01,20812
07/31/2013,24.91,24.91,24.45,24.59,16956
08/01/2013,24.48,24.59,23.87,23.87,14140
08/02/2013,24.02,24.2999,23.92,23.98,22834
08/05/2013,24.12,24.12,23.768,23.9,13762
08/06/2013,23.8,23.81,23.41,23.41,20523
08/07/2013,23.43,23.55,23.36,23.5,13513
08/08/2013,23.51,23.685,23.46,23.49,15414
08/09/2013,23.53,23.6,23.5001,23.536,15250
08/12/2013,23.56,23.67,23.55,23.55,10354
08/13/2013,23.52,23.521,23.28,23.34,42358
08/14/2013,23.48,23.5,23.42,23.48,30347
08/15/2013,23.38,23.38,23.03,23.22,26230
08/16/2013,23.1,23.19,22.8135,22.9765,22760
08/19/2013,22.92,22.95,22.53,22.66,27166
08/20/2013,22.47,22.88,22.47,22.83,26192
08/21/2013,22.83,22.84,22.53,22.63,33915
08/22/2013,22.6,23.23,22.6,23.054,20783
08/23/2013,23.01,23.46,23.01,23.26,16042
08/26/2013,23.33,23.55,22.91,22.94,12531
08/27/2013,22.94,23.06,22.78,22.841,11916
08/28/2013,22.84,23.13,22.84,23.05,10361
08/29/2013,22.93,23.18,22.92,23.16,18909
08/30/2013,23.16,23.34,23.06,23.27,12637
09/03/2013,23.31,23.3185,22.86,23.03,18294
09/04/2013,23.05,23.2,23.05,23.06,10918
09/05/2013,23.05,23.137,22.86,22.86,11293
09/06/2013,22.82,23.0326,22.82,22.97,7839
09/09/2013,22.91,23.167,22.87,23.1086,14728
09/10/2013,23.15,23.3322,23.0759,23.29,22937
09/11/2013,22.91,22.97,22.84,22.89,18792
09/12/2013,22.9,22.98,22.64,22.6904,16307
09/13/2013,22.52,22.75,22.51,22.5837,10867
09/16/2013,22.82,22.82,22.71,22.71,23021
09/17/2013,22.72,22.92,22.72,22.81,33493
09/18/2013,22.89,23.11,22.8,23.11,9390
09/19/2013,23.12,23.215,23.1,23.1,10091
09/20/2013,23.07,23.07,22.78,22.9875,9138
09/23/2013,23,23.05,22.84,23.05,9938
09/24/2013,22.91,23,22.8325,22.89,55946
09/25/2013,22.96,23.27,22.85,23.08,32774
09/26/2013,22.98,23.1199,22.93,22.95,10707
09/27/2013,23.07,23.07,22.7,22.7,10514
09/30/2013,22.89,22.9678,22.72,22.82,45383
10/01/2013,22.74,23.07,22.73,22.73,10990
10/02/2013,22.73,22.89,22.73,22.75,378841
10/03/2013,22.88,22.88,22.61,22.6887,11808
10/04/2013,22.64,22.75,22.63,22.64,5105
10/07/2013,22.74,22.75,22.57,22.62,53775
10/08/2013,22.51,22.8,22.51,22.56,6152
10/09/2013,22.7,22.72,22.53,22.62,16955
10/10/2013,22.78,22.78,22.56,22.6,17428
10/11/2013,22.6,22.62,22.52,22.55,13860
10/14/2013,22.55,22.69,22.5204,22.55,11515
10/15/2013,22.65,22.67,22.08,22.08,26748
10/16/2013,22.06,22.2104,21.98,22.14,30783
10/17/2013,22.11,22.36,22.11,22.25,65322
10/18/2013,22.26,22.69,22.26,22.51,45705
10/21/2013,22.39,22.44,22.27,22.4199,37153
10/22/2013,22.5,22.66,22.5,22.6154,29979
10/23/2013,22.72,22.8999,22.69,22.8,12902
10/24/2013,22.92,22.92,22.43,22.5,20800
10/25/2013,22.6,22.6,22.49,22.594,15598
10/28/2013,22.66,22.75,22.6101,22.66,34000
10/29/2013,22.78,22.889,22.52,22.84,34465
10/30/2013,22.9,22.9,22.7,22.75,10215
10/31/2013,22.81,22.84,22.6,22.6195,13730
11/01/2013,22.74,22.78,22.44,22.48,8037
11/04/2013,22.63,22.69,22.52,22.52,15889
11/05/2013,22.6,22.6,22.34,22.45,27895
11/06/2013,22.36,22.65,22.36,22.59,14850
11/07/2013,22.58,22.73,22.58,22.69,3237
11/08/2013,22.58,22.58,22.4395,22.4599,5594
11/11/2013,22.36,22.59,22.36,22.43,8242
11/12/2013,22.5,22.51,22.21,22.22,14259
11/13/2013,22.3,22.39,21.98,22.0899,24768
11/14/2013,22.1,22.28,21.91,22.1,14195
11/15/2013,22.68,22.68,22.19,22.33,10566
11/18/2013,22.54,22.54,22.15,22.235,16566
11/19/2013,22.26,22.48,22.26,22.35,10662
11/20/2013,22.46,22.46,22.35,22.39,11573
11/21/2013,22.41,22.51,22.2401,22.48,23956
11/22/2013,22.38,22.62,22.3,22.56,19399
11/25/2013,22.56,22.9864,22.56,22.902,22232
11/26/2013,22.98,22.999,22.74,22.7401,23202
11/27/2013,22.85,22.9595,22.79,22.83,10025
11/29/2013,22.71,22.786,22.66,22.72,2851
12/02/2013,22.73,22.76,22.66,22.66,11041
12/03/2013,22.76,22.87,22.76,22.84,20521
12/04/2013,22.67,22.7656,22.55,22.61,10106
12/05/2013,22.6,22.67,22.2,22.23,25826
12/06/2013,22.23,22.355,22.2,22.32,13279
12/09/2013,22.31,22.35,22.01,22.01,27090
12/10/2013,22.05,22.22,22.03,22.1,14134
12/11/2013,21.7,21.75,21.2,21.29,32241
12/12/2013,21.2,21.3135,20.55,21.07,33791
12/13/2013,21.07,21.09,20.97,21.01,28690
12/16/2013,21.01,21.25,20.85,20.89,40405
12/17/2013,20.9,21.0899,20.9,20.96,33327
12/18/2013,20.94,21.2599,20.93,21.1,41738
12/19/2013,21.1,21.51,21.1,21.22,29234
12/20/2013,21.25,21.56,21.25,21.5,48743
12/23/2013,21.5,21.85,21.41,21.62,27349
12/24/2013,21.51,21.66,21.5,21.54,13693
12/26/2013,21.5,21.64,21.31,21.64,35629
12/27/2013,21.7,21.717,21.43,21.53,29362
12/30/2013,21.75,21.75,21.31,21.68,45320
12/31/2013,21.56,21.99,21.48,21.85,31155
01/02/2014,21.61,22.07,21.6,22,26866
01/03/2014,21.91,22.22,21.91,22.11,10211
01/06/2014,22.17,22.52,22.1664,22.3,12280
01/07/2014,22.55,22.55,22.08,22.25,33619
01/08/2014,22.09,22.15,21.88,22.02,16121
01/09/2014,22.24,22.27,22,22.27,13081
01/10/2014,22.35,22.75,22.35,22.61,12421
01/13/2014,22.74,22.95,22.71,22.86,18946
01/14/2014,22.81,22.94,22.74,22.79,11339
01/15/2014,22.85,22.92,22.78,22.87,15175
01/16/2014,22.77,23.1,22.77,23.09,13710
01/17/2014,23,23.1,22.9465,23.06,21121
01/21/2014,22.92,23.04,22.89,22.94,18704
01/22/2014,23.07,23.1,22.94,23.1,17402
01/23/2014,23.1,23.16,23.0076,23.07,3458
01/24/2014,22.95,23.14,22.77,22.9112,5629
01/27/2014,22.86,23.03,22.858,22.86,7555
01/28/2014,22.85,22.95,22.82,22.95,7542
01/29/2014,22.85,22.9442,22.85,22.86,4842
01/30/2014,22.89,23,22.85,22.89,8073
01/31/2014,22.89,22.89,22.7,22.7,16196
02/03/2014,22.86,22.905,22.32,22.5,25612
02/04/2014,22.55,22.78,22.4,22.65,25411
02/05/2014,22.75,22.92,22.6,22.87,19151
02/06/2014,22.87,22.99,22.79,22.8,11677
02/07/2014,22.8,22.98,22.8,22.8431,9964
02/10/2014,22.84,22.96,22.84,22.96,23490
02/11/2014,23.03,23.03,22.9,22.97,11202
02/12/2014,23,23,22.94,23,22457
02/13/2014,22.81,23.01,22.81,23.01,9293
02/14/2014,23.03,23.15,23.01,23.08,13307
02/18/2014,23.12,23.35,23.12,23.3005,15413
02/19/2014,23.39,23.63,23.37,23.4,13768
02/20/2014,23.34,23.52,23.34,23.38,11156
02/21/2014,23.5,23.5,23.31,23.44,24709
02/24/2014,23.3,23.49,23.3,23.36,13680
02/25/2014,23.47,23.54,23.399,23.45,12179
02/26/2014,23.42,23.715,23.42,23.64,14205
02/27/2014,23.74,23.74,23.53,23.67,9351
02/28/2014,23.61,23.79,23.61,23.62,13408
03/03/2014,23.5,23.69,23.5,23.53,6584
03/04/2014,23.55,23.64,23.53,23.55,12257
03/05/2014,23.69,23.7,23.56,23.7,25329
03/06/2014,23.8,23.97,23.67,23.95,115171
03/07/2014,23.93,23.99,23.76,23.96,31447
03/10/2014,24.11,24.11,23.78,23.78,13294
03/11/2014,23.78,23.78,23.5814,23.7,8972
03/12/2014,23.31,23.36,23.25,23.26,26748
03/13/2014,23.27,23.41,23.27,23.35,23524
03/14/2014,23.32,23.4325,23.32,23.37,11522
03/17/2014,23.45,23.65,23.33,23.4301,53608
03/18/2014,23.46,23.65,23.46,23.65,23671
03/19/2014,23.69,23.799,23.58,23.719,15431
03/20/2014,23.75,23.81,23.65,23.74,15793
03/21/2014,23.88,23.98,23.7707,23.85,42082
03/24/2014,23.83,24.05,23.83,23.8701,70800
03/25/2014,24.02,24.12,23.8801,24.12,92037
03/26/2014,24.15,24.15,23.96,24.1272,41008
03/27/2014,24.3,24.3,24.02,24.02,15127
03/28/2014,24.17,24.2,24.03,24.18,40638
03/31/2014,24.32,24.5,24.05,24.05,35629
04/01/2014,24.05,24.35,24.04,24.23,52383
04/02/2014,24.35,24.35,24.2,24.2,20601
04/03/2014,24.2,24.25,24.2,24.2,23824
04/04/2014,24.15,24.37,24.15,24.25,34942
04/07/2014,24.3,24.3,24.05,24.06,22264
04/08/2014,24.14,24.2,24.09,24.11,21156
04/09/2014,24.24,24.24,24.19,24.2,21321
04/10/2014,24.22,24.26,24.17,24.2499,18810
04/11/2014,24.2,24.39,24.2,24.35,23532
04/14/2014,24.4,24.4,24.25,24.25,22184
04/15/2014,24.35,24.44,24.2601,24.38,76129
04/16/2014,24.37,24.44,24.3,24.42,9387
04/17/2014,24.47,24.5,24.43,24.48,33635
04/21/2014,24.5,24.67,24.45,24.62,77648
04/22/2014,24.74,24.9999,24.53,24.91,83391
04/23/2014,24.98,25.04,24.87,24.91,49023
04/24/2014,24.95,25.08,24.87,24.96,67553
04/25/2014,24.99,25.14,24.97,25.07,44874
04/28/2014,25.07,25.2499,25,25.2499,28346
04/29/2014,25.25,25.72,25.05,25.51,175931
04/30/2014,25.63,25.63,25.27,25.56,54458
05/01/2014,25.65,25.65,25.31,25.5,41989
05/02/2014,25.43,25.43,25.3,25.3,20421
05/05/2014,25.18,25.26,25.14,25.19,22371
05/06/2014,25.15,25.24,25.15,25.15,4859
05/07/2014,25.1,25.18,25.1,25.15,14215
05/08/2014,25.1,25.1,25.06,25.07,7221
05/09/2014,25,25.13,24.97,25.13,10078
05/12/2014,25.05,25.159,25,25.1075,141701
05/13/2014,25.08,25.16,25.04,25.064,11306
05/14/2014,25.03,25.17,25.03,25.13,45665
05/15/2014,25.23,25.23,25.18,25.18,6539
05/16/2014,25.23,25.23,25.08,25.14,9634
05/19/2014,25.18,25.28,25.12,25.25,18450
05/20/2014,25.2,25.34,25.16,25.225,15866
05/21/2014,25.33,25.34,25.24,25.29,9034
05/22/2014,25.29,25.34,25.18,25.2,11836
05/23/2014,25.3,25.3,25.02,25.2,16347
05/27/2014,25.38,25.38,25.2,25.32,4732
05/28/2014,25.32,25.34,25.2,25.34,6140
05/29/2014,25.3,25.46,25.2666,25.32,5224
05/30/2014,25.42,25.462,25.3301,25.4,2754
06/02/2014,25.46,25.489,25.39,25.48,4892
06/03/2014,25.5,25.53,25.4,25.4,16296
06/04/2014,25.48,25.48,24.895,24.96,37949
06/05/2014,25.29,25.354,24.7901,25.09,10270
06/06/2014,25.37,25.45,25.12,25.3,4451
06/09/2014,25.35,25.35,25.3,25.33,2702
06/10/2014,25.38,25.38,25.22,25.38,23935
06/11/2014,25.01,25.05,24.85,24.89,20517
06/12/2014,24.89,25.04,24.89,24.89,22824
06/13/2014,24.9,25,24.88,24.88,15148
06/16/2014,24.95,25.1,24.89,24.98,13933
06/17/2014,24.97,25.12,24.97,25.12,10782
06/18/2014,25.12,25.18,24.99,25.18,16222
06/19/2014,25.16,25.25,25.11,25.18,8405
06/20/2014,25.26,25.26,25.0523,25.15,3447
06/23/2014,25.28,25.3,25.13,25.13,8920
06/24/2014,25.27,25.27,25.01,25.06,19148
06/25/2014,25.13,25.17,25.1,25.15,6421
06/26/2014,25.15,25.15,25,25.15,15021
06/27/2014,25.26,25.31,25.11,25.13,12732
06/30/2014,25.26,25.308,25.13,25.13,15081
07/01/2014,25.15,25.17,25.04,25.05,13664
07/02/2014,25.06,25.23,25.04,25.1041,10555
07/03/2014,25.06,25.07,24.95,24.95,4772
07/07/2014,25,25.01,24.89,24.91,26937
07/08/2014,24.9,25.0371,24.89,24.96,10268
07/09/2014,25.1,25.1,24.99,25.04,8100
07/10/2014,24.99,25.11,24.98,25.01,6200
07/11/2014,25,25.2299,25,25.22,12026
07/14/2014,25.13,25.23,25.13,25.23,5044
07/15/2014,25.12,25.28,25.12,25.28,7287
07/16/2014,25.28,25.28,25.16,25.252,6171
07/17/2014,25.16,25.2265,25.09,25.09,9066
07/18/2014,25.18,25.31,25.09,25.31,19867
07/21/2014,25.24,25.33,25.22,25.3,10491
07/22/2014,25.18,25.3,25.16,25.173,2737
07/23/2014,25.2,25.33,25.1601,25.32,2720
07/24/2014,25.25,25.34,25.19,25.2,34309
07/25/2014,25.29,25.35,25.19,25.2,6934
07/28/2014,25.17,25.2296,25.11,25.12,7895
07/29/2014,25.12,25.189,25.06,25.06,9167
07/30/2014,25.12,25.14,25.01,25.03,12815
07/31/2014,25,25,24.75,24.75,18661
08/01/2014,24.76,24.9,24.58,24.75,38352
08/04/2014,24.75,24.75,24.51,24.55,13989
08/05/2014,24.53,24.75,24.5,24.71,21099
08/06/2014,24.68,24.99,24.68,24.94,13896
08/07/2014,24.9,25.07,24.9,25.07,12042
08/08/2014,25,25.2,24.96,25.12,9947
08/11/2014,25.05,25.23,25.03,25.22,2752
08/12/2014,25.09,25.11,25.06,25.11,1508
08/13/2014,25.19,25.25,25.18,25.25,3255
08/14/2014,25.13,25.4,25.13,25.36,3589
08/15/2014,25.5,25.5,25.237,25.29,6413
08/18/2014,25.38,25.46,25.34,25.46,8676
08/19/2014,25.49,25.49,25.4001,25.4001,8250
08/20/2014,25.41,25.4999,25.37,25.4,3086
08/21/2014,25.44,25.5,25.33,25.45,8012
08/22/2014,25.48,25.48,25.4,25.45,3301
08/25/2014,25.47,25.55,25.36,25.49,13006
08/26/2014,25.49,25.55,25.41,25.55,1456
08/27/2014,25.67,25.69,25.58,25.63,3944
08/28/2014,25.67,25.7,25.6168,25.7,12435
08/29/2014,25.75,25.75,25.61,25.71,6490
09/02/2014,25.79,25.79,25.41,25.53,13565
09/03/2014,25.48,25.57,25.41,25.46,20902
09/04/2014,25.44,25.55,25.35,25.39,24639
09/05/2014,25.48,25.48,25.39,25.39,20728
09/08/2014,25.48,25.48,25.31,25.3776,8761
09/09/2014,25.4,25.4,25.3448,25.35,6962
09/10/2014,25.49,25.49,25.28,25.32,9016
09/11/2014,24.97,25.05,24.97,25,5209
09/12/2014,25.04,25.11,24.97,25.04,31659
09/15/2014,25.04,25.04,25,25,3955
09/16/2014,25,25.1499,25,25.01,6386
09/17/2014,25.1,25.12,25.02,25.05,7046
09/18/2014,25.07,25.24,25.02,25.07,14249
09/19/2014,25.22,25.22,25.04,25.04,4881
09/22/2014,25.15,25.19,25.03,25.14,8527
09/23/2014,25.16,25.16,24.99,25,9504
09/24/2014,25.08,25.08,24.98,24.98,6721
09/25/2014,24.98,25,24.95,24.9794,9554
09/26/2014,24.99,25.0199,24.963,25.0001,3878
09/29/2014,24.96,25.04,24.96,25.04,4430
09/30/2014,25.15,25.34,25.09,25.34,6780
10/01/2014,25.4,25.4,25.09,25.11,4515
10/02/2014,25.14,25.26,25.13,25.22,2537
10/03/2014,25.17,25.23,25.16,25.23,4323
10/06/2014,25.23,25.282,25.23,25.28,4604
10/07/2014,25.33,25.33,25.28,25.32,18133
10/08/2014,25.34,25.7951,25.32,25.4101,10513
10/09/2014,25.54,25.6,25.38,25.48,5241
10/10/2014,25.35,25.65,25.35,25.65,59120
10/13/2014,25.67,25.73,25.65,25.6843,2045
10/14/2014,25.62,25.799,25.51,25.76,8379
10/15/2014,25.57,25.79,25.49,25.5116,49241
10/16/2014,25.52,25.71,25.52,25.7,36040
10/17/2014,25.71,25.9599,25.7,25.92,14907
10/20/2014,26.01,26.01,25.7601,25.8999,7965
10/21/2014,25.83,25.89,25.72,25.73,7981
10/22/2014,25.79,25.79,25.66,25.66,11566
10/23/2014,25.65,25.67,25.5,25.5,5779
10/24/2014,25.55,25.67,25.49,25.49,6121
10/27/2014,25.61,25.61,25.49,25.6,4451
10/28/2014,25.65,25.65,25.58,25.63,5324
10/29/2014,25.74,25.74,25.57,25.69,2357
10/30/2014,25.75,25.97,25.65,25.92,21212
10/31/2014,25.91,26,25.87,25.97,17074
11/03/2014,25.96,26.08,25.82,26.02,13572
11/04/2014,26.01,26.23,26.01,26.2,19530
11/05/2014,26.11,26.14,26.01,26.01,6638
11/06/2014,26,26.1,25.8699,26.1,11547
11/07/2014,25.97,26.17,25.88,26.02,9344
11/10/2014,25.94,26.03,25.91,26.02,8492
11/11/2014,25.95,26.01,25.95,26.01,4047
11/12/2014,25.97,26.027,25.9,25.946,12191
11/13/2014,25.98,26.12,25.98,26.12,7108
11/14/2014,26.03,26.2,26.03,26.12,11482
11/17/2014,26.1,26.2,26.1,26.2,5291
11/18/2014,26.14,26.17,25.95,25.97,11068
11/19/2014,25.964,26.04,25.88,25.9,29869
11/20/2014,25.92,26.12,25.89,26.1,6474
11/21/2014,26.18,26.18,26.04,26.04,5940
11/24/2014,26.06,26.07,26,26.02,7768
11/25/2014,26.17,26.17,25.88,25.89,31628
11/26/2014,25.88,26.0999,25.88,26.08,13822
11/28/2014,25.98,26.11,25.98,26.1,8849
12/01/2014,26.03,26.11,25.94,25.94,9024
12/02/2014,25.87,26,25.87,26,4130
12/03/2014,25.946,26,25.81,25.81,15784
12/04/2014,25.81,25.81,25.4,25.4,8231
12/05/2014,25.3,25.54,25.3,25.39,6860
12/08/2014,25.39,25.39,25.27,25.34,4050
12/09/2014,25.32,25.47,25.24,25.45,12975
12/10/2014,25.47,25.5,25.35,25.44,2857
12/11/2014,24.92,25.29,24.812,25.15,7628
12/12/2014,25.23,25.23,24.93,24.93,7668
12/15/2014,25.15,25.15,24.876,24.96,10548
12/16/2014,24.88,25.06,24.88,24.9783,7878
12/17/2014,25,25,24.9,24.98,14827
12/18/2014,25.03,25.2,25.03,25.08,44900
12/19/2014,25.16,25.17,25.05,25.17,12694
12/22/2014,25.08,25.33,25.08,25.32,16850
12/23/2014,25.28,25.33,25.22,25.29,2474
12/24/2014,25.24,25.26,25.2,25.2,6569
12/26/2014,25.05,25.3199,24.99,25.25,17983
12/29/2014,25.05,25.424,25.03,25.42,15179
12/30/2014,25.46,25.56,25.391,25.56,6129
12/31/2014,25.17,25.648,25.17,25.548,6280
01/02/2015,25.45,25.76,25.45,25.76,5288
01/05/2015,25.523,25.7,25.49,25.7,5717
01/06/2015,25.68,25.74,25.52,25.66,12589
01/07/2015,25.71,25.84,25.7,25.84,4918
01/08/2015,25.8,25.89,25.8,25.88,1454
01/09/2015,25.76,25.89,25.76,25.87,6335
01/12/2015,25.79,25.89,25.75,25.84,6488
01/13/2015,25.84,25.87,25.76,25.77,4781
01/14/2015,25.73,25.8,25.48,25.62,4296
01/15/2015,25.52,25.75,25.39,25.53,4989
01/16/2015,25.35,25.8,25.35,25.8,14081
01/20/2015,25.8,25.93,25.73,25.88,12121
01/21/2015,25.75,25.89,25.6601,25.89,3943
01/22/2015,25.91,25.91,25.82,25.91,3847
01/23/2015,25.14,26.041,25.05,26.03,8178
01/26/2015,26.02,26.18,26.02,26.16,6010
01/27/2015,26.1,26.44,26.1,26.39,7751
01/28/2015,26.4,26.5,26.375,26.47,6575
01/29/2015,26.48,26.48,26.28,26.41,5873
01/30/2015,26.02,26.5268,26.02,26.33,5882
02/02/2015,26.2,26.48,26.2,26.47,6602
02/03/2015,26.43,26.5,26.3,26.31,12327
02/04/2015,26.321,26.3599,26.32,26.32,1450
02/05/2015,26.1,26.35,26.1,26.32,7502
02/06/2015,26.32,26.32,25.95,26.08,4564
02/09/2015,26.08,26.22,26.08,26.13,6851
02/10/2015,26.13,26.23,26.06,26.06,3044
02/11/2015,26.11,26.15,26.04,26.08,5989
02/12/2015,26.18,26.19,26.0496,26.19,3145
02/13/2015,26.12,26.24,26.12,26.24,2608
02/17/2015,26.11,26.25,25.8001,26.06,3867
02/18/2015,25.88,26.1639,25.65,26.1,62734
02/19/2015,26.12,26.23,26.06,26.1201,48319
02/20/2015,26.12,26.23,26.12,26.18,23448
02/23/2015,26.28,26.32,26.2,26.29,8318
02/24/2015,26.31,26.33,26.22,26.29,7195
02/25/2015,26.22,26.49,26.22,26.4,22630
02/26/2015,26.28,26.4,26.25,26.4,105059
02/27/2015,26.32,26.51,26.32,26.51,2931
03/02/2015,26.42,26.53,26.38,26.53,6309
03/03/2015,26.45,26.61,26.45,26.583,3747
03/04/2015,26.55,26.6599,26.48,26.59,7176
03/05/2015,26.55,26.95,26.5,26.69,304425
03/06/2015,26.51,26.55,26.18,26.25,22299
03/09/2015,26.18,26.32,26.03,26.19,18189
03/10/2015,26.08,26.22,25.77,26.2,11032
03/11/2015,26.02,26.26,26.02,26.25,202391
03/12/2015,25.82,25.91,25.76,25.76,10922
03/13/2015,25.71,25.8,25.69,25.73,5955
03/16/2015,25.73,25.77,25.6607,25.75,6142
03/17/2015,25.69,25.69,25.56,25.6,14250
03/18/2015,25.46,25.77,25.46,25.75,8096
03/19/2015,25.65,25.91,25.65,25.91,8478
03/20/2015,25.84,26.09,25.84,26.04,7589
03/23/2015,26,26,25.9078,25.96,12266
03/24/2015,25.96,25.96,25.863,25.88,7673
03/25/2015,25.91,25.99,25.89,25.941,3127
03/26/2015,25.85,25.88,25.85,25.86,9210
03/27/2015,25.76,25.86,25.76,25.77,5628
03/30/2015,25.77,26,25.77,26,4205
03/31/2015,26,26.02,25.97,26,12397
04/01/2015,25.9,26,25.9,25.92,41312
04/02/2015,25.92,25.992,25.92,25.93,4664
04/06/2015,26.02,26.0399,25.95,25.95,4576
04/07/2015,25.9,25.97,25.9,25.93,3525
04/08/2015,25.92,26.128,25.92,26.06,2725
04/09/2015,25.99,26.131,25.99,26.068,3114
04/10/2015,25.99,26.14,25.99,26.14,18394
04/13/2015,26.1,26.121,25.92,26.07,27987
04/14/2015,26.01,26.01,25.9,25.958,3470
04/15/2015,25.92,26.14,25.841,26.11,6021
04/16/2015,26,26.15,25.995,26.11,69626
04/17/2015,26.11,26.11,25.96,25.97,33295
04/20/2015,25.88,25.89,25.85,25.8899,5313
04/21/2015,25.86,25.95,25.848,25.95,12231
04/22/2015,25.97,25.99,25.943,25.95,5471
04/23/2015,25.94,26.11,25.94,26.0699,7011
04/24/2015,26,26.11,26,26.06,2644
04/27/2015,26.01,26.14,26.01,26.089,15907
04/28/2015,26.05,26.1999,26.03,26.03,8353
04/29/2015,25.76,25.999,25.76,25.999,6202
04/30/2015,25.82,25.96,25.82,25.84,5213
05/01/2015,25.82,25.89,25.72,25.72,9022
05/04/2015,25.72,25.878,25.66,25.8,278383
05/05/2015,25.73,25.76,25.54,25.62,4300
05/06/2015,25.58,25.58,25.12,25.3299,13656
05/07/2015,25.15,25.54,25.15,25.43,9648
05/08/2015,25.49,25.8,25.47,25.55,5823
05/11/2015,25.52,25.52,25.23,25.25,5770
05/12/2015,25.23,25.3162,25.12,25.18,11596
05/13/2015,25.27,25.55,25.27,25.35,16809
05/14/2015,25.43,25.93,25.43,25.76,125549
05/15/2015,25.74,25.995,25.719,25.719,1310
05/18/2015,25.66,25.892,25.5,25.7768,8475
05/19/2015,25.65,25.82,25.51,25.76,5330
05/20/2015,26.03,26.03,25.77,25.77,7568
05/21/2015,25.84,25.95,25.8325,25.9195,2826
05/22/2015,25.84,25.94,25.84,25.88,1492
05/26/2015,25.78,26,25.78,26,180991
05/27/2015,25.92,26.09,25.92,25.99,3464
05/28/2015,25.93,26.061,25.93,26.0099,3867
05/29/2015,25.94,25.97,25.92,25.9223,14271
06/01/2015,25.92,25.9999,25.87,25.96,4979
06/02/2015,25.9,25.94,25.77,25.94,12315
06/03/2015,25.84,25.92,25.81,25.92,24589
06/04/2015,25.89,25.95,25.89,25.95,3761
06/05/2015,25.87,25.97,25.87,25.95,6382
06/08/2015,25.82,25.94,25.82,25.905,2780
06/09/2015,25.92,26.02,25.82,25.9,15185
06/10/2015,25.78,25.92,25.68,25.92,38314
06/11/2015,25.54,25.58,25.45,25.45,8249
06/12/2015,25.35,25.42,25.35,25.37,2146
06/15/2015,25.27,25.58,25.27,25.571,3060
06/16/2015,25.56,25.61,25.35,25.56,2480
06/17/2015,25.47,25.6,25.45,25.48,4778
06/18/2015,25.42,25.55,25.41,25.41,7531
06/19/2015,25.41,25.5199,25.3,25.32,3261
06/22/2015,25.23,25.33,25.21,25.33,3961
06/23/2015,25.28,25.41,25.21,25.26,3576
06/24/2015,25.25,25.44,25.18,25.27,11996
06/25/2015,25.26,25.48,25.02,25.08,6424
06/26/2015,25.03,25.13,25.01,25.07,15573
06/29/2015,25,25.21,24.99,25.2,9335
06/30/2015,25.29,25.42,25.29,25.42,9258
07/01/2015,25.37,25.5,25.35,25.4999,7710
07/02/2015,25.33,25.5,25.33,25.49,8843
07/06/2015,25.48,25.48,25.35,25.47,3217
07/07/2015,25.38,25.52,25.38,25.46,3335
07/08/2015,25.49,25.51,25.48,25.48,3861
07/09/2015,25.47,25.54,25.47,25.51,5891
07/10/2015,25.47,25.5403,25.47,25.53,1097
07/13/2015,25.53,25.59,25.53,25.53,5328
07/14/2015,25.52,25.61,25.5101,25.52,8975
07/15/2015,25.53,25.6799,25.53,25.67,9086
07/16/2015,25.53,25.93,25.53,25.93,14374
07/17/2015,25.71,26.0249,25.71,25.98,7080
07/20/2015,25.92,26.226,25.7,25.7,7661
07/21/2015,25.77,26.06,25.77,26.06,1416
07/22/2015,25.975,26.06,25.8801,25.94,3482
07/23/2015,26.01,26.0499,25.96,25.97,3735
07/24/2015,25.91,26.05,25.91,26.03,5710
07/27/2015,26.02,26.05,25.9901,26.04,5411
07/28/2015,25.95,26.08,25.95,25.99,4494
07/29/2015,25.99,26.0799,25.9501,26.0231,2525
07/30/2015,25.83,26.036,25.83,26.036,28199
07/31/2015,26.18,26.24,26.16,26.1716,3296
08/03/2015,26.02,26.23,26.02,26.19,16272
08/04/2015,26.06,26.2,25.72,25.97,83401
08/05/2015,25.95,26.24,25.95,26.24,6825
08/06/2015,26.08,26.2,25.94,26.18,21943
08/07/2015,26.09,26.22,26.02,26.19,7372
08/10/2015,26.12,26.2,25.95,26.09,38388
08/11/2015,26.02,26.2,26.02,26.17,6202
08/12/2015,26.1,26.23,26.1,26.21,19269
08/13/2015,26.12,26.2,26.091,26.11,5178
08/14/2015,26.07,26.27,25.96,26.27,38802
08/17/2015,26.05,26.19,25.95,26.06,42725
08/18/2015,26.05,26.06,25.9101,25.93,5150
08/19/2015,25.92,26.0487,25.92,25.94,1396
08/20/2015,25.975,26,25.91,25.95,90885
08/21/2015,25.96,25.9799,25.9,25.9006,49928
08/24/2015,25.75,25.98,25.31,25.67,14776
08/25/2015,25.45,25.88,25.45,25.88,5672
08/26/2015,25.54,25.79,25.54,25.77,7125
08/27/2015,25.54,25.94,25.54,25.94,4803
08/28/2015,25.8,26.1316,25.8,26.1316,582
08/31/2015,25.82,26.14,25.82,26.05,1507
09/01/2015,25.8,25.99,25.4837,25.85,3113
09/02/2015,25.78,25.96,25.78,25.87,1217
09/03/2015,25.78,26.1,25.78,26.02,5243
09/04/2015,25.85,25.98,25.81,25.95,3499
09/08/2015,25.85,26.1,25.85,26,3644
09/09/2015,25.93,26.1,25.9,25.92,9421
09/10/2015,26.04,26.04,25.84,25.92,4229
09/11/2015,25.46,25.5141,25.43,25.43,9291
09/14/2015,25.46,25.5899,25.4,25.4,8926
09/15/2015,25.32,25.4099,25.22,25.29,11969
09/16/2015,25.23,25.26,25.22,25.22,8884
09/17/2015,25.22,25.38,25.2,25.3799,16293
09/18/2015,25.2688,25.3799,25.2,25.2,12026
09/21/2015,25.2,25.32,25.14,25.17,19314
09/22/2015,25.22,25.28,25.22,25.25,4700
09/23/2015,25.29,25.35,25.2503,25.35,4715
09/24/2015,25.35,25.57,25.35,25.57,14125
09/25/2015,25.49,25.65,25.49,25.55,11073
09/28/2015,25.51,25.51,25.3701,25.43,24053
09/29/2015,25.4,25.41,25.35,25.35,5166
09/30/2015,25.49,25.57,25.35,25.37,85594
10/01/2015,25.36,25.4,25.28,25.3625,7160
10/02/2015,25.32,25.49,25.26,25.49,20039
10/05/2015,25.49,25.64,25.47,25.6,6081
10/06/2015,25.65,25.65,25.6035,25.65,6632
10/07/2015,25.77,25.85,25.6177,25.76,6806
10/08/2015,25.77,25.9496,25.7,25.9496,3432
10/09/2015,25.85,25.937,25.85,25.937,1972
10/12/2015,25.73,25.862,25.73,25.74,1781
10/13/2015,25.6201,25.8965,25.6201,25.6301,750
10/14/2015,25.55,25.87,25.55,25.81,5185
10/15/2015,25.64,26.09,25.64,26.09,8685
10/16/2015,25.94,25.98,25.83,25.91,23647
10/19/2015,25.82,26.04,25.82,26.04,6908
10/20/2015,25.85,26.08,25.85,26.08,2417
10/21/2015,26.1,26.21,26.1,26.21,7712
10/22/2015,26.21,26.22,25.87,26.19,10291
10/23/2015,26.09,26.3,26.09,26.1478,4658
10/26/2015,26.13,26.294,26.1,26.27,35793
10/27/2015,26.15,26.23,26.14,26.14,7224
10/28/2015,26.09,26.2,26.09,26.2,2994
10/29/2015,26.1645,26.1645,26.1,26.1255,3329
10/30/2015,26.1369,26.16,26.1369,26.16,2332
11/02/2015,26.1,26.22,26.1,26.22,6689
11/03/2015,26.16,26.26,26.16,26.2599,4737
11/04/2015,26.26,26.35,26.26,26.31,4981
11/05/2015,26.25,26.35,26.25,26.34,7412
11/06/2015,26.24,26.24,26.0399,26.1501,4474
11/09/2015,26.03,26.18,26.03,26.18,4005
11/10/2015,26.07,26.32,26.07,26.3095,9793
11/11/2015,26.19,26.33,26.19,26.33,7943
11/12/2015,26.19,26.34,26.1,26.19,15704
11/13/2015,26.22,26.26,26.1438,26.25,6444
11/16/2015,26.2442,26.28,26.14,26.14,53744
11/17/2015,26.1,26.17,26.1,26.1445,1905
11/18/2015,26.08,26.17,26.08,26.17,16612
11/19/2015,26.11,26.23,26.05,26.16,16883
11/20/2015,26.1,26.28,26.1,26.27,18160
11/23/2015,26.27,26.29,26.2,26.29,4097
11/24/2015,26.19,26.29,26.19,26.28,8906
11/25/2015,26.29,26.29,26.2,26.28,18774
11/27/2015,26.24,26.35,26.24,26.31,2862
11/30/2015,26.29,26.35,26.22,26.22,7652
12/01/2015,26.22,26.35,26.2,26.26,11363
12/02/2015,26.24,26.3,26.21,26.21,4324
12/03/2015,26.2,26.2,26.06,26.06,4473
12/04/2015,26.06,26.14,26.06,26.1,8478
12/07/2015,26.1,26.1,25.91,25.98,18629
12/08/2015,26,26,25.94,25.989,4170
12/09/2015,25.99,26.08,25.99,26.07,2991
12/10/2015,26.0139,26.14,26.01,26.13,8137
12/11/2015,25.62,25.76,25.62,25.76,935
12/14/2015,25.7,25.7,24.98,25.1367,17334
12/15/2015,25.15,25.2899,25.15,25.19,8284
12/16/2015,25.18,25.4376,25.18,25.41,172429
12/17/2015,25.43,25.54,25.407,25.5,5055
12/18/2015,25.52,25.54,25.35,25.45,63581
12/21/2015,25.34,25.5199,25.34,25.5,2240
12/22/2015,25.576,25.64,25.47,25.62,7409
12/23/2015,25.63,25.63,25.46,25.5887,4485
12/24/2015,25.63,25.645,25.63,25.645,918
12/28/2015,25.67,25.7399,25.65,25.6808,2500
12/29/2015,25.9,25.9,25.7,25.86,62316
12/30/2015,25.89,25.99,25.65,25.99,8386
12/31/2015,25.87,26.35,25.75,26.3,8386
01/04/2016,26.21,26.26,26.01,26.23,25721
01/05/2016,26.181,26.35,26.15,26.32,32314
01/06/2016,26.22,26.3,26.0118,26.12,3199
01/07/2016,26.12,26.12,25.95,25.95,4136
01/08/2016,26.0108,26.14,26.0108,26.14,2704
01/11/2016,26.07,26.14,26,26.1,3842
01/12/2016,26.03,26.15,25.87,26.05,7619
01/13/2016,25.92,26.1,25.41,25.89,55946
01/14/2016,25.78,25.92,25.708,25.92,4107
01/15/2016,25.61,25.96,25.61,25.84,7025
01/19/2016,25.87,25.9,25.71,25.9,4100
01/20/2016,25.54,25.865,25.54,25.74,5789
01/21/2016,25.66,25.84,25.6,25.764,7745
01/22/2016,25.67,25.92,25.67,25.83,5195
01/25/2016,25.76,25.86,25.76,25.77,6017
01/26/2016,25.91,25.91,25.76,25.8401,4139
01/27/2016,25.79,25.93,25.71,25.71,4600
01/28/2016,25.8,25.97,25.6969,25.97,17811
01/29/2016,25.89,26,25.81,25.83,18334
02/01/2016,25.8,25.97,25.8,25.95,5889
02/02/2016,25.79,25.9399,25.79,25.86,7195
02/03/2016,25.76,25.9287,25.7,25.79,12510
02/04/2016,25.83,26,25.8286,25.92,10425
02/05/2016,25.87,25.87,25.66,25.7,9002
02/08/2016,25.56,25.71,25.45,25.56,11280
02/09/2016,25.41,25.67,25.37,25.56,14536
02/10/2016,25.55,25.74,25.55,25.56,414171
02/11/2016,25.372,25.48,25.09,25.22,10638
02/12/2016,25.31,25.728,25.31,25.412,29627
02/16/2016,25.6,25.68,25.4,25.52,52311
02/17/2016,25.55,25.8256,25.55,25.8,3836
02/18/2016,25.73,25.9099,25.73,25.8542,2685
02/19/2016,25.64,25.9,25.64,25.89,4718
02/22/2016,25.84,25.89,25.8088,25.8394,2214
02/23/2016,25.75,25.95,25.72,25.9,6817
02/24/2016,25.75,25.8999,25.726,25.873,3217
02/25/2016,25.83,25.94,25.83,25.93,11981
02/26/2016,25.88,25.99,25.88,25.9535,2881
02/29/2016,25.86,26,25.86,25.96,3766
03/01/2016,25.89,26.12,25.75,26.1,67071
03/02/2016,26.01,26.1399,25.86,26,19370
03/03/2016,25.93,26.12,25.93,26.03,5797
03/04/2016,25.97,26.0985,25.95,25.95,29531
03/07/2016,26,26.0735,26,26.03,5371
03/08/2016,25.96,26.08,25.96,26.0496,5273
03/09/2016,25.96,26.08,25.96,26.06,3740
03/10/2016,25.99,26.1299,25.99,26.04,3402
03/11/2016,26.02,26.163,26.02,26.16,10072
03/14/2016,25.65,25.79,25.65,25.79,18758
03/15/2016,25.83,25.83,25.68,25.752,2893
03/16/2016,25.658,25.77,25.6201,25.7261,4845
03/17/2016,25.67,25.7721,25.6666,25.68,6257
03/18/2016,25.65,25.72,25.65,25.69,5693
03/21/2016,25.66,25.91,25.66,25.91,4593
03/22/2016,25.76,25.91,25.76,25.91,860
03/23/2016,25.82,25.9745,25.76,25.95,5652
03/24/2016,25.99,26.02,25.9,25.9,1407
03/28/2016,26.01,26.16,25.8701,26.095,6644
03/29/2016,25.99,26.1,25.97,25.99,9522
03/30/2016,26,26.12,25.95,25.96,7964
03/31/2016,26.08,26.08,25.75,25.8,17414
04/01/2016,25.76,25.81,25.42,25.53,11982
04/04/2016,25.53,25.58,25.48,25.53,15888
04/05/2016,25.42,25.5716,25.42,25.53,4137
04/06/2016,25.56,25.72,25.56,25.69,13764
04/07/2016,25.71,25.8825,25.71,25.722,20172
04/08/2016,25.87,25.87,25.67,25.76,5630
04/11/2016,25.7617,25.96,25.7617,25.96,3401
04/12/2016,25.9033,26,25.85,25.96,14075
04/13/2016,25.82,26.03,25.82,25.95,7188
04/14/2016,25.95,26.0144,25.92,25.99,5536
04/15/2016,25.94,26.03,25.84,25.85,69032
04/18/2016,25.9,25.9,25.73,25.74,23996
04/19/2016,25.74,25.9,25.74,25.82,20736
04/20/2016,25.77,25.86,25.7201,25.76,7048
04/21/2016,25.77,25.8332,25.77,25.79,6350
04/22/2016,25.82,25.89,25.77,25.84,5910
04/25/2016,25.77,25.87,25.76,25.82,7559
04/26/2016,25.76,25.94,25.76,25.94,7740
04/27/2016,25.84,26.04,25.81,26.04,8533
04/28/2016,25.92,26.03,25.92,26.03,2464
04/29/2016,26,26.0507,26,26.0507,7853
05/02/2016,26.07,26.15,26.0233,26.11,5526
05/03/2016,26.04,26.07,25.99,26.06,4910
05/04/2016,25.97,26.0399,25.97,26,5167
05/05/2016,25.97,26.04,25.92,25.95,2763
05/06/2016,26,26.0399,25.93,25.99,3982
05/09/2016,25.9838,26,25.96,25.96,1015
05/10/2016,25.96,26.04,25.89,26.04,11581
05/11/2016,25.98,26.021,25.94,25.9401,4206
05/12/2016,26,26.03,25.94,25.95,7125
05/13/2016,26.03,26.03,25.89,25.89,9737
05/16/2016,26.0299,26.0299,25.96,26.02,4440
05/17/2016,25.92,26.04,25.92,25.95,7581
05/18/2016,25.95,26.12,25.93,26.12,26615
05/19/2016,25.97,26.06,25.8,25.87,12427
05/20/2016,25.85,25.9616,25.85,25.9,10195
05/23/2016,25.98,25.99,25.88,25.92,15860
05/24/2016,25.97,25.98,25.84,25.89,13188
05/25/2016,25.87,25.95,25.8501,25.92,4909
05/26/2016,25.91,25.9699,25.9,25.96,6752
05/27/2016,25.97,26.0299,25.87,25.87,17933
05/31/2016,25.98,25.98,25.86,25.95,6207
06/01/2016,25.96,26.04,25.96,26,4253
06/02/2016,26.04,26.07,25.97,26.01,12167
06/03/2016,26.01,26.17,26.01,26.17,10282
06/06/2016,26.19,26.29,26.0401,26.2,9481
06/07/2016,26.28,26.29,26.18,26.18,4382
06/08/2016,26.13,26.37,26.13,26.22,10798
06/09/2016,26.33,26.38,26.2101,26.35,8962
06/10/2016,26.33,26.41,26.21,26.21,22110
06/13/2016,25.92,25.92,25.8101,25.86,4173
06/14/2016,25.76,25.7912,25.7,25.75,9987
06/15/2016,25.7711,25.7711,25.71,25.75,4011
06/16/2016,25.71,25.749,25.65,25.69,9088
06/17/2016,25.72,25.7421,25.63,25.72,8153
06/20/2016,25.73,25.8399,25.69,25.7811,10155
06/21/2016,25.76,25.78,25.68,25.7525,6120
06/22/2016,25.75,25.75,25.64,25.67,9767
06/23/2016,25.67,25.79,25.67,25.76,7391
06/24/2016,25.5,25.745,25.5,25.745,8462
06/27/2016,25.61,25.75,25.52,25.67,52259
06/28/2016,25.58,25.8,25.58,25.8,54411
06/29/2016,25.8,25.93,25.72,25.91,9471
06/30/2016,25.81,26.09,25.7342,25.75,17284
07/01/2016,25.8,25.99,25.74,25.7664,12742
07/05/2016,25.86,25.93,25.76,25.81,4200
07/06/2016,25.76,25.82,25.72,25.72,6222
07/07/2016,25.71,25.87,25.71,25.79,4770
07/08/2016,25.84,25.85,25.75,25.85,7581
07/11/2016,25.81,25.85,25.81,25.8276,2874
07/12/2016,25.78,25.85,25.78,25.81,14667
07/13/2016,25.76,25.85,25.76,25.85,2441
07/14/2016,25.75,25.85,25.75,25.85,5002
07/15/2016,25.79,25.85,25.76,25.76,34576
07/18/2016,25.77,25.84,25.71,25.84,7308
07/19/2016,25.75,25.84,25.75,25.83,8229
07/20/2016,25.83,25.85,25.77,25.85,20378
07/21/2016,25.89,25.89,25.76,25.8699,4564
07/22/2016,25.84,25.9,25.84,25.9,5865
07/25/2016,25.84,25.95,25.8277,25.95,13929
07/26/2016,25.91,26.12,25.91,26.1,46831
07/27/2016,26.02,26.11,26.02,26.08,27776
07/28/2016,26.03,26.1,26.03,26.09,20035
07/29/2016,25.99,26.13,25.99,26.13,17473
08/01/2016,26.03,26.12,26.03,26.1,16754
08/02/2016,26.09,26.13,26.07,26.07,15101
08/03/2016,25.97,26.09,25.97,26.09,6258
08/04/2016,26.04,26.13,26.04,26.08,9910
08/05/2016,26.09,26.13,26.0788,26.09,26659
08/08/2016,26.03,26.2,26.03,26.2,44567
08/09/2016,26.11,26.4501,26.11,26.14,57922
08/10/2016,26.15,26.16,25.9,25.93,25432
08/11/2016,25.9,25.9799,25.72,25.72,20265
08/12/2016,25.75,25.83,25.68,25.79,12070
08/15/2016,25.76,25.8299,25.72,25.74,10376
08/16/2016,25.7,25.82,25.7,25.7896,12178
08/17/2016,25.82,25.82,25.78,25.82,4147
08/18/2016,25.81,25.88,25.81,25.87,6588
08/19/2016,25.83,25.8499,25.82,25.8499,1471
08/22/2016,25.82,25.86,25.82,25.86,3657
08/23/2016,25.87,25.87,25.84,25.87,3662
08/24/2016,25.89,25.89,25.8306,25.87,3793
08/25/2016,25.8,25.89,25.8,25.89,7296
08/26/2016,25.89,25.89,25.8301,25.8301,8344
08/29/2016,25.89,25.89,25.8301,25.88,8281
08/30/2016,25.8799,25.88,25.87,25.8731,5286
08/31/2016,25.88,25.88,25.86,25.88,5843
09/01/2016,25.88,25.88,25.83,25.88,2390
09/02/2016,25.8492,25.88,25.84,25.88,6845
09/06/2016,25.88,25.88,25.85,25.88,10246
09/07/2016,25.88,25.88,25.83,25.88,4768
09/08/2016,25.86,25.89,25.8401,25.89,2214
09/09/2016,25.85,25.88,25.73,25.83,15959
09/12/2016,25.4,25.44,25.33,25.431,14657
09/13/2016,25.42,25.49,25.4,25.49,26480
09/14/2016,25.4,25.4399,25.4,25.4399,621
09/15/2016,25.43,25.49,25.41,25.49,7521
09/16/2016,25.49,25.49,25.37,25.46,6171
09/19/2016,25.45,25.49,25.45,25.49,8123
09/20/2016,25.4745,25.49,25.4516,25.49,4485
09/21/2016,25.49,25.49,25.46,25.49,3453
09/22/2016,25.4899,25.49,25.45,25.49,5232
09/23/2016,25.58,25.74,25.4176,25.74,11473
09/26/2016,25.73,25.7399,25.6701,25.7399,3289
09/27/2016,25.62,25.74,25.54,25.54,17222
09/28/2016,25.62,25.718,25.5,25.64,5989
09/29/2016,25.64,25.67,25.47,25.47,5147
09/30/2016,25.42,25.69,25.42,25.45,6161
10/03/2016,25.46,25.66,25.43,25.6,15634
10/04/2016,25.52,25.67,25.52,25.61,2805
10/05/2016,25.62,25.62,25.46,25.5,12386
10/06/2016,25.46,25.5237,25.4,25.49,157224
10/07/2016,25.5052,25.54,25.4559,25.4559,1864
10/10/2016,25.45,25.45,25.36,25.41,9562
10/11/2016,25.465,25.47,25.35,25.47,14611
10/12/2016,25.4671,25.4671,25.36,25.36,5301
10/13/2016,25.4106,25.4106,25.35,25.35,7688
10/14/2016,25.4,25.4,25.35,25.39,9443
10/17/2016,25.39,25.44,25.39,25.42,2150
10/18/2016,25.4213,25.5,25.4213,25.5,4022
10/19/2016,25.47,25.49,25.45,25.49,8754
10/20/2016,25.5,25.52,25.4501,25.51,7684
10/21/2016,25.51,25.6,25.5,25.6,19086
10/24/2016,25.59,25.65,25.56,25.56,5184
10/25/2016,25.58,25.65,25.48,25.48,26285
10/26/2016,25.41,25.48,25.41,25.41,17013
10/27/2016,25.45,25.45,25.39,25.41,4147
10/28/2016,25.4,25.4,25.37,25.37,3608
10/31/2016,25.36,25.4,25.36,25.4,3273
11/01/2016,25.36,25.423,25.35,25.38,6767
11/02/2016,25.385,25.39,25.36,25.36,19239
11/03/2016,25.35,25.36,25.34,25.35,35820
11/04/2016,25.32,25.37,25.3147,25.334,13741
11/07/2016,25.37,25.39,25.31,25.33,4950
11/08/2016,25.31,25.37,25.31,25.35,22208
11/09/2016,25.3,25.35,25.26,25.3,9010
11/10/2016,25.31,25.31,25.14,25.2,40746
11/11/2016,25.18,25.25,25.12,25.18,23336
11/14/2016,25.21,25.25,24.9525,25.05,49657
11/15/2016,25.17,25.335,25.17,25.335,33376
11/16/2016,25.24,25.36,25.24,25.36,10567
11/17/2016,25.2977,25.39,25.23,25.39,23290
11/18/2016,25.3,25.39,25.28,25.33,81694
11/21/2016,25.25,25.44,25.25,25.41,14581
11/22/2016,25.3684,25.4299,25.35,25.4,4853
11/23/2016,25.37,25.44,25.29,25.42,3360
11/25/2016,25.3601,25.4,25.3601,25.4,215
11/28/2016,25.34,25.39,25.27,25.3287,10760
11/29/2016,25.31,25.3499,25.3069,25.3279,4365
11/30/2016,25.3432,25.3432,25.25,25.2979,12357
12/01/2016,25.25,25.34,25.195,25.34,13513
12/02/2016,25.36,25.44,25.36,25.38,12270
12/05/2016,25.38,25.43,25.33,25.33,7626
12/06/2016,25.3342,25.38,25.33,25.33,3582
12/07/2016,25.44,25.5,25.43,25.45,16575
12/08/2016,25.44,25.46,25.44,25.44,122385
12/09/2016,25.4362,25.45,25.43,25.435,73757
12/12/2016,25.04,25.05,25.03,25.04,302864
12/13/2016,25.04,25.06,25.04,25.06,23387
12/14/2016,25.05,25.06,25.04,25.06,110397
12/15/2016,25.05,25.0576,25.05,25.0501,3822
12/16/2016,25.05,25.058,25.05,25.0507,7929
12/19/2016,25.05,25.06,25.05,25.05,1343
12/20/2016,25.05,25.06,25.05,25.05,23442
12/21/2016,25.06,25.06,25.05,25.05,449311
12/22/2016,25.05,25.0539,25.05,25.05,4201
12/23/2016,25.58,25.58,25.05,25.05,5174
12/27/2016,25.05,25.07,25.05,25.05,6841
12/28/2016,25.05,25.06,25.05,25.06,11762
12/29/2016,25.58,25.58,25.05,25.05,2456
12/30/2016,25.08,25.185,25.055,25.055,1389
01/03/2017,25.08,25.08,25.06,25.06,2768
01/04/2017,25.07,25.2254,25.05,25.065,31022
01/05/2017,25.0701,25.0821,25.07,25.0821,13271
01/06/2017,25.07,25.15,25.07,25.07,10198
01/09/2017,25.07,25.09,25.07,25.07,24476
01/10/2017,25.07,25.0899,25.07,25.0899,3694
01/11/2017,25.08,25.0839,25.07,25.08,26500
01/12/2017,25.08,25.0899,25.06,25.06,5042
01/13/2017,25.08,25.15,25.08,25.0906,4822
01/17/2017,25.07,25.1023,25.07,25.0729,10616
