05/25/2018,0.18,0.18,0.0425,0.1102,19900
05/29/2018,0.1113,0.1113,0.051,0.0599,22255
05/30/2018,0.0609,0.0609,0.0599,0.0599,5100
05/31/2018,0.06,0.061,0.06,0.061,5700
06/04/2018,0.0508,0.06,0.05,0.05,29855
06/06/2018,0.039,0.0497,0.03,0.0497,5500
06/07/2018,0.0481,0.0481,0.035,0.035,11100
06/08/2018,0.033,0.033,0.033,0.033,5000
06/11/2018,0.03,0.03,0.03,0.03,18245
06/12/2018,0.04,0.04,0.0399,0.04,5580
06/13/2018,0.045,0.045,0.045,0.045,1052
06/14/2018,0.04,0.04,0.04,0.04,1000
06/18/2018,0.04,0.04,0.04,0.04,5888
06/19/2018,0.04,0.04,0.04,0.04,1488
06/20/2018,0.021,0.021,0.021,0.021,6000
06/21/2018,0.039,0.04,0.0362,0.04,60625
06/22/2018,0.04,0.04,0.0397,0.0397,16728
06/25/2018,0.025,0.0274,0.0208,0.0208,13440
06/26/2018,0.03,0.03,0.03,0.03,100
06/27/2018,0.03,0.04,0.0299,0.04,49200
06/28/2018,0.03,0.04,0.0299,0.035,68300
06/29/2018,0.0249,0.03,0.021,0.03,22501
07/02/2018,0.025,0.025,0.018,0.018,55000
07/03/2018,0.03,0.03,0.025,0.029,7600
07/05/2018,0.03,0.03,0.0298,0.0299,10000
07/06/2018,0.0288,0.0289,0.0279,0.0279,6576
07/10/2018,0.0278,0.0278,0.0278,0.0278,100
07/11/2018,0.015,0.0289,0.015,0.0289,26912
07/12/2018,0.0287,0.0287,0.0287,0.0287,5000
07/13/2018,0.0287,0.0287,0.0287,0.0287,2888
07/18/2018,0.02,0.025,0.02,0.02,181500
07/19/2018,0.02,0.02,0.0113,0.0113,23855
07/20/2018,0.02,0.02,0.0199,0.02,71200
07/23/2018,0.02,0.02,0.02,0.02,346
07/25/2018,0.0113,0.0113,0.011,0.011,26000
07/26/2018,0.013,0.0131,0.0126,0.013,52507
07/27/2018,0.013,0.013,0.0115,0.0115,61000
07/30/2018,0.0001,0.01,0.0001,0.0057,1091110
07/31/2018,0.0057,0.006,0.004,0.006,190100
08/02/2018,0.007,0.007,0.007,0.007,100
08/03/2018,0.0079,0.01,0.0063,0.0063,873582
08/06/2018,0.0055,0.007,0.004,0.007,86844
08/07/2018,0.0074,0.0074,0.0074,0.0074,10100
08/08/2018,0.007,0.007,0.0046,0.005,105100
08/09/2018,0.0054,0.0055,0.0049,0.005,310018
08/14/2018,0.0012,0.0012,0.0012,0.0012,100
08/15/2018,0.0012,0.0012,0.0011,0.0012,221900
08/16/2018,0.007,0.007,0.0069,0.0069,12100
08/17/2018,0.0069,0.007,0.0069,0.007,101000
08/21/2018,0.0011,0.007,0.0011,0.002,32607
08/22/2018,0.0064,0.007,0.0023,0.0032,466620
08/23/2018,0.0065,0.0065,0.0055,0.0055,50900
08/24/2018,0.0045,0.0048,0.0023,0.0023,183700
08/27/2018,0.002,0.002,0.002,0.002,1000
08/28/2018,0.002,0.0041,0.002,0.004,47900
08/29/2018,0.003,0.004,0.003,0.004,40400
08/30/2018,0.006,0.006,0.005,0.005,100200
09/04/2018,0.006,0.006,0.004,0.004,132100
09/05/2018,0.004,0.004,0.0039,0.004,31420
09/07/2018,0.004,0.004,0.0039,0.0039,183100
09/10/2018,0.005,0.005,0.004,0.004,8038
09/11/2018,0.0048,0.0048,0.002,0.0027,20900
09/12/2018,0.0027,0.004,0.0027,0.0039,19800
09/14/2018,0.004,0.0043,0.004,0.0043,49668
09/17/2018,0.0032,0.0032,0.0032,0.0032,29996
09/18/2018,0.0045,0.0045,0.003,0.0039,65700
09/19/2018,0.0045,0.0045,0.0044,0.0044,8000
09/20/2018,0.0044,0.0044,0.0044,0.0044,6000
09/21/2018,0.006,0.006,0.0021,0.004,57000
09/25/2018,0.0011,0.006,0.0011,0.0055,221800
09/26/2018,0.0055,0.006,0.0055,0.006,142726
09/27/2018,0.0058,0.0058,0.0057,0.0058,41200
09/28/2018,0.0041,0.0055,0.002,0.0049,8800
10/01/2018,0.0035,0.0035,0.0035,0.0035,250000
10/05/2018,0.0025,0.0049,0.0012,0.0014,281500
10/08/2018,0.0045,0.0059,0.0041,0.0049,377500
10/09/2018,0.0049,0.0049,0.0038,0.0049,26200
10/10/2018,0.0049,0.0049,0.0049,0.0049,200
10/12/2018,0.0044,0.0044,0.0038,0.0038,300
10/15/2018,0.0044,0.0044,0.0044,0.0044,6500
10/16/2018,0.0044,0.006,0.0016,0.0035,269150
10/17/2018,0.0049,0.005,0.0049,0.005,20000
10/18/2018,0.0016,0.0016,0.0016,0.0016,2000
10/19/2018,0.0031,0.0031,0.003,0.003,148000
10/22/2018,0.0044,0.005,0.0016,0.0043,51990
10/24/2018,0.0044,0.005,0.0026,0.0042,27030
10/25/2018,0.0044,0.0044,0.0044,0.0044,15400
10/26/2018,0.0041,0.0055,0.0041,0.005,10600
10/29/2018,0.0045,0.0045,0.0045,0.0045,100
10/30/2018,0.01,0.01,0.0043,0.005,17800
11/01/2018,0.007,0.007,0.0035,0.0035,602
11/02/2018,0.0034,0.0038,0.0034,0.0038,56600
11/05/2018,0.004,0.0045,0.0032,0.0044,104000
11/08/2018,0.0045,0.0045,0.0045,0.0045,7160
11/09/2018,0.0044,0.01,0.004,0.0055,330292
11/12/2018,0.0066,0.0066,0.0047,0.0047,82500
11/13/2018,0.0032,0.0032,0.0032,0.0032,100
11/15/2018,0.005,0.005,0.005,0.005,10000
11/16/2018,0.0045,0.0046,0.0045,0.0046,3550
11/19/2018,0.005,0.005,0.005,0.005,11400
11/21/2018,0.0065,0.0065,0.0044,0.0044,500
11/26/2018,0.0044,0.0044,0.0025,0.0044,87130
11/27/2018,0.0011,0.0011,0.0006,0.0007,502400
11/28/2018,0.0065,0.0065,0.001,0.0035,125200
11/29/2018,0.0035,0.0035,0.0011,0.0011,2900
12/03/2018,0.0065,0.0148,0.0023,0.0148,209901
12/04/2018,0.01,0.0101,0.0047,0.0047,40878
12/06/2018,0.01,0.01,0.01,0.01,600
12/10/2018,0.009,0.009,0.005,0.005,100150
12/11/2018,0.008,0.009,0.008,0.008,15750
12/12/2018,0.008,0.008,0.004,0.008,10808
12/13/2018,0.005,0.005,0.005,0.005,100
12/14/2018,0.003,0.003,0.003,0.003,10000
12/19/2018,0.007,0.009,0.0049,0.0049,800
12/20/2018,0.009,0.009,0.005,0.0051,159661
12/21/2018,0.007,0.007,0.0044,0.0044,29757
12/24/2018,0.0048,0.0048,0.0047,0.0047,7100
12/26/2018,0.0048,0.009,0.0015,0.0032,252404
12/27/2018,0.007,0.007,0.0042,0.0042,30100
12/28/2018,0.007,0.0085,0.0038,0.0038,40500
12/31/2018,0.0078,0.0089,0.0033,0.008,15525
01/02/2019,0.0074,0.0074,0.0035,0.0038,8000
01/03/2019,0.0089,0.0089,0.0078,0.0078,27000
01/04/2019,0.0033,0.0033,0.0033,0.0033,1000
01/08/2019,0.007,0.007,0.0053,0.0053,400
01/09/2019,0.0053,0.0053,0.0053,0.0053,10900
01/10/2019,0.0089,0.0089,0.0053,0.0053,57000
01/11/2019,0.0053,0.0053,0.0053,0.0053,20000
01/14/2019,0.008,0.008,0.008,0.008,28927
01/16/2019,0.0033,0.0033,0.0033,0.0033,12975
01/22/2019,0.0037,0.0037,0.0036,0.0036,10000
01/23/2019,0.007,0.007,0.007,0.007,21225
01/24/2019,0.0039,0.0039,0.0036,0.0037,84775
01/25/2019,0.0038,0.0038,0.0037,0.0037,79800
01/28/2019,0.0036,0.0036,0.0035,0.0035,56728
01/30/2019,0.0035,0.0035,0.0023,0.0023,42872
01/31/2019,0.0015,0.0027,0.0015,0.0027,139328
02/01/2019,0.0027,0.0027,0.0027,0.0027,20476
02/05/2019,0.0084,0.0084,0.0084,0.0084,309
02/06/2019,0.008,0.008,0.005,0.005,11491
02/07/2019,0.0011,0.008,0.0011,0.008,6209
02/08/2019,0.008,0.008,0.008,0.008,1500
02/11/2019,0.008,0.008,0.004,0.006,12500
02/13/2019,0.004,0.005,0.0013,0.002,214690
02/14/2019,0.005,0.006,0.0049,0.0049,30600
02/15/2019,0.004,0.0049,0.0013,0.0049,111320
02/19/2019,0.0079,0.0079,0.002,0.0029,74290
02/20/2019,0.002,0.0035,0.002,0.0034,60000
02/21/2019,0.0029,0.003,0.002,0.0028,42436
02/22/2019,0.0033,0.0033,0.003,0.003,15600
02/25/2019,0.003,0.003,0.0029,0.003,59062
02/26/2019,0.002,0.0028,0.002,0.0028,10900
03/04/2019,0.002,0.002,0.002,0.002,230
03/05/2019,0.002,0.002,0.002,0.002,5000
03/07/2019,0.0032,0.0032,0.0024,0.0024,47060
03/14/2019,0.0011,0.004,0.0011,0.0029,50900
03/18/2019,0.0049,0.0083,0.0041,0.0042,139133
03/19/2019,0.002,0.0041,0.002,0.0041,19020
03/20/2019,0.0042,0.0045,0.0041,0.0041,63220
03/25/2019,0.002,0.0025,0.002,0.0025,63932
03/26/2019,0.0024,0.0024,0.0024,0.0024,40000
03/28/2019,0.0024,0.0028,0.0024,0.0028,33900
04/04/2019,0.0011,0.002,0.0011,0.002,21800
04/09/2019,0.003,0.0049,0.003,0.003,20600
04/11/2019,0.005,0.005,0.005,0.005,100
04/12/2019,0.005,0.005,0.0049,0.0049,10000
04/18/2019,0.0068,0.0068,0.0035,0.004,50100
05/06/2019,0.0011,0.0012,0.0011,0.0012,450
05/10/2019,0.005,0.005,0.0011,0.0011,12000
05/13/2019,0.006,0.006,0.002,0.002,37000
05/17/2019,0.0068,0.0068,0.0025,0.0025,28210
05/22/2019,0.0025,0.0025,0.0025,0.0025,20000
05/23/2019,0.0033,0.0033,0.0033,0.0033,100
05/24/2019,0.0011,0.0011,0.0011,0.0011,16200
05/28/2019,0.0012,0.0012,0.0012,0.0012,4000
06/03/2019,0.0034,0.0034,0.0034,0.0034,15750
06/04/2019,0.0012,0.0012,0.0012,0.0012,11160
06/07/2019,0.0005,0.0005,0.0005,0.0005,703800
06/10/2019,0.003,0.003,0.0012,0.0012,81700
06/13/2019,0.0025,0.0025,0.0025,0.0025,10000
06/17/2019,0.0025,0.0025,0.0025,0.0025,5220
06/18/2019,0.0044,0.0044,0.0033,0.0035,32100
06/20/2019,0.0035,0.0035,0.0035,0.0035,1000
06/21/2019,0.0013,0.0013,0.0013,0.0013,500
06/25/2019,0.002,0.002,0.002,0.002,40100
06/28/2019,0.002,0.002,0.002,0.002,11000
07/01/2019,0.0035,0.0035,0.0034,0.0034,15300
07/02/2019,0.0034,0.0034,0.0033,0.0033,9800
07/03/2019,0.0034,0.0034,0.0033,0.0033,26209
07/15/2019,0.003,0.0079,0.003,0.0045,309715
07/16/2019,0.002,0.0046,0.002,0.0021,3000
07/17/2019,0.0056,0.0058,0.0028,0.0057,244581
07/18/2019,0.0014,0.0039,0.0014,0.0039,110209
07/23/2019,0.0014,0.0014,0.0014,0.0014,20069
07/29/2019,0.003,0.0076,0.003,0.0045,76558
07/30/2019,0.0045,0.0045,0.004,0.004,14600
07/31/2019,0.007,0.007,0.0045,0.0045,50600
08/01/2019,0.0045,0.0045,0.002,0.002,27600
08/02/2019,0.002,0.002,0.002,0.002,62100
08/06/2019,0.0048,0.0048,0.0039,0.0039,18188
08/07/2019,0.0039,0.0039,0.003,0.003,20400
08/13/2019,0.0012,0.0049,0.0012,0.0049,35471
08/15/2019,0.002,0.002,0.002,0.002,10100
08/16/2019,0.015,0.0299,0.0101,0.0138,1158273
08/19/2019,0.0189,0.0189,0.01,0.0107,352301
08/20/2019,0.006,0.0086,0.0046,0.0046,92300
08/21/2019,0.01,0.0129,0.0051,0.0103,73499
08/22/2019,0.01,0.01,0.005,0.0085,156700
08/23/2019,0.0059,0.0062,0.0059,0.006,101600
08/26/2019,0.01,0.0114,0.0056,0.0098,284299
08/27/2019,0.008,0.009,0.008,0.0086,153745
08/28/2019,0.0101,0.039,0.01,0.029,1731829
08/29/2019,0.049,0.064,0.0341,0.0341,1976715
08/30/2019,0.04,0.055,0.03,0.0308,930590
09/03/2019,0.0295,0.03,0.0165,0.0179,723347
09/04/2019,0.0179,0.03,0.0127,0.022,611786
09/05/2019,0.02,0.0293,0.014,0.014,166003
09/06/2019,0.0151,0.0225,0.011,0.013,236350
09/09/2019,0.0198,0.02,0.0092,0.0122,159860
09/10/2019,0.0131,0.019,0.013,0.015,200259
09/11/2019,0.015,0.0182,0.015,0.0182,106205
09/12/2019,0.0179,0.019,0.013,0.0136,180557
09/13/2019,0.0187,0.019,0.0138,0.0138,16365
09/16/2019,0.0151,0.019,0.0151,0.0151,76974
09/17/2019,0.016,0.016,0.0151,0.0159,323507
09/18/2019,0.019,0.019,0.019,0.019,20000
09/19/2019,0.013,0.0174,0.012,0.0174,12550
09/20/2019,0.018,0.018,0.018,0.018,50100
09/23/2019,0.025,0.03,0.0054,0.0097,1200297
09/24/2019,0.01,0.0149,0.008,0.01,207552
09/25/2019,0.01,0.0144,0.0061,0.012,127760
09/26/2019,0.0109,0.0111,0.008,0.0104,7582
09/27/2019,0.01,0.011,0.0098,0.01,62335
09/30/2019,0.01,0.01,0.0062,0.0065,51364
10/01/2019,0.01,0.01,0.0062,0.0063,55000
10/02/2019,0.01,0.01,0.007,0.0099,36548
10/03/2019,0.007,0.0113,0.007,0.0113,73489
10/04/2019,0.01,0.011,0.0072,0.0077,81629
10/08/2019,0.0082,0.01,0.0082,0.01,249190
10/09/2019,0.01,0.01,0.01,0.01,26000
10/11/2019,0.01,0.01,0.01,0.01,10000
10/15/2019,0.0095,0.01,0.007,0.0095,120758
10/16/2019,0.007,0.008,0.007,0.007,113999
10/23/2019,0.007,0.007,0.007,0.007,3200
10/24/2019,0.008,0.008,0.0062,0.0063,40886
10/25/2019,0.0063,0.0064,0.0062,0.0062,105000
10/29/2019,0.007,0.007,0.007,0.007,15000
10/30/2019,0.0062,0.0063,0.0062,0.0062,7400
10/31/2019,0.0063,0.0063,0.0062,0.0062,1000
11/01/2019,0.0063,0.0063,0.0062,0.0062,65500
11/04/2019,0.0062,0.0062,0.0062,0.0062,5000
11/05/2019,0.0062,0.0062,0.0021,0.0061,222419
11/06/2019,0.008,0.008,0.0028,0.0031,13672
11/07/2019,0.008,0.008,0.0057,0.0078,23045
11/08/2019,0.0021,0.0078,0.0021,0.0069,12100
11/11/2019,0.0069,0.008,0.0035,0.0035,63819
11/12/2019,0.007,0.008,0.0021,0.0035,78400
11/13/2019,0.0037,0.0037,0.0037,0.0037,5000
11/14/2019,0.0039,0.005,0.0037,0.0038,81940
11/15/2019,0.007,0.007,0.0031,0.0035,115800
11/18/2019,0.0036,0.0036,0.003,0.003,111550
11/19/2019,0.003,0.0035,0.0024,0.003,111000
11/21/2019,0.0087,0.0087,0.003,0.003,30400
11/22/2019,0.0087,0.0088,0.0021,0.0022,348004
11/25/2019,0.0079,0.008,0.002,0.0021,180028
11/26/2019,0.0031,0.0031,0.002,0.002,118800
11/27/2019,0.005,0.005,0.002,0.002,146637
11/29/2019,0.008,0.008,0.002,0.0045,16475
12/02/2019,0.0045,0.0045,0.0045,0.0045,9000
12/03/2019,0.0045,0.0045,0.0045,0.0045,9176
12/04/2019,0.005,0.005,0.005,0.005,18000
12/05/2019,0.005,0.005,0.005,0.005,9200
12/09/2019,0.005,0.007,0.0013,0.007,55700
12/10/2019,0.0023,0.007,0.0022,0.0069,12133
12/11/2019,0.007,0.007,0.0022,0.007,2000
12/13/2019,0.0014,0.0069,0.0013,0.0069,28127
12/16/2019,0.0064,0.0069,0.0015,0.0069,3800
12/17/2019,0.0069,0.0069,0.0069,0.0069,13400
12/19/2019,0.006,0.006,0.006,0.006,100
12/20/2019,0.0057,0.0057,0.0057,0.0057,5000
12/24/2019,0.0059,0.006,0.0012,0.0053,114096
12/26/2019,0.0055,0.0055,0.0047,0.0054,33500
12/30/2019,0.0017,0.0053,0.0017,0.0053,101100
01/02/2020,0.0017,0.0053,0.0017,0.0053,49200
01/03/2020,0.0017,0.0052,0.0017,0.0052,13100
01/07/2020,0.0053,0.0053,0.0053,0.0053,100
01/08/2020,0.002,0.005,0.002,0.0049,12300
01/09/2020,0.0049,0.0049,0.0049,0.0049,100
01/10/2020,0.0049,0.0049,0.0049,0.0049,5000
01/13/2020,0.003,0.0053,0.003,0.0053,414319
01/14/2020,0.0047,0.0052,0.0033,0.005,38600
01/16/2020,0.005,0.0053,0.003,0.0049,120850
01/17/2020,0.005,0.0053,0.0048,0.0053,126972
01/21/2020,0.0053,0.0053,0.0051,0.0051,44100
01/22/2020,0.0051,0.0051,0.0035,0.004,7780
01/23/2020,0.005,0.0051,0.005,0.0051,101600
01/24/2020,0.005,0.005,0.003,0.005,53170
01/27/2020,0.005,0.0051,0.0031,0.0051,17600
01/28/2020,0.004,0.006,0.004,0.006,44401
01/29/2020,0.0024,0.0059,0.0024,0.0059,100560
01/30/2020,0.0021,0.005,0.0021,0.005,29500
01/31/2020,0.0053,0.0053,0.0049,0.0049,38099
02/03/2020,0.0035,0.0055,0.0021,0.005,100922
02/04/2020,0.005,0.005,0.0021,0.0021,2000
02/05/2020,0.005,0.005,0.0036,0.0049,2800
02/06/2020,0.004,0.005,0.0036,0.005,19150
02/07/2020,0.005,0.005,0.0035,0.0045,3700
02/10/2020,0.004,0.005,0.004,0.0049,186895
02/11/2020,0.005,0.005,0.004,0.0049,74388
02/12/2020,0.005,0.005,0.0048,0.0049,207946
02/13/2020,0.0029,0.0049,0.0029,0.0049,28350
02/14/2020,0.0029,0.005,0.0029,0.0048,60300
02/18/2020,0.005,0.005,0.0049,0.005,11890
02/19/2020,0.01,0.01,0.01,0.01,100
02/20/2020,0.005,0.005,0.0047,0.0047,10200
02/24/2020,0.004,0.004,0.004,0.004,600
02/25/2020,0.0044,0.0044,0.0042,0.0043,51100
02/26/2020,0.0043,0.0043,0.0042,0.0042,1133
02/27/2020,0.0047,0.0047,0.0033,0.0033,59517
02/28/2020,0.003,0.004,0.003,0.0039,21200
03/02/2020,0.004,0.004,0.0023,0.0038,26550
03/03/2020,0.0038,0.0038,0.0038,0.0038,5468
03/04/2020,0.0037,0.0038,0.002,0.0025,182200
03/05/2020,0.0038,0.0038,0.002,0.0035,72263
03/06/2020,0.002,0.0034,0.002,0.0028,3000
03/09/2020,0.002,0.002,0.0012,0.0012,123026
03/10/2020,0.0034,0.0034,0.0012,0.0012,346134
03/11/2020,0.002,0.0031,0.002,0.0031,15275
03/12/2020,0.004,0.004,0.0015,0.0028,338692
03/13/2020,0.0025,0.005,0.0018,0.004,400070
03/16/2020,0.005,0.0059,0.0013,0.0023,34273
03/17/2020,0.005,0.005,0.0044,0.0045,43908
03/18/2020,0.0059,0.0059,0.0012,0.0039,415359
03/19/2020,0.0028,0.004,0.0028,0.004,12512
03/20/2020,0.004,0.004,0.0027,0.0039,37522
03/23/2020,0.0039,0.0039,0.0039,0.0039,300
03/24/2020,0.004,0.004,0.0039,0.004,12513
03/25/2020,0.002,0.004,0.002,0.004,15711
03/26/2020,0.004,0.004,0.0012,0.002,395291
03/27/2020,0.004,0.004,0.0025,0.004,11045
03/30/2020,0.004,0.019,0.0036,0.0156,2730387
03/31/2020,0.0156,0.0156,0.0033,0.007,800702
04/01/2020,0.0054,0.008,0.0054,0.0079,80696
04/02/2020,0.0085,0.0085,0.0055,0.0068,301003
04/03/2020,0.01,0.01,0.0052,0.0068,106424
04/06/2020,0.0075,0.008,0.0075,0.0075,44102
04/07/2020,0.0076,0.008,0.005,0.0076,63850
04/08/2020,0.0055,0.0057,0.0055,0.0057,20610
04/09/2020,0.0057,0.0065,0.0057,0.0064,159040
04/13/2020,0.008,0.008,0.0055,0.0055,100600
04/14/2020,0.008,0.008,0.0032,0.0035,83128
04/15/2020,0.008,0.008,0.0045,0.006,188182
04/16/2020,0.006,0.008,0.0035,0.0037,141097
04/17/2020,0.008,0.008,0.0037,0.008,192565
04/20/2020,0.0079,0.008,0.005,0.006,114060
04/21/2020,0.01,0.01,0.007,0.007,21650
04/22/2020,0.007,0.008,0.0025,0.007,183055
04/23/2020,0.005,0.006,0.005,0.006,87227
04/24/2020,0.0075,0.0075,0.005,0.0074,24561
04/27/2020,0.0063,0.0063,0.005,0.005,3600
04/28/2020,0.006,0.0065,0.0033,0.0042,172100
04/29/2020,0.0045,0.008,0.0045,0.007,407277
04/30/2020,0.008,0.008,0.0067,0.0068,32500
05/01/2020,0.0046,0.007,0.0046,0.006,25702
05/04/2020,0.0062,0.0062,0.0062,0.0062,22521
05/05/2020,0.008,0.008,0.0048,0.0048,61950
05/06/2020,0.005,0.0079,0.005,0.0078,43897
05/07/2020,0.0085,0.01,0.0075,0.0079,242104
05/08/2020,0.0088,0.0099,0.005,0.009,211763
05/11/2020,0.009,0.009,0.0045,0.0051,149748
05/12/2020,0.009,0.009,0.006,0.0074,363801
05/13/2020,0.011,0.015,0.005,0.0062,277750
05/14/2020,0.0076,0.0123,0.0065,0.0065,669768
05/15/2020,0.008,0.008,0.0051,0.0068,321117
05/18/2020,0.007,0.0091,0.0053,0.0061,544547
05/19/2020,0.009,0.009,0.006,0.007,78928
05/20/2020,0.008,0.008,0.006,0.006,178811
05/21/2020,0.0085,0.0085,0.006,0.0075,76808
05/22/2020,0.008,0.008,0.006,0.0075,76789
05/26/2020,0.0082,0.0082,0.006,0.007,282988
