09/12/2016,5.8,5.95,5.76,5.76,8693
09/13/2016,2469.63,2469.63,2469.63,2469.63,25
09/16/2016,2456.86,2490.92,2456.86,2490.92,4
09/23/2016,2456.86,2456.86,2401.51,2401.51,15
09/26/2016,2469.63,2469.63,2469.63,2469.63,12
09/28/2016,2469.63,2469.63,2469.63,2469.63,10
09/30/2016,2469.63,2469.63,2469.63,2469.63,25
10/03/2016,2384.47,2448.34,2278.02,2448.34,13
10/04/2016,2469.63,2469.63,2469.63,2469.63,10
10/06/2016,2469.63,2469.63,2362.26,2383.73,13
10/07/2016,2469.63,2491.11,2469.63,2491.11,11
10/10/2016,2469.63,2469.63,2469.63,2469.63,11
10/12/2016,2469.63,2554.79,2469.63,2512.21,77
10/13/2016,2490.92,2512.21,2490.92,2512.21,9
10/14/2016,2490.92,2490.92,2473.89,2473.89,13
10/17/2016,2473.89,2533.5,2384.47,2473.89,40
10/18/2016,2473.89,2495.18,2473.89,2495.18,3
10/24/2016,2495.18,2495.18,2414.28,2414.28,3
10/25/2016,2427.05,2448.34,2401.51,2448.34,18
10/28/2016,2405.76,2405.76,2341.89,2384.47,95
10/31/2016,2448.34,2448.34,2448.34,2448.34,3
11/07/2016,2384.47,2384.47,2299.31,2341.89,8
11/09/2016,2405.76,2448.34,2405.76,2448.34,10
11/16/2016,2495.18,2495.18,2495.18,2495.18,3
11/17/2016,2490.92,2490.92,2490.92,2490.92,10
11/23/2016,2384.47,2430.46,2235.44,2430.46,22
11/25/2016,2384.47,2469.63,2384.47,2469.63,43
11/29/2016,2531.93,2531.93,2531.93,2531.93,10
11/30/2016,2469.63,2469.63,2299.31,2299.31,12
12/01/2016,2448.34,2448.34,2341.89,2341.89,5
12/05/2016,2341.89,2341.89,2303.57,2303.57,3
12/06/2016,2341.89,2341.89,2341.89,2341.89,10
12/07/2016,2363.18,2363.18,2303.57,2303.57,6
12/08/2016,2448.34,2448.34,2448.3,2448.34,3
12/09/2016,2512.21,2512.21,2512.21,2512.21,20
12/12/2016,2554.79,2554.79,2307.83,2363.18,62
12/13/2016,2512.21,2512.21,2512.21,2512.21,3
12/15/2016,2512.21,2512.21,2512.21,2512.21,20
12/19/2016,2507.96,2507.96,2507.96,2507.96,10
12/20/2016,2507.96,2507.96,2507.96,2507.96,1
12/21/2016,2418.54,2418.54,2418.54,2418.54,10
12/23/2016,2554.79,2554.79,2554.79,2554.79,10
12/28/2016,2554.79,2554.79,2448.34,2448.34,12
12/29/2016,2554.79,2554.79,2431.31,2448.34,24
01/03/2017,2550.54,2550.54,2550.54,2550.54,20
01/04/2017,2471.85,2471.85,2448.34,2448.34,3
01/05/2017,2469.63,2469.63,2384.47,2427.05,35
01/06/2017,2397.25,2427.05,2350.41,2427.05,43
01/11/2017,2448.34,2448.34,2384.47,2384.47,22
01/13/2017,2469.63,2469.63,2469.63,2469.63,17
01/17/2017,2469.63,2469.63,2469.63,2469.63,16
01/18/2017,2490.92,2554.79,2490.92,2554.79,34
01/19/2017,2554.79,2554.79,2490.92,2490.92,11
01/23/2017,2495.18,2554.79,2495.18,2554.79,12
01/25/2017,2554.79,2554.79,2495.18,2495.18,19
01/26/2017,2512.21,2554.79,2512.21,2554.79,15
01/30/2017,2554.79,2554.79,2503.7,2503.7,26
01/31/2017,2554.79,2554.79,2554.79,2554.79,1
02/01/2017,2554.79,2554.79,2554.79,2554.79,1
02/02/2017,2554.79,2554.79,2554.79,2554.79,12
02/03/2017,2593.11,2593.11,2593.11,2593.11,12
02/06/2017,2593.11,2593.11,2593.11,2593.11,20
02/07/2017,2593.11,2648.47,2593.11,2648.47,4
02/09/2017,2648.47,2648.47,2554.79,2554.79,2
02/14/2017,2661.24,2661.24,2661.24,2661.24,10
02/17/2017,2597.37,2661.24,2597.37,2661.24,24
02/21/2017,2618.66,2618.66,2576.08,2576.08,20
02/22/2017,2656.98,2656.98,2576.08,2576.08,3
02/23/2017,2576.08,2618.66,2571.83,2618.66,52
02/24/2017,2618.66,2618.66,2618.66,2618.66,2
02/27/2017,2618.66,2639.95,2554.79,2563.31,85
03/01/2017,2567.57,2567.57,2567.57,2567.57,10
03/02/2017,2567.57,2597.37,2567.57,2597.37,11
03/07/2017,2576.08,2576.08,2554.79,2576.08,74
03/10/2017,2554.79,2563.31,2554.79,2563.31,52
03/14/2017,2554.79,2554.79,2554.79,2554.79,4
03/15/2017,2597.37,2597.37,2597.37,2597.37,20
03/16/2017,2554.79,2554.79,2554.79,2554.79,1
03/17/2017,2576.08,2576.08,2576.08,2576.08,1
03/20/2017,2597.37,2597.37,2597.37,2597.37,1
03/21/2017,2576.08,2576.08,2576.08,2576.08,1
03/22/2017,2576.08,2576.08,2546.28,2546.28,5
03/23/2017,2554.79,2554.79,2533.5,2533.5,12
03/28/2017,2533.5,2533.5,2533.5,2533.5,7
03/29/2017,2597.37,2597.37,2533.5,2533.5,20
03/30/2017,2548.19,2548.19,2533.5,2533.5,4
04/03/2017,2554.79,2554.79,2554.79,2554.79,1
04/04/2017,2554.79,2554.79,2520.73,2520.73,14
04/12/2017,2533.5,2533.5,2533.5,2533.5,1
04/18/2017,2554.79,2554.79,2554.79,2554.79,1
04/19/2017,2576.08,2597.37,2576.08,2597.37,45
04/20/2017,2597.37,2597.37,2597.37,2597.37,2
04/21/2017,2576.08,2576.08,2576.08,2576.08,1
04/24/2017,2576.08,2576.08,2576.08,2576.08,5
04/25/2017,2563.31,2618.66,2563.31,2618.66,2
04/27/2017,2576.08,2576.08,2576.08,2576.08,2
04/28/2017,2563.31,2576.08,2563.31,2567.57,9
05/02/2017,2576.08,2631.44,2576.08,2631.44,21
05/03/2017,2597.37,2597.37,2597.37,2597.37,12
05/04/2017,2627.18,2767.69,2620.32,2767.69,79
05/05/2017,2767.69,2767.69,2661.24,2743.21,4
05/08/2017,2767.69,2767.69,2767.69,2767.69,10
05/09/2017,2703.82,2703.82,2703.82,2703.82,2
05/10/2017,2703.82,2703.82,2703.82,2703.82,5
05/16/2017,2725.11,2725.11,2725.11,2725.11,2
05/18/2017,2682.53,2682.53,2682.53,2682.53,3
05/19/2017,2703.82,2725.11,2703.82,2725.11,10
05/22/2017,2750.66,2750.66,2725.11,2725.11,2
05/23/2017,2746.4,2746.4,2725.11,2733.63,64
05/24/2017,2759.52,2759.52,2759.52,2759.52,10
05/30/2017,2767.69,2874.14,2767.69,2767.69,27
06/07/2017,2831.56,2831.56,2831.56,2831.56,11
06/08/2017,2788.98,2852.85,2788.98,2852.85,20
06/12/2017,2895.43,2895.43,2895.43,2895.43,1
06/13/2017,2852.85,2852.85,2852.85,2852.85,1
06/14/2017,2810.27,2810.27,2767.69,2767.69,11
06/16/2017,2810.27,2852.85,2810.27,2852.85,30
06/19/2017,2852.85,2852.85,2852.85,2852.85,1
06/20/2017,2835.82,2835.82,2835.82,2835.82,10
06/22/2017,2852.85,2852.85,2767.69,2767.69,12
06/23/2017,2823.05,2823.05,2823.05,2823.05,8
06/27/2017,2823.05,2874.14,2823.05,2857.11,126
06/28/2017,2874.14,2980.59,2874.14,2980.59,47
06/29/2017,12.348,12.348,12.348,12.348,1676
06/30/2017,12.527,12.706,12.527,12.706,8773
07/03/2017,12.348,12.348,12.348,12.348,1149
07/05/2017,12.348,12.348,12.348,12.348,226
07/06/2017,12.101,12.348,12.101,12.348,1701
07/07/2017,12.348,12.348,12.348,12.348,113
07/10/2017,12.348,12.348,12.348,12.348,2271
07/11/2017,12.313,12.507,12.313,12.507,1760
07/13/2017,12.348,12.348,12.348,12.348,168
07/14/2017,12.348,12.348,12.348,12.348,1119
07/17/2017,12.348,12.348,12.348,12.348,257
07/18/2017,12.348,12.348,12.348,12.348,57
07/21/2017,12.948,12.948,12.93,12.948,447
07/24/2017,13.636,13.759,13.636,13.671,2182
07/25/2017,12.348,12.348,12.348,12.348,63
07/26/2017,12.364,12.746,12.364,12.587,1101
07/27/2017,12.364,12.364,11.233,11.233,41558
07/28/2017,11.185,11.552,11.185,11.552,1937
08/02/2017,11.552,11.552,11.472,11.472,3264
08/03/2017,11.392,11.552,11.153,11.552,26300
08/09/2017,11.313,11.313,11.313,11.313,314
08/11/2017,11.953,11.953,11.953,11.953,4034
08/14/2017,11.953,11.953,11.953,11.953,1679
08/15/2017,11.869,11.886,11.869,11.886,1376
08/16/2017,11.953,11.953,11.953,11.953,1362
08/18/2017,11.63,11.63,11.63,11.63,859
08/30/2017,11.311,11.311,11.311,11.311,637
08/31/2017,11.311,11.311,11.311,11.311,127
09/05/2017,11.311,11.311,11.311,11.311,468
09/06/2017,11.311,11.311,11.311,11.311,232
09/08/2017,11.311,11.311,11.295,11.311,801
09/11/2017,11.39,11.39,11.311,11.311,522
09/12/2017,11.263,11.274,11.263,11.274,6039
09/13/2017,11.311,11.311,11.311,11.311,4413
09/14/2017,11.36,11.36,11.36,11.36,79
09/19/2017,11.344,11.424,11.344,11.36,812
09/20/2017,11.36,11.424,11.36,11.424,2202
09/22/2017,12.101,12.101,12.101,12.101,59
09/26/2017,12.168,12.185,12.168,12.185,3271
09/27/2017,11.854,11.854,11.854,11.854,601
09/28/2017,12.12,12.12,11.971,11.971,424
10/03/2017,11.971,11.971,11.887,11.971,1889
10/05/2017,12.101,12.101,12.101,12.101,1190
10/06/2017,12.185,12.269,12.185,12.269,778
10/10/2017,12.118,12.269,12.118,12.252,1480
10/11/2017,12.185,12.185,12.143,12.143,25346
10/13/2017,12.101,12.105,12.101,12.101,4000
10/16/2017,12.101,12.118,12.101,12.118,1904
10/17/2017,12.118,12.118,12.017,12.051,7449
10/18/2017,12.021,12.051,12.017,12.017,7697
10/19/2017,11.984,11.984,11.967,11.967,2853
10/20/2017,11.607,11.607,11.607,11.607,61
10/23/2017,11.607,11.607,11.607,11.607,924
10/24/2017,11.559,11.591,11.559,11.591,3793
10/25/2017,11.607,11.607,11.607,11.607,123
10/26/2017,11.604,11.604,11.604,11.604,61
10/27/2017,11.588,11.588,11.575,11.575,4301
10/30/2017,11.575,11.575,11.506,11.506,2515
10/31/2017,11.854,11.854,11.854,11.854,692
11/01/2017,12.101,12.101,12.101,12.101,354
11/03/2017,11.986,11.986,11.986,11.986,292
11/06/2017,12.101,12.118,12.101,12.118,2950
11/07/2017,11.874,11.874,11.874,11.874,3011
11/14/2017,11.827,11.874,11.827,11.857,9288
11/20/2017,11.874,11.874,11.874,11.874,477
11/28/2017,11.824,11.974,11.824,11.974,8452
11/30/2017,12.04,12.04,12.04,12.04,180
12/01/2017,11.891,11.891,11.874,11.874,842
12/04/2017,12.04,12.04,11.841,11.891,13489
12/05/2017,11.97,11.97,11.891,11.891,902
12/06/2017,11.974,12.04,11.974,12.037,752
12/07/2017,11.907,11.907,11.891,11.891,241
12/12/2017,11.891,11.965,11.891,11.965,18942
12/18/2017,12.057,12.057,11.907,12.057,2529
12/21/2017,12.891,12.891,12.891,12.891,1668
12/26/2017,12.625,12.625,12.625,12.625,143
01/03/2018,12.618,12.618,12.548,12.548,9783
01/04/2018,12.249,12.249,12.249,12.249,147
01/09/2018,12.249,12.249,12.249,12.249,71
01/10/2018,12.249,12.249,12.181,12.181,4400
01/11/2018,12.249,12.249,12.249,12.249,396
01/12/2018,12.165,12.249,12.165,12.249,385
01/17/2018,12.23,12.249,12.23,12.249,592
01/18/2018,12.165,12.249,12.165,12.249,26096
01/23/2018,12.182,12.182,12.165,12.165,3550
01/24/2018,12.097,12.097,12.08,12.08,6297
01/25/2018,12.114,12.165,12.08,12.08,1776
01/26/2018,12.131,12.165,12.131,12.165,4143
01/29/2018,12.165,12.249,12.131,12.249,1807
02/01/2018,12.249,12.249,12.249,12.249,58
02/02/2018,12.249,12.249,12.249,12.249,876
02/05/2018,12.249,12.249,12.249,12.249,416
02/07/2018,12.249,12.249,12.249,12.249,495
02/09/2018,12.249,12.249,12.198,12.198,12725
02/12/2018,12.198,12.198,12.198,12.198,146
02/13/2018,12.335,12.421,12.215,12.421,8474
02/14/2018,12.447,12.447,12.447,12.447,524
02/16/2018,12.447,12.506,12.447,12.447,1072
02/20/2018,12.447,12.447,12.193,12.193,1749
02/27/2018,12.447,12.533,12.189,12.189,1784
02/28/2018,12.447,12.447,12.447,12.447,59
03/02/2018,12.106,12.276,12.106,12.276,2405
03/05/2018,12.072,12.43,12.072,12.43,2585
03/07/2018,12.072,12.362,12.072,12.362,922
03/09/2018,12.407,12.407,12.407,12.407,116
03/12/2018,12.321,12.321,12.235,12.321,3874
03/15/2018,12.407,12.407,12.407,12.407,115
03/19/2018,12.407,12.407,12.407,12.407,3130
03/20/2018,12.46,12.565,12.407,12.407,5925
03/21/2018,12.407,12.407,12.407,12.407,288
03/23/2018,12.303,12.477,12.303,12.477,2471
03/26/2018,12.494,12.581,12.494,12.538,8301
03/29/2018,12.743,12.743,12.743,12.743,4267
04/02/2018,12.62,12.62,12.568,12.568,1021
04/03/2018,12.743,12.743,12.743,12.743,844
04/04/2018,12.743,12.743,12.743,12.743,1409
04/06/2018,12.842,12.842,12.842,12.842,3262
04/17/2018,12.846,12.96,12.846,12.933,28595
04/19/2018,13.089,13.089,13.089,13.089,309
04/20/2018,13.089,13.089,13.089,13.089,55
04/23/2018,12.869,12.941,12.869,12.941,616
04/25/2018,12.842,12.842,12.842,12.842,283
04/30/2018,12.793,12.793,12.793,12.793,85
05/07/2018,12.793,12.793,12.793,12.793,283
05/11/2018,12.793,12.793,12.793,12.793,5384
05/14/2018,12.694,12.694,12.694,12.694,767
05/15/2018,12.641,12.764,12.641,12.746,3997
05/17/2018,12.763,12.763,12.763,12.763,570
05/22/2018,12.763,12.763,12.763,12.763,1643
05/23/2018,12.816,12.816,12.763,12.763,1809
05/24/2018,12.763,12.816,12.763,12.816,2873
05/25/2018,12.763,12.816,12.763,12.816,5476
05/29/2018,12.763,12.763,12.763,12.763,57
05/30/2018,13.336,13.336,13.336,13.336,435
06/01/2018,13.318,13.373,13.281,13.373,1087
06/04/2018,13.281,13.373,13.281,13.373,4334
06/05/2018,13.303,13.336,13.299,13.336,905
06/06/2018,13.336,13.336,13.336,13.336,163
06/07/2018,13.373,13.41,13.373,13.41,623
06/08/2018,13.373,13.428,13.373,13.428,3258
06/11/2018,13.465,13.52,13.391,13.428,8832
06/12/2018,13.428,13.483,13.428,13.483,1413
06/13/2018,13.575,13.649,13.575,13.649,271
06/14/2018,13.649,13.796,13.649,13.796,1305
06/15/2018,13.796,13.888,13.796,13.888,1058
06/18/2018,13.763,14.09,13.763,14.09,324
06/20/2018,13.976,13.98,13.976,13.98,437
06/28/2018,12.941,12.941,12.941,12.941,59
07/05/2018,12.737,12.737,12.702,12.702,1534
07/10/2018,12.737,12.737,12.685,12.685,3639
07/11/2018,12.771,12.771,12.685,12.685,428
07/12/2018,12.941,12.941,12.941,12.941,317
07/13/2018,12.941,12.941,12.941,12.941,144
07/16/2018,12.941,12.941,12.941,12.941,144
07/17/2018,12.941,12.941,12.941,12.941,87
07/18/2018,12.941,12.941,12.941,12.941,2857
07/19/2018,12.941,12.941,12.941,12.941,105
07/20/2018,12.889,12.941,12.889,12.906,2282
07/23/2018,12.906,13.217,12.906,13.217,869
07/24/2018,12.941,12.941,12.941,12.941,922
07/26/2018,12.842,12.842,12.842,12.842,60
07/30/2018,12.842,12.842,12.842,12.842,2445
08/03/2018,12.694,12.694,12.694,12.694,595
08/06/2018,12.694,12.694,12.694,12.694,654
08/08/2018,12.694,12.694,12.694,12.694,357
08/09/2018,12.694,12.694,12.694,12.694,1484
08/13/2018,12.694,12.694,12.694,12.694,416
08/14/2018,12.694,12.728,12.694,12.728,238
08/20/2018,12.728,12.728,12.694,12.728,1164
08/22/2018,13.04,13.04,13.04,13.04,116
08/23/2018,13.04,13.04,13.04,13.04,695
08/24/2018,13.04,13.04,13.04,13.04,3242
08/27/2018,13.04,13.04,13.04,13.04,174
08/28/2018,13.04,13.074,13.04,13.074,925
08/29/2018,13.04,13.126,13.04,13.057,6340
08/30/2018,13.138,13.138,13.138,13.138,115
08/31/2018,13.382,13.382,13.208,13.208,2935
09/04/2018,13.583,13.583,13.583,13.583,112
09/05/2018,14.011,14.279,13.744,14.011,1904
09/06/2018,13.583,13.583,13.583,13.583,58
09/07/2018,13.583,13.583,13.583,13.583,1214
09/10/2018,13.583,13.583,13.583,13.583,261
09/11/2018,13.583,13.583,13.583,13.583,1780
09/12/2018,13.757,13.844,13.714,13.844,5142
09/13/2018,13.618,13.618,13.583,13.583,4819
09/14/2018,13.583,13.583,13.583,13.583,1171
09/17/2018,13.412,13.412,13.344,13.412,586
09/19/2018,13.498,13.668,13.498,13.668,707
09/20/2018,13.089,13.089,13.089,13.089,934
09/26/2018,13.089,13.089,12.607,12.607,11878
09/27/2018,13.201,13.201,13.185,13.185,162
10/02/2018,13.089,13.089,13.089,13.089,684
10/03/2018,13.089,13.089,13.057,13.057,458
10/04/2018,12.842,12.842,12.842,12.842,93
10/05/2018,12.842,12.842,12.826,12.826,2761
10/10/2018,12.891,12.891,12.891,12.891,93
10/11/2018,12.843,12.891,12.699,12.699,904
10/15/2018,12.891,12.891,12.891,12.891,245
10/17/2018,12.728,12.81,12.728,12.81,919
10/18/2018,13.089,13.089,13.089,13.089,62
10/19/2018,13.089,13.089,13.089,13.089,60
10/23/2018,13.089,13.089,13.089,13.089,3320
10/24/2018,13.056,13.089,13.056,13.056,5673
10/25/2018,12.941,12.941,12.941,12.941,60
10/29/2018,13.059,13.059,13.059,13.059,3139
10/30/2018,13.042,13.042,12.922,12.922,4702
11/01/2018,13.162,13.197,13.042,13.197,7109
11/05/2018,12.99,12.99,12.99,12.99,77
11/06/2018,12.867,13.056,12.744,13.056,1981
11/07/2018,12.941,12.941,12.908,12.908,833
11/13/2018,12.99,12.99,12.99,12.99,765
11/14/2018,12.99,12.99,12.99,12.99,2334
11/15/2018,12.99,12.99,12.99,12.99,3771
11/28/2018,12.99,12.99,12.924,12.924,2007
11/29/2018,13.316,13.316,13.316,13.316,121
11/30/2018,13.316,13.452,13.282,13.452,7416
12/04/2018,13.504,13.504,13.487,13.487,118
12/06/2018,13.487,13.487,13.282,13.282,14513
12/07/2018,13.188,13.188,13.188,13.188,334
12/10/2018,13.188,13.188,13.188,13.188,591
12/13/2018,13.534,13.534,13.534,13.534,115
12/14/2018,13.724,13.724,13.534,13.534,12222
12/17/2018,13.62,13.707,13.62,13.62,6020
12/19/2018,13.534,13.534,13.534,13.534,57
12/20/2018,13.499,13.499,13.167,13.167,1756
12/21/2018,13.149,13.149,13.01,13.01,2544
12/24/2018,12.8,12.8,12.573,12.573,401
12/26/2018,12.573,12.573,12.224,12.573,630
12/27/2018,12.241,12.573,12.241,12.573,235
12/31/2018,11.874,11.874,11.874,11.874,146
01/08/2019,11.607,11.607,11.607,11.607,182
01/11/2019,11.607,11.607,11.607,11.607,2847
01/22/2019,11.527,11.527,11.447,11.447,4028
01/23/2019,12.022,12.022,12.022,12.022,297
01/24/2019,12.005,12.005,12.005,12.005,654
01/25/2019,12.005,12.022,12.005,12.022,1725
01/28/2019,12.106,12.157,12.106,12.157,594
01/29/2019,12.157,12.157,12.022,12.022,887
01/31/2019,12.106,12.106,11.972,11.972,2736
02/04/2019,12.106,12.106,12.022,12.106,8769
02/08/2019,12.039,12.039,12.022,12.039,237
02/11/2019,12.052,12.052,12.052,12.052,465
02/12/2019,12.136,12.136,12.052,12.052,2809
02/13/2019,12.001,12.001,11.968,11.968,31010
02/14/2019,12.101,12.101,12.101,12.101,700
02/15/2019,12.272,12.357,12.272,12.357,2053
02/19/2019,12.357,12.357,12.357,12.357,2712
02/21/2019,12.323,12.357,12.323,12.353,3505
02/22/2019,12.357,12.442,12.357,12.357,5985
02/25/2019,11.854,11.854,11.854,11.854,668
02/26/2019,11.772,11.854,11.772,11.854,1327
02/27/2019,11.854,11.937,11.854,11.937,946
03/04/2019,11.854,11.854,11.854,11.854,896
03/06/2019,11.854,11.854,11.854,11.854,955
03/07/2019,12.052,12.052,12.052,12.052,238
03/08/2019,12.052,12.052,12.052,12.052,1390
03/11/2019,12.22,12.22,11.799,11.799,9409
03/12/2019,12.204,12.22,12.102,12.102,9338
03/15/2019,12.456,12.473,12.456,12.473,1839
03/18/2019,12.328,12.328,12.328,12.328,588
03/19/2019,12.158,12.243,12.158,12.243,647
03/20/2019,12.243,12.583,12.243,12.583,466
03/21/2019,12.583,12.583,12.243,12.243,207
03/22/2019,12.243,12.243,12.039,12.039,294
03/25/2019,12.175,12.184,12.073,12.073,2577
03/26/2019,12.328,12.328,12.328,12.328,242
03/27/2019,12.348,12.348,12.348,12.348,2091
04/01/2019,12.383,12.383,12.366,12.366,1460
04/02/2019,12.654,12.654,12.654,12.654,57
04/03/2019,12.654,12.672,12.531,12.531,228
04/04/2019,12.654,12.654,12.654,12.654,97
04/05/2019,12.601,12.601,12.584,12.584,3620
04/08/2019,12.601,12.601,12.601,12.601,1242
04/11/2019,12.654,12.654,12.654,12.654,170
04/12/2019,12.654,12.654,12.654,12.654,301
04/15/2019,12.654,12.654,12.654,12.654,226
04/16/2019,12.654,12.672,12.654,12.672,1045
04/17/2019,12.725,12.743,12.725,12.743,476
04/22/2019,12.902,12.902,12.761,12.761,1583
04/23/2019,12.743,13.185,12.743,13.185,235
04/25/2019,13.097,13.097,13.097,13.097,113
04/29/2019,13.097,13.097,13.097,13.097,57
05/02/2019,12.867,12.867,12.867,12.867,1865
05/03/2019,13.097,13.185,13.097,13.097,7628
05/07/2019,12.022,12.022,12.022,12.022,1594
05/08/2019,12.022,12.022,12.022,12.022,149
05/09/2019,12.022,12.022,12.022,12.022,526
05/10/2019,12.022,12.022,12.022,12.022,426
05/13/2019,12.022,12.022,12.022,12.022,106
05/15/2019,12.022,12.022,12.022,12.022,62
05/17/2019,12.595,12.595,12.595,12.595,876
05/21/2019,12.835,12.835,12.595,12.595,387
05/23/2019,12.612,12.612,12.595,12.595,1117
05/28/2019,12.595,12.595,12.424,12.595,2267
05/30/2019,12.595,12.595,12.595,12.595,175
06/04/2019,12.595,12.595,12.595,12.595,584
06/06/2019,12.938,12.938,12.595,12.595,502
06/07/2019,12.595,12.595,12.595,12.595,425
06/10/2019,12.348,12.677,12.085,12.677,12185
06/12/2019,12.595,12.595,12.595,12.595,62
06/13/2019,12.595,12.595,12.595,12.595,588
06/14/2019,12.595,12.595,12.595,12.595,122
06/17/2019,12.595,12.595,12.595,12.595,355
06/18/2019,12.849,12.849,12.544,12.544,8215
06/20/2019,12.544,12.68,12.426,12.68,4832
06/25/2019,12.615,12.615,12.615,12.615,970
06/27/2019,12.632,12.817,12.632,12.817,1326
07/01/2019,12.714,12.714,12.714,12.714,658
07/02/2019,12.714,12.714,12.563,12.563,1133
07/03/2019,12.714,12.714,12.714,12.714,91
07/08/2019,12.58,12.58,12.58,12.58,5676
07/09/2019,12.714,12.714,12.714,12.714,297
07/11/2019,12.68,12.68,12.629,12.629,659
07/12/2019,12.714,12.714,12.714,12.714,297
07/15/2019,12.714,12.714,12.68,12.68,3374
07/16/2019,12.714,12.714,12.714,12.714,4751
07/17/2019,12.763,12.763,12.763,12.763,590
07/18/2019,12.763,12.763,12.763,12.763,1497
07/19/2019,12.763,12.797,12.763,12.797,1754
07/23/2019,12.797,12.797,12.763,12.763,295
07/24/2019,12.842,12.842,12.842,12.842,939
07/26/2019,12.893,12.961,12.859,12.859,4690
07/29/2019,12.941,12.941,12.941,12.941,2265
07/30/2019,12.941,12.941,12.941,12.941,1515
08/02/2019,12.941,12.941,12.941,12.941,1167
08/05/2019,12.941,12.941,12.941,12.941,812
08/06/2019,12.862,12.862,12.862,12.862,117
08/07/2019,12.862,12.862,12.862,12.862,751
08/12/2019,12.862,12.862,12.845,12.845,813
08/13/2019,12.615,12.615,12.615,12.615,143
08/15/2019,12.615,12.615,12.598,12.598,358
08/16/2019,12.598,12.598,12.581,12.581,298
08/20/2019,12.615,12.615,12.615,12.615,1423
08/21/2019,12.447,12.447,12.447,12.447,601
08/26/2019,12.506,12.506,12.506,12.506,597
08/27/2019,12.489,12.489,12.473,12.473,716
09/03/2019,12.473,12.473,12.423,12.423,1374
09/04/2019,12.205,12.205,12.121,12.155,2232
09/05/2019,12.138,12.155,12.054,12.054,5539
09/06/2019,12.138,12.138,12.054,12.071,2985
09/09/2019,12.457,12.457,12.457,12.457,58
09/10/2019,12.457,12.457,12.457,12.457,1156
09/11/2019,12.405,12.422,12.388,12.422,1272
09/12/2019,12.422,12.422,12.405,12.405,1156
09/13/2019,12.405,12.405,12.405,12.405,1156
09/16/2019,12.111,12.111,12.111,12.111,2658
09/17/2019,12.111,12.111,12.111,12.111,1147
09/18/2019,12.111,12.111,12.06,12.06,1776
09/19/2019,12.077,12.094,12.077,12.077,3670
09/20/2019,12.094,12.331,12.094,12.331,414
09/23/2019,12.348,12.348,12.348,12.348,59
09/25/2019,12.335,12.348,12.335,12.348,1330
10/04/2019,12.433,12.433,12.382,12.382,1361
10/07/2019,12.2,12.2,12.2,12.2,497
10/10/2019,12.2,12.2,12.2,12.2,118
10/15/2019,12.2,12.2,12.2,12.2,165
10/16/2019,12.2,12.2,12.2,12.2,452
10/17/2019,12.2,12.2,12.183,12.2,3164
10/22/2019,12.134,12.183,12.134,12.183,1743
10/25/2019,12.348,12.348,12.348,12.348,707
10/30/2019,12.348,12.348,12.348,12.348,119
10/31/2019,12.348,12.365,12.348,12.365,1036
11/01/2019,12.298,12.348,12.298,12.348,714
11/04/2019,12.315,12.348,12.315,12.348,1300
11/05/2019,12.348,12.348,12.298,12.298,2788
11/06/2019,12.415,12.449,12.415,12.449,7916
11/11/2019,12.595,12.595,12.595,12.595,591
11/12/2019,12.595,12.595,12.595,12.595,470
11/13/2019,12.638,12.638,12.638,12.638,590
11/15/2019,12.638,12.638,12.638,12.638,1474
11/18/2019,12.722,12.875,12.722,12.875,1769
11/19/2019,12.875,12.875,12.722,12.722,1371
11/20/2019,12.807,12.807,12.722,12.739,13538
11/21/2019,12.739,12.807,12.739,12.807,708
11/22/2019,12.977,12.977,12.977,12.977,295
11/25/2019,12.977,13.147,12.977,13.147,10287
11/26/2019,13.316,13.401,13.316,13.401,4968
11/29/2019,13.231,13.486,13.197,13.486,15195
12/02/2019,13.401,13.995,13.384,13.995,5201
12/04/2019,13.91,13.91,13.588,13.603,594
12/06/2019,13.978,13.995,13.978,13.995,295
12/09/2019,13.147,13.74,13.147,13.74,8601
12/10/2019,13.622,13.622,13.622,13.622,363
12/11/2019,13.638,13.638,13.638,13.638,59
12/12/2019,13.571,13.825,13.571,13.571,5892
12/13/2019,13.808,13.808,13.571,13.571,673
12/16/2019,13.655,13.825,13.655,13.825,10907
12/17/2019,13.588,13.588,13.588,13.588,731
12/18/2019,13.825,13.825,13.825,13.825,2357
12/19/2019,13.825,13.825,13.571,13.74,6487
12/20/2019,13.571,13.698,13.571,13.655,6214
12/23/2019,13.588,13.588,13.588,13.588,59
12/24/2019,13.588,13.588,13.588,13.588,118
12/26/2019,13.74,13.74,13.588,13.588,356
12/30/2019,13.74,13.74,13.605,13.605,2864
12/31/2019,13.74,13.74,13.719,13.74,5499
01/03/2020,13.655,13.655,13.655,13.655,535
01/07/2020,13.605,13.74,13.605,13.74,6409
01/13/2020,13.486,13.486,13.486,13.486,2410
01/14/2020,13.605,13.605,13.486,13.486,3645
01/15/2020,13.486,13.486,13.486,13.486,2959
01/16/2020,13.74,13.774,13.74,13.757,1031
01/17/2020,13.74,13.74,13.74,13.74,354
01/21/2020,13.74,13.74,13.74,13.74,59
01/22/2020,13.74,13.74,13.74,13.74,1769
01/23/2020,13.74,13.74,13.571,13.571,2783
01/24/2020,3047.9,3047.9,3047.9,3047.9,1
01/27/2020,3044.1,3044.1,3006.05,3006.05,29
01/28/2020,3044.1,3044.1,3025.07,3025.07,12
01/29/2020,3047.9,3047.9,3047.9,3047.9,10
01/31/2020,3047.9,3074.74,3047.9,3074.74,32
02/03/2020,3009.57,3067.07,2998.06,3067.07,17
02/04/2020,3086.24,3086.24,3067.07,3086.24,21
02/05/2020,3086.24,3105.41,3086.24,3105.41,35
02/06/2020,3109.25,3113.08,3101.58,3109.25,65
02/07/2020,3109.25,3109.25,3067.07,3105.41,33
02/10/2020,3047.9,3047.9,3047.9,3047.9,3
02/11/2020,3047.9,3047.9,3047.9,3047.9,10
02/12/2020,3047.9,3047.9,3047.9,3047.9,7
02/13/2020,3047.9,3047.9,3047.9,3047.9,10
02/14/2020,3055.38,3055.38,2995.55,3025.47,23
02/18/2020,3025.47,3029.21,3025.47,3029.21,3
02/19/2020,8.029,8.029,8.029,8.029,4035
02/20/2020,7.93,7.93,7.93,7.93,20178
02/21/2020,8.029,8.029,8.029,8.029,505
02/24/2020,7.979,7.979,7.979,7.979,101
02/27/2020,7.9,7.93,7.751,7.93,1615
02/28/2020,7.751,7.88,7.434,7.781,15955
03/02/2020,7.781,7.781,7.781,7.781,3027
03/03/2020,7.692,7.781,7.692,7.781,2118
03/04/2020,7.553,7.672,7.553,7.672,45847
03/06/2020,7.632,7.632,7.632,7.632,10089
03/09/2020,7.434,7.434,6.9383,7.186,7467
03/10/2020,6.9383,7.335,6.9383,7.137,82182
03/11/2020,7.087,7.087,7.008,7.008,4864
03/12/2020,6.8888,6.8888,6.8888,6.8888,173
03/13/2020,6.9383,6.9383,6.9383,6.9383,1413
03/16/2020,6.8888,6.8888,6.8392,6.8392,202
03/17/2020,6.3436,6.8392,5.9471,6.8392,3985
03/18/2020,6.1949,6.1949,4.9559,5.9471,3027
03/19/2020,4.9559,5.7687,4.9559,5.7687,6509
03/20/2020,5.4515,5.4515,5.4515,5.4515,2303
03/23/2020,5.4069,5.4912,5.2184,5.4069,1226
03/24/2020,5.402,5.6498,5.402,5.6498,1968
03/25/2020,5.5507,5.5507,5.511,5.511,1442
03/26/2020,5.6498,5.7588,5.6498,5.7489,7164
03/30/2020,5.7738,5.7738,5.7738,5.7738,3014
03/31/2020,5.7638,5.7638,5.3756,5.7638,3817
04/01/2020,5.5249,5.5249,5.5249,5.5249,603
04/02/2020,5.4751,5.4751,5.4751,5.4751,2481
04/03/2020,5.4751,5.4751,5.4751,5.4751,201
04/06/2020,5.4254,5.4751,5.3855,5.4751,903
04/07/2020,5.5647,5.5747,5.5647,5.5747,200
04/08/2020,5.6643,5.6643,5.4751,5.4751,2834
04/09/2020,3061.1,3061.1,3061.1,3061.1,10
04/14/2020,3069.2,3104.29,3069.2,3088.09,40
04/16/2020,3034.1,3071.9,2807.36,3071.9,76
04/17/2020,2969.32,3050.3,2969.32,3050.3,18
04/20/2020,3152.88,3152.88,2969.32,2969.32,12
04/21/2020,3061.1,3061.1,3061.1,3061.1,2
04/23/2020,3111.19,3200.24,3111.19,3111.19,32
04/27/2020,3061.1,3061.1,3061.1,3061.1,10
04/29/2020,3148.72,3198,3148.72,3198,76
04/30/2020,3039.19,3039.19,3039.19,3039.19,22
05/01/2020,3148.72,3148.72,3148.72,3148.72,2
05/05/2020,3145.98,3471.8,3145.98,3471.8,547
05/06/2020,3504.66,3751.08,3504.66,3586.8,683
05/07/2020,3655.25,3751.08,3570.37,3586.8,231
05/08/2020,3668.94,3740.13,3657.99,3663.46,67
05/11/2020,3751.08,3860.6,3614.18,3614.18,734
05/12/2020,3740.13,3740.13,3614.18,3690.84,108
05/13/2020,3729.17,3729.17,3548.46,3614.18,615
05/14/2020,3614.18,3614.18,3534.77,3592.27,319
05/15/2020,3608.7,3608.7,3510.13,3515.61,313
05/18/2020,3586.8,3614.18,3515.66,3586.8,238
05/19/2020,3586.8,3614.18,3559.42,3614.18,610
05/20/2020,3614.18,3833.22,3570.37,3614.18,377
05/21/2020,3778.46,3778.46,3772.98,3772.98,42
05/22/2020,3778.46,3833.22,3586.8,3833.22,600
05/26/2020,3833.22,3882.5,3610.89,3794.89,456
05/27/2020,3833.22,3845.54,3723.7,3805.84,149
05/28/2020,3800.36,3805.84,3794.89,3794.89,13
05/29/2020,3792.15,3833.22,3647.03,3833.22,794
06/01/2020,3778.46,3887.98,3778.46,3833.22,191
06/02/2020,3841.43,3937.26,3841.43,3933.16,242
06/03/2020,3970.12,3970.12,3772.98,3937.26,146
06/04/2020,3931.79,3970.12,3926.31,3942.74,620
06/05/2020,3877.03,3942.74,3844.17,3942.74,344
06/08/2020,3942.74,4101.54,3912.62,4101.54,866
06/09/2020,4096.07,4107.02,3931.79,4101.54,484
06/10/2020,4107.02,4107.02,4024.88,4046.78,832
06/11/2020,3997.5,3997.5,3811.31,3942.74,257
06/12/2020,3931.79,3997.5,3890.72,3959.17,500
06/15/2020,3904.41,4096.07,3866.07,4041.31,1043
06/16/2020,4046.78,4046.78,3860.65,4041.31,463
06/17/2020,3970.12,4052.26,3940,4046.78,931
06/18/2020,4052.26,4101.54,4000.24,4096.07,1456
06/19/2020,4074.16,4161.78,3835.96,4150.83,1852
06/22/2020,3898.93,4090.59,3838.69,3937.26,427
06/23/2020,3915.36,4161.78,3915.36,4074.16,1270
06/24/2020,4096.07,4096.07,3926.31,3992.02,411
06/25/2020,4013.93,4013.93,3827.74,3904.41,696
06/26/2020,3893.45,3959.17,3417.04,3548.46,2640
06/29/2020,3521.08,3614.18,3427.99,3537.51,586
06/30/2020,3542.99,3586.8,3378.71,3575.85,244
07/01/2020,3581.32,3718.22,3482.75,3575.85,350
07/02/2020,3570.37,3614.18,3455.37,3614.18,161
07/06/2020,3619.65,3625.13,3455.37,3586.8,165
07/07/2020,3499.18,3619.65,3455.37,3455.37,121
07/08/2020,3427.99,3564.89,3400.61,3564.89,169
07/09/2020,3477.28,3477.28,3011.81,3208.95,425
07/10/2020,3340.38,3340.38,3258.24,3296.57,93
07/13/2020,3302.04,3411.56,3225.38,3236.33,45
07/14/2020,3389.66,3389.66,3280.14,3351.33,23
07/15/2020,3411.56,3740.13,3208.95,3395.14,227
07/16/2020,3417.04,3553.94,3340.38,3340.38,27
07/17/2020,3384.18,3471.8,3384.18,3471.8,35
07/20/2020,3471.8,3499.18,3378.71,3378.71,11
07/21/2020,3373.23,3444.42,3181.57,3236.33,338
07/22/2020,3378.71,3438.94,3258.24,3340.38,138
07/23/2020,3378.71,3422.52,3181.57,3411.56,196
07/24/2020,3384.18,3386.92,3198,3198,149
07/27/2020,3181.57,3389.66,3181.57,3384.18,22
07/28/2020,3329.42,3345.85,3181.57,3258.24,67
07/29/2020,3236.33,3389.66,3236.33,3389.66,115
07/30/2020,3389.66,3389.66,3247.28,3296.57,92
07/31/2020,3313,3334.9,3181.57,3181.57,48
08/03/2020,3192.52,3313,3192.52,3313,53
08/04/2020,3063.02,3329.42,3062.47,3159.67,70
08/05/2020,3077.53,3307.52,3066.57,3307.52,432
08/06/2020,3274.66,3313,3274.66,3313,61
08/07/2020,3400.61,3417.04,3378.71,3378.71,83
08/10/2020,3422.52,3438.89,3318.47,3334.9,73
08/11/2020,3375.97,3438.94,3367.76,3438.94,103
08/12/2020,3455.37,3455.37,3165.14,3291.09,361
08/13/2020,3444.42,3444.42,3198,3367.76,30
08/14/2020,3406.09,3751.08,3406.09,3647.03,37
08/17/2020,3061.1,3061.1,3061.1,3061.1,1
08/18/2020,3166,3166,2875.14,2951.43,41
08/19/2020,6.61,6.61,6.5204,6.61,5097
08/20/2020,6.3611,6.3611,6.0824,6.2616,2683
08/21/2020,6.0724,6.9186,6.0724,6.4607,28683
08/24/2020,6.3711,6.3711,6.0724,6.0724,2423
08/25/2020,6.2018,6.2018,6.1222,6.1222,7192
08/26/2020,5.9331,6.0625,5.9231,6.0625,6570
08/27/2020,5.9729,5.9729,5.6245,5.6245,7364
08/28/2020,5.6444,5.8534,5.6344,5.6543,3037
08/31/2020,5.5349,5.6742,5.4751,5.4751,8803
09/01/2020,5.5834,5.724,5.5834,5.6738,4543
09/02/2020,5.6644,5.724,5.6644,5.6743,3356
09/03/2020,5.724,5.724,5.5747,5.5747,13445
09/04/2020,5.7141,5.724,5.5249,5.6344,4897
09/08/2020,5.734,5.9231,5.724,5.7439,3431
09/09/2020,5.7439,5.7638,5.724,5.7638,8268
09/10/2020,5.724,5.724,5.724,5.724,2122
09/11/2020,5.724,5.724,5.724,5.724,3362
09/14/2020,5.724,5.7738,5.4751,5.5349,14709
09/15/2020,5.8435,5.8435,5.8435,5.8435,1264
09/16/2020,5.5747,5.943,5.5747,5.9331,3716
09/17/2020,5.9231,5.9231,5.9231,5.9231,1320
09/18/2020,5.9729,5.9729,5.724,5.9729,48257
09/21/2020,6.0625,6.0625,5.535,5.5846,8196
09/22/2020,5.6543,5.9629,5.5398,5.953,5008
09/23/2020,5.7638,5.7638,5.4801,5.5349,7649
09/24/2020,5.5946,5.8634,5.5946,5.5946,2233
09/25/2020,5.48,5.73,5.25,5.28,13360
09/28/2020,5.48,5.9,5.25,5.78,4929
09/29/2020,5.54,5.6,5.51,5.6,1308
09/30/2020,5.5,5.63,5.5,5.61,4986
10/01/2020,5.7,5.7,5.1,5.26,28109
10/02/2020,5.7,5.7,5.28,5.35,7705
10/05/2020,5.37,5.84,5.05,5.095,15961
10/06/2020,5.33,5.5999,5.1,5.2,6867
10/07/2020,5.28,5.6,5.08,5.35,23841
10/08/2020,5.36,5.54,5.1,5.33,27072
10/09/2020,5.25,5.25,5.175,5.25,19678
10/12/2020,5.54,5.55,5.42,5.54,5766
10/13/2020,5.2482,5.29,5.2482,5.25,6551
10/14/2020,5.56,5.56,5.06,5.08,12333
10/15/2020,5.28,5.55,5.28,5.28,4985
10/16/2020,5.24,5.55,5.24,5.3,5513
10/19/2020,5.28,5.5,4.97,5.15,12023
10/20/2020,5.1335,5.25,5.01,5.2,10790
10/21/2020,5.39,5.4,5.39,5.4,2574
10/22/2020,5.49,5.49,5.44,5.49,4711
10/23/2020,5.11,5.49,5.11,5.3,3350
10/26/2020,5.255,5.46,5.13,5.23,2646
10/27/2020,5.35,5.35,5.21,5.21,2229
10/28/2020,5.345,5.345,5.11,5.185,4858
10/29/2020,5.25,5.25,5.21,5.21,4113
10/30/2020,5.15,5.29,5.01,5.27,6323
11/02/2020,5.04,5.34,5.04,5.34,11386
11/03/2020,5.31,5.35,5.16,5.33,12167
11/04/2020,5.02,5.345,5.02,5.32,1907
11/05/2020,5.1701,5.29,5.02,5.29,16136
11/06/2020,5.02,5.02,5.02,5.02,3229
11/09/2020,5.2,5.35,5.1,5.1,19856
11/10/2020,5.29,5.5,5.29,5.36,44994
11/11/2020,5.28,5.45,5.28,5.4,7601
11/12/2020,5.35,5.49,5.35,5.35,11653
11/13/2020,5.37,5.41,5.35,5.405,20019
11/16/2020,5.49,5.62,5.49,5.55,21319
11/17/2020,5.42,5.825,5.42,5.655,37020
11/18/2020,5.75,5.79,5.5,5.5,14020
11/19/2020,5.625,5.83,5.55,5.83,19343
11/20/2020,5.81,5.98,5.79,5.98,20481
11/23/2020,5.96,6.06,5.93,6,13914
11/24/2020,6.01,6.49,6.01,6.49,21364
11/25/2020,6.32,6.4,6.32,6.39,2591
11/27/2020,6.35,6.5,6.32,6.5,4743
11/30/2020,6.51,6.57,6.4,6.4,14428
12/01/2020,6.46,6.75,6.34,6.34,12747
12/02/2020,6.53,6.69,6.44,6.66,6429
12/03/2020,6.5099,6.65,6.15,6.24,22630
12/04/2020,6.25,6.45,6.1,6.45,24018
12/07/2020,6.36,6.65,6.29,6.51,16654
12/08/2020,6.525,6.525,6.35,6.5,15039
12/09/2020,6.55,6.58,6.405,6.52,27735
12/10/2020,6.57,6.58,6.49,6.58,12568
12/11/2020,6.5875,6.64,6.5875,6.64,2606
12/14/2020,6.6531,6.6531,6.54,6.54,16473
12/15/2020,6.55,6.73,6.46,6.46,18653
12/16/2020,6.6,6.69,6.55,6.65,13383
12/17/2020,6.51,6.68,6.5,6.68,10915
12/18/2020,6.68,7.24,6.53,6.65,109553
12/21/2020,6.9,6.9,6.65,6.8,6784
12/22/2020,6.8,6.8,6.65,6.65,5073
12/23/2020,6.61,6.79,6.52,6.55,16546
12/24/2020,6.5,6.59,6.5,6.55,2176
12/28/2020,6.55,6.6,6.46,6.46,8491
12/29/2020,6.63,6.63,6.33,6.58,19976
12/30/2020,6.44,6.51,6.41,6.49,9966
12/31/2020,6.49,6.54,6.47,6.54,13980
