10/03/2013,1,1,0.9215,0.931,700
10/04/2013,0.75,0.77,0.25,0.29,137100
10/07/2013,0.319,0.329,0.319,0.32,3000
10/08/2013,0.31,0.3201,0.31,0.3201,6200
10/11/2013,0.34,0.6,0.34,0.4,5000
10/14/2013,0.5,0.5,0.32,0.44,14000
10/15/2013,0.45,0.45,0.32,0.32,13200
10/17/2013,0.33,0.35,0.33,0.34,4800
10/18/2013,0.3399,0.59,0.3399,0.3998,28700
10/21/2013,0.4,0.4,0.39,0.39,60100
10/22/2013,0.32,0.37,0.32,0.3501,1400
10/23/2013,0.3501,0.36,0.3501,0.36,6400
10/24/2013,0.3599,0.4,0.3599,0.4,57600
10/25/2013,0.4,0.4,0.33,0.4,6300
10/28/2013,0.32,0.32,0.32,0.32,600
10/31/2013,0.33,0.33,0.33,0.33,20000
11/01/2013,0.4,0.4,0.375,0.375,6400
11/06/2013,0.32,0.35,0.32,0.35,4500
11/07/2013,0.4,0.4,0.4,0.4,500
11/12/2013,0.4,0.4,0.4,0.4,500
11/18/2013,0.375,0.385,0.35,0.37,76400
11/19/2013,0.36,0.36,0.36,0.36,4000
11/20/2013,0.36,0.36,0.36,0.36,34400
11/22/2013,0.32,0.3694,0.32,0.3568,5500
11/25/2013,0.35,0.35,0.35,0.35,10200
11/26/2013,0.35,0.35,0.35,0.35,10000
12/02/2013,0.3599,0.38,0.3599,0.36,133800
12/06/2013,0.36,0.36,0.36,0.36,31400
12/09/2013,0.37,0.37,0.3654,0.3654,20600
12/13/2013,0.375,0.375,0.37,0.37,10500
12/17/2013,0.37,0.37,0.37,0.37,1000
12/24/2013,0.3501,0.3501,0.35,0.35,7000
12/30/2013,0.35,0.38,0.35,0.38,9300
12/31/2013,0.3501,0.36,0.3501,0.36,33848
01/03/2014,0.36,0.37,0.36,0.36,170000
01/06/2014,0.36,0.37,0.36,0.37,6100
01/09/2014,0.3,0.3,0.25,0.28,12100
01/14/2014,0.27,0.367,0.04,0.22,212100
01/15/2014,0.339,0.339,0.22,0.22,15150
01/16/2014,0.23,0.23,0.22,0.22,1200
01/17/2014,0.3,0.3,0.27,0.27,15550
01/21/2014,0.288,0.35,0.27,0.29,14000
01/22/2014,0.27,0.33,0.27,0.33,2600
01/23/2014,0.33,0.33,0.329,0.329,2400
01/27/2014,0.33,0.33,0.22,0.22,3100
01/29/2014,0.25,0.25,0.25,0.25,600
01/30/2014,0.33,0.33,0.33,0.33,1300
02/03/2014,0.25,0.2595,0.25,0.25,2000
02/06/2014,0.33,0.33,0.25,0.2514,1300
02/11/2014,0.25,0.25,0.25,0.25,1000
02/12/2014,0.28,0.28,0.28,0.28,900
02/14/2014,0.271,0.271,0.271,0.271,116
02/18/2014,0.25,0.25,0.25,0.25,116
02/19/2014,0.3,0.37,0.3,0.3,39657
02/20/2014,0.455,0.455,0.3489,0.35,4000
02/21/2014,0.35,0.35,0.35,0.35,200
02/24/2014,0.27,0.3212,0.27,0.3212,1160
02/25/2014,0.34,0.37,0.34,0.35,23200
02/26/2014,0.34,0.39,0.33,0.34,118715
02/27/2014,0.32,0.32,0.32,0.32,715
02/28/2014,0.3485,0.37,0.3485,0.3696,1700
03/03/2014,0.375,0.375,0.36,0.36,5280
03/04/2014,0.36,0.36,0.35,0.35,110292
03/05/2014,0.36,0.36,0.32,0.32,4490
03/10/2014,0.36,0.36,0.31,0.3105,6415
03/11/2014,0.36,0.36,0.35,0.35,2500
03/12/2014,0.36,0.36,0.32,0.32,14890
03/13/2014,0.36,0.36,0.32,0.32,2700
03/17/2014,0.4,0.57,0.4,0.57,347230
03/18/2014,0.6,0.69,0.55,0.66,161205
03/19/2014,0.65,0.72,0.6,0.71,97250
03/20/2014,0.74,0.74,0.67,0.7,5760
03/21/2014,0.67,0.7,0.6668,0.7,13525
03/24/2014,0.67,0.67,0.6501,0.6501,2500
03/26/2014,0.65,0.65,0.65,0.65,1300
03/28/2014,0.61,0.7,0.61,0.7,16900
03/31/2014,0.61,0.61,0.61,0.61,1000
04/01/2014,0.61,0.6873,0.61,0.65,15620
04/02/2014,0.7,0.85,0.7,0.82,9200
04/03/2014,0.7983,0.7983,0.63,0.73,49490
04/04/2014,0.7,0.7,0.7,0.7,5294
04/07/2014,0.7,0.7,0.6999,0.6999,6000
04/09/2014,0.7,0.7,0.7,0.7,100
04/10/2014,0.7,0.7,0.7,0.7,200
04/11/2014,0.7,0.7,0.63,0.64,12500
04/14/2014,0.63,0.63,0.63,0.63,13300
04/15/2014,0.56,0.63,0.56,0.62,34475
04/16/2014,0.6,0.62,0.6,0.62,3000
04/22/2014,0.6699,0.6699,0.6,0.63,223002
04/23/2014,0.6,0.69,0.56,0.64,412800
04/24/2014,0.63,0.69,0.63,0.69,6100
04/25/2014,0.63,0.7,0.59,0.59,29100
04/29/2014,0.62,0.62,0.62,0.62,6340
04/30/2014,0.6,0.6,0.6,0.6,2000
05/01/2014,0.6,0.6,0.6,0.6,5000
05/05/2014,0.56,0.62,0.5499,0.55,44152
05/06/2014,0.53,0.53,0.5,0.52,115200
05/07/2014,0.61,0.65,0.59,0.6301,314462
05/08/2014,0.65,0.65,0.6,0.6,22300
05/09/2014,0.6,0.6,0.58,0.6,85200
05/12/2014,0.57,0.57,0.57,0.57,2212
05/13/2014,0.58,0.6,0.58,0.6,189100
05/14/2014,0.688,0.688,0.65,0.68,35400
05/15/2014,0.64,0.67,0.6,0.67,5600
05/16/2014,0.68,0.68,0.68,0.68,100
05/19/2014,0.68,0.68,0.68,0.68,21000
05/20/2014,0.68,0.69,0.68,0.68,26540
05/21/2014,0.69,0.7,0.68,0.68,4900
05/22/2014,0.7,0.7,0.7,0.7,26467
05/23/2014,0.7,0.7,0.7,0.7,3100
05/27/2014,0.7,0.72,0.7,0.71,55600
05/28/2014,0.71,0.71,0.71,0.71,2800
05/30/2014,0.7,0.72,0.7,0.72,17600
06/02/2014,0.74,0.74,0.72,0.73,4975
06/03/2014,0.72,0.72,0.69,0.7,370965
06/04/2014,0.7,0.7,0.69,0.7,343660
06/05/2014,0.7,0.75,0.6994,0.75,534800
06/06/2014,0.74,0.97,0.74,0.82,320048
06/09/2014,0.79,0.86,0.79,0.86,482900
06/10/2014,0.82,0.82,0.8,0.81,42712
06/11/2014,0.84,0.8565,0.8397,0.8565,13300
06/12/2014,0.83,0.83,0.81,0.82,592280
06/13/2014,0.8197,0.84,0.81,0.83,282720
06/16/2014,0.8201,0.9,0.8201,0.85,142550
06/17/2014,0.8788,0.9,0.85,0.895,107300
06/18/2014,0.97,1.0099,0.97,0.99,115760
06/19/2014,0.99,0.99,0.9801,0.99,7000
06/20/2014,1,1,1,1,14952
06/23/2014,1,1.05,1,1.01,18600
06/24/2014,1.05,1.09,1.0485,1.07,235102
06/25/2014,1.07,1.18,1.07,1.18,93693
06/26/2014,1.11,1.2,1.11,1.18,83650
06/27/2014,1.3,1.45,1.3,1.39,186159
03/27/2015,0.5,0.5,0.5,0.5,5000
03/31/2015,0.5,0.5,0.5,0.5,8925
04/02/2015,0.5,0.5,0.29,0.34,50890
04/28/2015,0.39,0.39,0.39,0.39,1100
05/01/2015,0.44,0.46,0.44,0.46,4000
05/04/2015,0.48,0.481,0.48,0.48,4600
05/05/2015,0.4799,0.59,0.4799,0.55,41625
05/06/2015,0.5299,0.53,0.5299,0.53,1400
05/07/2015,0.51,0.51,0.51,0.51,4500
05/08/2015,0.5,0.5,0.5,0.5,20600
05/11/2015,0.5,0.5,0.4999,0.5,28944
05/15/2015,0.5,0.5,0.5,0.5,6000
05/20/2015,0.45,0.45,0.44,0.45,133905
05/28/2015,0.4999,0.4999,0.45,0.45,7100
05/29/2015,0.4499,0.45,0.4,0.45,14200
06/03/2015,0.4,0.45,0.35,0.45,15800
06/08/2015,0.48,0.5,0.48,0.5,1200
06/22/2015,0.35,0.6,0.35,0.6,244795
07/10/2015,0.3,0.4,0.3,0.4,13000
07/13/2015,0.31,0.31,0.3,0.31,60000
07/14/2015,0.34,0.34,0.34,0.34,25000
08/14/2015,0.35,0.35,0.35,0.35,5000
08/18/2015,0.342,0.35,0.33,0.33,5000
08/21/2015,0.35,0.35,0.35,0.35,3000
08/25/2015,0.35,0.45,0.3469,0.45,2288
09/29/2015,0.27,0.27,0.25,0.25,21000
10/16/2015,0.35,0.35,0.34,0.34,30900
10/19/2015,0.35,0.35,0.34,0.34,27600
10/28/2015,0.25,0.2553,0.25,0.2553,10600
10/29/2015,0.2233,0.2234,0.155,0.2,79674
10/30/2015,0.25,0.25,0.2,0.25,20100
11/02/2015,0.25,0.25,0.25,0.25,40000
11/04/2015,0.2,0.23,0.2,0.23,24222
11/12/2015,0.22,0.22,0.22,0.22,217482
12/08/2015,0.25,0.25,0.24,0.24,5000
12/11/2015,0.21,0.21,0.21,0.21,45300
12/18/2015,0.13,0.27,0.13,0.27,324900
12/22/2015,0.245,0.27,0.2,0.26,57936
12/23/2015,0.25,0.25,0.25,0.25,5000
12/29/2015,0.24,0.24,0.2399,0.2399,1200
12/30/2015,0.2,0.23,0.2,0.23,20700
12/31/2015,0.2,0.23,0.19,0.205,12558
01/07/2016,0.18,0.18,0.18,0.18,8183
01/12/2016,0.17,0.17,0.1699,0.1699,108000
01/13/2016,0.17,0.17,0.1686,0.17,30000
01/15/2016,0.15,0.16,0.15,0.16,4800
01/20/2016,0.16,0.17,0.16,0.17,1800
01/22/2016,0.17,0.19,0.16,0.19,1000
01/26/2016,0.19,0.1999,0.19,0.1999,500
02/10/2016,0.15,0.15,0.14,0.15,113017
02/12/2016,0.15,0.15,0.1401,0.1401,200
02/23/2016,0.16,0.16,0.16,0.16,100
02/29/2016,0.19,0.24,0.19,0.24,300
03/11/2016,0.24,0.24,0.24,0.24,100
03/14/2016,0.16,0.16,0.16,0.16,100
03/18/2016,0.1601,0.1688,0.1601,0.1688,2937
03/21/2016,0.2,0.2,0.2,0.2,1000
03/24/2016,0.2,0.205,0.2,0.2,32300
03/29/2016,0.2,0.2,0.1701,0.1701,35000
03/30/2016,0.1887,0.19,0.1887,0.19,25300
03/31/2016,0.21,0.21,0.21,0.21,100
04/06/2016,0.18,0.25,0.18,0.23,14100
04/07/2016,0.22,0.22,0.22,0.22,100
04/08/2016,0.2,0.24,0.19,0.22,2600
04/11/2016,0.215,0.23,0.175,0.175,2400
04/13/2016,0.21,0.21,0.21,0.21,100
04/14/2016,0.21,0.21,0.21,0.21,100
04/15/2016,0.24,0.24,0.24,0.24,1100
04/18/2016,0.22,0.22,0.22,0.22,100
04/20/2016,0.22,0.241,0.22,0.23,50400
04/27/2016,0.2,0.2,0.2,0.2,101000
04/28/2016,0.2,0.2,0.1999,0.2,21800
05/02/2016,0.2,0.2,0.2,0.2,9000
05/03/2016,0.2,0.2,0.2,0.2,4900
05/04/2016,0.2,0.25,0.2,0.2395,31520
05/10/2016,0.1651,0.2,0.16,0.2,45700
05/11/2016,0.22,0.22,0.22,0.22,700
05/13/2016,0.1501,0.2,0.1501,0.2,6000
05/16/2016,0.2,0.2,0.16,0.16,41800
05/18/2016,0.2,0.2,0.2,0.2,1000
05/19/2016,0.16,0.16,0.16,0.16,11200
05/23/2016,0.2,0.2,0.2,0.2,600
05/24/2016,0.19,0.19,0.19,0.19,10700
05/26/2016,0.2,0.2,0.2,0.2,16100
06/01/2016,0.2,0.2,0.2,0.2,700
06/09/2016,0.18,0.18,0.18,0.18,121500
06/29/2016,0.19,0.21,0.185,0.185,163326
06/30/2016,0.18,0.18,0.18,0.18,251100
07/01/2016,0.1801,0.2,0.1801,0.2,300
07/05/2016,0.19,0.195,0.19,0.19,46700
07/06/2016,0.19,0.194,0.1801,0.1892,62599
07/07/2016,0.1891,0.19,0.18,0.19,800
07/08/2016,0.19,0.2,0.19,0.19,14500
07/11/2016,0.19,0.19,0.19,0.19,100
07/12/2016,0.19,0.19,0.1684,0.18,5782
07/13/2016,0.1701,0.1702,0.1646,0.17,35501
07/14/2016,0.19,0.195,0.17,0.17,5600
07/15/2016,0.1785,0.1817,0.17,0.17,108555
07/18/2016,0.17,0.19,0.17,0.19,77200
07/19/2016,0.17,0.21,0.17,0.21,630674
07/20/2016,0.2135,0.2135,0.2135,0.2135,134
07/22/2016,0.21,0.21,0.21,0.21,14999
07/26/2016,0.21,0.21,0.21,0.21,100
07/29/2016,0.1801,0.1801,0.1801,0.1801,10000
08/01/2016,0.18,0.1801,0.18,0.18,14900
08/02/2016,0.195,0.21,0.195,0.21,10000
08/03/2016,0.1701,0.2,0.1701,0.18,37380
08/04/2016,0.185,0.21,0.185,0.21,400
08/08/2016,0.1949,0.1949,0.1601,0.1601,5100
08/09/2016,0.175,0.175,0.175,0.175,1600
08/10/2016,0.1798,0.18,0.17,0.18,12230
08/11/2016,0.17,0.172,0.17,0.17,5200
08/12/2016,0.16,0.18,0.16,0.18,349805
08/15/2016,0.185,0.1942,0.1602,0.1785,7722
08/16/2016,0.1874,0.1874,0.175,0.1765,2293
08/17/2016,0.1601,0.17,0.1601,0.17,104526
08/18/2016,0.1705,0.1803,0.1705,0.1724,1798
08/19/2016,0.1801,0.1801,0.1801,0.1801,5000
08/24/2016,0.1707,0.18,0.17,0.17,1000
08/25/2016,0.172,0.172,0.172,0.172,3000
08/26/2016,0.19,0.19,0.17,0.17,250
08/29/2016,0.17,0.17,0.17,0.17,152600
08/30/2016,0.17,0.17,0.17,0.17,1307500
08/31/2016,0.17,0.18,0.17,0.18,15700
09/01/2016,0.18,0.18,0.18,0.18,25100
09/02/2016,0.1601,0.1789,0.1601,0.1789,3038
09/06/2016,0.1601,0.1601,0.1601,0.1601,200
09/07/2016,0.1601,0.17,0.1601,0.17,7719
09/09/2016,0.1601,0.1601,0.145,0.15,120616
09/13/2016,0.15,0.15,0.15,0.15,588
09/15/2016,0.14,0.16,0.14,0.16,12026
09/16/2016,0.16,0.1695,0.16,0.1695,12803
09/19/2016,0.1415,0.1415,0.1415,0.1415,144
09/20/2016,0.155,0.155,0.155,0.155,10000
09/23/2016,0.1694,0.2,0.1694,0.2,3727
09/26/2016,0.18,0.18,0.18,0.18,100
09/28/2016,0.15,0.2,0.15,0.2,200
09/30/2016,0.175,0.175,0.175,0.175,300
10/03/2016,0.2,0.2,0.2,0.2,10033
10/04/2016,0.18,0.18,0.145,0.175,550
10/05/2016,0.1538,0.1538,0.1538,0.1538,100
10/07/2016,0.1614,0.1614,0.1614,0.1614,1000
10/18/2016,0.15,0.15,0.1496,0.15,16200
10/24/2016,0.15,0.1501,0.15,0.15,23700
10/25/2016,0.15,0.15,0.1499,0.15,11100
10/28/2016,0.145,0.15,0.145,0.15,17000
10/31/2016,0.1499,0.15,0.1492,0.15,4200
11/03/2016,0.15,0.15,0.1498,0.15,7115
11/04/2016,0.16,0.173,0.1348,0.173,44969
11/07/2016,0.16,0.16,0.16,0.16,100
11/08/2016,0.15,0.15,0.15,0.15,100
11/09/2016,0.15,0.15,0.15,0.15,25400
11/10/2016,0.16,0.16,0.16,0.16,100
11/11/2016,0.16,0.16,0.16,0.16,100
11/14/2016,0.135,0.17,0.135,0.17,11200
11/15/2016,0.15,0.15,0.15,0.15,100
11/17/2016,0.1999,0.1999,0.1994,0.1994,3130
11/18/2016,0.16,0.16,0.13,0.13,15670
11/21/2016,0.13,0.14,0.12,0.1209,24713
11/22/2016,0.13,0.13,0.13,0.13,1600
11/23/2016,0.1301,0.1304,0.12,0.12,19976
11/28/2016,0.14,0.14,0.14,0.14,5100
11/29/2016,0.14,0.14,0.1398,0.14,1528
11/30/2016,0.14,0.2,0.1201,0.19,127085
12/01/2016,0.14,0.14,0.14,0.14,200
12/02/2016,0.147,0.147,0.147,0.147,401
12/05/2016,0.1101,0.139,0.1,0.139,24221
12/06/2016,0.134,0.134,0.1,0.1001,11226
12/07/2016,0.1001,0.129,0.1,0.1156,13327
12/08/2016,0.13,0.14,0.1155,0.14,118704
12/09/2016,0.11,0.14,0.11,0.1386,10438
12/12/2016,0.1299,0.17,0.1299,0.1699,269325
12/13/2016,0.165,0.165,0.1295,0.14,245111
12/14/2016,0.147,0.147,0.1361,0.14,46158
12/15/2016,0.1391,0.14,0.1106,0.1399,2554
12/16/2016,0.1399,0.14,0.1348,0.135,4768
12/19/2016,0.1399,0.1399,0.1399,0.1399,1150
12/20/2016,0.1399,0.1434,0.13,0.13,6098
12/21/2016,0.13,0.17,0.13,0.13,30989
12/22/2016,0.17,0.1758,0.14,0.14,31999
12/23/2016,0.155,0.19,0.14,0.18,51378
12/27/2016,0.189,0.189,0.1775,0.18,20905
12/28/2016,0.18,0.2,0.17,0.1949,42325
12/29/2016,0.21,0.23,0.19,0.19,53083
12/30/2016,0.1919,0.213,0.18,0.2,112919
01/03/2017,0.2,0.2,0.1725,0.1747,109385
01/04/2017,0.1725,0.2,0.1725,0.1999,150386
01/05/2017,0.2,0.22,0.165,0.19,290164
01/06/2017,0.2,0.2074,0.165,0.165,14755
01/09/2017,0.1974,0.2335,0.1501,0.18,277577
01/10/2017,0.1615,0.2,0.1615,0.2,10703
01/11/2017,0.1616,0.2,0.1616,0.19,204226
01/12/2017,0.1741,0.19,0.1622,0.19,9700
01/13/2017,0.1995,0.1995,0.1615,0.1696,43647
01/17/2017,0.3,0.3799,0.261,0.29,603514
01/18/2017,0.3335,0.34,0.2878,0.32,657214
01/19/2017,0.336,0.4,0.336,0.355,1014358
01/20/2017,0.34,0.35,0.2738,0.349,6458
01/23/2017,0.31,0.45,0.31,0.4349,709513
01/24/2017,0.435,0.4797,0.4325,0.44,299071
01/25/2017,0.45,0.455,0.4391,0.44,106773
01/26/2017,0.365,0.43,0.365,0.42,43984
01/27/2017,0.36,0.45,0.36,0.41,13422
01/30/2017,0.37,0.42,0.2208,0.4199,8903
01/31/2017,0.294,0.4397,0.294,0.42,86994
02/01/2017,0.3992,0.4,0.3807,0.3903,36841
02/02/2017,0.3501,0.4,0.3501,0.4,1200
02/03/2017,0.3501,0.4,0.35,0.3998,19200
02/06/2017,0.3759,0.41,0.3759,0.41,3498
02/07/2017,0.38,0.41,0.38,0.41,1500
02/08/2017,0.4,0.411,0.4,0.41,7066
02/09/2017,0.4,0.411,0.4,0.4105,25182
02/10/2017,0.41,0.435,0.41,0.426,22662
02/13/2017,0.41,0.46,0.41,0.46,114961
02/14/2017,0.46,0.46,0.41,0.4599,266948
02/15/2017,0.416,0.47,0.416,0.455,66009
02/16/2017,0.42,0.4599,0.4,0.4599,5401
02/17/2017,0.4599,0.46,0.432,0.46,217881
02/21/2017,0.4,0.52,0.4,0.52,604311
02/22/2017,0.71,0.71,0.6,0.6189,3580872
02/23/2017,0.6189,0.6498,0.55,0.59,75606
02/24/2017,0.6195,0.6195,0.53,0.5659,251467
02/27/2017,0.55,0.58,0.48,0.54,1372849
02/28/2017,0.5399,0.57,0.48,0.5553,425728
03/01/2017,0.47,0.64,0.47,0.62,332700
03/02/2017,0.63,0.63,0.58,0.6,113541
03/03/2017,0.53,0.6,0.53,0.6,118307
03/06/2017,0.6,0.6,0.59,0.6,50607
03/07/2017,0.5308,0.65,0.5308,0.6,62238
03/08/2017,0.5906,0.61,0.53,0.6,316995
03/09/2017,0.52,0.6,0.47,0.5899,114161
03/10/2017,0.57,0.6,0.5649,0.59,32051
03/13/2017,0.6195,0.6195,0.6195,0.6195,1000
03/14/2017,0.522,0.6173,0.5,0.6173,1689
03/15/2017,0.5893,0.62,0.5,0.5999,334203
03/16/2017,0.5466,0.56,0.5001,0.5525,67285
03/17/2017,0.5119,0.56,0.5,0.545,27462
03/20/2017,0.545,0.545,0.5,0.5289,42783
03/21/2017,0.5149,0.515,0.42,0.49,238560
03/22/2017,0.475,0.52,0.475,0.52,7400
03/23/2017,0.52,0.52,0.45,0.5,42441
03/24/2017,0.4522,0.5,0.45,0.45,23910
03/27/2017,0.5,0.5,0.45,0.5,12646
03/28/2017,0.4301,0.5,0.4301,0.4999,1106
03/29/2017,0.45,0.4998,0.45,0.4998,21400
03/30/2017,0.4899,0.4899,0.4037,0.4796,56100
03/31/2017,0.4789,0.5,0.4,0.5,149326
04/03/2017,0.4514,0.4675,0.4249,0.4375,56208
04/04/2017,0.43,0.45,0.4,0.425,28506
04/05/2017,0.424,0.43,0.4,0.425,23961
04/06/2017,0.3951,0.45,0.38,0.4,14144
04/07/2017,0.4,0.5,0.4,0.45,6280
04/10/2017,0.415,0.44,0.3701,0.3701,29678
04/11/2017,0.415,0.415,0.37,0.3786,119410
04/12/2017,0.35,0.4,0.35,0.38,149144
04/13/2017,0.35,0.4,0.35,0.4,1519
04/17/2017,0.4,0.42,0.4,0.4,24853
04/18/2017,0.42,0.42,0.4,0.415,47501
04/20/2017,0.41,0.415,0.3955,0.4,179787
04/21/2017,0.4,0.4,0.4,0.4,24997
04/24/2017,0.4199,0.42,0.39,0.4,53983
04/25/2017,0.3725,0.4,0.3725,0.4,2366
04/26/2017,0.38,0.415,0.38,0.4,110479
04/27/2017,0.38,0.47,0.38,0.4,269585
04/28/2017,0.4448,0.4448,0.42,0.42,1200
05/01/2017,0.42,0.42,0.3856,0.42,5285
05/02/2017,0.425,0.47,0.425,0.47,16100
05/03/2017,0.41,0.5,0.41,0.45,199800
05/04/2017,0.5399,0.5399,0.43,0.45,10272
05/05/2017,0.45,0.5,0.45,0.5,289799
05/08/2017,0.425,0.55,0.425,0.4949,12750
05/09/2017,0.45,0.52,0.45,0.48,8242
05/10/2017,0.4899,0.4899,0.4899,0.4899,100
05/11/2017,0.48,0.4899,0.47,0.47,5900
05/12/2017,0.47,0.49,0.4,0.47,10958
05/16/2017,0.47,0.48,0.44,0.45,8373
05/17/2017,0.4665,0.48,0.465,0.4799,1689
05/18/2017,0.43,0.45,0.43,0.45,3200
05/19/2017,0.4,0.4,0.38,0.4,41039
05/22/2017,0.4,0.42,0.3977,0.3977,4724
05/23/2017,0.4175,0.4175,0.4175,0.4175,250
05/24/2017,0.3967,0.44,0.3967,0.44,400
05/25/2017,0.41,0.42,0.3747,0.42,2803
05/26/2017,0.42,0.42,0.3169,0.42,7227
05/30/2017,0.39,0.39,0.39,0.39,100
05/31/2017,0.39,0.4,0.38,0.4,106200
06/01/2017,0.4,0.4,0.3999,0.3999,100537
06/02/2017,0.41,0.41,0.38,0.4,5200
06/05/2017,0.3999,0.42,0.38,0.42,400554
06/06/2017,0.4,0.4001,0.3999,0.3999,10200
06/07/2017,0.418,0.418,0.418,0.418,109
06/08/2017,0.3999,0.43,0.3999,0.43,42290
06/09/2017,0.4,0.4,0.3975,0.4,35200
06/12/2017,0.37,0.3999,0.37,0.3999,2200
06/13/2017,0.37,0.4,0.37,0.4,123196
06/14/2017,0.3714,0.39,0.3714,0.39,10400
06/15/2017,0.38,0.3864,0.365,0.365,8150
06/16/2017,0.45,0.55,0.43,0.45,3214930
06/19/2017,0.5,0.5,0.4,0.42,907028
06/20/2017,0.365,0.45,0.365,0.43,121020
06/21/2017,0.38,0.43,0.38,0.4032,42632
06/22/2017,0.41,0.43,0.4,0.4,107370
06/23/2017,0.4,0.4011,0.4,0.4,8461
06/26/2017,0.42,0.43,0.39,0.3987,138720
06/27/2017,0.4,0.45,0.39,0.395,405353
06/28/2017,0.42,0.42,0.36,0.4,198937
06/29/2017,0.4,0.4,0.36,0.37,483525
06/30/2017,0.3885,0.4,0.37,0.37,402263
07/03/2017,0.36,0.4,0.36,0.38,721889
07/05/2017,0.42,0.42,0.3899,0.3899,349836
07/06/2017,0.372,0.38,0.345,0.35,372962
07/07/2017,0.3591,0.3949,0.3496,0.3948,251225
07/10/2017,0.3506,0.4199,0.3506,0.4199,343753
07/11/2017,0.42,0.445,0.4,0.43,611038
07/12/2017,0.4399,0.4799,0.42,0.441,1863026
