01/03/2005,6.26,6.39,6.06,6.26,97000
01/04/2005,6.2,6.2,5.56,5.98,76500
01/05/2005,5.93,6.05,5.8,5.95,12400
01/06/2005,6.02,6.74,6.01,6.53,432300
01/07/2005,6.79,6.85,6.51,6.68,85700
01/10/2005,7.02,7.3,6.76,7,179600
01/11/2005,7.1,7.12,6.83,7,132100
01/12/2005,7.13,7.13,6.64,7.05,85500
01/13/2005,7.24,7.34,7,7.01,34400
01/14/2005,7.2,8.3,7,7.87,251500
01/18/2005,8.01,8.85,7.91,8.14,200400
01/19/2005,8.45,8.45,7.88,7.95,71500
01/20/2005,7.81,8.13,7.81,8,64700
01/21/2005,8.17,8.52,7.62,7.84,88000
01/24/2005,7.8,7.8,7.2,7.41,87600
01/25/2005,7.5,7.78,7.36,7.37,63400
01/26/2005,7.28,7.55,7.2,7.5,22500
01/27/2005,7.49,7.55,7.25,7.42,26300
01/28/2005,7.28,7.6,7.28,7.49,12200
01/31/2005,7.7,7.7,7.33,7.52,29200
02/01/2005,7.49,7.54,7.4,7.49,12100
02/02/2005,7.47,7.48,7.34,7.35,34600
02/03/2005,7.25,7.42,7.25,7.28,10400
02/04/2005,7.35,7.64,7.06,7.16,43400
02/07/2005,7.34,7.67,7,7.27,51100
02/08/2005,7.45,7.48,7.26,7.35,21900
02/09/2005,7.39,7.39,7.15,7.15,16200
02/10/2005,7.68,7.68,7.1,7.2,17300
02/11/2005,7.51,7.51,7.03,7.16,31300
02/14/2005,6.98,7.18,6.93,6.95,27400
02/15/2005,7.21,7.36,6.77,6.84,51600
02/16/2005,6.9,7.02,6.52,6.91,44900
02/17/2005,6.96,7.15,6.63,6.77,32200
02/18/2005,6.94,6.94,6.57,6.65,25800
02/22/2005,6.65,6.73,6.38,6.45,40400
02/23/2005,6,6.07,5.16,5.45,391300
02/24/2005,5.5,5.55,5.2,5.44,98400
02/25/2005,5.66,5.66,5.35,5.6,27800
02/28/2005,5.91,5.91,5.56,5.64,72800
03/01/2005,5.65,6.05,5.65,5.98,75200
03/02/2005,5.98,6.24,5.89,5.91,61100
03/03/2005,5.89,6.15,5.89,5.96,64000
03/04/2005,6.15,6.15,5.96,5.98,76200
03/07/2005,6.05,6.05,5.55,5.9,54100
03/08/2005,5.85,5.9,5.8,5.87,107400
03/09/2005,5.9,5.9,5.62,5.82,84700
03/10/2005,5.85,5.9,5.85,5.88,5400
03/11/2005,5.85,5.9,5.85,5.88,5800
03/14/2005,5.85,5.9,5.85,5.89,14600
03/15/2005,5.75,5.75,5.5,5.69,38300
03/16/2005,5.55,5.57,5.3,5.33,84600
03/17/2005,5.25,5.58,5.14,5.38,10400
03/18/2005,5.14,5.42,5.1,5.31,21600
03/21/2005,5.2,5.33,5.12,5.23,7000
03/22/2005,5.25,5.47,5.23,5.36,23700
03/23/2005,5.37,5.45,5.2,5.34,9700
03/24/2005,5.21,5.43,5.2,5.43,5600
03/28/2005,5.33,5.44,5.31,5.44,29700
03/29/2005,5.25,5.4,5.21,5.38,14100
03/30/2005,5.3,5.35,5.11,5.29,96100
03/31/2005,5.1,5.3,5.1,5.29,6200
04/01/2005,5.13,5.4,5.09,5.28,22400
04/04/2005,5.15,5.58,5.1,5.4,63600
04/05/2005,5.4,5.42,5.07,5.38,32400
04/06/2005,5.4,5.41,5.22,5.41,15600
04/07/2005,5.28,5.35,5.26,5.35,5400
04/08/2005,5.38,5.43,5.31,5.38,30800
04/11/2005,5.33,5.33,5.22,5.32,10700
04/12/2005,5.2,5.36,4.9,5.29,33900
04/13/2005,5.27,5.45,5.27,5.38,28300
04/14/2005,5.25,5.44,5.25,5.36,95200
04/15/2005,5.49,5.49,5.33,5.33,15200
04/18/2005,5.28,5.32,5.27,5.32,25600
04/19/2005,5.4,5.4,5.28,5.33,101000
04/20/2005,5.34,5.38,5.3,5.34,33300
04/21/2005,5.35,5.41,5.3,5.41,20900
04/22/2005,5.42,5.42,5.27,5.31,36000
04/25/2005,5.27,5.36,5.25,5.36,14500
04/26/2005,5.36,5.41,5.04,5.2,36000
04/27/2005,5.07,5.3,4.88,5.27,33100
04/28/2005,5.27,5.38,5.27,5.32,31800
04/29/2005,4.99,5.29,4.75,5.17,65600
05/02/2005,5.27,5.27,5,5.04,36700
05/03/2005,5.01,5.07,5,5.07,7500
05/04/2005,5,5.22,5,5.03,11800
05/05/2005,5.04,5.07,5,5.04,13500
05/06/2005,5.01,5.1,5.01,5.09,9600
05/09/2005,5.02,5.11,5.01,5.11,22800
05/10/2005,4.78,4.9,4.31,4.52,156800
05/11/2005,4.44,4.65,4.2,4.65,92400
05/12/2005,4.65,4.65,4.5,4.6,290400
05/13/2005,4.6,4.69,4.6,4.63,99700
05/16/2005,4.65,4.78,4.65,4.65,17200
05/17/2005,4.57,5.28,4.57,4.92,51400
05/18/2005,5,5.09,4.79,4.85,33600
05/19/2005,4.82,4.9,4.64,4.8,29200
05/20/2005,4.8,4.83,4.79,4.8,7600
05/23/2005,4.8,4.81,4.74,4.8,25600
05/24/2005,4.68,4.85,4.68,4.81,71800
05/25/2005,4.81,4.89,4.8,4.89,13800
05/26/2005,4.83,4.84,4.8,4.83,23700
05/27/2005,4.71,4.85,4.71,4.8,22100
05/31/2005,4.8,4.82,4.8,4.8,10000
06/01/2005,4.83,4.97,4.81,4.85,3600
06/02/2005,4.81,5.06,4.8,5.01,18700
06/03/2005,5,5,4.8,4.81,85900
06/06/2005,4.91,5.47,4.88,5.02,34000
06/07/2005,5.05,5.08,4.8,4.85,35000
06/08/2005,4.8,4.98,4.8,4.81,58700
06/09/2005,4.8,4.87,4.8,4.87,5400
06/10/2005,4.9,5,4.8,4.83,12300
06/13/2005,4.83,4.9,4.8,4.87,65300
06/14/2005,4.91,5.02,4.9,5,78400
06/15/2005,5.05,5.15,5.01,5.14,48400
06/16/2005,5.04,5.2,4.92,5.2,33800
06/17/2005,5.2,5.25,5.16,5.2,29900
06/20/2005,5.07,5.15,4.96,5.13,21400
06/21/2005,5.13,5.19,5.04,5.13,20900
06/22/2005,5.13,5.32,5.03,5.2,50500
06/23/2005,5.2,5.77,5.19,5.44,68500
06/24/2005,5.6,5.74,5.46,5.52,13600
06/27/2005,5.47,5.5,5.21,5.28,11900
06/28/2005,5.47,5.5,5.19,5.32,15200
06/29/2005,5.16,5.32,5,5.23,15700
06/30/2005,5.25,5.32,5.17,5.25,3700
07/01/2005,5.34,5.5,5.32,5.5,46200
07/05/2005,5.41,5.43,5.19,5.39,24500
07/06/2005,5.34,5.49,5.28,5.38,10400
07/07/2005,5.39,5.5,5.35,5.35,15100
07/08/2005,5.28,5.44,5.25,5.4,26600
07/11/2005,5.4,5.7,5.2,5.5,68200
07/12/2005,5.52,5.94,5.43,5.76,63600
07/13/2005,5.75,6.12,5.75,5.94,37300
07/14/2005,6.15,6.91,6.07,6.5,314500
07/15/2005,6.68,6.72,6.29,6.32,64400
07/18/2005,6.2,6.45,6.17,6.2,21300
07/19/2005,6.18,6.3,6.16,6.28,48000
07/20/2005,6.4,7.25,6.34,7.1,573900
07/21/2005,7.14,7.79,7.03,7.65,278800
07/22/2005,7.39,7.94,7.31,7.49,151200
07/25/2005,7.49,8.1,7.49,7.55,50200
07/26/2005,7.74,8.45,7.72,8.1,141900
07/27/2005,8.36,8.75,8.15,8.6,102500
07/28/2005,8.51,9.39,8.51,9,100200
07/29/2005,8.86,9.02,7.97,8.67,193300
08/01/2005,8.73,8.89,8.19,8.49,109800
08/02/2005,8.41,8.41,7.3,8.33,140400
08/03/2005,8.21,8.49,7.94,8.16,75700
08/04/2005,8.12,8.17,7.77,8.05,44700
08/05/2005,8.14,8.26,8.08,8.19,12100
08/08/2005,8.29,8.29,7.74,8.09,15100
08/09/2005,8.05,9.25,8.05,9.03,93800
08/10/2005,9,9.52,8.11,9.22,181500
08/11/2005,9.25,9.76,9.14,9.64,86000
08/12/2005,9.56,11.91,9.05,11.91,314100
08/15/2005,11.75,12.73,11.75,12.21,681500
08/16/2005,11.95,12.2,11.71,11.88,309100
08/17/2005,11.89,11.98,11.5,11.78,129300
08/18/2005,11.16,11.89,11.16,11.64,108500
08/19/2005,11.48,11.5,10.9,10.94,149900
08/22/2005,10.92,11.32,10.17,11.28,75000
08/23/2005,11.5,11.73,11.07,11.4,66400
08/24/2005,11.39,11.39,11.01,11.35,29400
08/25/2005,11.19,11.48,11.06,11.25,60300
08/26/2005,11.2,11.4,10.61,10.84,95700
08/29/2005,10.73,11.41,10.12,10.24,103900
08/30/2005,10.16,10.83,10.12,10.15,100700
08/31/2005,10.25,10.36,9.91,10.35,99400
09/01/2005,10.45,11,10.16,10.77,91500
09/02/2005,10.82,11,10.25,10.43,31000
09/06/2005,10.39,10.67,10.3,10.66,134000
09/07/2005,10.75,11.25,10.71,11.1,190200
09/08/2005,11.17,11.24,10.92,11.16,153700
09/09/2005,11.15,11.58,11.14,11.5,73200
09/12/2005,11.6,12.01,11.59,12,103700
09/13/2005,12,12.89,11.77,12.25,262000
09/14/2005,12.16,12.71,12.08,12.51,148400
09/15/2005,12.5,12.92,12.4,12.74,163200
09/16/2005,12.65,12.65,11.8,11.98,154300
09/19/2005,12,12.15,11.53,11.67,38700
09/20/2005,11.7,11.75,11.37,11.5,279900
09/21/2005,11.47,11.58,11.35,11.4,104100
09/22/2005,11.38,11.52,11.22,11.35,62300
09/23/2005,11.23,11.5,11.23,11.46,154500
09/26/2005,11.49,12.18,11.35,12,232800
09/27/2005,12.14,12.23,11.88,11.92,106800
09/28/2005,11.9,11.9,11.56,11.7,52900
09/29/2005,12,12.09,11.8,12.04,134000
09/30/2005,12.2,12.25,11.91,12.14,141200
10/03/2005,12.25,13.73,12.18,12.86,136400
10/04/2005,12.92,13.69,12.77,13.58,153000
10/05/2005,13.62,13.62,13.26,13.51,50600
10/06/2005,13.4,13.76,13.21,13.51,78100
10/07/2005,13.5,13.93,13.37,13.74,42100
10/10/2005,13.69,15.08,13.67,14.9,138600
10/11/2005,15.02,15.58,14.96,15.1,203800
10/12/2005,15.1,15.1,14.5,14.75,143100
10/13/2005,14.69,14.86,14.51,14.55,123300
10/14/2005,14.5,14.6,14.05,14.55,101200
10/17/2005,14.56,15.1,14.56,15,120900
10/18/2005,15.09,15.09,14.96,14.96,89800
10/19/2005,15.1,15.21,14.43,15.06,89900
10/20/2005,15.18,15.24,14.95,15.21,35200
10/21/2005,15.15,15.47,14.82,15.25,42500
10/24/2005,15.3,15.43,14.85,15.34,158500
10/25/2005,15.4,15.68,15.03,15.57,65200
10/26/2005,15.41,16.6,15.41,16.34,189700
10/27/2005,17.12,17.12,16.15,16.31,177100
10/28/2005,16.35,16.35,15.65,16.3,67600
10/31/2005,16.3,16.49,15.71,16,313000
11/01/2005,16.1,16.35,15.76,15.8,152700
11/02/2005,15.92,15.92,13.83,14.04,258200
11/03/2005,13.82,14.32,12.69,13.31,424600
11/04/2005,13.49,14.01,13.2,13.7,66900
11/07/2005,13.34,13.5,11.8,12.3,215700
11/08/2005,12.41,12.85,12.09,12.09,67800
11/09/2005,12.07,12.63,12.04,12.61,78900
11/10/2005,12.6,13.4,12.3,13.29,131200
11/11/2005,13.5,13.5,12.54,12.66,43700
11/14/2005,12.52,12.8,12.47,12.74,77400
11/15/2005,12.59,12.83,12.48,12.55,37800
11/16/2005,12.48,12.5,11.79,11.98,87900
11/17/2005,11.89,13.23,11.84,13.03,69600
11/18/2005,13.19,15.63,13.19,13.91,173400
11/21/2005,13.9,14.23,13.42,14.09,64700
11/22/2005,14.15,14.52,13.72,14.49,29400
11/23/2005,14.32,14.61,14.32,14.32,35900
11/25/2005,14.29,14.7,14.12,14.21,10400
11/28/2005,14.08,14.17,13.99,14.06,24500
11/29/2005,14.22,14.43,14.1,14.2,16400
11/30/2005,14.35,14.51,13.86,13.9,37000
12/01/2005,14.1,14.21,13.53,14.13,49300
12/02/2005,14,14,13.65,13.83,17300
12/05/2005,14,14,13.24,13.39,29700
12/06/2005,13.56,14.09,13.49,13.51,11800
12/07/2005,13.37,13.37,13.03,13.11,16900
12/08/2005,13,13.21,12.85,12.98,7500
12/09/2005,12.99,14.28,12.99,13.75,38500
12/12/2005,13.6,14.95,13.6,14.87,121700
12/13/2005,14.55,14.87,14.25,14.78,116900
12/14/2005,14.62,14.86,14.48,14.75,81600
12/15/2005,14.4,14.88,14.35,14.79,68100
12/16/2005,14.71,14.77,14.35,14.75,71600
12/19/2005,14.7,14.89,14.5,14.7,56300
12/20/2005,14.77,14.77,13.96,14.61,177700
12/21/2005,14.6,14.76,14.3,14.75,28800
12/22/2005,14.94,14.98,14.57,14.9,39200
12/23/2005,14.97,14.97,14.72,14.77,14900
12/27/2005,14.59,14.6,14.12,14.22,21500
12/28/2005,14.15,14.79,14.15,14.75,15800
12/29/2005,14.6,15.14,14.18,15.03,41200
12/30/2005,15.05,15.07,14.58,14.6,26800
01/03/2006,14.71,15.44,14.5,14.8,112900
01/04/2006,14.7,15.48,14.55,15.32,64500
01/05/2006,15.25,15.65,15.25,15.62,38900
01/06/2006,15.66,16.56,15.66,16.55,187000
01/09/2006,16.57,17.65,16.08,17,166600
01/10/2006,17,17.48,16.7,17.01,99000
01/11/2006,16.9,17.58,16.89,17.11,154900
01/12/2006,16.91,17.85,16.89,17.4,130100
01/13/2006,17.2,17.4,17,17.21,43200
01/17/2006,17,17.2,16.88,16.99,84800
01/18/2006,17,17.47,16.9,17.33,68600
01/19/2006,17.23,17.47,16.88,17.27,117600
01/20/2006,17.2,17.36,16.54,17.05,68200
01/23/2006,17.44,17.44,16.67,16.89,141800
01/24/2006,16.79,17.09,16.79,16.95,29400
01/25/2006,16.91,16.97,16.18,16.96,44600
01/26/2006,17.14,17.39,17.14,17.34,60500
01/27/2006,17.29,17.37,17.15,17.34,57000
01/30/2006,17.19,17.21,16.92,17.08,27900
01/31/2006,16.91,17.14,16.91,17.09,119200
02/01/2006,16.97,17.1,16.14,16.2,1238100
02/02/2006,16.23,16.23,15.38,15.79,180900
02/03/2006,15.79,16,15.33,15.54,46000
02/06/2006,15.57,15.8,14.82,14.87,127500
02/07/2006,15,15.3,14.42,14.6,188700
02/08/2006,14.79,14.86,13.62,14.49,102900
02/09/2006,14.49,15.56,14.49,15.48,76400
02/10/2006,15.5,15.52,14.42,14.54,32300
02/13/2006,14.42,14.77,14.26,14.69,14700
02/14/2006,14.69,15,14.14,14.4,48700
02/15/2006,14.3,14.61,14.1,14.3,41000
02/16/2006,14.35,14.6,14.19,14.33,35500
02/17/2006,14.33,14.49,14.1,14.25,48800
02/21/2006,14.29,14.5,13.8,14.04,92900
02/22/2006,14,14.75,13.8,14.39,77500
02/23/2006,14.43,14.5,14,14.49,25800
02/24/2006,14.4,14.81,14.26,14.58,124800
02/27/2006,14.5,15.08,14.44,14.65,81300
02/28/2006,14.8,14.95,14.15,14.41,46000
03/01/2006,14.39,14.39,13.91,13.99,66800
03/02/2006,13.96,14.43,13.89,13.93,35700
03/03/2006,14.37,14.37,13.91,13.92,23400
03/06/2006,13.8,14.3,13.8,14.11,54700
03/07/2006,14.27,14.3,13.77,13.89,60200
03/08/2006,13.81,13.97,12.87,13.26,142200
03/09/2006,13.21,13.83,13.2,13.34,30200
03/10/2006,13.31,13.67,13,13.18,80800
03/13/2006,12.98,13.35,12.9,13.28,28300
03/14/2006,13.3,13.33,12.96,12.98,16600
03/15/2006,12.92,13.4,12.91,13.34,37400
03/16/2006,13.41,13.74,13.33,13.64,26600
03/17/2006,13.52,13.91,13.19,13.51,37800
03/20/2006,13.31,13.86,12.95,13.48,123000
03/21/2006,13.42,13.73,13.41,13.57,14500
03/22/2006,13.72,13.72,13.29,13.37,20000
03/23/2006,13.15,14.24,13.11,14.24,62800
03/24/2006,14.19,14.48,13.5,14.34,74700
03/27/2006,13.88,14.99,13.88,14.94,58500
03/28/2006,15,15,14.55,14.73,38200
03/29/2006,14.78,14.9,14.29,14.76,26300
03/30/2006,14.26,14.91,14.26,14.4,57500
03/31/2006,14.45,14.85,14.4,14.66,143300
04/03/2006,14.6,14.66,14.29,14.6,65100
04/04/2006,14.61,14.73,14.43,14.57,101100
04/05/2006,14.49,14.79,14.38,14.38,79500
04/06/2006,14.62,14.65,14.32,14.47,56500
04/07/2006,14.44,14.67,14.31,14.67,284600
04/10/2006,14.64,15.89,14.64,15.65,59500
04/11/2006,15.51,15.52,14.96,15.16,47700
04/12/2006,15.31,15.73,15.08,15.22,26600
04/13/2006,14.8,15.46,14.8,15.4,50100
04/17/2006,15.36,15.78,14.96,15.08,23700
04/18/2006,15.05,15.93,14.85,15.27,104400
04/19/2006,15.29,15.75,15.29,15.62,189700
04/20/2006,15.58,16.08,15.58,15.93,47200
04/21/2006,15.83,16.36,15.75,16.18,47600
04/24/2006,16.3,16.47,16.02,16.25,24200
04/25/2006,16.22,16.7,16,16.49,115200
04/26/2006,16.25,16.5,15.95,16.21,32600
04/27/2006,16.01,16.2,15.87,16.18,15300
04/28/2006,16.12,16.19,15.91,16.15,25600
05/01/2006,16.12,16.78,16.02,16.29,19700
05/02/2006,16.27,16.37,16,16.24,16900
05/03/2006,16.42,16.46,15.81,16.45,18700
05/04/2006,16.5,17,16.45,16.63,26700
05/05/2006,16.74,17,15.86,16.14,28700
05/08/2006,15.91,16.37,15.91,16.35,13200
05/09/2006,16.59,16.59,15.6,16.12,424000
05/10/2006,16.11,16.11,15.83,15.9,10100
05/11/2006,15.86,16.13,15.15,15.49,25200
05/12/2006,15.17,15.3,14.76,15.15,25600
05/15/2006,15.08,15.76,14.62,15.19,18300
05/16/2006,15.07,15.53,14.55,15,46500
05/17/2006,14.55,14.62,13.83,14.62,79300
05/18/2006,14.74,14.74,13.97,14.11,16000
05/19/2006,14.17,14.97,14.05,14.59,9600
05/22/2006,14.35,14.41,13.34,13.83,16100
05/23/2006,13.3,14.9,13.3,13.95,79300
05/24/2006,14.44,14.44,13.57,13.89,14100
05/25/2006,14.39,14.4,13.28,13.56,71400
05/26/2006,13.7,14.09,13.65,13.97,39400
05/30/2006,14.28,14.28,13.89,14.09,8700
05/31/2006,14.05,14.05,12.98,13.48,49700
06/01/2006,13.34,14.05,13.3,13.85,27000
06/02/2006,13.93,14.05,13.31,13.61,24600
06/05/2006,13.55,14.27,13.54,14.25,64500
06/06/2006,14.25,14.25,13.38,13.66,11500
06/07/2006,13.34,13.89,13.28,13.35,14000
06/08/2006,13.39,13.43,12.88,12.98,13800
06/09/2006,13.02,13.27,12.75,13.06,13400
06/12/2006,13.26,13.26,12.5,12.77,14600
06/13/2006,12.58,12.58,11.21,11.6,43700
06/14/2006,11.57,11.7,11.37,11.7,166600
06/15/2006,11.7,11.84,11.69,11.8,23400
06/16/2006,11.75,12.1,11.36,11.46,36300
06/19/2006,11.55,11.56,10.49,10.69,50900
06/20/2006,10.89,10.89,10.51,10.64,18000
06/21/2006,10.6,10.75,10.54,10.65,46400
06/22/2006,10.52,10.7,10.51,10.7,106300
06/23/2006,10.65,10.75,10.58,10.65,35600
06/26/2006,10.65,10.68,10.4,10.5,36000
06/27/2006,10.63,10.7,10.46,10.46,6100
06/28/2006,10.4,10.85,10.38,10.76,25800
06/29/2006,10.68,11.24,10.49,11.05,82100
06/30/2006,11.03,11.54,10.91,10.92,36200
07/03/2006,10.99,11.4,10.94,11.13,12800
07/05/2006,11.47,11.47,10.88,10.93,40100
07/06/2006,11.07,11.07,10.43,10.72,27500
07/07/2006,10.68,10.68,10.01,10.06,18400
07/10/2006,10.01,10.57,10.01,10.33,16800
07/11/2006,10.28,10.36,9.91,10.15,56000
07/12/2006,10.02,10.02,9.84,9.85,8800
07/13/2006,9.84,9.86,9.51,9.6,24800
07/14/2006,9.53,9.61,9.3,9.33,13500
07/17/2006,9.28,9.28,8.95,8.95,43300
07/18/2006,9.08,9.33,8.99,9.33,26400
07/19/2006,9.4,10.22,8.95,9.16,29000
07/20/2006,9.14,9.3,8.81,8.83,6300
07/21/2006,8.83,9.16,8.68,8.76,20700
07/24/2006,8.76,9.08,8.63,8.79,23500
07/25/2006,8.76,8.76,8.55,8.61,14900
07/26/2006,8.65,8.75,8.26,8.4,39100
07/27/2006,8.5,8.67,8.31,8.67,57200
07/28/2006,8.67,8.75,8.43,8.59,79200
07/31/2006,8.29,8.66,8.22,8.57,11800
08/01/2006,8.2,8.4,8.2,8.29,15500
08/02/2006,8.24,8.34,8.09,8.09,20600
08/03/2006,8.33,8.33,8.09,8.14,8300
08/04/2006,8.08,8.19,8,8,17700
08/07/2006,7.95,7.95,7.7,7.74,12600
08/08/2006,7.7,8.19,7.61,7.88,18800
08/09/2006,8.75,8.83,7.22,7.22,17800
08/10/2006,7.05,7.1,6.75,6.95,335200
08/11/2006,7,7.08,6.72,6.78,28300
08/14/2006,6.8,6.82,6.38,6.39,36300
08/15/2006,6.41,6.82,6.41,6.82,59300
08/16/2006,6.9,7.01,6.75,6.75,21600
08/17/2006,6.73,6.95,6.73,6.75,15900
08/18/2006,6.61,6.75,6.5,6.65,22500
08/21/2006,6.74,7.09,6.66,6.99,15000
08/22/2006,6.96,7.75,6.95,7.67,23500
08/23/2006,7.88,7.99,7.71,7.9,55500
08/24/2006,7.84,7.84,7.67,7.75,18100
08/25/2006,7.96,7.96,7.8,7.81,2800
08/28/2006,7.93,7.96,7.77,7.96,9700
08/29/2006,8,8.03,7.92,7.95,16100
08/30/2006,7.98,7.98,7.87,7.95,23000
08/31/2006,8.02,8.03,7.79,7.95,235900
09/01/2006,7.92,8.94,7.92,8.55,39900
09/05/2006,8.9,9.2,8.65,9.15,75300
09/06/2006,9.35,9.35,8.88,9.19,194000
09/07/2006,9.37,9.67,9.25,9.4,195300
09/08/2006,9.32,9.76,9.16,9.59,66000
09/11/2006,9.4,9.82,9.4,9.63,23800
09/12/2006,9.58,9.87,9.39,9.7,34800
09/13/2006,9.72,9.83,9.56,9.71,62000
09/14/2006,9.62,9.75,9.62,9.75,6200
09/15/2006,9.72,9.77,9.67,9.67,13000
09/18/2006,9.54,9.54,9.17,9.4,13800
09/19/2006,9.5,9.5,9.3,9.5,6600
09/20/2006,9.45,9.5,9.43,9.45,6000
09/21/2006,9.81,9.81,9.45,9.5,38000
09/22/2006,9.61,9.61,9.44,9.53,19600
09/25/2006,9.57,9.59,9.44,9.46,30500
09/26/2006,9.4,9.54,9.09,9.47,41500
09/27/2006,9.53,9.53,9.47,9.5,76900
09/28/2006,9.5,9.5,9.45,9.5,6400
09/29/2006,9.46,9.65,9.45,9.63,40700
10/02/2006,9.65,10.1,9.65,10.09,98000
10/03/2006,10.17,10.2,9.65,9.85,16800
10/04/2006,9.84,10.02,9.71,9.99,111500
10/05/2006,10.19,10.8,10.19,10.63,76600
10/06/2006,10.51,11.5,10.51,11.3,54100
10/09/2006,11,11.4,11,11.2,30700
10/10/2006,11.34,11.36,10.94,11.22,14600
10/11/2006,11.25,11.31,10.92,11.03,16200
10/12/2006,11.04,11.07,11,11,12500
10/13/2006,11.02,11.24,11.02,11.22,30000
10/16/2006,11.34,11.4,11.34,11.38,15900
10/17/2006,11.35,11.44,11.25,11.43,20300
10/18/2006,11.43,11.5,11.4,11.4,3900
10/19/2006,11.36,11.36,11.09,11.28,6400
10/20/2006,11.43,11.43,11.22,11.28,17500
10/23/2006,11.24,11.25,11.12,11.19,19100
10/24/2006,11.2,11.2,11.08,11.08,600
10/25/2006,11,11.03,10.64,10.74,10000
10/26/2006,10.7,10.8,10.55,10.58,9800
10/27/2006,10.48,10.76,10.48,10.66,9700
10/30/2006,10.69,10.73,10.56,10.65,15100
10/31/2006,10.57,10.64,10.44,10.57,22700
11/01/2006,10.49,10.49,10.1,10.34,16000
11/02/2006,10.24,10.24,9.65,9.73,31000
11/03/2006,9.72,9.85,9.36,9.8,49400
11/06/2006,9.45,9.94,9.2,9.83,57100
11/07/2006,9.96,11.61,9.95,11.61,252400
11/08/2006,11.91,11.91,11.36,11.69,43900
11/09/2006,11.62,12.12,11.49,12.11,123700
11/10/2006,12.05,12.05,11.41,11.61,27100
11/13/2006,11.48,11.74,11.41,11.74,7400
11/14/2006,11.76,12.07,11.75,12.05,22200
11/15/2006,11.92,13.11,11.92,12.49,56100
11/16/2006,12.67,12.67,11.99,12.16,29900
11/17/2006,12.01,12.28,11.94,12.06,13900
11/20/2006,12.28,12.28,12.19,12.19,19600
11/21/2006,12.39,12.39,12.07,12.07,18500
11/22/2006,12.18,12.28,11.8,11.85,19100
11/24/2006,11.74,11.74,11.64,11.7,2800
11/27/2006,11.69,11.85,11.57,11.6,13200
11/28/2006,11.58,11.58,10.53,11.37,393100
11/29/2006,11.45,11.91,11.45,11.78,63100
11/30/2006,11.92,12,11.84,11.96,32100
12/01/2006,11.9,11.9,11.8,11.81,4100
12/04/2006,11.96,12.11,11.78,12.1,71800
12/05/2006,11.89,12.26,11.89,12.26,79000
12/06/2006,12.28,12.29,11.95,12.25,59800
12/07/2006,12.15,12.38,12.15,12.38,16000
12/08/2006,12.21,12.5,12.21,12.4,23400
12/11/2006,12.49,12.63,12.34,12.55,19100
12/12/2006,12.38,12.61,11.99,12.61,45500
12/13/2006,12.58,12.68,12.55,12.68,38200
12/14/2006,12.66,13.23,12.43,13.2,56800
12/15/2006,13.24,13.4,13.01,13.01,61800
12/18/2006,13.06,13.15,12.8,12.84,86300
12/19/2006,12.81,12.86,12.17,12.6,124300
12/20/2006,12.5,12.63,12.16,12.16,188600
12/21/2006,12.29,12.46,12.07,12.46,84300
12/22/2006,12.36,12.69,12.16,12.51,52300
12/26/2006,12.48,12.7,12.1,12.32,100400
12/27/2006,12.25,12.7,11.95,12.7,68600
12/28/2006,12.52,13.1,12.39,13.04,60700
12/29/2006,12.95,13.28,12.65,13.19,51100
01/03/2007,13.02,13.06,12.33,12.86,57800
01/04/2007,12.74,12.74,12.44,12.54,12300
01/05/2007,12.9,12.9,12.4,12.43,4000
01/08/2007,12.47,12.52,11.82,11.88,33700
01/09/2007,11.75,12.42,11.54,12.38,45900
01/10/2007,12.41,12.56,12.06,12.46,62400
01/11/2007,12.43,12.75,12.39,12.66,71800
01/12/2007,12.64,12.7,12.32,12.53,19300
01/16/2007,12.42,12.66,12.4,12.5,53800
01/17/2007,12.44,12.63,12.26,12.6,36400
01/18/2007,12.43,12.5,12.16,12.21,87200
01/19/2007,12.2,12.2,11.92,11.99,22400
01/22/2007,11.92,12.38,11.79,12.18,17100
01/23/2007,12.1,12.16,12.01,12.01,5300
01/24/2007,12.06,12.09,11.94,12.01,18700
01/25/2007,12.06,12.2,12.06,12.14,12700
01/26/2007,12.16,12.2,12.1,12.11,5000
01/29/2007,12,12.14,11.9,11.92,15000
01/30/2007,11.8,12.45,11.8,12.3,58000
01/31/2007,12.26,12.4,12.24,12.39,46000
02/01/2007,12.34,12.65,12.34,12.58,30500
02/02/2007,12.64,12.65,12.32,12.32,9400
02/05/2007,12.5,12.65,12.44,12.5,48600
02/06/2007,12.45,12.74,12.29,12.34,11000
02/07/2007,12.39,12.75,12.39,12.75,46600
02/08/2007,12.72,12.89,12.66,12.83,42300
02/09/2007,12.83,12.93,12.65,12.8,22600
02/12/2007,12.73,12.82,12.73,12.79,30800
02/13/2007,12.87,13.33,12.8,13.32,46100
02/14/2007,13.24,13.44,13.15,13.44,36800
02/15/2007,13.4,13.43,13.25,13.43,26900
02/16/2007,13.39,13.41,13.32,13.39,32700
02/20/2007,13.45,13.62,13.24,13.37,69200
02/21/2007,13.41,14.36,13.37,14.34,127400
02/22/2007,14.33,14.33,14.19,14.21,40600
02/23/2007,14.22,14.34,13.51,13.66,183300
02/26/2007,14.26,14.3,14,14.18,15700
02/27/2007,14.02,14.15,12.75,13.22,35400
02/28/2007,13.23,13.28,12.94,12.94,13500
03/01/2007,12.65,13.05,12.65,13.05,8200
03/02/2007,13.54,13.6,13.18,13.33,23400
03/05/2007,13.35,13.4,12.71,12.79,54100
03/06/2007,12.66,12.76,12.4,12.55,103300
03/07/2007,12.39,12.5,11.91,12.37,61200
03/08/2007,12.31,12.46,11.86,12.12,20700
03/09/2007,12.3,12.41,11.86,12.17,43200
03/12/2007,12.15,12.31,12.06,12.23,18900
03/13/2007,12.26,12.26,11.8,11.94,41300
03/14/2007,11.85,11.97,11.53,11.97,29500
03/15/2007,11.94,12,11.17,12,98900
03/16/2007,11.8,12.41,11.8,11.91,74900
03/19/2007,12.05,12.59,12.05,12.5,70400
03/20/2007,12.47,12.7,12.28,12.37,41900
03/21/2007,12.66,12.66,12.25,12.29,105700
03/22/2007,12.81,12.89,11.95,11.98,81200
03/23/2007,11.89,12.2,11.7,11.79,87600
03/26/2007,11.88,12.09,11.81,11.89,51400
03/27/2007,12.12,12.13,11.81,11.91,7000
03/28/2007,11.79,12.18,11.53,12.13,33400
03/29/2007,12.42,12.51,11.8,12.15,51500
03/30/2007,12.08,12.15,11.73,12.15,57700
04/02/2007,12.02,12.3,11.86,11.95,82800
04/03/2007,12.13,12.41,12.09,12.24,84200
04/04/2007,12.08,13.07,12.08,12.97,70200
04/05/2007,12.87,13.38,12.75,13.29,37700
04/09/2007,13.18,13.6,13,13.6,69200
04/10/2007,13.44,13.75,13.44,13.48,229700
04/11/2007,13.58,14.1,12.68,14.03,86400
04/12/2007,14,14.4,13.81,14.07,66700
04/13/2007,14.2,19.24,14.2,19.09,776600
04/16/2007,19.05,23.38,19.05,23,1726400
04/17/2007,23.05,23.65,22.65,23.62,592100
04/18/2007,23.23,24.71,22.75,23.44,351100
04/19/2007,23.49,24.84,23.23,23.65,280400
04/20/2007,23.87,24.58,23.73,24.1,217900
04/23/2007,24.35,24.48,23.74,24.17,181300
04/24/2007,24.25,25,24.04,24.75,222500
04/25/2007,24.7,26,24.7,25.13,274200
04/26/2007,25.42,25.44,24.66,25.09,118800
04/27/2007,25.34,25.34,24.65,24.75,114600
04/30/2007,24.76,25.63,24.68,24.69,299900
05/01/2007,24.66,25.15,24.07,24.27,168100
05/02/2007,24.12,24.84,23.95,24.73,252200
05/03/2007,24.93,25.41,24.67,25.05,253000
05/04/2007,25.43,26.82,25.21,26.61,336100
05/07/2007,26.82,27,26.26,26.66,151900
05/08/2007,27.71,27.99,26.13,26.6,325100
05/09/2007,26.6,27.49,26.58,26.99,288800
05/10/2007,26.93,27.41,26.4,27.03,216300
05/11/2007,26.96,27.75,26.75,27.4,259300
05/14/2007,27.66,28.64,27.66,28.35,353700
05/15/2007,28.53,29.25,28.05,28.75,220500
05/16/2007,28.47,29.2,28.26,28.57,85200
05/17/2007,28.59,29.09,28.59,28.77,189100
05/18/2007,29.1,29.7,28.92,29.51,204700
05/21/2007,29.84,31.1,29.79,30.55,264300
05/22/2007,30.56,31.07,30.24,30.51,176300
05/23/2007,30.75,31.16,30.05,30.08,163100
05/24/2007,30.65,30.65,29.48,29.52,112100
05/25/2007,29.3,30.45,28.54,30.25,145900
05/29/2007,30.48,31.15,30.4,30.81,172400
05/30/2007,30.94,31.9,30.25,31.65,167900
05/31/2007,31.74,33.15,31.64,32.94,479500
06/01/2007,32.9,33.57,32.6,33.4,246100
06/04/2007,33.56,34.76,33.5,34.66,410500
06/05/2007,34.78,34.79,33.97,34.3,383000
06/06/2007,33.73,34.69,33.27,34.13,239500
06/07/2007,33.81,35.98,33.4,35.27,262000
06/08/2007,35.15,35.58,34.49,35.28,165800
06/11/2007,35.25,35.98,34.66,35.86,117100
06/12/2007,36.09,38.2,35.7,37.69,488800
06/13/2007,38.19,38.88,37.69,38.5,386800
06/14/2007,38.6,40.92,38.55,40.01,469000
06/15/2007,40.21,42.41,40.21,42.25,425500
06/18/2007,42.25,42.26,37.84,37.95,561000
06/19/2007,37.81,38.71,35.09,38.36,722200
06/20/2007,38.79,38.97,37.08,37.63,252900
06/21/2007,37.38,39.44,37,39.18,194200
06/22/2007,39.16,39.95,38.7,39.9,2088100
06/25/2007,40.2,41.91,39.01,39.61,370800
06/26/2007,39.86,42.65,39.31,42.32,551000
06/27/2007,42.04,44.1,41.3,43.79,530000
06/28/2007,41.84,44.43,41.02,43.61,706900
06/29/2007,43.9,45.1,43.38,43.77,680300
07/02/2007,44.29,46.34,44.27,45.78,615600
07/03/2007,45.38,46,43.11,43.69,391800
07/05/2007,43.77,44.18,41.59,43.23,407200
07/06/2007,43,43.8,42.17,43.05,248300
07/09/2007,42.8,44.5,42.8,44.29,350800
07/10/2007,44.02,45.2,43.51,44.26,235700
07/11/2007,44.35,44.89,43.7,44.31,161500
07/12/2007,44.6,45,44.06,44.94,205400
07/13/2007,44.87,45.1,44.57,44.65,203800
07/16/2007,44.4,45.1,42.94,43.04,200800
07/17/2007,42.91,43.84,40.8,41.67,313200
07/18/2007,41.81,41.81,39.61,40.73,387900
07/19/2007,40.9,42.52,40.9,41.22,231100
07/20/2007,41.2,41.53,39.1,39.3,201400
07/23/2007,39.25,40.89,39.06,40.14,151400
07/24/2007,39.95,40.4,37.55,37.7,210200
07/25/2007,37.91,38.54,35.3,36.21,279000
07/26/2007,35.73,36.5,34,34.39,389800
07/27/2007,34.46,34.63,30.4,31.87,534500
07/30/2007,42.76,42.94,42.32,42.79,1751100
07/31/2007,42.53,42.89,42.5,42.65,1040600
08/01/2007,42.65,42.84,42.36,42.62,567800
08/02/2007,42.59,42.75,42.59,42.69,297700
08/03/2007,42.95,42.95,42.54,42.55,545900
08/06/2007,42.59,42.79,41.51,42.27,645800
08/07/2007,42.33,42.74,42.25,42.45,314800
08/08/2007,42.8,42.8,42.28,42.44,416800
08/09/2007,42.31,42.43,42,42.17,623000
08/10/2007,41.5,42.6,41.5,42.24,224200
08/13/2007,42.6,42.74,42.3,42.38,172600
08/14/2007,42.62,42.74,42.4,42.5,152000
08/15/2007,42.43,42.6,42.15,42.42,244000
08/16/2007,42.23,42.43,42.1,42.37,452400
08/17/2007,43.39,43.39,42.13,42.36,244200
08/20/2007,42.61,42.87,42.4,42.63,170500
08/21/2007,42.63,42.75,42.5,42.71,139900
08/22/2007,42.72,42.84,42.62,42.8,182600
08/23/2007,42.92,42.92,42.6,42.65,170600
08/24/2007,42.7,43.01,42.62,42.65,212000
08/27/2007,42.71,42.86,42.6,42.76,283100
08/28/2007,42.72,42.87,42.55,42.76,93300
08/29/2007,43.05,43.14,42.72,43.05,45500
08/30/2007,42.81,43.23,42.81,43,61600
08/31/2007,43.25,43.4,42.82,42.95,65900
09/04/2007,43.37,43.37,42.82,43.02,360600
09/05/2007,42.82,43.02,42.82,43,71600
09/06/2007,43.01,43.31,42.98,43,40600
09/07/2007,42.84,43.05,42.8,42.99,101200
09/10/2007,43.02,43.15,43,43.09,193100
09/11/2007,43.09,43.14,43.02,43.09,361900
09/12/2007,43.03,43.34,43.03,43.09,65700
09/13/2007,43.06,43.13,43.01,43.06,346600
09/14/2007,43,43.16,43,43.13,169200
09/17/2007,43.11,43.12,43,43.01,125000
09/18/2007,43.1,43.37,43.03,43.32,97100
09/19/2007,43.31,43.58,43.31,43.32,63000
09/20/2007,43.32,43.46,43.24,43.31,62400
09/21/2007,43.59,43.59,43.24,43.24,92500
09/24/2007,43.33,43.33,43.23,43.28,64400
09/25/2007,43.3,43.59,43.27,43.59,98000
09/26/2007,43.46,43.57,43.35,43.55,62000
09/27/2007,43.62,43.75,43.43,43.66,27600
09/28/2007,43.43,43.66,43.43,43.5,73800
10/01/2007,43.46,43.77,43.46,43.7,35800
10/02/2007,43.51,43.85,43.51,43.79,49800
10/03/2007,43.52,43.84,43.51,43.82,63900
10/04/2007,43.82,43.88,43.65,43.78,54200
10/05/2007,43.83,43.83,43.63,43.65,62100
10/08/2007,43.7,43.82,43.66,43.82,114900
10/09/2007,43.68,43.74,43.68,43.71,133200
10/10/2007,43.6,43.74,43.6,43.7,25900
10/11/2007,43.66,43.72,43.66,43.7,75800
10/12/2007,43.67,43.7,43.66,43.67,20500
10/15/2007,43.68,43.84,43.66,43.84,71100
10/16/2007,43.78,43.8,43.7,43.78,218800
10/17/2007,43.92,43.92,43.67,43.67,109200
10/18/2007,43.71,43.89,43.71,43.89,29400
10/19/2007,43.9,43.93,43.7,43.75,52600
10/22/2007,43.73,43.91,43.66,43.75,33200
10/23/2007,43.86,43.95,43.75,43.95,42100
10/24/2007,43.77,43.95,43.77,43.86,29400
10/25/2007,43.89,43.95,43.4,43.85,104500
10/26/2007,43.88,44,43.75,43.97,33100
10/29/2007,44.09,44.3,43.85,44.05,129000
10/30/2007,44.05,44.16,44.05,44.05,91600
10/31/2007,44.12,44.3,44.05,44.3,27500
11/01/2007,44.08,44.24,44.05,44.18,54600
11/02/2007,44.25,44.25,43.94,44.19,75600
11/05/2007,43.97,44.24,43.97,44.05,27500
11/06/2007,44.29,44.48,44.12,44.41,27300
11/07/2007,43.95,44.17,43.47,44.02,26300
11/08/2007,44.22,44.71,43.98,44.29,34500
11/09/2007,43.8,44.29,43.7,44.2,25800
11/12/2007,44.3,44.41,44.3,44.3,32100
11/13/2007,44.57,44.57,43.84,44.06,88500
11/14/2007,44.13,44.13,43.7,43.75,165400
11/15/2007,43.79,43.87,43.71,43.76,158400
11/16/2007,43.82,43.96,43.76,43.9,251900
11/19/2007,43.85,43.98,43.85,43.89,217800
11/20/2007,43.98,43.98,43.88,43.89,183000
11/21/2007,43.81,44,43.81,43.96,62900
11/23/2007,44.01,44.16,44.01,44.09,176800
11/26/2007,44.01,44.13,44.01,44.07,164200
11/27/2007,44.21,44.21,43.95,43.99,219100
11/28/2007,44.2,44.2,43.95,44.1,65300
11/29/2007,44.11,44.17,43.98,44.04,59000
11/30/2007,44.06,44.1,44,44.07,191200
12/03/2007,44.06,44.1,44.06,44.09,75400
12/04/2007,43.95,44.1,43.95,44.06,65500
12/05/2007,44.23,44.23,44.06,44.15,108200
12/06/2007,44.08,44.1,44.08,44.1,70100
12/07/2007,44,44.1,44,44.07,141000
12/10/2007,44.22,44.22,44.06,44.09,30900
12/11/2007,44.21,44.21,44.06,44.06,39800
12/12/2007,44.21,44.21,44.06,44.09,36400
12/13/2007,44.09,44.21,44.09,44.2,48200
12/14/2007,44.02,44.23,44.02,44.04,30800
12/17/2007,44.02,44.18,44.02,44.08,60500
12/18/2007,44.23,44.25,44.1,44.17,44300
12/19/2007,44.17,44.35,44.13,44.27,60800
12/20/2007,44.48,44.48,44.2,44.24,89100
12/21/2007,44.89,44.89,44.29,44.32,128000
12/24/2007,44.35,44.35,44.22,44.22,16700
12/26/2007,44.24,44.32,44.24,44.24,57800
12/27/2007,44.24,44.29,44.23,44.26,75200
12/28/2007,44.49,44.49,44.06,44.25,26500
12/31/2007,44.11,44.35,44.1,44.19,125800
01/02/2008,44.04,44.24,44.02,44.08,207000
01/03/2008,44.13,44.39,44.06,44.15,175100
01/04/2008,43.95,44.21,43.95,44.19,176000
01/07/2008,44.3,44.3,44.19,44.25,76000
01/08/2008,44.3,44.3,44.19,44.2,61100
01/09/2008,44.26,44.3,44.17,44.2,95100
01/10/2008,44.12,44.3,44.12,44.3,53300
01/11/2008,44.11,44.38,44.11,44.3,58200
01/14/2008,44.43,44.43,44.25,44.27,115100
01/15/2008,44.25,44.3,44.19,44.2,115900
01/16/2008,44.2,44.3,44.19,44.2,309800
01/17/2008,44.2,44.3,44.08,44.15,220700
01/18/2008,44.15,44.2,44.1,44.13,198400
01/22/2008,43.81,44.25,43.81,44.18,121800
01/23/2008,43.83,44.25,43.83,44.23,138700
01/24/2008,44.32,44.44,44.15,44.19,144000
01/25/2008,44.37,44.37,44.16,44.18,109900
01/28/2008,44.09,44.24,44.04,44.2,44700
01/29/2008,44.2,44.24,44.15,44.21,45800
01/30/2008,43.98,44.3,43.93,44.09,141100
01/31/2008,44,44.29,44,44.12,53000
02/01/2008,44.25,44.25,44.06,44.17,70900
02/04/2008,44.13,44.2,44.05,44.11,70000
02/05/2008,44.05,44.21,44.05,44.11,192500
02/06/2008,44.24,44.24,44.05,44.07,184900
02/07/2008,44.09,44.15,43.63,43.95,380000
02/08/2008,43.88,44.02,43.84,44.02,110500
02/11/2008,44.01,44.1,43.89,44,139400
02/12/2008,44.17,44.17,43.96,44.05,99900
02/13/2008,44.25,44.25,43.91,44.01,151300
02/14/2008,43.99,44.05,43.99,44.01,78000
02/15/2008,43.86,44.08,43.83,44.03,123800
02/19/2008,44.22,44.22,43.56,43.83,161100
02/20/2008,43.59,44,43.55,43.92,196600
02/21/2008,44.04,44.05,43.87,43.91,73500
02/22/2008,43.99,43.99,43.87,43.99,84000
02/25/2008,44.05,44.08,43.85,43.93,41900
02/26/2008,44,44.17,43.97,44.14,544800
02/27/2008,44.24,44.24,44.11,44.18,77300
02/28/2008,43.92,44.23,43.92,44.2,146700
02/29/2008,44.11,44.26,43.99,44.07,253000
03/03/2008,44.03,44.05,43.9,43.95,190700
03/04/2008,43.81,44.02,43.81,44,131400
03/05/2008,44.13,44.2,43.95,44,89700
03/06/2008,44.04,44.15,43.95,43.96,156600
03/07/2008,43.98,44.07,43.95,44.06,44000
03/10/2008,44.17,44.17,44,44.04,66200
03/11/2008,44.25,44.25,44,44.05,181000
03/12/2008,44.23,44.23,43.35,44.02,395200
03/13/2008,43.95,44.09,43.92,44.09,297100
03/14/2008,44.28,44.28,43.92,43.95,147700
03/17/2008,43.91,44,43.9,43.93,69800
03/18/2008,44.15,44.17,43.88,43.96,119500
03/19/2008,44.19,44.19,42.81,43.58,462700
03/20/2008,43.81,44.05,43.48,44,380500
03/24/2008,44.09,44.09,43.95,44,71500
03/25/2008,43.95,44.05,43.95,44.02,185900
03/26/2008,43.99,44.09,43.85,43.95,117700
03/27/2008,44.08,44.25,43.98,44.25,181300
03/28/2008,44.35,44.43,44.19,44.24,77700
03/31/2008,44.18,44.24,44.18,44.23,102400
04/01/2008,44.5,44.5,44.21,44.23,92600
04/02/2008,44.43,44.46,44.25,44.37,92400
04/03/2008,44.25,44.46,44.23,44.38,191000
04/04/2008,44.5,44.5,44.23,44.23,169100
04/07/2008,44.46,44.46,44.21,44.22,87800
04/08/2008,44.1,44.36,44.1,44.31,25300
04/09/2008,44.34,44.38,44.25,44.33,36100
04/10/2008,44.02,44.37,44.02,44.27,85900
04/11/2008,44.18,44.43,44.18,44.28,97300
04/14/2008,44.25,44.43,44.25,44.26,89000
04/15/2008,44.43,44.43,44.16,44.25,125300
04/16/2008,44.5,44.5,44.25,44.31,88200
04/17/2008,44.28,44.28,44.24,44.25,87500
04/18/2008,44.48,44.48,44.25,44.27,134500
04/21/2008,44.15,44.33,44.15,44.25,273600
04/22/2008,44.11,44.52,44.11,44.47,235700
04/23/2008,44.4,44.42,44.25,44.32,190700
04/24/2008,44.39,44.39,44.3,44.34,133200
04/25/2008,44.47,44.47,44.3,44.31,135300
04/28/2008,44.35,44.41,44.35,44.38,107500
04/29/2008,44.38,44.4,44.31,44.39,142000
04/30/2008,44.44,44.5,44.34,44.4,188300
05/01/2008,44.32,44.52,44.32,44.46,249900
05/02/2008,44.64,44.67,44.4,44.47,70500
05/05/2008,44.4,44.51,44.33,44.4,29600
05/06/2008,44.45,44.65,44.44,44.51,56400
05/07/2008,44.62,44.68,44.47,44.54,18000
05/08/2008,44.59,44.59,44.46,44.54,22300
05/09/2008,44.49,44.57,44.49,44.55,92500
05/12/2008,44.5,44.68,44.49,44.63,101300
05/13/2008,44.68,44.75,44.57,44.6,23300
05/14/2008,44.48,44.61,44.47,44.56,23800
05/15/2008,44.51,44.57,44.5,44.52,25200
05/16/2008,44.67,44.67,44.45,44.51,84200
05/19/2008,44.6,44.69,44.49,44.53,64200
05/20/2008,44.51,44.69,44.51,44.57,63400
05/21/2008,44.6,44.66,44.57,44.61,48100
05/22/2008,44.57,44.83,44.57,44.7,64200
05/23/2008,44.63,44.73,44.62,44.68,24500
05/27/2008,44.74,44.74,44.62,44.63,25500
05/28/2008,44.67,44.7,44.62,44.67,19500
05/29/2008,44.63,44.69,44.63,44.68,46900
05/30/2008,44.75,44.75,44.66,44.68,132800
06/02/2008,44.67,44.8,44.66,44.71,94800
06/03/2008,44.78,44.78,44.68,44.7,94400
06/04/2008,44.7,44.8,44.69,44.8,96400
06/05/2008,44.8,44.8,44.69,44.75,128500
06/06/2008,44.7,44.75,44.7,44.7,30000
06/09/2008,44.7,44.75,44.67,44.75,59800
06/10/2008,44.65,44.8,44.65,44.76,392800
06/11/2008,44.75,44.8,44.74,44.75,247800
06/12/2008,44.75,44.78,44.72,44.72,160400
06/13/2008,44.72,44.77,44.71,44.75,92400
06/16/2008,44.78,44.79,44.74,44.74,49800
06/17/2008,44.76,44.77,44.71,44.75,56000
06/18/2008,44.7,44.76,44.7,44.73,38500
06/19/2008,44.75,44.79,44.73,44.76,32500
06/20/2008,44.73,44.79,44.71,44.76,99200
06/23/2008,44.78,44.78,44.69,44.7,37800
06/24/2008,44.69,44.72,44.64,44.64,138000
06/25/2008,44.61,44.71,44.6,44.64,123500
06/26/2008,44.6,44.68,44.6,44.6,119900
06/27/2008,44.55,44.66,44.51,44.54,242200
06/30/2008,44.57,44.63,44.5,44.51,82900
07/01/2008,44.73,44.73,44.46,44.54,57700
07/02/2008,44.55,44.65,44.43,44.55,169200
07/03/2008,44.56,44.59,43.94,44.45,246200
07/07/2008,44.3,44.45,44.21,44.33,71400
07/08/2008,44.47,44.74,44.35,44.44,59600
07/09/2008,44.25,44.52,44.09,44.47,375000
07/10/2008,44.4,44.58,44.4,44.56,245300
07/11/2008,44.5,44.69,44.5,44.68,67900
07/14/2008,44.75,44.75,44.4,44.5,63700
07/15/2008,43.59,44.68,43.5,44.58,140300
07/16/2008,44.51,44.63,44.51,44.63,51800
07/17/2008,44.75,44.75,44.64,44.7,139700
07/18/2008,44.7,44.75,44.58,44.74,167300
07/21/2008,44.71,44.79,44.62,44.69,129000
07/22/2008,44.6,44.77,44.6,44.74,88300
07/23/2008,44.71,44.79,44.7,44.74,77100
07/24/2008,44.74,44.85,44.7,44.85,44400
07/25/2008,44.85,44.9,44.75,44.89,80600
07/28/2008,44.85,44.91,44.81,44.88,52700
07/29/2008,44.99,44.99,44.85,44.95,78400
07/30/2008,44.99,44.99,44.9,44.95,75100
07/31/2008,44.9,44.97,44.9,44.91,198600
08/01/2008,44.98,45.01,44.98,44.98,183300
08/04/2008,44.96,44.99,44.92,44.98,83500
08/05/2008,45,45,44.91,44.96,110800
08/06/2008,44.95,44.99,44.9,44.98,115500
