12/09/2011,14.793,15.081,14.432,14.432,8372232
12/12/2011,14.418,14.418,14.071,14.201,418953
12/13/2011,13.972,14.21,13.857,13.925,224614
12/14/2011,13.783,14.128,13.682,13.819,168249
12/15/2011,13.891,13.979,13.727,13.79,104513
12/16/2011,13.811,13.927,13.732,13.855,125281
12/19/2011,13.855,14.071,13.855,13.949,61819
12/20/2011,14.071,14.071,13.891,13.949,54857
12/21/2011,13.855,14.203,13.84,14.114,55431
12/22/2011,14.143,14.273,14.143,14.165,75184
12/23/2011,14.277,14.305,14.089,14.226,76762
12/27/2011,14.216,14.368,14.194,14.317,103808
12/28/2011,14.345,14.439,14.216,14.432,70164
12/29/2011,14.497,14.793,14.403,14.62,139593
12/30/2011,14.627,14.822,14.46,14.822,44966
01/03/2012,15.049,15.097,14.58,14.869,87865
01/04/2012,14.793,15.031,14.699,14.851,131828
01/05/2012,14.735,14.88,14.583,14.699,114944
01/06/2012,14.685,14.75,14.584,14.648,38630
01/09/2012,14.598,14.699,14.331,14.533,57302
01/10/2012,14.648,14.757,14.367,14.699,147702
01/11/2012,14.829,14.829,14.49,14.627,54619
01/12/2012,14.555,14.764,14.504,14.511,89601
01/13/2012,14.457,14.688,14.392,14.566,44282
01/17/2012,14.596,14.784,14.509,14.723,47840
01/18/2012,14.767,15.157,14.767,15.121,271313
01/19/2012,15.136,15.172,14.825,14.847,90870
01/20/2012,14.865,15.024,14.612,14.735,55849
01/23/2012,14.764,14.923,14.627,14.923,30561
01/24/2012,14.822,15.016,14.591,14.937,56716
01/25/2012,14.894,15.219,14.861,15.154,143786
01/26/2012,15.175,15.274,15.032,15.045,100475
01/27/2012,15.016,15.182,14.915,14.959,80433
01/30/2012,14.955,15.114,14.832,14.97,84198
01/31/2012,14.98,15.233,14.908,15.146,189182
02/01/2012,15.202,15.34,15.132,15.209,87947
02/02/2012,15.274,15.484,15.231,15.441,94178
02/03/2012,15.564,15.738,15.274,15.347,82817
02/06/2012,15.311,15.564,15.238,15.564,46604
02/07/2012,15.636,16.042,15.636,16.013,73906
02/08/2012,15.991,16.245,15.839,16.245,49476
02/09/2012,16.255,16.447,15.922,16.234,78740
02/10/2012,16.056,16.324,16.056,16.252,36094
02/13/2012,16.288,16.295,16.216,16.259,17379
02/14/2012,16.643,16.679,16.288,16.599,94739
02/15/2012,16.664,17.251,16.578,16.954,90744
02/16/2012,17.03,17.117,16.892,16.965,74217
02/17/2012,17.041,17.084,16.889,16.99,69035
02/21/2012,17.019,17.084,16.831,16.882,43112
02/22/2012,16.853,17.005,16.853,17.005,22194
02/23/2012,17.077,17.171,17.048,17.113,57066
02/24/2012,17.106,17.193,16.948,17.063,33793
02/27/2012,17.084,17.12,17.005,17.063,37097
02/28/2012,17.037,17.175,17.037,17.131,25515
02/29/2012,17.106,17.577,17.106,17.265,144086
03/01/2012,17.381,17.649,17.359,17.519,59987
03/02/2012,17.504,17.736,17.432,17.678,33992
03/05/2012,17.642,18.018,17.642,18.011,136748
03/06/2012,17.902,18.098,17.808,17.953,108007
03/07/2012,17.924,18.264,17.924,18.054,121968
03/08/2012,18.177,18.409,18.054,18.083,63246
03/09/2012,18.134,18.395,17.917,18.141,79613
03/12/2012,18.156,18.387,18.112,18.228,118401
03/13/2012,18.384,18.398,18.001,18.051,178735
03/14/2012,18.069,18.206,17.736,17.757,219403
03/15/2012,17.649,17.903,17.402,17.671,360008
03/16/2012,17.747,18.261,17.486,18.167,273586
03/19/2012,18.271,18.525,17.91,18.062,172892
03/20/2012,18.054,18.069,17.772,17.975,37711
03/21/2012,17.975,18.148,17.953,18.047,38142
03/22/2012,17.975,17.975,17.454,17.497,117708
03/23/2012,17.497,17.569,17.142,17.548,171930
03/26/2012,17.649,18.227,17.649,17.953,85280
03/27/2012,18.04,18.04,17.794,17.91,21864
03/28/2012,17.888,17.917,17.678,17.678,99151
03/29/2012,17.663,17.663,17.041,17.164,87317
03/30/2012,17.222,17.374,16.911,17.258,89724
04/02/2012,17.32,17.421,17.124,17.182,85083
04/03/2012,17.229,17.33,17.106,17.178,55148
04/04/2012,17.077,17.2,16.737,16.947,62187
04/05/2012,16.878,17.037,16.784,16.921,65413
04/09/2012,16.773,17.2,16.773,16.86,19313
04/10/2012,16.892,17.014,16.798,16.9,45968
04/11/2012,17.063,17.063,16.802,17.012,29248
04/12/2012,17.034,17.157,16.911,17.026,43292
04/13/2012,16.918,16.997,16.853,16.997,29691
04/16/2012,17.055,17.301,16.867,16.882,22126
04/17/2012,17.005,17.345,16.932,17.026,31343
04/18/2012,17.019,17.12,16.925,17.048,32025
04/19/2012,17.034,17.2,17.034,17.12,29822
04/20/2012,17.229,17.374,17.193,17.193,29751
04/23/2012,17.012,17.128,16.976,17.084,40362
04/24/2012,17.077,17.367,17.013,17.367,59364
04/25/2012,17.522,17.732,17.24,17.653,33544
04/26/2012,17.562,17.577,17.461,17.577,14018
04/27/2012,17.692,17.7,17.577,17.584,5684
04/30/2012,17.605,17.605,17.396,17.511,41908
05/01/2012,17.482,17.663,17.425,17.482,9214
05/02/2012,17.417,17.482,17.323,17.425,39572
05/03/2012,17.508,17.691,17.184,17.361,16728
05/04/2012,17.199,17.397,17.14,17.383,14539
05/07/2012,17.338,17.559,17.25,17.471,15422
05/08/2012,17.397,17.449,17.274,17.39,39488
05/09/2012,17.39,17.941,17.39,17.941,36368
05/10/2012,17.838,18.706,17.559,17.736,77967
05/11/2012,17.831,17.831,17.353,17.647,25770
05/14/2012,17.5,17.566,17.295,17.295,29978
05/15/2012,17.287,17.353,16.699,16.978,50955
05/16/2012,16.956,17.023,16.75,16.779,60156
05/17/2012,16.713,16.713,16.28,16.552,55896
05/18/2012,16.655,16.824,16.456,16.816,32984
05/21/2012,16.728,17.316,16.728,17.206,30244
05/22/2012,17.213,17.39,17.14,17.28,65882
05/23/2012,17.353,17.353,17.118,17.258,9926
05/24/2012,17.228,17.302,17.059,17.059,48140
05/25/2012,17.133,17.905,16.971,17.794,98514
05/29/2012,17.824,18.383,17.824,18.324,50688
05/30/2012,17.914,18.45,17.501,18.015,73423
05/31/2012,18.066,18.287,17.449,17.655,19877
06/01/2012,17.405,17.684,16.809,17.684,35825
06/04/2012,17.414,17.414,16.461,16.883,39231
06/05/2012,16.879,17.041,16.614,16.827,14959
06/06/2012,17.008,17.28,16.728,16.838,15926
06/07/2012,16.952,17.299,16.93,17.21,219570
06/08/2012,17.103,17.625,17.103,17.537,8945
06/11/2012,17.655,17.897,17.316,17.338,15525
06/12/2012,17.419,17.419,17.28,17.397,6970
06/13/2012,17.169,17.449,17.155,17.316,4124
06/14/2012,17.316,17.574,17.022,17.213,20188
06/15/2012,17.508,17.559,17.265,17.338,32141
06/18/2012,17.309,17.309,17.052,17.236,14975
06/19/2012,17.353,17.353,17.148,17.353,3672
06/20/2012,17.383,17.441,17.236,17.28,28636
06/21/2012,17.039,17.455,16.828,17.302,13745
06/22/2012,17.434,17.941,17.427,17.927,46145
06/25/2012,17.596,17.809,17.132,17.36,31590
06/26/2012,17.434,17.794,17.434,17.691,44593
06/27/2012,17.798,17.901,17.548,17.901,37772
06/28/2012,17.905,17.905,17.75,17.868,6011
06/29/2012,17.868,18.125,17.721,17.963,22245
07/02/2012,17.872,18.908,17.872,18.232,30303
07/03/2012,18.236,18.272,17.956,18.184,238007
07/05/2012,18.052,18.381,17.187,18.081,32047
07/06/2012,17.831,18.147,17.831,18.052,8990
07/09/2012,18.28,18.493,18.03,18.493,31146
07/10/2012,18.636,18.651,18.287,18.357,23250
07/11/2012,18.243,18.574,18.03,18.456,28489
07/12/2012,18.369,18.604,18.369,18.565,8104
07/13/2012,18.508,18.824,18.361,18.5,84212
07/16/2012,18.552,19.118,18.552,19.088,14981
07/17/2012,19.118,19.118,18.412,18.758,15591
07/18/2012,18.758,19.412,18.324,18.934,31263
07/19/2012,19.081,19.919,19.081,19.515,48594
07/20/2012,19.408,19.585,19.342,19.585,37745
07/23/2012,19.552,19.559,19.147,19.486,9142
07/24/2012,19.408,19.577,19.232,19.57,11839
07/25/2012,19.943,19.943,18.384,19.044,50914
07/26/2012,18.963,19.228,18.471,19.228,30396
07/27/2012,19.228,19.287,19.191,19.287,1904
07/30/2012,19.162,19.287,18.691,19.133,15119
07/31/2012,19.28,19.309,19.191,19.272,121682
08/01/2012,19.287,20.15,19.199,20,117788
08/02/2012,19.876,20.26,18.992,19.555,46873
08/03/2012,19.637,19.958,19.518,19.518,1615
08/06/2012,19.615,19.712,19.533,19.585,10490
08/07/2012,19.741,20.1,19.741,19.95,9269
08/08/2012,19.774,20.13,19.612,19.95,2312
08/09/2012,20.11,21.87,20.06,21.45,7890
08/10/2012,21.33,21.33,20.31,20.81,23935
08/13/2012,20.76,20.96,20.23,20.93,26637
08/14/2012,20.96,21.02,20.85,20.96,7438
08/15/2012,21.34,21.34,20.81,20.93,3133
08/16/2012,20.88,20.88,20.31,20.62,25256
08/17/2012,20.81,21.23,20.48,20.88,11391
08/20/2012,20.88,21.15,20.88,21.13,4325
08/21/2012,21.03,21.13,20.88,21.07,3385
08/22/2012,21.11,21.11,20.25,20.7,6411
08/23/2012,20.82,20.98,20.24,20.66,15114
08/24/2012,20.88,21.19,20.82,20.82,2278
08/27/2012,21.02,21.06,20.88,21,4183
08/28/2012,21.05,22.02,20.57,21.91,49733
08/29/2012,21.91,22.36,21.69,22.23,9314
08/30/2012,22.31,22.31,21.64,21.64,5541
08/31/2012,21.93,22.08,21.03,21.23,10115
09/04/2012,21.32,21.32,20.79,21.2,20858
09/05/2012,21.05,21.14,20.67,21.14,23597
09/06/2012,21.34,22.11,21.34,21.91,18433
09/07/2012,21.77,22.78,21.77,22.78,24523
09/10/2012,22.58,24.44,22.37,24.44,16404
09/11/2012,24.42,24.43,23.39,23.42,17857
09/12/2012,23.09,23.25,22.56,22.58,21317
09/13/2012,22.52,23.35,22.51,23.19,5947
09/14/2012,23,24.6,22.57,24.13,41906
09/17/2012,24.17,24.61,23.88,24.09,24990
09/18/2012,23.88,23.88,23.19,23.46,16235
09/19/2012,23.54,23.68,23.14,23.46,12537
09/20/2012,23.31,24.19,23.15,23.9,15535
09/21/2012,24.85,24.85,24,24.3,22637
09/24/2012,24.34,25.16,24.34,24.96,13819
09/25/2012,24.96,25.54,24.72,25.17,36293
09/26/2012,25.17,25.79,23.79,25,37308
09/27/2012,25.3,25.3,23.92,23.92,13790
09/28/2012,24.2,24.32,23.78,23.94,5382
10/01/2012,24.25,24.61,22.75,23.12,12779
10/02/2012,23.36,24.47,23.36,24.47,16057
10/03/2012,24.47,24.57,24.19,24.42,13021
10/04/2012,24.66,24.8,24.07,24.37,10225
10/05/2012,24.28,24.36,23.43,23.43,10506
10/08/2012,23.3,24.11,22.75,24.11,20269
10/09/2012,23.92,23.93,23.13,23.57,16451
10/10/2012,23.45,23.67,23.15,23.37,27534
10/11/2012,23.11,23.71,23.05,23.05,4289
10/12/2012,23.11,23.63,23.08,23.16,33789
10/15/2012,23.03,23.55,22.79,23.38,11064
10/16/2012,23.38,23.46,23.25,23.34,16829
10/17/2012,23.72,23.72,23.14,23.37,62341
10/18/2012,23.17,23.38,23.12,23.15,17804
10/19/2012,23.2,23.44,23.2,23.28,6282
10/22/2012,23.16,23.42,23.16,23.35,16100
10/23/2012,23.39,23.49,23.23,23.49,21530
10/24/2012,23.46,23.6,23.27,23.42,28125
10/25/2012,23.49,23.96,23.46,23.71,26155
10/26/2012,24.09,24.19,23.82,24.09,6778
10/31/2012,24.06,24.5,23.38,24.21,112331
11/01/2012,24.19,24.23,24.01,24.01,16798
11/02/2012,24.11,24.11,23.03,23.5,27922
11/05/2012,23.71,23.85,23.13,23.4,27584
11/06/2012,23.41,23.43,23.18,23.24,14273
11/07/2012,23.33,23.33,22.63,23.01,20248
11/08/2012,23.02,23.14,22.7,22.84,30708
11/09/2012,23.02,23.3,22.68,23.29,5165
11/12/2012,23.04,23.31,22.35,22.64,44781
11/13/2012,22.08,23.18,22.08,22.65,68501
11/14/2012,22.65,22.65,21.8,22.19,89148
11/15/2012,22.42,22.42,21.48,21.76,43272
11/16/2012,21.59,23.15,21.59,22.87,21103
11/19/2012,22.9,24.45,22.89,23.78,25327
11/20/2012,23.79,24.08,23.55,24.08,6471
11/21/2012,24.18,24.28,23.86,24.22,4124
11/26/2012,24.89,24.99,24.39,24.39,9872
11/27/2012,24.59,24.59,24.17,24.19,12757
11/28/2012,24.2,24.9,24.2,24.47,17770
11/29/2012,24.91,24.91,24.16,24.16,2570
11/30/2012,24.16,24.9,23.85,24.9,4497
12/03/2012,24.79,24.9,24.41,24.9,5338
12/04/2012,24.62,24.62,23.68,24.11,8038
12/05/2012,23.77,24.09,23.45,23.9,3047
12/06/2012,23.45,24.28,23.4,23.49,10526
12/07/2012,24.55,24.55,23.59,24.01,2714
12/10/2012,23.09,24.15,22.76,23.06,30128
12/11/2012,22.76,23.14,22.76,22.99,29975
12/12/2012,22.76,23.18,22.74,23.13,18347
12/13/2012,22.95,23.25,22.63,23.17,7161
12/14/2012,22.9,23.59,22.9,23,8301
12/17/2012,22.27,23.78,22.27,23.32,17053
12/18/2012,23.55,23.77,22.9,23.03,5689
12/19/2012,23.05,23.37,23.03,23.17,16368
12/20/2012,23.22,23.74,23.09,23.23,18620
12/21/2012,23.35,23.76,23.08,23.5,30218
12/24/2012,23.48,23.48,23.48,23.48,1060
12/26/2012,23.4,23.53,23.03,23.03,11084
12/27/2012,23.03,23.21,23.03,23.03,9652
12/28/2012,23.03,23.4,23.03,23.07,22367
12/31/2012,22.93,23.76,22.93,23.76,36790
01/02/2013,23.84,24.11,23.82,23.99,17774
01/03/2013,24.01,24.21,23.97,24.13,5077
01/04/2013,24.11,24.12,23.71,24.12,2147
01/07/2013,23.95,24.59,23.95,24.57,10401
01/08/2013,24.85,24.93,24.61,24.71,23267
01/09/2013,24.77,25.05,24.47,24.61,127876
01/10/2013,24.76,24.78,24.43,24.49,48416
01/11/2013,24.49,24.53,23.9,24.33,35534
01/14/2013,24.26,24.26,23.78,24,32369
01/15/2013,23.88,24.16,23.86,24.01,16847
01/16/2013,24.08,24.16,24.05,24.16,6345
01/17/2013,24.21,24.21,23.94,24.06,7558
01/18/2013,24.16,24.3,24.16,24.23,10928
01/22/2013,24.36,24.57,24.36,24.38,63639
01/23/2013,24.5,24.69,24.26,24.47,10249
01/24/2013,24.47,24.78,24.47,24.72,13324
01/25/2013,24.61,24.88,24.61,24.79,7279
01/28/2013,24.87,24.88,24.57,24.69,28252
01/29/2013,24.88,24.91,24.69,24.84,18160
01/30/2013,24.88,24.88,24.54,24.69,16372
01/31/2013,24.7,25.12,24.7,25.12,1531
02/01/2013,25.8,25.8,25.25,25.25,8144
02/04/2013,24.93,25.49,24.54,24.96,12569
02/05/2013,25.02,25.21,24.99,25.09,6163
02/06/2013,25.22,25.29,24.95,24.96,11491
02/07/2013,25,25,24.63,24.82,1653
02/08/2013,24.88,24.88,23.8,23.92,17068
02/11/2013,23.99,24.79,23.97,24.46,16533
02/12/2013,24.83,24.91,24.53,24.73,8764
02/13/2013,24.84,24.84,24.07,24.46,6740
02/14/2013,24.23,24.71,24.23,24.46,21533
02/15/2013,24.4,25.53,24.4,25.15,70998
02/19/2013,25.21,25.35,25.07,25.3,90487
02/20/2013,25.16,26.14,25.16,25.9,155236
02/21/2013,25.81,26.62,25.57,25.57,33472
02/22/2013,25.93,26.36,25.04,25.13,24377
02/25/2013,25.39,25.97,25.38,25.76,41420
02/26/2013,25.71,25.9,25.49,25.75,20126
02/27/2013,25.81,25.97,25.67,25.67,44278
02/28/2013,25.84,26.29,25.39,25.97,25680
03/01/2013,25.77,26.33,25.47,26.29,11929
03/04/2013,26.01,26.21,25.97,25.97,18660
03/05/2013,26.29,26.29,26.01,26.26,9527
03/06/2013,26.22,26.69,25.99,26.22,31095
03/07/2013,26.26,26.65,26.18,26.63,22383
03/08/2013,26.6,28.06,26.6,28.06,31954
03/11/2013,30.4,30.4,27.62,27.85,34124
03/12/2013,28.01,28.24,27.9,27.9,3087
03/13/2013,27.9,28.2,27.9,28.2,3022
03/14/2013,27.89,28.17,27.72,27.72,5096
03/15/2013,27.98,28.25,27.32,28,23749
03/18/2013,28.22,29.12,28.22,28.59,14468
03/19/2013,28.66,28.91,28.36,28.58,9989
03/20/2013,28.64,29.38,28.48,28.85,88885
03/21/2013,28.88,30.44,28.85,29.55,51398
03/22/2013,30.19,30.3,28.9,29.6,25790
03/25/2013,28.78,28.78,27.21,28.05,29481
03/26/2013,28.37,29.43,28.11,29.1,7845
03/27/2013,29,29.44,28.85,28.97,22606
03/28/2013,28.58,30.39,28.58,30.3,94315
04/01/2013,30.15,30.15,28.79,29.43,10824
04/02/2013,29.23,29.84,29.23,29.24,10777
04/03/2013,29.27,29.27,28.36,28.66,34724
04/04/2013,28.71,29.22,28.61,29.22,8111
04/05/2013,28.96,29.17,28.77,29.04,5423
04/08/2013,29.62,29.72,29.56,29.7,6161
04/09/2013,30.42,30.42,29.39,29.81,12610
04/10/2013,30.09,30.42,29.58,30.12,43862
04/11/2013,29.96,30.42,29.96,30.38,16116
04/12/2013,29.64,30.09,28.98,29.7,32281
04/15/2013,28.86,29.2,27.53,27.91,45479
04/16/2013,27.74,29.88,27.58,29.47,29461
04/17/2013,29.47,29.81,28.1,28.4,12655
04/18/2013,28.39,29.26,28.33,28.46,16472
04/19/2013,29.08,29.47,28.98,29.46,5296
04/22/2013,29.45,29.45,27.82,28.36,17571
04/23/2013,28.38,29.81,28.37,28.61,43084
04/24/2013,28.86,29.71,28.86,29.34,4196
04/25/2013,29.61,29.78,29.28,29.55,2374
04/26/2013,29.2,29.63,29.2,29.54,37322
04/29/2013,29.64,29.81,29.49,29.81,6727
04/30/2013,29.81,30.19,29.36,30.19,103717
05/01/2013,30.23,32.22,30.12,32.22,23548
05/02/2013,31.99,32.45,31.8,32.03,15834
05/03/2013,31.96,32.06,31.66,31.66,2597
05/06/2013,31.27,31.64,30.98,31.13,3157
05/07/2013,31.66,31.7,31,31.2,4274
05/08/2013,30.99,30.99,30.48,30.61,5227
05/09/2013,30.3,30.46,28.72,30.29,8730
05/10/2013,30.15,31.15,30.15,30.87,13268
05/13/2013,30.71,30.88,28.63,29.82,41555
05/14/2013,29.5,30.16,29.5,30.15,17012
05/15/2013,30.16,30.47,29.55,29.73,15635
05/16/2013,29.72,30.12,29.42,30.11,11114
05/17/2013,30.23,30.5,29.84,29.84,15320
05/20/2013,29.93,30.42,29.85,30.04,4788
05/21/2013,30.12,30.48,29.97,30.23,30405
05/22/2013,30.19,30.19,29.92,30.16,5839
05/23/2013,29.59,29.74,29.51,29.58,16271
05/24/2013,29.69,30.16,29.02,30.09,13766
05/28/2013,30.36,30.36,29.15,29.15,14154
05/29/2013,29.27,29.27,28.71,28.96,26604
05/30/2013,29.09,30.12,28.69,29.66,19361
05/31/2013,29.62,30.14,28.19,28.59,67357
06/03/2013,28.41,28.61,28.06,28.06,34380
06/04/2013,27.02,27.2,26.93,27.1,45468
06/05/2013,27.14,27.71,27.13,27.14,135290
06/06/2013,27.22,29.79,27.22,27.49,40246
06/07/2013,27.52,28.67,27.49,27.84,12747
06/10/2013,27.8,28.02,27.45,28,4945
06/11/2013,27.76,27.91,27.34,27.52,11186
06/12/2013,27.74,27.74,27.07,27.51,45154
06/13/2013,27.23,28,26.84,27.96,2778
06/14/2013,27.53,28.57,27.4,28.54,16684
06/17/2013,27.73,28.57,27.73,28.57,11813
06/18/2013,28.57,28.57,28.19,28.49,6951
06/19/2013,28.37,28.46,27.44,28.36,18554
06/20/2013,28.33,28.38,27.55,27.98,9308
06/21/2013,27.87,28.2,27.74,28.12,29144
06/24/2013,27.34,27.99,27.34,27.63,5809
06/25/2013,27.92,28.06,27.55,28.06,40895
06/26/2013,28.21,28.57,28.21,28.57,12310
06/27/2013,28.91,28.91,28.41,28.52,6957
06/28/2013,28.57,28.57,28.19,28.28,32141
07/01/2013,28.55,28.57,28.3,28.57,20382
07/02/2013,29.46,29.46,28.49,28.65,9753
07/03/2013,28.59,28.59,27.88,27.96,8686
07/05/2013,27.91,28.13,27.88,27.88,4125
07/08/2013,28.44,29.09,28.44,28.79,21862
07/09/2013,28.7,28.88,28.23,28.45,6954
07/10/2013,28.47,29.01,27.45,28.03,16963
07/11/2013,28.37,29.21,27.77,28.12,27303
07/12/2013,28.63,29.34,28.23,28.74,33441
07/15/2013,28.96,29.82,28.46,29.82,35521
07/16/2013,29.82,30.04,28.66,29.21,27223
07/17/2013,29.35,29.35,27.82,28.06,25944
07/18/2013,28.35,28.52,28.1,28.31,26223
07/19/2013,28.41,28.42,27.72,27.72,38572
07/22/2013,28.03,28.45,27.69,27.92,33434
07/23/2013,28.13,28.13,27.3,27.54,75363
07/24/2013,27.67,28.13,26.89,27.74,153085
07/25/2013,27.5,30.16,27.14,28.41,86902
07/26/2013,28.43,28.79,28.21,28.23,14814
07/29/2013,28.26,29.01,28.23,28.67,17369
07/30/2013,28.5,28.67,28.25,28.43,13075
07/31/2013,28.58,28.99,28.57,28.57,12191
08/01/2013,28.46,29,28.33,28.38,26874
08/02/2013,28.39,28.72,27.94,28.14,20300
08/05/2013,27.98,28.01,27.55,27.63,47514
08/06/2013,27.52,27.67,27.21,27.21,9388
08/07/2013,27.47,27.86,27.01,27.01,16929
08/08/2013,27.24,27.68,26.65,27.25,50205
08/09/2013,27.41,27.58,26.96,27.28,15399
08/12/2013,27.24,27.35,27,27.2,78702
08/13/2013,25.86,26.04,25.58,25.61,5153163
08/14/2013,25.56,25.72,25.36,25.4,377694
08/15/2013,25.13,25.65,25.03,25.58,290041
08/16/2013,25.38,25.85,25.12,25.82,139575
08/19/2013,25.88,25.93,25.38,25.93,141585
08/20/2013,25.8,26,25.78,25.99,89507
08/21/2013,25.95,25.95,25.6,25.68,116404
08/22/2013,25.63,25.79,25.63,25.78,66193
08/23/2013,25.79,25.88,25.65,25.78,52861
08/26/2013,25.79,25.99,25.04,25.79,97097
08/27/2013,25.74,25.9,25.3,25.67,36103
08/28/2013,25.59,25.95,25.59,25.87,61297
08/29/2013,25.84,25.94,25.52,25.75,67082
08/30/2013,25.89,25.9,25.52,25.53,20474
09/03/2013,25.92,25.92,25.27,25.31,42137
09/04/2013,25.18,25.41,25.03,25.29,51479
09/05/2013,25.19,25.41,25.02,25.38,28917
09/06/2013,25.16,25.35,25.07,25.29,58691
09/09/2013,25.49,25.8,25.23,25.55,65901
09/10/2013,25.55,26.17,25.33,26.16,252096
09/11/2013,26.2,26.27,25.76,26.15,111809
09/12/2013,26.19,26.21,25.85,26.02,41677
09/13/2013,26.07,26.17,25.64,26.1,68930
09/16/2013,26.19,26.29,25.54,25.56,51745
09/17/2013,25.76,26.17,25.35,25.91,37448
09/18/2013,26.01,26.24,25.56,25.86,36894
09/19/2013,25.26,26.18,25.26,26.18,105498
09/20/2013,26.04,26.16,25.38,26.07,64536
09/23/2013,25.81,26.16,25.25,25.29,27879
09/24/2013,25.32,25.95,25.32,25.87,35296
09/25/2013,25.63,25.87,24.52,24.96,113704
09/26/2013,25.13,25.31,24.88,25.27,37908
09/27/2013,25.29,25.33,25.1,25.18,17423
09/30/2013,25.31,25.4,24.95,24.97,88841
10/01/2013,25.03,25.81,25.03,25.75,65376
10/02/2013,25.82,26.04,25.76,25.79,46191
10/03/2013,25.65,26.14,25.53,26.01,34284
10/04/2013,26.11,26.18,25.92,26.14,37670
10/07/2013,26.16,26.21,25.95,26.12,15778
10/08/2013,25.99,26.18,25.88,26.17,77950
10/09/2013,26.16,26.2,26.06,26.14,173332
10/10/2013,26.21,26.22,26.06,26.17,45602
10/11/2013,26.1,26.28,26.1,26.24,224864
10/14/2013,26.15,26.41,25.94,26.4,80785
10/15/2013,26.33,26.4,26.28,26.4,38196
10/16/2013,26.35,26.56,26.25,26.56,184305
10/17/2013,26.58,26.94,26.47,26.87,116138
10/18/2013,26.94,27.15,26.81,27.15,158386
10/21/2013,27.15,27.35,26.96,27.23,179676
10/22/2013,27.02,27.39,26.9,27.27,122366
10/23/2013,27.85,28.08,27.14,27.28,150084
10/24/2013,27.37,27.37,26.94,27.26,75099
10/25/2013,27.35,27.35,27.1,27.28,105849
10/28/2013,27.75,27.75,27.37,27.5,166431
10/29/2013,27.55,27.65,27.2,27.48,160026
10/30/2013,27.4,27.43,27.24,27.42,70276
10/31/2013,27.36,27.42,27.11,27.3,61290
11/01/2013,27.55,27.66,27.46,27.54,18451
11/04/2013,27.58,27.71,27.29,27.49,23392
11/05/2013,27.71,27.72,27.3,27.67,34501
11/06/2013,27.42,27.85,27.35,27.74,30662
11/07/2013,27.75,27.94,27.38,27.56,54405
11/08/2013,27.75,27.75,27.09,27.17,31741
11/11/2013,27.1,27.45,26.8,27.18,44886
11/12/2013,27.32,27.76,26.98,27.65,84553
11/13/2013,27.83,28.51,27.5,27.88,82969
11/14/2013,27.89,28.11,27.51,27.97,38821
11/15/2013,27.95,29.03,27.88,28.35,61906
11/18/2013,28.48,28.55,28.02,28.39,44787
11/19/2013,28.3,28.49,28.28,28.38,68313
11/20/2013,28.38,28.52,28.16,28.42,51595
11/21/2013,28.4,28.64,28.28,28.64,32457
11/22/2013,28.62,28.76,28.53,28.54,47532
11/25/2013,28.58,28.88,28.32,28.62,70523
11/26/2013,28.52,28.52,28.19,28.19,20757
11/27/2013,28.1,28.11,27.69,28.08,38757
11/29/2013,28.54,28.68,28.34,28.36,3970
12/02/2013,28.5,28.82,28.11,28.67,68802
12/03/2013,28.55,28.55,28.17,28.55,22478
12/04/2013,28.28,28.56,28.11,28.29,20474
12/05/2013,28.26,28.82,28.23,28.82,28434
12/06/2013,28.67,29.18,28.6,28.9,34107
12/09/2013,28.13,28.92,28.13,28.72,43414
12/10/2013,28.65,28.85,28.65,28.77,27660
12/11/2013,28.61,28.88,28.38,28.74,22063
12/12/2013,28.57,28.9,28.57,28.78,24787
12/13/2013,28.68,29.29,28.68,29.06,59585
12/16/2013,29.09,29.29,29.09,29.25,32394
12/17/2013,29.19,29.65,29.14,29.3,93531
12/18/2013,29.33,29.63,29.18,29.52,42003
12/19/2013,29.35,29.63,29.24,29.53,97589
12/20/2013,29.44,30.06,29.44,29.6,113623
12/23/2013,29.77,30.45,29.51,30.03,75760
12/24/2013,30.18,30.58,29.92,30.18,12275
12/26/2013,30.32,31.32,30.05,30.07,36970
12/27/2013,29.9,30.73,29.85,30.36,31194
12/30/2013,30.45,30.93,30.09,30.13,63854
12/31/2013,30.54,30.85,30.15,30.66,45103
01/02/2014,30.84,30.99,29.14,29.33,91475
01/03/2014,29.43,29.78,29.15,29.54,98169
01/06/2014,29.69,30.24,29.31,29.69,31644
01/07/2014,29.64,29.81,29.19,29.54,42398
01/08/2014,30.47,30.47,29.28,29.76,35653
01/09/2014,29.46,29.63,29.23,29.56,53608
01/10/2014,29.59,30.51,29.28,30.15,50850
01/13/2014,30.19,30.28,29.84,30.19,30859
01/14/2014,30.21,30.24,29.63,29.9,22148
01/15/2014,30.37,30.37,29.62,29.64,27618
01/16/2014,29.39,29.41,29.07,29.23,120969
01/17/2014,29.16,29.46,29.16,29.46,34732
01/21/2014,29.46,29.65,29.26,29.28,46112
01/22/2014,29.41,29.57,29.13,29.27,31105
01/23/2014,29.2,29.53,28.93,29.16,47066
01/24/2014,28.95,29.31,28.49,28.62,40518
01/27/2014,28.87,29.22,28.62,28.68,39329
01/28/2014,28.72,28.93,28.54,28.8,17384
01/29/2014,28.86,29.18,28.72,28.72,28659
01/30/2014,28.77,29.18,28.54,28.8,25025
01/31/2014,28.97,29.38,28.63,29.17,16857
02/03/2014,29.02,29.55,28.83,29,18735
02/04/2014,29.02,29.98,28.92,29.68,42424
02/05/2014,29.58,30.25,28.85,29.42,18018
02/06/2014,29.34,29.97,29.01,29.85,104987
02/07/2014,29.87,30.07,29.59,30.03,97321
02/10/2014,30.04,30.48,30.02,30.03,58985
02/11/2014,29.97,30.26,29.53,30.26,49237
02/12/2014,30.22,30.41,29.58,30.13,80858
02/13/2014,30.16,30.19,29.95,30.08,41163
02/14/2014,30.03,30.15,29.87,30.07,23832
02/18/2014,29.97,30.4,29.86,30.4,16501
02/19/2014,29.84,30.38,29.84,30.13,19858
02/20/2014,30.31,31,29.88,30.73,119977
02/21/2014,31.07,31.18,30.37,30.37,99608
02/24/2014,30.35,30.75,30.23,30.4,23532
02/25/2014,30.39,30.53,30.28,30.29,8728
02/26/2014,30.26,30.87,30.25,30.85,42402
02/27/2014,30.65,31.21,30.65,31.06,81984
02/28/2014,30.96,31.76,30.12,31.14,195721
03/03/2014,31.17,31.89,31.17,31.54,60422
03/04/2014,31.71,31.74,31.09,31.31,9389
03/05/2014,31.13,31.47,31.13,31.28,30767
03/06/2014,31.28,31.42,31.28,31.36,26165
03/07/2014,31.29,31.96,31.28,31.38,31997
03/10/2014,31.41,31.61,31.39,31.59,17888
03/11/2014,31.45,31.49,31.31,31.39,13482
03/12/2014,31.41,31.48,31.28,31.32,21572
03/13/2014,31.33,31.36,31.12,31.17,5496
03/14/2014,31.34,31.97,31.24,31.24,34875
03/17/2014,31.73,31.91,31.48,31.57,31638
03/18/2014,31.37,32.14,31.33,32.01,57014
03/19/2014,32.2,32.2,31.81,31.85,39900
03/20/2014,31.93,32.26,31.48,31.58,21238
03/21/2014,31.57,31.94,31.57,31.86,30814
03/24/2014,31.88,32.15,31.62,31.88,17725
03/25/2014,31.88,32.3,31.73,32.17,20917
03/26/2014,32.34,33.36,32.34,32.99,56700
03/27/2014,33.2,33.57,32.87,33.44,32477
03/28/2014,33.08,33.67,32.8,33.17,101907
03/31/2014,33.41,33.42,32.87,33.27,124530
04/01/2014,33.56,34.08,33.07,34.08,118876
04/02/2014,34.12,34.44,33.88,34.36,62442
04/03/2014,34.66,34.81,34,34.44,31289
04/04/2014,34.63,34.63,33.87,34.44,43215
04/07/2014,34.56,34.56,33.58,33.68,36978
04/08/2014,33.6,34.1,33.5,33.78,14845
04/09/2014,34,34.43,33.49,33.84,6632
04/10/2014,33.61,34.18,33.12,33.15,27167
04/11/2014,32.82,33.01,31.74,32.69,78414
04/14/2014,32.64,33.56,32.51,33.39,33968
04/15/2014,33.76,34.2,33.14,33.59,78987
04/16/2014,34.07,34.52,33.63,33.86,82995
04/17/2014,33.84,34.08,33.66,33.66,26408
04/21/2014,33.66,33.83,33.53,33.65,22622
04/22/2014,33.81,33.85,33.53,33.68,17863
04/23/2014,34.05,34.05,33.42,33.56,78465
04/24/2014,34.18,34.33,32.83,34.12,234525
04/25/2014,35.56,35.56,33.12,33.92,69691
04/28/2014,33.94,33.94,33.18,33.19,71152
04/29/2014,33.47,33.77,33.37,33.67,28141
04/30/2014,33.8,33.8,33.31,33.35,41570
05/01/2014,33.56,33.79,33.31,33.67,30322
05/02/2014,33.94,34.11,33.53,33.82,55844
05/05/2014,33.89,33.95,33.44,33.54,25902
05/06/2014,33.77,33.79,33.34,33.38,23468
05/07/2014,33.74,33.74,32.46,33.03,85950
05/08/2014,33.3,33.3,32.1,32.24,73702
05/09/2014,32.4,33.91,32.4,33.46,69760
05/12/2014,34.19,35.73,33.28,35.14,66692
05/13/2014,35.17,35.17,34.31,34.34,28337
05/14/2014,34.59,34.73,33.99,34.49,21731
05/15/2014,35.02,35.02,34.33,34.57,26622
05/16/2014,34.7,36.18,34.58,36.15,49075
05/19/2014,36.37,36.69,36.07,36.2,37349
05/20/2014,36.12,36.23,35.12,35.62,66180
05/21/2014,35.89,36.36,34.99,35.57,39999
05/22/2014,35.5,36.27,35.03,35.52,53978
05/23/2014,35.68,35.78,34.52,35.41,67385
05/27/2014,35.31,35.71,34.6,35.17,38937
05/28/2014,35.47,35.47,34.81,35.04,35849
05/29/2014,35.33,35.33,34.58,34.94,41162
05/30/2014,35.18,35.56,34.7,35.19,34231
06/02/2014,35.8,37.43,34.79,36.45,70459
06/03/2014,36.13,36.62,35.03,36.38,43432
06/04/2014,36.58,37.08,35.86,36.96,33831
06/05/2014,37.13,37.59,36.99,37.27,24001
06/06/2014,37.62,39.72,37.18,38.65,99288
06/09/2014,39.32,39.6,38.4,38.77,39938
06/10/2014,38.88,40.41,38.88,40.28,54341
06/11/2014,40.36,40.78,38.78,39.02,45866
06/12/2014,38.77,39.29,38.77,39.11,69099
06/13/2014,39.35,39.74,38.82,39.18,31295
06/16/2014,39.43,40.18,39.12,39.44,20775
06/17/2014,40.26,40.26,39.29,39.62,42157
06/18/2014,39.8,40.23,39,39.46,46703
06/19/2014,40.11,40.35,39.28,40.19,121853
06/20/2014,40.14,40.34,39.51,39.81,31863
06/23/2014,39.97,40.36,39.97,40.3,33800
06/24/2014,40.64,43.67,40.64,42.16,127887
06/25/2014,42.36,42.53,41.59,42.49,71691
06/26/2014,42.41,42.58,42.05,42.54,82585
06/27/2014,42.76,44.01,42.56,43.76,74755
06/30/2014,44.04,44.42,43.68,44.29,176146
07/01/2014,44.14,46.77,44.14,46.4,162340
07/02/2014,46.67,47.33,45.68,45.93,72586
07/03/2014,46.43,47.27,45.94,46.58,20935
07/07/2014,47.36,47.41,45.79,46.54,66539
07/08/2014,47.14,47.14,45.93,46.04,27770
07/09/2014,46.29,46.77,44.89,45.75,76628
07/10/2014,45.72,45.83,45.03,45.61,22403
07/11/2014,45.75,47.39,45.23,46.96,47062
07/14/2014,46.95,47.41,45.97,46.36,24723
07/15/2014,46.54,46.77,45.48,46.35,12218
07/16/2014,46.7,47.07,45.35,45.78,37717
07/17/2014,45.73,46.62,45.38,46.03,22671
07/18/2014,46.44,47.24,45.83,46.34,23332
07/21/2014,46.47,46.7,46.05,46.23,29435
07/22/2014,46.35,46.35,45.52,45.88,80478
07/23/2014,46.04,46.98,45.47,45.87,33361
07/24/2014,46.1,46.77,44.76,45.6,83893
07/25/2014,45.69,46.13,44.8,45.09,18416
07/28/2014,45.33,46.12,44.67,44.8,35736
07/29/2014,44.65,46.71,44.43,44.68,39222
07/30/2014,45.05,45.05,43.89,44.32,36353
07/31/2014,44.27,44.71,42.31,43.61,62841
08/01/2014,43.93,43.93,43.27,43.6,14435
08/04/2014,43.78,46.37,43.61,45.33,27148
08/05/2014,46.13,46.53,44.53,44.59,36128
08/06/2014,44.94,45.47,44.28,44.62,34365
08/07/2014,45.02,45.7,43.96,44.62,68641
08/08/2014,44.07,44.56,43.66,44.52,23705
08/11/2014,45.46,45.94,44.88,45.94,89545
08/12/2014,46.39,46.79,44.9,45.49,24704
08/13/2014,45.95,46.3,45.13,45.83,26031
08/14/2014,46.52,47.14,45.91,45.93,21545
08/15/2014,47.16,47.16,45.82,45.92,10619
08/18/2014,46.11,47.06,45.07,45.5,26933
08/19/2014,45.95,46.37,45.39,45.95,15311
08/20/2014,46.39,47.32,45.91,46.33,56420
08/21/2014,46.52,47.17,45.77,45.8,13711
08/22/2014,46.3,46.76,45.06,45.39,21848
08/25/2014,45.77,46.68,45.5,46.26,23015
08/26/2014,46.3,46.72,45.9,46.72,33205
08/27/2014,47.02,47.37,46.54,47.28,50077
08/28/2014,47.12,48.26,46.81,48.26,40215
08/29/2014,48.36,49.99,48.17,49.99,37667
09/02/2014,50.53,51.66,49.78,49.78,53982
09/03/2014,50.77,51.28,49.47,50.68,65051
09/04/2014,51.43,51.43,48.81,48.99,24948
09/05/2014,49.68,50.69,47.5,48.47,34878
09/08/2014,49.03,49.32,47.23,48.52,23163
09/09/2014,48.86,49.09,47.33,48.33,27114
09/10/2014,48.7,48.7,47.11,47.48,20955
09/11/2014,47.68,48.08,46.09,47.2,48829
09/12/2014,47.81,48.84,46.83,47.52,15498
09/15/2014,47.08,48.14,47.08,47.8,31825
09/16/2014,48.08,48.08,46.89,47.17,24640
09/17/2014,46.88,47.71,46.88,47.32,21982
09/18/2014,47.66,48.34,47.46,48.2,26790
09/19/2014,48.53,50.16,48.26,48.58,45997
09/22/2014,48.86,49.45,47.34,47.43,18984
09/23/2014,47.2,48.67,46.52,47.08,36646
09/24/2014,46.11,46.87,44.44,46.85,38700
09/25/2014,47.59,48.15,46.15,46.52,34722
09/26/2014,46.44,48.93,45.5,48.45,16626
09/29/2014,48.66,49.43,47.57,48.48,16181
09/30/2014,48.9,49.15,47.9,48.47,14000
10/01/2014,48.6,49.17,47.57,47.64,9900
10/02/2014,48.15,48.79,46.16,47.88,10702
10/03/2014,48.56,49.18,47.49,47.99,13532
10/06/2014,48.66,49.14,47.09,47.42,20894
10/07/2014,47.03,47.86,45.96,47.13,53162
10/08/2014,47.38,47.9,45.32,45.9,47226
10/09/2014,45.35,45.35,41.89,43.68,93015
10/10/2014,43.39,44.43,40.52,43.39,89578
10/13/2014,42.72,42.77,38.31,39.35,125033
10/14/2014,39.07,40.64,36.54,39.45,107028
10/15/2014,39.34,40.97,38.89,40.49,226712
10/16/2014,40.31,45.25,39.35,44.84,59129
10/17/2014,44.84,47.46,44.07,45.17,95894
10/20/2014,45.45,46.11,43.92,44.62,78603
10/21/2014,43.59,44.95,43.34,44.39,90935
10/22/2014,45.44,46.57,43.9,44.42,65892
10/23/2014,44.95,45.2,43.38,43.85,43517
10/24/2014,44.34,45.48,44.01,44.43,34890
10/27/2014,43.9,44.34,43.9,44.34,57775
10/28/2014,44.37,45.25,44.36,44.71,9430
10/29/2014,45.09,45.09,44.35,44.52,7589
10/30/2014,44.91,45.25,43.74,44.36,32474
10/31/2014,44.45,45.53,44.44,45.53,44947
11/03/2014,45.53,47.17,45.15,46.88,27427
11/04/2014,45.56,46.41,43.83,44.55,73133
11/05/2014,44.82,44.82,43.79,44.06,34852
11/06/2014,44.06,45.63,44.04,45.56,52808
11/07/2014,45.1,45.53,42.41,45.47,37881
11/10/2014,45.53,45.56,44.54,44.95,26441
11/11/2014,45.33,45.33,44.25,44.74,43231
11/12/2014,44.71,45.17,43.34,43.91,53257
11/13/2014,43.53,44.5,42.03,43.08,84891
11/14/2014,42.62,43.49,42.62,42.73,34326
11/17/2014,41.91,42.58,40.84,42.04,44662
11/18/2014,41.79,44.97,41.79,44.74,72229
11/19/2014,44.54,45.44,43.78,44.76,28039
11/20/2014,44.83,45.56,43.23,43.56,43111
11/21/2014,45.51,45.85,43.2,43.53,30307
11/24/2014,43.81,44.28,43.3,43.89,20346
11/25/2014,44.3,44.49,43.74,44.34,23499
11/26/2014,45.16,46.53,44.74,46.1,43258
11/28/2014,45.34,45.34,43.72,44.47,13322
12/01/2014,44.25,45.12,40.73,41.42,23757
12/02/2014,41.09,43.86,40.74,43.28,63773
12/03/2014,43.88,44.99,43.25,44.89,38736
12/04/2014,45.11,45.11,44.11,44.11,27425
12/05/2014,44.39,44.62,42.6,42.85,18753
12/08/2014,42.66,42.67,38.03,38.49,78748
12/09/2014,37.74,41.25,35.47,40.38,51864
12/10/2014,40.22,40.22,38.53,39.26,29502
12/11/2014,39.11,40.26,39.11,39.21,45978
12/12/2014,39.06,39.39,37.87,38.98,33585
12/15/2014,40.09,40.57,37.94,38.6,25744
12/16/2014,38.23,39.04,37.68,37.68,152126
12/17/2014,37.28,38.87,36.77,38.11,89950
12/18/2014,38.7,39.47,38.07,38.15,32001
12/19/2014,38.07,39.22,37.85,38.06,67271
12/22/2014,37.82,38.03,37.13,37.39,59350
12/23/2014,37.86,38.35,37.42,37.51,65588
12/24/2014,37.68,37.88,37.22,37.58,15236
12/26/2014,37.93,39.14,37.7,38.72,59329
12/29/2014,38.89,39.13,38.02,38.77,117949
12/30/2014,38.56,38.98,36.42,37.89,336675
12/31/2014,38.11,38.11,37.29,37.65,45828
01/02/2015,37.67,39.29,37.14,38.36,46256
01/05/2015,37.73,38.65,37.28,37.28,99757
01/06/2015,37.54,37.9,35.93,36.19,65965
01/07/2015,35.86,36.93,33.54,33.89,102688
01/08/2015,34.06,36.25,33.6,36.21,136976
01/09/2015,35.83,36.11,34.7,35.4,79857
01/12/2015,35.13,35.13,33.14,33.63,97894
01/13/2015,33.57,33.57,32.05,32.16,215441
01/14/2015,32.06,32.13,30.73,31.17,342019
01/15/2015,31.47,31.6,30.36,30.87,200556
01/16/2015,31.07,33.02,30.9,31.97,135923
01/20/2015,31.86,32.2,31.18,31.94,135067
01/21/2015,31.84,33.72,31.84,32.96,83079
01/22/2015,33.78,34.68,33.22,34.17,98978
01/23/2015,34.19,35.52,34.02,34.73,80364
01/26/2015,34.97,35.59,34.71,35.35,63015
01/27/2015,35.34,36.03,34.95,35.43,46805
01/28/2015,35.41,35.92,35.22,35.41,35875
01/29/2015,35.64,35.68,34.9,35.12,70411
01/30/2015,35.02,36.53,35.02,35.78,56779
02/02/2015,35.67,36.43,35.67,35.99,60948
02/03/2015,36.15,36.75,35.85,36.49,56171
02/04/2015,36.58,36.58,35.64,35.99,39576
02/05/2015,35.83,36.58,35.83,36.31,75055
02/06/2015,36.36,36.52,35.31,35.48,55726
02/09/2015,35.35,35.55,35.31,35.31,145371
02/10/2015,33.65,35.12,33.61,34.89,1976241
02/11/2015,34.77,34.83,33.99,34.47,209430
02/12/2015,34.58,35.55,34.46,35.44,262365
02/13/2015,35.24,37.12,35.23,36.39,140591
02/17/2015,36.24,36.25,34.64,36.07,177534
02/18/2015,35.95,36.11,35.26,35.7,297267
02/19/2015,35.93,35.93,34.54,35.85,126179
02/20/2015,35.85,36.95,35.75,36.34,59052
02/23/2015,36.28,36.52,35.78,35.99,159740
02/24/2015,35.71,36.08,35.57,35.98,124417
02/25/2015,35.99,36.44,35.72,35.94,57889
02/26/2015,35.94,36.29,35.74,35.87,64955
02/27/2015,36.28,38.99,35.74,38.99,232206
03/02/2015,39.64,41.05,39.03,39.49,315149
03/03/2015,39.66,40.57,39.31,40.26,128855
03/04/2015,40.42,40.88,39.98,40.72,109970
03/05/2015,40.73,42.02,40.56,41.66,121965
03/06/2015,41.64,41.64,40.21,40.22,85310
03/09/2015,40.29,40.49,39.97,40.3,98844
03/10/2015,39.85,40.59,39.05,40.05,168622
03/11/2015,39.68,39.87,38.59,38.98,175065
03/12/2015,39.11,40.17,39,39.1,64791
03/13/2015,39.12,40.56,37.89,39.47,136174
03/16/2015,39.42,39.49,38.14,38.61,37673
03/17/2015,38.28,38.69,37.85,37.93,36962
03/18/2015,37.79,39.82,37.49,38.68,231101
03/19/2015,38.7,39.04,38.21,38.94,60843
03/20/2015,38.97,39.84,38.97,39.65,200832
03/23/2015,39.32,40.42,38.68,38.7,181026
03/24/2015,38.89,39.96,37.51,37.68,102519
03/25/2015,37.66,37.89,37.16,37.63,67702
03/26/2015,37.47,38.39,37.47,38.21,31563
03/27/2015,38.01,39.42,37.98,39,43232
03/30/2015,39.13,39.44,38.53,39.25,45215
03/31/2015,38.8,40.53,38.63,39.9,283953
04/01/2015,39.52,40.77,39.52,39.94,67896
04/02/2015,40.26,40.26,39.47,39.66,61867
04/06/2015,40.08,40.65,39.82,40.14,51938
04/07/2015,40.02,41.3,39.59,40.19,58650
04/08/2015,40.58,41.28,40.14,41.28,59893
04/09/2015,41.23,41.48,40.84,41.48,21204
04/10/2015,41.55,41.61,40.77,41.61,79892
04/13/2015,41.62,41.62,41.12,41.61,31682
04/14/2015,41.53,42.78,41.51,42.76,39174
04/15/2015,42.91,43.56,42.72,43.34,89377
04/16/2015,43.14,45.03,42.53,44.39,60842
04/17/2015,44.28,44.32,43.36,44.13,80296
04/20/2015,44.49,44.78,43.67,44.35,58995
04/21/2015,44.27,44.52,43.35,43.71,135632
04/22/2015,43.8,44.4,42.6,43.57,76875
04/23/2015,43.48,44.45,43.39,43.72,40927
04/24/2015,43.51,43.85,41.7,42.82,119785
04/27/2015,44.26,44.95,43.41,43.72,204694
04/28/2015,43.62,44.8,43.02,44.43,174252
04/29/2015,44.06,45.44,43.3,44.06,673059
04/30/2015,43.82,45.21,43.13,43.62,155719
05/01/2015,43.88,44.33,43.28,44.26,111957
05/04/2015,44.38,45.69,44,44.52,69896
05/05/2015,44.31,45.03,43.1,44.09,196538
05/06/2015,44,44.22,43.22,43.22,83218
05/07/2015,43.26,45.18,42.18,43.21,59361
05/08/2015,42.02,43.62,42.02,43.57,44234
05/11/2015,43.42,44.39,43.19,43.66,95144
05/12/2015,43.39,43.52,41.98,42.38,122501
05/13/2015,42.36,43.36,42.1,43.18,78096
05/14/2015,43.09,43.43,42.79,42.95,181220
05/15/2015,42.75,43.26,42.17,42.65,156284
05/18/2015,42.92,43.4,42.43,43.04,62792
05/19/2015,43.07,43.59,42.64,43.53,174337
05/20/2015,43.66,44.24,43.28,44.17,83159
05/21/2015,44.45,44.6,43.34,43.74,42545
05/22/2015,43.54,43.83,43.08,43.34,64016
05/26/2015,43.11,43.74,42.91,43.42,70926
05/27/2015,43.52,43.88,43.37,43.5,228701
05/28/2015,43.58,43.77,42.75,43.04,228210
05/29/2015,42.88,43.57,42.88,43.17,174646
06/01/2015,43.29,43.29,42.36,42.56,73917
06/02/2015,42.65,42.66,41.93,42.3,82582
06/03/2015,42.43,42.43,40.79,40.96,123085
06/04/2015,40.68,41.05,39.2,39.38,108542
06/05/2015,39.09,39.33,38.42,39.22,155322
06/08/2015,39.02,39.75,38.91,39.58,60110
06/09/2015,39.59,40.06,39.3,39.44,85439
06/10/2015,39.66,39.95,39.07,39.51,254461
06/11/2015,39.51,39.94,38.73,38.9,101116
06/12/2015,39.26,40.88,39.21,40.67,316763
06/15/2015,41.03,42.36,40.8,41.91,168388
06/16/2015,41.77,42.56,41.55,42.42,168860
06/17/2015,42.56,43.6,40.22,41.29,707265
06/18/2015,41.31,42.36,39.6,40.47,145124
06/19/2015,40.59,41.89,39.6,39.93,580773
06/22/2015,40.25,40.77,40.23,40.48,36808
06/23/2015,40.6,41,40.42,40.48,77058
06/24/2015,40.33,42.2,39.92,41.91,69996
06/25/2015,41.93,42.09,41.29,41.83,80996
06/26/2015,41.86,42.15,40.6,40.77,114471
06/29/2015,40.35,40.5,39.77,40.04,57082
06/30/2015,40.01,40.57,39.67,39.79,146781
07/01/2015,40.08,40.98,39.61,40.1,53183
07/02/2015,39.83,40.64,39.68,40.2,48040
07/06/2015,40.51,40.51,39.44,39.5,70995
07/07/2015,39.25,39.87,38.75,39.65,148135
07/08/2015,39.45,40.09,38.96,39.31,90833
07/09/2015,39.61,39.86,39.2,39.52,73924
07/10/2015,39.57,39.87,39.27,39.54,109203
07/13/2015,39.58,39.73,39.36,39.36,39043
07/14/2015,39.34,39.59,38.13,38.42,71904
07/15/2015,38.41,38.43,37.52,37.81,136753
07/16/2015,38.13,38.15,37.15,37.18,80333
07/17/2015,37.31,38.25,36.08,36.33,95136
07/20/2015,36.28,37.7,35.97,37.05,145363
07/21/2015,37.21,37.27,35.38,35.75,97110
07/22/2015,35.91,35.91,33.17,33.25,212982
07/23/2015,33.62,33.68,32.05,32.08,151338
07/24/2015,32.14,33.69,32.03,33.36,102440
07/27/2015,33.21,33.24,32.66,32.76,129730
07/28/2015,33.1,33.68,32.47,33.42,151838
07/29/2015,33.16,34.85,33.16,34.28,99925
07/30/2015,34.09,34.74,33.25,33.78,122118
07/31/2015,34.22,34.61,33.9,34.51,76669
08/03/2015,34.26,34.86,33.86,34.45,87643
08/04/2015,34.7,35.12,32.32,32.58,115334
08/05/2015,32.82,33.46,31.37,31.54,57291
08/06/2015,31.46,32.14,29.98,31.76,201966
08/07/2015,32.21,34.08,31.17,31.2,101569
08/10/2015,31.23,32.57,29.97,32.37,210431
08/11/2015,30.2,31.17,29.49,31.08,116116
08/12/2015,30.96,32.3,30.01,31.2,132694
08/13/2015,31.18,31.26,30.14,30.29,80053
08/14/2015,30.21,30.57,29.62,30.13,49833
08/17/2015,29.98,30.41,29.86,30.02,109305
08/18/2015,29.83,29.94,29.17,29.81,37998
08/19/2015,29.66,29.86,28.56,28.57,108234
08/20/2015,28.4,28.91,27.87,28.04,90166
08/21/2015,27.74,27.94,26.97,27.26,121706
08/24/2015,26.44,27.23,25.5,26.11,232999
08/25/2015,26.32,26.65,24.61,24.82,164489
08/26/2015,25.37,25.37,24.69,25.24,199773
08/27/2015,25.67,26.51,25.43,25.77,75593
08/28/2015,26.11,26.86,25.58,26.65,139407
08/31/2015,26.43,27.6,25.88,26.86,125476
09/01/2015,26.63,26.73,25.59,25.83,94964
09/02/2015,25.96,26.33,25.45,25.83,145475
09/03/2015,25.73,26.13,25.73,26.04,203062
09/04/2015,25.82,25.96,24.81,25.53,195164
09/08/2015,25.83,25.83,24.72,25.15,148243
09/09/2015,25.35,25.35,24.24,24.68,201430
09/10/2015,24.67,25.01,24.22,24.8,331218
09/11/2015,24.61,24.84,23.83,24.25,492972
09/14/2015,24.34,24.35,23.17,23.27,133597
09/15/2015,23.2,23.44,22.63,22.68,128712
09/16/2015,22.53,23.03,22.37,22.51,157845
09/17/2015,22.3,23.45,22.3,23.4,103195
09/18/2015,23.08,23.77,22.96,23.61,270487
09/21/2015,23.58,24.59,22.91,24.39,92494
09/22/2015,23.99,24.57,23.79,24.09,116288
09/23/2015,23.94,24.24,23.11,23.16,107738
09/24/2015,23.15,23.16,21.75,21.95,172723
09/25/2015,22.33,22.33,21.72,21.94,144357
09/28/2015,21.95,21.95,20.26,20.63,103153
09/29/2015,20.58,21.14,18.59,18.979,163050
09/30/2015,19.271,21.3,18.665,21.05,167726
10/01/2015,21.05,24.13,20.52,23.88,187142
10/02/2015,23.94,25.43,23.34,25.35,124713
10/05/2015,25.34,27.66,25.27,27.27,142808
10/06/2015,27.2,28.09,26.21,27.06,271421
10/07/2015,27.29,27.48,26.44,27.05,215869
10/08/2015,27.29,27.59,26.18,26.92,222075
10/09/2015,26.88,27.79,26.65,27.39,172318
10/12/2015,27.29,27.29,25.62,26.64,108205
10/13/2015,26.45,26.89,25.83,25.84,132967
10/14/2015,25.74,26.06,24.71,25.83,47105
10/15/2015,25.79,26.3,25.41,25.74,103816
10/16/2015,25.69,26.22,25.38,25.63,71719
10/19/2015,25.57,26.14,24.56,25.58,60409
10/20/2015,25.42,25.92,25.15,25.51,41141
10/21/2015,25.57,25.93,24.89,25.47,52320
10/22/2015,25.71,25.71,24.04,24.72,77578
10/23/2015,25.19,25.21,23.96,24.16,128286
10/26/2015,23.98,23.98,22.98,23.59,89619
10/27/2015,23.36,23.5,22.15,22.31,103846
10/28/2015,22.45,23.31,22.03,22.97,123371
10/29/2015,22.94,24.33,22.94,24.06,199552
10/30/2015,24.33,24.48,22.86,23.98,247716
11/02/2015,24.26,25.52,23.36,24.33,143054
11/03/2015,24.33,25.04,24.02,24.37,344041
11/04/2015,24.66,24.66,22.3,23.83,707658
11/05/2015,23.82,23.93,22.7,22.87,110618
11/06/2015,22.49,22.73,20.08,21.41,268990
11/09/2015,21.27,21.6,20.45,20.95,144035
11/10/2015,20.81,20.97,19.161,19.391,62856
11/11/2015,19.27,19.27,17.923,18.011,170580
11/12/2015,17.834,17.834,17.151,17.683,64029
11/13/2015,17.803,19.196,17.466,17.51,207937
11/16/2015,17.395,18.326,17.395,17.918,115125
11/17/2015,17.767,17.767,17.316,17.493,186099
11/18/2015,17.395,17.829,17.395,17.688,262313
11/19/2015,17.559,17.798,17.302,17.462,162815
11/20/2015,17.55,18.02,17.426,17.586,144909
11/23/2015,17.586,19.172,17.427,18.826,300675
11/24/2015,18.805,19.64,18.6,18.636,418094
11/25/2015,18.597,18.928,17.845,18.87,330660
11/27/2015,18.765,18.951,18.587,18.64,13433
11/30/2015,18.698,18.813,18.068,18.538,197565
12/01/2015,18.565,18.902,18.255,18.742,158148
12/02/2015,18.512,19.008,18.166,18.911,180536
12/03/2015,18.88,19.004,17.372,17.772,168249
12/04/2015,17.555,17.612,16.637,16.979,216623
12/07/2015,16.396,16.505,14.271,15.299,222637
12/08/2015,13.56,15.344,13.56,15.159,230324
12/09/2015,15.215,16.499,15.109,15.64,357000
12/10/2015,15.604,17.025,15.418,15.897,246409
12/11/2015,15.338,15.426,14.733,15.29,137554
12/14/2015,15.317,15.317,13.951,14.51,173187
12/15/2015,14.603,15.056,13.876,14.044,295523
12/16/2015,14.076,15.192,13.279,15.041,430433
12/17/2015,15.01,15.081,13.453,14.293,282093
12/18/2015,14.452,15.552,14.115,14.399,360270
12/21/2015,14.363,14.363,12.814,13.779,400358
12/22/2015,13.765,15.884,13.765,14.962,862213
12/23/2015,15.166,15.516,14.67,14.98,310989
12/24/2015,14.882,15.272,14.732,14.838,235180
12/28/2015,14.661,15.547,13.606,14.164,339119
12/29/2015,14.182,14.271,13.216,13.508,461726
12/30/2015,13.375,13.491,12.897,12.994,322477
12/31/2015,12.941,13.544,12.861,13.331,525511
01/04/2016,12.848,13.318,12.652,13.141,310022
01/05/2016,13.141,13.141,12.644,12.786,98785
01/06/2016,12.444,12.78,11.763,11.878,174169
01/07/2016,11.572,11.97,11.469,11.696,121189
01/08/2016,11.829,11.979,11.421,11.554,290602
01/11/2016,11.092,11.411,9.853,10.225,284577
01/12/2016,10.561,11.828,10.025,10.233,722543
01/13/2016,10.619,10.796,9.919,10.114,728299
01/14/2016,10.097,11.992,9.946,11.85,367658
01/15/2016,11.456,11.997,10.951,11.776,241418
01/19/2016,11.717,11.921,10.548,10.708,181623
01/20/2016,10.428,10.481,9.559,10.207,247260
01/21/2016,10.272,12.153,10.272,11.763,127031
01/22/2016,12.617,12.838,11.368,11.554,200166
01/25/2016,11.368,12.079,10.719,11.217,156354
01/26/2016,11.354,11.638,10.725,11.151,101909
01/27/2016,11.473,11.523,10.39,10.592,141234
01/28/2016,10.907,11.12,10.242,10.774,252639
01/29/2016,11.003,11.228,10.085,10.291,343260
02/01/2016,10.564,10.564,9.54,9.54,250739
02/02/2016,9.368,10.662,8.89,9.405,334148
02/03/2016,9.593,9.734,8.926,9.001,171379
02/04/2016,9.089,9.791,8.817,8.897,141323
02/05/2016,8.745,9.569,8.67,9.11,116467
02/08/2016,8.757,8.757,7.939,8.004,204417
02/09/2016,7.76,7.76,6.8044,6.8794,549974
02/10/2016,6.8138,7.685,6.5701,6.8888,359082
02/11/2016,6.5888,6.9075,6.2514,6.795,595208
02/12/2016,6.8326,7.123,6.5612,6.9449,257376
02/16/2016,7.094,9.036,7.084,8.877,208199
02/17/2016,8.995,11.642,8.993,11.118,918316
02/18/2016,11.209,11.209,10.169,10.881,382464
02/19/2016,10.539,10.633,9.799,10.09,199685
02/22/2016,10.445,11.074,10.117,10.999,160418
02/23/2016,11.023,11.098,9.278,9.597,212796
02/24/2016,9.046,10.777,8.896,10.767,146151
02/25/2016,10.68,10.98,10.137,10.849,193809
02/26/2016,11.158,11.673,9.93,10.015,176448
02/29/2016,9.902,10.426,9.321,9.378,274274
03/01/2016,9.485,9.682,8.904,8.904,247223
03/02/2016,8.895,9.625,8.754,9.335,291923
03/03/2016,9.327,11.067,9.316,10.871,222665
03/04/2016,10.993,11.553,10.956,11.36,600717
03/07/2016,11.392,12.994,11.392,12.226,165064
03/08/2016,12.32,12.966,11.617,11.955,353934
03/09/2016,12.076,12.236,11.72,12.198,105792
03/10/2016,12.067,12.224,11.514,11.599,94370
03/11/2016,11.546,11.556,10.696,11.238,437396
03/14/2016,10.825,11.144,10.169,10.3,199904
03/15/2016,10.305,10.493,10.024,10.193,96108
03/16/2016,10.333,11.599,10.183,11.467,182527
03/17/2016,11.496,12.553,11.262,12.235,259455
03/18/2016,12.194,13.439,12.175,12.906,680415
03/21/2016,12.666,12.837,11.737,11.866,208302
03/22/2016,11.624,12.999,11.624,12.915,84026
03/23/2016,12.592,12.864,11.935,12.32,182485
03/24/2016,12.152,13.012,11.834,12.769,90352
03/28/2016,12.821,13.11,11.924,12.307,109096
03/29/2016,12.077,12.226,11.591,12.189,85899
03/30/2016,12.269,13.02,11.828,11.828,149681
03/31/2016,11.765,12.183,11.06,11.125,172699
04/01/2016,11.036,11.213,10.025,10.287,148068
04/04/2016,10.385,10.853,10.066,10.563,173667
04/05/2016,10.619,10.853,10.516,10.806,87401
04/06/2016,10.938,12.503,10.938,12.259,163315
04/07/2016,12.254,12.282,11.627,11.748,87745
04/08/2016,12.081,12.928,11.238,11.603,241271
04/11/2016,11.69,12.027,11.493,11.601,70936
04/12/2016,11.616,13.821,11.531,13.718,377556
04/13/2016,13.698,14.251,13.126,14.063,286163
04/14/2016,14.119,14.419,13.22,13.464,173603
04/15/2016,13.253,13.561,12.86,13.243,58649
04/18/2016,12.617,14.188,12.608,14.085,121492
04/19/2016,14.026,15.188,14.026,14.784,143582
04/20/2016,14.78,14.78,14.284,14.612,140940
04/21/2016,14.579,15.376,14.541,15.123,256811
04/22/2016,15.329,16.353,15.075,15.282,184334
04/25/2016,15.715,15.715,15.312,15.439,257509
04/26/2016,15.605,15.717,15.137,15.315,211500
04/27/2016,15.685,16.95,15.572,16.838,161671
04/28/2016,17.086,17.808,16.524,16.861,363066
04/29/2016,16.89,17.785,16.015,16.769,221902
05/02/2016,16.822,16.822,15.791,16.53,136336
05/03/2016,16.393,16.568,15.899,16.044,264073
05/04/2016,15.932,16.252,15.923,16.058,196371
05/05/2016,16.248,16.939,16.199,16.803,110815
05/06/2016,18.077,19.459,17.051,17.231,290992
05/09/2016,17.348,17.445,16.54,16.919,184000
05/10/2016,17.523,18.758,17.026,18.097,103614
05/11/2016,18.087,18.243,17.396,17.902,104378
05/12/2016,18.111,18.568,17.703,18.568,63981
05/13/2016,18.554,19.566,18.303,19.323,127660
05/16/2016,19.751,20.28,19.459,20.023,186678
05/17/2016,20.13,21.46,20.02,21.32,142495
05/18/2016,21.61,21.8,20.29,20.46,190679
05/19/2016,20.25,21.33,20.14,20.71,138964
05/20/2016,20.77,22.37,20.47,22.09,119414
05/23/2016,22.05,23.6,21.84,23.27,200130
05/24/2016,23.73,24.23,22.75,23.12,145219
05/25/2016,23.41,24.14,22.22,22.39,187806
05/26/2016,22.55,23.26,20.92,21.17,220664
05/27/2016,20.98,23.38,20.62,23.38,235396
05/31/2016,23.1,25.6,22.86,25.1,1026051
06/01/2016,25.16,26.23,24.38,25.85,451635
06/02/2016,25.32,26.18,25.1,26.11,194495
06/03/2016,26.23,26.55,25.66,26.23,319364
06/06/2016,26.24,26.93,26.17,26.4,260741
06/07/2016,26.27,28.06,26.15,27.56,286229
06/08/2016,27.9,28.2,26.73,26.82,176586
06/09/2016,26.72,26.76,26.1,26.29,220701
06/10/2016,25.68,26,24.27,24.54,380928
06/13/2016,24.2,24.61,23.49,23.73,232492
06/14/2016,23.37,23.93,22.7,23.53,150412
06/15/2016,23.38,24.73,23.38,24.06,101496
06/16/2016,23.69,23.69,22.09,22.83,354549
06/17/2016,23.02,24.17,22.35,23.61,933632
06/20/2016,24.29,24.56,23.71,23.9,121587
06/21/2016,23.8,24.37,22.8,24.37,167788
06/22/2016,24.31,24.92,24.19,24.43,69295
06/23/2016,24.63,26.05,24.63,25.94,91788
06/24/2016,24.32,25.1,24.21,24.66,118712
06/27/2016,24.11,24.45,23.07,23.64,260011
06/28/2016,24.49,25.71,24.45,25.02,117745
06/29/2016,25.51,26.53,25.18,25.81,162539
06/30/2016,25.5,25.83,25.06,25.68,116722
07/01/2016,25.61,27.24,25.39,26.37,182008
07/05/2016,25.62,25.82,24.48,25.55,122894
07/06/2016,25.19,25.67,24.63,25.67,76245
07/07/2016,25.77,26.16,24.69,25.01,77843
07/08/2016,25.04,26.35,25.04,25.92,107106
07/11/2016,26.18,26.43,25.82,25.87,104569
07/12/2016,26.31,26.77,26.21,26.64,208644
07/13/2016,26.64,26.76,25.13,25.64,111978
07/14/2016,25.86,26.45,25.46,26.09,59469
07/15/2016,26.24,26.44,26.02,26.34,67318
07/18/2016,26.16,26.63,25.82,26.45,55055
07/19/2016,26.42,26.42,25.32,25.54,90205
07/20/2016,25.26,25.52,24.72,25.31,151250
07/21/2016,25.32,25.72,24.71,24.85,61499
07/22/2016,24.88,25.09,24.47,25.08,76508
07/25/2016,24.72,24.85,24.25,24.4,60744
07/26/2016,24.34,24.88,24.04,24.11,40554
07/27/2016,24.58,24.64,23.35,23.86,65585
07/28/2016,23.96,24.27,23.53,23.66,161810
07/29/2016,23.88,23.94,23.265,23.44,99863
08/01/2016,23.44,23.44,22.25,22.27,238830
08/02/2016,22.46,23.37,22.2,22.57,253993
08/03/2016,22.6,24.333,22.36,24.2431,218697
08/04/2016,24.81,25.21,23.94,24.67,131372
08/05/2016,24.7,24.7,23,23.24,172064
08/08/2016,23.36,24.23,23.3,23.72,84455
08/09/2016,24.14,24.14,22.72,23.19,156191
08/10/2016,23.11,23.1777,22.6,22.8,125036
08/11/2016,22.95,23.84,22.29,23.44,93158
08/12/2016,23.72,24.39,23.27,23.62,110723
08/15/2016,23.69,24.9,23.69,24.7,106600
08/16/2016,24.74,25.27,24.58,25.15,50219
08/17/2016,25.38,25.38,24.688,24.965,51199
08/18/2016,25.04,26.31,25.04,26.27,73508
08/19/2016,26.15,26.15,25.61,25.86,32116
08/22/2016,25.38,25.489,24.5,25.11,41885
08/23/2016,24.88,25.48,24.78,25.25,12385
08/24/2016,24.92,25.23,24.52,24.67,45371
08/25/2016,24.71,25.4199,24.71,25.1,34538
08/26/2016,25.22,25.655,25.059,25.51,36912
08/29/2016,25.27,25.78,25.1,25.69,31307
08/30/2016,25.79,26,25.01,25.13,56151
08/31/2016,24.91,25.2,24.25,25.1,47281
09/01/2016,24.82,25.0605,24.32,24.75,29776
09/02/2016,24.98,25.56,24.955,25.11,105695
09/06/2016,25.31,25.95,25.05,25.94,47960
09/07/2016,25.83,27.0426,25.83,26.9,40238
09/08/2016,27.09,28.22,27.04,28.02,268801
09/09/2016,27.55,27.98,27.32,27.72,180341
09/12/2016,27.23,28.56,26.49,28.15,83168
09/13/2016,27.77,27.88,26.8,27.23,159325
09/14/2016,27.14,27.77,26.6,26.86,126302
09/15/2016,26.87,27.34,26.8101,26.97,35783
09/16/2016,26.46,26.94,25.451,26.9,71059
09/19/2016,27.2,27.76,26.87,26.87,86271
09/20/2016,26.56,27.1788,26.29,26.37,45347
09/21/2016,26.65,27.19,26.6,26.91,139799
09/22/2016,27.35,27.44,26.757,27.16,255007
09/23/2016,26.99,27.35,26.28,26.28,277560
09/26/2016,26.46,26.76,26.12,26.27,234454
09/27/2016,26,26.18,25.46,25.68,142311
09/28/2016,25.77,27.4701,25.76,27.26,262025
09/29/2016,27.37,27.76,26.88,27.27,375954
