05/06/2020,9.9,9.95,9.85,9.93,11705307
05/07/2020,9.9,9.94,9.88,9.94,824430
05/08/2020,9.88,9.95,9.88,9.95,288078
05/11/2020,9.9,9.91,9.87,9.89,433606
05/12/2020,9.87,9.93,9.87,9.88,482239
05/13/2020,9.9,9.905,9.87,9.88,117912
05/14/2020,9.87,9.87,9.86,9.86,23016
05/15/2020,9.87,9.92,9.87,9.87,62327
05/18/2020,9.87,9.878,9.85,9.8634,154524
05/19/2020,9.86,9.88,9.86,9.86,20696
05/21/2020,9.87,9.87,9.85,9.87,82489
05/22/2020,9.94,9.94,9.85,9.85,53483
05/26/2020,9.87,9.88,9.865,9.88,68720
05/27/2020,9.88,9.89,9.88,9.89,3555
05/28/2020,9.89,9.9,9.8899,9.9,225373
05/29/2020,9.94,9.95,9.89,9.9,105524
06/01/2020,9.92,9.92,9.89,9.9,319929
06/02/2020,9.9,9.94,9.895,9.94,115190
06/03/2020,9.92,9.92,9.9,9.91,443751
06/04/2020,9.9,9.9351,9.9,9.91,179856
06/05/2020,9.92,9.94,9.92,9.9395,821172
06/08/2020,9.9027,9.925,9.9,9.9171,1490
06/09/2020,9.91,9.95,9.91,9.95,776472
06/10/2020,9.95,9.95,9.95,9.95,630955
06/11/2020,9.92,9.93,9.9,9.93,400609
06/12/2020,9.92,9.92,9.91,9.91,287600
06/15/2020,10,10,9.91,9.93,50860
06/16/2020,9.93,10.0199,9.93,9.96,66004
06/17/2020,10.09,10.5,9.97,10,426096
06/18/2020,10.1,10.1,9.98,9.98,120523
06/19/2020,10.01,10.05,9.98,10.04,224050
06/22/2020,10.05,10.1,10,10.05,25191
06/23/2020,10.1,10.1,10.05,10.06,66676
06/24/2020,10.1,10.1,10,10,40208
06/25/2020,10,10.1,9.98,9.99,55380
06/26/2020,10.09,10.11,10.05,10.06,256911
06/29/2020,10.1,10.2,10,10.19,57291
06/30/2020,10.3625,10.3625,10.05,10.1,17202
07/01/2020,10.2,10.2,10.1037,10.18,14813
07/02/2020,10.28,10.3,10.2,10.3,50565
07/06/2020,10.67,10.67,10.16,10.16,144818
07/07/2020,10.09,10.35,10.09,10.24,19933
07/08/2020,10.15,10.2,10.15,10.17,3547
07/09/2020,10.25,10.25,10.2,10.2,26369
07/10/2020,10.26,10.64,10.2599,10.63,241981
07/13/2020,10.65,10.925,10.6,10.8,219643
07/14/2020,10.8,10.8,10.55,10.6,11667
07/15/2020,10.7,10.7,10.46,10.5,66372
07/16/2020,10.55,10.75,10.5,10.5,254763
07/17/2020,10.45,10.62,10.45,10.53,37591
07/20/2020,10.53,10.64,10.53,10.55,27487
07/21/2020,10.63,10.69,10.5901,10.69,8000
07/22/2020,10.55,10.66,10.55,10.58,4768
07/23/2020,10.605,10.68,10.57,10.68,6238
07/24/2020,10.595,10.64,10.51,10.51,25580
07/27/2020,10.51,10.6,10.51,10.58,89345
07/28/2020,10.65,10.85,10.65,10.65,400447
07/29/2020,10.65,10.65,10.31,10.38,22379
07/30/2020,10.39,10.62,10.28,10.28,6509
07/31/2020,10.35,10.35,10.23,10.25,636
08/03/2020,10.24,10.43,10.18,10.26,2506
08/04/2020,10.38,10.38,10.17,10.17,6900
08/05/2020,10.29,10.3,10.29,10.3,886
08/10/2020,10.24,10.24,10.23,10.23,959
08/11/2020,10.26,10.33,10.17,10.28,17514
08/12/2020,10.33,10.4,10.25,10.3976,17829
08/14/2020,10.31,10.31,10.26,10.26,630
08/17/2020,10.26,10.33,10.16,10.16,103062
08/18/2020,10.16,10.2,10.12,10.12,122536
08/19/2020,10.14,10.175,10.07,10.07,347655
08/20/2020,10.07,10.12,10.07,10.09,41811
08/21/2020,10.09,10.2,10.08,10.1,52591
08/25/2020,10.19,10.2,10.15,10.2,900
08/26/2020,10.43,10.43,10.36,10.36,1160
08/27/2020,10.39,10.45,10.305,10.305,1306
08/31/2020,10.3341,10.3341,10.24,10.24,1194
09/01/2020,10.26,10.26,10.16,10.16,370
09/02/2020,10.29,10.35,10.22,10.24,18716
09/03/2020,10.35,10.62,10.35,10.62,199075
09/04/2020,10.67,11,10.67,10.82,108562
09/08/2020,10.87,10.87,10.8,10.8,3547
09/09/2020,10.85,10.85,10.734,10.7599,116084
09/10/2020,10.8,11.26,10.8,11.025,147602
09/11/2020,11.1,11.1,10.99,11.08,186095
09/14/2020,11.1,11.28,11.1,11.18,51404
09/15/2020,11.18,11.18,11.03,11.06,3589
09/16/2020,11.25,11.44,10.995,11.2,76861
09/17/2020,11.24,11.37,11.2,11.32,112191
09/18/2020,11.4,11.5491,11.4,11.5,72773
09/21/2020,11.38,11.38,10.97,11.25,8324
09/22/2020,11.2343,11.25,11.21,11.21,992
09/23/2020,11.14,11.14,11.05,11.05,1071
09/24/2020,11.01,11.01,10.75,11,27139
09/25/2020,11.01,11.01,10.79,10.79,942
09/28/2020,11.1,11.1,10.91,10.91,102390
09/29/2020,11.1164,11.1164,11.05,11.05,25200
09/30/2020,11.05,11.05,11.05,11.05,250
10/01/2020,11.22,11.23,11.08,11.08,2692
10/02/2020,11.09,11.16,10.85,10.85,4529
10/05/2020,11.02,11.02,10.83,10.9,7311
10/06/2020,10.69,11,10.69,10.87,690
10/07/2020,10.85,10.85,10.85,10.85,1000
10/09/2020,10.851,10.851,10.74,10.75,3700
10/12/2020,10.7925,10.88,10.7925,10.87,1530
10/13/2020,10.785,10.785,10.785,10.785,500
10/14/2020,10.73,10.73,10.73,10.73,402
10/15/2020,10.69,10.77,10.69,10.77,352
10/16/2020,10.88,10.88,10.88,10.88,167
10/19/2020,10.9,10.9,10.9,10.9,164
10/20/2020,10.61,10.88,10.61,10.88,209
10/21/2020,10.553,10.85,10.553,10.775,317
10/23/2020,10.63,10.63,10.61,10.61,1162
10/26/2020,10.5834,10.6,10.46,10.6,768
10/27/2020,10.44,10.5642,10.44,10.5642,474
11/02/2020,10.27,10.27,10.27,10.27,161
11/05/2020,10.3,10.34,10.3,10.34,1741
11/06/2020,10.23,10.4,10.23,10.4,4527
11/09/2020,10.34,10.5,10.34,10.5,14184
11/10/2020,10.13,10.48,10.1,10.48,767
11/12/2020,10.465,10.465,10.43,10.43,275
11/13/2020,10.43,10.54,10.43,10.47,4811
11/16/2020,10.47,10.515,10.47,10.515,430
11/17/2020,10.45,10.45,10.45,10.45,901
11/19/2020,10.55,10.69,10.55,10.6,24849
11/20/2020,10.69,10.84,10.69,10.76,17736
11/23/2020,10.8,10.96,10.8,10.96,2531
11/24/2020,11,11.35,11,11.3,5777
11/25/2020,11.3,11.3,11.03,11.03,1806
11/27/2020,11.1793,11.2,11.11,11.2,602
11/30/2020,11.3,11.3,11.2,11.25,13399
12/01/2020,11.05,11.205,11.05,11.205,553
12/02/2020,11.1,11.2,10.93,11.2,4734
12/03/2020,11,11.05,10.85,10.9,161888
12/04/2020,11.1,12.2,11.1,11.64,419320
12/07/2020,11.95,11.95,11.43,11.51,16896
12/08/2020,11.51,11.7,11.47,11.47,3769
12/09/2020,11.7,11.79,11.37,11.451,4454
12/10/2020,11.4,11.5,11.29,11.39,71875
12/11/2020,11.5,11.65,11.41,11.42,30648
12/14/2020,11.5,11.76,11.41,11.55,61850
12/16/2020,11.07,11.07,11.07,11.07,430
12/18/2020,11.35,11.6,11.35,11.59,23345
12/21/2020,11.59,11.6,11.4801,11.6,17904
12/22/2020,11.65,11.82,10.74,11.7,36015
12/23/2020,11.85,12.35,11.7411,12.15,440825
12/24/2020,12.5,12.5,12.15,12.19,1303
12/28/2020,12.5,12.75,12.24,12.47,88171
12/29/2020,12.6,12.6,12.08,12.5,31126
12/30/2020,12.65,12.65,11.96,12.65,29863
12/31/2020,12.65,12.65,11.79,11.8,11147
