11/02/2012,15.649,16.502,15.649,16.189,9405941
11/05/2012,16.226,16.769,16.03,16.762,431916
11/06/2012,16.841,17.051,16.624,16.762,210874
11/07/2012,16.541,16.96,16.093,16.787,201138
11/08/2012,16.481,16.696,16.367,16.668,106472
11/09/2012,16.646,17.102,16.509,17.102,90749
11/12/2012,17.146,17.312,16.675,16.957,172124
11/13/2012,16.689,16.798,16.407,16.581,170776
11/14/2012,16.515,16.725,16.081,16.479,361823
11/15/2012,16.298,16.631,15.943,15.994,52925
11/16/2012,15.94,16.787,15.939,16.7,209511
11/19/2012,16.841,16.863,16.494,16.682,121463
11/20/2012,16.66,16.689,16.573,16.66,47990
11/21/2012,16.479,16.725,16.226,16.429,259738
11/23/2012,16.515,16.718,16.515,16.697,18356
11/26/2012,16.62,16.715,16.439,16.57,142669
11/27/2012,16.939,17.07,16.787,16.896,153168
11/28/2012,17.033,17.157,16.862,17.041,176541
11/29/2012,17.167,17.167,16.769,17.015,63960
11/30/2012,17.153,17.153,16.805,16.979,184787
12/03/2012,17.008,17.16,16.899,17.051,58605
12/04/2012,16.965,17.356,16.812,17.131,252335
12/05/2012,17.131,17.819,16.907,17.356,135732
12/06/2012,17.443,17.609,17.138,17.247,50665
12/07/2012,17.153,17.254,16.772,17.051,38900
12/10/2012,17.106,17.38,16.86,17.041,46320
12/11/2012,16.845,17.445,16.845,17.24,74564
12/12/2012,17.041,17.041,16.758,16.946,36524
12/13/2012,16.704,17.32,16.103,16.82,105402
12/14/2012,17.095,17.095,16.66,16.791,58357
12/17/2012,16.849,16.892,16.682,16.74,16404
12/18/2012,16.896,16.997,16.671,16.765,30705
12/19/2012,16.675,17.051,16.494,16.972,33795
12/20/2012,17.044,17.296,16.95,17.102,18007
12/21/2012,16.994,17.567,16.718,16.776,27803
12/24/2012,16.624,17.218,16.624,16.914,10067
12/26/2012,17.157,17.337,16.954,17.287,15705
12/27/2012,17.319,17.493,17.168,17.247,11762
12/28/2012,17.378,17.516,16.854,17.167,7833
12/31/2012,17.283,17.988,17.153,17.167,34508
01/02/2013,17.472,18.037,17.022,17.884,43672
01/03/2013,17.899,18.109,17.539,17.834,22180
01/04/2013,17.942,17.942,17.523,17.819,47457
01/07/2013,17.703,17.747,17.392,17.682,18774
01/08/2013,17.595,17.812,17.392,17.457,42087
01/09/2013,17.403,17.902,17.324,17.786,158680
01/10/2013,17.703,17.884,17.385,17.573,251091
01/11/2013,17.66,17.812,17.457,17.609,9219
01/14/2013,17.696,17.703,17.493,17.602,81378
01/15/2013,17.568,17.659,17.329,17.557,27152
01/16/2013,17.41,17.591,17.033,17.301,42690
01/17/2013,17.406,17.674,17.117,17.638,41281
01/18/2013,17.414,17.573,17.167,17.414,20679
01/22/2013,17.392,17.53,17.2,17.508,24601
01/23/2013,17.493,17.645,17.312,17.392,15142
01/24/2013,17.512,17.685,17.122,17.685,23219
01/25/2013,17.736,17.736,17.388,17.388,50022
01/28/2013,17.613,17.613,17.323,17.367,40740
01/29/2013,17.24,17.573,17.24,17.414,35911
01/30/2013,17.348,17.459,16.769,17.073,39914
01/31/2013,17.008,17.08,16.515,17.037,148770
02/01/2013,17.193,17.693,16.73,17.106,47463
02/04/2013,17.167,17.37,17.051,17.08,17498
02/05/2013,17.066,17.109,16.617,16.776,180026
02/06/2013,16.689,16.943,16.689,16.776,95976
02/07/2013,16.901,16.996,16.842,16.915,121195
02/08/2013,16.996,16.996,16.549,16.718,39158
02/11/2013,16.813,16.813,16.485,16.747,175023
02/12/2013,16.63,16.783,16.55,16.652,134085
02/13/2013,16.557,17.018,16.557,16.813,51690
02/14/2013,16.672,16.957,16.519,16.785,123599
02/15/2013,16.899,16.899,16.654,16.792,50544
02/19/2013,16.747,16.901,16.366,16.462,40658
02/20/2013,16.396,16.82,16.118,16.63,349353
02/21/2013,16.765,16.765,16.414,16.648,25824
02/22/2013,16.778,16.964,16.66,16.694,35313
02/25/2013,16.776,16.959,16.674,16.71,25019
02/26/2013,16.791,17.259,16.791,17.062,10270
02/27/2013,17.113,17.479,16.93,17.128,36682
02/28/2013,17.193,17.237,16.674,16.784,27093
03/01/2013,16.783,16.966,16.462,16.594,20241
03/04/2013,16.484,16.513,16.301,16.418,37000
03/05/2013,16.469,16.981,16.429,16.476,27718
03/06/2013,16.52,16.703,16.506,16.608,33775
03/07/2013,16.527,17.062,16.527,16.989,9499
03/08/2013,16.949,17.413,16.782,17.406,437790
03/11/2013,17.578,17.616,17.395,17.556,157892
03/12/2013,17.669,17.794,17.567,17.64,28793
03/13/2013,17.728,18.818,17.362,18.665,52767
03/14/2013,18.737,19.171,18.701,19.002,24774
03/15/2013,19.192,19.389,18.901,19.214,27494
03/18/2013,19.045,19.089,18.775,18.848,30104
03/19/2013,18.957,18.957,18.628,18.658,10032
03/20/2013,18.628,18.628,18.409,18.467,15916
03/21/2013,17.86,18.603,17.86,18.387,43518
03/22/2013,18.438,18.877,18.379,18.635,32083
03/25/2013,18.753,18.804,18.313,18.804,140745
03/26/2013,18.804,18.804,18.452,18.709,4235
03/27/2013,18.599,18.98,18.511,18.833,102293
03/28/2013,18.429,18.429,14.736,14.838,1690063
04/01/2013,15.005,15.005,14.39,14.522,476649
04/02/2013,14.551,14.588,13.783,13.914,289519
04/03/2013,13.925,14.086,13.42,13.838,470916
04/04/2013,13.753,14.017,13.702,13.914,272739
04/05/2013,13.625,13.911,13.53,13.706,594677
04/08/2013,13.614,13.944,13.468,13.797,259899
04/09/2013,13.764,14.643,13.764,14.628,110662
04/10/2013,14.708,15.485,14.672,15.082,134947
04/11/2013,14.924,15.261,14.924,15.093,101451
04/12/2013,14.818,15.089,14.675,15.031,56088
04/15/2013,15.085,15.189,14.915,15.122,36054
04/16/2013,15.195,15.276,14.69,14.705,71256
04/17/2013,14.654,14.727,14.427,14.632,60421
04/18/2013,14.569,15.154,14.488,14.833,23820
04/19/2013,15.019,15.335,14.895,15.254,52726
04/22/2013,15.524,15.524,15.202,15.364,27240
04/23/2013,15.29,15.452,15.21,15.452,28002
04/24/2013,15.591,15.664,15.473,15.612,104226
04/25/2013,15.572,15.697,15.448,15.455,20712
04/26/2013,15.408,15.583,15.21,15.561,47634
04/29/2013,15.612,15.671,15.415,15.561,53255
04/30/2013,15.496,15.876,15.459,15.854,661417
05/01/2013,15.978,16.088,15.942,16.066,48078
05/02/2013,16.073,16.073,15.752,15.796,121465
05/03/2013,15.636,15.89,15.296,15.817,166034
05/06/2013,15.81,15.92,15.656,15.715,96527
05/07/2013,15.722,15.722,15.202,15.364,84342
05/08/2013,15.819,16.08,15.475,15.557,231567
05/09/2013,15.632,15.759,15.513,15.625,45543
05/10/2013,15.789,15.968,15.789,15.804,99149
05/13/2013,15.942,16.083,15.763,15.763,67002
05/14/2013,15.677,16.15,15.61,15.766,74324
05/15/2013,15.677,16.132,15.669,15.863,80286
05/16/2013,15.983,16.102,15.453,15.655,139320
05/17/2013,15.688,15.763,15.128,15.315,111616
05/20/2013,15.393,15.766,15.192,15.632,269381
05/21/2013,15.766,15.871,15.632,15.766,124473
05/22/2013,15.669,15.975,15.669,15.945,24537
05/23/2013,16.028,16.08,15.908,16.005,27873
05/24/2013,16.035,16.162,15.968,16.162,9068
05/28/2013,16.229,16.901,16.207,16.893,36998
05/29/2013,16.774,17.453,16.729,16.93,89192
05/30/2013,16.93,16.975,16.863,16.915,11609
05/31/2013,16.848,16.923,16.744,16.774,8847
06/03/2013,16.759,16.759,16.43,16.58,60522
06/04/2013,16.576,16.576,16.121,16.233,59717
06/05/2013,16.139,16.341,16.035,16.251,34004
06/06/2013,16.378,16.48,16.341,16.423,2814
06/07/2013,16.677,16.818,16.565,16.789,14066
06/10/2013,16.908,17.087,16.808,16.983,9177
06/11/2013,16.99,17.095,16.789,16.99,23227
06/12/2013,16.863,17.027,16.587,17.027,16214
06/13/2013,17.057,17.147,16.968,17.05,25377
06/14/2013,16.938,17.139,16.8,17.139,13368
06/17/2013,17.132,17.192,17.057,17.162,10999
06/18/2013,17.158,17.27,17.091,17.21,17950
06/19/2013,17.102,17.162,17.05,17.124,3259
06/20/2013,17.02,17.139,16.863,17.072,37375
06/21/2013,17.206,17.206,16.871,17.012,28399
06/24/2013,16.901,16.901,16.677,16.796,32063
06/25/2013,16.759,16.938,16.714,16.721,12983
06/26/2013,16.828,17.664,16.828,17.227,87943
06/27/2013,17.274,17.4,17.147,17.274,34504
06/28/2013,17.154,17.274,17.154,17.154,4554
07/01/2013,17.154,17.162,17.042,17.162,5102
07/02/2013,17.029,17.164,16.858,17.078,6945
07/03/2013,16.998,17.415,16.915,17.333,18510
07/05/2013,17.244,17.267,17.05,17.05,6158
07/08/2013,17.158,17.27,16.941,17.143,28984
07/09/2013,17.136,17.345,17.063,17.225,44414
07/10/2013,17.139,17.311,17.08,17.266,16097
07/11/2013,17.311,17.348,17.199,17.348,12327
07/12/2013,17.303,17.386,17.031,17.132,16015
07/15/2013,17.259,17.348,17.154,17.177,12389
07/16/2013,17.282,17.319,17.086,17.199,135889
07/17/2013,17.322,17.516,16.994,17.009,14885
07/18/2013,16.885,17.326,16.829,17.326,42729
07/19/2013,17.415,17.78,16.579,16.991,519243
07/22/2013,17.483,17.647,17.162,17.341,143753
07/23/2013,17.617,17.617,17.162,17.468,109686
07/24/2013,17.617,17.617,17.162,17.609,30660
07/25/2013,17.602,18.49,16.878,17.281,105053
07/26/2013,17.393,17.46,16.938,17.027,26172
07/29/2013,17.18,17.324,16.889,17.076,16991
07/30/2013,17.4,17.4,16.416,16.423,41219
07/31/2013,16.557,17.244,16.177,16.998,22900
08/01/2013,17.087,17.124,16.468,16.677,6627
08/02/2013,17.303,17.303,16.707,16.736,17585
08/05/2013,16.863,17.468,16.743,17.326,123765
08/06/2013,17.397,17.719,17.061,17.106,66160
08/07/2013,17.193,17.193,16.121,16.296,76027
08/08/2013,16.38,16.706,16.023,16.023,6729
08/09/2013,15.803,15.932,15.339,15.932,32691
08/12/2013,15.689,16.114,15.321,15.681,22488
08/13/2013,15.681,16.046,15.643,15.757,29287
08/14/2013,15.833,16.023,15.567,15.567,17073
08/15/2013,15.547,15.547,13.887,14.448,159190
08/16/2013,14.428,15.043,14.428,14.58,47209
08/19/2013,14.81,14.81,14.453,14.51,38997
08/20/2013,14.648,15.347,14.428,14.428,36522
08/21/2013,14.466,14.8,13.549,14.253,61766
08/22/2013,14.39,15.089,14.048,14.588,39581
08/23/2013,14.694,14.944,14.322,14.648,9197
08/26/2013,14.55,15.089,14.231,14.785,44923
08/27/2013,14.808,15.438,14.808,14.929,12423
08/28/2013,14.955,15.987,14.303,14.303,34070
08/29/2013,14.466,14.519,14.132,14.307,7877
08/30/2013,14.458,14.755,14.155,14.284,9459
09/03/2013,14.284,14.76,14.14,14.246,16306
09/04/2013,14.352,14.588,14.17,14.17,11219
09/05/2013,14.276,14.428,14.102,14.314,12234
09/06/2013,14.189,14.296,13.763,13.817,16527
09/09/2013,13.817,14.03,13.741,13.923,48322
09/10/2013,13.912,13.912,13.707,13.859,48399
09/11/2013,14.193,14.36,13.927,14.048,59896
09/12/2013,14.2,14.291,13.684,13.684,44265
09/13/2013,13.722,14.079,13.722,13.722,23913
09/16/2013,13.631,13.897,13.578,13.676,33440
09/17/2013,14.087,14.087,13.729,13.805,47487
09/18/2013,13.851,14.132,13.646,13.76,29897
09/19/2013,13.821,13.888,13.289,13.312,58980
09/20/2013,13.479,13.547,13.236,13.236,35217
09/23/2013,13.236,13.517,13.236,13.266,58662
09/24/2013,13.274,13.593,13.243,13.243,21854
09/25/2013,13.213,13.426,13.213,13.221,11537
09/26/2013,13.213,13.373,13.099,13.107,17063
09/27/2013,13.085,13.085,12.91,13.007,52356
09/30/2013,12.959,12.974,12.686,12.777,28470
10/01/2013,12.795,12.955,12.72,12.727,18850
10/02/2013,12.758,12.894,12.568,12.742,61488
10/03/2013,12.742,12.985,12.537,12.75,46043
10/04/2013,12.873,13.118,12.704,12.742,154169
10/07/2013,12.737,12.759,12.494,12.566,22550
10/08/2013,12.514,12.648,12.309,12.408,17165
10/09/2013,13.487,13.487,12.537,13.054,187548
10/10/2013,13.068,13.928,13.03,13.859,38527
10/11/2013,14.052,15.18,13.832,15.13,44383
10/14/2013,15.184,15.639,15.115,15.601,56570
10/15/2013,15.476,15.544,15.263,15.499,27616
10/16/2013,15.408,15.56,15.214,15.4,34284
10/17/2013,15.339,15.514,14.929,15.332,90190
10/18/2013,15.765,15.947,15.233,15.636,28037
10/21/2013,15.772,15.772,15.347,15.408,36666
10/22/2013,15.606,15.606,14.684,15.278,46737
10/23/2013,15.187,15.355,14.96,15.279,29029
10/24/2013,15.586,15.99,15.334,15.875,31420
10/25/2013,15.817,15.817,15.199,15.491,46959
10/28/2013,15.522,15.636,14.907,15.119,20266
10/29/2013,15.07,15.42,14.735,15.131,32530
10/30/2013,15.263,15.461,14.77,15.332,28557
10/31/2013,15.206,15.518,14.963,15.32,55422
11/01/2013,15.199,15.366,14.76,15.351,15366
11/04/2013,15.32,15.54,15.017,15.055,20069
11/05/2013,15.144,15.539,15.036,15.4,21600
11/06/2013,15.392,15.653,15.307,15.322,8386
11/07/2013,15.346,15.539,15.307,15.33,9816
11/08/2013,15.584,16.159,15.285,15.694,35804
11/11/2013,15.845,16.046,15.397,15.691,7691
11/12/2013,15.884,15.915,15.435,15.915,9561
11/13/2013,16.188,16.418,15.526,15.687,44449
11/14/2013,15.586,15.586,15.23,15.315,11883
11/15/2013,15.346,15.605,15.214,15.57,2896
11/18/2013,15.57,15.663,15.113,15.229,27773
11/19/2013,15.4,15.431,15.036,15.206,21094
11/20/2013,15.206,15.307,15.121,15.121,4851
11/21/2013,15.253,15.501,15.191,15.353,8114
11/22/2013,15.388,15.536,15.225,15.373,34323
11/25/2013,15.346,15.578,15.036,15.501,51525
11/26/2013,15.442,15.442,15.032,15.047,47832
11/27/2013,15.245,15.245,14.764,14.85,32291
11/29/2013,14.826,15.036,14.811,14.927,20304
12/02/2013,14.782,15.11,14.66,14.912,7416
12/03/2013,14.935,15.113,14.741,14.803,11818
12/04/2013,14.92,14.982,14.463,14.562,14759
12/05/2013,14.633,14.633,13.703,13.951,29214
12/06/2013,13.966,14.051,13.447,13.47,11002
12/09/2013,13.47,14.462,13.447,13.757,18458
12/10/2013,13.815,13.854,13.582,13.582,25211
12/11/2013,13.579,13.78,13.385,13.548,33181
12/12/2013,13.4,13.578,12.997,13.067,24242
12/13/2013,12.99,13.757,12.982,12.982,44654
12/16/2013,13.222,13.277,12.745,12.904,49945
12/17/2013,12.982,13.121,12.788,12.897,159547
12/18/2013,13.127,13.442,13.088,13.261,48975
12/19/2013,13.356,13.557,13.168,13.398,48258
12/20/2013,13.478,13.717,13.331,13.548,320457
12/23/2013,13.437,13.777,13.437,13.634,35042
12/24/2013,13.734,13.912,13.555,13.703,6922
12/26/2013,13.641,13.904,13.641,13.757,22270
12/27/2013,13.641,13.718,13.044,13.431,44140
12/30/2013,13.447,13.803,13.4,13.803,59390
12/31/2013,13.749,14.261,13.718,13.974,18437
01/02/2014,14.02,14.346,13.922,13.982,39219
01/03/2014,14.152,14.586,14.028,14.082,61977
01/06/2014,14.37,14.672,14.207,14.275,36347
01/07/2014,14.354,14.726,14.152,14.152,40514
01/08/2014,14.292,14.579,14.067,14.121,37120
01/09/2014,14.04,14.722,13.978,14.536,38708
01/10/2014,14.571,14.803,14.163,14.602,45531
01/13/2014,14.718,14.95,14.392,14.392,54437
01/14/2014,13.993,14.497,13.993,14.427,24370
01/15/2014,14.501,14.819,14.454,14.555,562352
01/16/2014,14.684,14.684,14.202,14.217,66456
01/17/2014,14.261,14.261,13.951,13.951,39359
01/21/2014,14.113,14.175,13.966,13.966,48197
01/22/2014,14.183,14.276,13.958,13.958,40045
01/23/2014,14.028,14.137,13.772,13.772,21009
01/24/2014,13.881,14.098,13.554,13.951,54419
01/27/2014,14.036,14.253,13.641,13.796,38318
01/28/2014,14.137,14.23,13.826,13.904,21973
01/29/2014,13.834,14.183,13.827,13.958,37454
01/30/2014,13.284,13.462,13.013,13.106,360727
01/31/2014,12.556,13.834,12.525,13.827,6901709
02/03/2014,13.747,14.382,13.501,14.247,575573
02/04/2014,14.282,14.33,13.838,14.156,361333
02/05/2014,14.104,14.16,13.454,14.001,257296
02/06/2014,13.989,14.132,13.799,14.021,169687
02/07/2014,14.104,14.271,13.827,14.207,180039
02/10/2014,14.425,14.584,13.87,14.124,191778
02/11/2014,14.191,14.485,14.009,14.358,226697
02/12/2014,14.358,14.389,14.112,14.326,85805
02/13/2014,14.298,14.457,14.147,14.219,177930
02/14/2014,14.243,14.251,13.926,14.116,92326
02/18/2014,14.112,14.231,13.882,13.906,102089
02/19/2014,13.981,14.227,13.831,13.831,69692
02/20/2014,13.894,14.084,13.823,13.981,81972
02/21/2014,13.93,14.144,13.906,14.096,53894
02/24/2014,14.163,14.211,13.997,14.037,89268
02/25/2014,14.124,14.219,14.051,14.14,62681
02/26/2014,14.203,14.203,13.886,14.156,136091
02/27/2014,14.167,14.247,13.929,14.064,36896
02/28/2014,14.152,14.191,13.953,13.953,62365
03/03/2014,13.985,14.041,13.829,14.009,45425
03/04/2014,14.045,14.291,14.045,14.076,71336
03/05/2014,14.022,14.18,13.72,13.758,51946
03/06/2014,13.68,13.68,11.832,13.061,574988
03/07/2014,13.069,13.256,13.069,13.173,89940
03/10/2014,13.188,13.561,13.188,13.498,70132
03/11/2014,13.557,13.557,13.365,13.509,40792
03/12/2014,13.478,13.712,13.449,13.557,55601
03/13/2014,13.541,13.66,13.541,13.581,95838
03/14/2014,13.605,13.716,13.605,13.62,31499
03/17/2014,13.644,13.771,13.588,13.692,60581
03/18/2014,13.636,13.752,13.438,13.525,256516
03/19/2014,13.581,13.716,13.517,13.573,26192
03/20/2014,13.525,13.612,13.517,13.565,28411
03/21/2014,13.747,13.747,13.502,13.66,75744
03/24/2014,13.7,13.858,13.684,13.827,85915
03/25/2014,13.827,13.866,13.644,13.644,38040
03/26/2014,13.731,13.866,13.517,13.517,112586
03/27/2014,13.525,13.624,13.47,13.541,97834
03/28/2014,13.613,13.613,13.398,13.454,86164
03/31/2014,13.446,13.525,13.327,13.438,92582
04/01/2014,13.339,13.648,13.339,13.553,114636
04/02/2014,13.446,13.573,13.161,13.486,151272
04/03/2014,13.509,13.795,13.367,13.525,115016
04/04/2014,13.502,13.731,13.472,13.541,43983
04/07/2014,13.62,13.636,13.414,13.454,61065
04/08/2014,13.391,13.573,13.319,13.486,70907
04/09/2014,13.525,13.525,13.398,13.494,75308
04/10/2014,13.541,13.62,13.327,13.335,58205
04/11/2014,13.644,13.644,13.24,13.462,33671
04/14/2014,13.414,13.644,13.414,13.509,59101
04/15/2014,13.581,13.581,13.438,13.557,67110
04/16/2014,13.573,13.628,13.549,13.549,166807
04/17/2014,13.597,13.637,13.328,13.477,68020
04/21/2014,13.49,13.577,13.339,13.577,54679
04/22/2014,13.525,13.66,13.478,13.541,25943
04/23/2014,13.581,13.676,13.533,13.676,53618
04/24/2014,13.64,13.67,13.466,13.49,48203
04/25/2014,13.509,13.652,13.454,13.597,89667
04/28/2014,13.636,13.636,13.391,13.557,135197
04/29/2014,13.581,13.613,13.462,13.613,78942
04/30/2014,13.636,13.636,13.557,13.636,118190
05/01/2014,13.601,13.612,13.497,13.529,161832
05/02/2014,13.525,13.636,13.398,13.454,148255
05/05/2014,13.402,13.513,13.402,13.49,136673
05/06/2014,13.478,13.612,13.43,13.565,187157
05/07/2014,13.89,14.215,13.89,14.06,383951
05/08/2014,14.008,14.008,13.748,13.772,185938
05/09/2014,13.719,13.987,13.403,13.93,249609
05/12/2014,13.963,13.987,13.792,13.8,133549
05/13/2014,13.76,13.817,13.638,13.817,188149
05/14/2014,13.76,13.865,13.719,13.865,60127
05/15/2014,13.841,14.093,13.819,13.995,135600
05/16/2014,13.939,14.077,13.939,14.003,69809
05/19/2014,13.971,14.19,13.971,14.02,95922
05/20/2014,14.068,14.198,13.988,14.101,46314
05/21/2014,14.125,14.206,14.044,14.077,35098
05/22/2014,14.117,14.334,14.07,14.296,51700
05/23/2014,14.332,14.405,14.259,14.267,42663
05/27/2014,14.267,14.381,14.251,14.324,85421
05/28/2014,14.367,14.391,14.139,14.249,55738
05/29/2014,14.202,14.405,14.113,14.349,47993
05/30/2014,14.373,14.576,14.243,14.503,95696
06/02/2014,14.491,14.856,14.377,14.815,80286
06/03/2014,14.888,15.181,14.783,15.059,98630
06/04/2014,15.108,15.724,15.01,15.424,163977
06/05/2014,15.351,15.611,15.229,15.294,178360
06/06/2014,15.367,15.611,15.229,15.27,89238
06/09/2014,15.409,15.628,15.279,15.52,91453
06/10/2014,15.518,15.53,15.388,15.444,29133
06/11/2014,15.436,15.477,14.908,15.055,100667
06/12/2014,15.342,17.374,15.342,17.162,759609
06/13/2014,17.539,18.448,17.539,18.294,344938
06/16/2014,18.627,19.057,18.01,18.196,256004
06/17/2014,17.864,18.439,17.831,17.993,155647
06/18/2014,17.876,18.2,17.308,17.892,93172
06/19/2014,17.868,18.144,17.868,18.136,121092
06/20/2014,17.953,18.636,17.953,18.505,112465
06/23/2014,18.371,19.044,18.177,18.785,96782
06/24/2014,18.87,19.025,18.383,18.602,65342
06/25/2014,18.66,18.823,18.425,18.683,60196
06/26/2014,18.562,18.786,18.44,18.716,44322
06/27/2014,18.688,18.826,18.493,18.679,34158
06/30/2014,18.813,18.927,18.586,18.684,64897
07/01/2014,18.826,18.85,18.493,18.736,51718
07/02/2014,18.627,19.073,18.627,18.862,66120
07/03/2014,19.012,19.556,18.858,19.426,168924
07/07/2014,20.18,20.25,19.173,19.198,142207
07/08/2014,19.28,19.369,19.171,19.313,25922
07/09/2014,19.262,19.311,19.229,19.282,51588
07/10/2014,19.252,19.495,19.106,19.244,61044
07/11/2014,19.276,19.353,18.951,19.114,91897
07/14/2014,19.183,19.483,19.069,19.11,36253
07/15/2014,19.085,19.215,18.712,18.728,118578
07/16/2014,18.82,19.274,18.723,19.221,36414
07/17/2014,19.033,19.487,18.877,19.333,48699
07/18/2014,19.439,19.495,19.122,19.219,30596
07/21/2014,19.11,19.467,19.037,19.434,52287
07/22/2014,19.369,19.426,18.696,18.85,91839
07/23/2014,18.87,19.041,18.708,18.813,32659
07/24/2014,18.786,19.103,17.883,18.192,152813
07/25/2014,18.136,18.241,17.827,17.981,100994
07/28/2014,18.038,18.038,17.778,17.933,67125
07/29/2014,18.002,18.115,17.872,18.091,63395
07/30/2014,18.006,18.428,17.876,17.989,78555
07/31/2014,18.046,18.046,17.438,17.624,58596
08/01/2014,17.689,17.884,17.381,17.835,74475
08/04/2014,17.697,17.998,17.6,17.998,125696
08/05/2014,17.933,17.981,17.746,17.835,63565
08/06/2014,17.608,18.327,17.476,18.187,72404
08/07/2014,18.274,18.422,17.86,17.976,22720
08/08/2014,18.377,18.377,17.789,18.013,40317
08/11/2014,18.038,18.427,17.997,18.294,69383
08/12/2014,18.158,18.39,18.075,18.315,105716
08/13/2014,18.281,19.151,18.157,18.902,89253
08/14/2014,18.927,19.332,18.894,19.1,67229
08/15/2014,19.237,19.46,19.123,19.386,36615
08/18/2014,19.518,19.592,18.947,19.162,24366
08/19/2014,19.204,19.461,18.922,18.922,20460
08/20/2014,18.91,19.062,18.423,18.654,48988
08/21/2014,18.706,18.879,18.474,18.627,132429
08/22/2014,18.621,18.828,18.588,18.604,43847
08/25/2014,18.67,18.778,18.53,18.621,83555
08/26/2014,18.423,18.703,18.249,18.331,81041
08/27/2014,18.211,18.253,17.435,17.955,105000
08/28/2014,17.819,18.298,17.819,17.951,36143
08/29/2014,17.959,18.323,17.959,18.282,29033
09/02/2014,18.381,18.803,18.191,18.737,53994
09/03/2014,18.836,18.877,18.431,18.654,97458
09/04/2014,18.704,18.704,18.224,18.398,77745
09/05/2014,18.588,18.588,18.274,18.414,52951
09/08/2014,18.398,18.96,18.398,18.828,82009
09/09/2014,18.877,18.877,18.538,18.637,32674
09/10/2014,18.654,18.801,18.48,18.58,30938
09/11/2014,18.687,18.943,18.497,18.852,30680
09/12/2014,18.811,18.811,18.513,18.621,28233
09/15/2014,18.53,18.72,18.505,18.513,75562
09/16/2014,18.497,18.75,18.497,18.555,34922
09/17/2014,18.67,18.687,18.555,18.604,20706
09/18/2014,18.67,18.67,18.58,18.604,68243
09/19/2014,18.604,18.737,18.571,18.613,18299
09/22/2014,18.513,18.919,18.282,18.331,26110
09/23/2014,18.228,18.493,18.187,18.269,22180
09/24/2014,18.604,18.604,18.075,18.075,30612
09/25/2014,18.591,18.591,17.535,17.535,59012
09/26/2014,17.563,18.191,17.538,18.182,61995
09/29/2014,18.162,18.437,18.088,18.278,36609
09/30/2014,18.335,18.335,17.543,17.683,43307
10/01/2014,17.794,18.017,17.596,17.901,93147
10/02/2014,17.976,17.976,17.744,17.794,27538
10/03/2014,17.992,18.331,17.786,17.992,70731
10/06/2014,17.988,18.17,17.798,18.021,29340
10/07/2014,17.827,18.075,17.736,17.736,41745
10/08/2014,17.777,17.906,17.116,17.339,124247
10/09/2014,17.318,17.401,14.905,15.773,379203
10/10/2014,15.438,16.032,14.389,15.743,205823
10/13/2014,15.702,15.884,14.876,15.396,139097
10/14/2014,15.611,15.611,14.259,15.528,127572
10/15/2014,15.276,15.375,14.631,15.202,171443
10/16/2014,14.967,16.52,14.967,16.429,39482
10/17/2014,16.513,17.544,16.463,16.967,89912
10/20/2014,16.86,17.165,16.786,17.165,10301
10/21/2014,17.083,17.397,16.289,16.918,132682
10/22/2014,16.988,17.087,16.525,16.525,23463
10/23/2014,16.76,16.843,16.191,16.471,67631
10/24/2014,16.599,16.972,16.599,16.806,25937
10/27/2014,16.752,17.148,16.595,16.719,54940
10/28/2014,16.781,16.88,16.558,16.632,53901
10/29/2014,16.752,16.794,16.313,16.438,80761
10/30/2014,16.591,16.591,16.227,16.326,31648
10/31/2014,16.546,16.588,16.319,16.43,47714
11/03/2014,16.488,16.623,15.747,15.916,27095
11/04/2014,15.805,16.117,14.852,15.164,119789
11/05/2014,15.24,16,14.843,15.518,57848
11/06/2014,15.287,15.682,15.245,15.623,35963
11/07/2014,15.569,16.193,15.569,16.067,51524
11/10/2014,16.202,16.252,15.831,15.966,96798
11/11/2014,16.006,16.082,15.821,16.018,44560
11/12/2014,16.012,16.105,15.86,15.868,26751
11/13/2014,15.885,15.944,15.624,15.75,33934
11/14/2014,15.796,15.863,15.148,15.148,97045
11/17/2014,15.189,15.519,15.189,15.459,31837
11/18/2014,15.561,15.94,15.383,15.932,24081
11/19/2014,15.805,16.244,15.805,15.847,27126
11/20/2014,15.721,15.991,15.401,15.957,50760
11/21/2014,16.033,16.039,15.468,16.033,47306
11/24/2014,16.134,16.219,15.94,16.016,25278
11/25/2014,15.974,16.21,15.898,15.966,44888
11/26/2014,15.873,15.873,15.721,15.814,21327
11/28/2014,15.644,15.644,14.499,14.751,63034
12/01/2014,14.415,14.415,11.745,12.615,341384
12/02/2014,12.79,13.379,12.372,13.021,154577
12/03/2014,12.941,13.253,12.215,12.442,172503
12/04/2014,12.4,12.426,11.818,11.86,135681
12/05/2014,11.781,12.622,11.781,12.1,81494
12/08/2014,12.117,12.589,10.22,10.523,158626
12/09/2014,9.802,11.724,9.457,11.125,324508
12/10/2014,10.995,11.165,10.285,10.936,183694
12/11/2014,10.966,12.231,10.966,11.852,181738
12/12/2014,11.902,12.257,11.202,12.232,180887
12/15/2014,12.189,12.763,11.864,12.687,135097
12/16/2014,12.831,12.871,12.207,12.662,156955
12/17/2014,12.611,13.776,12.588,13.177,141045
12/18/2014,13.312,13.759,13.016,13.523,86291
12/19/2014,13.346,13.63,12.777,12.894,90179
12/22/2014,12.936,13.236,11.89,12.202,199181
12/23/2014,12.324,12.89,11.801,12.096,120803
12/24/2014,12.017,12.605,11.991,12.379,82997
12/26/2014,12.287,12.784,12.227,12.649,46635
12/29/2014,12.733,12.733,11.773,12.009,107110
12/30/2014,11.84,13.096,11.806,12.994,311235
12/31/2014,12.654,13.901,12.511,13.438,341554
01/02/2015,13.453,13.799,13.2,13.651,29219
01/05/2015,13.524,13.693,12.416,12.442,134116
01/06/2015,12.405,12.565,10.979,11.198,223854
01/07/2015,11.265,11.316,10.303,10.472,335487
01/08/2015,10.598,11.03,10.351,10.725,303362
01/09/2015,10.843,10.928,10.134,10.691,332993
01/12/2015,10.951,10.951,10.269,10.329,395789
01/13/2015,11.122,11.265,10.405,10.456,286934
01/14/2015,10.404,10.632,10.101,10.118,454404
01/15/2015,10.253,10.658,9.924,10.489,324327
01/16/2015,10.557,11.34,10.465,11.206,352707
01/20/2015,11.257,11.257,10.54,10.801,321947
01/21/2015,10.852,11.274,10.674,10.894,292511
01/22/2015,10.964,11.071,10.474,10.504,350840
01/23/2015,10.573,10.675,10.168,10.227,137106
01/26/2015,10.278,10.557,10.253,10.447,102074
01/27/2015,10.43,10.671,10.388,10.531,60316
01/28/2015,10.544,10.653,10.316,10.333,89420
01/29/2015,10.641,10.927,10.32,10.396,158887
01/30/2015,10.366,10.966,10.366,10.789,148320
02/02/2015,10.911,10.928,10.464,10.514,176392
02/03/2015,10.637,10.941,10.569,10.814,213037
02/04/2015,10.742,10.978,10.59,10.784,148187
02/05/2015,10.789,10.815,10.619,10.71,154289
02/06/2015,10.697,10.81,10.54,10.549,62969
02/09/2015,10.588,10.893,10.588,10.736,73179
02/10/2015,10.858,10.867,10.475,10.553,96817
02/11/2015,10.51,10.763,10.51,10.623,79574
02/12/2015,10.763,11.102,10.606,11.041,107469
02/13/2015,11.159,11.159,10.976,11.028,87011
02/17/2015,10.962,11.856,10.957,11.856,115752
02/18/2015,11.838,12.187,11.83,11.847,125137
02/19/2015,11.751,11.89,11.377,11.385,48821
02/20/2015,11.407,11.564,11.164,11.477,52388
02/23/2015,11.481,11.812,11.421,11.716,94282
02/24/2015,11.682,11.751,11.333,11.342,47035
02/25/2015,11.316,11.551,11.176,11.333,59165
02/26/2015,11.429,11.429,11.063,11.176,64777
02/27/2015,11.252,11.295,10.518,10.915,151174
03/02/2015,10.906,11.307,10.804,11.124,76505
03/03/2015,11.233,11.311,11.094,11.294,103903
03/04/2015,11.281,11.281,10.889,11.124,107904
03/05/2015,11.107,11.455,10.924,11.411,100785
03/06/2015,11.11,11.966,11.049,11.652,379708
03/09/2015,11.681,12.156,11.35,11.804,231976
03/10/2015,11.83,12.415,11.384,11.847,163471
03/11/2015,11.86,12.087,11.599,11.843,138416
03/12/2015,11.869,12.392,11.764,11.93,109062
03/13/2015,11.986,12.02,11.291,11.665,155657
03/16/2015,11.503,11.503,10.91,11.058,177205
03/17/2015,11.133,12.048,11.124,11.891,235914
03/18/2015,12.034,12.279,11.781,12.043,314534
03/19/2015,12.074,12.317,11.773,12.108,198214
03/20/2015,12.196,12.217,11.962,12.152,106119
03/23/2015,12.196,12.654,12.143,12.413,168845
03/24/2015,12.387,12.718,12.108,12.178,170723
03/25/2015,12.222,12.553,12.161,12.326,146312
03/26/2015,12.427,12.557,12.121,12.139,122366
03/27/2015,12.104,12.191,11.817,12.182,130669
03/30/2015,12.196,12.335,11.943,11.995,72598
03/31/2015,11.978,12.239,11.56,12.196,195126
04/01/2015,12.147,12.658,11.816,12.479,185843
04/02/2015,12.439,12.683,12.013,12.161,166988
04/06/2015,12.104,13.211,12.104,13.002,174673
04/07/2015,12.88,13.279,12.601,13.062,210676
04/08/2015,13.006,13.26,12.796,12.796,168943
04/09/2015,12.779,13.45,12.762,13.224,123716
04/10/2015,13.289,13.289,12.879,12.914,125371
04/13/2015,12.801,12.966,12.523,12.827,182462
04/14/2015,12.492,13.275,12.492,13.032,145357
04/15/2015,13.094,13.693,13.015,13.693,176325
04/16/2015,13.8,14.113,13.399,13.457,189415
04/17/2015,13.441,13.589,13.067,13.406,125692
04/20/2015,13.432,13.843,13.258,13.642,116895
04/21/2015,13.541,13.785,13.297,13.385,133190
04/22/2015,13.337,13.546,12.849,13.162,156095
04/23/2015,13.123,13.628,13.063,13.585,156944
04/24/2015,13.707,13.96,13.576,13.794,149878
04/27/2015,13.86,13.86,13.197,13.223,175705
04/28/2015,13.217,13.278,12.886,13.091,164268
04/29/2015,13.136,13.45,12.884,13.38,164585
04/30/2015,13.446,13.446,13.167,13.332,176866
05/01/2015,13.319,13.345,13.014,13.206,150755
05/04/2015,13.345,13.361,12.527,12.884,243470
05/05/2015,13.006,13.172,12.639,12.639,196533
05/06/2015,12.312,12.661,12.187,12.473,166104
05/07/2015,12.457,12.52,11.656,12.489,231700
05/08/2015,12.37,13.401,11.764,12.97,195126
05/11/2015,13.028,13.199,12.715,12.751,134091
05/12/2015,12.849,12.984,12.545,12.778,187916
05/13/2015,12.805,13.055,12.661,12.742,129598
05/14/2015,12.89,13.382,12.706,12.961,437485
05/15/2015,12.881,13.195,12.612,12.961,222745
05/18/2015,12.984,13.243,12.608,13.136,151399
05/19/2015,13.136,13.674,13.01,13.055,195345
05/20/2015,13.181,13.181,12.912,12.993,67851
05/21/2015,13.033,13.275,13.015,13.185,45707
05/22/2015,13.14,13.256,12.863,12.988,132305
05/26/2015,12.912,13.101,12.554,12.563,117231
05/27/2015,12.67,12.71,12.258,12.411,113983
05/28/2015,12.299,12.505,12.038,12.209,58496
05/29/2015,12.143,12.287,11.866,12.059,52615
06/01/2015,12.012,12.434,12.012,12.379,78391
06/02/2015,12.379,12.575,11.779,11.922,95851
06/03/2015,11.913,12.066,11.439,11.707,257523
06/04/2015,11.618,11.824,10.91,11.116,158210
06/05/2015,11.071,11.412,11.045,11.331,122836
06/08/2015,11.358,11.582,11.331,11.331,73494
06/09/2015,11.349,11.528,11.349,11.376,54680
06/10/2015,11.474,11.525,11.367,11.403,25938
06/11/2015,11.465,11.474,11.018,11.062,52810
06/12/2015,11.067,11.351,10.78,10.825,84555
06/15/2015,10.829,11.089,10.561,10.713,131822
06/16/2015,10.695,10.767,10.202,10.579,85469
06/17/2015,10.681,10.915,10.566,10.834,109090
06/18/2015,10.955,11.009,10.697,10.776,93102
06/19/2015,10.785,10.919,10.48,10.489,73463
06/22/2015,10.44,10.646,10.314,10.494,55468
06/23/2015,10.444,10.937,10.4,10.937,53031
06/24/2015,10.941,10.995,10.771,10.888,79476
06/25/2015,10.825,10.955,10.825,10.888,30553
06/26/2015,10.883,10.883,10.731,10.812,40928
06/29/2015,10.749,10.847,10.48,10.507,107320
06/30/2015,10.48,10.561,9.737,9.952,176747
07/01/2015,9.898,10.095,9.755,9.764,48954
07/02/2015,9.678,10.01,9.589,9.92,50659
07/06/2015,9.903,10.225,9.634,10.189,57989
07/07/2015,10.171,10.574,10.09,10.386,63773
07/08/2015,10.368,10.655,10.35,10.395,44392
07/09/2015,10.57,10.57,10.346,10.57,28653
07/10/2015,10.57,11.107,10.543,10.749,95846
07/13/2015,10.769,11.306,10.769,11.177,65893
07/14/2015,11.242,11.502,10.919,10.954,38588
07/15/2015,10.982,11.107,10.677,10.74,50647
07/16/2015,10.74,10.919,10.399,10.426,64609
07/17/2015,10.426,10.426,9.916,10.041,43159
07/20/2015,10.041,10.041,9.477,9.504,69585
07/21/2015,9.477,9.746,8.939,8.939,145229
07/22/2015,8.917,8.989,8.29,8.621,202055
07/23/2015,8.608,9.109,8.286,8.554,89991
07/24/2015,8.648,8.962,8.648,8.899,60686
07/27/2015,8.8,8.998,8.612,8.98,46003
07/28/2015,9.042,9.249,8.953,9.141,32748
07/29/2015,9.11,9.343,9.11,9.28,58469
07/30/2015,9.271,9.343,9.083,9.253,63934
07/31/2015,9.383,9.612,9.284,9.293,48001
08/03/2015,9.464,9.591,8.858,8.957,69186
08/04/2015,9.048,9.605,8.824,8.974,64289
08/05/2015,8.957,9.307,8.357,8.518,111353
08/06/2015,8.997,9.243,8.185,8.79,100437
08/07/2015,8.907,8.907,7.017,8.205,334766
08/10/2015,8.232,8.242,6.949,7.677,335363
08/11/2015,7.518,7.518,6.9195,7.106,96089
08/12/2015,7.369,7.387,6.8536,6.994,111067
08/13/2015,6.887,7.018,6.5684,6.634,174241
08/14/2015,6.7979,6.8346,6.5829,6.7605,84400
08/17/2015,6.6064,7.0082,6.5596,6.9708,106710
08/18/2015,6.8866,6.896,6.5503,6.5783,70312
08/19/2015,6.6961,8.966,6.6961,8.405,776748
08/20/2015,8.14,8.289,7.167,7.85,196566
08/21/2015,7.359,7.707,6.8254,7.481,240454
08/24/2015,7.037,7.834,6.6907,6.7928,146000
08/25/2015,7.256,8.799,6.7418,6.7792,180113
08/26/2015,6.9055,6.9148,6.6529,6.6623,49832
08/27/2015,6.9382,7.191,6.7792,6.9382,136592
08/28/2015,6.9288,7.125,6.7886,6.9662,141950
08/31/2015,7.06,7.183,6.8837,7.013,104931
09/01/2015,6.9382,7.06,6.5361,6.7044,117996
09/02/2015,6.728,6.8017,6.1852,6.2601,155230
09/03/2015,6.335,6.4562,6.1578,6.3164,103159
09/04/2015,6.3771,6.4332,6.0873,6.3117,101119
09/08/2015,6.5366,6.6116,6.1427,6.1896,117917
09/09/2015,6.3023,6.3116,5.8722,5.8909,88854
09/10/2015,5.9657,5.9657,5.5356,5.6291,107837
09/11/2015,5.6198,5.6666,5.3856,5.5823,96874
09/14/2015,5.6104,5.6478,5.3113,5.3392,46327
09/15/2015,5.3299,5.5543,5.1055,5.1055,93096
09/16/2015,5.2078,5.5175,5.1046,5.48,121631
09/17/2015,5.4322,5.6268,5.2515,5.3766,45312
09/18/2015,5.2925,5.6478,5.2551,5.2831,90575
09/21/2015,5.2458,5.9552,5.2458,5.3765,55338
09/22/2015,5.2457,5.4224,4.9745,5.0119,125634
09/23/2015,4.9745,5.3822,4.9465,5.3392,87498
09/24/2015,5.2831,5.3392,5.04,5.2083,108830
09/25/2015,5.2784,5.3719,5.1383,5.2504,75166
09/28/2015,5.2315,5.2772,4.671,4.8952,131030
09/29/2015,4.8717,4.9091,4.4603,4.4696,123154
09/30/2015,4.5677,4.8491,4.5396,4.5959,194607
10/01/2015,4.6025,4.9906,4.6025,4.7688,65167
10/02/2015,4.6768,5.5153,4.6768,5.4873,133495
10/05/2015,5.5075,5.947,5.5075,5.8535,207987
10/06/2015,5.7647,5.9469,5.7366,5.7366,101908
10/07/2015,5.8535,6.1755,5.7132,5.7881,100401
10/08/2015,5.7741,5.9079,5.643,5.7085,148143
10/09/2015,5.7694,6.0592,5.6852,5.9564,77011
10/12/2015,5.9659,5.9659,5.7879,5.7879,84701
10/13/2015,5.774,5.8115,5.6617,5.7927,67661
10/14/2015,5.7694,5.8488,5.7132,5.7226,37378
10/15/2015,5.7414,5.8538,5.6102,5.6664,108236
10/16/2015,5.7694,5.7694,5.3776,5.4234,85198
10/19/2015,5.4281,5.4469,5.1474,5.241,92009
10/20/2015,5.3811,5.4743,5.1293,5.2132,99757
10/21/2015,5.3804,5.4253,4.9179,4.9745,70004
10/22/2015,5.0166,5.0166,4.8297,4.9045,57684
10/23/2015,4.9512,5.0166,4.7644,4.9979,44274
10/26/2015,4.9745,5.0366,4.9184,4.9465,46741
10/27/2015,5.0055,5.0055,4.5306,4.8156,157047
10/28/2015,4.8343,4.8343,4.6192,4.6473,100907
10/29/2015,5.7229,6.0241,5.479,5.5259,448768
10/30/2015,5.6104,5.7683,5.5356,5.573,314943
11/02/2015,5.6243,5.9027,5.5868,5.6993,224725
11/03/2015,5.8301,6.0641,5.6336,5.8863,514562
11/04/2015,5.9003,5.9844,5.5636,5.76,373230
11/05/2015,6.01,6.06,5.4,5.47,168445
11/06/2015,5.53,6.42,5.53,6.1,313868
11/09/2015,6.04,6.43,5.819,5.89,89412
11/10/2015,5.9,6.1699,5.82,5.99,107010
11/11/2015,6.01,6.1,4.77,5.02,467856
11/12/2015,5.05,5.07,4.75,4.7599,194795
11/13/2015,4.95,4.9899,4.71,4.78,145272
11/16/2015,4.84,5.36,4.84,5.34,115784
11/17/2015,5.39,5.39,4.92,4.95,97097
11/18/2015,4.99,5.232,4.71,4.75,186948
11/19/2015,4.77,4.88,4.68,4.78,180955
11/20/2015,4.76,4.76,4.35,4.41,376838
11/23/2015,4.4,4.426,4.16,4.27,144644
11/24/2015,4.24,4.49,4.16,4.4,115242
11/25/2015,4.36,4.4899,4.21,4.45,63645
11/27/2015,4.35,4.7,4.29,4.5,115103
11/30/2015,4.47,4.7,4.45,4.58,95955
12/01/2015,4.56,4.5966,4.16,4.24,168480
12/02/2015,4.24,4.24,3.871,4.03,248931
12/03/2015,4.01,4.0499,3.62,3.77,505425
12/04/2015,3.6,3.685,3.29,3.41,256876
12/07/2015,3.32,3.32,2.74,3.1,343359
12/08/2015,3,3.38,3,3.18,170681
12/09/2015,3.08,3.53,3.08,3.27,211739
12/10/2015,3.25,3.5,3.25,3.34,156182
12/11/2015,3.32,3.3693,3.08,3.19,176796
12/14/2015,3.19,3.25,2.83,2.89,299218
12/15/2015,2.95,3.09,2.69,2.76,209320
12/16/2015,2.79,2.89,2.65,2.73,288465
12/17/2015,2.72,2.78,2.3401,2.4,532254
12/18/2015,2.35,2.77,2.33,2.38,314399
12/21/2015,2.42,2.5099,2.28,2.4,220703
12/22/2015,2.4,3.37,2.4,3,679641
12/23/2015,3.02,4.16,3.02,4.1599,589375
12/24/2015,4.16,4.25,3.6,3.93,275448
12/28/2015,3.91,4,3.73,3.77,159422
12/29/2015,3.8,3.9299,3.1,3.49,318484
12/30/2015,3.39,3.55,3.27,3.305,120685
12/31/2015,3.26,3.84,3.26,3.57,559787
01/04/2016,3.14,3.73,3.1,3.53,306436
01/05/2016,3.56,3.6251,3.25,3.28,185423
01/06/2016,3.3,3.3,3.01,3.05,181542
01/07/2016,3,3.099,2.6,2.61,231099
01/08/2016,2.15,2.29,1.19,1.28,2524005
01/11/2016,1.4,1.5,1.06,1.09,946670
01/12/2016,1.17,1.44,0.72,0.75,1663745
01/13/2016,0.75,0.88,0.63,0.7,1245287
01/14/2016,0.7,0.73,0.5802,0.6703,1124495
01/15/2016,0.64,0.69,0.55,0.5541,587814
01/19/2016,0.59,0.6498,0.43,0.4629,936315
01/20/2016,0.5,0.525,0.42,0.502,495377
01/21/2016,0.49,0.6599,0.46,0.5901,631825
01/22/2016,0.63,0.7381,0.52,0.6753,825899
01/25/2016,0.59,0.6599,0.57,0.57,564701
01/26/2016,0.61,0.64,0.58,0.62,385497
01/27/2016,0.63,0.6378,0.5501,0.5601,332527
01/28/2016,0.64,0.64,0.54,0.55,508469
01/29/2016,0.57,0.61,0.4965,0.5,824194
02/01/2016,0.55,0.59,0.51,0.59,393914
02/02/2016,0.58,0.595,0.52,0.52,385788
02/03/2016,0.5442,0.5667,0.5101,0.5416,331430
02/04/2016,0.56,0.59,0.52,0.5427,390214
02/05/2016,0.5699,0.58,0.48,0.5,583311
02/08/2016,0.5,0.5191,0.44,0.4417,362314
02/09/2016,0.46,0.469,0.4101,0.42,307058
02/10/2016,0.44,0.44,0.4001,0.401,301425
02/11/2016,0.42,0.42,0.38,0.3857,292545
02/12/2016,0.45,0.48,0.39,0.42,312665
02/16/2016,0.44,0.499,0.4109,0.49,533884
02/17/2016,0.57,0.63,0.5145,0.5999,478678
02/18/2016,0.64,0.6485,0.56,0.6396,400634
02/19/2016,0.61,0.6298,0.58,0.6002,188244
02/22/2016,0.6121,0.65,0.61,0.62,296168
02/23/2016,0.64,0.65,0.5201,0.5402,288787
02/24/2016,0.51,0.57,0.5001,0.55,305600
02/25/2016,0.5599,0.5599,0.5201,0.525,83175
02/26/2016,0.5321,0.58,0.5321,0.54,224813
02/29/2016,0.525,0.6228,0.525,0.58,425462
03/01/2016,0.5899,0.65,0.58,0.62,298354
03/02/2016,0.62,0.64,0.593,0.6126,114634
03/03/2016,0.619,0.8424,0.619,0.7852,540577
03/04/2016,0.88,0.97,0.79,0.8349,1073959
03/07/2016,0.98,1.25,0.8771,1.11,1345451
03/08/2016,1.32,2,1.26,1.7868,2170147
03/09/2016,2.06,2.14,1.2,1.3899,2203979
03/10/2016,1.32,1.41,1.05,1.1,786961
03/11/2016,1.18,1.49,1.17,1.17,1440034
03/14/2016,1.2,1.2999,1.17,1.23,656768
03/15/2016,1.24,1.3,1.13,1.17,432490
03/16/2016,1.17,1.29,1.11,1.21,496680
03/17/2016,0.7,1.0399,0.7,0.7926,2871010
03/18/2016,0.84,0.85,0.78,0.8147,532580
03/21/2016,0.8199,0.8199,0.6603,0.6781,588824
03/22/2016,0.641,1.47,0.62,1.29,5261807
03/23/2016,1.27,1.69,1.17,1.31,3264214
03/24/2016,1.37,1.39,1.22,1.2715,810247
03/28/2016,1.23,1.29,1.08,1.13,970900
03/29/2016,1.09,1.145,0.9701,1.0699,531221
03/30/2016,1.1,1.17,1.02,1.0799,504541
03/31/2016,1.1,1.1,0.9801,1.05,288364
04/01/2016,1.05,1.09,1.05,1.08,177651
04/04/2016,1.12,1.1422,1.06,1.115,228595
04/05/2016,1.13,1.13,1.0199,1.05,198082
04/06/2016,1.05,1.15,1.05,1.15,224981
04/07/2016,1.25,1.4,1.214,1.2469,520712
04/08/2016,1.26,1.34,1.25,1.26,249753
04/11/2016,1.4,1.6199,1.2937,1.58,1018937
04/12/2016,1.67,1.89,1.66,1.84,1008081
04/13/2016,1.85,1.97,1.56,1.97,917751
04/14/2016,2,2.22,1.95,1.99,947288
04/15/2016,2.03,2.12,1.92,2.04,458952
04/18/2016,1.95,2.08,1.9,2.04,412650
04/19/2016,2.05,2.45,2.05,2.45,920872
04/20/2016,2.38,3.65,2.38,2.6399,4500482
04/21/2016,2.8,3.1,2.67,2.8,2079955
04/22/2016,2.82,3.02,2.15,2.31,2446533
04/25/2016,2.22,2.36,2.12,2.18,788999
04/26/2016,2.21,2.25,2.04,2.18,594462
04/27/2016,2.39,2.57,2.23,2.24,853067
04/28/2016,2.26,2.45,2.26,2.28,418662
04/29/2016,2.28,2.4,2.11,2.19,423941
05/02/2016,2.17,2.25,2.05,2.14,361787
05/03/2016,2.04,2.25,1.85,2.1,583347
05/04/2016,2.05,2.25,2.05,2.07,259041
05/05/2016,2.24,2.25,1.98,2.07,337941
05/06/2016,2.09,2.14,2,2.02,170596
05/09/2016,2.03,2.03,1.8101,1.9,406798
05/10/2016,1.76,2.05,1.75,1.95,328059
05/11/2016,1.95,2.23,1.91,2.22,425813
05/12/2016,2.35,2.46,2.15,2.18,438596
05/13/2016,2.16,2.2205,2.0675,2.14,174724
05/16/2016,2.23,2.3,2.06,2.12,263189
05/17/2016,2.1,2.16,1.96,1.97,238013
05/18/2016,1.97,2,1.82,1.87,321321
05/19/2016,1.85,2,1.74,1.92,297174
05/20/2016,1.92,2.04,1.9,2,162430
05/23/2016,2.04,2.0701,1.96,2.02,179380
05/24/2016,2.05,2.1399,2.01,2.11,137583
05/25/2016,2.17,2.35,2.09,2.17,431647
05/26/2016,2.22,2.2797,2.08,2.09,225170
05/27/2016,2.1,2.17,2,2.11,69601
05/31/2016,2.11,2.25,2.11,2.2,236915
06/01/2016,2.23,2.28,2.17,2.24,234419
06/02/2016,2.24,2.25,2.2,2.23,106943
06/03/2016,2.25,2.25,2.11,2.16,88173
06/06/2016,2.16,2.23,2.16,2.2,159697
06/07/2016,2.22,2.22,2.14,2.1702,148865
06/08/2016,2.17,2.392,2.16,2.3,345394
06/09/2016,2.29,2.3,2.2,2.24,82940
06/10/2016,2.24,2.255,2.08,2.08,153670
06/13/2016,2.07,2.3665,2.07,2.21,422554
06/14/2016,2.2,2.32,2.18,2.25,257676
06/15/2016,2.22,2.3399,2.2,2.27,184237
06/16/2016,2.2,2.275,2.2,2.24,64104
06/17/2016,2.27,2.32,2.23,2.2401,168780
06/20/2016,2.26,2.32,2.16,2.16,166064
06/21/2016,2.17,2.19,2.06,2.1232,172677
06/22/2016,2.14,2.1599,2.04,2.04,268067
06/23/2016,2.1,2.11,2.01,2.05,151184
06/24/2016,2.06,2.06,1.89,2.03,367999
06/27/2016,2,2,1.85,1.86,193766
06/28/2016,1.92,2.1,1.9,2.08,179716
06/29/2016,2.12,2.16,2.01,2.0999,118608
06/30/2016,2.06,2.1,1.92,2.01,274528
07/01/2016,1.99,2.1,1.982,2.07,132440
07/05/2016,2.06,2.0604,1.91,2,109812
07/06/2016,2,2.04,1.9401,2.02,55796
07/07/2016,2.07,2.1,1.9,2,126643
07/08/2016,2,2.05,1.975,1.9901,124059
07/11/2016,2,2.046,2,2.0064,37559
07/12/2016,2.05,2.1,2.01,2.07,139131
07/13/2016,2.03,2.054,2,2.01,115780
07/14/2016,2.03,2.08,2.0087,2.06,44647
07/15/2016,2.03,2.09,2.0201,2.06,77514
07/18/2016,2.06,2.09,2.01,2.08,91355
07/19/2016,2.09,2.09,2,2.04,122614
07/20/2016,2.02,2.045,1.96,1.96,174492
07/21/2016,2,2.05,1.84,1.87,275384
07/22/2016,1.88,1.9645,1.88,1.95,37647
07/25/2016,1.94,1.95,1.86,1.92,139256
07/26/2016,1.95,1.99,1.85,1.9199,186554
07/27/2016,1.94,1.975,1.89,1.9,80985
07/28/2016,1.93,1.93,1.86,1.87,129881
07/29/2016,1.89,1.95,1.8599,1.89,75732
08/01/2016,1.9,1.91,1.63,1.779,464298
08/02/2016,1.8,1.8,1.7,1.76,116577
08/03/2016,1.75,1.79,1.7,1.79,119331
08/04/2016,1.75,1.84,1.7416,1.7765,198182
08/05/2016,1.85,1.889,1.772,1.83,127080
08/08/2016,1.86,1.92,1.8,1.92,122579
08/09/2016,1.92,1.95,1.89,1.94,65878
08/10/2016,1.92,1.94,1.78,1.79,109239
08/11/2016,1.81,1.88,1.79,1.84,71445
08/12/2016,1.82,1.86,1.8,1.8199,68988
08/15/2016,1.83,1.89,1.83,1.87,99845
08/16/2016,1.85,1.91,1.81,1.84,83340
08/17/2016,1.83,1.875,1.79,1.84,75504
08/18/2016,1.8,1.89,1.8,1.88,87120
08/19/2016,1.9,1.9,1.81,1.86,20426
08/22/2016,1.84,1.84,1.75,1.79,220175
08/23/2016,1.77,1.82,1.7693,1.79,67035
08/24/2016,1.78,1.8,1.75,1.76,86390
08/25/2016,1.77,1.798,1.66,1.72,117297
08/26/2016,1.75,1.7799,1.7,1.7199,42319
08/29/2016,1.7,1.79,1.38,1.74,542479
08/30/2016,1.77,1.79,1.73,1.78,107497
08/31/2016,1.78,1.79,1.67,1.71,123298
09/01/2016,1.67,1.71,1.5995,1.71,75716
09/02/2016,1.72,1.75,1.69,1.72,65982
09/06/2016,1.74,1.7499,1.64,1.6891,45140
09/07/2016,1.71,1.75,1.6501,1.72,64199
09/08/2016,1.74,1.85,1.74,1.76,134122
09/09/2016,1.72,1.77,1.68,1.69,107901
09/12/2016,1.64,1.68,1.62,1.6497,121302
09/13/2016,1.62,1.6869,1.6,1.62,54913
09/14/2016,1.6,1.675,1.59,1.619,72114
09/15/2016,1.63,1.69,1.6,1.65,120850
09/16/2016,1.62,1.64,1.6,1.64,43118
09/19/2016,1.64,1.64,1.45,1.49,175240
09/20/2016,1.47,1.55,1.438,1.45,344315
09/21/2016,1.48,1.55,1.32,1.45,455372
09/22/2016,1.46,1.57,1.42,1.56,207257
09/23/2016,1.6,1.6,1.5,1.52,111933
09/26/2016,1.55,1.55,1.434,1.4642,365370
09/27/2016,1.44,1.46,1.38,1.46,154021
09/28/2016,1.45,1.5,1.4,1.49,147042
09/29/2016,1.49,1.5,1.43,1.46,164802
09/30/2016,1.44,1.5,1.4,1.4801,91450
10/03/2016,1.47,1.51,1.47,1.51,35756
10/04/2016,1.51,1.51,1.48,1.5,101953
10/05/2016,1.51,1.56,1.48,1.4995,361199
10/06/2016,1.5,1.55,1.46,1.5,171119
10/07/2016,1.51,1.52,1.45,1.46,70956
10/10/2016,1.48,1.52,1.4798,1.52,203485
10/11/2016,1.51,1.55,1.41,1.46,222029
10/12/2016,1.48,1.5,1.46,1.48,152646
10/13/2016,1.47,1.49,1.461,1.49,49416
10/14/2016,1.49,1.5,1.46,1.46,139132
10/17/2016,1.46,1.48,1.46,1.48,22955
10/18/2016,1.5,1.51,1.479,1.4994,80706
10/19/2016,1.49,1.52,1.49,1.4997,306664
10/20/2016,1.5,1.51,1.4715,1.4995,105541
10/21/2016,1.51,1.52,1.46,1.48,165529
10/24/2016,1.5,1.51,1.46,1.49,152576
10/25/2016,1.47,1.5,1.4697,1.47,43918
10/26/2016,1.47,1.52,1.4632,1.52,179613
10/27/2016,1.5377,1.5377,1.4823,1.5,32957
10/28/2016,1.49,1.5,1.461,1.48,97336
10/31/2016,1.49,1.49,1.42,1.4315,127815
11/01/2016,1.45,1.45,1.38,1.39,125751
11/02/2016,1.37,1.41,1.32,1.3499,131695
11/03/2016,1.34,1.34,1.27,1.27,135525
11/04/2016,1.25,1.37,1.22,1.3162,68947
11/07/2016,1.31,1.36,1.3,1.33,61603
11/08/2016,1.28,1.2865,1.17,1.2097,452884
11/09/2016,1.15,1.34,1.1012,1.26,255598
11/10/2016,1.3,1.44,1.3,1.39,218909
11/11/2016,1.4,1.43,1.26,1.2999,289256
11/14/2016,1.3,1.41,1.3,1.36,135124
11/15/2016,1.36,1.42,1.331,1.3668,149366
11/16/2016,1.38,1.39,1.32,1.32,53333
11/17/2016,1.33,1.3779,1.285,1.3,131347
11/18/2016,1.3,1.36,1.26,1.26,87112
11/21/2016,1.29,1.37,1.28,1.3259,119712
11/22/2016,1.33,1.37,1.312,1.32,114659
11/23/2016,1.33,1.37,1.3014,1.37,85616
11/25/2016,1.36,1.37,1.35,1.35,18893
11/28/2016,1.37,1.37,1.3,1.3,76818
11/29/2016,1.28,1.3,1.2,1.22,132509
11/30/2016,1.28,1.32,1.18,1.31,442265
12/01/2016,1.31,1.4508,1.271,1.32,224508
12/02/2016,1.32,1.34,1.26,1.3,54741
12/05/2016,1.31,1.44,1.31,1.38,72398
12/06/2016,1.38,1.4594,1.38,1.39,82583
12/07/2016,1.4,1.47,1.38,1.45,60317
12/08/2016,1.46,1.53,1.421,1.49,124012
12/09/2016,1.49,1.61,1.48,1.51,233950
12/12/2016,1.65,1.65,1.55,1.59,138481
12/13/2016,1.6,1.63,1.5,1.63,155762
12/14/2016,1.57,1.58,1.5,1.53,141831
12/15/2016,1.52,1.57,1.45,1.56,175790
12/16/2016,1.55,1.55,1.5,1.52,73438
12/19/2016,1.51,1.5425,1.46,1.4732,96229
12/20/2016,1.46,1.481,1.42,1.43,120124
12/21/2016,1.44,1.46,1.41,1.41,70587
12/22/2016,1.44,1.47,1.35,1.37,123103
12/23/2016,1.38,1.4069,1.33,1.39,103917
12/27/2016,1.35,1.42,1.35,1.4,146538
12/28/2016,1.39,1.43,1.36,1.38,102961
12/29/2016,1.37,1.38,1.341,1.3601,83247
12/30/2016,1.37,1.38,1.25,1.35,215668
01/03/2017,1.35,1.3948,1.2,1.351,65624
01/04/2017,1.46,1.66,1.46,1.505,859664
01/05/2017,1.51,1.52,1.49,1.51,870482
01/06/2017,1.51,1.789,1.49,1.709,1070241
01/09/2017,1.85,2.06,1.7418,1.98,1237148
01/10/2017,1.98,2.05,1.83,2.0293,185312
01/11/2017,2.01,2.39,1.97,2.32,485277
01/12/2017,2.34,2.34,2.11,2.18,296005
01/13/2017,2.15,2.24,2.1,2.24,157455
01/17/2017,2.25,2.329,2.216,2.25,92579
01/18/2017,2.25,2.2501,2.117,2.15,137222
01/19/2017,2.14,2.19,2.07,2.15,190798
01/20/2017,2.19,2.19,2.09,2.11,64986
01/23/2017,2.1,2.1219,2.1,2.1,56227
01/24/2017,2.12,2.18,2.1,2.16,83134
01/25/2017,2.17,2.34,2.1501,2.19,101420
01/26/2017,2.23,2.25,2.1,2.17,154533
01/27/2017,2.2,2.3,2.15,2.18,176928
01/30/2017,2.17,2.1861,1.97,2.0379,269858
01/31/2017,2.02,2.06,1.9,2.03,189155
02/01/2017,2.06,2.12,2,2.1,190657
02/02/2017,2.12,2.2303,2.07,2.16,243723
02/03/2017,2.21,2.3,2.1617,2.23,222721
02/06/2017,2.26,2.3,2.14,2.22,114586
02/07/2017,2.15,2.2032,2.01,2.13,132161
02/08/2017,2.09,2.19,2.0201,2.13,140236
02/09/2017,2.13,2.18,2.12,2.1201,94284
02/10/2017,2.15,2.33,2.1251,2.29,279313
02/13/2017,2.29,2.3167,2.22,2.22,30509
02/14/2017,2.22,2.28,2.22,2.25,40207
02/15/2017,2.23,2.26,2.1324,2.2563,134466
02/16/2017,2.26,2.75,2.26,2.75,1072453
02/17/2017,2.74,2.87,2.61,2.7897,822435
02/21/2017,2.84,3.08,2.7788,2.97,596266
02/22/2017,2.95,2.98,2.82,2.91,291607
02/23/2017,2.94,3.3,2.85,3.3,645675
02/24/2017,3.26,3.3,3.1,3.14,320381
02/27/2017,3.11,3.26,3.05,3.26,318393
02/28/2017,3.25,3.27,3.04,3.08,357552
03/01/2017,3.12,3.44,3.11,3.42,570512
03/02/2017,3.39,3.44,3.25,3.33,123011
03/03/2017,3.31,3.37,3.26,3.34,120199
03/06/2017,3.34,3.36,3.16,3.3,97505
03/07/2017,3.3,3.3,3.19,3.19,58072
03/08/2017,3.11,3.15,3.03,3.03,508684
03/09/2017,3.01,3.45,3.01,3.41,644576
03/10/2017,3.39,3.62,3.29,3.55,386101
03/13/2017,3.52,3.7,3.52,3.57,179309
03/14/2017,3.56,3.56,3.29,3.41,187250
03/15/2017,3.48,3.48,3.35,3.37,88476
03/16/2017,3.34,3.4,3.23,3.37,301485
03/17/2017,3.34,3.4339,3.311,3.37,111404
03/20/2017,3.36,3.38,3.3,3.37,66516
03/21/2017,3.39,3.416,3.21,3.27,99211
03/22/2017,3.2,3.24,3.0301,3.09,241377
03/23/2017,3.14,3.22,3.07,3.12,103583
03/24/2017,3.15,3.4,3.15,3.17,42038
03/27/2017,3.11,3.16,3.1,3.12,72184
03/28/2017,3.12,3.579,3.12,3.38,408082
03/29/2017,3.28,3.47,3.28,3.43,82760
03/30/2017,3.45,3.5,3.3043,3.44,122160
03/31/2017,3.42,3.5299,3.384,3.4802,113587
04/03/2017,3.53,3.748,3.53,3.6,331933
04/04/2017,3.6,3.72,3.59,3.66,121540
04/05/2017,3.71,4.15,3.6832,4.11,701266
04/06/2017,4.1,4.45,4,4.11,731679
04/07/2017,4.22,4.335,4,4.24,242850
04/10/2017,4.25,4.4801,4.1567,4.43,278176
04/11/2017,4.49,4.49,4.05,4.29,283606
04/12/2017,4.39,4.4,4.21,4.26,175219
04/13/2017,4.29,4.3,4.1,4.29,148711
04/17/2017,4.27,4.7401,4.15,4.64,433325
04/18/2017,4.68,4.72,4.36,4.4799,158492
04/19/2017,4.58,4.6,4.31,4.37,101256
04/20/2017,4.41,4.53,4.37,4.44,122681
04/21/2017,4.42,4.45,4.3989,4.42,40194
04/24/2017,4.5,4.5,4.15,4.35,153885
04/25/2017,4.36,4.36,4.2653,4.32,51504
04/26/2017,4.28,4.38,4.15,4.26,100071
04/27/2017,4.25,4.3147,3.8967,4.0829,266513
04/28/2017,4.17,4.2,4.0491,4.19,123033
05/01/2017,4.26,4.2999,4.11,4.16,67542
05/02/2017,4.19,4.24,4.01,4.03,179707
05/03/2017,3.94,4,3.76,3.845,275142
05/04/2017,3.81,3.88,3.3334,3.56,498354
05/05/2017,3.55,4.1,3.3799,3.93,279159
05/08/2017,3.95,3.95,3.76,3.84,72282
05/09/2017,3.87,3.95,3.6611,3.87,91638
05/10/2017,3.9,4.31,3.9,4.11,127604
05/11/2017,4.18,4.28,3.84,3.94,121116
05/12/2017,4,4.02,3.85,3.88,201801
05/15/2017,4,4.1306,3.53,3.76,378954
05/16/2017,3.89,3.93,3.6358,3.87,185575
05/17/2017,3.89,3.95,3.69,3.77,162534
05/18/2017,3.75,4.02,3.71,4,117049
05/19/2017,4.02,4.24,3.9901,4.21,180816
05/22/2017,4.23,4.44,3.99,4.31,188210
05/23/2017,4.34,4.35,4.191,4.3,49002
05/24/2017,4.3,4.3,4.08,4.22,83531
05/25/2017,4.2,4.2583,4.03,4.04,133375
05/26/2017,4.06,4.17,3.92,3.9911,107644
05/30/2017,4.01,4.05,3.83,3.92,199105
05/31/2017,3.86,3.945,3.69,3.83,248873
06/01/2017,3.8,3.9076,3.75,3.84,87064
06/02/2017,3.82,3.9302,3.75,3.77,85646
06/05/2017,3.77,3.9005,3.7,3.77,94214
06/06/2017,3.73,3.865,3.6,3.78,109321
06/07/2017,3.73,3.77,3.575,3.71,142934
06/08/2017,3.6,3.86,3.5346,3.58,103172
06/09/2017,3.59,3.74,3.56,3.62,84236
06/12/2017,3.62,3.75,3.55,3.72,63056
06/13/2017,3.69,3.75,3.6,3.65,40169
06/14/2017,3.62,3.7,3.37,3.37,141381
06/15/2017,3.34,3.41,3.2,3.21,144136
06/16/2017,3.21,3.44,3.1,3.4,104963
06/19/2017,3.41,3.41,3.06,3.18,239911
06/20/2017,3.05,3.15,2.7295,2.75,396896
06/21/2017,2.77,2.95,2.5,2.63,240355
06/22/2017,2.66,2.84,2.55,2.84,137333
06/23/2017,2.82,2.89,2.8026,2.87,47428
06/26/2017,2.87,2.959,2.83,2.88,71408
06/27/2017,2.88,2.99,2.77,2.79,88108
06/28/2017,2.78,2.98,2.7752,2.93,91691
06/29/2017,2.97,3.35,2.9655,3.04,260243
06/30/2017,3.11,3.33,3.04,3.17,146989
07/03/2017,3.18,3.19,3.1,3.16,24666
07/05/2017,3.12,3.14,2.95,3.03,105247
07/06/2017,3.04,3.05,2.91,2.94,59506
07/07/2017,2.9,3.09,2.7612,3.08,124354
07/10/2017,2.97,3.09,2.9032,2.99,123011
07/11/2017,2.95,3.03,2.8901,2.99,85599
07/12/2017,3,3.06,2.91,2.92,100351
07/13/2017,2.91,3,2.75,2.97,108012
07/14/2017,2.95,3.0223,2.9,2.93,28503
07/17/2017,2.91,2.96,2.8,2.86,43019
07/18/2017,2.85,2.89,2.77,2.8,59905
07/19/2017,2.77,3.05,2.76,2.94,134942
07/20/2017,2.95,3.03,2.84,2.9347,103536
07/21/2017,2.9,3,2.84,2.97,37771
07/24/2017,2.95,3.04,2.88,3.04,32166
07/25/2017,3.1,3.1,2.95,3.09,47544
07/26/2017,3.15,3.16,2.9929,3.04,59524
07/27/2017,3.05,3.07,2.9223,2.99,42621
07/28/2017,2.96,3.0845,2.85,2.88,31623
07/31/2017,2.87,3.19,2.53,3.19,257252
08/01/2017,3.03,3.09,2.8056,2.89,140617
08/02/2017,2.88,2.8948,2.66,2.82,58212
08/03/2017,2.83,2.9348,2.7,2.7,80744
08/04/2017,2.71,2.9,2.66,2.71,101531
08/07/2017,2.72,2.75,2.66,2.69,26730
08/08/2017,2.64,2.64,2.5,2.59,85012
08/09/2017,2.53,2.55,2.42,2.44,201985
08/10/2017,2.42,2.48,2.311,2.3879,123643
08/11/2017,2.33,2.47,2.31,2.39,33431
08/14/2017,2.32,2.4355,2.29,2.36,41597
08/15/2017,2.35,2.43,2.08,2.16,571543
08/16/2017,2.16,2.31,2.16,2.2,89006
08/17/2017,2.2,2.26,2.04,2.12,107134
08/18/2017,2.12,2.45,2.02,2.45,171410
08/21/2017,2.4,2.4,2.17,2.36,83105
08/22/2017,2.32,2.6,2.2192,2.47,94820
08/23/2017,2.38,2.74,2.38,2.475,134616
08/24/2017,2.46,2.5865,2.45,2.46,29129
08/25/2017,2.46,2.49,2.31,2.415,21998
08/28/2017,2.41,2.4566,2.27,2.39,116880
08/29/2017,2.37,2.5,2.37,2.37,17050
08/30/2017,2.34,2.38,2.25,2.38,12801
08/31/2017,2.35,2.6,2.35,2.52,43220
09/01/2017,2.6,2.6,2.31,2.39,77553
09/05/2017,2.39,2.3901,2.3,2.36,12252
09/06/2017,2.37,2.37,2.24,2.31,41405
09/07/2017,2.28,2.3499,2.2241,2.24,37177
09/08/2017,2.29,2.32,2.11,2.1686,108301
09/11/2017,2.15,2.28,2.15,2.19,61830
09/12/2017,2.17,2.23,2.14,2.2,32415
09/13/2017,2.23,2.3,2.19,2.19,34680
09/14/2017,2.2,2.25,2.15,2.2,42202
09/15/2017,2.2,2.22,2.1401,2.21,163781
09/18/2017,2.2,2.28,2.2,2.22,73148
09/19/2017,2.24,2.3,2.21,2.22,63068
09/20/2017,2.24,2.2696,2.1753,2.21,130353
09/21/2017,2.21,2.2277,2.191,2.21,4557
09/22/2017,2.2,2.269,2.1954,2.24,18775
09/25/2017,2.24,2.3,2.2,2.2,105232
09/26/2017,2.2,2.29,2.15,2.23,29603
09/27/2017,2.24,2.25,2.16,2.21,84378
09/28/2017,2.22,2.4284,2.21,2.36,100433
09/29/2017,2.37,2.41,2.24,2.35,92391
10/02/2017,2.28,2.4467,2.28,2.37,52363
10/03/2017,2.38,2.4,2.2801,2.39,23683
10/04/2017,2.4,2.4443,2.29,2.35,20619
10/05/2017,2.35,2.39,2.3192,2.36,103873
10/06/2017,2.36,2.39,2.31,2.33,61574
10/09/2017,2.3,2.37,2.3,2.37,21836
10/10/2017,2.39,2.39,2.3121,2.36,18286
10/11/2017,2.33,2.3843,2.3,2.35,36557
10/12/2017,2.31,2.35,2.27,2.2732,42616
10/13/2017,2.28,2.28,2.15,2.2,65562
10/16/2017,2.19,2.25,2.16,2.2,18797
10/17/2017,2.17,2.2082,2.05,2.08,74650
10/18/2017,2.06,2.08,2.01,2.04,69314
10/19/2017,2.05,2.06,1.9134,2,79805
10/20/2017,2.01,2.0599,1.96,2,125790
10/23/2017,1.99,2,1.85,1.93,94621
10/24/2017,1.91,1.99,1.86,1.96,56714
10/25/2017,1.93,2.07,1.85,1.92,120341
10/26/2017,1.91,2.07,1.9,2.07,132923
10/27/2017,2.05,2.1,2.001,2.09,30609
10/30/2017,2.08,2.1,2.0201,2.1,9211
10/31/2017,2.07,2.1,1.96,2.07,81961
11/01/2017,2.2,2.29,1.95,2,734440
11/02/2017,1.99,2.04,1.76,1.88,430118
11/03/2017,1.89,1.98,1.85,1.95,134445
11/06/2017,1.97,1.98,1.76,1.9,277301
11/07/2017,1.9,1.9152,1.81,1.83,217801
11/08/2017,1.82,1.89,1.8,1.8649,161228
11/09/2017,1.84,1.95,1.79,1.9,339123
11/10/2017,1.86,1.95,1.86,1.94,100120
11/13/2017,1.9,1.95,1.79,1.83,107934
11/14/2017,1.8,1.84,1.77,1.84,98352
11/15/2017,1.81,1.88,1.77,1.87,95543
11/16/2017,1.87,1.9,1.85,1.88,60188
11/17/2017,1.88,1.88,1.8,1.85,55851
11/20/2017,1.83,1.8303,1.74,1.76,120282
11/21/2017,1.79,1.79,1.59,1.65,674514
11/22/2017,1.62,1.75,1.62,1.7,171518
11/24/2017,1.71,1.7399,1.65,1.7,44879
11/27/2017,1.69,1.75,1.6,1.6,189222
11/28/2017,1.61,1.665,1.596,1.63,211521
11/29/2017,1.64,1.64,1.59,1.6,164097
11/30/2017,1.62,1.7039,1.6,1.65,194823
12/01/2017,1.64,1.7,1.63,1.69,68523
12/04/2017,1.63,1.68,1.6,1.61,104835
12/05/2017,1.6,1.62,1.53,1.55,192771
12/06/2017,1.55,1.56,1.5,1.5359,101036
12/07/2017,1.52,1.64,1.51,1.55,313672
12/08/2017,1.57,1.65,1.57,1.64,130049
12/11/2017,1.63,1.7,1.62,1.67,203941
12/12/2017,1.65,1.7,1.65,1.65,80281
12/13/2017,1.65,1.7,1.62,1.68,115895
12/14/2017,1.65,1.75,1.6401,1.7,127198
12/15/2017,1.67,1.74,1.67,1.7,66194
12/18/2017,1.7,1.75,1.68,1.7,220615
12/19/2017,1.7,1.73,1.6324,1.67,132439
12/20/2017,1.67,1.72,1.66,1.7,97865
12/21/2017,1.71,1.76,1.68,1.71,171278
12/22/2017,1.72,1.76,1.689,1.74,29074
12/26/2017,1.75,1.75,1.65,1.7,263563
12/27/2017,1.68,1.74,1.68,1.7,116470
12/28/2017,1.68,1.7,1.67,1.7,147089
12/29/2017,1.68,1.7,1.66,1.7,320826
01/02/2018,1.69,1.74,1.685,1.72,209124
01/03/2018,1.71,1.9,1.71,1.88,360916
01/04/2018,1.87,1.969,1.85,1.8725,315519
01/05/2018,1.86,1.95,1.85,1.86,76373
01/08/2018,1.84,1.93,1.8,1.89,149871
01/09/2018,1.88,1.95,1.88,1.9,182108
01/10/2018,1.9,1.95,1.89,1.9,84731
01/11/2018,1.91,2.03,1.87,1.94,550903
01/12/2018,1.94,2.04,1.94,1.95,257040
01/16/2018,1.94,1.98,1.91,1.95,289258
01/17/2018,1.95,2,1.9189,1.96,146632
01/18/2018,1.99,2.04,1.99,2.02,186463
01/19/2018,2,2.07,2,2.07,129442
01/22/2018,2.04,2.13,2.04,2.1,212339
01/23/2018,2.2,2.2,2.0801,2.135,153208
01/24/2018,2.12,2.15,2.0834,2.15,187471
01/25/2018,2.14,2.179,2.13,2.16,120711
01/26/2018,2.18,2.18,2.1301,2.16,94927
01/29/2018,2.17,2.17,2.08,2.1,107944
01/30/2018,2.09,2.13,2.06,2.13,171844
01/31/2018,2.14,2.15,2.06,2.08,125573
02/01/2018,2.088,2.12,2.05,2.065,102496
02/02/2018,2.05,2.08,2.01,2.04,235487
02/05/2018,2.01,2.0701,1.94,1.95,136173
02/06/2018,1.86,2.05,1.74,1.97,265295
02/07/2018,1.96,2.04,1.95,1.985,146763
02/08/2018,1.97,2,1.85,1.88,155034
02/09/2018,1.85,1.89,1.7,1.81,293316
02/12/2018,1.81,1.87,1.78,1.82,155140
02/13/2018,1.81,1.92,1.81,1.88,154880
02/14/2018,1.88,1.9,1.86,1.89,41290
02/15/2018,1.91,1.921,1.83,1.85,45614
02/16/2018,1.84,1.8598,1.8299,1.83,34315
02/20/2018,1.84,1.87,1.83,1.85,75500
02/21/2018,1.83,1.84,1.82,1.8301,33764
02/22/2018,1.85,1.85,1.769,1.78,48395
02/23/2018,1.77,1.82,1.75,1.8,63907
02/26/2018,1.77,1.82,1.77,1.82,46140
02/27/2018,1.8,1.84,1.78,1.78,36128
02/28/2018,1.77,1.8,1.7294,1.775,112003
03/01/2018,1.75,1.79,1.72,1.77,113773
03/02/2018,1.75,1.8105,1.74,1.8105,30938
03/05/2018,1.81,1.89,1.81,1.85,193072
03/06/2018,1.85,1.8863,1.8,1.81,34999
03/07/2018,1.79,1.85,1.79,1.85,37123
03/08/2018,1.82,1.85,1.81,1.82,39299
03/09/2018,1.84,1.86,1.8237,1.8393,30411
03/12/2018,1.85,1.8701,1.83,1.84,19722
03/13/2018,1.84,1.85,1.77,1.8,81690
03/14/2018,1.81,1.81,1.701,1.75,98114
03/15/2018,1.74,1.7645,1.63,1.71,159786
03/16/2018,1.68,1.73,1.68,1.68,56450
03/19/2018,1.68,1.6834,1.6,1.68,95505
03/20/2018,1.67,1.7,1.625,1.649,63281
03/21/2018,1.65,1.68,1.6,1.65,35989
03/22/2018,1.66,1.66,1.59,1.6,73362
03/23/2018,1.59,1.59,1.52,1.52,192818
03/26/2018,1.54,1.54,1.4409,1.53,209777
03/27/2018,1.53,1.58,1.46,1.5599,390485
03/28/2018,1.59,1.621,1.48,1.55,425284
03/29/2018,1.55,1.63,1.55,1.63,259083
04/02/2018,1.61,1.63,1.61,1.62,56718
04/03/2018,1.62,1.63,1.6,1.61,50874
04/04/2018,1.6,1.62,1.57,1.6,65694
04/05/2018,1.61,1.7201,1.6,1.72,275917
04/06/2018,1.66,1.71,1.64,1.65,32011
04/09/2018,1.64,1.6801,1.62,1.64,59844
04/10/2018,1.65,1.71,1.63,1.68,134681
04/11/2018,1.68,1.711,1.65,1.7,186112
04/12/2018,1.68,1.7018,1.68,1.69,47949
04/13/2018,1.69,1.69,1.67,1.68,4600
04/16/2018,1.67,1.71,1.651,1.71,139128
04/17/2018,1.71,1.75,1.66,1.72,187437
04/18/2018,1.69,1.735,1.69,1.72,84483
04/19/2018,1.69,1.7475,1.69,1.7064,75494
04/20/2018,1.69,1.74,1.69,1.72,62532
04/23/2018,1.75,1.83,1.75,1.77,446010
04/24/2018,1.79,1.8,1.75,1.78,88016
04/25/2018,1.76,1.7613,1.73,1.74,119407
04/26/2018,1.75,1.77,1.7339,1.74,69307
04/27/2018,1.75,1.77,1.73,1.75,91410
04/30/2018,1.74,1.75,1.68,1.7,266903
05/01/2018,1.68,1.71,1.68,1.71,67004
05/02/2018,1.71,1.73,1.68,1.69,112735
05/03/2018,1.68,1.69,1.45,1.6,237774
05/04/2018,1.6,1.6092,1.51,1.56,182618
05/07/2018,1.57,1.665,1.51,1.51,109346
05/08/2018,1.53,1.59,1.47,1.57,96948
05/09/2018,1.6,1.65,1.5,1.56,103013
05/10/2018,1.55,1.58,1.55,1.5612,63594
05/11/2018,1.55,1.6,1.5401,1.58,164565
05/14/2018,1.62,1.69,1.6,1.68,191051
05/15/2018,1.67,1.729,1.61,1.7,343761
05/16/2018,1.69,1.72,1.63,1.72,134394
05/17/2018,1.72,1.75,1.68,1.7,95351
05/18/2018,1.69,1.75,1.645,1.72,106476
05/21/2018,1.72,1.76,1.63,1.7055,35656
05/22/2018,1.69,1.71,1.65,1.66,21570
05/23/2018,1.66,1.67,1.615,1.63,44416
05/24/2018,1.61,1.65,1.59,1.59,184033
05/25/2018,1.58,1.61,1.55,1.58,237178
05/29/2018,1.59,1.6,1.54,1.55,130888
05/30/2018,1.56,1.66,1.54,1.64,127282
05/31/2018,1.6,1.675,1.6,1.63,188958
06/01/2018,1.64,1.69,1.59,1.61,612481
06/04/2018,1.68,1.68,1.64,1.66,158975
06/05/2018,1.63,1.69,1.63,1.66,310534
06/06/2018,1.65,1.68,1.62,1.65,92291
06/07/2018,1.64,1.67,1.5901,1.61,283987
06/08/2018,1.59,1.62,1.57,1.6,80020
06/11/2018,1.58,1.66,1.58,1.65,167502
06/12/2018,1.65,1.68,1.64,1.6583,47708
06/13/2018,1.67,1.67,1.6,1.6058,158205
06/14/2018,1.62,1.62,1.57,1.59,269851
06/15/2018,1.56,1.5842,1.53,1.5523,43400
06/18/2018,1.5,1.61,1.5,1.5464,201447
06/19/2018,1.52,1.58,1.4668,1.52,202460
06/20/2018,1.53,1.5423,1.5,1.53,100435
06/21/2018,1.5202,1.5202,1.4,1.463,263794
06/22/2018,1.47,1.5,1.425,1.4486,559212
06/25/2018,1.54,1.65,1.48,1.59,2717715
06/26/2018,1.58,1.6285,1.54,1.59,493409
06/27/2018,1.59,1.62,1.55,1.56,291788
06/28/2018,1.58,1.58,1.53,1.55,154922
06/29/2018,1.57,1.5706,1.53,1.54,106541
07/02/2018,1.56,1.56,1.5,1.5262,148386
07/03/2018,1.53,1.56,1.53,1.56,39694
07/05/2018,1.56,1.56,1.52,1.525,73570
07/06/2018,1.53,1.55,1.5,1.51,200646
07/09/2018,1.53,1.62,1.5102,1.59,331603
07/10/2018,1.58,1.59,1.55,1.58,237482
07/11/2018,1.56,1.57,1.51,1.53,297452
07/12/2018,1.52,1.55,1.51,1.55,48225
07/13/2018,1.54,1.57,1.5387,1.55,102763
07/16/2018,1.55,1.56,1.483,1.51,201583
07/17/2018,1.5,1.54,1.49,1.52,235183
07/18/2018,1.51,1.64,1.51,1.64,389243
07/19/2018,1.64,1.67,1.54,1.62,368521
07/20/2018,1.6,1.61,1.57,1.595,185230
07/23/2018,1.59,1.65,1.59,1.62,62041
07/24/2018,1.61,1.66,1.61,1.62,73407
07/25/2018,1.62,1.64,1.59,1.62,42771
07/26/2018,1.6,1.64,1.585,1.64,79175
07/27/2018,1.2,1.3,0.7501,0.78,4111963
07/30/2018,0.8999,0.8999,0.67,0.6702,3268535
07/31/2018,0.6901,0.7,0.56,0.5604,1924580
08/01/2018,0.5964,0.618,0.56,0.5801,887725
08/02/2018,0.61,0.6879,0.5886,0.654,965325
08/03/2018,0.6501,0.6742,0.6,0.62,816807
08/06/2018,0.65,0.65,0.58,0.62,579153
08/07/2018,0.6488,0.6488,0.6001,0.612,262567
08/08/2018,0.62,0.6475,0.6,0.61,300646
08/09/2018,0.62,0.6388,0.6001,0.6131,295811
08/10/2018,0.6025,0.625,0.57,0.5954,759495
08/13/2018,0.65,0.65,0.55,0.5522,610153
08/14/2018,0.5501,0.56,0.5,0.52,1105050
08/15/2018,0.54,0.5499,0.4602,0.49,746625
08/16/2018,0.4929,0.52,0.463,0.4683,640493
08/17/2018,0.47,0.47,0.4321,0.46,420099
08/20/2018,0.4651,0.82,0.464,0.765,5011445
08/21/2018,0.7528,0.829,0.68,0.6991,1635224
08/22/2018,0.7,0.7169,0.6328,0.647,665957
08/23/2018,0.65,0.6997,0.621,0.6525,707042
08/24/2018,0.6394,0.6767,0.61,0.6121,330982
08/27/2018,0.61,0.6392,0.5849,0.6232,157279
08/28/2018,0.6011,0.6622,0.6011,0.6622,244225
08/29/2018,0.6458,0.6798,0.5619,0.622,607375
08/30/2018,0.62,0.6436,0.606,0.618,150762
08/31/2018,0.61,0.62,0.575,0.6199,358111
09/04/2018,0.6161,0.6487,0.603,0.639,203103
09/05/2018,0.6316,0.6317,0.6031,0.62,75712
09/06/2018,0.6164,0.6799,0.6024,0.6123,184538
09/07/2018,0.6122,0.63,0.6,0.6196,53699
09/10/2018,0.62,0.67,0.61,0.6331,223606
09/11/2018,0.6251,0.6694,0.62,0.6694,96380
09/12/2018,0.656,0.7,0.63,0.66,299403
09/13/2018,0.69,0.72,0.6601,0.6801,293839
09/14/2018,0.69,0.69,0.6301,0.6593,124905
09/17/2018,0.6589,0.7,0.6418,0.666,82228
09/18/2018,0.667,0.6887,0.6405,0.6851,105902
09/19/2018,0.6578,0.7001,0.645,0.662,244924
09/20/2018,0.6601,0.674,0.648,0.6481,69991
09/21/2018,0.6668,0.69,0.6481,0.6488,147143
09/24/2018,0.65,0.67,0.6102,0.6346,83889
09/25/2018,0.633,0.6449,0.62,0.6296,14780
09/26/2018,0.6213,0.6213,0.5796,0.5801,176532
09/27/2018,0.5842,0.6091,0.5802,0.5802,64993
09/28/2018,0.6,0.61,0.58,0.58,109397
10/01/2018,0.6,0.68,0.58,0.64,453334
10/02/2018,0.6656,0.6677,0.5257,0.54,383882
10/03/2018,0.56,0.5799,0.53,0.5415,197832
10/04/2018,0.546,0.546,0.51,0.5182,143249
10/05/2018,0.5125,0.552,0.48,0.5,97844
10/08/2018,0.52,0.52,0.4602,0.4866,284378
10/09/2018,0.4866,0.5144,0.4307,0.443,258288
10/10/2018,0.41,0.48,0.41,0.4579,176446
10/11/2018,0.4401,0.451,0.4,0.4305,456468
10/12/2018,0.43,0.4599,0.43,0.4586,129462
10/15/2018,0.466,0.498,0.4206,0.4666,117802
10/16/2018,0.48,0.5,0.48,0.48,110245
10/17/2018,0.5091,0.52,0.442,0.4782,177131
10/18/2018,0.519,0.519,0.4707,0.484,89849
10/19/2018,0.515,0.515,0.47,0.47,162726
10/22/2018,0.5,0.5,0.464,0.4699,47433
10/23/2018,0.464,0.5,0.4639,0.5,64911
10/24/2018,0.502,0.5165,0.453,0.462,149682
10/25/2018,0.469,0.499,0.4152,0.4572,166897
10/26/2018,0.43,0.46,0.43,0.4401,46260
10/29/2018,0.4401,0.4497,0.4032,0.416,257881
10/30/2018,0.42,0.42,0.4,0.4,284630
10/31/2018,0.416,0.4179,0.4006,0.41,59988
11/01/2018,0.41,0.4419,0.41,0.4311,54091
11/02/2018,0.4152,0.4489,0.41,0.4351,72330
11/05/2018,0.449,0.468,0.4297,0.4549,55160
11/06/2018,0.468,0.5,0.45,0.47,40764
11/07/2018,0.4884,0.4999,0.4723,0.49,49019
11/08/2018,0.5,0.52,0.4706,0.5138,128421
11/09/2018,0.52,0.52,0.4701,0.4861,103693
11/12/2018,0.4761,0.4802,0.47,0.47,62087
11/13/2018,0.4639,0.479,0.46,0.4636,35811
11/14/2018,0.5,0.58,0.4798,0.55,295909
11/15/2018,0.56,0.56,0.46,0.5398,176317
11/16/2018,0.5337,0.5766,0.5,0.5174,72158
11/19/2018,0.515,0.6,0.515,0.5579,121605
11/20/2018,0.56,0.56,0.5061,0.518,67308
11/21/2018,0.5223,0.5484,0.5024,0.51,29444
11/23/2018,0.5048,0.555,0.5002,0.529,55078
11/26/2018,0.5501,0.5501,0.4783,0.501,65007
11/27/2018,0.4925,0.5049,0.4772,0.4951,58975
11/28/2018,0.4932,0.4932,0.46,0.4747,103311
11/29/2018,0.45,0.4599,0.43,0.4482,62125
11/30/2018,0.4382,0.4499,0.4001,0.4102,200534
12/03/2018,0.415,0.4411,0.41,0.4201,151116
12/04/2018,0.4033,0.42,0.4,0.41,89517
12/06/2018,0.4,0.44,0.4,0.41,326498
12/07/2018,0.4151,0.44,0.4003,0.4075,209319
12/10/2018,0.421,0.443,0.4002,0.4005,84654
12/11/2018,0.4074,0.4074,0.3699,0.3909,231159
12/12/2018,0.396,0.3994,0.38,0.3939,31343
12/13/2018,0.416,0.416,0.3819,0.3878,27859
12/14/2018,0.39,0.39,0.3683,0.3727,57137
12/17/2018,0.3695,0.3977,0.36,0.38,141217
12/18/2018,0.3765,0.3765,0.3001,0.311,321782
12/19/2018,0.312,0.33,0.274,0.2799,266389
12/20/2018,0.2704,0.3018,0.211,0.215,284195
12/21/2018,0.21,0.2797,0.21,0.276,164497
12/24/2018,0.2561,0.28,0.25,0.2781,111554
12/26/2018,0.27,0.29,0.2605,0.2743,82226
12/27/2018,0.2674,0.2729,0.25,0.2638,73831
12/28/2018,0.255,0.2597,0.24,0.2569,312064
12/31/2018,0.2569,0.26,0.22,0.2205,320928
01/02/2019,0.22,0.2696,0.22,0.2401,96467
01/03/2019,0.2499,0.29,0.2302,0.27,121308
01/04/2019,0.2808,0.3329,0.25,0.315,186404
01/07/2019,0.3276,0.35,0.3211,0.3416,107515
01/08/2019,0.344,0.344,0.31,0.3346,72295
01/09/2019,0.3394,0.442,0.31,0.4,123339
01/10/2019,0.3854,0.3895,0.33,0.3501,149787
01/11/2019,0.3567,0.4,0.345,0.353,121060
01/14/2019,0.35,0.373,0.345,0.3644,109482
01/15/2019,0.3575,0.363,0.3502,0.355,75052
01/16/2019,0.3576,0.3694,0.3529,0.368,50202
01/17/2019,0.3662,0.3662,0.34,0.3601,18913
01/18/2019,0.3614,0.3614,0.3501,0.3589,61351
01/22/2019,0.3551,0.3614,0.3501,0.3548,9526
01/23/2019,0.363,0.363,0.35,0.35,60201
01/24/2019,0.35,0.3597,0.35,0.351,19915
01/25/2019,0.3598,0.36,0.351,0.3566,13655
01/28/2019,0.3518,0.3599,0.3501,0.3575,8046
01/29/2019,0.3575,0.3575,0.3439,0.3461,24871
01/30/2019,0.3517,0.3518,0.3357,0.3518,57847
01/31/2019,0.3457,0.3525,0.3403,0.35,13441
02/01/2019,0.351,0.351,0.3401,0.3509,66619
02/04/2019,0.3422,0.36,0.341,0.3587,101101
02/05/2019,0.3419,0.39,0.3419,0.386,124311
02/06/2019,0.3895,0.4,0.3595,0.3935,72242
02/07/2019,0.3935,0.3999,0.36,0.36,15452
02/08/2019,0.3736,0.3761,0.345,0.3476,64932
02/11/2019,0.345,0.3608,0.345,0.3518,18312
02/12/2019,0.3608,0.3608,0.35,0.3608,100322
02/13/2019,0.3618,0.37,0.3521,0.3675,16162
02/14/2019,0.3613,0.3675,0.2799,0.3502,78608
02/15/2019,0.3362,0.3616,0.3362,0.3511,45559
02/19/2019,0.351,0.361,0.3401,0.3522,98909
02/20/2019,0.34,0.3598,0.3001,0.3299,189251
02/21/2019,0.3463,0.3476,0.313,0.3322,56330
02/22/2019,0.339,0.3497,0.3255,0.3473,42130
02/25/2019,0.34,0.3485,0.3,0.314,121260
02/26/2019,0.3224,0.33,0.317,0.3254,12962
02/27/2019,0.3162,0.3278,0.3104,0.316,49320
