2018-07-27 00:00:00,0.6501,0.75,0.55,0.65,162562.0
2018-07-30 00:00:00,0.6,0.681,0.6,0.6042,12588.0
2018-07-31 00:00:00,0.31,0.648,0.31,0.648,4905.0
2018-08-01 00:00:00,0.512,0.64,0.48,0.51,37422.0
2018-08-02 00:00:00,0.5101,0.55,0.48,0.4926,72910.0
2018-08-03 00:00:00,0.5,0.5,0.4216,0.4216,14565.0
2018-08-06 00:00:00,0.4999,0.5,0.396699,0.396699,39612.0
2018-08-07 00:00:00,0.4,0.4,0.35,0.35,14530.0
2018-08-08 00:00:00,0.35,0.4,0.35,0.38,4020.0
2018-08-09 00:00:00,0.36,0.36,0.3,0.3,28800.0
2018-08-10 00:00:00,0.3011,0.55,0.3011,0.5,22880.0
2018-08-13 00:00:00,0.6,0.6,0.5,0.5,2003.0
2018-08-14 00:00:00,0.3,0.4001,0.3,0.395,15446.0
2018-08-15 00:00:00,0.3557,0.3557,0.3557,0.3557,1450.0
2018-08-16 00:00:00,0.3899,0.4,0.3899,0.4,1660.0
2018-08-17 00:00:00,0.3,0.42,0.3,0.42,9660.0
2018-08-20 00:00:00,0.42,0.42,0.42,0.42,20.0
2018-08-21 00:00:00,0.488,0.488,0.44,0.44,1029.0
2018-08-22 00:00:00,0.41,0.41,0.3101,0.4,3850.0
2018-08-24 00:00:00,0.4,0.4216,0.35,0.35,5450.0
2018-08-27 00:00:00,0.4899,0.4899,0.4899,0.4899,350.0
2018-08-28 00:00:00,0.4301,0.48,0.43,0.48,24110.0
2018-08-29 00:00:00,0.38,0.4,0.37,0.4,6235.0
2018-08-30 00:00:00,0.45,0.47,0.45,0.47,3000.0
2018-08-31 00:00:00,0.4,0.4899,0.35,0.48,6785.0
2018-09-04 00:00:00,0.53,0.53,0.53,0.53,685.0
2018-09-05 00:00:00,0.4999,0.53,0.4823,0.52,3330.0
2018-09-07 00:00:00,0.5,0.53,0.4478,0.4668,572.0
2018-09-10 00:00:00,0.4504,0.46,0.4504,0.46,760.0
2018-09-11 00:00:00,0.3,0.62,0.3,0.62,5323.0
2018-09-12 00:00:00,0.41,0.41,0.4001,0.4001,500.0
2018-09-13 00:00:00,0.41,0.43,0.4,0.4015,15909.0
2018-09-14 00:00:00,0.4001,0.4001,0.4,0.4,3151.0
2018-09-17 00:00:00,0.5,0.5,0.5,0.5,400.0
2018-09-18 00:00:00,0.6,0.6,0.5,0.5,1207.0
2018-09-21 00:00:00,0.58,0.5899,0.5791,0.589,530.0
2018-09-24 00:00:00,0.589,0.589,0.589,0.589,50.0
2018-09-25 00:00:00,0.4001,0.4001,0.4001,0.4001,200.0
2018-09-26 00:00:00,0.41,0.41,0.3,0.3,16000.0
2018-09-28 00:00:00,0.26,0.26,0.26,0.26,200.0
2018-10-02 00:00:00,0.28,0.28,0.28,0.28,160.0
2018-10-05 00:00:00,0.28,0.28,0.28,0.28,80.0
2018-10-15 00:00:00,0.35,0.35,0.35,0.35,200.0
2018-10-17 00:00:00,0.3008,0.3008,0.3008,0.3008,100.0
2018-10-23 00:00:00,0.35,0.3516,0.35,0.3516,200.0
2018-10-26 00:00:00,0.3208,0.3318,0.3208,0.3318,450.0
2018-10-29 00:00:00,0.3318,0.3318,0.3318,0.3318,60.0
2018-10-30 00:00:00,0.3009,0.3019,0.3,0.3,1930.0
2018-11-02 00:00:00,0.35,0.38125,0.3,0.3,8070.0
2018-11-13 00:00:00,0.5,0.5,0.5,0.5,100.0
2018-11-14 00:00:00,0.37,0.37,0.37,0.37,100.0
2018-11-15 00:00:00,0.37,0.37,0.37,0.37,50.0
2018-11-16 00:00:00,0.37,0.37,0.37,0.37,50.0
2018-11-28 00:00:00,0.31,0.3185,0.3,0.3185,7050.0
2018-11-29 00:00:00,0.4699,0.4699,0.33,0.358,116285.0
2018-11-30 00:00:00,0.4,0.57,0.4,0.485,89967.0
2018-12-03 00:00:00,0.485,0.485,0.485,0.485,2.0
2018-12-04 00:00:00,0.35,0.4,0.35,0.3982,1300.0
2018-12-07 00:00:00,0.4,0.4,0.4,0.4,860.0
2018-12-10 00:00:00,0.4,0.4,0.4,0.4,0.0
2018-12-11 00:00:00,0.3382,0.3382,0.3382,0.3382,465.0
2018-12-12 00:00:00,0.3001,0.3001,0.3,0.3,3640.0
2018-12-13 00:00:00,0.4,0.61,0.4,0.61,121393.0
2018-12-14 00:00:00,0.6999,0.6999,0.42,0.5001,83506.0
2018-12-17 00:00:00,0.599,0.739,0.3,0.3601,9200.0
2018-12-18 00:00:00,0.3601,0.3601,0.3601,0.3601,43.0
2018-12-19 00:00:00,0.55,0.5526,0.55,0.55,2767.0
2018-12-20 00:00:00,0.55,0.55,0.55,0.55,30.0
2018-12-24 00:00:00,0.5,0.69,0.5,0.6399,48773.0
2018-12-26 00:00:00,0.65,0.95,0.65,0.8,182749.0
2018-12-27 00:00:00,0.9,0.9,0.6,0.6,8836.0
2018-12-28 00:00:00,0.6,0.6,0.6,0.6,2.0
2018-12-31 00:00:00,0.55,0.72,0.55,0.55,3380.0
2019-01-02 00:00:00,0.7399,0.7399,0.7399,0.7399,100.0
2019-01-03 00:00:00,0.75,0.94,0.57,0.75,23531.0
2019-01-04 00:00:00,0.7501,0.76,0.6476,0.6704,3152.0
2019-01-07 00:00:00,0.65,0.65,0.65,0.65,900.0
2019-01-08 00:00:00,0.65,0.65,0.65,0.65,50.0
2019-01-09 00:00:00,0.6,0.66,0.6,0.65,4731.0
2019-01-10 00:00:00,0.7427,0.8,0.6967,0.8,10150.0
2019-01-11 00:00:00,0.7899,0.9,0.7899,0.899,19302.0
2019-01-14 00:00:00,0.95,1.071,0.95,1.0477,81615.0
2019-01-15 00:00:00,1.25,2.4499,1.1464,2.0,99117.0
2019-01-16 00:00:00,2.382,2.39,1.4501,1.4501,20785.0
2019-01-17 00:00:00,1.34,1.3873,1.25,1.32,6760.0
2019-01-18 00:00:00,1.2922,2.0,0.81,1.02,20776.0
2019-01-22 00:00:00,1.45,1.47,1.05,1.08,5130.0
2019-01-23 00:00:00,1.1,1.1,0.9,0.9026,11766.0
2019-01-24 00:00:00,1.05,1.05,0.8,0.9001,8456.0
2019-01-25 00:00:00,0.921,1.174,0.7637,0.7637,10331.0
2019-01-28 00:00:00,0.835041,0.8499,0.76,0.8499,3691.0
2019-01-29 00:00:00,0.76,0.77,0.75,0.76,2962.0
2019-01-30 00:00:00,0.75,0.75,0.6978,0.75,29438.0
2019-02-01 00:00:00,0.9,1.35,0.9,1.35,57484.0
2019-02-04 00:00:00,1.09,1.09,1.0089,1.05,15074.0
2019-02-05 00:00:00,0.9,1.26,0.87,0.87,25000.0
2019-02-06 00:00:00,0.9,1.0,0.76,0.9,75301.0
2019-02-07 00:00:00,0.99,1.0,0.99,1.0,534.0
2019-02-08 00:00:00,0.82,0.82,0.8,0.8,1700.0
2019-02-11 00:00:00,0.8,0.8,0.8,0.8,633.0
2019-02-12 00:00:00,0.7,0.8,0.58,0.7499,119531.0
2019-02-13 00:00:00,0.57,0.75,0.55,0.6,31355.0
2019-02-14 00:00:00,0.62,0.62,0.61,0.61,19105.0
2019-02-15 00:00:00,0.7299,0.75,0.7299,0.7469,2700.0
2019-02-19 00:00:00,0.62,0.62,0.5963,0.5974,11997.0
2019-02-20 00:00:00,0.7,0.7,0.5,0.5,12776.0
2019-02-21 00:00:00,0.6,0.75,0.6,0.6675,7310.0
2019-02-22 00:00:00,0.6676,0.6676,0.5,0.5273,12579.0
2019-02-25 00:00:00,0.52,0.52,0.4001,0.42,12211.0
2019-02-26 00:00:00,0.75,0.75,0.445,0.445,5244.0
2019-02-28 00:00:00,0.445,0.445,0.445,0.445,31.0
2019-03-01 00:00:00,0.5012,0.5999,0.43,0.507,1755.0
2019-03-04 00:00:00,0.5588,0.57,0.4005,0.5499,4409.0
2019-03-05 00:00:00,0.41,0.4998,0.4,0.48,9134.0
2019-03-06 00:00:00,0.4,0.4,0.4,0.4,1000.0
2019-03-07 00:00:00,0.45,0.45,0.41,0.41,1667.0
2019-03-08 00:00:00,0.45,0.45,0.45,0.45,2267.0
2019-03-12 00:00:00,0.45,0.45,0.45,0.45,5.0
2019-03-14 00:00:00,0.4,0.4,0.4,0.4,500.0
2019-03-15 00:00:00,0.47,0.47,0.47,0.47,300.0
2019-03-18 00:00:00,0.4,0.4,0.4,0.4,10050.0
2019-03-20 00:00:00,0.4,0.4,0.4,0.4,20.0
2019-03-21 00:00:00,0.4799,0.4799,0.4799,0.4799,2765.0
2019-03-22 00:00:00,0.45,0.45,0.31,0.31,2651.0
2019-03-25 00:00:00,0.3701,0.3701,0.3701,0.3701,100.0
2019-03-26 00:00:00,0.3501,0.36,0.3501,0.36,2200.0
2019-03-28 00:00:00,0.3501,0.3501,0.3501,0.3501,200.0
2019-04-01 00:00:00,0.4,0.4,0.4,0.4,100.0
2019-04-04 00:00:00,0.4,0.4,0.4,0.4,1985.0
2019-04-05 00:00:00,0.45,0.45,0.448,0.448,2000.0
2019-04-09 00:00:00,0.4,0.4,0.4,0.4,3000.0
2019-04-10 00:00:00,0.4,0.4,0.3705,0.3705,6100.0
2019-04-11 00:00:00,0.3705,0.3705,0.3705,0.3705,13.0
2019-04-15 00:00:00,0.59,0.59,0.4,0.4,1400.0
2019-04-16 00:00:00,0.41,0.41,0.4,0.4,1201.0
2019-04-18 00:00:00,0.4,0.4,0.4,0.4,4398.0
2019-04-23 00:00:00,0.4,0.4,0.4,0.4,199.0
2019-04-24 00:00:00,0.42,0.42,0.42,0.42,264.0
2019-04-30 00:00:00,0.35,0.35,0.35,0.35,264.0
2019-05-01 00:00:00,0.3501,0.3501,0.3501,0.3501,472.0
2019-05-03 00:00:00,0.3501,0.3501,0.3501,0.3501,50.0
2019-05-06 00:00:00,0.3501,0.3501,0.3501,0.3501,1.0
2019-05-07 00:00:00,0.3501,0.3501,0.3501,0.3501,3200.0
2019-05-10 00:00:00,0.3501,0.3501,0.3501,0.3501,1.0
2019-05-14 00:00:00,0.35,0.35,0.35,0.35,190.0
2019-05-15 00:00:00,0.4,0.4,0.4,0.4,6809.0
2019-05-21 00:00:00,0.32,0.33,0.32,0.32,10000.0
2019-05-22 00:00:00,0.32,0.32,0.32,0.32,5000.0
2019-05-23 00:00:00,0.36,0.36,0.36,0.36,200.0
2019-06-04 00:00:00,0.3799,0.38,0.3799,0.38,13000.0
2019-06-05 00:00:00,0.39,0.39,0.39,0.39,100.0
2019-06-10 00:00:00,0.3201,0.34,0.3201,0.3201,400.0
2019-06-11 00:00:00,0.3201,0.3201,0.3201,0.3201,30.0
2019-06-12 00:00:00,0.32,0.32,0.32,0.32,500.0
2019-06-13 00:00:00,0.32,0.344,0.32,0.344,400.0
2019-06-17 00:00:00,0.37,0.37,0.32,0.3201,5400.0
2019-06-19 00:00:00,0.3009,0.3009,0.3,0.3,5570.0
2019-06-20 00:00:00,0.29,0.29,0.25,0.25,9515.0
2019-06-21 00:00:00,0.25,0.25,0.25,0.25,1500.0
2019-06-25 00:00:00,0.175,0.175,0.175,0.175,200.0
2019-06-26 00:00:00,0.1901,0.1901,0.19,0.19,21204.0
2019-06-27 00:00:00,0.2,0.2,0.2,0.2,100.0
2019-07-01 00:00:00,0.2,0.2,0.2,0.2,2260.0
2019-07-16 00:00:00,0.31,0.31,0.31,0.31,609.0
2019-07-26 00:00:00,0.2,0.2,0.2,0.2,500.0
2019-07-31 00:00:00,0.38,0.38,0.3789,0.3789,200.0
2019-08-05 00:00:00,0.33,0.33,0.33,0.33,1000.0
2019-08-12 00:00:00,0.2,0.2,0.15,0.15,4010.0
2019-08-19 00:00:00,0.15,0.15,0.15,0.15,40.0
2019-08-20 00:00:00,0.15,0.15,0.15,0.15,10.0
2019-08-21 00:00:00,0.25,0.25,0.25,0.25,200.0
2019-08-22 00:00:00,0.2,0.2,0.2,0.2,1820.0
2019-08-26 00:00:00,0.2011,0.2011,0.2011,0.2011,1000.0
2019-08-27 00:00:00,0.2001,0.2011,0.2001,0.2011,398.0
2019-09-03 00:00:00,0.2,0.29,0.2,0.29,677.0
2019-09-05 00:00:00,0.29,0.29,0.29,0.29,50.0
2019-09-06 00:00:00,0.29,0.29,0.29,0.29,50.0
2019-09-09 00:00:00,0.29,0.29,0.2,0.2,600.0
2019-09-16 00:00:00,0.2,0.2,0.2,0.2,1.0
2019-09-25 00:00:00,0.2001,0.2001,0.2,0.2,24366.0
2019-10-11 00:00:00,0.2,0.201,0.2,0.201,2000.0
2019-10-15 00:00:00,0.2,0.2006,0.2,0.2,15114.0
2019-10-18 00:00:00,0.1,0.19,0.1,0.19,4250.0
2019-10-22 00:00:00,0.1501,0.2,0.1501,0.2,2110.0
2019-10-23 00:00:00,0.2,0.2,0.2,0.2,1110.0
2019-10-25 00:00:00,0.2,0.2001,0.2,0.2001,8995.0
2019-11-04 00:00:00,0.21,0.21,0.21,0.21,3497.0
2019-11-05 00:00:00,0.2001,0.2001,0.2,0.2,45005.0
2019-11-12 00:00:00,0.1101,0.1101,0.1101,0.1101,100.0
2019-11-15 00:00:00,0.1,0.1,0.1,0.1,2010.0
2019-11-21 00:00:00,0.1,0.1,0.1,0.1,70.0
2019-11-25 00:00:00,0.0801,0.1472,0.08,0.08,6000.0
2019-12-05 00:00:00,0.0803,0.0803,0.0803,0.0803,440.0
2019-12-06 00:00:00,0.09,0.09,0.0885,0.0885,800.0
2019-12-09 00:00:00,0.0885,0.1065,0.0885,0.0885,1300.0
2019-12-11 00:00:00,0.2,0.2,0.1489,0.1489,2783.0
2019-12-12 00:00:00,0.2,0.2,0.18,0.180151,2740.0
2019-12-13 00:00:00,0.180151,0.180151,0.180151,0.180151,4.0
2019-12-16 00:00:00,0.2489,0.33,0.13,0.2999,16703.0
2019-12-18 00:00:00,0.25,0.25,0.2495,0.2495,200.0
2019-12-19 00:00:00,0.29,0.29,0.29,0.29,155.0
2019-12-20 00:00:00,0.29,0.29,0.29,0.29,16.0
2019-12-23 00:00:00,0.14,0.1407,0.14,0.1407,200.0
2019-12-26 00:00:00,0.3388,0.3388,0.14,0.3388,2420.0
2019-12-27 00:00:00,0.3388,0.3388,0.3388,0.3388,6.0
2019-12-30 00:00:00,0.24,0.3899,0.24,0.3899,2492.0
2020-01-08 00:00:00,0.37,0.37,0.37,0.37,1015.0
2020-01-09 00:00:00,0.26,0.26,0.2,0.2001,2000.0
2020-01-10 00:00:00,0.2001,0.2001,0.2001,0.2001,1.0
2020-01-13 00:00:00,0.2001,0.2001,0.2001,0.2001,100.0
2020-01-23 00:00:00,0.2988,0.2988,0.2988,0.2988,326.0
2020-01-24 00:00:00,0.32,0.32,0.2,0.27,1402.0
2020-01-27 00:00:00,0.29,0.29,0.27,0.27,900.0
2020-01-28 00:00:00,0.27,0.27,0.27,0.27,20.0
2020-02-06 00:00:00,0.27,0.27,0.27,0.27,5000.0
2020-02-10 00:00:00,0.08,0.139899,0.08,0.135,3105.0
2020-02-13 00:00:00,0.135,0.135,0.135,0.135,4.0
2020-02-18 00:00:00,0.2498,0.2498,0.2498,0.2498,200.0
2020-02-19 00:00:00,0.2988,0.2988,0.29,0.29,550.0
2020-02-20 00:00:00,0.2988,0.2988,0.1001,0.1001,3003.0
2020-02-21 00:00:00,0.1301,0.1999,0.11,0.11,1550.0
2020-02-24 00:00:00,0.31,0.31,0.2494,0.2494,879.0
2020-02-25 00:00:00,0.2988,0.2988,0.26,0.29,3200.0
2020-02-26 00:00:00,0.29,0.29,0.29,0.29,12.0
2020-02-27 00:00:00,0.1305,0.1305,0.1305,0.1305,750.0
2020-03-02 00:00:00,0.139,0.139,0.139,0.139,428.0
2020-03-05 00:00:00,0.139,0.139,0.139,0.139,184.0
2020-03-13 00:00:00,0.139,0.139,0.139,0.139,2.0
2020-03-17 00:00:00,0.1,0.1,0.1,0.1,267.0
2020-03-18 00:00:00,0.1,0.1,0.1,0.1,650.0
2020-03-19 00:00:00,0.13,0.13,0.13,0.13,150.0
2020-03-20 00:00:00,0.13,0.13,0.13,0.13,3847.0
2020-03-24 00:00:00,0.13,0.1397,0.119899,0.139,7071.0
2020-03-25 00:00:00,0.18,0.1809,0.1794,0.1794,1640.0
2020-03-26 00:00:00,0.1792,0.35,0.1792,0.3,2830.0
2020-03-27 00:00:00,0.28,0.28,0.27,0.27,2200.0
2020-03-30 00:00:00,0.27,0.27,0.27,0.27,100.0
2020-04-03 00:00:00,0.27,0.27,0.27,0.27,3.0
2020-04-07 00:00:00,0.27,0.27,0.27,0.27,15.0
2020-04-08 00:00:00,0.29,0.29015,0.271,0.271,11029.0
2020-04-13 00:00:00,0.271,0.271,0.271,0.271,1.0
2020-04-14 00:00:00,0.3,0.3,0.27,0.2835,1367.0
2020-04-16 00:00:00,0.3,0.3,0.2994,0.2994,1380.0
2020-04-17 00:00:00,0.2994,0.2994,0.2994,0.2994,80.0
2020-04-22 00:00:00,0.28,0.3,0.2792,0.2992,704.0
2020-04-23 00:00:00,0.17,0.3415,0.17,0.3415,510.0
2020-04-24 00:00:00,0.22,0.37,0.22,0.37,4417.0
2020-04-27 00:00:00,0.37,0.37,0.37,0.37,1.0
2020-04-28 00:00:00,0.37,0.37,0.37,0.37,40.0
2020-04-30 00:00:00,0.19,0.19,0.19,0.19,100.0
2020-05-05 00:00:00,0.21,0.2104,0.2,0.2004,1600.0
2020-05-06 00:00:00,0.19,0.19,0.19,0.19,500.0
2020-05-07 00:00:00,0.19,0.19,0.19,0.19,13.0
2020-05-08 00:00:00,0.19,0.19,0.19,0.19,62.0
2020-05-11 00:00:00,0.12,0.12,0.12,0.12,100.0
2020-05-12 00:00:00,0.11,0.11,0.11,0.11,241.0
2020-05-13 00:00:00,0.11,0.11,0.11,0.11,1690.0
2020-05-14 00:00:00,0.114,0.114,0.114,0.114,201.0
2020-05-15 00:00:00,0.1585,0.6452,0.1585,0.1999,5137.0
2020-05-18 00:00:00,0.25,0.35,0.19,0.19,7957.0
2020-05-19 00:00:00,0.19,0.4317,0.19,0.35,1517.0
2020-05-20 00:00:00,0.35,0.35,0.35,0.35,1.0
2020-05-21 00:00:00,0.2,0.201,0.2,0.201,200.0
2020-05-22 00:00:00,0.201,0.33,0.201,0.33,825.0
2020-05-26 00:00:00,0.33,0.41,0.2101,0.2102,8175.0
2020-05-27 00:00:00,0.2102,0.2102,0.2102,0.2102,2.0
2020-05-28 00:00:00,0.2303,0.2303,0.2303,0.2303,100.0
2020-06-01 00:00:00,0.2303,0.2303,0.2303,0.2303,10.0
2020-06-02 00:00:00,0.24,0.24,0.24,0.24,300.0
2020-06-03 00:00:00,0.24,0.24,0.24,0.24,1.0
2020-06-04 00:00:00,0.24,0.24,0.24,0.24,150.0
2020-06-05 00:00:00,0.24,0.24,0.24,0.24,375.0
2020-06-08 00:00:00,0.25,0.25,0.25,0.25,765.0
2020-06-09 00:00:00,0.2103,0.2103,0.2103,0.2103,102.0
2020-06-10 00:00:00,0.2103,0.2103,0.2103,0.2103,29.0
2020-06-11 00:00:00,0.2103,0.2103,0.2103,0.2103,112.0
2020-06-12 00:00:00,0.2103,0.2103,0.2103,0.2103,30.0
2020-06-15 00:00:00,0.42,0.4201,0.2553,0.27297,2524.0
2020-06-16 00:00:00,0.28,0.44,0.28,0.44,762.0
2020-06-18 00:00:00,0.2803,0.37,0.27,0.37,2543.0
2020-06-19 00:00:00,0.37,0.37,0.3145,0.3145,250.0
2020-06-22 00:00:00,0.3145,0.3145,0.3145,0.3145,55.0
2020-06-23 00:00:00,0.3145,0.3145,0.3145,0.3145,437.0
2020-06-24 00:00:00,0.2655,0.3451,0.2655,0.3451,414.0
2020-06-25 00:00:00,0.37,0.6452,0.3,0.3485,11734.0
2020-06-26 00:00:00,0.3485,0.3485,0.34,0.34,517.0
2020-06-29 00:00:00,0.28,0.34,0.28,0.34,1221.0
2020-06-30 00:00:00,0.3295,0.3295,0.24,0.24,870.0
2020-07-01 00:00:00,0.24,0.24,0.24,0.24,170.0
2020-07-02 00:00:00,0.35,0.35,0.35,0.35,479.0
2020-07-06 00:00:00,0.45,0.45,0.26,0.26,2000.0
2020-07-07 00:00:00,0.26,0.26,0.26,0.26,10.0
2020-07-08 00:00:00,0.43,0.6272,0.27,0.4,5300.0
2020-07-09 00:00:00,0.45,0.45,0.4,0.4,860.0
2020-07-10 00:00:00,0.39,0.39,0.3898,0.3898,380.0
2020-07-13 00:00:00,0.38,0.4,0.2973,0.2973,4200.0
2020-07-14 00:00:00,0.4,0.4,0.27,0.27,1500.0
2020-07-15 00:00:00,0.4,0.4,0.4,0.4,1300.0
2020-07-16 00:00:00,0.4,0.4,0.250101,0.250101,1400.0
2020-07-17 00:00:00,0.250101,0.250101,0.250101,0.250101,50.0
2020-07-20 00:00:00,0.38,0.38,0.38,0.38,2200.0
2020-07-21 00:00:00,0.4,0.4001,0.339999,0.39,10100.0
2020-07-22 00:00:00,0.2604,0.2604,0.2502,0.26,3100.0
2020-07-23 00:00:00,0.615,0.615,0.25,0.34,5008.0
2020-07-24 00:00:00,0.3395,0.3395,0.2405,0.2405,825.0
2020-07-27 00:00:00,0.49,0.49,0.26,0.26,1687.0
2020-07-28 00:00:00,0.26,0.26,0.26,0.26,0.0
2020-07-29 00:00:00,0.3695,0.4,0.30455,0.339,2705.0
2020-07-30 00:00:00,0.369,0.49,0.369,0.49,14392.0
2020-07-31 00:00:00,0.46,0.46,0.3,0.3001,715.0
2020-08-03 00:00:00,0.3999,0.3999,0.320481,0.320481,1800.0
2020-08-04 00:00:00,0.38,0.39,0.37,0.37,2500.0
2020-08-05 00:00:00,0.37,0.37,0.37,0.37,853.0
2020-08-06 00:00:00,0.4399,0.73,0.31,0.4,44426.0
2020-08-07 00:00:00,0.32,0.405001,0.305,0.305,39557.0
2020-08-10 00:00:00,0.33,0.3316,0.33,0.3316,800.0
2020-08-11 00:00:00,0.39,0.39,0.35,0.35,1786.0
2020-08-12 00:00:00,0.35,0.7,0.35,0.6,4953.0
2020-08-13 00:00:00,0.5899,0.5899,0.35,0.4899,25834.0
2020-08-14 00:00:00,0.425801,0.425801,0.37,0.37,2700.0
2020-08-17 00:00:00,0.36,0.36,0.31,0.31,3513.0
2020-08-18 00:00:00,0.31,0.31,0.31,0.31,0.0
2020-08-19 00:00:00,0.31,0.3981,0.31,0.3981,1258.0
2020-08-20 00:00:00,0.39,0.3981,0.3501,0.3981,1900.0
2020-08-21 00:00:00,0.3101,0.3101,0.3101,0.3101,2400.0
2020-08-24 00:00:00,0.4,0.4,0.354999,0.38,2100.0
2020-08-25 00:00:00,0.31,0.37,0.31,0.3684,2212.0
2020-08-26 00:00:00,0.31,0.368299,0.31,0.368299,310.0
2020-08-27 00:00:00,0.368299,0.368299,0.368299,0.368299,10.0
2020-08-28 00:00:00,0.3683,0.37,0.3683,0.37,500.0
2020-08-31 00:00:00,0.3109,0.3109,0.3,0.3,2441.0
2020-09-01 00:00:00,0.3201,0.3201,0.280101,0.280101,3436.0
2020-09-02 00:00:00,0.369899,0.369899,0.3599,0.3599,4011.0
2020-09-03 00:00:00,0.3688,0.3688,0.345,0.345,700.0
2020-09-04 00:00:00,0.335,0.365,0.32,0.32,4405.0
2020-09-08 00:00:00,0.32,0.32,0.32,0.32,10.0
2020-09-09 00:00:00,0.3102,0.3102,0.3101,0.3101,800.0
2020-09-10 00:00:00,0.3398,0.35,0.3393,0.3495,841.0
2020-09-11 00:00:00,0.3495,0.3495,0.3495,0.3495,60.0
2020-09-14 00:00:00,0.3499,0.36,0.3,0.3001,2506.0
2020-09-15 00:00:00,0.3034,0.3034,0.3,0.3,1061.0
2020-09-16 00:00:00,0.359899,0.359899,0.3,0.3,522.0
2020-09-17 00:00:00,0.2997,0.3,0.261,0.3,4522.0
2020-09-18 00:00:00,0.3,0.3,0.3,0.3,200.0
2020-09-21 00:00:00,0.3,0.3,0.3,0.3,0.0
2020-09-22 00:00:00,0.275,0.3,0.275,0.299551,833.0
2020-09-23 00:00:00,0.3,0.3,0.29,0.3,2160.0
2020-09-24 00:00:00,0.3,0.3,0.3,0.3,0.0
2020-09-25 00:00:00,0.3,0.3,0.3,0.3,1200.0
2020-09-28 00:00:00,0.2999,0.35,0.2999,0.35,1402.0
2020-09-29 00:00:00,0.35,0.62,0.28,0.55,487073.0
2020-09-30 00:00:00,0.4501,0.52,0.31,0.3859,84728.0
2020-10-01 00:00:00,0.475,0.475,0.31,0.42,14732.0
2020-10-02 00:00:00,0.42,0.4201,0.34,0.35,7676.0
2020-10-05 00:00:00,0.3655,0.3655,0.3,0.3015,13750.0
2020-10-06 00:00:00,0.29,0.3,0.27,0.3,24356.0
2020-10-07 00:00:00,0.2801,0.3521,0.2801,0.2801,2042.0
2020-10-08 00:00:00,0.2888,0.2888,0.2805,0.2805,850.0
2020-10-09 00:00:00,0.34,0.399799,0.34,0.3501,12800.0
2020-10-12 00:00:00,0.35,0.35,0.31,0.32,1292.0
2020-10-13 00:00:00,0.35,0.35,0.35,0.35,1031.0
2020-10-14 00:00:00,0.38,0.38,0.3056,0.3162,33612.0
2020-10-15 00:00:00,0.33,0.3301,0.33,0.33,753.0
2020-10-16 00:00:00,0.38,0.38,0.28,0.29,6703.0
2020-10-19 00:00:00,0.29,0.29,0.29,0.29,317.0
2020-10-20 00:00:00,0.29,0.29,0.29,0.29,70.0
2020-10-21 00:00:00,0.3288,0.35,0.3,0.3,3601.0
2020-10-22 00:00:00,0.3999,0.3999,0.3,0.351149,52574.0
2020-10-23 00:00:00,0.29,0.37,0.29,0.37,7023.0
2020-10-26 00:00:00,0.36,0.3689,0.3295,0.3689,7950.0
2020-10-27 00:00:00,0.35,0.35,0.3,0.315,7451.0
2020-10-28 00:00:00,0.28,0.29,0.28,0.29,4300.0
2020-10-29 00:00:00,0.3,0.3,0.29,0.3,4761.0
2020-10-30 00:00:00,0.35,0.35,0.3247,0.3247,500.0
2020-11-02 00:00:00,0.3,0.3001,0.28,0.28,2834.0
2020-11-03 00:00:00,0.28,0.28,0.28,0.28,0.0
2020-11-04 00:00:00,0.28,0.28,0.28,0.28,2.0
2020-11-05 00:00:00,0.3027,0.3152,0.28,0.2809,5817.0
2020-11-06 00:00:00,0.2809,0.2809,0.2809,0.2809,0.0
2020-11-09 00:00:00,0.3399,0.35,0.2809,0.2809,3260.0
2020-11-10 00:00:00,0.28,0.28,0.28,0.28,100.0
2020-11-11 00:00:00,0.28,0.28,0.2687,0.28,11470.0
2020-11-12 00:00:00,0.33,0.345,0.28,0.335,14988.0
2020-11-13 00:00:00,0.330001,0.3301,0.28,0.329,6795.0
2020-11-16 00:00:00,0.33,0.33,0.2803,0.2807,7342.0
2020-11-17 00:00:00,0.2807,0.2807,0.2807,0.2807,75.0
2020-11-18 00:00:00,0.3,0.3001,0.3,0.3001,2000.0
2020-11-19 00:00:00,0.3001,0.3001,0.3001,0.3001,0.0
2020-11-20 00:00:00,0.3,0.3,0.2999,0.2999,600.0
2020-11-23 00:00:00,0.35,0.35,0.3,0.32,2284.0
2020-11-24 00:00:00,0.28,0.36,0.28,0.3,4179.0
2020-11-25 00:00:00,0.36,0.369,0.28,0.29,9521.0
2020-11-27 00:00:00,0.301101,0.301101,0.301101,0.301101,100.0
2020-11-30 00:00:00,0.301101,0.301101,0.301101,0.301101,31.0
2020-12-01 00:00:00,0.3005,0.36,0.29,0.358,3789.0
2020-12-02 00:00:00,0.358,0.358,0.358,0.358,7.0
2020-12-03 00:00:00,0.36,0.36,0.337001,0.35,651.0
2020-12-04 00:00:00,0.3435,0.3435,0.3,0.34,6800.0
2020-12-07 00:00:00,0.31,0.31,0.28,0.3051,3198.0
2020-12-08 00:00:00,0.2802,0.3399,0.28,0.332999,7050.0
2020-12-09 00:00:00,0.329999,0.4,0.329999,0.369899,6273.0
2020-12-10 00:00:00,0.301,0.4,0.301,0.3587,6389.0
2020-12-11 00:00:00,0.3501,0.4201,0.35,0.3802,20379.0
2020-12-14 00:00:00,0.34,0.3505,0.34,0.34,408.0
2020-12-15 00:00:00,0.35,0.402,0.35,0.38,3045.0
2020-12-16 00:00:00,0.4175,0.42,0.399899,0.42,6830.0
2020-12-17 00:00:00,0.4173,0.4173,0.36,0.385,1356.0
2020-12-18 00:00:00,0.42,0.42,0.418,0.42,850.0
2020-12-21 00:00:00,0.36,0.4125,0.36,0.38,1502.0
2020-12-22 00:00:00,0.44,0.44,0.4125,0.4125,340.0
2020-12-23 00:00:00,0.4003,0.42,0.4003,0.42,2272.0
2020-12-24 00:00:00,0.4,0.41,0.39,0.39,10619.0
2020-12-28 00:00:00,0.4375,0.4375,0.4,0.4,647.0
2020-12-29 00:00:00,0.39,0.39,0.35,0.3618,19080.0
2020-12-30 00:00:00,0.37,0.39,0.37,0.39,2498.0
2020-12-31 00:00:00,0.39,0.39,0.39,0.39,294.0
2021-01-04 00:00:00,0.3725,0.38,0.37,0.38,3750.0
2021-01-05 00:00:00,0.38,0.38,0.38,0.38,140.0
2021-01-06 00:00:00,0.335,0.44,0.331626,0.35,5521.0
2021-01-07 00:00:00,0.4275,0.44,0.4275,0.4374,3577.0
2021-01-08 00:00:00,0.42,0.42,0.407783,0.407783,601.0
2021-01-11 00:00:00,0.44,0.44,0.37,0.38,3834.0
2021-01-12 00:00:00,0.38,0.38,0.38,0.38,0.0
2021-01-13 00:00:00,0.44,0.44,0.410199,0.410293,5227.0
2021-01-14 00:00:00,0.43,0.43,0.400001,0.415,4859.0
2021-01-15 00:00:00,0.41,0.41,0.38971,0.38971,5601.0
2021-01-19 00:00:00,0.38,0.44,0.38,0.4148,950.0
2021-01-20 00:00:00,0.42,0.4201,0.38,0.38,3099.0
2021-01-21 00:00:00,0.44,0.4955,0.44,0.495,5875.0
2021-01-22 00:00:00,0.525,2.45,0.490101,2.23,18111.0
2021-01-25 00:00:00,1.0,1.0,0.6,0.74,108696.0
2021-01-26 00:00:00,0.85,0.85,0.6,0.69,74708.0
2021-01-27 00:00:00,0.51,0.85,0.45,0.62,54858.0
2021-01-28 00:00:00,0.6,0.6,0.4437,0.55,5300.0
2021-01-29 00:00:00,0.59,0.6,0.5,0.53,5151.0
2021-02-01 00:00:00,0.51,0.55,0.5,0.51,9626.0
2021-02-02 00:00:00,0.53,0.55,0.53,0.54999,1766.0
2021-02-03 00:00:00,0.56,0.6,0.52,0.55,9640.0
2021-02-04 00:00:00,0.5501,0.6,0.55,0.57455,5835.0
2021-02-05 00:00:00,0.56,0.65,0.56,0.645,17576.0
2021-02-08 00:00:00,0.85,0.85,0.67,0.735001,42656.0
2021-02-09 00:00:00,0.8,0.88,0.77,0.88,53897.0
2021-02-10 00:00:00,0.95,0.950001,0.7187,0.780001,18744.0
2021-02-11 00:00:00,0.88,0.88,0.65,0.66,3101.0
2021-02-12 00:00:00,0.670101,0.770001,0.670101,0.735,2875.0
2021-02-16 00:00:00,0.93,0.949899,0.7554,0.85,23463.0
2021-02-17 00:00:00,0.94,0.99,0.8162,0.8162,28222.0
2021-02-18 00:00:00,0.987,0.99,0.82,0.9798,10719.0
2021-02-19 00:00:00,0.8505,0.8601,0.83,0.86,8451.0
2021-02-22 00:00:00,0.83,0.889999,0.83,0.8301,5853.0
