07/26/2006,12.178,12.25,12.149,12.25,138162
07/27/2006,12.213,12.257,12.165,12.17,98499
07/28/2006,12.237,12.271,12.194,12.203,107523
07/31/2006,12.23,12.254,12.173,12.24,98930
08/01/2006,12.202,12.278,12.173,12.24,777331
08/02/2006,12.208,12.256,12.198,12.232,431308
08/03/2006,12.237,12.3,12.199,12.29,130138
08/04/2006,12.325,12.388,12.277,12.33,348594
08/07/2006,12.369,12.369,12.23,12.278,109660
08/08/2006,12.378,12.402,12.262,12.378,1062012
08/09/2006,12.405,12.405,12.285,12.333,275447
08/10/2006,12.362,12.367,12.285,12.362,29912
08/11/2006,12.288,12.36,12.288,12.36,21823
08/14/2006,12.318,12.361,12.27,12.27,71699
08/15/2006,12.31,12.344,12.267,12.32,673663
08/16/2006,12.339,12.354,12.315,12.32,203711
08/17/2006,12.365,12.37,12.326,12.36,262209
08/18/2006,12.369,12.388,12.33,12.34,344500
08/21/2006,12.325,12.378,12.253,12.32,193248
08/22/2006,12.339,12.363,12.315,12.32,597842
08/23/2006,12.354,12.359,12.292,12.34,77946
08/24/2006,12.326,12.369,12.316,12.35,84807
08/25/2006,12.363,12.363,12.315,12.32,50307
08/28/2006,12.34,12.384,12.321,12.35,200997
08/29/2006,12.341,12.36,12.322,12.36,79812
08/30/2006,12.396,12.445,12.372,12.44,84628
08/31/2006,12.47,12.47,12.411,12.46,61061
09/01/2006,12.406,12.45,12.401,12.44,52434
09/05/2006,12.439,12.473,12.38,12.4,127412
09/06/2006,12.375,12.399,12.35,12.36,212434
09/07/2006,12.34,12.423,12.331,12.36,228625
09/08/2006,12.362,12.445,12.362,12.44,209740
09/11/2006,12.405,12.444,12.395,12.4,86817
09/12/2006,12.391,12.454,12.381,12.41,122857
09/13/2006,12.455,12.455,12.396,12.44,90160
09/14/2006,12.416,12.474,12.416,12.45,160168
09/15/2006,12.426,12.509,12.426,12.46,124939
09/18/2006,12.513,12.513,12.416,12.45,242914
09/19/2006,12.451,12.544,12.402,12.5,107521
09/20/2006,12.45,12.543,12.45,12.45,139125
09/21/2006,12.51,12.52,12.417,12.5,57778
09/22/2006,12.475,12.563,12.475,12.48,115508
09/25/2006,12.514,12.597,12.514,12.597,189183
09/26/2006,12.57,12.619,12.55,12.57,372635
09/27/2006,12.609,12.609,12.541,12.58,30955
09/28/2006,12.624,12.624,12.537,12.6,226881
09/29/2006,12.603,12.627,12.559,12.608,84958
10/02/2006,12.57,12.619,12.536,12.555,38497
10/03/2006,12.536,12.59,12.536,12.575,110372
10/04/2006,12.598,12.632,12.583,12.598,56892
10/05/2006,12.624,12.634,12.571,12.6,34615
10/06/2006,12.59,12.668,12.59,12.61,50170
10/09/2006,12.576,12.659,12.576,12.6,27242
10/10/2006,12.58,12.615,12.58,12.6,95214
10/11/2006,12.6,12.625,12.591,12.62,102584
10/12/2006,12.64,12.67,12.582,12.645,867218
10/13/2006,12.657,12.74,12.623,12.74,126766
10/16/2006,12.707,12.707,12.605,12.629,83384
10/17/2006,12.644,12.708,12.629,12.703,85561
10/18/2006,12.641,12.7,12.636,12.675,46062
10/19/2006,12.674,12.722,12.63,12.718,85620
10/20/2006,12.752,12.879,12.689,12.723,43578
10/23/2006,12.693,12.742,12.645,12.728,59401
10/24/2006,12.747,12.791,12.703,12.79,133550
10/25/2006,12.769,12.769,12.705,12.705,54068
10/26/2006,12.749,12.749,12.7,12.7,42375
10/27/2006,12.7,12.758,12.7,12.729,54926
10/30/2006,12.674,12.689,12.586,12.63,81664
10/31/2006,12.658,12.677,12.624,12.648,143587
11/01/2006,12.599,12.696,12.599,12.633,99535
11/02/2006,12.641,12.724,12.627,12.69,48151
11/03/2006,12.694,12.767,12.659,12.718,99758
11/06/2006,12.684,12.772,12.684,12.718,106801
11/07/2006,12.796,12.864,12.756,12.786,56998
11/08/2006,12.784,12.803,12.71,12.715,52374
11/09/2006,12.814,12.814,12.716,12.77,32577
11/10/2006,12.752,12.84,12.713,12.83,44004
11/13/2006,12.802,12.811,12.675,12.811,50331
11/14/2006,12.748,12.797,12.748,12.778,58371
11/15/2006,12.782,12.787,12.753,12.782,55296
11/16/2006,12.828,12.828,12.74,12.745,56471
11/17/2006,12.753,12.787,12.738,12.753,30301
11/20/2006,12.763,12.787,12.729,12.763,57782
11/21/2006,12.79,12.82,12.751,12.8,91085
11/22/2006,12.771,12.864,12.756,12.81,37679
11/24/2006,12.82,12.824,12.8,12.8,5939
11/27/2006,12.8,12.927,12.796,12.815,84634
11/28/2006,12.874,12.922,12.825,12.922,62091
11/29/2006,12.91,12.92,12.846,12.92,57679
11/30/2006,12.856,12.955,12.846,12.93,486144
12/01/2006,12.923,12.992,12.913,12.983,89704
12/04/2006,12.998,13.053,12.943,13.053,37876
12/05/2006,13.089,13.089,12.895,12.895,55364
12/06/2006,12.922,12.962,12.863,12.878,152022
12/07/2006,12.962,12.962,12.863,12.888,60585
12/08/2006,12.907,12.957,12.873,12.878,104947
12/11/2006,12.841,12.955,12.841,12.95,86830
12/12/2006,12.984,12.984,12.865,12.89,67804
12/13/2006,12.903,12.922,12.873,12.922,40708
12/14/2006,12.838,12.952,12.838,12.917,253187
12/15/2006,12.95,12.98,12.861,12.93,45753
12/18/2006,12.869,13.027,12.854,13.013,83153
12/19/2006,12.878,13.017,12.878,12.998,255291
12/20/2006,13.019,13.019,12.935,12.95,59458
12/21/2006,13.005,13.019,12.945,12.95,47746
12/22/2006,12.925,12.985,12.925,12.94,17326
12/26/2006,12.98,13,12.935,12.96,39283
12/27/2006,12.992,13.007,12.953,12.953,14297
12/28/2006,13.012,13.012,12.903,12.943,23154
12/29/2006,12.975,13.025,12.945,12.97,38900
01/03/2007,12.926,13.07,12.926,13.01,82164
01/04/2007,12.993,13.052,12.993,13.052,65276
01/05/2007,13.06,13.06,12.97,13.025,31216
01/08/2007,13.027,13.117,13.027,13.067,50425
01/09/2007,12.99,13.07,12.99,13.03,36887
01/10/2007,13.065,13.075,12.991,13.075,80072
01/11/2007,13.137,13.147,13.058,13.092,105981
01/12/2007,13.093,13.142,13.088,13.098,54158
01/16/2007,13.057,13.082,13.008,13.033,62036
01/17/2007,13.063,13.142,13.023,13.092,28025
01/18/2007,13.129,13.129,13.03,13.03,47542
01/19/2007,13.075,13.085,13.04,13.05,42725
01/22/2007,13.149,13.199,13.04,13.05,41112
01/23/2007,13.025,13.104,13.01,13.035,47161
01/24/2007,13.018,13.112,13.008,13.072,55971
01/25/2007,13.076,13.081,12.938,12.942,87864
01/26/2007,12.905,13.129,12.905,12.96,93478
01/29/2007,12.905,13.005,12.905,12.96,40910
01/30/2007,12.898,13.017,12.898,12.957,58282
01/31/2007,13,13.024,12.95,12.96,23358
02/01/2007,12.98,12.985,12.94,12.95,58517
02/02/2007,12.923,13.062,12.923,13.012,142717
02/05/2007,13.065,13.084,13.02,13.03,58021
02/06/2007,13.015,13.07,12.995,13.03,108667
02/07/2007,13.002,13.072,12.993,13.007,80165
02/08/2007,13.03,13.045,13.005,13.04,41499
02/09/2007,12.995,13.04,12.995,13.03,19548
02/12/2007,13.01,13.05,12.995,13.01,31630
02/13/2007,13.065,13.07,13.005,13.05,120114
02/14/2007,13.053,13.162,13.038,13.092,37072
02/15/2007,13.025,13.189,13.025,13.05,54413
02/16/2007,13.04,13.075,13.03,13.03,37875
02/20/2007,13.053,13.072,13.053,13.068,58025
02/21/2007,13.038,13.062,13.038,13.042,63492
02/22/2007,13.04,13.293,13.011,13.08,145655
02/23/2007,13.1,13.14,13.026,13.1,65702
02/26/2007,13.127,13.152,13.053,13.077,51963
02/27/2007,13.092,13.163,13.057,13.163,38015
02/28/2007,13.145,13.16,13.115,13.12,43217
03/01/2007,13.183,13.188,13.142,13.163,21414
03/02/2007,13.195,13.195,13.155,13.17,15861
03/05/2007,13.19,13.19,13.14,13.16,33509
03/06/2007,13.145,13.165,13.12,13.15,24981
03/07/2007,13.14,13.21,13.14,13.17,36680
03/08/2007,13.119,13.22,13.119,13.21,46395
03/09/2007,13.24,13.315,13.23,13.27,27164
03/12/2007,13.385,13.385,13.3,13.33,38450
03/13/2007,13.335,13.36,13.32,13.345,16263
03/14/2007,13.365,13.39,13.274,13.39,46002
03/15/2007,13.344,13.46,13.329,13.41,41245
03/16/2007,13.42,13.44,13.309,13.44,53120
03/19/2007,13.467,13.467,13.289,13.29,60846
03/20/2007,13.24,13.326,13.185,13.2,71543
03/21/2007,13.199,13.285,13.184,13.27,125901
03/22/2007,13.215,13.295,13.215,13.27,53135
03/23/2007,13.234,13.381,13.234,13.29,72542
03/26/2007,13.29,13.341,13.22,13.25,82675
03/27/2007,13.265,13.32,13.219,13.29,68610
03/28/2007,13.296,13.321,13.169,13.23,56905
03/29/2007,13.219,13.315,13.204,13.3,39046
03/30/2007,13.315,13.32,13.245,13.3,141961
04/02/2007,13.28,13.32,13.275,13.29,35291
04/03/2007,13.315,13.38,13.315,13.37,44792
04/04/2007,13.349,13.43,13.344,13.43,23993
04/05/2007,13.37,13.4,13.33,13.36,149050
04/09/2007,13.365,13.389,13.36,13.36,32901
04/10/2007,13.36,13.371,13.31,13.31,37063
04/11/2007,13.308,13.343,13.267,13.293,44203
04/12/2007,13.305,13.345,13.29,13.31,20619
04/13/2007,13.3,13.345,13.3,13.33,41821
04/16/2007,13.317,13.353,13.302,13.317,43164
04/17/2007,13.314,13.334,13.284,13.331,43624
04/18/2007,13.335,13.335,13.285,13.3,24389
04/19/2007,13.3,13.34,13.295,13.31,29135
04/20/2007,13.299,13.41,13.299,13.41,37859
04/23/2007,13.329,13.39,13.329,13.39,52947
04/24/2007,13.315,13.325,13.29,13.3,51354
04/25/2007,13.254,13.334,13.254,13.291,45190
04/26/2007,13.31,13.335,13.29,13.335,51750
04/27/2007,13.304,13.43,13.304,13.361,44020
04/30/2007,13.345,13.384,13.345,13.36,23388
05/01/2007,13.386,13.386,13.28,13.3,63223
05/02/2007,13.295,13.33,13.29,13.33,37659
05/03/2007,13.345,13.35,13.3,13.3,28936
05/04/2007,13.343,13.348,13.277,13.313,34689
05/07/2007,13.3,13.35,13.285,13.32,29927
05/08/2007,13.35,13.355,13.3,13.32,17647
05/09/2007,13.305,13.34,13.305,13.31,35095
05/10/2007,13.378,13.378,13.277,13.327,49145
05/11/2007,13.317,13.378,13.277,13.353,54315
05/14/2007,13.36,13.36,13.289,13.35,114007
05/15/2007,13.33,13.37,13.32,13.35,29344
05/16/2007,13.325,13.36,13.31,13.31,36864
05/17/2007,13.315,13.315,13.27,13.28,137188
05/18/2007,13.26,13.305,13.24,13.29,111409
05/21/2007,13.27,13.31,13.255,13.3,27943
05/22/2007,13.32,13.37,13.284,13.37,80667
05/23/2007,13.375,13.386,13.305,13.32,35690
05/24/2007,13.365,13.391,13.3,13.33,34696
05/25/2007,13.35,13.35,13.3,13.34,29544
05/29/2007,13.413,13.413,13.317,13.363,92613
05/30/2007,13.322,13.373,13.291,13.373,107930
05/31/2007,13.365,13.365,13.258,13.35,90864
06/01/2007,13.327,13.354,13.122,13.24,269800
06/04/2007,13.232,13.273,13.144,13.17,103152
06/05/2007,13.183,13.188,13.08,13.08,67849
06/06/2007,13.03,13.102,13.03,13.03,45418
06/07/2007,13.078,13.078,12.899,12.981,77952
06/08/2007,12.828,12.977,12.818,12.915,95019
06/11/2007,12.89,12.91,12.844,12.9,130242
06/12/2007,12.87,12.875,12.751,12.777,78544
06/13/2007,12.848,12.951,12.807,12.92,142920
06/14/2007,12.927,13.07,12.829,13.06,122817
06/15/2007,13.03,13.272,13.03,13.21,71150
06/18/2007,13.312,13.312,13.188,13.25,54193
06/19/2007,13.224,13.286,13.204,13.26,51662
06/20/2007,13.27,13.27,12.773,13.06,64335
06/21/2007,13.111,13.111,13.034,13.06,30805
06/22/2007,13.041,13.093,12.939,12.99,59865
06/25/2007,12.965,13.058,12.888,12.95,433057
06/26/2007,12.972,12.972,12.848,12.91,119362
06/27/2007,12.859,12.921,12.859,12.89,34706
06/28/2007,12.936,12.946,12.88,12.89,77422
06/29/2007,12.919,12.961,12.889,12.94,30037
07/02/2007,12.944,12.97,12.903,12.97,46622
07/03/2007,12.97,12.97,12.934,12.96,46620
07/05/2007,12.959,12.99,12.928,12.99,92075
07/06/2007,12.99,12.995,12.944,12.99,24771
07/09/2007,12.999,13.02,12.958,13.02,50880
07/10/2007,13.025,13.051,12.989,13.03,82682
07/11/2007,12.972,13.013,12.931,13.013,40406
07/12/2007,12.976,13.027,12.95,12.95,25155
07/13/2007,12.949,13.011,12.928,12.99,46215
07/16/2007,13.004,13.03,12.984,13.03,18130
07/17/2007,13.023,13.023,12.941,13.023,44467
07/18/2007,12.973,12.973,12.922,12.943,55794
07/19/2007,12.936,12.997,12.91,12.91,83864
07/20/2007,12.918,13.011,12.908,12.99,49157
07/23/2007,12.944,13.026,12.944,12.98,34333
07/24/2007,12.971,13.028,12.894,12.92,66118
07/25/2007,12.947,13.086,12.855,12.855,109517
07/26/2007,12.844,12.844,12.521,12.67,112488
07/27/2007,12.709,12.796,12.693,12.76,91647
07/30/2007,12.742,12.783,12.681,12.758,66554
07/31/2007,12.769,12.877,12.718,12.81,61425
08/01/2007,12.808,12.808,12.715,12.803,63772
08/02/2007,12.904,12.955,12.801,12.955,67831
08/03/2007,12.972,13.049,12.834,12.88,122280
08/06/2007,12.897,12.897,12.682,12.8,67275
08/07/2007,12.684,12.771,12.679,12.72,39200
08/08/2007,12.713,12.836,12.688,12.78,44655
08/09/2007,12.721,12.849,12.68,12.68,92804
08/10/2007,12.681,12.748,12.568,12.748,33574
08/13/2007,12.696,13.029,12.696,12.86,47377
08/14/2007,12.695,12.797,12.566,12.613,102561
08/15/2007,12.616,12.616,12.339,12.487,75270
08/16/2007,12.33,12.478,11.542,12.156,236998
08/17/2007,12.209,12.522,12.147,12.45,72327
08/20/2007,12.486,12.67,12.465,12.66,63378
08/21/2007,12.613,12.777,12.561,12.71,98682
08/22/2007,12.764,12.918,12.759,12.79,110799
08/23/2007,12.843,12.941,12.843,12.92,258622
08/24/2007,12.934,12.986,12.878,12.96,68639
08/27/2007,12.98,12.98,12.77,12.77,34330
08/28/2007,12.795,12.816,12.657,12.78,43290
08/29/2007,12.852,12.946,12.774,12.868,37021
08/30/2007,12.89,13.015,12.853,12.91,34330
08/31/2007,12.989,12.989,12.853,12.953,24536
09/04/2007,13.027,13.027,12.729,12.739,81212
09/05/2007,12.875,12.901,12.666,12.87,148113
09/06/2007,12.781,12.849,12.781,12.818,50989
09/07/2007,12.837,12.889,12.769,12.883,53573
09/10/2007,12.884,12.968,12.676,12.895,112872
09/11/2007,12.893,13.044,12.668,12.71,114616
09/12/2007,12.607,12.607,12.033,12.32,279109
09/13/2007,12.313,12.96,12.261,12.303,122280
09/14/2007,12.316,12.416,12.238,12.4,113433
09/17/2007,12.515,12.52,12.333,12.51,129714
09/18/2007,12.651,12.662,12.526,12.62,154306
09/19/2007,12.438,12.558,12.407,12.495,183522
09/20/2007,12.461,12.498,12.362,12.435,91640
09/21/2007,12.417,12.49,12.417,12.49,60948
09/24/2007,12.453,12.516,12.432,12.5,95191
09/25/2007,12.502,12.502,12.372,12.45,90802
09/26/2007,12.511,12.511,12.37,12.37,112273
09/27/2007,12.42,12.42,12.357,12.357,64769
09/28/2007,12.387,12.47,12.376,12.46,74139
10/01/2007,12.463,12.489,12.4,12.4,73961
10/02/2007,12.46,12.507,12.382,12.46,91763
10/03/2007,12.476,12.581,12.435,12.56,65706
10/04/2007,12.522,12.631,12.454,12.626,96574
10/05/2007,12.64,12.781,12.625,12.75,48307
10/08/2007,12.813,12.813,12.683,12.735,30849
10/09/2007,12.801,12.827,12.733,12.77,86222
10/10/2007,12.77,12.811,12.681,12.78,113872
10/11/2007,12.778,12.94,12.763,12.94,78782
10/12/2007,12.977,12.983,12.873,12.92,75124
10/15/2007,12.963,12.963,12.853,12.9,68442
10/16/2007,12.895,12.957,12.848,12.91,42390
10/17/2007,12.937,12.937,12.869,12.89,76294
10/18/2007,12.876,12.876,12.772,12.866,42202
10/19/2007,12.792,12.886,12.782,12.86,76300
10/22/2007,12.779,12.857,12.758,12.815,48314
10/23/2007,12.834,12.881,12.782,12.85,44084
10/24/2007,12.8,12.816,12.737,12.8,65326
10/25/2007,12.874,12.874,12.545,12.66,98692
10/26/2007,12.726,13.189,12.616,12.689,98214
10/29/2007,12.725,12.73,12.563,12.72,58244
10/30/2007,12.713,12.765,12.171,12.76,107541
10/31/2007,12.771,12.808,12.735,12.803,58628
11/01/2007,12.812,12.838,12.718,12.77,45223
11/02/2007,12.764,12.779,12.643,12.68,52105
11/05/2007,12.553,12.678,12.375,12.49,108828
11/06/2007,12.353,12.588,12.223,12.223,254193
11/07/2007,12.2,12.205,11.892,11.913,102619
11/08/2007,11.868,11.993,11.274,11.55,131696
11/09/2007,11.416,11.567,11.155,11.468,127767
11/12/2007,11.276,11.657,11.276,11.49,122790
11/13/2007,11.465,11.699,11.419,11.616,135774
11/14/2007,11.597,11.785,11.597,11.78,132968
11/15/2007,11.683,11.766,11.5,11.552,135559
11/16/2007,11.556,11.582,11.316,11.42,113666
11/19/2007,11.361,11.361,11.022,11.09,102562
11/20/2007,11.045,11.196,10.836,11.05,104802
11/21/2007,10.945,11.07,10.726,10.94,141396
11/23/2007,10.951,11.066,10.941,11.04,41385
11/26/2007,10.858,11.219,10.858,11.162,150397
11/27/2007,11.183,11.417,10.958,11.36,436738
11/28/2007,11.314,11.58,11.314,11.5,342380
11/29/2007,11.445,11.472,11.312,11.44,246081
11/30/2007,11.445,11.797,11.445,11.77,256051
12/03/2007,10.916,11.784,10.916,11.56,180945
12/04/2007,11.54,11.652,11.429,11.599,197428
12/05/2007,11.486,11.816,11.486,11.71,214172
12/06/2007,11.668,12.062,11.668,12.03,229198
12/07/2007,12.123,12.24,11.985,12.24,299156
12/10/2007,12.381,12.418,12.061,12.29,278320
12/11/2007,13.009,13.009,12.114,12.29,206299
12/12/2007,12.246,12.352,12.113,12.15,169409
12/13/2007,12.168,12.231,11.875,11.88,204700
12/14/2007,11.923,12.019,11.827,12.019,194042
12/17/2007,12.004,12.004,11.336,11.336,223292
12/18/2007,11.381,11.381,11.07,11.26,285452
12/19/2007,11.177,11.433,11.145,11.225,283906
12/20/2007,11.165,11.362,11.032,11.149,279520
12/21/2007,11.076,11.176,10.976,11.15,280039
12/24/2007,11.155,11.277,11.155,11.24,151749
12/26/2007,12.24,12.24,11.181,11.218,237518
12/27/2007,11.207,11.281,11.116,11.18,390697
12/28/2007,11.152,11.317,11.094,11.28,351880
12/31/2007,11.285,11.477,11.152,11.28,320683
01/02/2008,11.311,11.71,11.252,11.71,148606
01/03/2008,11.796,12.249,11.727,12.19,132565
01/04/2008,12.229,12.357,12.096,12.33,120034
01/07/2008,12.374,12.555,12.331,12.48,80992
01/08/2008,12.484,12.708,12.484,12.575,129427
01/09/2008,12.645,12.693,12.512,12.64,77608
01/10/2008,12.715,12.817,12.545,12.79,150056
01/11/2008,12.784,13.077,12.784,12.88,241074
01/14/2008,13.117,13.117,12.707,12.92,144923
01/15/2008,12.878,13.096,12.867,13.08,110832
01/16/2008,13.077,13.242,12.912,13.13,102741
01/17/2008,13.092,13.097,12.517,12.9,158343
01/18/2008,12.918,12.934,12.651,12.71,88461
01/22/2008,11.945,12.823,11.945,12.77,101660
01/23/2008,12.587,12.965,12.587,12.96,118475
01/24/2008,13.019,13.077,12.928,13.04,118874
01/25/2008,12.934,13.125,12.934,13.12,93900
01/28/2008,13.107,13.229,13.032,13.133,106783
01/29/2008,13.013,13.215,13.013,13.21,97710
01/30/2008,13.213,13.213,13.111,13.17,97316
01/31/2008,13.164,13.223,13.132,13.18,63486
02/01/2008,13.221,13.301,13.173,13.29,43386
02/04/2008,13.256,13.261,12.927,12.953,124555
02/05/2008,13.086,13.155,12.921,13.07,89037
02/06/2008,13.098,13.098,12.911,12.97,77568
02/07/2008,13.048,13.144,12.963,13,92023
02/08/2008,12.967,13.042,12.93,13.01,65515
02/11/2008,12.993,12.993,12.737,12.78,118506
02/12/2008,12.906,12.964,12.757,12.81,78552
02/13/2008,12.773,12.847,12.64,12.73,60699
02/14/2008,12.79,12.79,12.646,12.71,66680
02/15/2008,12.626,12.78,12.62,12.78,60106
02/19/2008,12.671,12.868,12.671,12.74,71577
02/20/2008,12.875,12.875,12.556,12.62,99957
02/21/2008,12.667,12.768,12.651,12.72,83055
02/22/2008,12.68,12.956,12.68,12.85,46221
02/25/2008,12.91,13.011,12.91,12.99,53406
02/26/2008,12.943,13.199,12.938,13.14,97519
02/27/2008,13.375,13.391,13.18,13.25,112798
02/28/2008,13.539,13.539,13.04,13.327,99131
02/29/2008,13.34,13.448,13.215,13.41,77891
03/03/2008,13.4,13.405,13.145,13.27,67394
03/04/2008,13.134,13.242,12.76,12.82,56501
03/05/2008,12.883,12.964,12.839,12.85,43935
03/06/2008,12.955,13.03,12.705,12.83,66471
03/07/2008,12.877,12.882,12.622,12.79,43016
03/10/2008,12.744,12.869,12.457,12.56,47444
03/11/2008,12.554,12.852,12.473,12.5,37489
03/12/2008,12.503,12.595,12.433,12.59,52965
03/13/2008,12.668,12.673,12.397,12.44,42458
03/14/2008,12.683,12.683,12.395,12.52,30280
03/17/2008,12.619,12.624,11.855,12.05,46514
03/18/2008,12.36,12.615,12.295,12.42,40616
03/19/2008,12.433,12.558,12.049,12.265,75721
03/20/2008,12.344,12.387,11.943,12.1,35686
03/24/2008,12.1,12.268,12.057,12.1,70160
03/25/2008,12.25,12.25,12.083,12.18,98975
03/26/2008,12.185,12.24,12.055,12.18,41716
03/27/2008,12.263,12.269,12.16,12.22,56844
03/28/2008,12.264,12.27,12.194,12.21,26400
03/31/2008,12.261,12.288,12.18,12.18,37311
04/01/2008,12.196,12.332,12.196,12.31,36916
04/02/2008,12.321,12.392,12.191,12.24,61646
04/03/2008,12.349,12.376,12.148,12.17,37856
04/04/2008,12.186,12.511,12.181,12.43,64967
04/07/2008,12.443,12.508,12.28,12.28,34164
04/08/2008,12.188,12.404,12.188,12.22,53352
04/09/2008,12.218,12.321,12.153,12.18,48006
04/10/2008,12.317,12.506,12.219,12.36,113066
04/11/2008,12.453,12.453,12.383,12.41,36914
04/14/2008,12.395,12.443,12.254,12.4,85811
04/15/2008,12.353,12.51,12.353,12.44,48629
04/16/2008,12.532,12.787,12.505,12.706,132513
04/17/2008,12.742,12.796,12.677,12.78,52370
04/18/2008,12.785,12.98,12.752,12.98,44564
04/21/2008,12.984,13.065,12.54,12.61,89792
04/22/2008,12.703,12.703,12.453,12.54,51124
04/23/2008,12.613,12.624,12.413,12.44,36547
04/24/2008,12.544,12.555,12.344,12.36,35249
04/25/2008,12.398,12.49,12.3,12.49,61647
04/28/2008,12.493,12.568,12.417,12.46,62950
04/29/2008,12.515,12.537,12.407,12.51,40920
04/30/2008,12.332,12.543,12.332,12.37,81806
05/01/2008,12.371,12.501,12.295,12.36,61645
05/02/2008,12.383,12.535,12.383,12.47,44247
05/05/2008,12.367,12.464,12.318,12.41,47319
05/06/2008,12.463,12.496,12.263,12.29,68146
05/07/2008,12.208,12.393,12.208,12.214,47176
05/08/2008,12.381,12.381,12.23,12.3,58261
05/09/2008,12.204,12.35,12.204,12.35,37561
05/12/2008,12.483,12.51,12.223,12.31,57411
05/13/2008,12.244,12.509,12.206,12.26,56369
05/14/2008,12.206,12.38,12.206,12.32,43520
05/15/2008,12.194,12.481,12.194,12.47,48393
05/16/2008,12.466,12.542,12.466,12.52,39493
05/19/2008,12.538,12.549,12.17,12.17,88185
05/20/2008,12.257,12.343,12.192,12.3,34330
05/21/2008,12.403,12.457,12.267,12.37,61795
05/22/2008,12.438,12.487,12.27,12.27,74326
05/23/2008,12.274,12.437,12.225,12.35,52703
05/27/2008,12.431,12.458,12.328,12.42,44645
05/28/2008,12.436,12.502,12.32,12.32,59810
05/29/2008,12.276,12.419,11.917,12.27,42084
05/30/2008,12.309,12.447,12.16,12.16,82813
06/02/2008,12.249,12.26,11.84,11.84,77596
06/03/2008,11.775,11.847,11.521,11.67,112554
06/04/2008,11.647,11.68,11.525,11.68,51919
06/05/2008,11.712,11.712,11.613,11.69,42515
06/06/2008,11.713,11.719,11.509,11.52,41702
06/09/2008,11.63,11.636,11.47,11.47,37665
06/10/2008,11.472,11.516,11.057,11.19,116030
06/11/2008,11.357,11.357,11.053,11.07,49682
06/12/2008,11.26,11.288,11.122,11.15,47164
06/13/2008,11.211,11.25,11.156,11.25,42554
06/16/2008,11.29,11.345,11.24,11.29,83991
06/17/2008,11.431,11.431,11.255,11.31,64846
06/18/2008,11.354,11.354,11.193,11.21,49755
06/19/2008,11.186,11.203,10.932,11.12,104178
06/20/2008,10.986,11.141,10.986,11.08,54721
06/23/2008,11.085,11.135,10.616,10.66,117665
06/24/2008,10.644,10.716,10.495,10.55,96130
06/25/2008,10.464,10.823,10.464,10.58,89368
06/26/2008,10.593,10.593,10.499,10.56,42408
06/27/2008,10.436,10.524,10.27,10.27,81990
06/30/2008,10.272,10.332,9.99,9.99,100459
07/01/2008,10.027,10.11,9.867,9.95,173762
07/02/2008,9.941,9.969,9.626,9.72,47718
07/03/2008,9.66,9.77,9.604,9.77,48626
07/07/2008,9.659,9.908,9.621,9.72,79008
07/08/2008,9.567,9.76,9.484,9.65,32021
07/09/2008,9.615,9.77,9.576,9.72,71862
07/10/2008,9.632,9.715,9.301,9.45,94823
07/11/2008,9.135,9.268,8.373,8.92,127983
07/14/2008,8.811,9.038,7.674,7.79,187882
07/15/2008,7.149,7.319,5.6916,7.297,391913
07/16/2008,7.189,8.421,7.189,8.405,206649
07/17/2008,8.653,9.57,8.653,9.57,200848
07/18/2008,9.75,10.147,9.75,10.07,102833
07/21/2008,10.49,10.6,10.368,10.6,103980
07/22/2008,10.433,10.655,10.257,10.655,92368
07/23/2008,10.573,10.998,10.573,10.75,124190
07/24/2008,10.854,10.859,10.467,10.55,82043
07/25/2008,10.653,10.659,10.3,10.3,72664
07/28/2008,10.356,10.356,9.49,9.6,169496
07/29/2008,9.718,10.187,9.718,10.11,95045
07/30/2008,10.25,10.52,10.244,10.41,111040
07/31/2008,10.276,10.32,9.851,9.96,79675
08/01/2008,10.227,10.32,10.149,10.21,42022
08/04/2008,10.296,10.39,10.263,10.39,84867
08/05/2008,10.376,10.514,10.376,10.47,39352
08/06/2008,10.619,10.729,10.381,10.58,41505
08/07/2008,10.605,10.666,10.494,10.66,44708
08/08/2008,10.499,10.77,10.499,10.77,78864
08/11/2008,10.665,10.985,10.604,10.72,51124
08/12/2008,10.625,10.78,10.349,10.78,99137
08/13/2008,10.869,10.936,10.56,10.56,77665
08/14/2008,10.576,10.642,10.433,10.51,130939
08/15/2008,10.652,10.779,10.548,10.68,68809
08/18/2008,10.686,10.769,10.603,10.73,47835
08/19/2008,10.809,10.809,10.583,10.71,63228
08/20/2008,10.703,10.791,10.565,10.67,37340
08/21/2008,10.792,10.792,10.571,10.61,42346
08/22/2008,10.617,10.722,10.578,10.6,63743
08/25/2008,10.734,10.734,10.574,10.64,65624
08/26/2008,10.576,10.775,10.576,10.62,55984
08/27/2008,10.756,10.767,10.677,10.75,38916
08/28/2008,10.87,10.95,10.78,10.91,75250
08/29/2008,10.83,10.943,10.784,10.92,34453
09/02/2008,11.012,11.012,10.95,10.95,40605
09/03/2008,11.07,11.082,10.946,10.98,57327
09/04/2008,11.066,11.083,10.954,11.01,45700
09/05/2008,11.172,11.205,11.064,11.07,61889
09/08/2008,11.26,11.26,11.023,11.04,93162
09/09/2008,11.108,11.108,10.56,10.56,133687
09/10/2008,10.488,10.624,10.042,10.11,96832
09/11/2008,10.448,10.448,9.358,9.42,95871
09/12/2008,9.967,10.08,9.324,9.51,120273
09/15/2008,8.778,8.84,6.955,6.955,212678
09/16/2008,7.007,7.007,4.9617,5.3968,545913
09/17/2008,5.313,5.9348,4.7365,4.94,412247
09/18/2008,4.7973,6.18,4.5151,6.18,302233
09/19/2008,6.4045,9.742,6.4045,7.63,229551
09/22/2008,7.784,7.784,6.92,7.18,102417
09/23/2008,7.034,7.159,6.3619,6.78,103116
09/24/2008,6.9171,7.149,6.6122,7.03,159885
09/25/2008,7.19,7.966,6.9261,7.84,123294
09/26/2008,7.148,7.623,6.9222,7.12,107437
09/29/2008,6.5385,6.5385,4.2497,5.12,554717
09/30/2008,4.9379,5.3955,4.6045,5,227994
10/01/2008,5.3675,5.8082,4.6613,5.65,214955
10/02/2008,5.4256,5.646,4.9904,5.16,155430
10/03/2008,5.3816,6.4264,5.184,6.24,246373
10/06/2008,6.3228,6.3228,5.2276,5.73,316571
10/07/2008,5.7576,5.7576,4.8592,5.17,364389
10/08/2008,4.68,4.9174,3.9,4.29,753794
10/09/2008,4.2014,4.422,3.93,3.93,147644
10/10/2008,3.1209,3.9482,2.2822,3.68,380861
10/13/2008,4.6616,5.4583,3.8761,5.43,259383
10/14/2008,5.8743,7,5.4343,7,468204
10/15/2008,6.7458,6.7458,5.7918,6.52,146690
10/16/2008,6.5278,6.7821,6.2622,6.33,154025
10/17/2008,6.3046,6.3046,5.7109,5.8071,90820
10/20/2008,6.0216,6.6254,5.8297,6.49,172205
10/21/2008,6.2671,7.245,6.2671,7.03,72329
10/22/2008,7.339,7.423,6.8984,7,125741
10/23/2008,7.337,7.337,6.7841,6.88,63982
10/24/2008,6.6595,6.795,6.3544,6.49,70316
10/27/2008,6.2359,6.3206,5.5023,5.57,87726
10/28/2008,5.7879,6.4091,5.7879,6.33,151775
10/29/2008,6.1572,6.6204,6.1572,6.53,78995
10/30/2008,6.6897,6.6897,6.0631,6.08,76670
10/31/2008,6.2099,6.2099,5.8854,6.07,129717
11/03/2008,5.9391,6.2017,5.7883,5.9,115807
11/04/2008,6.0814,6.4112,6.0255,6.21,117355
11/05/2008,6.3724,6.378,6.1579,6.22,119529
11/06/2008,6.3503,6.3616,6.13,6.13,93111
11/07/2008,6.1418,6.3057,6.1418,6.3,57986
11/10/2008,6.2219,6.4647,6.2106,6.38,88760
11/11/2008,6.2096,6.3226,5.8479,6.17,58601
11/12/2008,6.0018,6.0809,5.6574,5.68,60129
11/13/2008,5.4161,5.45,4.744,5.45,153632
11/14/2008,5.3904,5.7798,5.3904,5.65,69975
11/17/2008,5.6617,5.673,5.3905,5.56,48000
11/18/2008,5.4365,5.4817,4.9392,5.25,125658
11/19/2008,4.9284,5.0554,4.4366,4.63,112627
11/20/2008,4.4605,4.4605,3.7491,4.15,191236
11/21/2008,4.0774,4.0774,3.3978,3.81,241420
11/24/2008,3.8118,4.6024,3.552,4.32,242947
11/25/2008,4.4866,4.8709,4.3001,4.82,215813
11/26/2008,4.9081,5.1699,4.5333,4.92,88736
11/28/2008,4.7852,5.13,4.7733,5.13,38697
12/01/2008,5.1475,5.1475,4.7607,4.85,74737
12/02/2008,5.1256,5.3342,4.8634,5.1852,153217
12/03/2008,5.0856,5.4722,4.9666,5.27,146169
12/04/2008,5.0879,5.2128,4.9688,5.07,101507
12/05/2008,4.9698,5.16,4.7558,5.16,74139
12/08/2008,5.2066,5.7957,5.2066,5.76,99780
12/09/2008,5.6764,5.7478,5.4145,5.48,112257
12/10/2008,5.2713,5.7076,5.2713,5.44,181001
12/11/2008,5.484,5.9253,5.484,5.75,114079
12/12/2008,5.4791,5.5206,5.3188,5.396,87747
12/15/2008,5.2694,5.65,5.085,5.65,86925
12/16/2008,5.6497,5.6973,5.3881,5.62,217181
12/17/2008,5.6919,5.7276,5.4361,5.68,104232
12/18/2008,5.8297,6.0852,5.6871,5.8,92127
12/19/2008,5.8295,5.9901,5.5975,5.77,125062
12/22/2008,5.7525,5.9957,5.4026,5.8118,143685
12/23/2008,5.8062,6.1632,5.5921,5.717,295174
12/24/2008,5.6602,6.0415,5.6245,5.6841,184916
12/26/2008,5.9666,5.9666,5.4026,5.836,115323
12/29/2008,5.6627,5.8711,5.5496,5.627,189984
12/30/2008,5.5587,5.9261,5.3572,5.9202,306241
12/31/2008,5.8623,6.5408,5.8623,6.4515,135076
01/02/2009,6.4172,8.011,6.4172,7.91,189683
01/05/2009,7.772,8.331,7.731,8.26,193197
01/06/2009,8.355,9.057,8.313,8.92,208837
01/07/2009,9.069,9.069,8.331,8.42,111516
01/08/2009,8.354,8.609,8.104,8.55,111927
01/09/2009,8.562,9.299,8.562,9.24,87238
01/12/2009,9.16,9.386,8.589,8.72,101748
01/13/2009,8.94,8.94,8.536,8.786,28761
01/14/2009,8.537,8.745,7.954,8.18,93594
01/15/2009,8.089,8.714,7.138,8.25,92647
01/16/2009,8.259,8.711,8.14,8.55,56747
01/20/2009,8.134,8.134,5.9876,6.82,138963
01/21/2009,6.7583,7.947,6.7227,7.43,109085
01/22/2009,7.58,7.58,6.6639,6.89,82656
01/23/2009,6.4861,6.7658,6.0041,6.26,130587
01/26/2009,7.382,7.959,7.091,7.18,121493
01/27/2009,7.134,7.372,6.6761,6.9885,57189
01/28/2009,7.284,7.831,7.284,7.76,61996
01/29/2009,7.493,7.612,7.375,7.57,23632
01/30/2009,7.478,7.71,7.08,7.71,47085
02/02/2009,7.412,7.507,6.7995,6.96,59992
02/03/2009,6.9812,7.1895,6.3741,6.88,109448
02/04/2009,6.6311,6.7144,6.2624,6.53,35485
02/05/2009,6.2481,6.5394,6.0936,6.48,72881
02/06/2009,6.6908,6.8871,6.4172,6.78,88506
02/09/2009,6.8414,6.9842,6.7284,6.77,44800
02/10/2009,6.5403,6.7781,6.54,6.57,26734
02/11/2009,6.5878,6.7781,6.5582,6.57,21382
02/12/2009,6.1591,6.54,6.1175,6.54,38714
02/13/2009,6.2544,6.6233,6.2544,6.54,52034
02/17/2009,5.7051,5.9429,5.1406,5.2,124646
02/18/2009,5.2069,5.2664,4.1655,4.35,166805
02/19/2009,4.3739,5.2606,4.3739,4.7896,170617
02/20/2009,4.1393,4.853,3.6279,4.74,272578
02/23/2009,4.5562,4.776,3.879,3.98,142444
02/24/2009,3.9048,4.41,3.3877,4.41,147942
02/25/2009,4.3214,5.0943,4.1466,4.98,104701
02/26/2009,5.1133,5.4564,4.7433,4.75,91881
02/27/2009,4.3396,4.8509,3.8754,4.75,124623
03/02/2009,4.0549,4.192,3.4093,3.49,115047
03/03/2009,3.402,3.402,2.9919,3.16,138027
03/04/2009,3.1655,3.4821,2.8287,3.28,124817
03/05/2009,2.9166,3.0041,2.5596,2.6,120594
03/06/2009,2.8172,3.1601,2.0642,2.36,186093
03/09/2009,2.318,2.4591,2.15,2.15,154643
03/10/2009,2.2693,3.0706,2.2623,3.01,85190
03/11/2009,3.3743,3.4888,3.2059,3.28,74310
03/12/2009,3.1178,3.8905,3.1178,3.83,90845
03/13/2009,3.8757,4.7639,3.8757,4.34,169143
03/16/2009,4.714,5.2901,4.6131,4.64,99247
03/17/2009,5.029,5.2777,4.7601,5.15,101343
03/18/2009,5.2769,5.3508,5.0214,5.25,105383
03/19/2009,5.5748,5.7968,5.2521,5.4,56229
03/20/2009,5.3307,5.3778,4.8198,4.84,46410
03/23/2009,5.1177,5.4472,5.1177,5.38,87658
03/24/2009,5.248,5.5709,5.2345,5.47,96518
03/25/2009,5.4441,5.6726,5.3164,5.35,45851
03/26/2009,5.3833,5.5515,5.2823,5.39,52977
03/27/2009,5.2848,5.2848,4.9213,5.13,62675
03/30/2009,4.7374,4.7374,4.4215,4.65,66340
03/31/2009,4.7112,5.0746,4.7112,4.94,56181
04/01/2009,4.7459,5.1767,4.5776,5.17,49108
04/02/2009,4.9604,5.6537,4.9604,5.62,63692
04/03/2009,5.8174,5.8174,5.5484,5.73,60510
04/06/2009,5.4613,5.7304,5.4411,5.69,36175
04/07/2009,5.6057,5.7603,5.5116,5.72,38559
04/08/2009,6.1909,6.2982,5.7266,6.09,87365
04/09/2009,6.4146,6.5016,6.0579,6.28,160654
04/13/2009,6.3246,6.58,6.2507,6.58,138464
04/14/2009,6.4658,6.8426,6.4322,6.56,129848
04/15/2009,6.6267,6.6267,6.1667,6.5,106765
04/16/2009,6.6167,7,6.5898,7,66686
04/17/2009,7.062,7.446,6.9006,7.395,64404
04/20/2009,7.325,7.359,6.6326,6.72,76446
04/21/2009,6.3436,6.7271,6.2764,6.68,58999
04/22/2009,6.4313,6.9081,6.364,6.66,51971
04/23/2009,6.6591,6.8407,6.6591,6.76,36391
04/24/2009,6.9104,6.9104,6.6614,6.87,39234
04/27/2009,6.7296,7.0123,6.6623,6.77,44268
04/28/2009,6.6393,6.8209,6.5922,6.72,22449
04/29/2009,6.8062,6.9945,6.7726,6.86,40184
04/30/2009,7.074,7.262,6.8317,7,68746
05/01/2009,7.032,7.169,6.998,7.16,19175
05/04/2009,7.163,7.633,7.163,7.62,79690
05/05/2009,7.623,8.047,7.587,8,60383
05/06/2009,8.085,8.354,7.977,8.3,115157
05/07/2009,8.608,8.715,8.48,8.48,74775
05/08/2009,8.679,9.244,8.679,9.21,68947
05/11/2009,9.309,9.47,9.248,9.45,58458
05/12/2009,9.53,9.61,9.123,9.41,49369
05/13/2009,8.938,9.004,8.375,8.6,98670
05/14/2009,8.516,8.94,8.409,8.94,86375
05/15/2009,8.946,9.013,8.839,9,52381
05/18/2009,9.079,9.341,8.924,9.24,84328
05/19/2009,9.414,9.784,9.017,9.75,96968
05/20/2009,9.738,10.289,9.738,9.98,87050
05/21/2009,9.931,9.993,9.73,9.77,52475
05/22/2009,9.811,9.864,9.622,9.75,80007
05/26/2009,9.771,10.094,9.589,10.06,76902
05/27/2009,9.944,10.374,9.944,10.32,70642
05/28/2009,10.585,10.647,9.761,10.1,109766
05/29/2009,10.272,10.59,9.926,10.59,119106
06/01/2009,10.598,10.792,10.543,10.55,71836
06/02/2009,10.46,10.695,10.384,10.55,58493
06/03/2009,10.537,10.655,10.378,10.44,49562
06/04/2009,10.572,10.592,10.209,10.35,69256
06/05/2009,10.376,10.632,10.237,10.59,52038
06/08/2009,10.584,10.729,10.314,10.48,63453
06/09/2009,10.687,10.701,10.459,10.68,80326
06/10/2009,10.705,10.83,10.449,10.83,46737
06/11/2009,10.866,10.97,10.803,10.88,34776
06/12/2009,10.882,10.979,10.716,10.82,49240
06/15/2009,10.849,11.077,10.551,11.063,46899
06/16/2009,11.121,11.121,10.719,10.83,57425
06/17/2009,10.921,10.949,9.392,9.98,248770
06/18/2009,10.021,10.187,9.751,9.91,87017
06/19/2009,10.225,10.501,10.142,10.37,88665
06/22/2009,10.18,10.18,9.379,9.672,104826
06/23/2009,9.573,9.707,9.407,9.58,72182
06/24/2009,9.759,9.912,9.732,9.761,62644
06/25/2009,9.74,10.203,9.74,10.12,60461
06/26/2009,10.275,10.469,10.275,10.4,30254
06/29/2009,10.397,10.881,10.397,10.75,52131
06/30/2009,10.93,11.29,10.785,11.29,75687
07/01/2009,11.099,11.293,10.94,10.94,91490
07/02/2009,10.855,10.931,10.661,10.73,30916
07/06/2009,10.552,10.635,10.502,10.587,28676
07/07/2009,10.653,10.757,10.494,10.674,33923
07/08/2009,10.721,10.818,10.382,10.539,112356
07/09/2009,10.679,10.908,10.582,10.88,51908
07/10/2009,10.835,10.973,10.724,10.89,24479
07/13/2009,11.071,11.175,10.988,11.05,51461
07/14/2009,11.379,11.391,11.04,11.22,64756
07/15/2009,11.762,11.762,11.458,11.52,72078
07/16/2009,11.637,11.692,11.485,11.63,30408
07/17/2009,11.732,11.76,11.504,11.67,73312
07/20/2009,11.758,11.758,10.687,10.83,279342
07/21/2009,11.004,11.392,11.004,11.35,150699
07/22/2009,11.407,11.545,11.296,11.49,68601
07/23/2009,11.545,11.711,11.464,11.69,114026
07/24/2009,11.567,11.747,11.546,11.65,42423
07/27/2009,11.685,11.72,11.553,11.56,90180
07/28/2009,11.522,11.612,11.46,11.55,94814
07/29/2009,11.553,11.65,11.435,11.56,58689
07/30/2009,11.659,11.777,11.562,11.59,84201
07/31/2009,11.565,12.175,11.565,11.96,206245
08/03/2009,11.899,12.46,11.899,12.46,130741
08/04/2009,12.452,12.674,12.452,12.66,98044
08/05/2009,12.784,12.957,12.569,12.839,59862
08/06/2009,12.855,13.138,12.834,12.91,68186
08/07/2009,13.04,13.254,12.929,12.95,108437
08/10/2009,13.077,13.575,12.98,13.25,196712
08/11/2009,13.076,13.263,12.751,13,119561
08/12/2009,13.003,13.19,12.802,12.92,111535
08/13/2009,12.875,13.117,12.799,13.02,48868
08/14/2009,13.031,13.1,12.945,13.01,53902
08/17/2009,12.839,12.873,12.535,12.74,67871
08/18/2009,12.825,13.15,12.649,13.15,61741
08/19/2009,12.97,13.108,12.88,13.06,81093
08/20/2009,13.011,13.011,9.862,9.89,632544
08/21/2009,10.038,10.855,9.893,10.82,397847
08/24/2009,11.038,11.53,10.935,11.08,218112
08/25/2009,11.085,11.305,10.519,10.609,188661
08/26/2009,10.652,10.748,9.822,9.96,256442
08/27/2009,9.965,9.965,8.734,9.82,570110
08/28/2009,9.876,10.933,9.648,10.154,284001
08/31/2009,9.841,10.013,9.463,9.67,145677
09/01/2009,9.458,10.557,9.273,10.25,417406
09/02/2009,10.043,10.385,10.043,10.1,145149
09/03/2009,10.139,10.375,10.139,10.36,87572
09/04/2009,10.404,10.404,10.111,10.14,94749
09/08/2009,10.201,10.379,10.18,10.299,129927
09/09/2009,10.249,10.406,10.127,10.27,88558
09/10/2009,10.176,10.954,10.148,10.94,224457
09/11/2009,11.013,11.572,10.928,11.221,241033
09/14/2009,11.15,11.478,10.886,11.3,165814
09/15/2009,11.511,11.693,11.33,11.33,163206
09/16/2009,11.518,11.518,11.097,11.34,168244
09/17/2009,11.172,11.6,11.172,11.6,144145
09/18/2009,11.627,12.056,11.513,11.82,122299
09/21/2009,11.633,11.981,11.569,11.79,85479
09/22/2009,11.794,12.001,11.794,11.93,74720
09/23/2009,12,12.128,11.922,12.05,71447
09/24/2009,12.044,12.308,11.987,12.18,93480
09/25/2009,12.102,12.48,12.102,12.48,122899
09/28/2009,12.407,12.643,12.322,12.5,98403
09/29/2009,12.493,12.564,12.336,12.55,85234
09/30/2009,12.448,12.548,12.263,12.539,96390
10/01/2009,12.618,12.618,12.269,12.44,89298
10/02/2009,12.182,12.261,11.79,12.204,113509
10/05/2009,12.143,12.329,12.129,12.3,90435
10/06/2009,12.336,12.49,12.293,12.35,107251
10/07/2009,12.354,12.533,12.292,12.49,55414
10/08/2009,12.554,12.618,12.454,12.49,63966
10/09/2009,12.489,12.66,12.446,12.61,57704
10/12/2009,12.534,12.706,12.52,12.62,70477
10/13/2009,12.563,12.72,12.563,12.67,41018
10/14/2009,12.838,12.838,12.496,12.51,83527
10/15/2009,12.571,12.6,12.493,12.6,41466
10/16/2009,12.52,12.627,12.44,12.62,52134
10/19/2009,12.564,12.75,12.443,12.7,124423
10/20/2009,12.621,12.729,12.579,12.65,89544
10/21/2009,12.596,12.683,12.225,12.56,192208
10/22/2009,12.62,12.627,12.227,12.363,143029
10/23/2009,12.363,12.413,12.242,12.37,59605
10/26/2009,12.437,12.865,12.351,12.38,215914
10/27/2009,12.311,12.526,12.254,12.39,86715
10/28/2009,12.285,12.377,11.357,11.5,140864
10/29/2009,11.694,12.157,11.694,12.081,188117
10/30/2009,11.892,12.127,11.828,12.12,93923
11/02/2009,12.128,12.178,11.786,12,83596
11/03/2009,11.875,11.996,11.39,11.704,115730
11/04/2009,11.699,11.87,11.52,11.67,66838
11/05/2009,11.523,11.979,11.523,11.944,167372
11/06/2009,11.925,12.132,11.911,11.939,94761
11/09/2009,11.95,12.3,11.943,12.3,131097
11/10/2009,12.295,12.53,12.281,12.498,101340
11/11/2009,12.553,13.009,12.389,12.46,132299
11/12/2009,12.492,12.77,12.285,12.67,127938
11/13/2009,12.593,12.85,12.522,12.85,57465
11/16/2009,12.79,13.14,12.79,13.09,205860
11/17/2009,12.99,13.333,12.983,13.19,123063
11/18/2009,13.191,13.27,12.756,13.07,108781
11/19/2009,13.071,13.129,12.721,13.129,70162
11/20/2009,13.031,13.089,12.839,13.06,94247
11/23/2009,13.257,13.257,12.993,13.15,100086
11/24/2009,13.144,13.28,13.059,13.13,122387
11/25/2009,13.099,13.206,13.084,13.17,101789
11/27/2009,13.084,13.084,12.719,12.929,64704
11/30/2009,12.38,12.884,12.373,12.839,118611
12/01/2009,12.886,12.899,12.499,12.55,114283
12/02/2009,12.549,12.709,12.512,12.636,68228
12/03/2009,12.834,12.834,12.674,12.71,59067
12/04/2009,12.731,12.936,12.68,12.87,79824
12/07/2009,12.767,12.972,12.767,12.95,86431
12/08/2009,12.843,13.109,12.836,12.945,120285
12/09/2009,13.047,13.055,12.835,13.025,109867
12/10/2009,13.273,13.273,13.088,13.14,80339
12/11/2009,13.13,13.32,13.079,13.284,92253
12/14/2009,13.355,13.355,13.048,13.18,108049
12/15/2009,13.241,13.299,13.08,13.241,66838
12/16/2009,13.265,13.397,13.177,13.36,121559
12/17/2009,13.346,13.47,13.243,13.47,83387
12/18/2009,13.378,13.561,13.269,13.51,79038
12/21/2009,13.661,13.661,13.471,13.628,121453
12/22/2009,13.698,13.698,13.443,13.45,75020
12/23/2009,13.599,13.679,13.489,13.621,55113
12/24/2009,13.628,13.73,13.591,13.73,52231
12/28/2009,13.727,13.734,13.58,13.69,63535
12/29/2009,13.682,13.733,13.587,13.66,65749
12/30/2009,13.593,13.803,13.593,13.71,63286
12/31/2009,13.71,13.841,13.629,13.79,37552
01/04/2010,13.794,13.947,13.684,13.94,81716
01/05/2010,13.945,14.526,13.886,14.5,129888
01/06/2010,14.437,14.518,14.189,14.43,155728
01/07/2010,14.452,14.517,14.364,14.51,89073
01/08/2010,14.515,14.603,14.486,14.603,57495
01/11/2010,14.591,14.854,14.591,14.854,142650
01/12/2010,14.829,15.027,14.778,14.8,116369
01/13/2010,14.793,14.968,14.793,14.83,75518
01/14/2010,14.772,14.977,14.758,14.919,78387
01/15/2010,15.021,15.036,14.875,14.895,79693
01/19/2010,14.961,14.961,14.815,14.946,63458
01/20/2010,14.893,15.01,14.74,14.93,148405
01/21/2010,14.938,14.975,14.689,14.733,314628
01/22/2010,14.665,14.848,14.599,14.789,228841
01/25/2010,14.84,14.84,14.577,14.782,83763
01/26/2010,14.753,14.833,14.672,14.709,85690
01/27/2010,14.734,14.734,14.631,14.675,77576
01/28/2010,14.718,14.718,14.433,14.47,208043
01/29/2010,14.47,14.558,14.375,14.39,192321
02/01/2010,14.478,14.529,14.434,14.5,52973
02/02/2010,14.522,14.69,14.522,14.61,111881
02/03/2010,14.602,14.697,14.565,14.66,71006
02/04/2010,14.5,14.588,14.449,14.449,91744
02/05/2010,14.395,14.402,13.942,14.19,116190
02/08/2010,14.287,14.287,13.995,14.09,92060
02/09/2010,14.204,14.284,13.882,14.16,147103
02/10/2010,14.125,14.242,14.038,14.14,102901
02/11/2010,14.119,14.206,14.119,14.163,76006
02/12/2010,14.063,14.26,14.063,14.26,52634
02/16/2010,14.274,14.581,14.23,14.559,103437
02/17/2010,14.548,14.877,14.526,14.84,103462
02/18/2010,14.822,15.2,14.822,15.129,148762
02/19/2010,15.158,15.326,15.041,15.26,105143
02/22/2010,15.237,15.288,15.084,15.23,115484
02/23/2010,15.154,15.206,15.009,15.198,112667
02/24/2010,14.968,15.261,14.968,15.1,88292
02/25/2010,15.111,15.118,14.805,14.976,125446
02/26/2010,14.984,15.104,14.872,15.104,118416
03/01/2010,15.098,15.232,15.053,15.15,96831
03/02/2010,15.193,15.447,15.178,15.335,121815
03/03/2010,15.342,15.506,15.334,15.454,139091
03/04/2010,15.426,15.523,15.374,15.449,90023
03/05/2010,15.435,15.562,15.405,15.48,75570
03/08/2010,15.458,15.637,15.421,15.563,68075
03/09/2010,15.591,15.666,15.502,15.614,72551
03/10/2010,15.572,15.676,15.572,15.646,55168
03/11/2010,15.665,15.74,15.621,15.74,39915
03/12/2010,15.859,15.867,15.673,15.77,79815
03/15/2010,15.817,15.832,15.683,15.765,61507
03/16/2010,15.906,16.055,15.846,16.025,80361
03/17/2010,16.027,16.035,15.923,16.027,109972
03/18/2010,16.077,16.085,15.973,16.04,95847
03/19/2010,16.107,16.107,15.891,15.995,49561
03/22/2010,15.976,15.983,15.812,15.924,101497
03/23/2010,16.033,16.033,15.824,15.951,81811
03/24/2010,15.886,16.08,15.876,15.99,79431
03/25/2010,16.114,16.114,15.905,15.92,66112
03/26/2010,15.925,15.984,15.828,15.85,64763
03/29/2010,15.84,15.997,15.84,15.997,79282
03/30/2010,16.025,16.065,15.92,16.003,51926
03/31/2010,16.048,16.07,15.973,16.07,67737
04/01/2010,16.099,16.099,15.666,15.83,91636
04/05/2010,15.906,15.906,15.779,15.854,72362
04/06/2010,15.855,15.892,15.736,15.84,57878
04/07/2010,15.774,15.833,15.639,15.759,146413
04/08/2010,15.843,15.843,15.604,15.634,96731
04/09/2010,15.638,15.772,15.631,15.75,62340
04/12/2010,15.789,15.864,15.744,15.834,44206
04/13/2010,15.849,15.864,15.737,15.841,51630
04/14/2010,15.854,15.869,15.72,15.72,187321
04/15/2010,15.721,15.773,15.676,15.684,58112
04/16/2010,15.693,15.783,15.552,15.604,94474
04/19/2010,15.553,15.665,15.523,15.627,89510
04/20/2010,15.747,15.747,15.523,15.59,155973
04/21/2010,15.667,15.667,15.518,15.57,68810
04/22/2010,15.556,15.579,15.511,15.556,59519
04/23/2010,15.536,15.648,15.516,15.536,91610
04/26/2010,15.573,15.662,15.476,15.61,97455
04/27/2010,15.596,15.715,15.409,15.446,121076
04/28/2010,15.479,15.546,15.225,15.292,115648
04/29/2010,15.318,15.318,15.116,15.202,88170
04/30/2010,15.285,15.434,15.188,15.21,84643
05/03/2010,15.282,15.513,15.271,15.491,87539
05/04/2010,15.37,15.385,15.169,15.176,70979
05/05/2010,14.927,14.927,14.42,14.785,189384
05/06/2010,14.583,14.613,12.115,13.152,519427
05/07/2010,13.827,13.827,12.33,13.38,292607
05/10/2010,14.061,14.805,14.008,14.187,182446
05/11/2010,13.961,14.184,13.946,14.08,164569
05/12/2010,14.171,14.536,14.171,14.357,116598
05/13/2010,14.36,14.599,14.323,14.45,94904
05/14/2010,14.321,14.321,13.903,13.992,95238
05/17/2010,14.122,14.137,13.336,13.54,167124
05/18/2010,13.837,13.941,13.471,13.486,156328
05/19/2010,13.475,13.49,12.87,13.43,198277
05/20/2010,13.146,13.146,12.617,12.945,152983
05/21/2010,12.897,13.613,12.539,13.584,144589
05/24/2010,13.451,13.779,13.227,13.637,63140
05/25/2010,13.152,13.421,12.936,13.346,158429
05/26/2010,13.342,13.741,13.23,13.454,144501
05/27/2010,13.911,14.049,13.835,13.98,97863
05/28/2010,14.045,14.06,13.716,13.854,73817
06/01/2010,13.716,13.862,13.64,13.64,130287
06/02/2010,13.65,13.796,13.581,13.696,84624
06/03/2010,13.786,13.825,13.687,13.702,39045
06/04/2010,13.418,13.671,13.418,13.51,62245
06/07/2010,13.619,13.672,13.382,13.42,61702
06/08/2010,13.362,13.553,13.362,13.454,83141
06/09/2010,13.554,13.661,13.416,13.554,87943
06/10/2010,13.777,13.891,13.623,13.685,98751
06/11/2010,13.682,13.912,13.682,13.828,64145
06/14/2010,13.734,14.124,13.734,14.07,66987
06/15/2010,14.18,14.311,14.18,14.18,84847
06/16/2010,14.224,14.522,14.078,14.17,58260
06/17/2010,14.371,14.371,14.119,14.18,43535
06/18/2010,14.191,14.367,14.038,14.275,57829
06/21/2010,14.335,14.388,14.266,14.35,45334
06/22/2010,14.221,14.343,14.214,14.29,31253
06/23/2010,14.26,14.367,14.13,14.26,57642
06/24/2010,14.339,14.355,13.957,14.076,67087
06/25/2010,14.011,14.5,13.942,14.37,53353
06/28/2010,14.261,14.452,14.207,14.245,66813
06/29/2010,14.11,14.232,13.897,14.057,61135
06/30/2010,14.097,14.388,14.075,14.304,67273
07/01/2010,14.329,14.366,14.138,14.36,58063
07/02/2010,14.367,14.421,14.161,14.39,46760
07/06/2010,14.511,14.557,14.336,14.465,42732
07/07/2010,14.514,14.644,14.484,14.56,37215
07/08/2010,14.714,14.745,14.561,14.646,42090
07/09/2010,14.67,14.823,14.632,14.8,36456
07/12/2010,14.784,14.99,14.777,14.845,57105
07/13/2010,14.958,14.981,14.83,14.874,82974
07/14/2010,14.893,14.993,14.832,14.84,73613
07/15/2010,14.926,14.934,14.827,14.85,58697
07/16/2010,15.253,15.268,14.794,14.824,59238
07/19/2010,14.894,15.039,14.81,14.925,113042
07/20/2010,14.962,15.26,14.924,15.26,99286
07/21/2010,15.318,15.441,15.135,15.212,103700
07/22/2010,15.353,15.46,15.295,15.46,78792
07/23/2010,15.457,15.58,15.327,15.526,106009
07/26/2010,15.626,15.71,15.565,15.71,107850
07/27/2010,15.788,16.232,15.788,16.132,236935
07/28/2010,16.172,16.341,16.165,16.295,124231
07/29/2010,16.451,16.451,16.16,16.389,88827
07/30/2010,16.267,16.466,16.214,16.435,110593
08/02/2010,16.491,16.598,16.475,16.59,84230
08/03/2010,16.601,16.739,16.532,16.655,109024
08/04/2010,16.752,16.814,16.645,16.722,90610
08/05/2010,16.749,16.811,16.688,16.78,100490
08/06/2010,16.745,16.891,16.745,16.86,115629
08/09/2010,17.011,17.08,16.835,17.08,139445
08/10/2010,17.108,17.146,16.955,16.97,167353
08/11/2010,16.948,16.948,16.658,16.826,134678
08/12/2010,16.644,16.95,16.491,16.95,103998
08/13/2010,16.954,17.03,16.878,16.971,96703
08/16/2010,17.048,17.139,16.979,17.04,72855
08/17/2010,17.078,17.193,17.078,17.124,148802
08/18/2010,17.195,17.386,17.119,17.31,272735
08/19/2010,17.345,17.407,17.307,17.315,143123
08/20/2010,17.298,17.428,17.29,17.42,104261
08/23/2010,17.517,17.685,17.456,17.525,107257
08/24/2010,17.452,17.731,17.452,17.705,160282
08/25/2010,17.766,17.835,17.582,17.689,145147
08/26/2010,17.738,17.776,17.502,17.57,191545
08/27/2010,17.566,17.757,17.505,17.726,158278
08/30/2010,17.931,17.931,17.604,17.76,129154
08/31/2010,17.805,17.805,17.547,17.742,155716
09/01/2010,17.823,17.955,17.768,17.815,97193
09/02/2010,17.861,18.025,17.861,17.924,107819
09/03/2010,18.006,18.037,17.842,17.99,108532
09/07/2010,17.98,18.011,17.848,17.98,98133
09/08/2010,18.028,18.228,18.02,18.168,113935
09/09/2010,18.195,18.53,18.148,18.53,199965
09/10/2010,18.625,18.625,18.368,18.5,184848
09/13/2010,18.518,18.611,18.494,18.518,107309
09/14/2010,18.571,18.664,18.516,18.571,386596
09/15/2010,18.599,18.716,18.482,18.7,406808
09/16/2010,18.741,18.967,18.675,18.904,425405
09/17/2010,18.995,19.198,18.801,19.12,409889
09/20/2010,19.186,19.272,19.069,19.108,515186
09/21/2010,19.012,19.035,18.576,18.732,532182
09/22/2010,18.637,18.746,18.404,18.567,334360
09/23/2010,18.552,18.723,18.459,18.708,167173
09/24/2010,18.822,18.876,18.728,18.736,74022
09/27/2010,18.773,18.796,18.625,18.64,106523
09/28/2010,18.702,18.85,18.593,18.624,223470
09/29/2010,18.61,18.711,18.454,18.61,188085
09/30/2010,18.701,18.794,18.631,18.638,133986
10/01/2010,18.74,18.74,18.452,18.46,121642
10/04/2010,18.544,18.653,18.443,18.622,156225
10/05/2010,18.697,18.728,18.556,18.712,153949
10/06/2010,18.746,18.792,18.637,18.738,228951
10/07/2010,18.808,18.839,18.629,18.714,161519
10/08/2010,18.76,18.784,18.62,18.674,142952
10/11/2010,18.643,18.69,18.62,18.69,146662
10/12/2010,18.639,18.795,18.639,18.67,94412
10/13/2010,18.771,18.771,18.615,18.67,188422
10/14/2010,18.637,18.731,18.59,18.668,174046
10/15/2010,18.644,18.644,18.301,18.574,231673
10/18/2010,18.492,18.633,18.383,18.469,233484
10/19/2010,18.516,18.563,18.329,18.407,154087
10/20/2010,18.485,18.485,18.135,18.322,194675
10/21/2010,18.319,18.427,18.218,18.343,92251
10/22/2010,18.31,18.521,18.287,18.466,130578
10/25/2010,18.6,18.6,18.187,18.209,132455
10/26/2010,18.16,18.479,18.16,18.37,165208
10/27/2010,18.413,18.452,18.288,18.358,151162
10/28/2010,18.446,18.469,18.29,18.43,373662
10/29/2010,18.469,18.539,18.391,18.5,111980
11/01/2010,18.517,18.61,18.493,18.61,185894
11/02/2010,18.536,18.746,18.536,18.629,141991
11/03/2010,18.65,18.65,18.502,18.51,117660
11/04/2010,18.596,18.767,18.572,18.65,138534
11/05/2010,18.715,18.847,18.551,18.66,255293
11/08/2010,18.63,18.84,18.63,18.754,122190
11/09/2010,18.697,18.837,18.697,18.79,232985
11/10/2010,18.767,18.845,18.697,18.79,86764
11/11/2010,18.737,18.745,18.651,18.69,61115
11/12/2010,18.697,18.712,18.58,18.627,47638
11/15/2010,18.639,18.701,18.53,18.53,48764
11/16/2010,18.512,18.536,18.083,18.2,162391
11/17/2010,18.253,18.455,18.175,18.321,54137
11/18/2010,18.35,18.522,18.35,18.514,79187
11/19/2010,18.523,18.546,18.375,18.508,98636
11/22/2010,18.397,18.397,18.202,18.28,74469
11/23/2010,18.267,18.352,18.157,18.259,73026
11/24/2010,18.314,18.478,18.267,18.353,48773
11/26/2010,18.346,18.346,18.182,18.33,153247
11/29/2010,18.427,18.427,18.062,18.3,113592
11/30/2010,18.066,18.295,17.669,18.264,217250
12/01/2010,18.341,18.469,18.183,18.294,56370
12/02/2010,18.227,18.291,18.076,18.076,68712
12/03/2010,17.982,18.133,17.982,18.03,67110
12/06/2010,17.989,18.203,17.854,18.084,83817
12/07/2010,18.22,18.276,17.99,18.03,54832
12/08/2010,18.143,18.143,17.786,17.81,75451
12/09/2010,17.913,18,17.698,17.976,73548
12/10/2010,17.94,18.083,17.813,17.972,108204
12/13/2010,18.052,18.052,17.845,17.972,63279
12/14/2010,18.02,18.02,17.702,17.702,125269
12/15/2010,17.778,17.937,17.412,17.46,113415
12/16/2010,17.41,17.592,16.973,17.076,128137
12/17/2010,17.141,17.704,17.11,17.514,103184
12/20/2010,17.584,17.584,17.076,17.076,89914
12/21/2010,16.95,17.268,16.91,17.208,160307
12/22/2010,17.139,17.52,17.139,17.456,87293
12/23/2010,17.52,17.52,17.139,17.25,86498
12/27/2010,17.229,17.356,17.126,17.348,74153
12/28/2010,17.291,17.449,17.291,17.37,123152
12/29/2010,17.493,17.66,17.413,17.556,49425
12/30/2010,17.558,17.804,17.502,17.756,48882
12/31/2010,17.856,18.086,17.736,18.062,56862
01/03/2011,18.035,18.035,17.94,17.964,155718
01/04/2011,17.981,17.981,17.728,17.918,97552
01/05/2011,17.921,18.088,17.834,18.04,131136
01/06/2011,18.042,18.138,18.011,18.09,91641
01/07/2011,18.079,18.143,17.857,17.984,58003
01/10/2011,17.89,18.088,17.89,18.08,73120
01/11/2011,18.066,18.193,18.066,18.106,52632
01/12/2011,18.123,18.44,18.123,18.25,103498
01/13/2011,18.328,18.328,18.074,18.09,102861
01/14/2011,18.148,18.219,18.044,18.1,89760
01/18/2011,18.133,18.133,17.974,18.014,53634
01/19/2011,17.965,18.06,17.946,18.052,53343
01/20/2011,18.06,18.092,18.004,18.06,63109
01/21/2011,17.997,18.084,17.894,17.902,63437
01/24/2011,17.892,18.082,17.876,17.908,63333
01/25/2011,17.856,17.951,17.753,17.88,46658
01/26/2011,17.84,17.912,17.753,17.872,58285
01/27/2011,17.821,18.028,17.821,17.988,67398
01/28/2011,18.029,18.029,17.87,17.87,39220
01/31/2011,17.816,18.086,17.777,18.07,79718
02/01/2011,17.972,18.282,17.972,18.234,73482
02/02/2011,18.129,18.47,18.129,18.47,49994
02/03/2011,18.505,18.72,18.363,18.688,89694
02/04/2011,18.709,18.962,18.59,18.78,103685
02/07/2011,18.75,18.853,18.56,18.56,55360
02/08/2011,18.634,18.864,18.57,18.864,69561
02/09/2011,18.877,18.957,18.742,18.79,100623
02/10/2011,18.746,19.024,18.627,19,78956
02/11/2011,18.873,19.024,18.85,18.98,77986
02/14/2011,19.018,19.018,18.764,18.78,61701
02/15/2011,18.75,18.996,18.75,18.94,81504
02/16/2011,19,19.088,18.889,19.04,96733
02/17/2011,18.936,19.023,18.92,18.928,58674
02/18/2011,18.898,19.158,18.898,19.152,86964
02/22/2011,19.065,19.065,18.874,18.89,126132
02/23/2011,18.794,19.04,18.794,19.04,82565
02/24/2011,18.968,19.023,18.872,18.92,52999
02/25/2011,18.91,19.015,18.902,18.91,64738
02/28/2011,18.853,19.031,18.845,18.926,72869
03/01/2011,18.895,18.983,18.814,18.838,43007
03/02/2011,18.897,18.897,18.679,18.752,70220
03/03/2011,18.831,18.936,18.767,18.904,55137
03/04/2011,18.856,19.09,18.815,19.09,53351
03/07/2011,19.085,19.206,18.972,19.012,44891
03/08/2011,18.948,19.161,18.948,19.11,44538
03/09/2011,19.089,19.178,19.073,19.146,58057
03/10/2011,19.066,19.138,19.017,19.09,39716
03/11/2011,19.079,19.265,18.941,19.208,111100
03/14/2011,19.084,19.14,19.019,19.1,51670
03/15/2011,19.062,19.079,18.804,19.014,82539
03/16/2011,19.062,19.095,18.876,19.03,68389
03/17/2011,19.184,19.184,18.829,18.95,113321
03/18/2011,18.954,19.19,18.954,19.164,55220
03/21/2011,19.185,19.185,19.072,19.088,52134
03/22/2011,19.037,19.158,19.037,19.15,45755
03/23/2011,19.088,19.25,19.04,19.25,83657
03/24/2011,19.202,19.21,19.105,19.202,38126
03/25/2011,19.143,19.207,19.07,19.07,61934
03/28/2011,19.068,19.125,19.003,19.06,40749
03/29/2011,19.03,19.143,19.03,19.07,26689
03/30/2011,19.083,19.156,18.938,18.982,77025
03/31/2011,19.002,19.188,19.002,19.18,40491
04/01/2011,19.157,19.303,19.157,19.23,42119
04/04/2011,19.188,19.281,19.188,19.244,54503
04/05/2011,19.261,19.382,19.229,19.35,72206
04/06/2011,19.346,19.467,19.305,19.37,63407
04/07/2011,19.342,19.431,19.31,19.31,55343
04/08/2011,19.318,19.367,19.286,19.31,65996
04/11/2011,19.278,19.375,19.23,19.23,67043
04/12/2011,19.193,19.29,19.112,19.12,56584
04/13/2011,19.134,19.199,19.029,19.11,54867
04/14/2011,19.107,19.107,19.01,19.01,48362
04/15/2011,19.046,19.164,19.014,19.022,29032
04/18/2011,18.941,18.947,18.707,18.86,70077
04/19/2011,18.838,19,18.83,19,40145
04/20/2011,19.117,19.198,19.012,19.19,55009
04/21/2011,19.218,19.218,19.089,19.17,32950
04/25/2011,19.175,19.288,19.095,19.24,42551
04/26/2011,19.215,19.344,19.191,19.32,58066
04/27/2011,19.313,19.45,19.313,19.41,63801
04/28/2011,19.337,19.45,19.337,19.41,48564
04/29/2011,19.38,19.468,19.372,19.42,137647
05/02/2011,19.422,19.478,19.373,19.43,47452
05/03/2011,19.419,19.508,19.419,19.5,51652
05/04/2011,19.48,19.593,19.463,19.52,109927
05/05/2011,19.445,19.59,19.445,19.59,59566
05/06/2011,19.678,19.767,19.556,19.702,43902
05/09/2011,19.676,19.732,19.676,19.7,65184
05/10/2011,19.691,19.82,19.675,19.82,100411
05/11/2011,19.846,19.862,19.741,19.83,102902
05/12/2011,19.769,19.906,19.737,19.85,104572
05/13/2011,19.892,19.965,19.86,19.86,48068
05/16/2011,19.916,19.997,19.843,19.916,95140
05/17/2011,19.885,19.949,19.796,19.82,50559
05/18/2011,19.787,19.965,19.787,19.908,45185
05/19/2011,19.914,20.011,19.825,19.89,63874
05/20/2011,19.863,19.992,19.823,19.96,72028
05/23/2011,19.98,19.98,19.843,19.948,59264
05/24/2011,19.976,20.04,19.903,19.992,113560
05/25/2011,19.985,20.01,19.888,19.92,90750
05/26/2011,19.89,20.03,19.873,19.93,61701
05/27/2011,19.934,20.05,19.934,19.992,62497
05/31/2011,20.01,20.014,19.809,19.85,79386
06/01/2011,19.855,19.946,19.855,19.88,63937
06/02/2011,19.855,19.904,19.781,19.83,68668
06/03/2011,19.779,19.902,19.754,19.894,34408
06/06/2011,19.839,19.938,19.839,19.88,34754
06/07/2011,19.855,19.92,19.764,19.764,50664
06/08/2011,19.672,19.68,19.491,19.54,102601
06/09/2011,19.538,19.538,19.398,19.48,44240
06/10/2011,19.525,19.525,19.434,19.484,23756
06/13/2011,19.457,19.548,19.457,19.502,20706
06/14/2011,19.509,19.69,19.509,19.616,39744
06/15/2011,19.639,19.771,19.622,19.664,57994
06/16/2011,19.808,19.808,19.215,19.256,139063
06/17/2011,19.436,19.526,19.123,19.213,139015
06/20/2011,19.134,19.192,18.945,19.06,110506
06/21/2011,19.063,19.236,19.047,19.178,107021
06/22/2011,19.204,19.368,19.204,19.36,108313
06/23/2011,19.178,19.376,19.154,19.31,132496
06/24/2011,19.275,19.407,19.21,19.3,54305
06/27/2011,19.263,19.304,19.197,19.23,64253
06/28/2011,19.288,19.428,19.248,19.42,28498
06/29/2011,19.447,19.529,19.397,19.512,112394
06/30/2011,19.499,19.795,19.499,19.696,76445
07/01/2011,19.652,19.809,19.611,19.71,48255
07/05/2011,19.665,19.731,19.608,19.69,65428
07/06/2011,19.632,19.78,19.557,19.78,84253
07/07/2011,19.806,19.806,19.749,19.79,28169
07/08/2011,19.736,19.908,19.703,19.9,35862
07/11/2011,19.766,19.766,19.618,19.676,43902
07/12/2011,19.649,19.657,19.459,19.468,71556
07/13/2011,19.563,19.646,19.473,19.498,45950
07/14/2011,19.48,19.529,19.373,19.488,39331
07/15/2011,19.566,19.698,19.434,19.698,39513
07/18/2011,19.62,19.652,19.2,19.34,101335
07/19/2011,19.302,19.475,19.137,19.45,75814
07/20/2011,19.51,19.51,19.321,19.42,49563
07/21/2011,19.501,19.69,19.46,19.55,64862
07/22/2011,19.55,19.6,19.353,19.46,84378
07/25/2011,19.369,19.443,19.164,19.18,71259
07/26/2011,19.255,19.534,19.255,19.37,59764
07/27/2011,19.28,19.371,19.141,19.19,58389
07/28/2011,19.19,19.198,19.069,19.19,44474
07/29/2011,19.02,19.127,18.65,19.078,94077
08/01/2011,19.245,19.343,19.146,19.22,47241
08/02/2011,19.194,19.416,19.194,19.342,112643
08/03/2011,19.293,19.334,19.08,19.17,70738
08/04/2011,19.114,19.114,17.774,18.02,160607
08/05/2011,18.143,18.143,15.717,17.23,313186
08/08/2011,16.446,16.446,13.593,14.44,415425
08/09/2011,14.707,16.952,14.707,16.59,313244
08/10/2011,16.586,16.586,15.325,15.35,236618
08/11/2011,15.189,16.609,14.885,16.568,167632
08/12/2011,16.784,17.878,16.784,17.82,201605
08/15/2011,18.003,18.874,18.003,18.71,108263
08/16/2011,18.37,18.698,18.328,18.46,81800
08/17/2011,18.572,18.769,18.276,18.58,110401
08/18/2011,17.682,18.192,17.551,17.74,168227
08/19/2011,17.619,17.865,17.135,17.685,115725
08/22/2011,17.853,17.993,17.064,17.146,100428
08/23/2011,17.076,17.388,16.763,17.306,101263
08/24/2011,17.18,17.822,17.139,17.764,67283
08/25/2011,17.742,18.088,17.652,18.057,48328
08/26/2011,17.876,18.369,17.876,18.254,47336
08/29/2011,18.496,18.8,18.496,18.71,50610
08/30/2011,18.876,19.086,18.65,18.885,60148
08/31/2011,19.031,19.434,18.796,18.796,85840
09/01/2011,18.818,18.941,18.441,18.55,73243
09/02/2011,17.852,18.463,17.702,18.262,62187
09/06/2011,17.783,18.236,17.482,18.194,59277
09/07/2011,18.453,18.603,18.268,18.436,52199
09/08/2011,18.352,18.576,18.159,18.201,61523
09/09/2011,18.074,18.149,17.688,17.99,71601
09/12/2011,17.54,17.942,16.645,17.08,118756
09/13/2011,17.055,17.181,16.745,16.837,74657
09/14/2011,16.895,17.054,16.635,16.92,101426
09/15/2011,17.146,17.423,17.129,17.129,78616
09/16/2011,17.365,17.365,16.963,17.03,66256
09/19/2011,16.802,16.936,16.299,16.76,70164
09/20/2011,16.846,16.921,16.46,16.46,117533
09/21/2011,16.079,17.075,16.079,16.615,129469
09/22/2011,16.271,16.488,16.028,16.38,98181
09/23/2011,16.205,16.658,15.828,16.44,75895
09/26/2011,16.43,16.682,16.129,16.64,49206
09/27/2011,16.908,17.209,16.866,17.05,80084
09/28/2011,17.085,17.185,16.766,16.85,36836
09/29/2011,17.257,17.29,16.737,16.829,62871
09/30/2011,16.6,17.136,16.592,17.044,64801
10/03/2011,16.781,17.108,16.01,16.01,73147
10/04/2011,15.843,15.843,14.754,15.29,157561
10/05/2011,15.221,16.193,15.221,15.95,84356
10/06/2011,16.098,17.076,16.046,17.02,49445
10/07/2011,17.098,17.425,16.981,17.4,46996
10/10/2011,17.487,18.015,17.344,17.47,70642
10/11/2011,17.297,17.607,17.272,17.548,38631
10/12/2011,17.667,18.12,17.659,17.86,55923
10/13/2011,17.839,17.839,17.436,17.47,54258
10/14/2011,17.697,17.764,17.194,17.37,62739
10/17/2011,17.349,17.584,17.29,17.5,35312
10/18/2011,17.51,17.896,17.376,17.77,53300
10/19/2011,17.668,18.036,17.668,17.81,39396
10/20/2011,17.705,17.99,17.169,17.42,67357
10/21/2011,17.683,17.834,17.54,17.775,67221
10/24/2011,17.741,18.168,17.741,18.16,67213
10/25/2011,18.023,18.124,17.981,18.04,34310
10/26/2011,18.09,18.442,18.006,18.4,50152
10/27/2011,18.688,19.099,18.68,18.806,71490
10/28/2011,18.613,18.949,18.613,18.89,41525
10/31/2011,18.785,18.785,18.433,18.55,45528
11/01/2011,18.161,18.195,17.633,17.8,60169
11/02/2011,18.016,18.259,17.941,18.15,51078
11/03/2011,18.374,18.374,18.123,18.19,48075
11/04/2011,18.221,18.381,18.171,18.28,47721
11/07/2011,18.354,18.454,18.186,18.27,63138
11/08/2011,18.273,18.374,18.231,18.29,37301
11/09/2011,18.006,18.04,17.716,17.78,53994
11/10/2011,17.951,18.026,17.691,17.8,69304
11/11/2011,17.971,18.374,17.971,18.34,38667
11/14/2011,18.215,18.333,18.056,18.19,35042
11/15/2011,18.036,18.245,17.994,18.17,29959
11/16/2011,18.102,18.119,17.893,17.899,72972
11/17/2011,17.969,18.053,17.676,17.802,62685
11/18/2011,17.795,17.954,17.728,17.87,41913
11/21/2011,17.777,17.777,17.434,17.66,66868
11/22/2011,17.612,17.696,17.511,17.57,64735
11/23/2011,17.369,17.554,16.908,17.47,122600
11/25/2011,17.311,17.696,17.311,17.68,44229
11/28/2011,18.037,18.23,17.829,18.113,117297
11/29/2011,18.245,18.288,17.843,17.92,38507
11/30/2011,18.428,18.428,17.949,17.966,61334
12/01/2011,18.063,18.089,17.61,17.67,45595
12/02/2011,17.891,17.899,17.66,17.66,51121
12/05/2011,17.909,18.2,17.747,18.2,222488
12/06/2011,18.239,18.53,18.171,18.376,94744
12/07/2011,18.397,18.534,18.26,18.44,42393
12/08/2011,18.351,18.385,18.172,18.24,82499
12/09/2011,18.209,18.466,18.192,18.44,23036
12/12/2011,18.227,18.295,18.03,18.03,29180
12/13/2011,18.149,18.525,18.003,18.311,165776
12/14/2011,18.2,18.337,18.004,18.32,98226
12/15/2011,18.495,18.538,17.845,18.221,153093
12/16/2011,18.259,18.259,17.917,17.96,66855
12/19/2011,18.144,18.144,17.689,17.973,70799
12/20/2011,18.208,18.208,17.703,17.84,91144
12/21/2011,17.88,17.897,17.683,17.76,53545
12/22/2011,17.755,18.122,17.618,17.883,66971
12/23/2011,17.961,17.961,17.491,17.73,85452
12/27/2011,17.676,17.676,17.291,17.3,93405
12/28/2011,17.233,17.312,16.901,17.13,56312
12/29/2011,17.067,17.734,17.067,17.64,157008
12/30/2011,17.574,17.916,17.411,17.882,117061
01/03/2012,18.034,18.059,17.829,17.829,48053
01/04/2012,17.894,18.27,17.817,18.193,39116
01/05/2012,18.056,18.748,17.979,18.705,50807
01/06/2012,18.588,19.015,18.588,18.87,111391
01/09/2012,18.931,18.991,18.854,18.914,33901
01/10/2012,19.085,19.119,18.597,18.7,138842
01/11/2012,18.72,18.72,18.386,18.549,54601
01/12/2012,18.596,18.87,18.4,18.81,58479
01/13/2012,18.667,19.087,18.607,19.043,37818
01/17/2012,19.155,19.343,19.069,19.228,51547
01/18/2012,19.151,19.45,19.151,19.407,91546
01/19/2012,19.556,19.642,19.094,19.094,129874
01/20/2012,19.29,19.461,19.144,19.23,79865
01/23/2012,19.369,19.48,18.942,19.027,112884
01/24/2012,18.996,19.124,18.85,19.03,82340
01/25/2012,18.925,19.241,18.771,19.096,98093
01/26/2012,19.206,19.446,19.155,19.408,85670
01/27/2012,19.323,19.546,19.323,19.52,51581
01/30/2012,19.339,19.501,19.339,19.39,56729
01/31/2012,19.502,19.681,19.373,19.587,45969
02/01/2012,19.583,19.84,19.583,19.72,85701
02/02/2012,19.691,19.964,19.691,19.93,32759
02/03/2012,19.977,20.44,19.977,20.29,245906
02/06/2012,20.14,20.4,20.14,20.37,113199
02/07/2012,20.32,20.47,20.23,20.31,131452
02/08/2012,20.33,20.44,20.23,20.33,66417
02/09/2012,20.33,20.4,20.18,20.24,79670
02/10/2012,20.14,20.26,20.02,20.04,51814
02/13/2012,20.21,20.44,20.12,20.33,78863
02/14/2012,20.17,20.33,20.15,20.24,81957
02/15/2012,20.35,20.43,20.25,20.34,80330
02/16/2012,20.33,20.37,20.26,20.37,59185
02/17/2012,20.37,20.44,20.32,20.38,87448
02/21/2012,20.44,20.6,20.4,20.57,143509
02/22/2012,20.59,20.61,20.37,20.59,79662
02/23/2012,20.6,20.65,20.5,20.51,65385
02/24/2012,20.48,20.59,20.4,20.55,124773
02/27/2012,20.41,20.57,20.41,20.52,81883
02/28/2012,20.61,20.68,20.54,20.65,87763
02/29/2012,20.63,20.9,20.63,20.84,78380
03/01/2012,20.88,20.91,20.65,20.77,55078
03/02/2012,20.72,20.94,20.71,20.88,83856
03/05/2012,20.88,20.95,20.78,20.87,112926
03/06/2012,20.78,20.78,20.46,20.63,128985
03/07/2012,20.68,20.87,20.61,20.71,85606
03/08/2012,20.81,20.9,20.8,20.87,40017
03/09/2012,20.95,21,20.9,20.94,101664
03/12/2012,20.85,21.03,20.85,21,120788
03/13/2012,20.98,21.13,20.98,21.01,383258
03/14/2012,21.04,21.09,20.93,21.05,152635
03/15/2012,21.01,21.21,20.96,21.15,201222
03/16/2012,21.21,21.32,21.11,21.31,114999
03/19/2012,21.34,21.46,21.27,21.38,57617
03/20/2012,21.32,21.32,21.19,21.23,123421
03/21/2012,21.27,21.31,21.16,21.2,335166
03/22/2012,21.19,21.27,21.12,21.2,69958
03/23/2012,21.18,21.29,21.14,21.28,211422
03/26/2012,21.3,21.37,21.26,21.29,207512
03/27/2012,21.23,21.46,21.17,21.4,128880
03/28/2012,21.33,21.45,21.32,21.42,73674
03/29/2012,21.3,21.43,21.25,21.32,249107
03/30/2012,21.39,21.42,21.27,21.32,53020
04/02/2012,21.31,21.36,21.22,21.29,38237
04/03/2012,21.28,21.38,21.27,21.32,58627
04/04/2012,21.21,21.31,21.19,21.25,72083
04/05/2012,21.23,21.27,21.19,21.26,23118
04/09/2012,21.18,21.21,21.02,21.1,55500
04/10/2012,21.05,21.15,20.86,20.9,124638
04/11/2012,21.07,21.07,20.85,20.89,44434
04/12/2012,20.98,21.05,20.87,21.02,78728
04/13/2012,21.02,21.02,20.89,20.94,34246
04/16/2012,20.99,21.09,20.95,21.02,39804
04/17/2012,21.01,21.16,21.01,21.09,45272
04/18/2012,21.08,21.11,20.94,20.94,62353
04/19/2012,21,21.13,20.91,20.97,69379
04/20/2012,21.03,21.09,20.88,20.91,53245
04/23/2012,20.86,20.86,20.55,20.69,97804
04/24/2012,20.64,20.9,20.64,20.88,51584
04/25/2012,20.94,21.01,20.79,20.85,72782
04/26/2012,20.81,20.92,20.81,20.84,50843
04/27/2012,20.83,21.03,20.82,20.97,64033
04/30/2012,20.9,21.17,20.9,21.12,35785
05/01/2012,21.15,21.27,21.04,21.07,35693
05/02/2012,21.04,21.11,20.84,20.88,59303
05/03/2012,20.97,21.15,20.91,21.09,37817
05/04/2012,21.09,21.22,21.04,21.21,44198
05/07/2012,21.09,21.33,21.09,21.27,40057
05/08/2012,21.27,21.29,21.11,21.26,52806
05/09/2012,21.13,21.21,21.02,21.16,35566
05/10/2012,21.22,21.35,21.12,21.32,82136
05/11/2012,21.24,21.44,21.22,21.31,46226
05/14/2012,21.19,21.19,20.99,21.02,54977
05/15/2012,21.03,21.05,20.82,20.85,50806
05/16/2012,20.94,20.97,20.7,20.77,63105
05/17/2012,20.76,20.77,19.853,19.862,70507
05/18/2012,19.808,19.902,18.737,18.92,201784
05/21/2012,18.929,20.02,18.929,19.93,89291
05/22/2012,20.04,20.64,20.04,20.42,90984
05/23/2012,20.38,20.44,19.995,20.35,159134
05/24/2012,20.31,20.72,20.31,20.6,114768
05/25/2012,20.66,20.76,20.45,20.67,57001
05/29/2012,20.84,20.97,20.76,20.84,52308
05/30/2012,20.75,20.95,20.54,20.67,103918
05/31/2012,20.7,20.78,20.44,20.52,111999
06/01/2012,20.17,20.37,19.99,20.24,77617
06/04/2012,20.11,20.42,20.09,20.37,37399
06/05/2012,20.29,20.83,20.29,20.61,56601
06/06/2012,20.7,20.99,20.7,20.85,58879
06/07/2012,20.94,21,20.76,20.76,73620
06/08/2012,20.63,20.84,20.58,20.83,37502
06/11/2012,20.78,20.78,20.04,20.09,78071
06/12/2012,20.22,20.52,19.772,20.42,88637
06/13/2012,20.39,20.62,20.27,20.5,44852
06/14/2012,20.56,20.67,20.33,20.53,63324
06/15/2012,20.61,20.98,20.43,20.82,188265
06/18/2012,20.81,21.14,20.7,21.05,53937
06/19/2012,21.17,21.25,21.05,21.13,64870
06/20/2012,21.18,21.36,21.05,21.34,81494
06/21/2012,21.25,21.55,21.25,21.39,72760
06/22/2012,21.4,21.63,21.32,21.57,63912
06/25/2012,21.45,21.57,21.35,21.46,50365
06/26/2012,21.39,21.7,21.39,21.67,97661
06/27/2012,21.62,21.76,21.62,21.7,62732
06/28/2012,21.53,21.87,21.53,21.85,46787
06/29/2012,21.86,21.97,21.73,21.96,91655
07/02/2012,21.96,21.99,21.88,21.94,49735
07/03/2012,21.97,22.03,21.92,22.02,30042
07/05/2012,22,22.06,21.87,21.92,101420
07/06/2012,21.83,21.96,21.83,21.91,36158
07/09/2012,21.89,22.05,21.84,22.01,82071
07/10/2012,22.05,22.06,21.81,21.86,94611
07/11/2012,21.94,22.06,21.86,22.01,85105
07/12/2012,21.99,22.12,21.87,22.07,105511
07/13/2012,22.09,22.17,22.07,22.17,114002
07/16/2012,22.15,22.17,22.12,22.17,132849
07/17/2012,22.17,22.18,22.15,22.16,89849
07/18/2012,22.15,22.17,22.14,22.17,83819
07/19/2012,22.16,22.22,22.06,22.08,271159
07/20/2012,22.12,22.26,22.01,22.19,78596
07/23/2012,22.09,22.19,21.99,22.14,73258
07/24/2012,22.12,22.23,21.94,22.08,151018
07/25/2012,22.15,22.15,22.03,22.13,59119
07/26/2012,22.15,22.28,22.15,22.24,49856
07/27/2012,22.27,22.36,22.25,22.28,35454
07/30/2012,22.3,22.33,22.21,22.26,32397
07/31/2012,22.31,22.31,22.17,22.17,39651
08/01/2012,22.25,22.27,22.2,22.23,30406
08/02/2012,22.21,22.26,22.21,22.25,35707
08/03/2012,22.29,22.35,22.22,22.25,27249
08/06/2012,22.3,22.34,22.3,22.34,15320
08/07/2012,22.32,22.35,22.22,22.3,51231
08/08/2012,22.3,22.34,22.27,22.31,17549
08/09/2012,22.33,22.36,22.26,22.34,38871
08/10/2012,22.29,22.36,22.28,22.33,24557
08/13/2012,22.3,22.35,22.28,22.28,45815
08/14/2012,22.32,22.34,22.28,22.32,33399
08/15/2012,22.28,22.48,22.28,22.42,146783
08/16/2012,22.43,22.49,22.37,22.45,56507
08/17/2012,22.4,22.49,22.38,22.4,35958
08/20/2012,22.45,22.49,22.39,22.4,30149
08/21/2012,22.4,22.5,22.35,22.41,44408
08/22/2012,22.44,22.44,22.32,22.32,39039
08/23/2012,22.36,22.42,22.36,22.41,39254
08/24/2012,22.35,22.4,22.29,22.3,22575
08/27/2012,22.35,22.42,22.34,22.37,29930
08/28/2012,22.39,22.5,22.37,22.48,34664
08/29/2012,22.55,22.58,22.49,22.5,38995
08/30/2012,22.53,22.53,22.48,22.5,47484
08/31/2012,22.52,22.52,22.38,22.44,62443
09/04/2012,22.47,22.52,22.44,22.52,41561
09/05/2012,22.52,22.52,22.45,22.5,39298
09/06/2012,22.51,22.55,22.5,22.55,46772
09/07/2012,22.54,22.58,22.52,22.55,34006
09/10/2012,22.54,22.55,22.51,22.52,45295
09/11/2012,22.56,22.64,22.54,22.57,47371
09/12/2012,22.56,22.61,22.52,22.55,57801
09/13/2012,22.55,22.64,22.55,22.58,39468
09/14/2012,22.62,22.63,22.55,22.55,57590
09/17/2012,22.58,22.58,22.52,22.53,42225
09/18/2012,22.59,22.6,22.53,22.55,46836
09/19/2012,22.57,22.57,22.51,22.51,35543
09/20/2012,22.51,22.54,22.49,22.5,43738
09/21/2012,22.55,22.55,22.48,22.48,61294
09/24/2012,22.49,22.52,22.39,22.39,69335
09/25/2012,22.43,22.52,22.4,22.49,64275
09/26/2012,22.44,22.51,22.42,22.48,44924
09/27/2012,22.49,22.63,22.49,22.62,101573
09/28/2012,22.59,22.7,22.54,22.59,30558
10/01/2012,22.6,22.73,22.55,22.55,37359
10/02/2012,22.62,22.68,22.62,22.66,20217
10/03/2012,22.6,22.69,22.6,22.68,24953
10/04/2012,22.65,22.69,22.59,22.67,32138
10/05/2012,22.69,22.73,22.67,22.73,17903
10/08/2012,22.69,22.75,22.65,22.65,21245
10/09/2012,22.68,22.71,22.62,22.66,27136
10/10/2012,22.61,22.71,22.59,22.7,39043
10/11/2012,22.67,22.75,22.67,22.72,44643
10/12/2012,22.73,22.75,22.64,22.75,24983
10/15/2012,22.74,22.74,22.64,22.68,25375
10/16/2012,22.72,22.81,22.7,22.76,31097
10/17/2012,22.75,22.8,22.7,22.77,35801
10/18/2012,22.79,22.8,22.7,22.7,43001
10/19/2012,22.75,22.77,22.38,22.38,121232
10/22/2012,22.57,22.67,22.54,22.63,65659
10/23/2012,22.6,22.63,22.54,22.62,25774
10/24/2012,22.59,22.65,22.56,22.62,23021
10/25/2012,22.6,22.65,22.6,22.62,18236
10/26/2012,22.65,22.65,22.55,22.6,34392
10/31/2012,22.58,22.71,22.58,22.71,34791
11/01/2012,22.71,22.78,22.71,22.77,19204
11/02/2012,22.8,22.8,22.69,22.7,19454
11/05/2012,22.7,22.79,22.7,22.76,25148
11/06/2012,22.72,22.77,22.7,22.71,42797
11/07/2012,22.71,22.72,22.65,22.71,17364
11/08/2012,22.73,22.76,22.67,22.67,38181
11/09/2012,22.68,22.71,22.6,22.63,15851
11/12/2012,22.64,22.76,22.64,22.76,23481
11/13/2012,22.71,22.73,22.63,22.67,39923
11/14/2012,22.69,22.71,22.52,22.52,45345
11/15/2012,22.58,22.58,22.31,22.48,71768
11/16/2012,22.39,22.7,22.39,22.68,81076
11/19/2012,22.68,22.76,22.54,22.76,72080
11/20/2012,22.69,22.85,22.69,22.85,42598
11/21/2012,22.87,22.88,22.74,22.79,27078
11/23/2012,22.82,22.88,22.73,22.82,12537
11/26/2012,22.82,22.9,22.77,22.84,31048
11/27/2012,22.87,22.87,22.79,22.82,44849
11/28/2012,23.16,23.16,22.88,22.92,40817
11/29/2012,22.93,22.98,22.93,22.98,31648
11/30/2012,22.92,23,22.92,22.96,27997
12/03/2012,22.94,22.99,22.93,22.95,23154
12/04/2012,22.95,23.01,22.94,22.95,33025
12/05/2012,22.95,22.95,22.88,22.94,46589
12/06/2012,22.93,22.98,22.88,22.92,45973
12/07/2012,22.92,22.96,22.92,22.94,16729
12/10/2012,22.94,22.95,22.89,22.95,68602
12/11/2012,22.93,22.97,22.85,22.95,39419
12/12/2012,22.89,22.97,22.88,22.96,60501
12/13/2012,22.97,22.99,22.93,22.97,29338
12/14/2012,22.94,23.19,22.93,23.11,126002
12/17/2012,23.12,23.12,23.06,23.09,45886
12/18/2012,23.12,23.12,23.01,23.07,52667
12/19/2012,23.02,23.04,22.98,23.02,53383
12/20/2012,23.01,23.06,23,23.03,24540
12/21/2012,23,23.01,22.94,22.96,63306
12/24/2012,22.99,23.02,22.95,23.02,10519
12/26/2012,23.04,23.04,22.94,22.97,22464
12/27/2012,22.97,22.97,22.85,22.85,51525
12/28/2012,22.85,22.9,22.85,22.86,58763
12/31/2012,22.86,22.94,22.86,22.94,36247
01/02/2013,23,23.04,22.93,22.98,46190
01/03/2013,23.02,23.13,23.01,23.08,43530
01/04/2013,23.1,23.17,23.05,23.16,30076
01/07/2013,23.16,23.17,23.11,23.13,20153
01/08/2013,23.16,23.16,23.09,23.11,29237
01/09/2013,23.12,23.18,23.12,23.15,17721
01/10/2013,23.19,23.19,23.14,23.17,25262
01/11/2013,23.18,23.19,23.16,23.17,14775
01/14/2013,23.16,23.2,23.15,23.19,23554
01/15/2013,23.2,23.23,23.17,23.17,29109
01/16/2013,23.17,23.21,23.14,23.17,38158
01/17/2013,23.23,23.26,23.22,23.24,46257
01/18/2013,23.27,23.27,23.22,23.26,66117
01/22/2013,23.31,23.31,23.21,23.26,60040
01/23/2013,23.16,23.64,23.02,23.19,97299
01/24/2013,23.16,23.21,23.15,23.2,53865
01/25/2013,23.18,23.25,23.18,23.24,26415
01/28/2013,23.2,23.25,23.18,23.18,27546
01/29/2013,23.19,23.23,23.18,23.19,19742
01/30/2013,23.23,23.24,23.19,23.19,21391
01/31/2013,23.17,23.19,23.16,23.16,38565
02/01/2013,23.16,23.23,23.16,23.22,35922
02/04/2013,23.21,23.22,23.18,23.21,22695
02/05/2013,23.21,23.23,23.2,23.23,29786
02/06/2013,23.22,23.31,23.19,23.19,27577
02/07/2013,23.01,23.27,23.01,23.24,28008
02/08/2013,23.25,23.28,23.22,23.27,34370
02/11/2013,23.27,23.3,23.26,23.29,13437
02/12/2013,23.26,23.31,23.23,23.31,61541
02/13/2013,23.24,23.31,23.23,23.26,29575
02/14/2013,23.08,23.32,23.08,23.31,40453
02/15/2013,23.33,23.33,23.24,23.3,17820
02/19/2013,23.3,23.34,23.29,23.33,31145
02/20/2013,23.35,23.35,23.28,23.31,33250
02/21/2013,23.34,23.34,23.27,23.3,33046
02/22/2013,23.29,23.36,23.29,23.36,39089
02/25/2013,23.5,23.5,23.29,23.4,47118
02/26/2013,23.49,23.49,23.37,23.41,32959
02/27/2013,23.51,23.57,23.48,23.54,52083
02/28/2013,23.5,23.55,23.5,23.52,33677
03/01/2013,23.52,23.54,23.47,23.49,46588
03/04/2013,23.49,23.59,23.47,23.53,43880
03/05/2013,23.56,23.6,23.54,23.57,18248
03/06/2013,23.56,23.57,23.48,23.49,27620
03/07/2013,23.58,23.58,23.5,23.54,45640
03/08/2013,23.52,23.61,23.52,23.57,19533
03/11/2013,23.56,23.56,23.5,23.54,21716
03/12/2013,23.5,23.58,23.5,23.55,26399
03/13/2013,23.59,23.6,23.52,23.57,58366
03/14/2013,23.54,23.77,23.52,23.55,23097
03/15/2013,23.58,23.58,23.54,23.58,21801
03/18/2013,23.69,23.69,23.53,23.68,34347
03/19/2013,23.8,23.81,23.67,23.72,58208
03/20/2013,23.66,23.77,23.66,23.74,22867
03/21/2013,23.85,23.85,23.65,23.72,24109
03/22/2013,23.8,23.8,23.68,23.75,27821
03/25/2013,23.72,23.75,23.68,23.69,54413
03/26/2013,23.62,23.73,23.62,23.69,24674
03/27/2013,23.58,23.71,23.46,23.66,128681
03/28/2013,23.65,23.68,23.51,23.58,86570
04/01/2013,23.6,23.64,23.5,23.5,40231
04/02/2013,23.58,23.58,23.49,23.52,135517
04/03/2013,23.52,23.55,23.46,23.46,52587
04/04/2013,23.5,23.51,23.45,23.47,35051
04/05/2013,23.47,23.55,23.46,23.54,49040
04/08/2013,23.59,23.59,23.51,23.54,19219
04/09/2013,23.53,23.55,23.49,23.55,21990
04/10/2013,23.56,23.59,23.49,23.53,27021
04/11/2013,23.54,23.59,23.51,23.59,40535
04/12/2013,23.52,23.6,23.52,23.59,56705
04/15/2013,23.56,23.61,23.56,23.61,31381
04/16/2013,23.59,23.66,23.59,23.61,27919
04/17/2013,23.58,23.66,23.58,23.63,29136
04/18/2013,23.7,23.72,23.64,23.72,69965
04/19/2013,23.82,23.86,23.58,23.58,115649
04/22/2013,23.58,23.71,23.58,23.63,38469
04/23/2013,23.7,23.75,23.61,23.62,102195
04/24/2013,23.63,23.75,23.62,23.68,80849
04/25/2013,23.58,23.77,23.58,23.74,13775
04/26/2013,23.67,23.78,23.67,23.74,19781
04/29/2013,23.77,23.89,23.76,23.8,23913
04/30/2013,23.8,23.89,23.78,23.79,20391
05/01/2013,23.78,23.9,23.74,23.77,29948
05/02/2013,23.79,23.99,23.79,23.83,36686
05/03/2013,23.87,23.95,23.87,23.89,56553
05/06/2013,23.85,23.93,23.85,23.87,37644
05/07/2013,23.88,24.03,23.87,24.02,67620
05/08/2013,23.98,24.02,23.89,23.96,93369
05/09/2013,23.98,23.98,23.84,23.87,35531
05/10/2013,23.98,23.98,23.85,23.88,26787
05/13/2013,23.9,23.99,23.89,23.92,49697
05/14/2013,23.9,24.01,23.78,23.83,45361
05/15/2013,23.8,23.91,23.75,23.78,33043
05/16/2013,23.84,23.85,23.79,23.83,52936
05/17/2013,23.79,23.83,23.76,23.8,57206
05/20/2013,23.8,23.86,23.79,23.84,37545
05/21/2013,23.84,23.93,23.84,23.93,36214
05/22/2013,24,24,23.85,23.86,28935
05/23/2013,23.85,23.9,23.78,23.88,53720
05/24/2013,23.84,23.97,23.84,23.97,41346
05/28/2013,23.99,24,23.88,23.92,43049
05/29/2013,23.99,24.04,23.92,23.95,60566
05/30/2013,23.96,24.04,23.92,24.01,52139
05/31/2013,24,24.01,23.81,23.83,35499
06/03/2013,23.92,23.97,23.76,23.78,70120
06/04/2013,23.78,23.87,23.74,23.78,68306
06/05/2013,23.82,23.82,23.71,23.73,45788
06/06/2013,23.77,23.82,23.72,23.81,46838
06/07/2013,23.78,23.88,23.77,23.86,77684
06/10/2013,23.7,23.86,23.7,23.78,11866
06/11/2013,23.74,23.78,23.41,23.46,86599
06/12/2013,23.47,23.57,22.77,23.37,156009
06/13/2013,23.34,23.62,22.87,23.43,140212
06/14/2013,23.49,23.79,23.49,23.67,67261
06/17/2013,23.76,23.92,23.76,23.84,98105
06/18/2013,23.8,23.91,23.79,23.88,76792
06/19/2013,23.88,23.89,23.72,23.83,86419
06/20/2013,23.6,23.67,23.42,23.61,71521
06/21/2013,23.7,23.99,23.62,23.95,304494
06/24/2013,23.8,23.84,23.41,23.62,135093
06/25/2013,23.65,23.65,23.22,23.5,93041
06/26/2013,23.46,23.82,23.46,23.65,42856
06/27/2013,23.61,23.87,23.4,23.82,46042
06/28/2013,23.76,23.79,23.66,23.66,27783
07/01/2013,23.65,23.74,23.61,23.62,56979
07/02/2013,23.67,23.75,23.49,23.6,41822
07/03/2013,23.51,23.54,23.38,23.43,27257
07/05/2013,23.47,23.49,23.28,23.44,45495
07/08/2013,23.46,23.61,23.26,23.54,65362
07/09/2013,23.49,23.54,23.41,23.52,40160
07/10/2013,23.54,23.64,23.38,23.51,58873
07/11/2013,23.53,23.72,23.53,23.66,42423
07/12/2013,23.71,23.73,23.59,23.61,45709
07/15/2013,23.62,23.77,23.57,23.7,38449
07/16/2013,23.65,23.71,23.61,23.69,33663
07/17/2013,23.68,23.78,23.61,23.61,90816
07/18/2013,23.62,23.75,23.56,23.7,59210
07/19/2013,23.57,23.68,23.57,23.63,70025
07/22/2013,23.61,23.66,23.48,23.57,117860
07/23/2013,23.72,23.75,23.59,23.67,53784
07/24/2013,23.73,23.73,23.63,23.69,57774
07/25/2013,23.63,23.65,23.55,23.6,36785
07/26/2013,23.61,23.69,23.59,23.63,28778
07/29/2013,23.61,23.62,23.52,23.54,33343
07/30/2013,23.52,23.57,23.44,23.54,28695
07/31/2013,23.5,23.65,23.45,23.64,45064
08/01/2013,23.68,23.68,23.49,23.56,60338
08/02/2013,23.37,23.54,23.37,23.49,59739
08/05/2013,23.6,23.63,23.37,23.42,93782
08/06/2013,23.45,23.55,23.42,23.51,67642
08/07/2013,23.56,23.56,23.43,23.47,31383
08/08/2013,23.46,23.57,23.41,23.43,34701
08/09/2013,23.35,23.54,23.35,23.47,71026
08/12/2013,23.47,23.56,23.43,23.44,48971
08/13/2013,23.46,23.46,23.38,23.39,58872
08/14/2013,23.4,23.45,23.35,23.39,42748
08/15/2013,23.47,23.47,23.12,23.16,72008
08/16/2013,23.16,23.23,22.86,22.9,103181
08/19/2013,22.91,22.98,22.57,22.65,81771
08/20/2013,22.57,22.87,22.52,22.8,72436
08/21/2013,22.9,22.97,22.69,22.69,59433
08/22/2013,22.78,22.99,22.77,22.94,65970
08/23/2013,22.87,23.18,22.84,23.05,56449
08/26/2013,23.13,23.38,23.1,23.14,51633
08/27/2013,22.97,23.26,22.88,23.2,80566
08/28/2013,23.19,23.4,23.15,23.33,55972
08/29/2013,23.26,23.44,23.26,23.4,41464
08/30/2013,23.39,23.59,23.38,23.58,50910
09/03/2013,23.53,23.64,23.33,23.36,30223
09/04/2013,23.29,23.47,23.29,23.35,31686
09/05/2013,23.31,23.42,23.21,23.37,87674
09/06/2013,23.33,23.42,23.18,23.19,106485
09/09/2013,23.19,23.37,23.19,23.21,40307
09/10/2013,23.21,23.28,23.09,23.16,61756
09/11/2013,23.26,23.26,23.05,23.14,66131
09/12/2013,23.08,23.18,23,23.05,41425
09/13/2013,23.02,23.05,22.93,23.01,61480
09/16/2013,23.18,23.2,22.99,23.07,72253
09/17/2013,23.09,23.1,23.02,23.08,49249
09/18/2013,23.1,23.25,22.98,23.24,67220
09/19/2013,23.19,23.34,23.17,23.31,114730
09/20/2013,23.33,23.43,23.18,23.42,69145
09/23/2013,23.4,23.43,23.33,23.34,21792
09/24/2013,23.38,23.48,23.32,23.45,38139
09/25/2013,23.47,23.52,23.38,23.52,41698
09/26/2013,23.45,23.56,23.43,23.56,31201
09/27/2013,23.5,23.59,23.38,23.46,32747
09/30/2013,23.46,23.5,23.33,23.43,34949
10/01/2013,23.48,23.56,23.36,23.44,45646
10/02/2013,23.39,23.53,23.37,23.5,22195
10/03/2013,23.47,23.55,23.35,23.44,38073
10/04/2013,23.36,23.56,23.36,23.55,45265
10/07/2013,23.53,23.53,23.4,23.41,37153
10/08/2013,23.39,23.43,23.15,23.37,29407
10/09/2013,23.31,23.5,23.2,23.34,25900
10/10/2013,23.33,23.5,23.33,23.47,24720
10/11/2013,23.38,23.5,23.38,23.49,42607
10/14/2013,23.49,23.61,23.48,23.55,32908
10/15/2013,23.56,23.6,23.48,23.55,58567
10/16/2013,23.61,23.61,23.45,23.54,23809
10/17/2013,23.51,23.75,23.49,23.75,36903
10/18/2013,23.82,24.13,23.79,24.09,121132
10/21/2013,24.06,24.06,23.97,24,46116
10/22/2013,23.99,24.1,23.97,23.99,62735
10/23/2013,24.01,24.04,23.96,24.01,57988
10/24/2013,24.01,24.06,23.86,23.89,57308
10/25/2013,23.88,23.94,23.86,23.87,35510
10/28/2013,23.9,23.94,23.82,23.87,46847
10/29/2013,23.89,24,23.89,23.97,33784
10/30/2013,23.96,23.99,23.87,23.98,18888
10/31/2013,23.93,24,23.93,23.95,26112
11/01/2013,23.91,23.96,23.86,23.94,22641
11/04/2013,23.94,23.94,23.88,23.92,15799
11/05/2013,23.89,24.03,23.89,24.03,30445
11/06/2013,23.99,24.02,23.94,23.98,29784
11/07/2013,23.93,24.05,23.93,24.02,16399
11/08/2013,23.92,24.02,23.86,23.88,45945
11/11/2013,23.87,23.95,23.86,23.87,46640
11/12/2013,23.88,23.99,23.87,23.93,52277
11/13/2013,23.88,23.94,23.86,23.88,60833
11/14/2013,23.9,23.92,23.86,23.91,28203
11/15/2013,23.87,23.98,23.87,23.92,57301
11/18/2013,23.88,23.99,23.88,23.98,53670
11/19/2013,23.98,23.98,23.89,23.95,65747
11/20/2013,23.96,24.1,23.94,24.04,43691
11/21/2013,24.04,24.06,24,24.04,21467
11/22/2013,24.02,24.2,23.95,24.15,53029
11/25/2013,24.1,24.25,24.06,24.15,51292
11/26/2013,24.24,24.34,24.16,24.21,163224
11/27/2013,24.28,24.36,24.18,24.28,95258
11/29/2013,24.28,24.34,24.28,24.33,11332
12/02/2013,24.31,24.34,24.16,24.22,67847
12/03/2013,24.22,24.24,24.13,24.21,44729
12/04/2013,24.21,24.24,24.15,24.19,31986
12/05/2013,24.16,24.19,24.08,24.1,41857
12/06/2013,24.18,24.3,24.15,24.18,60819
12/09/2013,24.23,24.26,24.15,24.18,40623
12/10/2013,24.15,24.33,24.13,24.2,62744
12/11/2013,24.22,24.24,24.14,24.16,45023
12/12/2013,24.18,24.2,23.98,24.14,105037
12/13/2013,24.12,24.28,24.1,24.28,64282
12/16/2013,24.28,24.31,24.19,24.24,43037
12/17/2013,24.28,24.36,24.25,24.34,61082
12/18/2013,24.35,24.43,24.28,24.34,57205
12/19/2013,24.33,24.36,24.23,24.23,39665
12/20/2013,24.25,24.43,24.25,24.34,40422
12/23/2013,24.34,24.39,24.29,24.33,50539
12/24/2013,24.31,24.33,24.24,24.28,33781
12/26/2013,24.28,24.35,24.23,24.23,21528
12/27/2013,24.23,24.28,24.2,24.24,32966
12/30/2013,24.25,24.26,24.2,24.23,29920
12/31/2013,24.24,24.34,24.24,24.33,49505
01/02/2014,24.26,24.39,24.26,24.35,22218
01/03/2014,24.39,24.53,24.37,24.53,45923
01/06/2014,24.52,24.62,24.51,24.62,85482
01/07/2014,24.64,24.68,24.53,24.58,48257
01/08/2014,24.54,24.6,24.53,24.56,37471
01/09/2014,24.58,24.6,24.54,24.6,55049
01/10/2014,24.59,24.62,24.57,24.58,25939
01/13/2014,24.6,24.66,24.6,24.62,128031
01/14/2014,24.59,24.67,24.59,24.63,64956
01/15/2014,24.62,24.73,24.62,24.71,56731
01/16/2014,24.69,24.79,24.69,24.74,36882
01/17/2014,24.8,24.83,24.72,24.74,182985
01/21/2014,24.75,24.78,24.67,24.69,65608
01/22/2014,24.77,24.91,24.77,24.9,148384
01/23/2014,24.85,24.95,24.85,24.93,274506
01/24/2014,24.92,24.97,24.91,24.95,281597
01/27/2014,24.95,24.96,24.94,24.94,58430
01/28/2014,24.94,24.96,24.94,24.96,205806
01/29/2014,24.95,24.96,24.95,24.95,22863
01/30/2014,24.95,25.05,24.94,24.95,74563
01/31/2014,24.95,24.96,24.95,24.96,342474
02/03/2014,24.96,24.96,24.95,24.95,84259
02/04/2014,24.95,24.96,24.95,24.96,71240
02/05/2014,24.95,24.96,24.95,24.95,34155
02/06/2014,24.95,24.95,24.95,24.95,44177
02/07/2014,24.95,24.96,24.95,24.95,15290
02/10/2014,24.95,24.96,24.95,24.96,20013
02/11/2014,24.95,24.96,24.95,24.96,69207
02/12/2014,24.95,24.96,24.95,24.96,95692
02/13/2014,24.95,24.97,24.95,24.96,107690
02/14/2014,24.96,24.97,24.95,24.96,59554
02/18/2014,24.97,24.97,24.96,24.96,41365
02/19/2014,24.96,24.97,24.96,24.96,38208
02/20/2014,24.96,24.97,24.96,24.97,24508
02/21/2014,24.97,24.97,24.96,24.96,15462
02/24/2014,24.96,24.97,24.96,24.96,199277
02/25/2014,24.96,24.98,24.96,24.97,222822
02/26/2014,25.04,25.04,24.98,24.98,92461
02/27/2014,25,25,24.98,24.98,167272
02/28/2014,24.98,25,24.98,24.99,79414
03/03/2014,24.98,25,24.98,24.99,56577
03/04/2014,24.99,25,24.98,24.98,21001
03/05/2014,24.99,25.01,24.99,24.99,26146
03/06/2014,24.99,25,24.99,24.99,11564
03/07/2014,25,25,24.99,25,20378
03/10/2014,24.99,25,24.99,25,3627
03/11/2014,24.99,25,24.99,24.9905,3137
03/12/2014,24.99,25,24.99,24.99,8889
03/13/2014,24.99,25,24.99,25,3690
03/14/2014,24.99,25,24.99,25,4807
