03/12/2014,12.85,14.49,12.81,14.31,3280105
03/13/2014,14.1836,16.52,14.1836,16.34,545979
03/14/2014,16.85,16.9999,15.7502,16,196778
03/17/2014,15.99,16.5,15.81,15.965,146333
03/18/2014,16.53,17.3,15.92,17.02,278994
03/19/2014,17.16,19.03,17.1,18.06,254874
03/20/2014,18.8,18.8,18.16,18.67,102769
03/21/2014,18.9,19.1049,18.505,18.8,99138
03/24/2014,18.38,19.69,18.25,18.85,233184
03/25/2014,18.73,19.55,18.28,18.76,143378
03/26/2014,18.9,19.03,17.5399,18.65,337220
03/27/2014,18.75,18.75,17,17.85,125842
03/28/2014,17.95,18.0299,15.5,16.75,70190
03/31/2014,16.75,16.9797,15,15.53,114393
04/01/2014,15.55,15.87,14.28,15.47,266025
04/02/2014,15.37,16.45,15.2901,16,155481
04/03/2014,15.87,15.95,14.65,15,49909
04/04/2014,15.15,15.19,13.8,14.2,67002
04/07/2014,14.21,14.35,12.25,12.87,228609
04/08/2014,13.29,13.75,12.4,12.52,105297
04/09/2014,12.46,13.18,12.177,12.77,96637
04/10/2014,12.6349,12.91,12.56,12.62,64508
04/11/2014,12.45,13.8,12.1401,13.49,114176
04/14/2014,13.5,13.5,12.61,13.31,49575
04/15/2014,13.42,13.5,12.57,13.04,44598
04/16/2014,13.25,13.49,12.71,13.05,60514
04/17/2014,12.95,13.95,12.7,13.74,23955
04/21/2014,13.06,14.9,13.06,14.27,29969
04/22/2014,17.44,17.44,13,13.7,235427
04/23/2014,13.9,14.7299,12.72,13.06,110264
04/24/2014,13.805,13.99,13.36,13.97,65482
04/25/2014,13.75,13.75,12.91,13.43,73753
04/28/2014,13.51,14.44,13.5,14.29,96493
04/29/2014,14.39,14.81,14.06,14.15,97038
04/30/2014,14.17,14.903,13.97,14.05,98746
05/01/2014,14.17,14.81,14.17,14.2,45921
05/02/2014,14.31,14.49,13.37,13.7,62341
05/05/2014,13.78,14.4,13.58,14.36,107804
05/06/2014,14.31,14.31,12.29,12.92,117565
05/07/2014,13.1135,13.43,12.41,12.48,31863
05/08/2014,12.82,13.66,12.58,12.62,66093
05/09/2014,12.55,13.02,11.674,12.51,118134
05/12/2014,13.2,13.79,12.663,13.49,72227
05/13/2014,13.39,13.72,13.02,13.48,79283
05/14/2014,13.33,13.86,12.94,13.1,89975
05/15/2014,13.16,13.48,12.51,12.95,68130
05/16/2014,13.2,14.09,13,13.3,110496
05/19/2014,13.5,14,13.02,13.02,41510
05/20/2014,13.05,13.23,11.71,12.54,66936
05/21/2014,12.26,12.62,11.78,12.46,38885
05/22/2014,12.54,12.9195,12.165,12.72,39552
05/23/2014,12.78,13.5,12.48,13.48,44963
05/27/2014,13.57,13.57,12.8675,13.22,52006
05/28/2014,13.08,14.4225,13.02,14.07,108702
05/29/2014,14.12,14.4113,13.88,14.16,56513
05/30/2014,14.23,14.33,13.8,13.95,63748
06/02/2014,13.89,13.89,13.16,13.7,49563
06/03/2014,13.47,14.114,13.47,14.05,78151
06/04/2014,14.18,14.58,13.8,13.9,122864
06/05/2014,13.85,14.32,13.85,14.27,66447
06/06/2014,14.24,14.43,12.98,13.94,86406
06/09/2014,14.11,15.42,14.02,15.11,32282
06/10/2014,14.5,15.28,14.28,15,61891
06/11/2014,14.5,16.4,14.5,16.26,120656
06/12/2014,16.1,16.75,15.475,16.18,113104
06/13/2014,15.4,16.414,14.7,16.21,60875
06/16/2014,15.84,16.25,14.62,15.48,73833
06/17/2014,15.54,16.39,14.32,15.05,79333
06/18/2014,15.23,16.08,14.61,15.15,59508
06/19/2014,15.03,16.09,14.89,15.51,43357
06/20/2014,15.01,17.31,14.782,15.61,288617
06/23/2014,15.6,16.04,15.29,15.86,102420
06/24/2014,14.88,16.52,14.88,15.35,46981
06/25/2014,15.31,15.83,14.89,15.53,25956
06/26/2014,15.49,15.49,14.32,14.85,91240
06/27/2014,14.72,15.23,13.97,14.18,920881
06/30/2014,14.25,14.8599,13.67,13.95,125155
07/01/2014,14,14.29,13.61,14.02,41742
07/02/2014,13.96,14.42,13.82,13.94,108174
07/03/2014,14.01,14.1,13.75,13.77,15961
07/07/2014,13.81,14.1815,13.22,13.34,71773
07/08/2014,13.46,13.46,12.48,12.716,75291
07/09/2014,12.67,12.9,12.36,12.65,66694
07/10/2014,12.55,12.59,12.23,12.25,151631
07/11/2014,12.31,12.61,12.14,12.31,94564
07/14/2014,12.48,12.91,12.48,12.68,120056
07/15/2014,12.65,12.65,11.86,12.19,97281
07/16/2014,12.022,12.404,11.7,11.72,103319
07/17/2014,11.64,11.74,10.89,11.04,102280
07/18/2014,10.99,11.67,10.88,11.52,62589
07/21/2014,11.48,11.65,10.78,11.02,77219
07/22/2014,11.04,11.34,11.01,11.17,73477
07/23/2014,11.23,11.64,10.87,11.44,100085
07/24/2014,11.23,11.67,11.2205,11.55,103006
07/25/2014,11.47,12.16,11,11.08,70937
07/28/2014,11.618,11.618,10.647,11.06,89592
07/29/2014,11.08,11.15,10.65,10.89,38433
07/30/2014,10.91,11.37,10.91,11.22,71344
07/31/2014,11.11,11.388,10.55,10.83,78020
08/01/2014,10.84,11.06,9.87,10.32,119178
08/04/2014,10.42,10.788,9.8,10.01,89277
08/05/2014,9.95,9.95,9.2,9.4,99571
08/06/2014,9.3,9.47,9.13,9.21,70633
08/07/2014,9.28,9.5,9.01,9.33,79852
08/08/2014,9.46,10.47,9.27,10.3,84007
08/11/2014,10.38,10.73,10.08,10.15,65064
08/12/2014,10.13,10.71,9.8,9.87,70183
08/13/2014,9.95,10.57,9.54,10.23,183746
08/14/2014,9.65,10.87,9.46,10.48,64841
08/15/2014,10.6,12.12,10.31,10.44,51141
08/18/2014,10.67,11.014,10.33,10.4,18375
08/19/2014,10.39,10.39,9.238,9.26,78841
08/20/2014,9.19,9.46,9.16,9.24,30964
08/21/2014,9.25,9.5495,8.877,9.19,54100
08/22/2014,9.22,9.89,8.96,9.04,29632
08/25/2014,9.14,9.55,8.72,8.75,44606
08/26/2014,8.75,9.031,8.64,8.94,37437
08/27/2014,9,9.06,8.85,8.901,22203
08/28/2014,8.927,9.6281,8.85,9.5,50135
08/29/2014,9.5,9.7145,9.333,9.53,37592
09/02/2014,9.48,9.48,8.97,9.02,50525
09/03/2014,9.04,9.28,8.92,9.075,21944
09/04/2014,9.11,9.25,8.886,9,49638
09/05/2014,9.04,9.17,8.71,8.75,102117
09/08/2014,8.64,9.56,8.622,9.47,40372
09/09/2014,9.48,10.96,9.48,10.855,81635
09/10/2014,10.81,10.84,10.39,10.43,31881
09/11/2014,10.4,10.43,9.49,9.61,55156
09/12/2014,9.67,9.67,9.29,9.29,56870
09/15/2014,9.3,9.3,9,9.02,52971
09/16/2014,8.85,9.06,8.7699,8.81,78321
09/17/2014,8.71,9.14,8.7,8.82,73157
09/18/2014,8.93,9.239,8.93,9.06,56232
09/19/2014,9.21,9.89,8.83,8.86,79275
09/22/2014,8.9,9.621,8.6,8.667,38079
09/23/2014,8.6,8.7877,8.16,8.2,71114
09/24/2014,8.25,8.48,8.16,8.355,37503
09/25/2014,8.3,8.38,8.02,8.06,41190
09/26/2014,8.09,8.23,7.92,7.98,40755
09/29/2014,7.86,8.05,7.72,8.04,77024
09/30/2014,8.02,8.75,7.99,8.75,163498
10/01/2014,8.98,8.98,8.15,8.24,47529
10/02/2014,8.21,8.67,8.08,8.29,27981
10/03/2014,8.41,8.54,8.26,8.31,11052
10/06/2014,8.5,8.98,8.38,8.67,61466
10/07/2014,8.61,8.6923,8.21,8.23,28363
10/08/2014,8.26,8.89,7.8,8.34,56654
10/09/2014,8.3,8.38,8.039,8.07,23397
10/10/2014,8.05,8.39,7.86,8.26,29418
10/13/2014,8.78,9.5595,8.27,9.24,121523
10/14/2014,9.42,9.5631,9.13,9.21,50203
10/15/2014,8.94,9.52,8.65,9.44,38918
10/16/2014,9.25,9.5,9,9.1,29575
10/17/2014,9.27,9.31,8.88,8.88,18897
10/20/2014,8.9,9.23,8.9,9.05,14000
10/21/2014,9.1,9.353,8.84,9.16,14883
10/22/2014,9.2,9.41,9.2,9.2,19761
10/23/2014,9.315,9.39,9.23,9.34,13778
10/24/2014,9.47,9.64,9.13,9.25,29838
10/27/2014,9.15,9.43,9.1246,9.34,11179
10/28/2014,9.4,9.52,9.16,9.25,56415
10/29/2014,9.24,9.64,8.96,9.5,75414
10/30/2014,9.5,10.33,9.4,10.2,63232
10/31/2014,10.36,10.82,9.71,10.68,77821
11/03/2014,10.58,10.68,9.87,10.48,34104
11/04/2014,10.75,10.75,9.68,9.8,34682
11/05/2014,9.93,10.22,9.59,9.67,27813
11/06/2014,9.6,9.96,9.6,9.73,40429
11/07/2014,9.78,9.91,9.5,9.72,14580
11/10/2014,9.72,10.25,9.34,9.87,25655
11/11/2014,9.98,10.15,9.0001,10.07,17842
11/12/2014,10.085,10.14,10,10.05,7684
11/13/2014,10,10.09,9.61,9.68,16971
11/14/2014,9.72,9.79,9.319,9.32,9979
11/17/2014,9.3775,9.52,9.35,9.35,7430
11/18/2014,9.35,9.51,9.31,9.43,12240
11/19/2014,9.47,9.47,9.24,9.3,6089
11/20/2014,9.19,9.42,9.161,9.24,9711
11/21/2014,9.45,9.4501,9.18,9.2,12794
11/24/2014,9.36,9.48,9.2456,9.31,9509
11/25/2014,9.4,9.63,9.4,9.5901,9364
11/26/2014,9.6,9.8,9.52,9.76,6954
11/28/2014,9.71,9.968,9.15,9.25,20383
12/01/2014,9.25,9.63,9.05,9.545,33984
12/02/2014,9.4,9.77,9.34,9.69,30270
12/03/2014,9.58,9.71,9.44,9.7,28245
12/04/2014,9.6949,9.72,9.5,9.65,7999
12/05/2014,9.64,10.03,9.61,10.03,42866
12/08/2014,10.19,10.5,9.96,10.33,101897
12/09/2014,10.36,13.24,10.2,12.22,296463
12/10/2014,12.3,12.99,11.15,12.36,153942
12/11/2014,12.91,13.21,12.14,12.2,207756
12/12/2014,12.07,12.3772,11.6,11.92,60157
12/15/2014,12.05,12.28,11.55,11.95,57933
12/16/2014,11.94,12.21,11.7502,11.98,33681
12/17/2014,11.93,12.29,11.64,12.203,32843
12/18/2014,12.44,12.75,12,12.425,65949
12/19/2014,12.28,13.75,12.1101,13.55,107280
12/22/2014,13.79,14.19,13.05,13.73,76716
12/23/2014,13.75,14.14,12.79,13.07,79550
12/24/2014,13.3,13.37,12.26,12.74,43421
12/26/2014,12.83,13.61,12.57,12.88,21830
12/29/2014,13.08,13.3,13.01,13.02,44289
12/30/2014,13.17,13.26,13.0199,13.04,53095
12/31/2014,13.02,13.37,13,13.04,53259
01/02/2015,13.16,14.07,13.1,13.926,61174
01/05/2015,13.35,13.78,12.52,12.98,154412
01/06/2015,13.2,13.2288,12.5101,12.68,49667
01/07/2015,12.8,13,12.39,12.63,36756
01/08/2015,13.42,14.05,12.65,12.88,155079
01/09/2015,12.93,13.658,12.36,13.34,142383
01/12/2015,13.19,13.63,12.81,12.84,48275
01/13/2015,12.87,13.33,12.55,13.12,94247
01/14/2015,13.22,13.24,12.38,12.66,123006
01/15/2015,12.88,13.13,11.77,12.56,100794
01/16/2015,12.46,12.87,12.2,12.34,76306
01/20/2015,12.39,12.7,12.24,12.54,36159
01/21/2015,12.57,12.57,11.86,11.93,59968
01/22/2015,11.96,12.065,11.48,11.96,34671
01/23/2015,11.86,11.98,11.68,11.75,30830
01/26/2015,11.63,11.92,11.63,11.85,40101
01/27/2015,11.8,12.0126,11.64,11.757,54646
01/28/2015,11.82,12.104,11.62,11.63,66536
01/29/2015,11.5916,12.24,11.42,12.05,61304
01/30/2015,12.04,12.28,11.61,11.68,38751
02/02/2015,11.87,11.902,11.43,11.73,28129
02/03/2015,11.78,11.782,11.4228,11.46,26365
02/04/2015,11.27,11.4,10.8384,11.25,81830
02/05/2015,11.29,12.02,11.29,11.85,67663
02/06/2015,11.69,11.9,11.48,11.62,52147
02/09/2015,11.52,11.8,11.04,11.06,38222
02/10/2015,11.37,11.56,11.19,11.49,28730
02/11/2015,11.6,11.73,11.4898,11.71,16941
02/12/2015,11.84,11.84,11.309,11.39,35528
02/13/2015,11.35,11.38,11.01,11.14,39363
02/17/2015,11.15,11.1899,10.92,11,61174
02/18/2015,11.06,11.25,10.9197,11.08,38783
02/19/2015,11.71,12.46,11.2,11.41,309709
02/20/2015,11.7,11.7,11.23,11.5,291305
02/23/2015,11.45,11.612,11.15,11.18,106236
02/24/2015,11.25,11.395,11.16,11.17,79500
02/25/2015,11.13,11.28,11.08,11.18,61078
02/26/2015,11.2944,11.38,11.11,11.25,62311
02/27/2015,11.3,11.47,11.15,11.15,87003
03/02/2015,10.58,11,9.52,10.83,275107
03/03/2015,10.87,11.07,10.44,10.73,206282
03/04/2015,10.71,10.73,10.22,10.41,35417
03/05/2015,10.45,10.5546,10.09,10.5,73403
03/06/2015,10.32,10.52,10.23,10.35,45903
03/09/2015,10.3,10.36,10.21,10.28,64458
03/10/2015,10.15,10.3,10.1,10.24,28363
03/11/2015,10.2,10.575,9.94,10.43,72216
03/12/2015,10.55,10.55,10.34,10.48,21626
03/13/2015,10.53,10.56,10.21,10.27,26690
03/16/2015,10.31,10.37,10.03,10.03,35309
03/17/2015,10.16,10.4,9.91,10.21,105865
03/18/2015,10.25,10.4899,10.03,10.03,75698
03/19/2015,10.06,10.28,10.06,10.09,39499
03/20/2015,10.11,10.21,9.63,9.93,179491
03/23/2015,10,10.095,9.77,9.77,60067
03/24/2015,9.93,10.17,9.83,10.04,43856
03/25/2015,9.98,10.03,9.1,9.24,110992
03/26/2015,9.11,9.82,9,9.69,80304
03/27/2015,9.73,10.02,9.4759,9.68,45230
03/30/2015,9.78,9.88,9.46,9.85,61879
03/31/2015,10.06,10.47,9.5501,9.79,418381
04/01/2015,8.79,8.79,7.685,8,779654
04/02/2015,7.99,8.09,7.75,7.86,258643
04/06/2015,7.86,8.01,7.5601,7.71,125234
04/07/2015,7.76,8.01,7.75,7.9,407479
04/08/2015,7.84,7.93,7.17,7.29,278391
04/09/2015,7.3,7.47,7.26,7.3,142319
04/10/2015,7.35,7.52,7.26,7.28,139938
04/13/2015,7.33,7.37,7.16,7.225,147589
04/14/2015,7.3,7.3254,7.02,7.03,144321
04/15/2015,7,7.18,6.75,6.92,171250
04/16/2015,6.93,7.05,6.83,7,64781
04/17/2015,6.99,7.09,6.9,7.0848,144524
04/20/2015,7.08,7.08,6.8,6.85,65821
04/21/2015,6.92,6.92,6.55,6.71,135561
04/22/2015,6.68,6.792,6.15,6.21,211689
04/23/2015,6.24,6.52,6.0445,6.415,160102
04/24/2015,6.43,6.486,6.31,6.38,73226
04/27/2015,6.41,6.59,6.18,6.26,200808
04/28/2015,6.24,6.32,6.02,6.16,106833
04/29/2015,6.16,6.16,5.76,5.78,200919
04/30/2015,5.76,5.89,5.51,5.61,370099
05/01/2015,5.63,5.76,5.51,5.62,106175
05/04/2015,5.65,5.87,5.65,5.83,88001
05/05/2015,5.83,6.12,5.74,5.93,282318
05/06/2015,5.99,6.03,5.88,5.9,188999
05/07/2015,5.93,5.96,5.6,5.67,111751
05/08/2015,5.69,5.88,5.56,5.73,161311
05/11/2015,5.75,6.07,5.7,5.92,142865
05/12/2015,5.75,5.75,5.3,5.34,297167
05/13/2015,5.34,5.54,5.3,5.5,132888
05/14/2015,5.5,5.58,5.31,5.5,157010
05/15/2015,5.47,5.68,5.36,5.48,213245
05/18/2015,5.5,5.755,5.42,5.63,101362
05/19/2015,5.62,5.63,5.37,5.56,122363
05/20/2015,5.61,5.67,5.345,5.66,294834
05/21/2015,5.7,6.01,5.5801,5.93,175295
05/22/2015,6.0394,6.9408,6.0349,6.8,418709
05/26/2015,6.87,6.9,6.31,6.55,248432
05/27/2015,6.59,6.59,6.13,6.38,144247
05/28/2015,6.33,6.36,6.04,6.11,277613
05/29/2015,6.06,6.21,5.65,5.925,200284
06/01/2015,5.97,5.97,5.55,5.628,162485
06/02/2015,5.64,5.93,5.55,5.73,84713
06/03/2015,5.73,5.93,5.66,5.92,166451
06/04/2015,5.87,5.89,5.6,5.68,119322
06/05/2015,5.7,5.91,5.63,5.77,114159
06/08/2015,5.76,5.78,5.65,5.67,43932
06/09/2015,5.674,5.68,5.51,5.53,71673
06/10/2015,5.58,5.7199,5.51,5.52,67193
06/11/2015,5.56,5.74,5.56,5.63,73828
06/12/2015,5.59,5.7,5.59,5.67,73857
06/15/2015,5.97,6.21,5.76,5.9301,196747
06/16/2015,5.91,6.05,5.58,5.66,182236
06/17/2015,5.67,5.735,5.545,5.62,130640
06/18/2015,5.65,5.96,5.592,5.9,150722
06/19/2015,5.74,5.92,5.7,5.78,115827
06/22/2015,5.76,6.86,5.76,6.773,366160
06/23/2015,6.78,6.84,6.48,6.56,291871
06/24/2015,6.61,6.61,6.06,6.13,182024
06/25/2015,6.18,6.2896,5.885,5.9202,161498
06/26/2015,5.9,6.1,5.83,5.97,522997
06/29/2015,5.9,5.94,5.66,5.69,138743
06/30/2015,5.8,6.05,5.7497,6.02,68735
07/01/2015,6.17,6.549,5.96,6.06,127331
07/02/2015,6.1,6.21,5.81,5.84,110022
07/06/2015,5.78,6.15,5.75,5.81,127749
07/07/2015,5.88,6.11,5.7486,6.11,97268
07/08/2015,6.07,6.2,5.82,6.11,93594
07/09/2015,6.22,6.53,6.21,6.31,170393
07/10/2015,6.37,6.4428,6.17,6.27,64465
07/13/2015,6.33,6.85,6.29,6.747,224097
07/14/2015,6.76,7.5,6.73,7.3314,487133
07/15/2015,7.44,7.49,6.6228,6.85,224106
07/16/2015,6.97,7.33,6.8654,7.09,193914
07/17/2015,7.13,7.16,6.91,7.07,129623
07/20/2015,7.08,7.2,7,7.04,110906
07/21/2015,7.02,7.27,6.8544,7.1752,144330
07/22/2015,7.15,7.27,7,7.02,116712
07/23/2015,7.02,7.25,7.01,7.19,166954
07/24/2015,7.25,7.25,7.09,7.16,162924
07/27/2015,7.2,7.2847,6.9,7.25,131566
07/28/2015,7.25,7.32,7.1,7.23,97232
07/29/2015,7.2,7.25,7.11,7.23,63589
07/30/2015,7.21,7.2299,7.0125,7.19,68770
07/31/2015,7.18,7.36,7.15,7.23,86538
08/03/2015,7.25,7.27,7.12,7.21,127730
08/04/2015,7.23,7.2899,7.1,7.18,45274
08/05/2015,7.14,7.27,7.14,7.19,41031
08/06/2015,7.25,7.25,7.13,7.18,88319
08/07/2015,7.16,7.16,6.8,6.93,110151
08/10/2015,6.84,7.25,6.84,7.05,104403
08/11/2015,6.97,7.08,6.92,6.93,98563
08/12/2015,6.88,6.88,6.32,6.42,183760
08/13/2015,6.45,7.22,6.35,7.08,205007
08/14/2015,7.08,7.74,7.07,7.66,309792
08/17/2015,7.63,7.72,7.148,7.25,206314
08/18/2015,7.23,7.6,6.95,7.08,97928
08/19/2015,7.08,7.08,6.86,6.97,57780
08/20/2015,7,7.19,6.8,7.11,113217
08/21/2015,7.13,7.13,6.87,6.9,117511
08/24/2015,6.23,6.58,5.71,5.9,218218
08/25/2015,6.1,6.44,6.03,6.28,91657
08/26/2015,6.41,6.9089,6.28,6.74,226860
08/27/2015,6.75,6.8148,6.51,6.63,89522
08/28/2015,6.6,7.03,6.59,6.97,63463
08/31/2015,6.86,7.1,6.85,6.9,52795
09/01/2015,6.66,6.98,6.66,6.7699,48981
09/02/2015,6.82,7.05,6.73,7.04,79339
09/03/2015,7.02,7.1299,6.84,6.93,60780
09/04/2015,6.82,7.1,6.78,7.01,36352
09/08/2015,7.16,7.16,6.89,6.99,70401
09/09/2015,7,7.05,6.6,6.68,149213
09/10/2015,6.66,6.89,6.27,6.52,139294
09/11/2015,6.46,6.95,6.45,6.78,68680
09/14/2015,6.81,6.87,6.69,6.82,45926
09/15/2015,6.3801,7.09,6.3801,6.96,77309
09/16/2015,7.05,7.075,6.82,6.98,38319
09/17/2015,7,7.25,6.99,7.22,136940
09/18/2015,7.11,7.25,6.99,7.03,146764
09/21/2015,7.1,7.1899,6.95,7.03,82744
09/22/2015,7.03,7.07,6.86,6.96,46484
09/23/2015,6.98,7.1,6.91,7,43565
09/24/2015,6.93,7,6.72,7,52323
09/25/2015,7.08,7.08,6.44,6.54,67259
09/28/2015,6.52,6.52,5.81,5.84,133452
09/29/2015,5.85,5.94,5.46,5.49,86374
09/30/2015,5.58,5.82,5.425,5.76,75338
10/01/2015,5.85,6.02,5.61,5.85,63493
10/02/2015,5.77,6.2,5.65,6.12,42900
10/05/2015,6.27,6.27,5.85,5.9,25637
10/06/2015,5.9,5.96,5.8,5.81,15866
10/07/2015,5.83,6.22,5.8,6.2,20302
10/08/2015,6.21,6.21,5.85,5.97,15957
10/09/2015,6.06,6.2199,5.99,6.08,15939
10/12/2015,6.12,6.42,6.03,6.07,24559
10/13/2015,6.06,6.5,5.72,5.735,26801
10/14/2015,5.7,6.35,5.56,5.63,33573
10/15/2015,5.62,5.93,5.62,5.84,34202
10/16/2015,5.8,5.87,5.57,5.75,39997
10/19/2015,5.72,6.09,5.64,5.64,40698
10/20/2015,5.67,5.87,5.67,5.75,43721
10/21/2015,5.81,5.81,5.53,5.54,26128
10/22/2015,5.55,5.7,5.51,5.62,15792
10/23/2015,5.63,5.85,5.54,5.63,37723
10/26/2015,5.69,5.77,5.22,5.33,108865
10/27/2015,5.34,5.49,5.29,5.4,54859
10/28/2015,5.3223,5.64,5.3223,5.61,48767
10/29/2015,5.57,5.96,5.43,5.54,98041
10/30/2015,5.57,5.57,5.38,5.45,17952
11/02/2015,5.54,5.91,5.54,5.625,43410
11/03/2015,5.61,5.84,5.58,5.81,30393
11/04/2015,5.725,5.88,5.71,5.78,71058
11/05/2015,5.83,5.83,5.45,5.53,88149
11/06/2015,5.4,5.75,5.4,5.67,83146
11/09/2015,5.91,6.24,5.53,5.69,167641
11/10/2015,5.69,6.01,5.65,5.79,28051
11/11/2015,5.755,6,5.735,5.7801,38370
11/12/2015,5.79,5.79,5.6,5.65,20758
11/13/2015,5.63,5.8,5.57,5.59,36905
11/16/2015,5.6,5.65,5.55,5.6,18782
11/17/2015,5.64,5.66,5.5,5.6599,21652
11/18/2015,5.58,5.8,5.56,5.73,60554
11/19/2015,5.72,5.89,5.72,5.81,49802
11/20/2015,5.7267,6,5.7267,5.9,19574
11/23/2015,5.92,6.165,5.7975,6.0099,49261
11/24/2015,5.96,6,5.72,5.72,17992
11/25/2015,5.77,5.93,5.69,5.8,33323
11/27/2015,5.82,5.91,5.59,5.64,44356
11/30/2015,5.68,5.85,5.48,5.56,64771
12/01/2015,5.55,5.759,5.49,5.58,39168
12/02/2015,5.61,5.82,5.52,5.7,33495
12/03/2015,5.74,5.7458,5.63,5.64,29917
12/04/2015,5.6101,5.69,5.46,5.61,83642
12/07/2015,5.58,5.58,5.51,5.54,33614
12/08/2015,5.48,5.65,5.41,5.5699,27269
12/09/2015,5.52,5.64,5.52,5.62,32697
12/10/2015,5.65,6,5.6,5.92,69050
12/11/2015,5.83,5.987,5.6611,5.77,29922
12/14/2015,5.79,5.79,5.52,5.56,31141
12/15/2015,5.55,5.8,5.51,5.52,37250
12/16/2015,5.514,5.6,5.4,5.6,84816
12/17/2015,5.46,5.9,5.46,5.8,64325
12/18/2015,5.84,5.96,5.48,5.6599,89579
12/21/2015,5.74,5.91,5.67,5.89,101977
12/22/2015,5.85,6.18,5.77,6.06,109720
12/23/2015,6.105,6.15,5.88,6.11,85162
12/24/2015,6.09,6.11,6.07,6.07,3500
12/28/2015,6.07,6.11,5.7032,5.95,62020
12/29/2015,6.02,6.04,5.9012,5.97,28103
12/30/2015,5.97,6.03,5.88,5.88,10782
12/31/2015,5.85,5.88,5.71,5.74,36820
01/04/2016,5.64,5.82,5.5,5.81,29079
01/05/2016,5.84,5.95,5.72,5.79,68387
01/06/2016,5.72,5.81,5.64,5.73,31259
01/07/2016,5.68,5.68,5.46,5.46,39125
01/08/2016,5.54,5.55,5.33,5.4,43431
01/11/2016,5.5,5.5933,5.0501,5.3,116692
01/12/2016,5.3,5.4,4.721,4.86,134302
01/13/2016,4.9,5.05,4.41,4.41,95677
01/14/2016,4.46,4.48,4.12,4.39,168281
01/15/2016,4.29,4.4,4.06,4.25,85576
01/19/2016,4.33,5.15,4.33,4.45,121433
01/20/2016,4.2,4.39,3.93,4.1,150543
01/21/2016,4.14,4.4,4.049,4.33,41449
01/22/2016,4.5,4.5,4.3,4.36,27946
01/25/2016,4.35,4.4,4.3,4.35,43094
01/26/2016,4.395,4.44,4.08,4.28,96008
01/27/2016,4.29,4.3,4.11,4.15,66508
01/28/2016,4.22,4.22,3.89,3.9,48148
01/29/2016,4,4.01,3.49,3.58,191341
02/01/2016,3.6,3.8689,3.5,3.82,31269
02/02/2016,3.83,4.05,3.72,3.89,30372
02/03/2016,3.68,3.77,3.65,3.69,35110
02/04/2016,3.68,3.91,3.68,3.82,32750
02/05/2016,3.85,3.89,3.74,3.79,25875
02/08/2016,3.76,3.76,3.4,3.445,54690
02/09/2016,3.4,3.47,3.333,3.45,34876
02/10/2016,3.45,3.68,3.45,3.53,44087
02/11/2016,3.52,3.58,3.39,3.49,36621
02/12/2016,3.59,3.59,3.39,3.4603,40333
02/16/2016,3.55,3.65,3.48,3.63,29754
02/17/2016,3.67,4.14,3.67,3.98,30028
02/18/2016,4.04,4.04,3.7713,3.84,13494
02/19/2016,3.8,3.91,3.64,3.65,31874
02/22/2016,3.68,3.86,3.68,3.77,23709
02/23/2016,3.74,3.95,3.61,3.74,8108
02/24/2016,3.72,3.82,3.61,3.61,30730
02/25/2016,3.66,3.86,3.6501,3.73,9675
02/26/2016,3.72,3.76,3.65,3.66,15441
02/29/2016,3.69,3.79,3.5,3.5,29645
03/01/2016,3.52,3.5458,3.41,3.48,39440
03/02/2016,3.45,3.5899,3.35,3.54,61068
03/03/2016,3.55,3.789,3.54,3.71,38080
03/04/2016,3.72,3.92,3.5177,3.78,44850
03/07/2016,3.79,4.19,3.77,4.12,70858
03/08/2016,4.06,4.18,3.68,3.69,29353
03/09/2016,3.73,3.85,3.65,3.8,17121
03/10/2016,3.81,3.88,3.7,3.71,14012
03/11/2016,3.77,3.775,3.67,3.76,31365
03/14/2016,3.76,3.83,3.65,3.65,16832
03/15/2016,4.32,4.32,3.5,3.63,88994
03/16/2016,3.53,3.55,3.11,3.26,145597
03/17/2016,3.22,3.23,3.101,3.17,58592
03/18/2016,3.19,3.3,3.15,3.25,37413
03/21/2016,3.24,3.47,3.24,3.38,49970
03/22/2016,3.37,3.37,3.13,3.18,42974
03/23/2016,3.18,3.18,2.95,3.01,71678
03/24/2016,2.99,3.0452,2.95,2.95,30420
03/28/2016,3,3.11,2.95,3.06,54230
03/29/2016,3.02,3.11,2.92,3.06,107563
03/30/2016,3.1,3.21,2.7058,2.78,206020
03/31/2016,2.69,2.9997,2.5875,2.75,326772
04/01/2016,2.74,2.802,2.6004,2.71,139370
04/04/2016,2.79,2.939,2.735,2.74,89302
04/05/2016,2.87,2.96,2.7,2.72,95774
04/06/2016,2.73,2.8899,2.7101,2.8469,529989
04/07/2016,2.85,3.3,2.85,3.16,268168
04/08/2016,3.14,3.55,3.1001,3.16,140004
04/11/2016,3.14,3.295,3.1,3.14,55679
04/12/2016,3.24,3.28,3.1201,3.185,73471
04/13/2016,3.2,3.32,3.138,3.25,121151
04/14/2016,3.2,3.57,3.16,3.52,184946
04/15/2016,3.51,3.75,3.4587,3.72,71153
04/18/2016,3.65,3.79,3.37,3.75,311256
04/19/2016,3.75,3.818,3.7,3.76,85940
04/20/2016,3.81,3.81,3.66,3.68,70943
04/21/2016,3.68,3.745,3.64,3.73,30043
04/22/2016,3.76,3.92,3.65,3.85,64454
04/25/2016,3.85,3.86,3.75,3.77,103700
04/26/2016,3.75,3.79,3.47,3.52,57791
04/27/2016,3.48,3.5,3.31,3.44,64369
04/28/2016,3.43,3.57,3.3901,3.4,25497
04/29/2016,3.43,3.63,3.34,3.36,27628
05/02/2016,3.41,3.41,3.26,3.28,29914
05/03/2016,3.27,3.48,3.16,3.24,22344
05/04/2016,3.26,3.4,3.08,3.09,85357
05/05/2016,3.09,3.1456,3.06,3.12,16842
05/06/2016,3.21,3.21,3.02,3.03,117689
05/09/2016,3.1,3.29,3.0201,3.23,37263
05/10/2016,3.26,3.33,3,3.11,62976
05/11/2016,3.09,3.3799,3,3.03,61034
05/12/2016,3.04,3.04,2.85,2.86,55918
05/13/2016,2.85,2.91,2.8,2.865,59989
05/16/2016,2.89,2.96,2.845,2.915,43931
05/17/2016,2.99,3.05,2.89,2.99,81235
05/18/2016,2.9899,3,2.908,2.93,21648
05/19/2016,2.9,2.98,2.86,2.91,34622
05/20/2016,2.91,2.97,2.81,2.84,22923
05/23/2016,2.84,2.95,2.8101,2.84,40900
05/24/2016,2.83,2.9,2.78,2.78,59697
05/25/2016,2.8,2.8,2.69,2.7,75818
05/26/2016,2.75,2.89,2.69,2.8299,30994
05/27/2016,2.83,3.15,2.8167,3.15,123477
05/31/2016,3.17,3.5,3.17,3.26,135842
06/01/2016,3.28,3.455,3.12,3.15,54626
06/02/2016,3.6,6.08,3.53,3.65,8743995
06/03/2016,3.81,4.03,3.6,3.91,1739093
06/06/2016,3.97,4.1099,3.76,3.96,488041
06/07/2016,4.03,4.49,3.8,4.29,827433
06/08/2016,4.29,4.3999,4.17,4.25,289933
06/09/2016,4.27,4.323,4.1,4.13,170508
06/10/2016,4.15,4.15,3.81,3.85,187331
06/13/2016,3.82,3.98,3.72,3.795,214592
06/14/2016,4.52,4.9,4.04,4.11,2377485
06/15/2016,4.3,4.89,4.27,4.8499,856514
06/16/2016,4.85,5.37,4.535,4.74,1089989
06/17/2016,4.85,4.85,4.55,4.7,246931
06/20/2016,4.7,4.85,4.35,4.44,306741
06/21/2016,4.43,4.57,4.14,4.43,257960
06/22/2016,4.4,4.45,4.16,4.18,170437
06/23/2016,4.18,4.4899,3.94,3.9901,264108
06/24/2016,3.85,3.99,3.71,3.85,219910
06/27/2016,3.8,3.97,3.57,3.6,158726
06/28/2016,3.6,3.8167,3.6,3.72,80173
06/29/2016,3.75,3.98,3.69,3.76,132106
06/30/2016,3.81,3.98,3.71,3.81,126423
07/01/2016,3.79,4,3.79,3.98,75188
07/05/2016,4.01,4.13,3.81,4.07,215847
07/06/2016,4.1,4.1,3.91,4,97866
07/07/2016,4.04,4.05,3.84,3.9,58708
07/08/2016,3.9,3.94,3.7601,3.84,113916
07/11/2016,3.84,3.97,3.78,3.86,94000
07/12/2016,3.9,3.93,3.675,3.75,217905
07/13/2016,3.9,3.94,3.67,3.7,165134
07/14/2016,3.69,3.86,3.6,3.64,273821
07/15/2016,3.6,3.69,3.36,3.56,184212
07/18/2016,3.48,3.76,3.44,3.69,167721
07/19/2016,3.71,3.75,3.53,3.53,103744
07/20/2016,3.5,3.9,3.5,3.86,230206
07/21/2016,3.9,3.9,3.7201,3.82,159969
07/22/2016,3.89,3.95,3.77,3.93,99886
07/25/2016,3.95,3.95,3.7,3.75,120969
07/26/2016,3.75,3.88,3.75,3.81,70162
07/27/2016,3.87,4.01,3.82,4,204364
07/28/2016,4.02,4.02,3.87,3.93,40124
07/29/2016,4,4,3.87,3.94,51326
08/01/2016,3.95,3.95,3.56,3.64,195027
08/02/2016,3.62,3.761,3.55,3.61,81737
08/03/2016,3.6,3.89,3.6,3.79,154941
08/04/2016,3.76,3.94,3.755,3.92,122931
08/05/2016,3.9,3.96,3.83,3.88,59336
08/08/2016,3.94,4.02,3.9,3.99,101965
08/09/2016,3.91,3.95,3.85,3.94,79194
08/10/2016,3.93,3.93,3.7001,3.78,74965
08/11/2016,3.78,3.92,3.75,3.9,66963
08/12/2016,3.92,3.92,3.65,3.74,130550
08/15/2016,3.72,3.85,3.7,3.8,60441
08/16/2016,3.76,3.95,3.76,3.86,64627
08/17/2016,3.89,3.8994,3.7501,3.82,97412
08/18/2016,3.85,3.91,3.81,3.85,78242
08/19/2016,3.79,3.79,3.7,3.75,46216
08/22/2016,3.76,3.82,3.75,3.81,43420
08/23/2016,3.79,3.89,3.73,3.85,59449
08/24/2016,3.8,3.9,3.75,3.78,64597
08/25/2016,3.75,3.82,3.72,3.78,43456
08/26/2016,3.81,3.81,3.7,3.72,26105
08/29/2016,3.74,3.89,3.7101,3.89,60144
08/30/2016,3.88,3.9,3.83,3.84,13453
08/31/2016,3.81,3.87,3.75,3.78,18817
09/01/2016,3.8,4.22,3.77,3.99,379961
09/02/2016,4.07,4.33,4.02,4.25,271719
09/06/2016,4.32,4.5,4.15,4.39,201498
09/07/2016,4.42,4.48,4.25,4.35,142346
09/08/2016,4.38,4.69,4.33,4.51,397245
09/09/2016,4.57,4.62,4.215,4.41,342072
09/12/2016,4.39,4.49,4.22,4.49,112829
09/13/2016,4.47,4.54,4.25,4.37,164220
09/14/2016,4.34,4.5195,4.25,4.4,94105
09/15/2016,4.38,4.51,4.33,4.38,147877
09/16/2016,4.35,4.43,4.11,4.22,242059
09/19/2016,4.25,4.37,4.01,4.06,149120
09/20/2016,4.07,4.24,4.02,4.2,160938
09/21/2016,4.19,4.228,4.07,4.16,86762
09/22/2016,4.18,4.4,4.18,4.345,92703
09/23/2016,4.34,4.437,4.271,4.33,55217
09/26/2016,4.28,4.36,4.26,4.305,42506
09/27/2016,4.3,4.4242,4.26,4.32,156396
09/28/2016,4.32,4.45,4.3,4.41,151849
09/29/2016,4.38,4.57,4.37,4.55,154868
09/30/2016,4.54,5.22,4.46,4.79,701786
10/03/2016,4.86,5.019,4.68,4.96,189351
10/04/2016,4.99,5.1999,4.9,4.93,161439
10/05/2016,5,5.2,4.86,4.92,226016
10/06/2016,4.88,4.96,4.75,4.91,120861
10/07/2016,4.94,4.95,4.8,4.87,65059
10/10/2016,4.85,5.32,4.8128,5.2,247918
10/11/2016,5.17,5.17,4.94,5.01,125162
10/12/2016,5.03,5.1799,4.81,4.92,140975
10/13/2016,4.87,5.19,4.8385,4.92,325751
10/14/2016,4.97,5.13,4.85,4.91,296094
10/17/2016,4.91,5.36,4.8719,5.14,435015
10/18/2016,5.16,5.25,5.0501,5.13,142922
10/19/2016,5.11,5.5,5.0514,5.12,271614
10/20/2016,5.14,5.32,5.1,5.2,112347
10/21/2016,5.18,5.5,5.18,5.49,234681
10/24/2016,5.47,5.6492,5.2,5.3,179994
10/25/2016,5.49,5.8,5.32,5.53,386159
10/26/2016,5.56,5.82,5.5072,5.72,384693
10/27/2016,5.79,5.81,4.9,4.98,611182
10/28/2016,5,5.02,4.36,4.49,631153
10/31/2016,4.68,4.799,4.53,4.58,231694
11/01/2016,4.73,4.73,4.37,4.47,318210
11/02/2016,4.62,4.63,4.19,4.19,137333
11/03/2016,4.18,4.23,3.68,3.76,395143
11/04/2016,3.75,4.15,3.75,3.99,131165
11/07/2016,4.02,4.27,4.02,4.23,88715
11/08/2016,4.61,4.7099,4.26,4.298,226494
11/09/2016,4.34,4.54,4.3,4.4,344020
11/10/2016,4.45,4.54,4.26,4.46,174118
11/11/2016,4.46,4.9399,4.26,4.87,331106
11/14/2016,4.91,5.11,4.91,5.08,215590
11/15/2016,5.1,5.41,4.92,5.34,244488
11/16/2016,5.3,5.56,5.19,5.31,449011
11/17/2016,5.29,5.318,4.87,4.95,265106
11/18/2016,4.98,5.0676,4.8,4.86,240245
11/21/2016,4.89,4.95,4.67,4.87,118226
11/22/2016,4.89,4.9,4.73,4.84,85596
11/23/2016,4.89,5.16,4.84,4.93,321305
11/25/2016,4.95,5.17,4.8838,5.1,72526
11/28/2016,5.25,5.35,4.97,5.11,1146084
11/29/2016,5.07,5.3872,4.97,5.3311,354377
11/30/2016,5.39,6.08,5.37,5.72,950865
12/01/2016,5.75,6.13,5.51,5.91,748396
12/02/2016,5.94,6.09,5.4,5.62,983828
12/05/2016,5.61,5.79,5.331,5.47,375599
12/06/2016,5.45,5.5,4.98,5.11,802780
12/07/2016,5.1,5.3,4.86,5.05,568337
12/08/2016,5,5.135,4.82,5.03,1043376
12/09/2016,5.08,5.53,5.0799,5.24,288828
12/12/2016,7.55,13.5,7.21,12.87,53369301
12/13/2016,14.42,16.2,12.88,14.86,38796903
12/14/2016,14.3,15.29,13.76,14.27,11165986
12/15/2016,14.29,14.79,13.65,14,2323293
12/16/2016,13.97,14.23,12.92,13.18,2029535
12/19/2016,13.2,14.04,13.01,13.31,1885411
12/20/2016,13.31,13.6779,12.8,13.205,1130544
12/21/2016,13.07,13.2,12.11,12.46,1317857
12/22/2016,12.51,13.19,12.161,13.13,1151806
12/23/2016,13.03,13.42,12.72,13.01,957550
12/27/2016,13,14.15,12.9704,14.03,1960424
12/28/2016,14.01,14.0175,12.93,13.35,1641630
12/29/2016,13.23,13.7,13.15,13.3,756164
12/30/2016,13.12,13.4,12.73,13.03,941073
01/03/2017,13.25,13.3035,12.33,13,796357
01/04/2017,13.65,15,13.26,14.87,2796918
01/05/2017,14.68,15.42,14.28,14.67,1353724
01/06/2017,14.69,15.48,14.68,15.34,1104123
01/09/2017,15.35,15.67,14.885,14.98,697022
01/10/2017,14.95,15.6,14.606,15.48,1062028
01/11/2017,16.54,16.6,14.91,16.19,2288569
01/12/2017,15.79,16.19,15.09,15.8,1187544
01/13/2017,15.83,18.26,15.82,17.96,2150222
01/17/2017,17.55,17.8,16.77,17.46,1239457
01/18/2017,17.38,17.93,16.77,17.785,632236
01/19/2017,17.83,18.94,17.55,18.86,1134900
01/20/2017,18.6,18.8,17.21,17.5439,1175856
01/23/2017,18.2,18.34,17.23,17.31,1112942
01/24/2017,17.28,17.49,16.48,17.17,752880
01/25/2017,17.33,17.374,16.53,16.92,669127
01/26/2017,16.78,17.39,16.71,16.84,494256
01/27/2017,16.82,16.82,15.4,15.75,1170070
01/30/2017,15.7,16.19,15.14,15.47,484671
01/31/2017,15.44,16.267,15.09,16.17,632790
02/01/2017,16.4,16.89,15.9169,16.83,542978
02/02/2017,16.7,17.1,16.28,16.95,518262
02/03/2017,17.06,17.38,16.565,17.33,519020
02/06/2017,17.37,17.49,17.136,17.46,328770
02/07/2017,18,19.25,17.9,18.83,1792404
02/08/2017,18.86,20.1999,18.4052,19.72,1973069
02/09/2017,19.87,20.64,19.22,20.363,1174628
02/10/2017,20.34,21.45,19.71,20.83,1052295
02/13/2017,20.9,21.83,20.7,21.51,943565
02/14/2017,21.39,21.7199,21,21.65,804251
02/15/2017,21.56,21.95,21.3203,21.72,623854
02/16/2017,21.67,22.345,20.9,22.005,730897
02/17/2017,21.94,22.74,21.61,22.66,640010
02/21/2017,22.76,23.27,21.256,22.53,1149377
02/22/2017,22.38,24.08,22.23,23.64,1064748
02/23/2017,23.69,23.7898,22.141,23.11,979375
02/24/2017,23.05,24.18,22.9701,23.66,925786
02/27/2017,23.47,24.1,23.2,23.68,571097
02/28/2017,23.58,23.78,23.09,23.42,596787
03/01/2017,24.02,24.09,23.3,23.83,1315991
03/02/2017,24.04,26.29,24.01,25.27,1241893
03/03/2017,25.55,26.25,24.98,25.58,579811
03/06/2017,25.69,25.89,24.9,24.99,663738
03/07/2017,24.9,25.6,24.52,25.05,571159
03/08/2017,25.02,26.24,24.8801,25.94,784884
03/09/2017,26.09,27.19,25.57,26.67,1149685
03/10/2017,26.97,27.28,26.35,27,820716
03/13/2017,27.03,27.79,26.25,26.8,1035378
03/14/2017,26.58,26.703,24.2,25.2566,1105010
03/15/2017,23.31,24.68,22.2,22.42,4591491
03/16/2017,22.4,23.6,22.3996,23.065,1096913
03/17/2017,23.27,23.5899,22.0601,22.42,1832406
03/20/2017,22.2,23.31,22.06,22.65,664311
03/21/2017,21.78,22.4,19.76,20.03,1511834
03/22/2017,20.13,20.965,20.0701,20.29,633255
03/23/2017,20.35,20.65,19.93,20.28,509305
03/24/2017,20.27,21.04,19.989,20.88,404591
03/27/2017,20.5,21.96,20.13,21.779,498143
03/28/2017,21.78,24.46,21.51,23.92,1968950
03/29/2017,23.8,26.96,23.8,25.68,2083860
03/30/2017,25.15,26.34,24.51,25.1,862104
03/31/2017,24.91,25.6,24.23,25.25,572778
04/03/2017,25.16,25.28,23.88,24.89,538946
04/04/2017,24.83,25.7199,24.29,24.3436,575671
04/05/2017,24.42,25.0427,23.43,23.8,477963
04/06/2017,23.81,24.0882,23.17,23.44,490813
04/07/2017,23.35,23.66,22.09,22.48,642908
04/10/2017,22.44,23,21.41,21.42,657376
04/11/2017,21.19,21.9,20.57,21.82,594247
04/12/2017,21.57,22.1399,20.67,20.73,663783
04/13/2017,20.75,21.9364,20.6101,20.94,648637
04/17/2017,20.96,21.35,20.75,21.18,346244
04/18/2017,21.1,21.35,20.79,21.23,329633
04/19/2017,20.85,22.79,20.85,22.17,659441
04/20/2017,22.4,22.66,21.785,22.29,396417
04/21/2017,22.02,22.455,21.95,22.08,292079
04/24/2017,23,23.3212,21.75,22.1,547395
04/25/2017,22.22,23.23,22.13,23,355176
04/26/2017,22.99,24.14,22.6737,24.03,394198
04/27/2017,23.98,24.38,23.21,24.23,432707
04/28/2017,24.44,24.76,23.87,24.06,250681
05/01/2017,24.27,25.73,24,25.66,660164
05/02/2017,25.81,25.84,23,23.32,712196
05/03/2017,23.2,25.04,23.19,24.56,662432
05/04/2017,24.69,25.22,24.31,24.99,561642
05/05/2017,26,26,23.724,24.08,595367
05/08/2017,24.09,24.24,23.47,23.5,369949
05/09/2017,22.9,24.42,22.26,22.85,860743
05/10/2017,22.76,22.9535,21.59,22.55,464854
05/11/2017,22.44,24.23,22.11,23.55,440791
05/12/2017,23.46,24.2,23.2,24,237622
05/15/2017,24.1,24.219,23.13,23.76,321465
05/16/2017,23.86,25.79,23.27,25.35,469443
05/17/2017,24.75,27.49,24.19,24.22,1451195
05/18/2017,24.34,25.95,24.171,25.5,542478
05/19/2017,25.47,26.35,24.57,24.71,388616
05/22/2017,24.89,25.38,23.79,25.17,316573
05/23/2017,25.34,26.42,24.88,26.08,406361
05/24/2017,26.3,26.5,23.47,23.65,1148622
05/25/2017,22.8,22.98,21.9,22.09,3971273
05/26/2017,22.02,22.33,21.43,21.66,694068
05/30/2017,21.64,22,19.8151,20.27,1327737
05/31/2017,20.37,20.68,19.5,20.18,1236138
06/01/2017,20.31,21.34,20.2406,21.28,664620
06/02/2017,21.31,22.22,21.27,21.94,1058785
06/05/2017,22,22.3874,21.223,22.2,754289
06/06/2017,22.2,22.8486,22.11,22.55,428931
06/07/2017,22.55,22.95,22.05,22.45,447225
06/08/2017,22.5,23.04,22.07,22.76,345643
06/09/2017,22.96,22.98,21.58,21.98,388276
06/12/2017,21.53,21.78,20.6,21.04,838506
06/13/2017,21.33,22.35,20.81,22.04,532091
06/14/2017,22.04,22.42,21.51,22.11,369751
06/15/2017,22.56,22.56,21.26,21.58,354374
06/16/2017,21.29,22.06,20.29,21.61,3337644
06/19/2017,21.98,22.5325,21.85,22.18,579230
06/20/2017,22.15,22.76,22.06,22.41,513649
06/21/2017,22.4,23.58,22.0731,23.4,625022
06/22/2017,23.4,23.74,22.2601,22.49,772452
06/23/2017,22.46,22.5613,21.46,22.36,3594574
06/26/2017,22.3,22.95,21.6,22.53,477227
06/27/2017,22.51,22.91,21.32,21.49,532988
06/28/2017,21.72,22.58,21.25,22.53,460836
06/29/2017,22.47,22.4753,21.6,21.9,405414
06/30/2017,21.82,22.01,21.1,21.74,525545
07/03/2017,22.01,23.09,21.56,22.57,392578
07/05/2017,22.5,23.25,22.34,23.17,522016
07/06/2017,23.01,23.4089,22.64,22.93,395240
07/07/2017,23.11,23.82,22.95,23.81,568597
07/10/2017,23.8,23.97,23.3,23.5,345793
07/11/2017,23.51,23.905,22.55,22.92,458013
07/12/2017,23.1,24.98,23.06,24.9,1071585
07/13/2017,25.04,25.22,23.93,24.83,658223
07/14/2017,24.89,24.9,24.15,24.18,318233
07/17/2017,24.1,24.75,23.9357,24.05,253435
07/18/2017,23.95,24.143,23.27,23.39,264954
07/19/2017,23.36,23.7455,22.68,22.76,391628
07/20/2017,22.78,23.03,22.21,22.29,368632
07/21/2017,22.31,22.31,21.5,21.895,684319
07/24/2017,21.9,22.05,21.25,21.96,689820
07/25/2017,22.04,22.2752,19.75,19.9,1900450
07/26/2017,19.9,20.7,19.21,19.92,778829
07/27/2017,20.02,20.5,18.85,19.24,827186
07/28/2017,19.15,19.7,19.07,19.69,335611
07/31/2017,19.8,19.85,18.73,19.02,431447
08/01/2017,19.16,19.16,18.21,18.3,398588
08/02/2017,18.34,18.6,17.76,18.17,593882
08/03/2017,18.24,18.52,17.79,18.24,361955
08/04/2017,17.88,18.14,16.98,17.71,970397
08/07/2017,17.98,19.37,17.25,18.96,690999
08/08/2017,18.97,19.27,18.47,18.73,332083
08/09/2017,18.61,18.869,18.05,18.16,371711
08/10/2017,18.02,18.15,16.66,16.7,757426
08/11/2017,16.76,17.1,16.4,16.64,571003
08/14/2017,16.77,16.8,16,16.3,782969
08/15/2017,16.5,17.49,16.02,17.36,704562
08/16/2017,17.36,18.51,17.25,18.16,640928
08/17/2017,17.99,18.239,17.81,17.9,671170
08/18/2017,17.8,18.29,17.53,18.24,826117
08/21/2017,18.15,18.52,17.77,18.49,419817
08/22/2017,18.49,18.88,18.06,18.86,457651
08/23/2017,18.8,19.37,18.77,18.78,661449
08/24/2017,18.85,19.54,18.531,19.48,579384
08/25/2017,19.65,19.65,19.01,19.11,293735
08/28/2017,19.38,19.74,19.25,19.74,534045
08/29/2017,19.49,19.58,18.33,18.8,597560
08/30/2017,18.83,19.14,17.88,18.03,672161
08/31/2017,18.13,18.82,17.92,18.74,600358
09/01/2017,18.81,18.95,18.2,18.59,312845
09/05/2017,18.55,18.81,18.25,18.46,305891
09/06/2017,18.6,18.6982,18.08,18.38,274128
09/07/2017,18.65,18.71,17.35,17.4,1002129
09/08/2017,17.39,17.78,16.96,17.49,350888
09/11/2017,17.54,17.64,16.44,16.69,717429
09/12/2017,16.92,16.92,15.75,15.9,854658
09/13/2017,15.81,16.4075,15.53,16.26,539419
09/14/2017,16.23,16.51,16.05,16.345,479101
09/15/2017,16.35,16.63,15.67,16.495,1320205
09/18/2017,16.45,17.18,16.4,16.5,592810
09/19/2017,16.4,16.54,15.83,16.19,391254
09/20/2017,16.14,16.59,15.96,16.18,430399
09/21/2017,16.19,16.223,15.71,15.74,497224
09/22/2017,15.67,16.32,15.16,15.84,562599
09/25/2017,15.85,16.3,15.65,16.03,446994
09/26/2017,16,16.39,15.83,16.05,372741
09/27/2017,16.2,16.24,15.52,15.53,580516
09/28/2017,15.95,16.4862,15.81,16.27,687819
09/29/2017,16.38,16.4,15.72,15.95,542053
10/02/2017,16,16.4,15.46,15.5,949061
10/03/2017,15.55,15.7,15.26,15.5,631655
10/04/2017,15.51,15.5961,15.13,15.42,381173
10/05/2017,15.5,16.09,15.31,15.87,659787
10/06/2017,15.77,16.04,15.25,15.26,447481
10/09/2017,15,15.28,13.86,13.89,1557967
10/10/2017,13.92,14.11,13.05,14.0484,1331951
10/11/2017,14,14.24,13.48,13.96,1009001
10/12/2017,13.93,13.93,13.28,13.39,762452
10/13/2017,13.43,13.49,13.11,13.25,378385
10/16/2017,13.21,13.77,13.114,13.53,483086
10/17/2017,13.49,13.885,13.4,13.575,741718
10/18/2017,13.6,13.82,13.3501,13.49,466352
10/19/2017,13.52,14.5,13.52,14.34,1067327
10/20/2017,14.5,14.58,13.74,13.88,1074225
10/23/2017,13.87,13.93,13.35,13.35,775178
10/24/2017,13.58,13.75,13.27,13.55,726594
10/25/2017,13.45,13.7599,12.54,13.22,1136169
10/26/2017,13.55,13.55,12.321,12.45,1118340
10/27/2017,12.36,13.73,12.25,13.63,958747
10/30/2017,13.77,13.77,12.3199,12.49,1073915
10/31/2017,12.49,12.95,12.49,12.72,420361
11/01/2017,12.84,12.9565,12.36,12.72,607877
11/02/2017,12.87,13.05,12.67,12.995,414472
11/03/2017,12.95,14.17,12.86,14.05,875934
11/06/2017,13.89,14.35,13.84,13.92,482110
11/07/2017,13.84,13.8618,13.32,13.61,467987
11/08/2017,13.65,14.19,13.51,14.02,519457
11/09/2017,13.45,14.85,13.45,14.65,994809
11/10/2017,14.68,14.69,13.16,13.28,1001516
11/13/2017,13.1,13.15,12.5101,13.005,492145
11/14/2017,13.02,13.235,11.67,11.91,1133881
11/15/2017,11.78,12.2,11.42,11.69,811265
11/16/2017,11.68,12.18,11.68,11.94,658583
11/17/2017,11.89,12.03,11.68,11.82,673128
11/20/2017,11.86,11.96,11.13,11.9,747872
11/21/2017,11.94,12.72,11.79,12.39,684550
11/22/2017,12.44,12.61,12.11,12.19,439313
11/24/2017,12.36,12.36,11.91,12.2,254152
11/27/2017,12.2,12.421,11.75,11.875,419736
11/28/2017,11.88,12.07,11.56,11.84,486934
11/29/2017,11.5,11.54,10.77,10.95,1879729
11/30/2017,10.98,12.08,10.83,11.95,1696480
12/01/2017,11.98,12.04,11.1,11.33,1141219
12/04/2017,11.49,11.61,10.88,10.99,1235486
12/05/2017,10.99,11,10.24,10.5,1052118
12/06/2017,10.51,10.72,10.31,10.46,825775
12/07/2017,10.53,10.66,10.39,10.61,2689582
12/08/2017,10.65,11.17,10.63,11.1,754002
12/11/2017,11.17,11.585,11.07,11.32,698783
12/12/2017,11.3,11.58,10.63,10.64,882985
12/13/2017,10.64,11.12,10.64,10.91,740378
12/14/2017,10.96,11.54,10.94,11.12,655925
12/15/2017,11.23,11.28,11,11.06,1923850
12/18/2017,11.07,11.37,11.0301,11.14,612881
12/19/2017,11.09,11.15,10.69,10.79,595784
12/20/2017,10.77,11.07,10.67,10.98,395778
12/21/2017,11.4,11.649,11.27,11.38,787763
12/22/2017,11.44,11.44,10.69,10.95,811362
12/26/2017,10.89,11.28,10.77,11.135,623448
12/27/2017,11.25,11.47,11.09,11.22,856885
12/28/2017,11.22,11.32,10.94,11.02,781028
12/29/2017,11.04,11.24,10.62,10.74,1122574
01/02/2018,11.69,11.75,10.78,11.2,2973420
01/03/2018,11.35,11.38,10.36,10.6,4250166
01/04/2018,10.69,11.85,10.5,11.78,1651982
01/05/2018,11.85,11.96,11.13,11.21,877401
01/08/2018,11.72,11.8,11.35,11.44,993374
01/09/2018,11.5,11.6,11.13,11.13,1055796
01/10/2018,11.1,11.75,10.81,11.65,1087512
01/11/2018,11.59,12.4499,11.3,12.41,1197992
01/12/2018,12.45,12.51,11.8,11.93,1293633
01/16/2018,12.11,12.34,11.57,11.59,1124410
01/17/2018,11.6,11.92,11.46,11.83,729188
01/18/2018,11.73,11.97,11.53,11.585,780529
01/19/2018,11.54,11.65,11.41,11.53,406644
01/22/2018,11.89,11.89,11.39,11.53,876829
01/23/2018,11.58,11.58,11.3,11.365,899345
01/24/2018,11.42,11.54,11,11.32,758038
01/25/2018,11.44,11.4598,10.97,11.05,958585
01/26/2018,11.08,11.15,10.71,10.81,804815
01/29/2018,10.82,11.31,10.7,11.05,972688
01/30/2018,11.65,12.93,11.54,12.16,4574568
01/31/2018,12.31,12.33,10.93,10.95,2036139
02/01/2018,11,11.39,10.81,11.15,960847
02/02/2018,11.13,11.19,10.73,10.75,1064844
02/05/2018,10.7,10.93,10.1585,10.24,1499689
02/06/2018,10,10.859,9.88,10.78,1176281
02/07/2018,11.1,11.17,10.65,11.11,1215989
02/08/2018,11.14,11.19,10.64,10.64,880364
02/09/2018,10.78,10.89,9.83,10.5599,1167419
02/12/2018,10.69,11.15,10.63,10.85,614190
02/13/2018,10.82,11.02,10.55,10.98,396388
02/14/2018,11.15,11.25,10.731,10.91,847315
02/15/2018,10.93,11.19,10.75,10.83,748798
02/16/2018,10.8,11.25,10.8,10.92,925561
02/20/2018,10.89,10.96,10.55,10.755,922474
02/21/2018,10.67,11.05,10.67,10.93,828566
02/22/2018,10.85,11.2,10.8,10.82,453146
02/23/2018,10.87,11.04,10.73,11,529659
02/26/2018,10.99,11.16,10.92,11.045,574727
02/27/2018,11.06,11.29,10.91,10.95,543953
02/28/2018,11.2,11.7,10.07,10.45,1714552
03/01/2018,10.39,10.67,10.16,10.24,1314645
03/02/2018,10.14,10.51,9.89,10.47,1056057
03/05/2018,10.85,11.35,10.521,11,1211948
03/06/2018,11.01,11.2167,10.83,10.99,604165
03/07/2018,10.95,11.06,10.65,11.06,578795
03/08/2018,11.08,11.4,11.08,11.295,668110
03/09/2018,11.37,11.75,11.21,11.43,845207
03/12/2018,11.47,11.78,11.11,11.75,675957
03/13/2018,11.74,12,11.35,11.5,1090028
03/14/2018,11.65,11.9,11.49,11.57,622142
03/15/2018,11.58,11.7,11.15,11.24,744827
03/16/2018,11.27,11.63,11.18,11.49,1023608
03/19/2018,11.39,12.09,11.16,11.29,1033322
03/20/2018,11.31,11.51,10.94,10.98,707546
03/21/2018,11.21,12.54,11.19,12.48,1935362
03/22/2018,12.36,13.85,12,13.17,2122985
03/23/2018,13.24,13.77,12.7235,12.891,1600296
03/26/2018,13.18,13.5944,12.52,13.27,1416178
03/27/2018,13.3,14,12.52,12.7,2046963
03/28/2018,12.67,12.9025,11.7361,12.54,1718336
03/29/2018,12.54,13.25,12.54,12.93,992968
04/02/2018,13.15,13.23,12.11,12.67,1095525
04/03/2018,12.69,13.14,12.38,12.61,678492
04/04/2018,12.35,12.68,12.1,12.4,1121867
04/05/2018,12.8,13.07,12.54,12.64,1122440
04/06/2018,12.43,12.63,12.02,12.15,1042182
04/09/2018,12.45,12.472,11.5,11.52,1577398
04/10/2018,11.71,12.06,11.6,11.87,971255
04/11/2018,11.9,12.12,11.5,11.84,926217
04/12/2018,11.95,11.9999,11.52,11.72,986107
04/13/2018,11.71,12.66,11.58,12.39,1451982
04/16/2018,12.47,12.7,12,12.22,952406
04/17/2018,12.25,12.54,12.09,12.34,759894
04/18/2018,12.43,13.2098,12.33,12.67,1421902
04/19/2018,12.63,13.2,12.42,13.04,1391327
04/20/2018,13.01,13.48,12.8689,13.39,1153158
04/23/2018,13.3,13.424,12.67,13.08,1181806
04/24/2018,13.45,13.49,12.8,13.13,951045
04/25/2018,13.14,13.2,12.7,13.085,1046376
04/26/2018,13.12,13.2913,12.73,12.91,916692
04/27/2018,12.97,13.2,12.75,13.09,1198423
04/30/2018,14,14.6,13.28,14.29,3541136
05/01/2018,14.35,15,14.11,14.7,2143848
05/02/2018,9.65,10.81,8.9,10.45,437742
05/03/2018,10.5,12.4,10.1,11.08,5852988
05/04/2018,11,11.95,11,11.7,2022946
05/07/2018,11.48,12.6427,11.3528,12.39,1792286
05/08/2018,12.59,13.3199,12.55,13.08,1819894
05/09/2018,13.12,13.31,12.75,13.09,911589
05/10/2018,13.1,13.11,12.42,12.46,813854
05/11/2018,12.46,12.67,12.15,12.58,887144
05/14/2018,12.69,13.2,12.69,12.89,809088
05/15/2018,12.82,13.09,12.81,12.885,640025
05/16/2018,12.89,13.15,12.8,12.87,765725
05/17/2018,12.85,12.93,12.41,12.49,802241
05/18/2018,12.51,12.79,12.26,12.47,647356
05/21/2018,12.48,12.61,11.79,11.85,991640
05/22/2018,11.71,12.12,11.7,11.84,552011
05/23/2018,11.79,12.06,11.605,11.81,555828
05/24/2018,11.86,11.86,11.45,11.73,481237
05/25/2018,11.72,12.33,11.64,12.16,574571
05/29/2018,12.17,12.17,11.67,11.84,575425
05/30/2018,11.98,12.35,11.91,12.27,719517
05/31/2018,12.36,12.47,11.93,12.4,639498
06/01/2018,12.4,12.4,12.09,12.1,773275
06/04/2018,12.15,12.374,11.86,11.91,476071
06/05/2018,11.9,12.14,11.721,12.06,487776
06/06/2018,12.07,12.35,12,12.05,548743
06/07/2018,12.1,12.1658,11.85,12.1,526918
06/08/2018,12,12.37,11.895,11.93,555591
06/11/2018,11.98,12.15,11.83,12.06,476505
06/12/2018,12.08,12.1215,11.77,11.95,559222
06/13/2018,12.02,12.155,11.81,11.94,614087
06/14/2018,11.96,12.19,11.86,12.11,759981
06/15/2018,12.05,12.19,11.7,11.79,1300465
06/18/2018,11.8,11.86,11.31,11.71,733101
06/19/2018,11.7,12.34,11.55,12.21,681511
06/20/2018,12.24,13.29,12.2145,13.02,1276092
06/21/2018,13.25,13.479,12.4,12.46,1169677
06/22/2018,12.5,12.67,12,12.41,1302489
06/25/2018,12.61,12.8,11.99,12.02,1071275
06/26/2018,10.5,10.57,8.73,9.6,8224108
06/27/2018,9.66,9.66,8.811,8.93,2611772
06/28/2018,8.93,9.1,8.221,8.9,1977568
06/29/2018,8.97,9,8.529,8.66,1260633
07/02/2018,8.66,9.06,8.65,8.93,1984686
07/03/2018,9,9.04,8.8,8.91,424688
07/05/2018,9.01,9.07,8.5,8.58,636424
07/06/2018,8.6,8.75,8.42,8.5,849106
07/09/2018,8.49,8.51,7.64,7.76,2602716
07/10/2018,7.82,7.9082,7.43,7.85,1332443
07/11/2018,7.78,8.38,7.74,8.29,1150548
07/12/2018,8.29,8.64,8.08,8.34,1175862
07/13/2018,8.42,8.44,7.8,7.8,847085
07/16/2018,7.75,7.78,7.03,7.06,2024477
07/17/2018,7.07,7.44,6.9,7.2,1036458
07/18/2018,7.1,7.29,6.97,7.23,766871
07/19/2018,7.22,7.73,7.16,7.41,1261773
07/20/2018,7.5,7.69,7.1,7.12,1021267
07/23/2018,7.07,7.48,7.015,7.28,831816
07/24/2018,7.33,7.489,7.14,7.21,508997
07/25/2018,7.11,7.48,7.04,7.19,1108899
07/26/2018,7.19,7.3701,7.07,7.07,421505
07/27/2018,7.16,7.16,6.8,6.83,1067524
07/30/2018,6.83,6.97,6.23,6.32,1529436
07/31/2018,6.35,7.27,6.29,7.13,1144913
08/01/2018,7.07,7.2198,6.84,6.9,570714
08/02/2018,6.94,7.07,6.74,6.96,452262
08/03/2018,7.05,7.1,6.7207,6.8699,611567
08/06/2018,6.89,7.04,6.75,7.01,515973
08/07/2018,6.44,7.05,6.29,6.89,972834
08/08/2018,6.64,6.85,6.21,6.5,1181668
08/09/2018,6.47,6.68,6.33,6.33,665428
08/10/2018,6.34,6.51,6.16,6.18,616986
08/13/2018,6.18,6.3,5.11,5.81,2034076
08/14/2018,5.85,5.98,5.48,5.66,564794
08/15/2018,5.6,5.64,5.32,5.61,599742
08/16/2018,5.6,5.725,5.43,5.66,629792
08/17/2018,5.62,5.95,5.61,5.92,455677
08/20/2018,5.87,5.87,5.32,5.42,744441
08/21/2018,5.41,5.55,5.25,5.39,601703
08/22/2018,5.36,5.5,5.225,5.33,384083
08/23/2018,5.3,5.3632,4.96,5.11,1092890
08/24/2018,5.1,5.42,5.07,5.25,789425
08/27/2018,5.27,5.3,4.95,5.09,742125
08/28/2018,5.07,5.4,4.94,5.38,754464
08/29/2018,5.37,5.48,5.165,5.18,520097
08/30/2018,5.2,5.36,5.1,5.13,566665
08/31/2018,5.12,5.39,5.12,5.3,496872
09/04/2018,5.27,5.3,5,5.25,628037
09/05/2018,5.21,5.33,5.03,5.04,580982
09/06/2018,5.05,5.09,4.8657,4.99,799822
09/07/2018,4.94,5.1,4.8759,5.05,458887
09/10/2018,5.04,5.14,4.76,4.825,500257
09/11/2018,4.82,4.92,4.62,4.79,586505
09/12/2018,4.8,4.8,4.63,4.64,423515
09/13/2018,4.65,4.7203,4.47,4.59,687379
09/14/2018,4.58,4.65,4.41,4.46,674352
09/17/2018,4.49,4.4934,4.09,4.12,1116836
09/18/2018,4.11,4.44,4.06,4.27,765773
09/19/2018,4.3,4.68,4.1996,4.57,622358
09/20/2018,4.56,4.58,4.26,4.3,693532
09/21/2018,4.3,4.37,4.16,4.2,4335772
09/24/2018,4.16,4.405,4.15,4.39,624693
09/25/2018,4.39,4.49,4.14,4.15,588550
09/26/2018,4.16,4.16,3.82,4.08,1509919
09/27/2018,4.08,4.145,3.9899,4.005,393251
09/28/2018,4.05,4.0966,3.96,3.98,603147
10/01/2018,3.99,4.16,3.93,4.03,475427
10/02/2018,4.01,4.32,3.99,4.2,666425
10/03/2018,4.23,4.84,4.2,4.67,1127346
10/04/2018,4.67,4.7,4.21,4.25,752781
10/05/2018,4.22,4.3227,4,4.09,705406
10/08/2018,4.06,4.06,3.82,3.96,788242
10/09/2018,3.96,4.25,3.92,4.13,526861
10/10/2018,4.11,4.15,3.93,3.94,512690
10/11/2018,3.91,4.1,3.81,3.84,573093
10/12/2018,3.91,3.96,3.7,3.72,536492
10/15/2018,3.71,3.8,3.31,3.745,727786
10/16/2018,3.8,4.2,3.78,4.09,510485
10/17/2018,4.12,4.24,4,4.12,452625
10/18/2018,4.06,4.11,3.8725,3.94,536406
10/19/2018,3.94,4.135,3.93,4.01,510907
10/22/2018,4,4.07,3.91,3.98,459576
10/23/2018,3.88,4.26,3.86,4.22,449671
10/24/2018,4.22,4.54,4.03,4.05,766156
10/25/2018,4.08,4.27,4.04,4.2,371936
10/26/2018,4.16,4.26,4.03,4.09,379451
10/29/2018,4.13,4.1899,3.935,4.03,442527
10/30/2018,4.01,4.1508,3.8201,3.96,317494
10/31/2018,4.01,4.05,3.68,3.86,502287
11/01/2018,3.87,4.04,3.85,3.91,302679
11/02/2018,3.96,4.03,3.68,3.74,466498
11/05/2018,3.75,3.91,3.24,3.26,1230288
11/06/2018,3.25,3.32,3.2,3.25,719616
11/07/2018,3.26,3.29,3.07,3.08,888319
11/08/2018,2.49,2.99,2.1001,2.645,2723867
11/09/2018,2.64,2.65,2.15,2.25,1631998
11/12/2018,2.23,2.25,1.745,1.96,1540911
11/13/2018,1.96,2,1.77,1.92,1251240
11/14/2018,1.94,1.94,1.7,1.8,1079624
11/15/2018,1.8,1.8,1.76,1.775,529968
11/16/2018,1.77,1.84,1.56,1.64,1092694
11/19/2018,1.6,1.84,1.6,1.8,928410
11/20/2018,1.75,2.02,1.6101,1.95,1397601
11/21/2018,2,2,1.73,1.78,433488
11/23/2018,1.8,2,1.7701,1.89,258062
11/26/2018,1.91,1.9405,1.7,1.7,845866
11/27/2018,1.71,1.7199,1.63,1.67,567320
11/28/2018,1.76,1.85,1.67,1.8,1480348
11/29/2018,1.8,1.89,1.69,1.7,544594
11/30/2018,1.72,1.7415,1.6,1.635,701585
12/03/2018,1.64,1.68,1.6,1.66,820366
12/04/2018,1.63,1.66,1.5,1.51,765298
12/06/2018,1.52,1.55,1.41,1.48,633745
12/07/2018,1.48,1.55,1.36,1.39,597534
12/10/2018,1.45,1.79,1.3752,1.7,2321099
12/11/2018,1.76,1.78,1.56,1.73,1610263
12/12/2018,1.74,1.93,1.67,1.8,1549394
12/13/2018,1.85,1.87,1.69,1.71,1142200
12/14/2018,1.69,1.69,1.56,1.63,711011
12/17/2018,1.61,1.69,1.5,1.55,1291292
12/18/2018,1.56,1.59,1.14,1.3899,1086432
12/19/2018,1.51,1.5146,1.27,1.28,656113
12/20/2018,1.26,1.39,1.2,1.34,1134501
12/21/2018,1.35,1.35,1.15,1.31,1291881
12/24/2018,1.28,1.4,1.18,1.2,300632
12/26/2018,1.23,1.3617,1.18,1.33,519598
12/27/2018,1.31,1.44,1.31,1.39,513036
12/28/2018,1.36,1.39,1.26,1.31,645214
12/31/2018,1.3,1.33,1.17,1.23,1438740
01/02/2019,1.23,1.28,1.17,1.26,536538
01/03/2019,1.26,1.26,1.15,1.18,541862
01/04/2019,1.22,2.11,1.1911,1.6811,8667826
01/07/2019,1.7,1.75,1.55,1.685,2399944
01/08/2019,1.71,1.71,1.36,1.48,1581524
01/09/2019,1.48,1.53,1.32,1.37,1201656
01/10/2019,1.34,1.48,1.29,1.43,1094492
01/11/2019,1.43,1.45,1.35,1.38,421931
01/14/2019,1.39,1.45,1.37,1.4,820921
01/15/2019,1.41,1.44,1.37,1.38,522802
01/16/2019,1.39,1.42,1.3249,1.335,477477
01/17/2019,1.32,1.345,1.25,1.29,519559
01/18/2019,1.29,1.39,1.26,1.32,562423
01/22/2019,1.31,1.36,1.26,1.295,833961
01/23/2019,1.3,1.4,1.21,1.22,1112114
01/24/2019,1.25,1.2683,1.2,1.22,574382
01/25/2019,1.24,1.45,1.22,1.38,1799979
01/28/2019,1.38,1.65,1.33,1.63,1586627
01/29/2019,1.64,1.88,1.55,1.755,1703533
01/30/2019,1.74,1.78,1.62,1.7,560386
01/31/2019,1.69,1.69,1.5,1.5,726329
02/01/2019,1.5,1.55,1.42,1.42,582680
02/04/2019,1.44,1.44,1.35,1.3725,573809
02/05/2019,1.38,1.53,1.34,1.36,1035896
02/06/2019,1.38,1.48,1.35,1.47,709086
02/07/2019,1.47,1.48,1.35,1.44,739531
02/08/2019,1.43,1.435,1.33,1.42,606940
02/11/2019,1.42,1.423,1.34,1.39,617548
02/12/2019,1.41,1.46,1.35,1.42,510931
02/13/2019,1.41,1.6,1.39,1.6,1115489
02/14/2019,1.6,1.63,1.4,1.42,2026277
02/15/2019,0.8927,0.95,0.8899,0.9178,10004364
02/19/2019,0.92,0.9201,0.88,0.89,2525034
02/20/2019,0.89,0.895,0.855,0.86,1954813
02/21/2019,0.88,0.91,0.8521,0.866,3184017
02/22/2019,0.889,0.889,0.7781,0.7787,2832793
02/25/2019,0.8024,0.82,0.762,0.808,1808152
02/26/2019,0.8088,0.81,0.77,0.79,812107
02/27/2019,0.8,0.806,0.7745,0.7747,643107
02/28/2019,0.8,0.8055,0.725,0.7299,1271444
03/01/2019,0.7343,0.7893,0.69,0.7756,1629949
03/04/2019,0.78,0.79,0.75,0.77,700428
03/05/2019,0.78,0.78,0.74,0.7611,919240
03/06/2019,0.7799,0.7799,0.7211,0.7277,845538
03/07/2019,0.74,0.74,0.6802,0.699,882968
03/08/2019,0.68,0.69,0.63,0.6464,1492182
03/11/2019,0.6588,0.68,0.62,0.6277,1603571
03/12/2019,0.6499,0.6499,0.581,0.605,3133001
03/13/2019,0.64,0.6491,0.5703,0.5782,5047208
03/14/2019,0.5327,0.59,0.51,0.512,3518660
03/15/2019,0.53,0.5799,0.52,0.5607,2494539
03/18/2019,0.5698,0.585,0.533,0.55,2168474
03/19/2019,0.55,0.5788,0.515,0.524,2917871
03/20/2019,0.55,0.5511,0.52,0.5401,1048804
03/21/2019,0.55,0.6,0.54,0.56,2119142
03/22/2019,0.5485,0.5577,0.52,0.521,1590318
03/25/2019,0.525,0.54,0.5025,0.5115,1077368
03/26/2019,0.528,0.536,0.483,0.4967,2272390
03/27/2019,0.51,0.5243,0.47,0.471,1799181
03/28/2019,0.48,0.488,0.451,0.46,2472646
03/29/2019,0.41,0.4849,0.4,0.4576,2226730
04/01/2019,0.4682,0.47,0.4201,0.4302,1150585
04/02/2019,0.4369,0.4435,0.415,0.4339,1807469
04/03/2019,0.43,0.5,0.4201,0.4751,2198934
04/04/2019,0.5188,0.5999,0.49,0.5155,4056179
04/05/2019,0.55,0.569,0.5175,0.5412,1790603
04/08/2019,0.545,0.545,0.5011,0.52,1426724
04/09/2019,0.48,0.535,0.48,0.5121,1312694
04/10/2019,0.5061,0.54,0.489,0.518,1599591
04/11/2019,0.5072,0.53,0.48,0.49,481641
04/12/2019,0.46,0.5198,0.46,0.495,1083027
04/15/2019,0.2216,0.33,0.145,0.1556,34807010
04/16/2019,0.16,0.22,0.159,0.1732,26521820
04/17/2019,0.178,0.195,0.1721,0.1839,7402685
04/18/2019,0.1775,0.179,0.163,0.1675,2793158
04/22/2019,0.175,0.175,0.151,0.1511,4761890
04/23/2019,0.1593,0.1596,0.13,0.137,4267559
04/24/2019,0.118,0.13,0.1034,0.1075,9728746
04/25/2019,0.106,0.19,0.102,0.1141,47083362
