05/15/2006,9,9,7.9,7.99,299900
05/16/2006,8.02,8.3,7.99,8.11,97640
05/17/2006,8.71,9.43,8.42,8.53,84860
05/18/2006,8.6,8.8,8.11,8.3,37060
05/19/2006,7.89,8.42,7.71,8.13,48930
05/22/2006,8.89,8.89,7.85,8.05,19500
05/23/2006,8.04,8.1,7.9,7.96,27240
05/24/2006,7.9,8.25,7.59,7.99,29220
05/25/2006,7.92,8,7.85,8,11830
05/26/2006,8,8,7.85,7.85,17090
05/30/2006,8,8,7.8,7.8,2490
05/31/2006,7.9,8,7.56,7.9,20240
06/01/2006,7.84,8,7.6,8,76680
06/02/2006,8,8,7.8,8,2710
06/05/2006,8,8,7.85,7.98,18370
06/06/2006,7.9,7.95,7.75,7.75,9100
06/07/2006,8.02,8.02,7.74,8,2700
06/08/2006,7.78,8.03,7.5,7.7,794210
06/09/2006,7.68,7.97,7.58,7.97,42610
06/12/2006,7.88,7.88,7.17,7.4,28380
06/13/2006,7.5,7.8,7.5,7.6,107350
06/14/2006,7.48,7.71,7.29,7.51,1210
06/15/2006,7.6,7.7,7.22,7.58,174720
06/16/2006,7.56,7.56,7.25,7.52,4900
06/19/2006,7.5,7.5,7.5,7.5,100
06/20/2006,7.5,7.75,7.5,7.6,5540
06/21/2006,7.9,7.9,7.17,7.32,40230
06/22/2006,7.82,7.82,7.05,7.05,30270
06/23/2006,7.4,7.4,6.75,6.92,42810
06/26/2006,7.24,7.24,6.79,6.79,4750
06/27/2006,6.98,6.98,6.44,6.44,10700
06/28/2006,6.43,7.64,6.25,6.26,14400
06/29/2006,6.5,6.79,6.23,6.49,52060
06/30/2006,6.5,6.77,6.5,6.63,9440
07/03/2006,7,7.19,6.7,7.01,10690
07/05/2006,6.75,7.18,6.75,7.18,2180
07/06/2006,6.85,7,6.2,6.81,10170
07/07/2006,6.75,7.01,6.65,6.94,24030
07/10/2006,7.01,7.43,6.95,7.43,3350
07/11/2006,7,7.69,6.97,7.34,41180
07/12/2006,7.15,7.29,6.99,7.04,35920
07/13/2006,7,7.02,6.99,7,9540
07/14/2006,7,7.34,6.98,7,63590
07/17/2006,6.99,7.05,6.99,7.05,2120
07/18/2006,7.05,7.1,7.01,7.01,4500
07/19/2006,7.35,7.35,7.1,7.35,2100
07/20/2006,7.34,7.4,7.06,7.29,1370
07/21/2006,7.1501,7.42,7.1501,7.26,600
07/24/2006,7.46,7.46,7.02,7.39,12550
07/25/2006,7.01,7.2,6.99,6.99,3400
07/26/2006,7.25,7.46,7.11,7.15,2180
07/27/2006,7.45,7.45,7.17,7.17,800
07/28/2006,7.43,7.45,7.19,7.19,6340
07/31/2006,6.99,7.48,6.99,7.48,6730
08/01/2006,7.12,7.47,7.12,7.35,800
08/02/2006,7.2,7.55,7.18,7.44,8380
08/03/2006,7.56,7.57,7.1,7.1,2300
08/04/2006,7.2,7.25,6.99,7.25,2090
08/07/2006,7.15,7.5,7.15,7.25,1670
08/08/2006,7.25,7.25,6.99,6.99,2790
08/09/2006,7,7.03,7,7,1510
08/10/2006,7.1,7.1,6.97,6.97,1600
08/11/2006,7.13,7.14,7.07,7.14,3900
08/14/2006,6.95,7.44,6.95,7.44,29200
08/15/2006,7.45,7.72,7.43,7.49,8600
08/16/2006,7.4,7.42,7.35,7.37,4870
08/17/2006,7.43,7.43,7.3,7.3,12720
08/18/2006,7.75,7.75,7.27,7.31,6800
08/21/2006,7.25,7.31,7.25,7.28,36000
08/22/2006,7.25,7.25,7.12,7.25,62430
08/23/2006,7.2,7.29,7.2,7.27,9890
08/24/2006,7.11,7.11,6.96,7,8300
08/25/2006,7.01,7.01,6.94,7,5500
08/28/2006,7,7,6.85,6.85,5450
08/29/2006,7.04,7.04,6.82,6.94,7950
08/30/2006,6.64,6.68,6.47,6.5,9100
08/31/2006,6.52,6.65,6.52,6.6,5460
09/01/2006,6.68,6.75,6.6,6.75,16050
09/05/2006,6.66,6.95,6.66,6.85,1870
09/06/2006,6.9,6.9,6.8884,6.8884,560
09/07/2006,6.85,6.95,6.84,6.95,6500
09/08/2006,6.85,6.86,6.78,6.85,3100
09/11/2006,6.87,6.91,6.87,6.91,200
09/12/2006,7.01,7.0145,6.95,6.95,5980
09/13/2006,6.84,6.91,6.83,6.91,3700
09/14/2006,6.83,7.22,6.83,7,9220
09/15/2006,6.99,7,6.89,7,500
09/18/2006,6.75,8.72,6.75,7.88,115060
09/19/2006,8.27,8.27,7.48,7.9,170510
09/20/2006,7.73,8,7.62,8,6560
09/21/2006,7.99,7.99,7.59,7.68,2550
09/22/2006,7.489,8.01,7.48,7.97,3350
09/25/2006,8,8,7.75,7.88,1780
09/26/2006,7.87,7.9,7.87,7.9,1800
09/27/2006,8,8,7.55,7.64,4240
09/28/2006,7.5,7.8,7.46,7.8,700
09/29/2006,7.94,7.94,7.6,7.82,74570
10/02/2006,7.82,8,7.53,7.85,3370
10/03/2006,7.6,7.6,7.6,7.6,110
10/04/2006,7.6,7.88,7.44,7.5,8880
10/05/2006,7.5,7.8,7.5,7.8,5900
10/06/2006,7.99,8.14,7.82,8.05,5200
10/09/2006,8.14,8.14,7.68,8.05,3730
10/10/2006,8.05,8.25,8.05,8.25,22500
10/11/2006,8.4,9.49,8.4,9,107080
10/12/2006,9.35,9.9767,9.25,9.35,33520
10/13/2006,9.35,9.85,9.26,9.4,14730
10/16/2006,9.87,10.75,9.87,10.75,72760
10/17/2006,10.59,10.78,10.21,10.5,16380
10/18/2006,10.25,10.5,10.25,10.26,18810
10/19/2006,10.26,10.84,10.25,10.37,26580
10/20/2006,10.61,10.62,10.11,10.31,21760
10/23/2006,10.3,10.58,10.22,10.22,14150
10/24/2006,10.72,10.92,10.2706,10.47,21860
10/25/2006,10.6,10.85,10,10.85,35190
10/26/2006,10.95,11.02,10.33,10.54,45980
10/27/2006,10.35,11.05,10.33,11.05,34510
10/30/2006,11.06,12.5,11,12.5,30980
10/31/2006,12.49,13.57,11.95,13.34,43130
11/01/2006,13.5,13.5,12.59,12.66,49950
11/02/2006,12.5,12.92,12.5,12.66,38720
11/03/2006,12.71,14.26,12.63,14,116430
11/06/2006,14.57,15.53,14.37,15.38,88620
11/07/2006,15.04,15.36,14.56,14.7,50270
11/08/2006,14.56,14.56,13.7,13.76,30680
11/09/2006,13.96,13.96,12.42,12.42,49990
11/10/2006,12.55,12.55,11.5,11.67,99140
11/13/2006,11.77,12.12,11.77,12.1,55710
11/14/2006,12.1,12.31,12,12.31,42870
11/15/2006,12.24,12.72,12.24,12.5,22290
11/16/2006,12.51,12.51,11.82,12.12,32330
11/17/2006,12.11,12.15,11.53,11.66,15800
11/20/2006,11.83,11.85,11.79,11.83,6530
11/21/2006,11.81,11.9,11.62,11.62,3670
11/22/2006,11.62,11.62,11.5,11.51,4010
11/24/2006,11.9,11.99,11.69,11.99,69830
11/27/2006,11.995,11.995,11.85,11.85,14040
11/28/2006,11.82,11.83,10.81,10.86,50580
11/29/2006,11,11.17,10.81,10.84,35710
11/30/2006,10.8,10.8,10.5,10.56,49180
12/01/2006,10.59,10.74,10.42,10.45,67270
12/04/2006,10.57,11.02,10.36,10.7,283070
12/05/2006,10.6,11.95,10.6,11.37,415650
12/06/2006,11,12.23,10.9,11.79,172600
12/07/2006,12.21,12.31,11.73,11.94,55790
12/08/2006,11.8,12.2,11.44,11.44,106200
12/11/2006,11.4549,11.51,11.205,11.5,43640
12/12/2006,11.78,12.81,11.65,12.13,171250
12/13/2006,13.24,13.24,12.15,12.7,413490
12/14/2006,12.64,12.9951,12.64,12.94,146530
12/15/2006,13.05,13.05,12.44,12.74,64260
12/18/2006,12.68,12.99,12.56,12.82,35390
12/19/2006,12.75,12.8,12.21,12.33,132290
12/20/2006,12.34,13,12.34,13,60720
12/21/2006,13.05,13.54,12.75,13.3,362230
12/22/2006,13.41,13.57,12.97,13.14,36910
12/26/2006,13.12,13.32,12.86,13.2,84990
12/27/2006,13.15,13.44,13.14,13.29,79260
12/28/2006,13.2,13.5,13.07,13.29,70820
12/29/2006,13.37,13.37,13.04,13.19,27110
01/03/2007,13.35,13.35,12.76,13.1,14430
01/04/2007,13.12,13.25,12.985,13,4110
01/05/2007,13.08,13.18,12.55,12.82,49500
01/08/2007,12.75,12.75,12.2,12.44,15250
01/09/2007,12.54,12.7,12.49,12.54,13600
01/10/2007,12.5,12.82,12.27,12.69,24130
01/11/2007,12.76,13.1,12.72,12.8,45860
01/12/2007,12.8,12.8,12.3,12.56,27030
01/16/2007,12.71,12.8,12.48,12.59,33410
01/17/2007,12.58,12.75,12.33,12.53,25100
01/18/2007,12.48,12.54,12.2,12.41,19560
01/19/2007,12.7,12.7,12.39,12.4,17100
01/22/2007,12.39,12.43,12.18,12.19,19640
01/23/2007,12.15,12.15,11.78,12.07,79070
01/24/2007,12.18,12.18,11.76,12.18,33810
01/25/2007,12.25,13.46,12.16,13.21,656800
01/26/2007,13.49,14.24,13.45,14.24,151550
01/29/2007,14.55,16.07,14.52,15.66,230080
01/30/2007,15.67,16,15.44,15.51,279670
01/31/2007,15.32,15.56,14.91,15.4,220000
02/01/2007,15.59,15.59,14.373,15,86120
02/02/2007,14.95,14.95,14.53,14.65,55660
02/05/2007,15.01,17.07,15.01,15.97,174540
02/06/2007,16.1249,16.77,16.06,16.19,141230
02/07/2007,16.11,17.7,16.11,17.32,191240
02/08/2007,17.39,17.82,16.69,17.52,329660
02/09/2007,17.22,18.7,17.13,18.48,928080
02/12/2007,18.21,18.3,17.55,17.73,245440
02/13/2007,17.98,18.02,17.4,17.87,312550
02/14/2007,18.11,18.11,17.53,17.9,114530
02/15/2007,17.81,17.89,17.1,17.39,153380
02/16/2007,17.41,17.42,16.77,17.03,118370
02/20/2007,17.02,17.17,16.36,16.48,211850
02/21/2007,16.42,17,16.42,16.94,138590
02/22/2007,17,17.15,16.76,16.98,103780
02/23/2007,17,17.16,16.68,16.86,202490
02/26/2007,16.8,16.8,16.6601,16.73,28890
02/27/2007,16.68,16.85,16.17,16.48,30770
02/28/2007,16.72,16.98,16.1755,16.51,87460
03/01/2007,16.27,16.33,15.83,15.91,55740
03/02/2007,15.8,15.8,15.0556,15.45,71960
03/05/2007,15.17,15.83,14.76,15.28,102790
03/06/2007,15.31,15.8,14.9556,15.27,67990
03/07/2007,15.29,15.45,15,15.07,48570
03/08/2007,15.13,15.39,14.91,15.36,66760
03/09/2007,15.41,15.63,15.16,15.43,86280
03/12/2007,15.75,16.11,15.69,15.9,58060
03/13/2007,15.86,16.11,15.4,15.49,64240
03/14/2007,15.41,15.82,15.08,15.29,59020
03/15/2007,15.29,15.55,15.08,15.36,42570
03/16/2007,15.47,15.47,15.06,15.07,40260
03/19/2007,15.11,15.48,14.74,15.23,46330
03/20/2007,15.09,15.4,14.95,15.39,48780
03/21/2007,15.48,15.57,15.14,15.53,72120
03/22/2007,15.52,15.57,15.16,15.38,41150
03/23/2007,15.32,15.86,15.32,15.83,50440
03/26/2007,15.87,16.09,15.6,15.7,41830
03/27/2007,15.73,15.73,15.25,15.3,38020
03/28/2007,15.32,15.65,14.84,15.55,46850
03/29/2007,15.6,15.89,14.81,15.78,73610
03/30/2007,15.87,16.54,15.87,16.54,175400
04/02/2007,16.54,16.97,16.35,16.87,110390
04/03/2007,16.89,16.99,16.6,16.99,42190
04/04/2007,16.99,17.15,16.3793,16.9,70610
04/05/2007,16.65,17.3,16.52,16.91,68010
04/09/2007,17.03,17.28,16.58,17.19,54390
04/10/2007,17.18,17.26,17.09,17.23,40890
04/11/2007,17.12,17.25,16.93,16.98,58710
04/12/2007,17.02,17.2,16.75,17.17,61810
04/13/2007,17.22,17.57,16.97,17.53,84290
04/16/2007,17.69,18.3,17.45,18.24,162530
04/17/2007,18.3,19.13,18.15,18.93,216600
04/18/2007,18.95,18.95,18.17,18.27,63020
04/19/2007,18.31,18.47,18.02,18.08,28710
04/20/2007,18.21,18.48,17.88,18.2,43790
04/23/2007,18.16,18.3,18.02,18.2,26560
04/24/2007,18,18.23,17.97,18.02,15070
04/25/2007,18.19,18.23,17.9,18.16,34840
04/26/2007,18.47,18.48,17.87,18.42,67460
04/27/2007,18.52,18.72,18.24,18.4,45130
04/30/2007,18.39,18.77,18.33,18.77,28850
05/01/2007,18.74,18.91,18.11,18.2,102260
05/02/2007,18.2,18.24,17.93,18.01,43070
05/03/2007,18.52,18.52,18.04,18.27,40990
05/04/2007,18.63,18.63,18.12,18.34,31610
05/07/2007,18.52,18.52,18.18,18.47,31760
05/08/2007,18.49,18.49,17.85,18.23,44140
05/09/2007,18.27,18.32,18.14,18.32,11010
05/10/2007,18.27,18.31,18.1,18.14,19870
05/11/2007,17.97,18.17,17.97,18.11,33410
05/14/2007,18.45,18.56,18.21,18.37,45430
05/15/2007,18.46,18.5,18.2,18.29,80110
05/16/2007,18.26,18.54,17.66,18.42,90120
05/17/2007,18.49,18.49,18.19,18.25,24500
05/18/2007,18.23,18.53,18,18.15,756400
05/21/2007,18.11,18.7,17.84,18.2,118550
05/22/2007,18.28,18.58,17.85,18.2,136940
05/23/2007,18.3,18.5,17.54,17.95,76630
05/24/2007,18.25,18.25,17.1,17.47,127370
05/25/2007,17.52,18.01,17.49,17.63,89690
05/29/2007,17.59,17.98,17.26,17.77,92220
05/30/2007,17.61,18.2,17.21,17.49,90450
05/31/2007,17.86,18.26,17.46,18.26,282550
06/01/2007,17.9,18.78,17.9,18.73,154180
06/04/2007,18.75,19,18.53,18.98,145320
06/05/2007,19.04,19.25,18.41,18.69,177460
06/06/2007,18.7,18.93,18.21,18.38,79290
06/07/2007,18.55,18.65,17.49,17.57,93870
06/08/2007,17.59,18.74,17.18,17.7,161610
06/11/2007,17.66,18.11,17.66,17.96,45990
06/12/2007,17.87,18.1,17.11,17.85,287950
06/13/2007,17.98,18.3,17.75,18.14,113510
06/14/2007,18.09,18.2,17.93,17.9425,44390
06/15/2007,18.03,18.3,17.67,18.1,69440
06/18/2007,18.06,18.2,17.66,17.79,49760
06/19/2007,17.67,17.67,17.22,17.67,97150
06/20/2007,17.71,17.71,17.13,17.41,56800
06/21/2007,17.23,17.5,16.78,17.09,98240
06/22/2007,16.99,17.02,16.3957,16.41,1155590
06/25/2007,16.38,17.42,15.95,16.34,205070
06/26/2007,16.35,16.66,16.03,16.29,68080
06/27/2007,16.19,16.81,15.8,16.45,104170
06/28/2007,16.48,16.94,15.66,15.99,99840
06/29/2007,16.05,19.51,15.51,15.63,91250
07/02/2007,15.69,15.74,15.16,15.24,176060
07/03/2007,15.33,16.14,15.23,15.49,80650
07/05/2007,15.51,16.01,15.39,15.75,81030
07/06/2007,15.7,16.23,15.65,16.1,29150
07/09/2007,16.1,16.49,15.97,16.1,44550
07/10/2007,15.97,16.1,15.37,15.48,130910
07/11/2007,15.41,15.82,15.01,15.63,81450
07/12/2007,15.76,16.25,15.5,16.02,104150
07/13/2007,16.04,17.04,15.99,16.11,103340
07/16/2007,16.04,16.3,15.85,15.96,87580
07/17/2007,15.96,16.3,15.8,16.1,31090
07/18/2007,16.05,16.2,15.44,16,56120
07/19/2007,16.05,16.18,16.05,16.14,50560
07/20/2007,16.1,16.13,15.12,15.62,111010
07/23/2007,15.65,16,15.58,15.7,48240
07/24/2007,15.6,16,14.96,15.08,195890
07/25/2007,15.22,15.37,14.56,15.03,183200
07/26/2007,14.76,15.69,14.53,15.06,137720
07/27/2007,15.03,15.13,13.97,13.98,125390
07/30/2007,14,15,13.06,14.49,613470
07/31/2007,14.49,15.1,13.88,14.43,405990
08/01/2007,14.4,14.8,13.68,13.81,96490
08/02/2007,13.84,14.27,13.62,13.7,424090
08/03/2007,13.75,14,12.91,12.98,174660
08/06/2007,13.03,13.5,12.41,13.3,106520
08/07/2007,13.33,13.88,13.12,13.69,70940
08/08/2007,13.84,15.61,13.41,14.68,208000
08/09/2007,14.44,15.14,14.23,14.47,85710
08/10/2007,14.3,15.15,14.15,14.78,100440
08/13/2007,15.04,15.71,14.75,15.2,178710
08/14/2007,15.24,16.12,15.22,15.78,92570
08/15/2007,15.78,15.8,15.05,15.48,153400
08/16/2007,15.28,16.05,15.02,15.99,76150
08/17/2007,16.46,16.7,16.2,16.42,92930
08/20/2007,16.53,16.84,15.3,15.72,54480
08/21/2007,15.72,15.9,15.36,15.48,25780
08/22/2007,15.69,15.75,14.19,14.9,101030
08/23/2007,14.99,15.44,14.98,15.06,29980
08/24/2007,15.03,15.52,15.03,15.48,27140
08/27/2007,15.5,15.5,14.65,14.97,34220
08/28/2007,14.84,15.02,14.11,14.37,43040
08/29/2007,14.4,14.55,14.16,14.3,54960
08/30/2007,14.19,14.53,14.11,14.4,61440
08/31/2007,14.66,15.155,14.62,15.05,43870
09/04/2007,15.07,15.58,15,15.58,41060
09/05/2007,15.51,15.96,15.21,15.38,65990
09/06/2007,15.4,16.15,15.02,16.14,62420
09/07/2007,15.83,15.83,15.2,15.68,58470
09/10/2007,15.64,15.64,14.19,14.62,90450
09/11/2007,14.8,15.57,14.6,15.57,47540
09/12/2007,15.53,15.55,14.81,14.9,56030
09/13/2007,14.98,14.98,13.52,13.98,141870
09/14/2007,13.9,13.96,13.37,13.6,63150
09/17/2007,13.53,13.53,12.68,12.85,97810
09/18/2007,12.86,12.86,12.13,12.3,293610
09/19/2007,12.4,13.34,12.13,13.34,403590
09/20/2007,13.26,13.43,13.01,13.21,75000
09/21/2007,13.25,14.4,13.1,14.34,179730
09/24/2007,14.3,14.56,13.85,14.11,67540
09/25/2007,14,14.17,13.82,13.96,39180
09/26/2007,14.03,14.16,13.89,13.97,16840
09/27/2007,14.06,14.11,13.75,13.82,38390
09/28/2007,13.8,14,13.32,13.32,48700
10/01/2007,13.32,14.43,12.81,13.99,91250
10/02/2007,13.98,14.5,13.84,14.3,68250
10/03/2007,14.23,14.5,13.73,13.77,69480
10/04/2007,14,14.5,13.27,13.88,69070
10/05/2007,14.05,14.05,13.56,13.63,47250
10/08/2007,13.59,13.83,13.2595,13.4,41340
10/09/2007,13.49,14.1,13.39,13.77,38270
10/10/2007,13.7,13.71,13.38,13.58,40220
10/11/2007,13.64,14.49,13.64,13.75,53100
10/12/2007,13.74,14.5,13.74,14.34,32840
10/15/2007,14.32,14.56,14.32,14.47,46040
10/16/2007,14.44,14.44,13.8,14,55480
10/17/2007,14.17,14.52,13.79,13.96,59480
10/18/2007,13.91,14.28,13.77,13.9,36050
10/19/2007,13.91,13.91,13.32,13.56,58040
10/22/2007,13.4,13.71,13.22,13.45,32480
10/23/2007,13.53,13.6,13.37,13.48,35080
10/24/2007,13.38,13.6,12.44,13.5,48630
10/25/2007,13.52,13.59,12.49,12.92,109130
10/26/2007,13.05,14.3,12.84,14.21,45250
10/29/2007,14.26,14.43,13.86,14.08,27640
10/30/2007,14.03,14.59,13.76,13.85,48510
10/31/2007,13.94,13.97,13.69,13.77,45180
11/01/2007,13.68,13.77,13.2,13.44,82740
11/02/2007,13.41,14.18,12.96,13.5,50980
11/05/2007,13.53,13.53,12.51,12.94,42800
11/06/2007,12.97,13.02,12.61,12.92,32890
11/07/2007,12.71,12.82,11.75,12.16,82060
11/08/2007,12.25,12.43,11.43,11.83,121340
11/09/2007,11.69,12.36,11.33,11.98,87840
11/12/2007,12.08,12.08,10.98,11.31,125090
11/13/2007,11.39,12.45,11.22,11.58,73580
11/14/2007,11.53,12.219,11.35,11.35,65640
11/15/2007,11.33,11.65,10.82,10.97,57390
11/16/2007,11.01,11.1,10.17,10.27,196520
11/19/2007,10.15,10.57,9.73,10.29,206110
11/20/2007,10.18,10.3,9.7,10.26,88040
11/21/2007,10.22,10.54,10.04,10.07,41310
11/23/2007,10.25,10.65,10.2,10.27,22070
11/26/2007,10.36,10.73,10.13,10.65,92430
11/27/2007,10.69,11.17,10.66,10.99,145440
11/28/2007,11.16,11.94,11.16,11.73,170120
11/29/2007,11.64,12.08,11.57,11.8,73520
11/30/2007,12.02,12.31,11.92,12.19,66560
12/03/2007,12.16,12.29,11.93,12.12,54720
12/04/2007,12.02,12.46,12.02,12.27,50160
12/05/2007,12.53,12.55,12.1,12.46,50010
12/06/2007,12.45,13.26,12.45,13.25,103580
12/07/2007,13.32,13.8,13.15,13.79,57950
12/10/2007,13.8,14.06,13.19,13.29,95610
12/11/2007,13.39,13.6,13.23,13.31,72730
12/12/2007,13.58,14,13.43,13.78,102960
12/13/2007,13.65,14,13.52,13.9,103660
12/14/2007,14.51,16,14.33,15.25,434200
12/17/2007,15.19,16.15,15.13,15.99,257150
12/18/2007,15.86,16.72,15.78,16.46,350900
12/19/2007,16.34,17.49,16.02,16.98,347040
12/20/2007,17.16,17.49,16.72,17.25,224540
12/21/2007,17.57,18.14,17.39,18.08,308170
12/24/2007,18.25,18.28,17.72,18.24,48780
12/26/2007,18.09,18.78,17.61,18.24,120710
12/27/2007,18.26,18.26,17.25,17.27,58660
12/28/2007,17.49,17.74,17.14,17.25,40530
12/31/2007,17.1954,17.42,16.72,17.42,103650
01/02/2008,17.3,17.4949,16.8951,17.3,56370
01/03/2008,17.23,17.38,16.95,16.95,178910
01/04/2008,16.75,16.98,16.36,16.7,102630
01/07/2008,16.81,17.5,16.54,17,143180
01/08/2008,17.13,17.78,17,17.27,91100
01/09/2008,17.26,17.65,16.9,17.65,137720
01/10/2008,17.48,18.18,17.17,17.61,85400
01/11/2008,17.44,17.78,17.36,17.36,51070
01/14/2008,17.44,17.6,16.96,17.14,76360
01/15/2008,16.97,17,16.33,16.51,75570
01/16/2008,16.43,17.85,16.43,17.3,108280
01/17/2008,17.29,17.52,16.65,16.73,93820
01/18/2008,16.7,16.96,16.39,16.79,61110
01/22/2008,16.01,17.15,15.26,16.45,79590
01/23/2008,16,16.11,15.15,16.05,63010
01/24/2008,16.18,16.49,15.67,15.85,59550
01/25/2008,15.7,16.31,15.57,15.57,53160
01/28/2008,15.62,16.5,15.62,15.95,45120
01/29/2008,16.02,16.02,14.67,14.7,95700
01/30/2008,14.65,15.42,14.65,14.82,33090
01/31/2008,14.64,15.24,14.31,14.87,104290
02/01/2008,14.949,16.26,14.949,16.2,60000
02/04/2008,16.44,16.66,15.9,15.91,86790
02/05/2008,15.6,16.03,14.71,14.71,71000
02/06/2008,14.8,15.17,14.23,14.43,89750
02/07/2008,14.31,14.51,13.84,14.41,66770
02/08/2008,14.36,14.72,14.25,14.65,41410
02/11/2008,14.33,14.38,13.53,13.7,62630
02/12/2008,13.8,13.97,13.52,13.73,217240
02/13/2008,13.84,14.74,13.69,14.35,88930
02/14/2008,14.41,14.41,13.52,13.72,116770
02/15/2008,13.68,13.95,13.5,13.95,48600
02/19/2008,14.14,14.14,13.67,13.85,39540
02/20/2008,13.78,14.11,13.54,14.02,60350
02/21/2008,14.16,14.16,13.22,13.36,113150
02/22/2008,13.69,14.13,12.72,13.15,77460
02/25/2008,13.18,13.69,13.17,13.49,185020
02/26/2008,13.42,14.58,13.42,14.29,95340
02/27/2008,14.12,14.65,13.84,13.88,54200
02/28/2008,13.74,14.55,13.69,14.37,44670
02/29/2008,14.17,14.24,13.67,13.74,58620
03/03/2008,13.73,13.9,13.43,13.73,52660
03/04/2008,13.56,13.75,13.07,13.54,61890
03/05/2008,13.63,13.63,12.91,13.26,22760
03/06/2008,13.14,13.94,12.9,12.9,89530
03/07/2008,12.75,13.54,12.41,12.91,76030
03/10/2008,12.91,13.37,11.83,12.1,39710
03/11/2008,12.44,13.03,11.99,12.27,82800
03/12/2008,12.4,13.73,12.32,12.9,46060
03/13/2008,12.9,13.56,12.04,13.5,148220
03/14/2008,13.59,14.18,12.38,13.81,106540
03/17/2008,13.45,13.51,12.72,13.12,74960
03/18/2008,13.43,13.74,12.62,13.72,57850
03/19/2008,13.93,14.32,13.02,14.24,76570
03/20/2008,14.3,14.3,12.54,12.67,182420
03/24/2008,12.8,14.95,12.8,13.76,173100
03/25/2008,13.79,15.82,13.42,15.25,146530
03/26/2008,15.3,15.35,14.68,14.74,56890
03/27/2008,14.81,15.18,6.34,6.5,4207090
03/28/2008,8.9,9.45,7.7,8.45,4940600
03/31/2008,8.62,8.87,7.83,8,844550
04/01/2008,7.88,8.57,7.71,8.31,1148760
04/02/2008,8.37,8.78,8.23,8.53,400740
04/03/2008,8.61,10.45,8.55,9.55,1300880
04/04/2008,9.51,9.9001,9.51,9.77,327670
04/07/2008,9.9,10.14,9.79,9.96,201840
04/08/2008,10.23,10.23,9.62,9.97,197730
04/09/2008,9.96,10.04,9.54,9.55,261810
04/10/2008,9.57,9.73,9.25,9.37,194290
04/11/2008,9.35,9.6,9.01,9.35,149710
04/14/2008,9.39,9.95,9.21,9.94,155120
04/15/2008,9.91,9.99,9.49,9.93,174550
04/16/2008,10.05,10.15,9.75,10,145100
04/17/2008,10.05,10.05,9.74,9.86,92720
04/18/2008,10.06,10.23,9.85,10.07,130600
04/21/2008,9.99,10.16,9.87,9.99,111210
04/22/2008,11,11.25,9.99,10.03,485720
04/23/2008,10.05,10.27,9.53,10.12,180150
04/24/2008,10.08,10.26,9.82,10.19,64960
04/25/2008,10.28,10.3,9.9,9.98,46670
04/28/2008,9.93,10.19,9.6796,10.16,171940
04/29/2008,10.2,10.2,9.66,9.93,420610
04/30/2008,9.67,10.04,9.57,9.82,76400
05/01/2008,9.79,10.73,9.78,10.55,179200
05/02/2008,10.66,11.04,10.46,10.86,151350
05/05/2008,10.86,10.93,10.5,10.73,127070
05/06/2008,10.64,10.64,10.05,10.19,195230
05/07/2008,10.32,10.61,10.1,10.32,100320
05/08/2008,10.48,10.81,10.047,10.81,97440
05/09/2008,10.8,11.42,10.61,10.98,153090
05/12/2008,11.04,11.35,10.8,11.3,79930
05/13/2008,11.29,11.94,10.9,11.55,187090
05/14/2008,11.54,11.98,11.54,11.75,104670
05/15/2008,11.78,12.05,11.52,11.67,82060
05/16/2008,11.79,12.08,11.35,12.05,132200
05/19/2008,12.03,12.41,11.58,11.76,92580
05/20/2008,11.68,11.7,11.1,11.34,128850
05/21/2008,11.37,11.52,11.05,11.1,90770
05/22/2008,11.11,11.63,10.8,11.38,97820
05/23/2008,11.31,11.42,10.96,11.09,47530
05/27/2008,11.25,11.57,11.17,11.45,85120
05/28/2008,11.52,11.52,11.13,11.2,57120
05/29/2008,11.22,11.68,11.12,11.41,99400
05/30/2008,11.43,12.02,11.4,11.95,113800
06/02/2008,11.91,12.05,11.75,11.93,97000
06/03/2008,11.94,11.94,11.16,11.3,135920
06/04/2008,11.28,11.84,11.25,11.6,100760
06/05/2008,11.6,12.24,11.42,12.03,130860
06/06/2008,11.93,12.98,11.88,12.2,343950
06/09/2008,12.4,12.58,11.72,11.97,89300
06/10/2008,11.92,12.3,11.73,12.12,56840
06/11/2008,12.22,12.22,11.81,11.84,50080
06/12/2008,11.88,12.1,11.3391,11.3614,98820
06/13/2008,11.45,11.9,11.05,11.87,44750
06/16/2008,11.86,12.15,11.55,11.87,51330
06/17/2008,11.88,12.25,11.8,11.8,112350
06/18/2008,11.81,11.82,10.9,11.11,144090
06/19/2008,11.11,11.77,11.11,11.64,177910
06/20/2008,11.54,11.78,11.01,11.04,98430
06/23/2008,11.05,11.43,11.05,11.14,39000
06/24/2008,11.72,11.77,10.91,11.11,341760
06/25/2008,11.13,11.77,11.13,11.45,146060
06/26/2008,11.24,11.94,11.09,11.88,196770
06/27/2008,11.95,12.21,11.52,12.2,610950
06/30/2008,12.17,12.68,11.91,11.93,110950
07/01/2008,11.76,12.46,11.71,11.85,107180
07/02/2008,11.83,12.08,11.46,11.5,104890
07/03/2008,11.54,11.57,11.02,11.29,60440
07/07/2008,11.38,11.4,10.99,11.23,119170
07/08/2008,11.28,11.97,11.15,11.9,173660
07/09/2008,12,12.01,11.22,11.37,190310
07/10/2008,11.33,11.81,11.11,11.79,170660
07/11/2008,11.65,12.17,11.31,11.94,159360
07/14/2008,12.01,12.31,11.13,11.24,145520
07/15/2008,11.25,12.201,10.9,11.84,260710
07/16/2008,11.8,12.7,11.52,12.43,185130
07/17/2008,12.53,12.74,12.08,12.66,108930
07/18/2008,12.61,13.06,12.61,12.68,81220
07/21/2008,12.78,14.09,12.76,13.42,137920
07/22/2008,13.22,13.52,13.22,13.5,139940
07/23/2008,13.48,13.5,13.32,13.5,88450
07/24/2008,13.49,13.5,13.03,13.1,84400
07/25/2008,13.24,13.52,13.02,13.38,50250
07/28/2008,13.32,13.49,13.13,13.22,60380
07/29/2008,13.29,14.05,13.08,13.5,92200
07/30/2008,13.54,13.72,13.14,13.51,61480
07/31/2008,13.4,14.05,13.35,13.39,70830
08/01/2008,13.45,14.04,13.45,13.89,78430
08/04/2008,13.94,13.94,13.46,13.63,73580
08/05/2008,13.82,13.82,13.14,13.36,90540
08/06/2008,13.3,13.65,12.75,13.46,115950
08/07/2008,13.43,13.55,12.36,12.5,196260
08/08/2008,12.42,13.14,12.39,12.86,95600
08/11/2008,12.96,13.23,12.56,13,123490
08/12/2008,12.76,12.78,12.05,12.49,240750
08/13/2008,12.48,13.12,12.13,13.12,90980
08/14/2008,12.98,13.32,12.79,12.98,146660
08/15/2008,13.17,13.23,12.08,12.31,121330
08/18/2008,12.31,12.4,12.01,12.11,68250
08/19/2008,12.01,12.66,11.83,12.04,132810
08/20/2008,12.08,12.3,11.56,11.68,64610
08/21/2008,11.54,11.67,11.34,11.44,64090
08/22/2008,11.5,12.39,11.5,12.14,110580
08/25/2008,12.1,12.4,11.39,11.6,53330
08/26/2008,11.58,11.65,11.3,11.46,44250
08/27/2008,11.42,11.42,10.88,11.05,137310
08/28/2008,10.8,11.18,10.75,11.02,89330
08/29/2008,11.01,11.53,10.6,11.52,147530
09/02/2008,11.49,11.78,10.58,10.85,118850
09/03/2008,10.85,11.1,10.57,10.89,90570
09/04/2008,10.91,11.09,10.25,10.4,186110
09/05/2008,10.32,10.55,10.2,10.29,99740
09/08/2008,10.59,10.66,10.09,10.47,250850
09/09/2008,10.47,10.61,9.94,10.1,155550
09/10/2008,10.27,10.27,9.89,9.97,156020
09/11/2008,9.96,10.16,9.52,10.14,211760
09/12/2008,10.09,10.37,9.9,10.18,58540
09/15/2008,9.91,9.91,9.11,9.4,120820
09/16/2008,9.28,10.1,8.6,10.09,160120
09/17/2008,9.84,10.04,8.5,9.21,236610
09/18/2008,9.35,9.9,8.52,9.9,262100
09/19/2008,10.81,10.88,9.9,10.1,423500
09/22/2008,10.08,10.41,9.87,10.14,106330
09/23/2008,10.3,10.49,9.32,10,97200
09/24/2008,10.45,11.59,10.29,10.47,156150
09/25/2008,10.49,10.73,10.29,10.65,97830
09/26/2008,10.49,11.2,10.3,11.04,172370
09/29/2008,10.84,11.3,10.32,10.45,144630
09/30/2008,10.51,11.23,10.5,11.06,112240
10/01/2008,10.97,11.26,10.51,11.01,90620
10/02/2008,10.99,11.38,10.16,10.21,134690
10/03/2008,10.1,10.9,9.64,10.19,322120
10/06/2008,9.98,10.19,8.88,9.26,200440
10/07/2008,9.27,9.56,8.6452,8.67,159140
10/08/2008,8.5,8.55,7.71,8.04,95450
10/09/2008,8.15,8.48,6.79,6.93,104110
10/10/2008,6.74,9.44,6,6.81,183970
10/13/2008,7.1,7.95,7,7.82,121490
10/14/2008,8,8.27,7.59,7.86,99600
10/15/2008,7.77,8.06,6.47,6.47,80420
10/16/2008,6.62,7.44,6.09,6.96,140480
10/17/2008,6.83,6.96,6.48,6.52,254110
10/20/2008,6.66,6.97,6.45,6.68,117060
10/21/2008,6.67,6.74,6.11,6.21,156790
10/22/2008,6.21,6.229,5.72,5.74,89240
10/23/2008,5.75,6,5.33,5.48,219200
10/24/2008,5.29,5.7,4.82,5.42,226380
10/27/2008,5.36,5.36,4.69,5.06,50350
10/28/2008,5.16,5.45,4.97,5.25,134730
10/29/2008,5.37,6.75,5.37,6.34,119410
10/30/2008,6.59,7.57,6.59,7.3,255360
10/31/2008,7.29,8.24,7.05,8.18,194040
11/03/2008,8.17,8.75,7.77,8.52,130070
11/04/2008,8.71,9.41,8.5,9.38,284580
11/05/2008,9.42,9.42,8.8,8.97,157570
11/06/2008,8.92,9.18,8.67,8.76,151040
11/07/2008,8.86,8.89,8.64,8.84,59540
11/10/2008,9.14,9.14,8.41,8.65,125400
11/11/2008,8.84,8.84,7.8,8.23,105360
11/12/2008,8.13,8.13,7.42,7.5,175080
11/13/2008,7.54,8.56,7.21,8.49,79070
11/14/2008,8.39,8.79,8.13,8.13,112560
11/17/2008,8.13,8.59,8.13,8.29,50380
11/18/2008,8.33,8.72,7.92,8.11,113100
11/19/2008,8.09,8.26,6.84,6.84,69950
11/20/2008,6.81,6.91,6.37,6.53,118330
11/21/2008,6.56,6.56,5.37,6.13,200850
11/24/2008,5.56,7.71,5.53,7.67,161050
11/25/2008,7.8,8.13,7.61,7.86,59040
11/26/2008,7.64,8.27,7.6,8.21,69130
11/28/2008,8.15,8.62,7.99,8.6,14990
12/01/2008,8.36,8.77,6.3602,6.42,124470
12/02/2008,6.57,6.73,6.07,6.67,82850
12/03/2008,6.5,7.31,6.3,7.05,101250
12/04/2008,7.25,7.5,6.72,6.92,40570
12/05/2008,6.8,7.08,6.42,6.96,145520
12/08/2008,7.14,7.64,6.98,7.62,87620
12/09/2008,7.58,8.47,7.3,8.23,152330
12/10/2008,8.34,8.66,7.5,7.76,90560
12/11/2008,7.6,8,7.52,7.54,50250
12/12/2008,7.95,8.24,7.24,8,107840
12/15/2008,8.03,8.05,7.4,7.57,52390
12/16/2008,7.74,8.16,7.34,8.11,73050
12/17/2008,8.28,8.3,7.8,8.13,60370
12/18/2008,8.16,9.1,8.16,8.78,141180
12/19/2008,9.08,9.08,8.54,8.6,107110
12/22/2008,8.62,8.62,7.74,8.47,76000
12/23/2008,8.52,8.72,8.17,8.43,38770
12/24/2008,8.19,8.82,8.19,8.79,3780
12/26/2008,9.01,9.16,8.68,9.13,34830
12/29/2008,9.13,9.13,8.3897,8.61,30130
12/30/2008,8.62,8.92,8.2,8.56,60320
12/31/2008,8.61,9.34,8.61,9.22,69610
01/02/2009,9.27,9.49,8.96,9.47,65120
01/05/2009,9.47,10.14,9.47,10.03,110340
01/06/2009,10.05,10.05,9.61,9.99,76660
01/07/2009,9.8,10,9.26,9.43,33810
01/08/2009,9.41,9.52,8.85,9.24,34860
01/09/2009,9.21,9.21,8.231,8.36,40440
01/12/2009,8.14,8.23,7.85,7.96,47710
01/13/2009,7.93,8.18,7.93,7.95,19210
01/14/2009,7.83,7.89,7.26,7.26,27730
01/15/2009,7.26,8.13,7.2,7.99,44470
01/16/2009,8.15,8.18,7.87,8.03,75810
01/20/2009,7.91,8.25,7.36,7.67,63520
01/21/2009,7.76,8,7.66,7.94,38230
01/22/2009,7.93,8.01,7.53,7.87,33950
01/23/2009,7.59,8.34,7.33,8.15,88060
01/26/2009,8.14,8.23,7.89,8.07,66050
01/27/2009,8.08,8.21,7.8,7.85,27960
01/28/2009,7.97,8.21,7.9,8.01,41880
01/29/2009,7.84,8.32,7.7,7.76,28170
01/30/2009,7.79,8.23,7.68,8.07,317200
02/02/2009,7.95,8.38,7.81,7.98,94470
02/03/2009,8.04,8.38,7.47,8.36,228310
02/04/2009,8.33,8.33,7.95,8.18,88340
02/05/2009,8.25,8.27,7.97,8.11,34750
02/06/2009,7.45,8.73,7.45,8.63,56940
02/09/2009,8.55,8.95,8.55,8.7,23980
02/10/2009,8.58,9.07,8.58,9,49070
02/11/2009,9.03,9.38,8.76,9.21,39930
02/12/2009,9.05,9.3,9,9.24,55610
02/13/2009,9.28,9.45,8.83,9.16,36700
02/17/2009,8.72,9.08,8.69,8.95,51360
02/18/2009,9.05,9.05,8.71,8.75,41560
02/19/2009,8.88,8.92,8.73,8.88,30450
02/20/2009,8.69,9.5,8.69,9.38,70910
02/23/2009,9.38,9.5,9.18,9.35,77780
02/24/2009,9.5,9.83,9.32,9.81,97860
02/25/2009,9.74,9.76,9.39,9.51,123170
02/26/2009,9.59,9.73,8.42,8.54,295760
02/27/2009,8.4,8.64,7.9857,8.39,148880
03/02/2009,8.67,8.67,7.85,8.03,256260
03/03/2009,8.19,9.17,7.85,8.93,137160
03/04/2009,9.12,9.51,8.83,9.09,74660
03/05/2009,8.87,9.04,8.45,8.6,65760
03/06/2009,8.75,9.14,8.45,8.64,123410
03/09/2009,8.53,8.84,8.4,8.7,43020
03/10/2009,8.98,9.13,8.62,9.09,74470
03/11/2009,9.14,9.38,8.54,8.82,31180
03/12/2009,8.79,9.55,8.34,9.39,58510
03/13/2009,8.82,9.16,8.72,8.93,46770
03/16/2009,9.01,9.05,8.12,8.35,60470
03/17/2009,8.35,8.64,8.18,8.64,73190
03/18/2009,8.02,9.28,8.02,9.12,33000
03/19/2009,8.85,9.28,8.5598,8.61,22880
03/20/2009,8.72,8.72,8.46,8.55,112510
03/23/2009,8.82,8.95,8.36,8.58,81890
03/24/2009,8.44,8.7,8.09,8.16,113540
03/25/2009,8.2,8.5,7.92,8.36,38780
03/26/2009,8.54,8.7,8.41,8.56,51760
03/27/2009,8.35,8.42,7.64,7.75,114620
03/30/2009,7.53,7.53,6.99,7.37,82350
03/31/2009,7.48,7.5,6.91,7.1,177410
04/01/2009,7.15,7.2,6.52,7.08,242140
04/02/2009,7.31,7.75,7.31,7.57,180930
04/03/2009,7.53,7.54,7.35,7.45,130870
04/06/2009,7.3,7.53,7.08,7.26,77890
04/07/2009,7.49,8,7.39,7.64,223300
04/08/2009,7.69,8.43,7.69,8.43,91490
04/09/2009,8.54,8.97,8.54,8.7,102550
04/13/2009,8.61,8.9122,8.55,8.81,60070
04/14/2009,8.68,8.88,8.4,8.65,60180
04/15/2009,8.62,8.93,8.56,8.91,28970
04/16/2009,8.95,9.17,8.76,9.04,42890
04/17/2009,9.1,9.2,8.98,9.02,53160
04/20/2009,8.83,8.83,8.25,8.27,96980
04/21/2009,8.27,8.34,7.92,8.02,79080
04/22/2009,7.95,8.12,7.87,7.92,73170
04/23/2009,7.95,7.95,7.71,7.81,58650
04/24/2009,7.79,8.21,7.71,8.17,82310
04/27/2009,7.68,8.19,7.5851,7.68,57200
04/28/2009,7.58,8.07,7.51,8.07,49050
04/29/2009,8.17,8.5,7.93,8.34,76420
04/30/2009,8.41,8.81,8.41,8.61,93650
05/01/2009,8.56,8.56,7.76,8.03,95230
05/04/2009,8.04,8.07,7.81,8.07,26970
05/05/2009,8.04,8.29,7.82,8.01,45250
05/06/2009,8.15,8.38,7.89,7.89,40230
05/07/2009,8,8.17,7.87,8.07,29250
05/08/2009,8.26,8.94,7.95,8.53,53520
05/11/2009,8.35,8.9,8.29,8.68,52530
05/12/2009,8.72,8.9,8.37,8.57,34020
05/13/2009,8.42,8.88,8.07,8.23,39960
05/14/2009,8.31,8.58,8.14,8.22,49330
05/15/2009,8.28,8.45,8.09,8.43,28310
05/18/2009,8.59,8.86,8.59,8.75,25410
05/19/2009,8.76,8.85,8.12,8.74,33840
05/20/2009,8.86,9.17,8.6,8.63,25880
05/21/2009,8.55,8.55,8.01,8.38,57490
05/22/2009,8.46,8.99,8.07,8.18,41980
05/26/2009,8.15,8.86,8.01,8.86,35430
05/27/2009,8.81,8.81,8.01,8.18,33460
05/28/2009,8.28,8.54,8.11,8.35,35110
05/29/2009,8.31,8.38,8.13,8.27,31330
06/01/2009,8.46,9.1,8.12,8.97,45970
06/02/2009,8.94,9.25,8.65,9.21,38930
06/03/2009,9.11,9.23,8.64,9.11,26430
06/04/2009,9.17,9.54,8.85,9.53,48320
06/05/2009,9.5,9.8,9.09,9.29,25160
06/08/2009,9.33,9.46,8.92,9.2,40050
06/09/2009,9.08,9.3,9.01,9.01,25340
06/10/2009,9.14,9.25,8.55,8.75,43110
06/11/2009,8.73,9.15,8.63,8.77,41810
06/12/2009,9.14,9.14,8.56,8.93,30630
06/15/2009,8.91,9.01,8.6,8.74,38330
06/16/2009,8.93,9.16,8.87,8.95,43850
06/17/2009,8.98,10.13,8.9,9.78,80220
06/18/2009,9.74,10.17,9.47,9.95,48390
06/19/2009,10.07,10.14,9.52,9.59,106220
06/22/2009,9.54,10.09,8.98,9.07,95460
06/23/2009,9.15,9.74,8.82,9.63,72410
06/24/2009,9.72,9.96,8.86,9.69,44300
06/25/2009,9.63,10.75,9.29,10.52,72180
06/26/2009,10.515,10.92,9.783,10.47,203740
06/29/2009,10.5,10.5,9.21,9.41,76720
06/30/2009,9.46,9.81,9.15,9.24,96560
07/01/2009,9.35,9.6,9.22,9.28,103130
07/02/2009,9.23,9.24,9,9.03,115930
07/06/2009,9.01,9.24,8.82,8.99,69490
07/07/2009,9.02,9.25,8.5489,8.58,86750
07/08/2009,8.65,9.1,8.57,8.84,47990
07/09/2009,8.88,9.1,8.61,8.66,17710
07/10/2009,8.63,9.2098,8.58,8.99,19500
07/13/2009,9.06,9.45,8.9,9.36,52190
07/14/2009,9.89,10.01,9.35,9.48,53690
07/15/2009,9.58,10,9.3,10,67090
07/16/2009,9.97,10.08,9.74,9.97,59210
07/17/2009,10.015,10.04,9.5547,9.97,31470
07/20/2009,10.005,10.05,9.89,9.97,30970
07/21/2009,10.005,10.01,9.8549,9.98,21060
07/22/2009,9.91,10.18,9.86,9.96,24980
07/23/2009,9.93,10.08,9.86,9.99,49260
07/24/2009,9.98,9.99,9.68,9.98,60990
07/27/2009,9.93,9.99,9.76,9.89,35370
07/28/2009,9.76,10.1,9.76,9.98,89550
07/29/2009,9.97,9.98,9.75,9.89,43210
07/30/2009,10.06,10.34,9.83,10.17,70970
07/31/2009,10.09,10.81,9.84,10.37,53400
08/03/2009,10.43,10.8,10.14,10.55,42550
08/04/2009,10.5,10.76,10.3,10.75,33600
08/05/2009,10.73,10.73,10.5,10.57,23570
08/06/2009,10.59,10.77,10.41,10.55,103910
08/07/2009,10.75,11,10.5,10.87,79090
08/10/2009,10.81,11.14,10.7,11,54260
08/11/2009,10.9,11.15,10.49,10.59,71270
08/12/2009,10.58,11.12,10.56,10.85,82170
08/13/2009,10.89,10.96,10.7,10.87,40240
08/14/2009,10.89,11.02,10.4,10.79,44670
08/17/2009,10.55,11.07,10.47,10.86,60710
08/18/2009,10.96,11.15,10.74,11.13,68940
08/19/2009,10.96,11.79,10.84,11.32,172340
08/20/2009,11.32,11.5,10.98,11.09,43940
08/21/2009,11.33,11.62,11.18,11.57,63190
08/24/2009,11.57,11.88,11.35,11.8,47260
08/25/2009,11.85,11.88,11.31,11.73,25580
08/26/2009,11.69,11.73,11.31,11.54,33260
08/27/2009,11.61,11.88,11.32,11.81,30160
08/28/2009,11.91,11.91,11.6,11.73,58280
08/31/2009,11.5,11.8,11.4999,11.77,125640
09/01/2009,11.65,11.99,11.44,11.46,131680
09/02/2009,11.46,11.46,11.11,11.31,122320
09/03/2009,11.34,11.84,11.34,11.75,67390
09/04/2009,11.73,12.16,11.63,12.1,104210
09/08/2009,12.19,12.1901,11.92,12.01,56940
09/09/2009,12.05,12.15,11.94,11.99,68870
09/10/2009,12.01,12.1,11.88,12.02,100360
09/11/2009,11.72,11.93,11.21,11.81,39320
09/14/2009,11.72,12.49,11.72,12.16,72300
09/15/2009,12.1,12.21,11.98,12.07,47820
09/16/2009,12.05,12.2,11.9,12.09,42770
09/17/2009,12.1,12.15,11.92,11.99,61100
09/18/2009,12.02,12.4,12,12.4,97270
09/21/2009,12.28,13.01,12.206,12.98,116770
09/22/2009,13,13.4,12.83,13.19,124170
09/23/2009,13.25,13.41,12.68,13.12,74770
09/24/2009,13.29,13.3,12.83,12.99,81880
09/25/2009,12.86,13.15,12.86,13.03,51930
09/28/2009,13.03,13.42,12.95,13.21,131920
09/29/2009,13.56,13.56,12.35,12.39,166980
09/30/2009,12.44,12.81,12.05,12.21,109080
10/01/2009,12.18,12.21,11.63,11.68,86610
10/02/2009,11.67,11.82,11.36,11.6,99170
10/05/2009,11.63,11.93,11.3,11.71,135040
10/06/2009,11.76,13.24,11.76,13.08,209380
10/07/2009,13.1,13.4,12.92,13.13,162850
10/08/2009,13.3,13.3,12.82,12.93,78260
10/09/2009,12.97,13.25,12.77,13.06,118150
10/12/2009,13.12,13.2,12.89,12.97,71790
10/13/2009,13.19,13.19,12.11,12.69,1412890
10/14/2009,15.08,15.63,13.8,15.32,4855100
10/15/2009,15.43,15.81,14.75,14.9,473950
10/16/2009,14.82,15.01,14.2,15,307270
10/19/2009,15.18,15.18,14.31,14.41,240060
10/20/2009,14.48,14.51,13.9,13.98,157280
10/21/2009,13.89,14.32,13.46,13.52,135860
10/22/2009,13.63,13.71,13.3,13.44,144200
10/23/2009,13.53,13.9,13.1,13.21,191460
10/26/2009,13.21,13.62,12.37,12.47,296050
10/27/2009,12.58,13.05,12.04,12.67,273680
10/28/2009,12.61,12.74,12.23,12.27,203700
10/29/2009,12.44,12.44,11.92,12.15,182980
10/30/2009,12.01,12.06,11.5,11.67,221720
11/02/2009,11.66,11.74,11.06,11.25,157010
11/03/2009,11.28,11.43,10.88,11.18,179140
11/04/2009,11.9,11.94,11.37,11.64,379660
11/05/2009,11.71,11.91,11.56,11.6,146390
11/06/2009,11.53,11.88,11.23,11.66,150320
11/09/2009,11.78,11.8,11.4,11.51,61040
11/10/2009,11.47,11.54,11.3,11.52,54990
11/11/2009,11.55,11.7,11.44,11.67,86220
11/12/2009,11.81,12.11,11.36,11.42,354400
11/13/2009,11.37,11.71,11.36,11.52,84020
11/16/2009,11.65,12,11.65,11.78,104240
11/17/2009,11.85,11.98,11.5,11.53,158420
11/18/2009,11.59,11.76,11.41,11.51,84760
11/19/2009,11.4,11.4,11.16,11.29,59930
11/20/2009,11.18,11.43,11.05,11.1,298780
11/23/2009,11.3,11.49,11.19,11.25,167250
11/24/2009,11.22,11.31,10.86,11.18,110910
11/25/2009,11.2,11.32,11.07,11.25,101270
11/27/2009,10.95,11.27,10.8,10.88,48480
11/30/2009,10.84,10.84,10.4,10.65,103280
12/01/2009,10.78,10.96,10.68,10.84,47620
12/02/2009,10.82,11.08,10.79,10.99,76440
12/03/2009,10.98,11.36,10.98,11.14,106660
12/04/2009,11.34,11.515,11.13,11.41,65590
12/07/2009,11.44,11.74,11.31,11.63,82270
12/08/2009,11.55,11.88,11.43,11.64,61910
12/09/2009,11.68,12.32,11.51,12.14,191250
12/10/2009,12.14,12.2,11.98,12.16,80480
12/11/2009,12.26,12.47,11.86,12.33,66810
12/14/2009,12.33,12.43,11.84,12.38,176060
12/15/2009,12.36,12.36,11.81,11.93,147110
12/16/2009,12.08,12.23,11.96,12.03,63090
12/17/2009,11.99,12.19,11.82,11.88,84360
12/18/2009,12.05,12.05,11.57,11.85,211110
12/21/2009,11.94,12.34,11.56,11.66,51720
12/22/2009,11.66,11.92,11.58,11.85,70030
12/23/2009,11.88,11.94,11.49,11.88,90490
12/24/2009,11.87,11.87,11.36,11.63,76470
12/28/2009,11.7,11.79,11.45,11.58,39740
12/29/2009,11.64,11.83,11.06,11.22,79340
12/30/2009,11.15,11.69,11.13,11.69,84400
12/31/2009,11.66,12.07,11.62,11.93,87260
01/04/2010,12.06,12.34,11.99,12.14,76290
01/05/2010,12.15,12.15,11.77,11.96,63330
01/06/2010,11.91,12.15,11.91,12.04,69190
01/07/2010,12,12.22,11.99,12.14,62180
01/08/2010,12.07,12.23,12.07,12.13,26070
01/11/2010,12.24,12.24,12,12.02,36530
01/12/2010,12.01,12.1,12,12.07,51170
01/13/2010,12.12,12.36,12,12.27,43080
01/14/2010,12.2,12.49,12.17,12.35,25610
01/15/2010,12.39,12.42,11.89,11.94,63210
01/19/2010,11.84,12.26,11.81,12.22,71910
01/20/2010,12.18,12.35,11.53,11.61,66040
01/21/2010,11.6,11.73,11.18,11.32,60150
01/22/2010,11.37,11.57,11.25,11.4,80650
01/25/2010,11.48,11.79,11.25,11.42,52060
01/26/2010,11.35,11.59,11.14,11.52,68640
01/27/2010,11.44,11.99,11.23,11.97,47930
01/28/2010,11.95,11.95,11.45,11.75,72350
01/29/2010,11.75,11.91,11.524,11.82,82400
02/01/2010,11.84,11.84,11.51,11.63,45580
02/02/2010,11.67,12.25,11.67,12.22,107280
02/03/2010,12.15,12.38,11.95,11.97,26760
02/04/2010,11.86,12.05,11.5,11.5,65870
02/05/2010,11.53,11.7,11.5,11.63,31020
02/08/2010,11.65,11.65,11.36,11.54,99200
02/09/2010,11.69,12.12,11.68,11.86,40480
02/10/2010,11.8,12.24,11.51,12.2,49610
02/11/2010,12.13,12.5,11.88,12.4,144590
02/12/2010,12.33,12.41,11.96,12.38,40290
02/16/2010,12.42,12.51,12.205,12.5,38790
02/17/2010,12.5,12.5,11.88,11.94,70210
02/18/2010,12,12.31,11.74,12.07,62500
02/19/2010,12.04,12.48,12.04,12.43,48340
02/22/2010,12.48,12.48,12.02,12.3,34910
02/23/2010,12.32,12.32,11.75,11.82,89010
02/24/2010,11.86,12.06,11.82,11.99,66740
02/25/2010,11.84,11.98,11.72,11.83,62330
02/26/2010,11.81,12.01,11.63,11.63,62950
03/01/2010,11.72,12.5,11.61,12.48,132160
03/02/2010,12.49,12.66,12.31,12.49,95090
03/03/2010,12.49,12.49,12.33,12.39,41870
03/04/2010,12.45,12.45,12.26,12.33,21460
03/05/2010,12.35,12.44,12.13,12.21,52640
03/08/2010,12.2,12.2,12.04,12.12,49310
03/09/2010,12,12.47,11.98,12.15,56110
03/10/2010,12.15,12.26,12.05,12.21,46620
03/11/2010,12.11,12.34,12.09,12.34,56700
03/12/2010,12.33,12.74,12.32,12.63,258090
03/15/2010,12.63,12.75,12.4152,12.745,134560
03/16/2010,12.74,12.94,12.6,12.9,99370
03/17/2010,12.96,13.46,12.85,13.27,225630
03/18/2010,13.21,13.3,12.91,13.25,60130
03/19/2010,13.34,13.34,13.05,13.22,101810
03/22/2010,13.11,13.74,13.09,13.7,117380
03/23/2010,13.7,13.98,13.35,13.9,105700
03/24/2010,13.77,13.99,13.51,13.64,49030
03/25/2010,13.71,13.92,13.42,13.56,61990
03/26/2010,13.58,13.58,12.996,13.02,69060
03/29/2010,13.11,13.35,12.8,13.09,61840
03/30/2010,13.13,13.26,12.95,13.19,77360
03/31/2010,13.11,13.52,13.1,13.15,70490
04/01/2010,13.17,13.5,13.17,13.31,34870
04/05/2010,13.31,13.701,13.31,13.51,43960
04/06/2010,13.48,13.55,13.45,13.48,27260
04/07/2010,13.43,13.48,13.17,13.23,41560
04/08/2010,13.15,13.46,13.15,13.22,15480
04/09/2010,13.18,13.44,12.95,13.26,42960
04/12/2010,13.3,13.542,13.21,13.5,41570
04/13/2010,13.5,13.66,13.42,13.49,94040
04/14/2010,13.55,13.69,13.44,13.6,74590
04/15/2010,13.56,13.75,13.54,13.71,67400
04/16/2010,13.63,13.63,13.09,13.37,83520
04/19/2010,13.36,13.37,12.95,12.97,61570
04/20/2010,13,13.48,12.91,13.41,40370
04/21/2010,13.38,13.53,13.37,13.48,46440
04/22/2010,13.31,14.01,13.31,13.81,102650
04/23/2010,13.81,13.99,13.8,13.9,41140
04/26/2010,13.93,14.2,13.72,13.98,77230
04/27/2010,13.9,13.98,13.24,13.26,62200
04/28/2010,13.31,13.61,13.26,13.48,62350
04/29/2010,13.62,13.87,13.39,13.75,57820
04/30/2010,13.7,13.9,13.33,13.34,36200
05/03/2010,13.35,13.81,13.35,13.66,64850
05/04/2010,13.51,13.59,12.85,13.48,111360
05/05/2010,13.33,13.5,13.19,13.29,61090
05/06/2010,13.19,13.59,11.89,12.6,84050
05/07/2010,12.45,12.69,11.85,12.34,80880
05/10/2010,13,13.2,12.55,12.81,64340
05/11/2010,12.65,13.3,12.26,12.67,83130
05/12/2010,12.74,13.53,12.7,13.23,70820
05/13/2010,13.19,13.45,13.14,13.36,64990
05/14/2010,13.31,13.31,12.7,13.05,101950
05/17/2010,13.17,13.47,13,13.46,68270
05/18/2010,13.63,13.87,12.78,13.02,78600
05/19/2010,12.94,13.18,12.63,13.11,85660
05/20/2010,12.77,13.13,12.5,12.62,138100
05/21/2010,12.41,12.52,11.87,12.3,143190
05/24/2010,12.25,12.31,11.86,12.04,39150
05/25/2010,11.82,12.17,11.43,12.09,83580
05/26/2010,12.15,12.5,11.54,11.77,116760
05/27/2010,12.06,12.3,11.93,12.24,47920
05/28/2010,12.19,12.4,11.7,12.17,48170
06/01/2010,12.04,12.2,11.65,11.71,105790
06/02/2010,11.74,12,11.68,11.84,57510
06/03/2010,11.83,12.33,11.83,12.12,44420
06/04/2010,11.74,11.93,11.54,11.69,62550
06/07/2010,11.71,11.92,11.34,11.41,59310
06/08/2010,11.43,11.64,11.3,11.43,68240
06/09/2010,11.57,11.87,11.37,11.46,31690
06/10/2010,11.68,12.01,11.63,11.8,33740
06/11/2010,11.62,12.15,11.62,12.04,36750
06/14/2010,12.19,12.29,11.92,12,52220
06/15/2010,12.18,12.59,11.99,12.3,80210
06/16/2010,12.24,12.5,12.07,12.45,54740
06/17/2010,12.6,12.75,11.67,12.66,119470
06/18/2010,12.75,12.85,12.42,12.69,129210
06/21/2010,12.77,12.77,12.32,12.45,25760
06/22/2010,12.53,12.7,12.38,12.41,30830
06/23/2010,12.36,12.37,11.35,11.77,107940
06/24/2010,11.65,11.98,11.62,11.76,30980
06/25/2010,11.87,12,11.36,11.95,153500
06/28/2010,11.9,11.96,11.7,11.71,33400
06/29/2010,11.98,11.98,10.91,11.13,91820
06/30/2010,11.16,11.5,11.01,11.12,56900
07/01/2010,11.16,11.26,10.58,10.96,67300
07/02/2010,11.09,11.24,10.9,11.04,32370
07/06/2010,11.19,11.42,10.61,10.65,27370
07/07/2010,10.72,11.27,10.7,11.17,51430
07/08/2010,11.34,11.54,11.07,11.3,66300
07/09/2010,11.25,11.44,11.24,11.43,24950
07/12/2010,11.51,11.59,10.96,10.98,41920
07/13/2010,10.18,10.31,9.77,9.98,326740
07/14/2010,10,10,9.07,9.16,488540
07/15/2010,8.9,9.04,8.35,8.47,3527510
07/16/2010,8.49,8.5,8.03,8.33,632060
07/19/2010,8.39,8.6,8.21,8.48,331210
07/20/2010,8.36,8.78,8.23,8.6,248480
07/21/2010,8.68,8.68,8.31,8.36,213280
07/22/2010,8.45,8.5,7.96,8.4,259460
07/23/2010,8.34,8.6,8.31,8.41,166390
07/26/2010,8.5,8.7,8.17,8.39,294790
07/27/2010,8.61,8.9,8.61,8.82,533630
07/28/2010,8.86,9.4,8.86,9.35,522340
07/29/2010,9.44,9.59,9,9.28,321640
07/30/2010,9.13,9.48,9.13,9.23,401400
08/02/2010,9.49,9.49,9.03,9.41,224000
08/03/2010,9.34,9.61,9.26,9.52,173550
08/04/2010,9.54,9.7,9.43,9.68,108820
08/05/2010,9.56,9.69,9.52,9.55,88170
08/06/2010,9.1,9.47,9.05,9.29,152340
08/09/2010,9.4,9.7102,9.3298,9.67,123700
08/10/2010,9.54,9.69,9.43,9.49,162900
08/11/2010,9.3,9.35,9.02,9.13,113700
08/12/2010,9.13,9.4,9.13,9.36,104700
08/13/2010,9.35,9.48,9.11,9.27,84570
08/16/2010,9.23,9.32,9.12,9.3,141600
08/17/2010,9.42,9.7,9.2,9.45,126950
08/18/2010,9.49,9.54,9.18,9.22,121950
08/19/2010,9.41,9.9,9.41,9.48,181440
08/20/2010,9.42,9.51,9.3,9.4,103430
08/23/2010,9.4,9.52,9.3,9.3,145380
08/24/2010,9.18,9.38,9,9.14,85820
08/25/2010,9.09,9.84,9.02,9.79,160500
08/26/2010,9.81,9.86,9.457,9.57,133180
08/27/2010,9.69,9.76,9.43,9.67,75150
08/30/2010,9.66,9.66,9.19,9.21,129270
08/31/2010,9.2,9.26,9.09,9.12,96210
09/01/2010,9.28,9.58,9.28,9.58,105410
09/02/2010,9.52,9.7101,9.5,9.69,48040
09/03/2010,9.78,9.9,9.59,9.63,102340
09/07/2010,9.62,9.65,9.11,9.17,84370
09/08/2010,9.2,10.001,9.1105,9.91,262610
09/09/2010,10,10.36,9.56,9.76,110180
09/10/2010,9.82,10.21,9.74,10.09,210230
09/13/2010,10.24,10.47,10.07,10.39,138390
09/14/2010,10.23,10.54,10.23,10.53,107400
09/15/2010,10.21,10.76,10.18,10.64,99150
09/16/2010,10.61,10.83,10.5,10.63,91270
09/17/2010,10.51,10.79,10.44,10.71,167900
09/20/2010,10.75,11.35,10.75,11.32,241710
09/21/2010,11.31,11.32,11.07,11.22,67490
09/22/2010,11.13,11.3,11,11.16,68360
09/23/2010,11.04,11.32,10.96,11.32,111030
09/24/2010,11.39,11.69,11.24,11.63,101290
09/27/2010,11.62,11.65,11.49,11.63,66480
09/28/2010,11.7,11.99,11.65,11.88,149140
09/29/2010,11.81,11.96,11.64,11.71,120950
09/30/2010,11.81,11.82,11.18,11.4,238010
10/01/2010,11.52,11.8,11.27,11.47,56740
10/04/2010,11.4,11.45,10.88,11.16,95350
10/05/2010,11.26,11.68,10.51,11.66,112000
10/06/2010,11.62,11.74,11.37,11.48,52440
10/07/2010,11.58,11.58,11.11,11.22,66820
10/08/2010,11.21,11.74,11.11,11.66,87350
10/11/2010,11.7,11.84,11.49,11.71,52830
10/12/2010,11.66,11.82,11.38,11.76,92850
10/13/2010,11.82,12.09,11.67,11.79,109500
10/14/2010,12.03,12.05,11.7,12.03,72580
10/15/2010,12.15,12.32,12.02,12.14,134220
10/18/2010,12.23,12.3899,11.94,12.15,53750
10/19/2010,11.97,12.31,11.65,11.88,140120
10/20/2010,11.93,12.11,11.69,11.74,71090
10/21/2010,11.83,12,11.4,11.82,88750
10/22/2010,11.83,11.9,11.7,11.86,37780
10/25/2010,11.99,12.19,11.96,12,52120
10/26/2010,11.91,12.06,11.89,11.96,66620
10/27/2010,11.83,11.91,11.37,11.66,121730
10/28/2010,11.77,11.77,11.16,11.4,93280
10/29/2010,11.36,11.47,11.22,11.32,48570
11/01/2010,11.26,11.46,11.16,11.43,60670
11/02/2010,11.57,11.77,11.44,11.55,126720
11/03/2010,11.55,11.67,11.21,11.52,68460
11/04/2010,11.65,12.1,11.35,11.79,145620
11/05/2010,11.85,11.85,11.23,11.56,107630
11/08/2010,11.56,11.62,11.18,11.26,92350
11/09/2010,11.27,11.37,10.82,11.02,103830
11/10/2010,11.04,11.28,10.01,11.2,243360
11/11/2010,11.07,11.49,11.07,11.22,94680
11/12/2010,11.1,11.29,10.8,11,121710
11/15/2010,11.05,11.44,10.94,11.21,149220
11/16/2010,11.09,11.26,10.74,10.98,108780
11/17/2010,10.97,11.07,10.71,10.83,80420
11/18/2010,10.96,10.96,10.73,10.77,181400
11/19/2010,10.75,10.89,10.71,10.77,134250
11/22/2010,10.72,10.92,10.58,10.81,97250
11/23/2010,10.67,10.8,10.63,10.79,77700
11/24/2010,10.89,11.23,10.82,11.01,137430
11/26/2010,10.94,11.26,10.81,11.13,32090
11/29/2010,11.03,11.5,10.82,11.2,154960
11/30/2010,11.07,11.61,10.91,11.16,536170
12/01/2010,11.34,11.58,11.07,11.28,160140
12/02/2010,11.32,11.4,11.02,11.37,80220
12/03/2010,11.29,11.49,11.22,11.42,42410
12/06/2010,11.4,11.82,11.23,11.45,107370
12/07/2010,11.6,11.95,11.44,11.5,89740
12/08/2010,11.54,11.71,11.48,11.65,50150
12/09/2010,11.71,11.75,11.54,11.67,55980
12/10/2010,11.71,11.8,11.55,11.71,55910
12/13/2010,11.73,11.73,11.46,11.6,62220
12/14/2010,11.68,11.85,11.5,11.61,92330
12/15/2010,11.61,11.94,11.61,11.86,110570
12/16/2010,11.88,12.38,11.86,12.35,110140
12/17/2010,12.35,12.4,12.06,12.36,196940
12/20/2010,12.45,12.5,12.2,12.37,68370
12/21/2010,12.44,12.811,12.33,12.71,99360
12/22/2010,12.77,13,12.66,12.88,95560
12/23/2010,12.89,12.92,12.82,12.92,57820
12/27/2010,12.92,13.01,12.76,12.88,55170
12/28/2010,12.91,12.91,12.74,12.83,44210
12/29/2010,12.91,12.96,12.71,12.75,164360
12/30/2010,12.51,12.9,12.43,12.9,83480
12/31/2010,12.89,12.94,12.62,12.7,68710
01/03/2011,12.84,13.67,12.67,13.46,269990
01/04/2011,13.55,13.94,13.46,13.8,332440
01/05/2011,13.8,14.13,13.63,13.99,240200
01/06/2011,13.98,14.09,13.69,14.07,118100
01/07/2011,14.09,14.15,13.77,14,115430
01/10/2011,13.88,14.1,13.63,14,127340
01/11/2011,14.08,14.27,14.06,14.19,138320
01/12/2011,14.34,14.8,14.34,14.49,157780
01/13/2011,14.43,14.54,14.16,14.41,110670
01/14/2011,14.36,14.5,14.03,14.1,126120
01/18/2011,14.06,14.23,13.49,13.65,229720
01/19/2011,13.61,13.63,13.31,13.45,112340
01/20/2011,13.37,13.77,13.16,13.48,69940
01/21/2011,13.59,13.62,13.39,13.56,84200
01/24/2011,13.52,13.88,13.47,13.68,63350
01/25/2011,13.64,13.75,13.26,13.71,97280
01/26/2011,13.77,13.9,13.55,13.69,71250
01/27/2011,13.69,13.8,13.35,13.57,58210
01/28/2011,13.51,13.56,12.97,13.11,105080
01/31/2011,13.12,13.19,12.78,12.97,103260
02/01/2011,13,13.41,12.88,13.26,72110
02/02/2011,13.18,13.6,13.13,13.48,79850
02/03/2011,13.54,13.72,13.26,13.66,63760
02/04/2011,13.68,13.97,13.51,13.9,70530
02/07/2011,13.88,14.08,13.85,14,60890
02/08/2011,14.01,14.09,13.6,13.88,83380
02/09/2011,13.79,13.93,13.48,13.57,46080
02/10/2011,13.49,13.73,13.4,13.46,35530
02/11/2011,13.37,13.7,13.18,13.61,80940
02/14/2011,13.6,13.7,13.46,13.7,57230
02/15/2011,13.66,14.22,13.53,13.97,117830
02/16/2011,14.03,14.19,13.86,14,65070
02/17/2011,14,14.001,13.75,13.88,110600
02/18/2011,13.98,14.12,13.54,13.76,55020
02/22/2011,13.61,13.79,13.17,13.31,100740
02/23/2011,13.37,13.4,12.88,13.15,37390
02/24/2011,13.15,13.32,12.92,13.29,71230
02/25/2011,13.31,13.48,13.09,13.45,41090
02/28/2011,13.53,13.53,12.98,13.48,97350
03/01/2011,13.46,13.72,13.03,13.11,108360
03/02/2011,13.13,13.13,12.84,13.03,102260
03/03/2011,13.2,13.5,13.09,13.38,57900
03/04/2011,13.34,13.4,13.22,13.4,84590
03/07/2011,13.41,13.48,13.13,13.28,103850
03/08/2011,13.23,13.46,13.17,13.35,57990
03/09/2011,13.34,13.45,13.27,13.4,125500
03/10/2011,13.23,13.29,12.7,12.72,87760
03/11/2011,12.73,13.2,12.59,12.65,114010
03/14/2011,12.65,12.68,12.15,12.24,134500
03/15/2011,11.92,12.32,11.77,12.14,100950
03/16/2011,12.1,12.28,11.84,11.85,81200
03/17/2011,12.07,12.07,11.71,11.72,55380
03/18/2011,11.84,12.11,11.18,11.79,125510
03/21/2011,11.91,12.42,11.83,12.41,60260
03/22/2011,12.4,12.58,12.38,12.55,40320
03/23/2011,12.52,12.75,12.36,12.63,54470
03/24/2011,12.74,13.01,12.59,12.72,80900
03/25/2011,12.75,12.96,12.43,12.44,104980
03/28/2011,12.55,12.8,12.41,12.43,74090
03/29/2011,12.4,12.77,12.22,12.76,66180
03/30/2011,12.84,13.13,12.84,12.95,99950
03/31/2011,12.94,13.13,12.79,13.11,57250
04/01/2011,13.17,13.5,13.07,13.42,100280
04/04/2011,13.43,13.61,13.34,13.61,82230
04/05/2011,13.37,13.95,13.37,13.85,64380
04/06/2011,13.95,14.13,13.84,14.09,71950
04/07/2011,14.07,14.39,14.04,14.31,121360
04/08/2011,14.44,14.49,14.069,14.18,124020
04/11/2011,14.17,14.3,13.66,13.79,94430
04/12/2011,13.68,13.73,13.2,13.4,117840
04/13/2011,13.42,13.5,13.24,13.35,48710
04/14/2011,13.24,13.85,13.17,13.37,98180
04/15/2011,13.34,13.52,13.23,13.28,96210
04/18/2011,13.09,13.77,13,13.72,187140
04/19/2011,13.8,13.82,13.38,13.62,115160
04/20/2011,13.81,14,13.76,14,156010
04/21/2011,14,14.13,13.84,14.07,190960
04/25/2011,14.05,14.28,13.84,13.97,91230
04/26/2011,14.02,14.06,13.72,13.79,186550
04/27/2011,13.79,13.91,13.39,13.49,153190
04/28/2011,13.48,13.603,13.39,13.48,188970
04/29/2011,13.49,13.57,13.32,13.48,160420
05/02/2011,13.55,13.67,13.33,13.43,197220
05/03/2011,13.44,13.55,12.98,13.12,166840
05/04/2011,13.12,13.199,12.7,12.9,342900
05/05/2011,12.9,12.9,12.6,12.71,229980
05/06/2011,12.89,13.41,12.76,13.29,306000
05/09/2011,13.34,13.58,13,13.39,425760
05/10/2011,9.6,9.83,8.45,8.66,6356270
05/11/2011,8.7,9.25,7.25,9.2,4909630
05/12/2011,9.2,9.2,9.2,9.2,120
05/13/2011,9.911,9.931,8.0189,8.12,6000000
05/16/2011,8.04,8.04,7.27,7.54,1535710
05/17/2011,7.49,7.82,7.31,7.76,629110
05/18/2011,7.75,7.99,7.65,7.68,439790
05/19/2011,7.74,8.03,7.5,7.95,705740
05/20/2011,7.96,8.32,7.9,8.1,739730
05/23/2011,8.02,8.17,7.9309,8.09,487120
05/24/2011,8.1,8.18,7.8,7.82,288410
05/25/2011,8.09,8.11,7.93,8.03,437660
05/26/2011,8.08,8.17,8.02,8.08,322050
05/27/2011,8.1,8.15,7.95,8.1,254380
05/31/2011,8.14,8.27,8.11,8.27,434420
06/01/2011,8.3,8.35,8.03,8.09,246340
06/02/2011,8.09,8.18,7.45,7.54,514480
06/03/2011,7.47,7.57,7.32,7.34,346400
06/06/2011,7.31,7.41,6.46,6.64,927440
06/07/2011,6.67,6.87,6.26,6.33,367940
06/08/2011,6.29,6.46,5.94,5.97,553970
06/09/2011,5.99,6.11,5.77,5.8,368060
06/10/2011,5.79,5.8,5.6,5.62,256520
06/13/2011,5.64,5.94,5.62,5.79,199990
06/14/2011,5.85,6.03,5.78,5.8,202000
06/15/2011,5.76,5.77,5.35,5.45,298710
06/16/2011,5.45,5.77,5.33,5.75,318380
06/17/2011,5.8,5.8,5.62,5.77,391480
06/20/2011,5.75,5.79,5.4,5.43,176380
06/21/2011,5.49,5.71,5.41,5.64,229220
06/22/2011,5.63,5.63,5.41,5.55,204040
06/23/2011,5.49,5.49,5.26,5.41,421680
06/24/2011,5.33,5.58,5.3,5.55,792820
06/27/2011,5.55,5.59,5.34,5.39,311030
06/28/2011,5.42,5.44,5.32,5.39,221260
06/29/2011,5.43,5.43,5.2,5.22,199660
06/30/2011,5.22,5.26,4.99,5.12,569080
07/01/2011,4.95,5,4.56,4.7,828500
07/05/2011,4.7,4.77,4.55,4.56,276680
07/06/2011,4.57,4.68,4.5,4.63,230790
07/07/2011,4.49,4.64,4.43,4.45,522140
07/08/2011,4.43,4.57,4.4,4.52,194370
07/11/2011,4.5,4.5101,4.36,4.4,158920
07/12/2011,4.37,5.11,4.28,4.94,1222410
07/13/2011,4.96,5.18,4.49,4.49,549280
07/14/2011,4.52,4.74,4.47,4.58,266470
07/15/2011,4.58,4.69,4.31,4.4,269030
07/18/2011,4.4,4.4,4.05,4.12,304370
07/19/2011,4.17,4.33,3.81,4.26,767960
07/20/2011,4.27,4.3,4.11,4.19,235650
07/21/2011,4.2,4.49,4.1,4.42,173850
07/22/2011,4.41,4.48,4.3,4.37,208530
07/25/2011,4.32,4.33,4.11,4.16,105440
07/26/2011,4.14,4.18,4.0401,4.1,92680
07/27/2011,4.08,4.08,3.69,3.76,260250
07/28/2011,3.75,4.08,3.72,3.98,308230
07/29/2011,3.95,4.02,3.8,3.86,364200
08/01/2011,3.91,4,3.77,3.8,192020
08/02/2011,3.78,3.86,3.69,3.7,179140
08/03/2011,3.7,3.78,3.57,3.73,307290
08/04/2011,3.65,3.685,3.27,3.29,451480
08/05/2011,3.67,4.27,3.15,3.19,332890
08/08/2011,3.1,3.12,2.68,2.69,362560
08/09/2011,2.75,3.05,2.71,3.02,289640
08/10/2011,2.94,3.02,2.83,2.84,189590
08/11/2011,2.86,3.11,2.8,3.01,151220
08/12/2011,3.06,3.22,2.93,3.01,254610
08/15/2011,3.03,3.35,2.96,3.12,308150
08/16/2011,3.06,3.1,2.88,3.06,284780
08/17/2011,3.1,3.186,2.96,2.96,153850
08/18/2011,2.9,2.94,2.77,2.83,191280
08/19/2011,2.81,2.96,2.78,2.8,229220
08/22/2011,2.88,2.93,2.7,2.76,220340
08/23/2011,2.76,2.9,2.73,2.9,144220
08/24/2011,2.9,2.93,2.83,2.93,94280
08/25/2011,2.94,2.94,2.8195,2.88,137310
08/26/2011,2.85,3.23,2.85,3.1,210200
08/29/2011,3.13,3.39,3.13,3.33,184410
08/30/2011,3.3,3.4,3.19,3.31,147060
08/31/2011,3.34,3.48,3.2775,3.333,116450
09/01/2011,3.34,3.58,3.24,3.26,212080
09/02/2011,3.18,3.37,3.11,3.3,149460
09/06/2011,3.16,3.3,3.11,3.22,174450
09/07/2011,3.27,3.54,3.27,3.48,134990
09/08/2011,3.46,3.58,3.345,3.36,159200
09/09/2011,3.32,3.42,3.23,3.3,98080
09/12/2011,3.25,3.34,3.23,3.33,71280
09/13/2011,3.34,3.65,3.34,3.62,121280
09/14/2011,3.64,3.69,3.52,3.57,90840
09/15/2011,3.61,3.77,3.45,3.75,93690
09/16/2011,3.79,4.2,3.76,4.04,390280
09/19/2011,4.01,4.01,3.77,3.8,364640
09/20/2011,3.82,3.83,3.6,3.6,195570
09/21/2011,3.59,3.72,3.25,3.3,171140
09/22/2011,3.15,3.34,2.67,3.32,366780
09/23/2011,3.33,3.4,3.18,3.36,82320
09/26/2011,3.39,3.49,3.21,3.49,135060
09/27/2011,3.57,3.64,3.42,3.55,144980
09/28/2011,3.51,3.61,3.41,3.54,218690
09/29/2011,3.62,3.66,3.34,3.51,110810
09/30/2011,3.44,3.52,3.3,3.3,90220
10/03/2011,3.27,3.32,2.83,2.83,217230
10/04/2011,2.8,3.17,2.71,3.14,224900
10/05/2011,3.14,3.22,2.85,2.88,319810
10/06/2011,2.89,3.12,2.89,3.07,210600
10/07/2011,3.09,3.17,2.96,3.01,147510
10/10/2011,3.08,3.1,2.92,3.01,150620
10/11/2011,2.99,3.06,2.97,3.03,163880
10/12/2011,3.07,3.07,2.98,2.99,127170
10/13/2011,2.97,3.04,2.95,2.99,59020
10/14/2011,3.02,3.12,2.99,3.05,103040
10/17/2011,3.02,3.04,2.92,2.94,130740
10/18/2011,2.94,3.04,2.86,3,100590
10/19/2011,3.37,3.66,3.3,3.35,399980
10/20/2011,3.35,3.35,3.14,3.18,93890
10/21/2011,3.23,3.27,3.13,3.27,142090
10/24/2011,3.26,3.49,3.258,3.45,114800
10/25/2011,3.41,3.44,3.19,3.22,167810
10/26/2011,3.26,3.32,3.02,3.29,122130
10/27/2011,3.4,3.73,3.3,3.65,190740
10/28/2011,3.6,3.75,3.49,3.67,73030
10/31/2011,3.62,3.62,3.23,3.24,155940
11/01/2011,3.12,3.12,3,3.05,191790
11/02/2011,3.1,3.2,3.04,3.18,125360
11/03/2011,3.2,3.32,3.08,3.28,75750
11/04/2011,3.24,3.28,3.12,3.21,26930
11/07/2011,3.17,3.2,3,3.18,82630
11/08/2011,3.2,3.31,3.05,3.19,74540
11/09/2011,3.07,3.14,3.01,3.01,101400
11/10/2011,3.06,3.27,3.06,3.13,89080
11/11/2011,3.15,3.25,3.1,3.21,89080
11/14/2011,3.2,3.22,3,3,141370
11/15/2011,3,3.06,2.96,3.04,85270
11/16/2011,3,3.09,2.95,3.02,63710
11/17/2011,3.02,3.05,2.96,2.99,106500
11/18/2011,3.01,3.16,2.96,3.12,491280
11/21/2011,3.03,3.06,2.88,2.88,165140
11/22/2011,2.92,3.1,2.85,3,127530
11/23/2011,2.96,2.98,2.86,2.87,100410
11/25/2011,2.85,3,2.85,2.91,37120
11/28/2011,3.05,3.2,2.92,3.07,208120
11/29/2011,3.04,3.04,2.87,2.94,127460
11/30/2011,3.1,3.155,2.97,3.13,262170
12/01/2011,3.12,3.15,2.96,2.98,126060
12/02/2011,3.04,3.11,2.95,3.01,98750
12/05/2011,3.06,3.06,2.72,2.83,371820
12/06/2011,2.83,2.97,2.75,2.97,89010
12/07/2011,2.95,2.95,2.795,2.82,80190
12/08/2011,2.79,2.85,2.72,2.73,134400
12/09/2011,2.74,2.95,2.74,2.89,114300
12/12/2011,2.82,2.95,2.76,2.93,81080
12/13/2011,2.95,3.02,2.82,2.85,76260
12/14/2011,2.8,2.9,2.75,2.9,97070
12/15/2011,2.94,2.95,2.84,2.92,39720
12/16/2011,2.96,2.99,2.85,2.87,143310
12/19/2011,2.87,2.92,2.74,2.76,92330
12/20/2011,2.84,2.86,2.7,2.79,129830
12/21/2011,2.78,2.91,2.73,2.82,62350
12/22/2011,2.83,3,2.79,2.92,181870
12/23/2011,2.93,2.95,2.8,2.9,66480
12/27/2011,2.9,2.97,2.81,2.85,62450
12/28/2011,2.84,2.88,2.78,2.78,62980
12/29/2011,2.8,2.86,2.75,2.82,112570
12/30/2011,2.81,2.89,2.74,2.85,159430
01/03/2012,2.93,2.93,2.83,2.91,99500
01/04/2012,2.62,2.72,2.38,2.4,1242400
01/05/2012,2.48,2.5,2.19,2.21,496330
01/06/2012,2.24,2.24,1.97,2,551670
01/09/2012,2,2.1,1.87,1.91,704370
01/10/2012,1.93,2.01,1.88,1.905,550870
01/11/2012,1.91,2,1.87,1.98,172480
01/12/2012,1.99,2.09,1.95,2.07,390130
01/13/2012,2.03,2.044,1.95,1.95,242980
01/17/2012,1.97,2.02,1.96,2,196010
01/18/2012,1.99,2,1.96,1.98,167330
01/19/2012,1.99,2.01,1.96,2,229970
01/20/2012,2.005,2.06,1.98,2,218740
01/23/2012,2.02,2.055,1.99,1.99,132550
01/24/2012,2,2.03,1.98,1.995,121020
01/25/2012,2.01,2.04,2,2.04,103950
01/26/2012,2.05,2.05,2,2.04,144260
01/27/2012,2.05,2.07,2.01,2.03,115450
01/30/2012,2.02,2.05,2.01,2.01,67290
01/31/2012,2.02,2.03,1.91,1.96,96130
02/01/2012,1.98,2.02,1.93,2.02,99440
02/02/2012,2.01,2.03,2,2.01,50150
02/03/2012,2.05,2.08,2,2.06,178800
02/06/2012,2.05,2.065,2.045,2.05,89320
02/07/2012,2.53,2.82,2.24,2.24,4530870
02/08/2012,2.33,2.3599,2.188,2.29,618410
02/09/2012,2.3,2.3,2.1799,2.23,199950
02/10/2012,2.2,2.22,2.11,2.13,291140
02/13/2012,2.16,2.2,2.14,2.18,273590
02/14/2012,2.18,2.23,2.03,2.12,308960
02/15/2012,2.13,2.13,2.05,2.08,193760
02/16/2012,2.08,2.15,2.06,2.14,176930
02/17/2012,2.15,2.2009,2.09,2.17,165130
02/21/2012,2.19,2.19,2.14,2.15,173960
02/22/2012,2.15,2.16,2.12,2.12,162450
02/23/2012,2.12,2.16,2.08,2.09,164840
02/24/2012,2.1,2.13,2.09,2.09,106520
02/27/2012,2.09,2.12,2.08,2.08,119950
02/28/2012,2.1,2.165,2.08,2.15,154590
02/29/2012,2.17,2.18,2.07,2.08,189090
03/01/2012,2.09,2.14,2.06,2.07,142170
03/02/2012,2.08,2.1247,2.06,2.08,115560
03/05/2012,2.07,2.1247,2.045,2.06,76210
03/06/2012,2.04,2.09,2.02,2.04,179190
03/07/2012,2.05,2.11,2.02,2.1,154960
03/08/2012,2.12,2.22,2.1,2.2,139810
03/09/2012,2.21,2.24,2.14,2.18,67630
03/12/2012,2.19,2.24,2.04,2.08,147340
03/13/2012,2.1,2.19,2.1,2.18,124930
03/14/2012,2.095,2.1249,2.0052,2.095,430560
03/15/2012,2.09,2.15,2.04,2.13,106650
03/16/2012,2.13,2.17,2.08,2.17,150780
03/19/2012,2.18,2.26,2.13,2.22,202550
03/20/2012,2.2,2.245,2.17,2.23,171250
03/21/2012,2.23,2.4603,2.2,2.36,576980
03/22/2012,2.36,2.49,2.33,2.4,308070
03/23/2012,2.4,2.4,2.26,2.3,161600
03/26/2012,2.34,2.35,2.29,2.31,146600
03/27/2012,2.34,2.35,2.26,2.32,81550
03/28/2012,2.32,2.43,2.31,2.39,231980
03/29/2012,2.37,2.421,2.3251,2.42,172590
03/30/2012,2.44,2.57,2.38,2.47,344130
04/02/2012,2.5,2.8,2.47,2.77,629520
04/03/2012,2.76,2.84,2.63,2.7,351530
04/04/2012,2.66,3.01,2.65,2.91,878480
04/05/2012,2.86,2.985,2.7,2.83,456580
04/09/2012,2.78,2.79,2.6,2.67,229380
04/10/2012,2.67,2.67,2.5,2.57,216420
04/11/2012,2.61,2.66,2.54,2.59,123160
04/12/2012,2.58,2.65,2.58,2.61,77910
04/13/2012,2.61,2.61,2.5,2.54,109070
04/16/2012,2.58,2.63,2.45,2.59,74120
04/17/2012,2.62,2.74,2.59,2.65,129790
04/18/2012,2.63,2.68,2.56,2.61,132880
04/19/2012,2.62,2.69,2.59,2.62,87050
04/20/2012,2.69,2.71,2.62,2.65,112210
04/23/2012,2.65,2.69,2.6,2.67,118510
04/24/2012,2.66,2.75,2.65,2.74,137340
04/25/2012,2.78,2.78,2.61,2.67,99880
04/26/2012,2.67,2.7,2.63,2.63,68190
04/27/2012,2.66,2.73,2.62,2.69,113270
04/30/2012,2.69,2.73,2.66,2.67,59530
05/01/2012,2.67,2.73,2.64,2.65,98260
05/02/2012,2.6,2.6525,2.55,2.65,123260
05/03/2012,2.6,2.6249,2.545,2.6,166680
05/04/2012,2.57,2.57,2.44,2.49,128730
05/07/2012,2.47,2.5449,2.45,2.53,65850
05/08/2012,2.52,2.6,2.33,2.4,378460
05/09/2012,2.37,2.52,2.37,2.5,137900
05/10/2012,2.51,2.59,2.45,2.52,166030
05/11/2012,2.5,2.55,2.43,2.475,57960
05/14/2012,2.44,2.48,2.31,2.33,69050
05/15/2012,2.34,2.44,2.09,2.18,88600
05/16/2012,2.19,2.34,2.19,2.23,103970
05/17/2012,2.23,2.35,2.18,2.3,160140
05/18/2012,2.28,2.34,2.21,2.31,83960
05/21/2012,2.3202,2.3303,2.2,2.3,67640
05/22/2012,2.3,2.35,2.23,2.305,88230
05/23/2012,2.27,2.34,2.21,2.31,105610
05/24/2012,2.31,2.48,2.3,2.41,68680
05/25/2012,2.42,2.48,2.4,2.43,43560
05/29/2012,2.46,2.54,2.4,2.52,37440
05/30/2012,2.5,2.545,2.48,2.53,49730
05/31/2012,2.53,2.56,2.44,2.53,82480
06/01/2012,2.48,2.54,2.42,2.49,180790
06/04/2012,2.52,2.57,2.52,2.56,37710
06/05/2012,2.55,2.56,2.53,2.56,31840
06/06/2012,2.59,2.59,2.51,2.57,46690
06/07/2012,2.61,2.6354,2.54,2.56,53760
06/08/2012,2.56,2.63,2.54,2.63,53520
06/11/2012,2.68,2.69,2.57,2.63,67970
06/12/2012,2.63,2.65,2.55,2.62,62870
06/13/2012,2.6,2.6,2.54,2.56,50150
06/14/2012,2.57,2.57,2.44,2.5,101320
06/15/2012,2.51,2.7,2.46,2.67,101980
06/18/2012,2.65,2.7,2.51,2.62,74390
06/19/2012,2.61,2.66,2.57,2.6,94850
06/20/2012,2.61,2.71,2.58,2.7,68350
06/21/2012,2.7,3.27,2.65,3.15,933090
06/22/2012,3.15,3.78,3.12,3.27,3985010
06/25/2012,3.31,3.36,3.1299,3.17,351680
06/26/2012,3.14,3.2,2.79,2.84,394790
06/27/2012,2.85,3.03,2.68,2.72,309610
06/28/2012,2.73,2.76,2.6,2.66,143420
06/29/2012,2.755,2.755,2.62,2.64,133150
07/02/2012,2.65,2.9,2.63,2.87,266300
07/03/2012,2.86,2.89,2.83,2.89,49480
07/05/2012,2.87,2.89,2.78,2.89,83500
07/06/2012,2.87,2.9,2.76,2.82,69570
07/09/2012,2.84,2.95,2.67,2.8,128630
07/10/2012,3.2,3.57,2.98,3.46,1727430
07/11/2012,3.46,3.49,3.11,3.37,610000
07/12/2012,3.31,3.51,3.22,3.39,188800
07/13/2012,3.4,3.66,3.35,3.5,363200
07/16/2012,3.51,3.59,3.4004,3.59,96740
07/17/2012,3.6051,3.69,3.46,3.46,170710
07/18/2012,3.5,3.59,3.49,3.57,80480
07/19/2012,3.6,3.6,3.44,3.5,112790
07/20/2012,3.46,3.54,3.3335,3.5,120320
07/23/2012,3.42,3.4397,3.3,3.31,104290
07/24/2012,3.34,3.35,3.19,3.21,99850
07/25/2012,3.26,3.32,3.2,3.26,41850
07/26/2012,3.26,3.31,3.18,3.28,68110
07/27/2012,3.3,3.36,3.22,3.34,43520
07/30/2012,3.33,3.42,3.328,3.38,87130
07/31/2012,3.39,3.42,3.32,3.4044,92530
08/01/2012,3.39,3.44,3.34,3.39,148090
08/02/2012,3.39,3.42,3.25,3.28,123240
08/03/2012,3.31,3.31,2.96,3.05,239960
08/06/2012,3.04,3.23,3.04,3.08,86100
08/07/2012,3.11,3.2015,3.02,3.13,44710
08/08/2012,3.13,3.2,3.1,3.16,44460
08/09/2012,3.14,3.18,3.11,3.13,25840
08/10/2012,3.11,3.21,3.09,3.18,98090
08/13/2012,3.14,3.22,3.14,3.2,32080
08/14/2012,3.17,3.26,3.15,3.24,49480
08/15/2012,3.28,3.52,3.2613,3.48,128780
08/16/2012,3.4547,4.0354,3.4547,4.01,439270
08/17/2012,3.99,4.02,3.75,3.95,128690
08/20/2012,3.97,4.03,3.86,3.92,100100
08/21/2012,3.94,4,3.8,3.97,81190
08/22/2012,3.96,3.96,3.61,3.61,115050
08/23/2012,3.61,3.78,3.5,3.77,78340
08/24/2012,3.78,3.9022,3.78,3.83,61790
08/27/2012,3.8,3.87,3.7,3.81,63070
08/28/2012,3.8,3.85,3.74,3.78,21760
08/29/2012,3.79,3.93,3.79,3.89,27860
08/30/2012,3.86,3.94,3.7605,3.94,24190
08/31/2012,3.95,3.95,3.73,3.84,29220
09/04/2012,3.8399,3.9001,3.76,3.86,28890
09/05/2012,3.89,3.89,3.76,3.87,52130
09/06/2012,3.9,3.96,3.79,3.91,74390
09/07/2012,3.9,3.98,3.8,3.98,66960
09/10/2012,3.98,4.4,3.97,4.23,217470
09/11/2012,4.26,4.4,4.091,4.39,65960
09/12/2012,4.4,4.43,4.18,4.21,45640
09/13/2012,4.21,4.33,4.097,4.12,91700
09/14/2012,4.08,4.44,4.08,4.12,149500
09/17/2012,4.24,4.39,4.05,4.32,212360
09/18/2012,4.4,4.4,4.17,4.31,36830
09/19/2012,4.33,4.37,4.26,4.27,34260
09/20/2012,4.27,4.305,4.135,4.305,34050
09/21/2012,4.29,4.48,4.23,4.48,147930
09/24/2012,4.49,4.6311,4.4294,4.5,76680
09/25/2012,4.39,4.83,4.37,4.7,163390
09/26/2012,4.73,4.73,4.52,4.54,67310
09/27/2012,4.53,4.64,4.37,4.37,106990
09/28/2012,4.4,4.4,4.06,4.11,156760
10/01/2012,4.12,4.29,4.06,4.25,100080
10/02/2012,4.22,4.44,4.1,4.32,39660
10/03/2012,4.28,4.46,4.28,4.35,39650
10/04/2012,4.39,4.39,4.15,4.35,50710
10/05/2012,4.33,4.38,4.266,4.33,32690
10/08/2012,4.29,4.36,4.29,4.31,18290
10/09/2012,4.28,4.4,4.17,4.38,180730
10/10/2012,4.37,4.53,4.26,4.46,39230
10/11/2012,4.48,4.5,4.18,4.22,69710
10/12/2012,4.2,4.44,4.2,4.4,39820
10/15/2012,4.36,4.42,4.2403,4.36,43200
10/16/2012,4.34,4.39,4.24,4.25,59410
10/17/2012,4.23,4.35,4.22,4.33,24870
10/18/2012,4.31,4.38,4.26,4.27,4770
10/19/2012,4.24,4.25,3.97,4.019,70880
10/22/2012,3.99,4.02,3.89,3.96,112570
10/23/2012,3.92,3.96,3.66,3.78,101460
10/24/2012,3.81,3.924,3.6952,3.82,31290
10/25/2012,3.85,3.86,3.73,3.76,16520
10/26/2012,3.76,3.81,3.64,3.68,92700
10/31/2012,3.57,3.77,3.57,3.71,38460
11/01/2012,3.75,3.81,3.7,3.74,27380
11/02/2012,3.72,3.84,3.71,3.8,20890
11/05/2012,3.85,3.86,3.79,3.81,15270
11/06/2012,3.83,4.121,3.83,4.04,45070
11/07/2012,4.07,4.19,3.93,3.93,36690
11/08/2012,3.9,3.96,3.7852,3.81,12750
11/09/2012,3.8,3.85,3.72,3.79,19920
11/12/2012,3.8,3.91,3.8,3.85,23510
11/13/2012,3.88,4.18,3.86,4.05,51690
11/14/2012,4.03,4.21,4.03,4.13,32340
11/15/2012,4.19,4.24,3.9,4.18,51010
11/16/2012,4.22,4.24,4.05,4.15,54020
11/19/2012,7.26,7.41,6.82,7.23,3633930
11/20/2012,7.2,7.25,6.9,6.94,2909040
11/21/2012,6.935,7.01,6.8348,6.92,490170
11/23/2012,6.93,7.12,6.93,7.03,124000
11/26/2012,7.01,7.1,6.9,7.09,175430
11/27/2012,7.05,7.32,7.04,7.27,486910
11/28/2012,7.21,7.41,7.16,7.34,310810
11/29/2012,7.35,7.56,7.31,7.51,248900
11/30/2012,7.52,7.62,7.52,7.6,219530
12/03/2012,7.66,7.85,7.47,7.54,191480
12/04/2012,7.56,7.58,7.05,7.54,185960
12/05/2012,7.49,7.56,7.43,7.5,102110
12/06/2012,7.49,7.6,7.43,7.45,118720
12/07/2012,7.44,7.5,7.36,7.48,113600
12/10/2012,7.48,7.49,7.26,7.39,99150
12/11/2012,7.38,7.48,7.3251,7.38,100060
12/12/2012,7.37,7.475,7.28,7.35,63600
12/13/2012,7.3,7.31,7.12,7.21,110150
12/14/2012,7.22,7.28,7.1,7.25,53930
12/17/2012,7.25,7.33,7.2,7.22,62160
12/18/2012,7.21,7.27,7.1,7.1,50000
12/19/2012,7.055,7.2,6.98,7.18,231310
12/20/2012,7.15,7.22,7.04,7.18,74970
12/21/2012,7.0299,7.19,6.93,7.16,70290
12/24/2012,7.18,7.18,7.0153,7.18,65710
12/26/2012,7.16,7.45,7.05,7.37,76740
12/27/2012,7.32,7.335,6.92,7.32,74260
12/28/2012,7.27,7.29,7.13,7.15,52590
12/31/2012,7.11,7.42,7.05,7.24,109810
01/02/2013,7.37,7.45,7.32,7.45,121270
01/03/2013,7.39,7.75,7.34,7.65,245360
01/04/2013,7.64,7.67,7.56,7.58,47360
01/07/2013,7.64,7.85,7.19,7.74,467600
01/08/2013,7.77,7.96,7.69,7.96,214920
01/09/2013,7.94,8.01,7.73,8,149460
01/10/2013,7.99,8.12,7.88,8.01,86080
01/11/2013,8.04,8.14,7.98,8.12,98460
01/14/2013,8.13,8.18,8,8.13,114910
01/15/2013,8.05,8.06,7.87,7.96,123450
01/16/2013,7.923,8.08,7.85,8.08,36810
01/17/2013,7.98,8,7.89,7.97,54070
01/18/2013,8.02,8.04,7.9352,8.025,32050
01/22/2013,7.99,8.14,7.95,8.04,70550
01/23/2013,7.99,8.08,7.86,7.98,71810
01/24/2013,8,8.18,7.95,8.12,163360
01/25/2013,8.1,8.16,8.06,8.15,250740
01/28/2013,8.1,8.31,7.91,8.15,140910
01/29/2013,8.15,8.29,8.12,8.29,112130
01/30/2013,8.27,8.29,8.09,8.15,92290
01/31/2013,8.18,8.48,8.15,8.48,398010
02/01/2013,8.48,8.55,8.38,8.55,180930
02/04/2013,8.48,8.7,8.32,8.56,134780
02/05/2013,8.5,8.58,8.36,8.52,117980
02/06/2013,8.54,8.62,8.4352,8.62,88030
02/07/2013,8.6,8.68,8.546,8.66,135960
02/08/2013,8.64,8.76,8.6,8.75,131160
02/11/2013,8.75,8.785,8.55,8.785,104880
02/12/2013,8.75,8.815,8.63,8.81,139680
02/13/2013,8.82,8.91,8.74,8.91,123990
02/14/2013,8.87,8.98,8.83,8.89,55860
02/15/2013,8.84,8.87,8.7,8.8,57990
02/19/2013,8.76,8.86,8.61,8.85,34250
02/20/2013,8.75,8.87,8.58,8.77,67800
02/21/2013,8.73,8.83,8.59,8.78,93500
02/22/2013,8.76,9.29,8.73,9.14,490350
02/25/2013,9.19,9.43,9.01,9.22,196550
02/26/2013,9.22,9.43,9.22,9.26,228410
02/27/2013,9.35,9.57,9.35,9.44,77890
02/28/2013,9.45,9.505,9.42,9.49,250630
