02/11/2020,10.26,10.28,10.2,10.2,6361595
02/12/2020,10.2,10.215,10.2,10.2115,468874
02/13/2020,10.23,10.23,10.21,10.21,601111
02/14/2020,10.24,10.24,10.2,10.21,23900
02/18/2020,10.2,10.225,10.2,10.22,104551
02/19/2020,10.25,10.25,10.2,10.24,2022
02/20/2020,10.2,10.25,10.2,10.25,600
02/21/2020,10.22,10.23,10.22,10.22,3900
02/24/2020,10.22,10.23,10.22,10.22,50000
02/25/2020,10.25,10.25,10.195,10.2,42000
02/26/2020,10.22,10.22,10.18,10.2,225710
02/27/2020,10.17,10.2,10.15,10.19,625970
02/28/2020,10.24,10.24,10.15,10.18,257297
03/02/2020,10.15,10.18,10.15,10.17,7500
03/03/2020,10.15,10.15,10.15,10.15,1000
03/04/2020,10.1501,10.2,10.15,10.2,62323
03/05/2020,10.18,10.23,10.18,10.18,361700
03/06/2020,10.19,10.19,10.15,10.15,16270
03/09/2020,10.15,10.18,10,10,301900
03/10/2020,10.12,10.17,10.12,10.17,300
03/11/2020,10.15,10.15,10.1,10.1,304545
03/12/2020,10,10.1,9.95,10,316116
03/13/2020,9.965,10.14,9.93,9.99,1030977
03/16/2020,9.88,9.9,9.8,9.87,109605
03/17/2020,9.7,9.92,9.68,9.68,20639
03/18/2020,9.9,9.9,9.42,9.42,91670
03/19/2020,9.4,9.42,9.3,9.42,13777
03/20/2020,9.44,9.51,9.14,9.3933,883185
03/23/2020,9.3,9.45,9.25,9.3,1250371
03/24/2020,9.9498,9.9498,9.4,9.54,5760
03/25/2020,9.55,9.7228,9.55,9.7228,1200
03/26/2020,9.6992,9.72,9.685,9.685,33678
03/27/2020,10,10,9.7,9.87,194380
03/30/2020,9.85,9.87,9.85,9.86,2800
04/01/2020,9.85,9.93,9.85,9.85,161800
04/02/2020,9.85,9.85,9.7,9.7,305200
04/03/2020,9.71,9.85,9.71,9.76,446092
04/06/2020,9.78,9.85,9.77,9.85,1217
04/07/2020,9.88,9.94,9.755,9.85,614305
04/20/2020,9.844,9.879,9.83,9.8567,9201
04/22/2020,10,10.02,9.92,9.95,6615
04/23/2020,9.91,9.94,9.88,9.94,3705
04/24/2020,9.98,9.98,9.98,9.98,500
04/27/2020,9.9,10.02,9.9,10.02,52550
04/28/2020,10.02,10.09,9.95,10.02,4383
04/29/2020,9.8,10.1,9.8,10.1,1200
04/30/2020,10.1,10.1,10.1,10.1,400
05/01/2020,10.02,10.1,10.02,10.02,700
05/04/2020,10.02,10.02,10.02,10.02,400
05/05/2020,10.02,10.02,9.95,10,5110
05/06/2020,10.02,10.02,10.02,10.02,116
05/07/2020,10.1,10.1,10,10,3220
05/13/2020,10.1,10.1,9.98,9.99,3483
05/14/2020,9.76,9.98,9.76,9.955,26644
05/15/2020,9.91,9.98,9.9,9.98,2875
05/18/2020,9.97,9.99,9.97,9.99,1327
05/20/2020,9.98,10.09,9.94,9.94,2497
05/21/2020,10.02,10.02,9.81,9.81,1098
05/22/2020,10.02,10.035,9.89,9.89,5333
05/27/2020,9.95,9.95,9.95,9.95,116
05/28/2020,10.02,10.02,9.81,9.81,10852
05/29/2020,9.95,9.95,9.84,9.95,1953
06/02/2020,9.95,9.95,9.95,9.95,124
06/03/2020,9.95,9.95,9.95,9.95,194
06/04/2020,9.9499,9.95,9.9225,9.9225,20015
06/05/2020,9.95,9.95,9.95,9.95,371
06/09/2020,9.89,9.96,9.89,9.95,456180
06/10/2020,10.05,10.05,9.94,9.94,100906
06/15/2020,9.95,9.95,9.75,9.85,15571
06/16/2020,9.85,10,9.85,9.95,218585
06/17/2020,9.85,9.95,9.85,9.95,263099
06/18/2020,9.98,9.98,9.95,9.95,526
06/19/2020,9.95,10,9.95,10,14406
06/22/2020,9.99,10.05,9.91,10,124182
06/23/2020,9.99,10.02,9.99,10,112339
06/24/2020,10,10,10,10,13973
06/25/2020,10.05,10.05,9.9408,9.97,16776
06/26/2020,10.05,10.05,9.97,9.9903,89575
06/29/2020,10,10.035,9.99,9.99,127231
06/30/2020,10,10.1,10,10.05,62982
07/01/2020,10.1,10.1,9.95,9.95,4800
07/02/2020,10.1,10.15,10.07,10.12,17300
07/06/2020,10.12,10.15,10.12,10.15,10316
07/07/2020,10.11,10.11,10.11,10.11,385
07/08/2020,10.09,10.18,10.09,10.175,720
07/09/2020,10.09,10.2,10.09,10.1466,19026
07/10/2020,10.25,10.275,10.18,10.26,27598
07/13/2020,10.26,10.32,10.26,10.3,13669
07/14/2020,10.29,10.305,10.19,10.22,43505
07/15/2020,10.26,10.26,10.22,10.26,120619
07/16/2020,10.15,10.3,10.15,10.3,76394
07/17/2020,10.2,10.32,10.2,10.2,1423
07/20/2020,10.2,10.23,10.2,10.23,3066
07/21/2020,10.17,10.225,10.13,10.2,902694
07/22/2020,10.2,10.26,10.2,10.26,400
07/23/2020,10.2,10.28,10.2,10.28,1757
07/24/2020,10.2,10.23,10.15,10.21,187149
07/27/2020,10.24,10.24,10.13,10.13,2100
07/28/2020,10.19,10.21,10.15,10.15,22154
07/29/2020,10.16,10.25,10.1,10.15,16576
07/30/2020,10.14,10.14,10.14,10.14,170
07/31/2020,10.09,10.21,10.09,10.13,31872
08/03/2020,10.14,10.17,10.14,10.17,1971
08/04/2020,10.12,10.2,10.03,10.1,64546
08/05/2020,9.96,10.11,9.96,10.11,444
08/06/2020,10.1,10.4,10.1,10.15,9098
08/12/2020,10.15,10.15,10.15,10.15,1058
08/13/2020,10.04,10.1052,10.04,10.1052,9585
08/17/2020,10,10.02,9.9,10,44537
08/18/2020,10.1,10.1,10.0334,10.06,25786
08/19/2020,10.05,10.05,10.04,10.04,25400
08/25/2020,10.09,10.09,10.09,10.09,5000
08/27/2020,10.25,10.25,10.2096,10.24,15005
08/28/2020,10.335,10.335,10.335,10.335,400
09/01/2020,10.3,10.3,10.3,10.3,400
09/03/2020,10.2,10.2,10.19,10.19,6400
09/04/2020,10.3,10.33,10.3,10.3,2105
09/08/2020,10.3,10.4,10.3,10.39,2600
09/09/2020,10.39,10.5,10.3899,10.5,9056
09/10/2020,10.5,10.5,10.31,10.39,3677
09/11/2020,10.33,10.35,10.33,10.35,1718
09/14/2020,10.41,10.52,10.39,10.52,1305
09/15/2020,10.54,10.54,10.54,10.54,183
09/17/2020,10.41,10.5,10.41,10.5,2620
09/18/2020,10.49,10.49,10.2387,10.48,4894
09/22/2020,10.34,10.34,10.32,10.32,2014
09/24/2020,10.2,10.29,10.2,10.26,14990
09/25/2020,10.25,10.34,10.25,10.33,4233
09/28/2020,10.4499,10.4499,10.4499,10.4499,500
09/29/2020,10.2567,10.2567,10.2567,10.2567,1000
10/02/2020,10.32,10.36,10.2,10.36,5570
10/05/2020,10.0854,10.48,10.0854,10.38,3100
10/06/2020,10.35,10.35,10.3,10.3,400
10/14/2020,10.32,10.32,10.27,10.2701,1500
10/15/2020,10.3,10.3,10.22,10.22,1200
10/16/2020,10.26,10.26,10.26,10.26,500
10/19/2020,10.1656,10.1656,10.1656,10.1656,1000
10/20/2020,10.28,10.28,10.28,10.28,200
10/22/2020,10.3795,10.3795,10.3795,10.3795,301
10/29/2020,10.22,10.26,10.2,10.26,900
11/03/2020,10.2,10.22,10.2,10.22,1830
11/04/2020,10.2,10.22,10.2,10.22,1700
11/05/2020,10.26,10.26,10.23,10.23,267
11/09/2020,10.25,10.28,10.24,10.25,16101
11/10/2020,10.28,10.28,10.2,10.2,1100
11/13/2020,10.24,10.24,10.24,10.24,200
11/17/2020,10.28,10.28,10.28,10.28,202
11/18/2020,10.28,10.28,10.28,10.28,4000
11/19/2020,10.38,10.38,10.38,10.38,328
11/20/2020,10.43,10.6,10.37,10.57,8372
11/23/2020,10.86,10.94,10.69,10.72,43826
11/24/2020,10.98,11,10.965,11,19947
11/25/2020,11,11.02,10.95,11,8842
11/30/2020,11.05,11.05,11.05,11.05,100
12/01/2020,11.82,11.82,11.12,11.12,3856
12/08/2020,11.1,11.17,10.9,11.12,214950
12/09/2020,11.06,11.3,11.06,11.16,45858
12/10/2020,11.22,11.25,11.1,11.15,49132
12/11/2020,11.3,12,11.3,11.54,28467
12/14/2020,11.6,11.7,11.2,11.2,41859
12/15/2020,11.35,11.35,10.97,11,12700
12/16/2020,10.7,11.49,10.7,11.49,35735
12/17/2020,11.5,11.5,11.01,11.01,1950
12/18/2020,11.15,11.15,11.15,11.15,440
12/21/2020,11.497,11.497,11.09,11.09,2660
12/22/2020,11.16,11.68,11.16,11.45,15645
12/23/2020,11.75,11.75,11.5,11.6,13511
12/24/2020,11.6,11.75,11.47,11.47,48034
12/28/2020,11.75,12,11.64,11.7,76521
12/29/2020,11.9452,12,11.34,11.53,12420
12/30/2020,11.5318,11.5318,11.38,11.38,397
12/31/2020,11.5,11.6,11.38,11.42,4637
