01/02/2015,4.6889,4.6889,4.5482,4.5482,341
01/05/2015,4.3986,4.4866,4.3458,4.3458,2047
01/06/2015,4.2755,4.3282,4.2755,4.3282,768
01/08/2015,4.2227,4.3194,4.2227,4.3194,1023
01/09/2015,4.2403,4.2403,4.2403,4.2403,114
01/12/2015,4.3282,4.3282,4.2227,4.2403,1706
01/14/2015,4.3106,4.3106,4.3106,4.3106,114
01/15/2015,4.3986,4.3986,4.3106,4.337,1135
01/16/2015,4.5746,4.601,4.4866,4.4866,836
01/20/2015,4.2491,4.337,4.2491,4.3282,549
01/21/2015,4.3106,4.3722,4.293,4.3722,2160
01/23/2015,4.1787,4.1787,4.1611,4.1611,321
01/26/2015,4.1787,4.1787,4.1347,4.1347,374
01/27/2015,4.1347,4.1347,4.1083,4.1171,796
01/29/2015,3.9588,4.3106,3.9588,4.1699,2917
01/30/2015,3.8708,3.9468,3.862,3.9468,582
02/02/2015,4.0202,4.0202,4.0202,4.0202,227
02/03/2015,4.0995,4.0995,3.9957,3.9957,228
02/04/2015,3.9763,3.9763,3.9763,3.9763,1137
02/05/2015,3.9686,4.0467,3.9047,4.0467,1014
02/06/2015,3.8356,3.862,3.8356,3.862,341
02/10/2015,3.8708,3.8708,3.7828,3.8443,1819
02/11/2015,3.7388,3.7475,3.6596,3.7475,1081
02/13/2015,3.9588,3.9588,3.95,3.95,1400
02/17/2015,3.8708,4.0907,3.8708,3.9676,1617
02/18/2015,4.0115,4.1347,4.0115,4.0907,660
02/19/2015,4.0555,4.0555,4.0555,4.0555,114
02/20/2015,4.0907,4.0907,4.0907,4.0907,114
02/23/2015,4.0848,4.0848,4.0848,4.0848,248
02/24/2015,4.2306,4.2306,4.2306,4.2306,899
02/25/2015,4.0731,4.0731,3.8972,3.9588,1251
03/04/2015,3.8708,3.9588,3.6948,3.8532,7844
03/05/2015,3.8708,3.8708,3.7564,3.7564,13413
03/06/2015,3.5629,3.7212,3.5629,3.7212,910
03/09/2015,3.5981,3.774,3.5981,3.618,2749
03/10/2015,3.6948,3.6948,3.4573,3.5629,1691
03/12/2015,3.4749,3.4749,3.4221,3.4749,682
03/13/2015,3.4573,3.4573,3.3605,3.3605,455
03/16/2015,3.2198,3.2286,3.0438,3.2286,4840
03/17/2015,3.1494,3.2462,3.1494,3.2462,1592
03/19/2015,3.1671,3.1671,3.1671,3.1671,114
03/20/2015,3.3166,3.5453,3.3166,3.5453,3472
03/23/2015,3.7124,3.7388,3.6421,3.7388,2866
03/25/2015,3.8444,3.8795,3.7388,3.7388,444
03/26/2015,3.7388,3.7388,3.7388,3.7388,775
03/27/2015,3.6069,3.6157,3.5102,3.5893,577
03/30/2015,3.5629,3.5629,3.4582,3.4837,1113
04/01/2015,3.6157,3.7212,3.6157,3.7212,455
04/02/2015,3.9939,4.2227,3.9412,4.0466,7065
04/06/2015,4.0907,4.1171,4.0907,4.0995,1932
04/07/2015,4.1347,4.1347,4.1083,4.1083,1138
04/09/2015,4.0028,4.1258,4.0028,4.1258,910
04/10/2015,4.1083,4.1083,4.1083,4.1083,114
04/14/2015,4.0926,4.1963,4.0926,4.1786,4982
04/15/2015,4.1963,4.1963,4.1435,4.1963,1003
04/16/2015,3.9851,4.2755,3.9851,4.2755,1507
04/17/2015,4.3986,4.3986,4.1787,4.1787,3638
04/21/2015,4.1259,4.1611,4.0643,4.0643,569
04/22/2015,4.205,4.205,4.205,4.205,341
04/24/2015,4.3546,4.5922,4.3546,4.5482,5229
04/27/2015,4.5922,4.5922,4.5218,4.5218,342
04/29/2015,4.4602,4.4602,4.4602,4.4602,227
05/01/2015,4.4338,4.4338,3.9939,4.3018,9963
05/04/2015,4.1276,4.1997,4.1276,4.1997,333
05/05/2015,4.3439,4.4611,4.3078,4.452,5060
05/06/2015,4.452,4.5962,4.3169,4.5962,7095
05/07/2015,4.5422,4.5908,4.5422,4.5908,1054
05/08/2015,4.7044,4.9567,4.6773,4.9567,2165
05/11/2015,4.9108,4.9108,4.8486,4.8486,1574
05/13/2015,4.6773,4.6773,4.5061,4.5061,1998
05/14/2015,4.6404,4.6413,4.6404,4.6404,2217
05/15/2015,4.6503,4.6503,4.6503,4.6503,111
05/18/2015,4.7044,4.7044,4.5962,4.5962,1887
05/19/2015,4.5602,4.5602,4.5602,4.5602,506
05/21/2015,4.407,4.4611,4.2628,4.2628,2244
05/22/2015,4.2448,4.2628,4.0555,4.1546,1998
05/26/2015,4.1096,4.1997,4.1096,4.1997,222
05/27/2015,4.2448,4.2538,4.1456,4.1456,888
05/29/2015,4.5061,4.5061,4.5061,4.5061,524
06/01/2015,4.1006,4.1817,4.1006,4.1636,555
06/02/2015,4.1636,4.1636,4.1636,4.1636,111
06/03/2015,4.0104,4.0104,3.9654,3.9654,989
06/04/2015,3.8482,3.9113,3.8482,3.9113,222
06/05/2015,3.9293,3.9564,3.9293,3.9383,777
06/08/2015,4.0375,4.2087,4.0375,4.2087,555
06/09/2015,4.1276,4.1276,4.1276,4.1276,111
06/10/2015,4.0915,4.0915,3.9474,3.9474,444
06/15/2015,3.8843,3.9744,3.8302,3.8302,12650
06/16/2015,3.8392,3.8843,3.8302,3.8302,888
06/17/2015,3.8032,3.8032,3.8032,3.8032,500
06/18/2015,3.9203,3.9924,3.9203,3.9924,1221
06/19/2015,3.9293,3.9762,3.9113,3.9113,555
06/22/2015,3.9654,4.0465,3.9474,4.0465,1443
06/23/2015,4.0285,4.0285,3.9834,3.9834,333
06/24/2015,3.9474,3.9474,3.6049,3.6319,2664
06/25/2015,3.2444,3.5779,3.2444,3.4697,2946
06/29/2015,3.5959,3.5959,3.4156,3.4427,23192
07/02/2015,3.3525,3.3525,3.2804,3.2804,333
07/06/2015,3.2651,3.2651,3.2534,3.2534,1443
07/07/2015,3.1363,3.1543,3.0642,3.1363,4435
07/10/2015,3.1902,3.2354,3.1902,3.2354,3992
07/13/2015,3.1903,3.1904,3.1182,3.1182,3597
07/14/2015,2.965,3.1993,2.965,3.1993,3440
07/15/2015,3.2354,3.2354,3.0966,3.2263,2608
07/16/2015,3.3525,3.3525,3.2264,3.2264,480
07/17/2015,3.1092,3.1092,2.9867,2.9867,1665
07/20/2015,2.983,2.983,2.983,2.983,180
07/21/2015,3.0723,3.0723,2.9019,2.9019,2363
07/23/2015,2.7848,2.7848,2.7758,2.7758,222
07/24/2015,2.6947,2.6947,2.5955,2.5955,333
07/27/2015,2.6856,2.6856,2.5685,2.6766,691
07/28/2015,2.6226,2.6226,2.5505,2.5505,222
07/29/2015,2.5505,2.5505,2.5235,2.5313,1664
07/30/2015,2.6316,2.6316,2.6316,2.6316,111
07/31/2015,2.6135,2.6135,2.5955,2.5955,785
08/03/2015,2.5955,2.5955,2.5685,2.5685,896
08/05/2015,2.5505,2.5505,2.3432,2.3882,17312
08/06/2015,2.3432,2.3432,2.19,2.19,7445
08/07/2015,2.2801,2.2981,2.2801,2.2981,222
08/12/2015,2.3792,2.3792,2.3792,2.3792,111
08/14/2015,2.4063,2.4063,2.3342,2.3342,444
08/17/2015,2.3342,2.3612,2.3342,2.3612,333
08/18/2015,2.3727,2.3727,2.3727,2.3727,222
08/20/2015,2.3252,2.3252,2.2891,2.2891,2218
08/21/2015,2.3161,2.3161,2.0988,2.244,1443
08/24/2015,2.0998,2.1179,2.0368,2.0368,4522
08/25/2015,2.0849,2.0849,1.9917,1.9917,4827
08/26/2015,1.9917,1.9917,1.9917,1.9917,1110
08/31/2015,2.0638,2.0638,1.8745,1.8745,444
09/02/2015,1.8024,1.8024,1.8024,1.8024,555
09/03/2015,1.7844,1.7844,1.7844,1.7844,222
09/04/2015,1.8475,1.8475,1.7574,1.7574,2386
09/08/2015,1.9106,1.9106,1.7844,1.7844,333
09/09/2015,1.7303,1.7303,1.6492,1.6492,1998
09/10/2015,1.6865,1.6865,1.6865,1.6865,111
09/11/2015,1.7664,1.7664,1.679,1.679,3218
09/15/2015,1.7664,1.7664,1.6763,1.7033,699
09/16/2015,1.6132,1.7123,1.6132,1.7123,721
09/17/2015,1.7394,1.7394,1.6853,1.6853,1221
09/18/2015,1.6042,1.6042,1.6042,1.6042,333
09/22/2015,1.532,1.532,1.532,1.532,166
09/23/2015,1.5321,1.5321,1.487,1.487,333
09/25/2015,1.5321,1.5321,1.5231,1.5231,3218
09/30/2015,1.5321,1.6222,1.505,1.5771,21193
10/01/2015,1.5681,1.5771,1.5321,1.5321,555
10/02/2015,1.5321,1.5771,1.5231,1.5771,3107
10/05/2015,1.496,1.6042,1.496,1.6042,333
10/06/2015,1.5321,1.6042,1.5321,1.6042,555
10/09/2015,1.6853,1.7123,1.6853,1.7123,664
10/15/2015,1.7484,1.8475,1.6673,1.8475,5953
10/16/2015,1.7213,1.7213,1.6853,1.6853,666
10/19/2015,1.6402,1.6943,1.6222,1.6222,1553
10/20/2015,1.6582,1.6763,1.6582,1.6763,1110
10/21/2015,1.7484,1.8024,1.7182,1.7213,3826
10/22/2015,1.7754,1.7754,1.7754,1.7754,111
10/23/2015,1.7934,1.8024,1.7394,1.7394,2441
10/26/2015,1.6492,1.6492,1.6492,1.6492,111
10/27/2015,1.5681,1.5681,1.5681,1.5681,444
10/28/2015,1.6311,1.6311,1.6132,1.6132,416
10/30/2015,1.6132,1.6132,1.5952,1.6042,14536
11/02/2015,1.5898,1.5898,1.5898,1.5898,166
11/03/2015,1.6763,1.7033,1.6763,1.7033,805
11/04/2015,1.7033,1.7033,1.7033,1.7033,11822
11/05/2015,1.7033,1.7033,1.6853,1.7033,28218
11/06/2015,1.7397,1.7577,1.6582,1.6582,28739
11/09/2015,1.6673,1.6673,1.6413,1.6413,790
11/10/2015,1.6763,1.6763,1.6582,1.6582,1554
11/12/2015,1.7114,1.7204,1.6492,1.7204,577
11/13/2015,1.6492,1.6943,1.6042,1.6492,4882
11/16/2015,1.6222,1.6312,1.6222,1.6312,1775
11/18/2015,1.5591,1.6042,1.5591,1.6042,677
11/20/2015,1.6673,1.6673,1.6673,1.6673,287
11/23/2015,1.6309,1.6309,1.6309,1.6309,111
11/24/2015,1.7213,1.7213,1.6763,1.6763,222
11/25/2015,1.5862,1.5952,1.5771,1.5771,6857
11/27/2015,1.5321,1.5321,1.5321,1.5321,999
11/30/2015,1.478,1.5231,1.4329,1.487,13204
12/01/2015,1.6582,1.6582,1.4754,1.4754,8379
12/02/2015,1.442,1.514,1.442,1.5118,1932
12/03/2015,1.5501,1.5501,1.5232,1.5232,3803
12/04/2015,1.5231,1.5321,1.442,1.442,666
12/07/2015,1.4609,1.5591,1.46,1.5591,2453
12/08/2015,1.5411,1.6222,1.5411,1.6222,4930
12/10/2015,1.5411,1.6221,1.5411,1.589,1162
12/11/2015,1.6222,1.6222,1.487,1.487,777
12/14/2015,1.4289,1.4289,1.1716,1.1716,2671
12/15/2015,1.3428,1.46,1.1986,1.442,28141
12/16/2015,1.451,1.451,1.451,1.451,222
12/17/2015,1.442,1.451,1.4059,1.4059,999
12/18/2015,1.451,1.5231,1.3861,1.5231,9524
12/21/2015,1.5141,1.5231,1.5141,1.5141,1033
12/22/2015,1.4149,1.8836,1.4149,1.8836,26679
12/23/2015,1.9647,2.3522,1.5186,1.7019,28608
12/24/2015,1.7177,1.7177,1.5321,1.6222,2815
12/28/2015,1.5411,1.6754,1.5411,1.6754,1113
12/29/2015,1.6492,1.6492,1.5771,1.5771,2109
12/30/2015,1.6222,1.6222,1.487,1.487,10764
12/31/2015,1.451,1.6222,1.451,1.6132,4551
01/04/2016,1.505,1.6312,1.442,1.442,2733
01/05/2016,1.4329,1.451,1.4239,1.442,14536
01/06/2016,1.442,1.451,1.4329,1.442,13244
01/07/2016,1.3248,1.3248,1.3067,1.3067,1332
01/08/2016,1.2616,1.2616,1.2347,1.2347,2885
01/11/2016,1.2257,1.2257,1.1791,1.1791,5729
01/12/2016,1.2167,1.2167,1.18,1.18,472
01/13/2016,1.2166,1.2167,1.1446,1.2069,3551
01/15/2016,1.1446,1.1446,1.1265,1.1301,333
01/19/2016,1.1175,1.1265,1.0724,1.0815,4107
01/20/2016,1.0164,1.0364,0.984,1.0364,4773
01/21/2016,0.9733,0.9733,0.9733,0.9733,133
01/22/2016,1.0274,1.0815,1.0274,1.0815,1443
01/27/2016,1.1446,1.1446,1.1446,1.1446,111
01/28/2016,1.1806,1.1806,1.1806,1.1806,111
01/29/2016,1.2707,1.3338,1.2707,1.3095,2719
02/01/2016,1.3969,1.6673,1.3969,1.5952,5216
02/02/2016,1.5952,1.5952,1.2617,1.2756,5194
02/04/2016,1.3518,1.3699,1.3518,1.3699,222
02/05/2016,1.451,1.4869,1.4084,1.4084,893
02/09/2016,1.3969,1.3969,1.3969,1.3969,111
02/11/2016,1.3347,1.3347,1.3347,1.3347,217
02/12/2016,1.4059,1.4059,1.4059,1.4059,111
02/16/2016,1.3339,1.3339,1.3339,1.3339,333
02/17/2016,1.3969,1.469,1.3969,1.469,666
02/18/2016,1.3969,1.3969,1.3969,1.3969,111
02/19/2016,1.46,1.46,1.46,1.46,111
02/22/2016,1.5037,1.5037,1.5037,1.5037,169
02/23/2016,1.4329,1.451,1.2257,1.3879,6707
02/24/2016,1.4239,1.4239,1.3789,1.3789,2997
02/26/2016,1.4238,1.4238,1.4238,1.4238,333
03/03/2016,1.451,1.5952,1.4239,1.5952,32723
03/04/2016,1.6673,1.7394,1.6673,1.6853,7545
03/08/2016,1.6132,1.6582,1.6132,1.6492,999
03/09/2016,1.7033,1.7213,1.6673,1.6943,2442
03/10/2016,1.7484,1.7484,1.7484,1.7484,333
03/11/2016,1.7484,1.9557,1.7123,1.8836,54133
03/14/2016,1.9286,1.9286,1.8024,1.8115,4218
03/15/2016,1.7213,1.7664,1.6222,1.6222,3292
03/16/2016,1.6673,1.6673,1.6673,1.6673,111
03/17/2016,1.7394,1.8205,1.7394,1.8205,1998
03/18/2016,1.8475,1.8475,1.8475,1.8475,5104
03/21/2016,1.8745,1.9646,1.8745,1.9412,444
03/23/2016,1.9016,1.9016,1.9016,1.9016,1110
03/24/2016,1.8836,1.8836,1.8385,1.8565,888
03/28/2016,1.9067,2.1359,1.9067,2.1267,5230
03/29/2016,2.0908,2.19,2.0278,2.0368,11601
03/30/2016,2.1089,2.1089,2.0548,2.0548,1625
03/31/2016,2.0548,2.0548,1.9376,1.9376,2220
04/04/2016,1.8385,1.8385,1.8385,1.8385,111
04/05/2016,1.7394,1.7934,1.7394,1.7769,489
04/06/2016,1.7664,1.7664,1.7123,1.7123,222
04/07/2016,1.8024,1.8024,1.6222,1.6491,3799
04/08/2016,1.7213,1.7213,1.7213,1.7213,111
04/11/2016,1.8205,1.8836,1.8205,1.8836,2664
04/12/2016,1.9106,1.9106,1.9105,1.9105,888
04/13/2016,2.0007,2.0458,2.0007,2.0458,1665
04/14/2016,2.0458,2.0458,2.0458,2.0458,107
04/15/2016,1.9737,2.0727,1.9737,1.9827,3159
04/22/2016,1.8926,1.8926,1.8926,1.8926,111
04/25/2016,1.9376,1.9376,1.9196,1.9376,999
04/27/2016,1.8917,1.8917,1.8917,1.8917,111
04/28/2016,1.8331,1.8619,1.8331,1.8619,2441
05/02/2016,1.8706,1.8706,1.8706,1.8706,211
05/04/2016,1.7282,1.7472,1.6807,1.6807,1896
05/05/2016,1.7282,1.7282,1.7187,1.7187,632
05/09/2016,1.6997,1.6997,1.6143,1.6522,4319
05/10/2016,1.7282,1.7282,1.7282,1.7282,316
05/11/2016,1.8232,2.0416,1.8232,1.8896,40227
05/12/2016,1.9561,1.9561,1.9086,1.937,5496
05/13/2016,2.0131,2.0131,1.7757,1.8042,17166
05/16/2016,1.8517,1.8517,1.7093,1.7093,2781
05/17/2016,1.7092,1.713,1.6902,1.6902,4253
05/18/2016,1.7282,1.8042,1.5668,1.5668,7425
05/19/2016,1.6617,1.6617,1.4633,1.5192,6267
05/20/2016,1.6048,1.6333,1.5668,1.5668,7561
05/23/2016,1.5668,1.6237,1.5193,1.6047,11252
05/24/2016,1.6048,1.6617,1.5478,1.6617,7581
05/25/2016,1.6522,1.7187,1.5573,1.5573,4316
05/26/2016,1.6238,1.8706,1.6143,1.6238,17061
05/27/2016,1.6245,1.6245,1.5573,1.5573,2052
05/31/2016,1.6158,1.6158,1.6158,1.6158,158
06/02/2016,1.5763,1.5763,1.5763,1.5763,105
06/03/2016,1.5383,1.5383,1.5293,1.5293,211
06/07/2016,1.6617,1.6617,1.581,1.581,3897
06/08/2016,1.6522,1.7757,1.6522,1.7377,10741
06/09/2016,1.7567,1.7567,1.7567,1.7567,210
06/13/2016,1.7567,1.7567,1.6902,1.6902,316
06/15/2016,1.6902,1.6902,1.5763,1.5952,1053
06/16/2016,1.5763,1.6143,1.5383,1.5953,5973
06/17/2016,1.5383,1.6617,1.5383,1.6617,1264
06/20/2016,1.6617,1.6617,1.6617,1.6617,105
06/21/2016,1.7662,1.7852,1.6997,1.6997,1652
06/23/2016,1.8706,1.899,1.8138,1.8801,10919
06/24/2016,1.8422,1.8801,1.7567,1.8042,7547
06/27/2016,1.7567,1.7757,1.3579,1.6807,50893
06/28/2016,1.8611,1.8991,1.8269,1.8801,8362
06/29/2016,1.8991,1.9751,1.7947,1.9561,16383
06/30/2016,1.9751,2.089,1.9372,2.089,11961
07/01/2016,2.0985,2.146,2.0985,2.1194,4739
07/05/2016,2.1175,2.2315,2.089,2.2315,6657
07/06/2016,2.0512,2.0606,2.0511,2.0606,1895
07/07/2016,2.0805,2.1783,2.0415,2.0606,11319
07/08/2016,2.1839,2.1839,2.1839,2.1839,105
07/11/2016,2.2315,2.4214,2.1839,2.4214,49531
07/12/2016,2.4594,2.5637,2.4119,2.5543,5424
07/13/2016,2.1365,2.3644,2.0511,2.2885,5580
07/14/2016,2.2315,2.4214,2.2315,2.4214,10974
07/18/2016,2.4451,2.5163,2.4451,2.4878,3897
07/19/2016,2.4879,2.4974,2.4878,2.4879,1684
07/20/2016,2.5448,2.5638,2.5448,2.5638,1570
07/21/2016,2.6493,2.6588,2.5247,2.5923,2318
07/22/2016,2.5923,2.6208,2.5448,2.6113,4318
07/27/2016,2.6303,2.6303,2.6113,2.6113,210
08/02/2016,2.5544,2.5544,2.5543,2.5543,737
08/03/2016,2.5638,2.6113,2.5637,2.6113,1195
08/04/2016,2.6209,2.7917,2.6209,2.7917,1905
08/05/2016,2.7347,3.0386,2.7062,3.0386,2707
08/09/2016,2.8393,2.8393,2.7536,2.7537,1262
08/11/2016,2.7537,2.825,2.7441,2.7537,11106
08/12/2016,2.8392,2.8677,2.8391,2.8671,2264
08/15/2016,2.8582,2.8582,2.8582,2.8582,632
08/16/2016,2.8772,2.8772,2.8772,2.8772,2317
08/17/2016,2.7727,2.7728,2.6398,2.6398,737
08/18/2016,2.8012,2.8012,2.7158,2.7537,3079
08/19/2016,2.7728,2.7775,2.6873,2.6873,6003
08/22/2016,2.7537,2.7538,2.5258,2.6512,2974
08/23/2016,2.6863,2.6863,2.6863,2.6863,1264
08/24/2016,2.6399,2.6399,2.6018,2.6018,843
08/26/2016,2.5448,2.6398,2.5354,2.5923,6819
08/29/2016,2.5353,2.5638,2.5353,2.5638,3335
08/30/2016,2.5449,2.5449,2.5449,2.5449,527
08/31/2016,2.5922,2.8772,2.5353,2.8772,8637
09/01/2016,2.6113,2.8772,2.5448,2.6494,5738
09/02/2016,2.6778,2.7631,2.6778,2.7631,1158
09/06/2016,2.7917,2.8487,2.7663,2.8012,1848
09/07/2016,2.7737,2.7737,2.7737,2.7737,1053
09/08/2016,2.8012,2.8392,2.8012,2.8392,529
09/09/2016,2.7442,2.7442,2.6588,2.6683,7492
09/13/2016,2.5924,2.5924,2.4309,2.4641,5644
09/14/2016,2.4096,2.4169,2.4024,2.4024,3054
09/15/2016,2.4024,2.4404,2.3074,2.4404,7617
09/16/2016,2.4119,2.4119,2.4119,2.4119,105
09/19/2016,2.4119,2.5069,2.4119,2.4299,1038
09/20/2016,2.4879,2.5543,2.4879,2.4879,632
09/22/2016,2.6208,2.6398,2.6202,2.6202,526
09/26/2016,2.5997,2.5997,2.5828,2.5828,421
09/27/2016,2.5827,2.5827,2.4879,2.5543,4947
09/28/2016,2.5543,2.6113,2.5543,2.6113,211
09/29/2016,2.6112,2.6112,2.5828,2.5829,2632
09/30/2016,2.5828,2.7158,2.5638,2.7063,4400
10/03/2016,2.6303,2.6303,2.5638,2.5638,211
10/05/2016,2.5638,2.5638,2.5637,2.5637,5182
10/07/2016,2.5448,2.5733,2.5448,2.5733,316
10/10/2016,2.6208,2.6208,2.6208,2.6208,105
10/11/2016,2.5923,2.5923,2.5923,2.5923,105
10/12/2016,2.5638,2.5638,2.3264,2.3264,1051
10/13/2016,2.5353,2.6303,2.5353,2.6303,1913
10/14/2016,2.6578,2.6578,2.6113,2.6113,1474
10/17/2016,2.5923,2.6588,2.5829,2.5829,773
10/18/2016,2.5855,2.7113,2.5855,2.6684,4106
10/19/2016,2.7116,2.7372,2.6398,2.6398,3553
10/20/2016,2.6364,2.6968,2.6364,2.6968,1263
10/21/2016,2.7822,2.7822,2.6588,2.6588,316
10/25/2016,2.8107,2.8107,2.6873,2.7917,797
10/26/2016,2.7253,2.7253,2.7253,2.7253,105
10/28/2016,2.8106,2.8107,2.8106,2.8107,211
10/31/2016,2.8202,3.0205,2.8202,3.0101,5162
11/01/2016,2.9721,2.9721,2.7253,2.7253,917
11/02/2016,2.7537,2.7537,2.7537,2.7537,842
11/04/2016,2.7158,2.7253,2.7158,2.7253,211
11/08/2016,2.7726,2.7727,2.7726,2.7727,422
11/09/2016,2.6778,2.7444,2.6019,2.7444,1474
11/10/2016,2.7822,2.7822,2.4499,2.5319,9764
11/11/2016,2.3169,2.3276,2.1935,2.2695,5475
11/15/2016,2.3581,2.3581,2.3581,2.3581,527
11/16/2016,2.4024,2.4594,2.3929,2.3929,421
11/17/2016,2.431,2.431,2.3645,2.3645,1268
11/18/2016,2.4594,2.4785,2.4025,2.4025,1895
11/21/2016,2.4879,2.4879,2.3929,2.3929,8407
11/22/2016,2.4214,2.4731,2.2885,2.4309,6529
11/23/2016,2.4309,2.4309,2.3644,2.3644,316
11/25/2016,2.3265,2.3265,2.3265,2.3265,736
11/28/2016,2.3454,2.3454,2.3454,2.3454,105
11/29/2016,2.3549,2.3549,2.3549,2.3549,105
11/30/2016,2.805,2.805,2.805,2.805,421
12/01/2016,2.805,2.805,2.805,2.805,94
12/02/2016,2.0322,2.3549,2.0098,2.2301,6032
12/05/2016,2.0742,2.0742,2.0742,2.0742,421
12/06/2016,2.1556,2.1619,2.089,2.1554,6581
12/08/2016,2.4689,2.4689,2.4499,2.4689,1577
12/09/2016,2.6303,2.6303,2.1746,2.2566,3580
12/12/2016,2.127,2.127,1.9751,1.9751,1274
12/13/2016,2.0511,2.2124,2.0511,2.2124,2148
12/14/2016,2.222,2.222,2.0962,2.0962,1054
12/15/2016,2.1081,2.1081,2.0226,2.0226,1058
12/16/2016,1.9466,2.0387,1.9466,1.9466,1170
12/19/2016,2.1175,2.1273,2.0795,2.1273,632
12/20/2016,2.1555,2.1649,2.0226,2.0226,9004
12/21/2016,2.0511,2.127,2.0511,2.127,842
12/22/2016,2.127,2.203,2.1175,2.1365,1368
12/23/2016,2.1745,2.2695,2.0606,2.2695,4107
12/27/2016,2.2695,2.2695,2.2695,2.2695,316
12/28/2016,2.2398,2.2398,2.2316,2.2316,2633
12/29/2016,2.222,2.3929,2.222,2.3499,1597
12/30/2016,2.4498,2.4498,2.4024,2.4024,2527
01/03/2017,2.4308,2.4308,2.3645,2.3645,5444
01/04/2017,2.3644,2.3644,2.3359,2.3359,211
01/05/2017,2.3359,2.3359,2.3359,2.3359,1053
01/06/2017,2.373,2.373,2.373,2.373,445
01/10/2017,2.4309,2.4594,1.9846,2.3977,5492
01/12/2017,2.5448,2.6588,2.5258,2.5258,1304
01/19/2017,2.6303,2.6303,2.6303,2.6303,105
01/20/2017,2.6399,2.6399,2.6399,2.6399,583
01/23/2017,2.6967,2.7159,2.6967,2.7158,2107
01/24/2017,2.8012,2.8012,2.8011,2.8012,632
01/26/2017,3.0386,3.0386,2.7484,2.7484,1896
01/27/2017,2.9057,2.9057,2.7727,2.8202,1909
01/31/2017,2.8107,2.8962,2.8107,2.8962,210
02/01/2017,2.9341,3.0196,2.8582,2.993,10742
02/02/2017,3.1336,3.2,3.0921,3.2,1263
02/03/2017,3.257,3.352,3.214,3.3347,2815
02/06/2017,3.4374,3.4374,2.7537,3.2475,1685
02/08/2017,3.2,3.2285,3.2,3.2285,421
02/09/2017,3.1725,3.227,3.1725,3.227,322
02/10/2017,3.2685,3.2685,3.2685,3.2685,306
02/15/2017,3.3709,3.4754,3.3709,3.4587,3686
02/16/2017,3.5418,3.6368,3.5418,3.6367,1688
02/17/2017,3.6748,3.6748,3.3235,3.5134,1369
02/21/2017,3.8267,3.9882,3.8078,3.9882,1227
02/22/2017,4.1496,4.5104,4.1496,4.2729,20353
02/23/2017,4.273,4.3205,4.1686,4.1686,98743
02/24/2017,4.1686,4.1686,3.8785,4.1591,7291
02/28/2017,4.1781,4.1876,3.4089,3.4646,5322
03/01/2017,3.8172,4.0583,3.6273,3.6273,14747
03/02/2017,3.8647,3.897,3.7413,3.897,1927
03/03/2017,3.8931,4.121,3.8552,4.121,2212
03/06/2017,3.8362,4.1211,3.8362,3.9597,2738
03/07/2017,4.0357,4.0736,3.9379,4.0736,3265
03/08/2017,4.0197,4.0197,3.8078,3.8154,3369
03/09/2017,3.8173,3.8173,3.8173,3.8173,105
03/10/2017,3.6653,3.8362,3.4849,3.8362,4787
03/13/2017,3.7413,4.0262,3.7413,4.0262,1053
03/14/2017,3.8362,3.8649,3.8173,3.8173,652
03/15/2017,3.7603,3.7698,3.7603,3.7698,316
03/16/2017,3.8647,4.1119,3.8647,4.1046,6768
03/17/2017,4.1306,4.1306,3.6083,3.8173,2001
03/20/2017,3.8837,3.9122,3.8362,3.8457,2662
03/21/2017,3.8267,3.8282,3.6273,3.6273,527
03/22/2017,3.5799,3.5799,3.314,3.4944,4259
03/23/2017,3.4753,3.4849,3.4341,3.4849,2305
03/24/2017,3.5609,3.5704,3.5324,3.5324,1058
04/03/2017,3.5324,3.5582,3.5324,3.5515,2211
04/04/2017,3.4754,3.4771,3.4754,3.4771,211
04/05/2017,3.3994,3.4005,3.3994,3.4005,632
04/10/2017,3.2475,3.2475,3.2475,3.2475,211
04/11/2017,3.181,3.276,3.181,3.276,316
04/12/2017,3.1335,3.1335,3.1335,3.1335,390
04/17/2017,3.1336,3.1336,3.0956,3.0956,211
04/18/2017,3.2095,3.2129,3.1241,3.1809,1895
04/20/2017,3.0671,3.1335,3.0557,3.0557,3742
04/24/2017,3.0576,3.0592,3.0481,3.0592,421
04/25/2017,3.0291,3.0291,2.9817,2.9817,1329
04/26/2017,2.9627,2.9661,2.8488,2.8495,4317
04/27/2017,2.8487,2.8497,2.7537,2.7537,1263
05/03/2017,2.8297,3.4659,2.8297,3.4659,5289
05/04/2017,2.9626,3.0394,2.7822,2.7822,9215
05/05/2017,2.8202,2.8962,2.8202,2.8202,316
05/09/2017,2.7823,2.7823,2.7823,2.7823,527
05/10/2017,2.8081,2.8081,2.8081,2.8081,263
05/11/2017,2.7822,2.8107,2.7822,2.8107,316
05/16/2017,2.7537,2.7537,2.7047,2.7244,2106
05/18/2017,2.7213,2.7213,2.1745,2.2315,18987
05/19/2017,2.26,2.3549,2.26,2.3549,2949
05/22/2017,2.1555,2.165,2.146,2.146,3172
05/23/2017,2.1745,2.2695,2.1745,2.203,1368
05/24/2017,2.2398,2.3359,2.203,2.3074,3707
05/25/2017,2.3074,2.3074,2.2505,2.3074,4975
05/30/2017,2.3074,2.3074,2.2254,2.2254,1509
05/31/2017,2.0416,2.3169,1.9466,2.3169,623
06/02/2017,2.2885,2.3454,2.2695,2.3454,1890
06/05/2017,2.3074,2.3074,2.3074,2.3074,158
06/08/2017,2.2315,2.2372,2.1745,2.1745,3645
06/09/2017,2.165,2.2314,2.165,2.222,5604
06/13/2017,2.1935,2.2222,2.1442,2.1442,4682
06/14/2017,2.165,2.279,2.165,2.279,1053
06/22/2017,2.2885,2.2885,2.2885,2.2885,425
06/23/2017,2.2885,2.2945,2.2885,2.2945,685
06/26/2017,2.2979,2.2979,2.279,2.2931,6430
06/28/2017,2.4688,2.4688,2.4688,2.4688,105
06/29/2017,2.5222,2.5222,2.3697,2.3697,133115
06/30/2017,2.2979,2.3739,2.2979,2.2989,2311
07/03/2017,2.6113,2.6113,2.6113,2.6113,1853
07/05/2017,2.6113,2.6113,2.6113,2.6113,105
07/07/2017,2.4499,2.4499,2.4499,2.4499,105
07/10/2017,2.4215,2.4215,2.4215,2.4215,206
07/11/2017,2.4309,2.4309,2.4309,2.4309,126
07/12/2017,2.4689,2.6113,2.4689,2.6113,2948
07/13/2017,2.6113,2.6113,2.6112,2.6113,6951
07/14/2017,2.5828,2.6494,2.5828,2.6398,2643
07/18/2017,2.7253,2.7632,2.7253,2.7347,19672
07/19/2017,2.8202,2.8202,2.8202,2.8202,49502
07/21/2017,2.8392,2.8487,2.7632,2.803,1480
07/28/2017,2.6398,2.6398,2.3359,2.5069,1368
08/01/2017,2.5638,2.7044,2.5638,2.6609,818
08/07/2017,2.6343,2.6343,2.6343,2.6343,474
08/08/2017,2.8202,2.8202,2.7253,2.7253,947
08/09/2017,2.8202,2.8202,2.7347,2.7347,526
08/10/2017,2.6303,2.6303,2.6113,2.6113,797
08/14/2017,2.4239,2.4239,2.4239,2.4239,421
08/15/2017,2.5547,2.5547,2.393,2.393,1264
08/17/2017,2.4689,2.4689,2.45,2.45,3686
08/21/2017,2.6113,2.6208,2.5923,2.5923,12307
08/22/2017,2.7063,2.7063,2.6493,2.6778,2001
08/23/2017,2.7442,2.7632,2.7088,2.7632,2738
08/24/2017,2.8202,2.8202,2.8202,2.8202,1900
08/25/2017,2.8582,3.0006,2.7442,2.9341,10214
08/28/2017,2.8202,2.8202,2.7347,2.7822,5266
08/29/2017,2.4974,2.8107,2.4974,2.7727,902
09/08/2017,2.6208,2.6303,2.5971,2.5971,15143
09/13/2017,2.5828,2.5828,2.5828,2.5828,105
09/26/2017,2.5272,2.5272,2.5272,2.5272,316
09/27/2017,2.3739,2.4404,2.2885,2.2885,22430
09/28/2017,2.3834,2.3834,2.3834,2.3834,105
09/29/2017,2.3074,2.3074,2.298,2.3065,3159
10/03/2017,2.4139,2.4689,2.3549,2.4689,843
10/04/2017,2.5638,2.5638,2.4879,2.4879,1622
10/10/2017,2.4024,2.4024,2.4024,2.4024,316
10/12/2017,2.4119,2.4119,2.3359,2.3359,3073
10/13/2017,2.4025,2.4025,2.3834,2.3834,421
10/16/2017,2.2505,2.3834,2.2505,2.3365,2179
10/23/2017,2.4309,2.4309,2.4309,2.4309,211
10/26/2017,2.1555,2.1555,2.1555,2.1555,1369
10/30/2017,1.9656,2.1365,1.9637,2.1365,5265
10/31/2017,2.3644,2.3644,2.184,2.184,1159
11/01/2017,2.1365,2.1375,2.0511,2.0511,1790
11/02/2017,2.0701,2.0701,2.0511,2.0701,3195
11/03/2017,2.0606,2.0606,1.9561,1.9846,6055
11/06/2017,2.0416,2.0416,2.0416,2.0416,112
11/09/2017,2.0131,2.0131,2.0131,2.0131,105
11/10/2017,1.9751,1.9751,1.7758,1.7758,3475
11/14/2017,1.7852,1.9226,1.7852,1.9226,2586
11/15/2017,1.9001,1.9001,1.8422,1.8422,3913
11/16/2017,1.7983,1.7983,1.7983,1.7983,237
11/17/2017,1.8042,1.9466,1.8042,1.9465,6457
11/28/2017,2.0416,2.0814,2.0406,2.0701,1368
11/29/2017,1.8517,1.8517,1.8517,1.8517,1053
11/30/2017,1.8991,1.8991,1.8422,1.8422,3370
12/01/2017,1.9439,2.0795,1.8611,1.9181,4420
12/04/2017,1.8422,2.0701,1.8422,2.0701,11648
12/05/2017,1.994,1.994,1.994,1.994,516
12/06/2017,1.8802,1.9606,1.8792,1.8991,17050
12/07/2017,1.956,1.956,1.8232,1.8232,11058
12/08/2017,1.7917,1.9466,1.7917,1.9466,1017
12/11/2017,1.9941,1.9941,1.8706,1.9276,10738
12/14/2017,2.0795,2.0795,1.9466,1.9466,943
12/15/2017,1.8231,1.8232,1.7662,1.7662,2499
12/18/2017,1.8991,2.0416,1.8801,1.8801,9690
12/19/2017,1.8078,1.901,1.789,1.8991,10111
12/20/2017,1.8108,1.886,1.8043,1.886,1264
12/21/2017,1.8137,1.899,1.8041,1.8042,3222
12/22/2017,1.8895,2.0416,1.8422,1.9276,11372
12/26/2017,1.7567,1.7567,1.7567,1.7567,523
12/27/2017,1.7663,1.7663,1.7567,1.7567,8701
12/28/2017,1.7572,1.7572,1.7472,1.7472,4316
12/29/2017,1.7662,1.9181,1.7576,1.7576,2968
01/02/2018,1.7567,1.7567,1.7567,1.7567,2211
01/03/2018,1.8232,1.8801,1.7387,1.8801,612
01/04/2018,1.8801,1.9656,1.8706,1.8849,5130
01/05/2018,2.0795,2.0795,2.0467,2.0795,7114
01/08/2018,2.0416,2.089,1.9941,2.089,6621
01/09/2018,2.0131,2.26,1.8991,1.8991,12843
01/11/2018,2.127,2.127,1.9181,1.9672,2913
01/16/2018,1.9941,2.5258,1.8538,1.8991,9604
01/17/2018,2.0036,2.108,1.9942,2.108,1646
01/18/2018,2.0226,2.1133,1.9941,1.9941,2769
01/19/2018,1.9276,2.0416,1.9276,2.0416,4498
01/22/2018,1.8422,2.1648,1.7187,2.1648,5423
01/23/2018,1.9276,1.9276,1.9086,1.9086,631
01/24/2018,2.0035,2.1364,2.0035,2.1364,737
01/29/2018,2.0036,2.0036,2.0036,2.0036,110
01/30/2018,2.1839,2.1839,2.0606,2.0606,631
01/31/2018,2.0985,2.0985,1.8042,2.0795,14151
02/05/2018,1.9903,1.9903,1.8422,1.8706,8161
02/06/2018,1.8706,2.0131,1.8706,2.0131,10779
02/07/2018,1.9086,1.9086,1.9086,1.9086,1313
02/08/2018,1.8991,1.8991,1.8991,1.8991,116
02/14/2018,1.861,1.861,1.861,1.861,211
02/16/2018,2.0131,2.0795,1.9941,2.0795,10321
02/20/2018,2.089,2.089,2.0795,2.0795,790
02/23/2018,1.9466,1.9466,1.9466,1.9466,105
02/26/2018,2.0131,2.0795,2.0131,2.0795,22997
02/27/2018,2.0036,2.127,2.0036,2.127,4715
02/28/2018,2.0701,2.0701,2.0701,2.0701,209
03/01/2018,2.0606,2.0606,2.0606,2.0606,291
03/02/2018,2.0607,2.0607,2.0226,2.0606,32504
03/08/2018,2.0511,2.127,1.9656,2.127,22432
03/09/2018,2.203,2.203,2.203,2.203,105
03/12/2018,2.0985,2.0985,2.0985,2.0985,211
03/13/2018,2.203,2.203,2.089,2.108,1334
03/14/2018,2.1555,2.1651,2.0606,2.0606,38145
03/19/2018,2.0606,2.1175,2.0606,2.1175,1068
03/20/2018,2.0985,2.0985,2.0985,2.0985,527
03/22/2018,2.089,2.089,2.0889,2.089,738
03/27/2018,2.108,2.1175,2.108,2.108,316
04/03/2018,2.108,2.108,2.108,2.108,18640
04/04/2018,2.0267,2.108,2.0267,2.108,843
04/05/2018,2.1175,2.1175,2.108,2.108,7582
04/09/2018,2.108,2.108,2.0226,2.0226,632
04/11/2018,2.034,2.034,1.9954,1.9954,527
04/12/2018,2.0036,2.108,2.0036,2.108,1263
04/13/2018,2.0131,2.0682,1.9941,1.9941,2009
04/16/2018,1.9181,2.0131,1.9086,2.0131,5768
04/23/2018,2.0131,2.0131,2.0121,2.0131,4950
04/26/2018,1.9751,1.9751,1.9656,1.9751,532
05/03/2018,1.9064,1.935,1.8683,1.935,13895
05/04/2018,1.8779,1.8779,1.8779,1.8779,1469
05/07/2018,1.9827,1.9827,1.9827,1.9827,462
05/08/2018,1.9446,1.9446,1.9446,1.9446,105
05/09/2018,1.9156,1.9541,1.8771,1.8963,10447
05/14/2018,2.0018,2.0018,1.8683,1.9064,857
05/15/2018,1.8683,1.8683,1.7539,1.8587,4963
05/16/2018,1.8492,1.8874,1.8492,1.8778,1154
05/18/2018,1.8016,1.916,1.7539,1.7975,3672
05/21/2018,1.8588,1.9732,1.8492,1.9064,5665
05/22/2018,1.916,1.9255,1.8111,1.9255,1154
05/23/2018,1.9725,1.9725,1.9725,1.9725,1260
05/24/2018,1.9725,1.9922,1.963,1.9922,3780
05/25/2018,1.916,1.916,1.8867,1.8867,315
05/29/2018,1.773,1.773,1.773,1.773,944
05/30/2018,1.8206,1.8848,1.8206,1.8848,1050
05/31/2018,1.8683,2.1066,1.8588,2.1066,3574
06/01/2018,2.0303,2.0303,1.8588,1.8588,2351
06/04/2018,1.8302,1.8302,1.7895,1.8016,1836
06/05/2018,1.8397,1.8588,1.7158,1.7158,16643
06/06/2018,1.7609,1.8492,1.6967,1.6967,27438
06/07/2018,1.6941,1.773,1.5156,1.6491,12712
06/08/2018,1.6681,1.6681,1.6681,1.6681,1049
06/11/2018,1.6586,1.6586,1.5347,1.5537,5112
06/12/2018,1.5563,1.6235,1.5347,1.6223,10823
06/14/2018,1.7349,1.7486,1.5823,1.6109,25104
06/15/2018,1.6109,1.6109,1.5061,1.5823,1977
06/19/2018,1.5728,1.7158,1.5728,1.7158,2203
06/20/2018,1.7029,1.7029,1.5061,1.5061,873
06/22/2018,1.5828,1.5828,1.5828,1.5828,122
06/25/2018,1.5823,1.5823,1.5156,1.5156,630
06/26/2018,1.5347,1.5633,1.5347,1.5633,315
06/27/2018,1.5633,1.5633,1.5061,1.5061,1585
06/28/2018,1.5728,1.9064,1.5252,1.6586,7127
06/29/2018,1.6395,1.6395,1.6395,1.6395,168
07/02/2018,1.6395,1.7396,1.6395,1.7063,8288
07/05/2018,1.773,1.773,1.6205,1.7634,2004
07/11/2018,1.6778,1.6778,1.6778,1.6778,420
07/12/2018,1.6777,1.6777,1.6777,1.6777,105
07/13/2018,1.6777,1.7634,1.6777,1.7634,3253
07/16/2018,1.7444,1.8492,1.7444,1.8492,525
07/17/2018,1.8492,1.8492,1.8492,1.8492,315
07/18/2018,1.8016,1.8016,1.6967,1.6967,210
07/20/2018,1.7444,1.7444,1.7444,1.7444,210
07/23/2018,1.7349,1.8302,1.7349,1.8302,630
07/24/2018,1.7825,1.8492,1.5811,1.8492,3745
07/25/2018,1.8492,1.8588,1.773,1.792,2990
07/26/2018,1.792,1.7966,1.7158,1.7158,630
07/27/2018,1.7634,1.8492,1.7539,1.8492,1574
08/02/2018,1.7253,1.792,1.6967,1.792,4923
08/03/2018,1.7825,1.7825,1.7825,1.7825,105
08/06/2018,1.8302,1.8302,1.8302,1.8302,105
08/10/2018,1.773,1.773,1.773,1.773,105
08/13/2018,1.7253,1.7253,1.7253,1.7253,707
08/21/2018,1.6333,1.7349,1.6333,1.6681,735
08/23/2018,1.6205,1.6205,1.5633,1.5633,1801
08/24/2018,1.6872,1.6872,1.6205,1.6205,4826
08/27/2018,1.6681,1.6681,1.6681,1.6681,105
08/29/2018,1.7037,1.7037,1.6507,1.6507,525
08/30/2018,1.6395,1.6395,1.5823,1.5823,1784
08/31/2018,1.5633,1.5633,1.5633,1.5633,105
09/04/2018,1.5952,1.5952,1.5347,1.5347,1252
09/06/2018,1.487,1.5604,1.487,1.5347,6190
09/07/2018,1.5678,1.5678,1.5678,1.5678,147
09/11/2018,1.5728,1.5728,1.5728,1.5728,1668
09/12/2018,1.6586,1.6586,1.6586,1.6586,525
09/17/2018,1.5005,1.5005,1.4926,1.4926,950
09/20/2018,1.6395,1.7253,1.5919,1.6109,7388
09/21/2018,1.6394,1.6394,1.6394,1.6394,178
09/24/2018,1.6967,1.6967,1.5879,1.5879,708
09/25/2018,1.5919,1.5919,1.5347,1.5347,315
09/26/2018,1.4775,1.5347,1.4775,1.4775,1002
09/27/2018,1.5347,1.5919,1.5347,1.5919,317
10/01/2018,1.5347,1.5347,1.5347,1.5347,105
10/03/2018,1.4965,1.6777,1.4965,1.6777,542
10/04/2018,1.7349,1.8016,1.7349,1.7825,1359
10/05/2018,1.8397,1.9446,1.6967,1.7539,16656
10/08/2018,2.1257,2.5165,2.1257,2.364,46799
10/09/2018,2.383,2.4116,2.3258,2.4116,13894
10/10/2018,2.3735,2.3735,2.2896,2.2896,10344
10/11/2018,2.3258,2.4989,2.3258,2.4514,3431
10/12/2018,2.5546,2.7167,2.4975,2.6785,49231
10/15/2018,2.7167,2.7167,2.6023,2.6023,11945
10/16/2018,2.5856,2.5856,2.526,2.5356,3944
10/17/2018,2.4891,2.507,2.4891,2.507,612
10/18/2018,2.4879,2.4879,2.4879,2.4879,105
10/19/2018,2.5356,2.6595,2.5356,2.5641,1154
10/22/2018,2.6118,2.6118,2.5927,2.5927,315
10/23/2018,2.6213,2.6213,2.5594,2.5737,2623
10/25/2018,2.6301,2.8596,2.6301,2.8596,1779
10/26/2018,2.8596,2.8995,2.7927,2.8061,1580
10/29/2018,2.8596,3.0312,2.6023,2.7071,5785
10/30/2018,2.7794,3.0598,2.7794,2.831,17730
10/31/2018,2.8406,2.8406,2.5641,2.7548,16250
11/01/2018,2.7548,2.7849,2.7548,2.762,73805
11/05/2018,2.831,2.9219,2.831,2.9219,840
11/06/2018,2.9836,2.9836,2.9359,2.9359,4605
11/07/2018,2.9073,2.9073,2.9073,2.9073,105
11/08/2018,2.8633,2.9073,2.8633,2.9073,709
11/09/2018,2.7603,2.8343,2.7603,2.8343,81904
11/12/2018,2.9768,3.0217,2.9768,3.0217,1394
11/13/2018,3.1361,3.1361,2.8692,2.8692,4744
11/14/2018,2.7548,2.7548,2.7548,2.7548,2331
11/16/2018,2.8025,2.9931,2.8025,2.9931,840
11/19/2018,2.955,2.955,2.8339,2.8339,1778
11/20/2018,2.8528,2.8528,2.812,2.812,577
11/21/2018,2.812,2.831,2.812,2.831,2203
11/23/2018,2.8596,2.974,2.8596,2.974,2413
11/26/2018,3.0884,3.0884,2.974,2.974,552
11/27/2018,2.9539,2.9539,2.9539,2.9539,240
11/28/2018,2.9073,2.9931,2.7929,2.7929,24800
11/29/2018,2.955,2.9645,2.955,2.9645,525
11/30/2018,3.2314,3.2314,3.0979,3.1265,12056
12/03/2018,3.0789,3.0943,3.0789,3.0943,367
12/04/2018,3.0598,3.0598,3.0598,3.0598,210
12/06/2018,3.0408,3.0408,2.955,2.955,630
12/07/2018,2.9645,2.9645,2.9645,2.9645,105
12/10/2018,2.8787,2.8787,2.8787,2.8787,210
12/11/2018,2.9454,3.0118,2.9169,2.9169,555
12/12/2018,3.0217,3.117,3.0217,3.117,1222
12/14/2018,3.1933,3.2028,3.1837,3.1933,1994
12/17/2018,3.3267,3.3648,3.1647,3.2695,18629
12/18/2018,3.2188,3.2188,3.2188,3.2188,312
12/19/2018,3.2981,3.2981,3.2028,3.2028,1465
12/20/2018,3.3267,3.7843,3.3267,3.7271,11969
12/21/2018,3.8891,4.7565,3.4411,3.607,38928
12/24/2018,4.0988,4.1655,4.002,4.0988,5781
12/26/2018,4.0893,4.0893,3.6508,3.6509,4722
12/27/2018,3.5364,3.8415,3.5364,3.8224,7135
12/28/2018,3.7638,3.7638,3.7638,3.7638,1619
01/02/2019,3.8212,3.8212,3.8212,3.8212,522
01/03/2019,3.9936,3.9936,3.8884,3.8884,1316
01/04/2019,3.984,3.984,3.8691,3.8691,365
01/07/2019,3.9387,3.9387,3.9361,3.9361,448
01/08/2019,3.8212,3.8212,3.5148,3.7446,1044
01/09/2019,3.7925,3.9074,3.7925,3.9074,626
01/10/2019,3.9457,3.9457,3.9275,3.9275,417
01/14/2019,3.9936,4.0223,3.9936,4.0223,2111
01/15/2019,4.1756,4.184,4.0702,4.1066,856
01/17/2019,4.1756,4.2713,4.1181,4.1277,307669
01/18/2019,4.0984,4.0984,4.0702,4.0702,343
01/22/2019,4.0223,4.0223,4.0223,4.0223,9596
01/23/2019,4.0606,4.0702,4.0606,4.0702,836
01/24/2019,4.1277,4.1277,4.1277,4.1277,104
01/25/2019,4.1756,4.3096,4.1756,4.3096,1306
01/28/2019,4.5682,4.5682,4.2426,4.2522,727
01/30/2019,4.1751,4.1751,4.1751,4.1751,3302
01/31/2019,4.415,4.415,4.0136,4.0136,1961
02/01/2019,4.3671,4.3671,3.237,3.6488,4566
02/04/2019,3.6967,4.1076,3.6967,4.1076,5049
02/07/2019,3.9654,3.9654,3.9654,3.9654,313
02/11/2019,3.8308,3.9379,3.8308,3.9379,5425
02/12/2019,4.0798,4.0798,4.0798,4.0798,157
02/14/2019,4.0319,4.0798,4.0223,4.0798,522
02/15/2019,4.0989,4.1085,4.0989,4.1085,313
02/19/2019,4.0415,4.2061,4.0415,4.2061,448
02/20/2019,4.1756,4.2256,4.1756,4.1756,1640
02/21/2019,4.1277,4.1277,4.1277,4.1277,104
02/22/2019,4.0798,4.0798,4.0702,4.0702,209
02/26/2019,4.0606,4.0702,4.0606,4.0702,10324
02/27/2019,4.166,4.4054,4.166,4.4054,17428
02/28/2019,4.3575,4.3671,4.2809,4.2809,2402
03/01/2019,4.233,4.3001,4.1579,4.2905,1701
03/06/2019,4.259,4.259,4.166,4.166,1378
03/07/2019,4.1085,4.1085,4.0128,4.0154,417
03/08/2019,3.8978,3.9257,3.8978,3.917,583
03/11/2019,3.8595,4.1181,3.8404,4.1181,1670
03/12/2019,4.166,4.1947,4.165,4.166,1504
03/13/2019,4.2426,4.2522,4.2426,4.2522,209
03/15/2019,4.3096,4.3096,4.3096,4.3096,5220
03/18/2019,4.2619,4.3576,4.2619,4.3576,671
03/19/2019,4.4054,4.4054,4.4054,4.4054,104
03/21/2019,4.2522,4.2522,4.1181,4.2136,4699
03/22/2019,4.166,4.166,4.0415,4.0415,1148
03/25/2019,4.0846,4.0894,4.0846,4.0894,835
03/26/2019,4.1229,4.1277,4.1181,4.1181,50433
03/27/2019,4.0702,4.0702,3.7733,3.8641,1566
03/28/2019,3.8212,3.9649,3.8116,3.9649,1253
04/01/2019,4.0032,4.0223,3.9821,4.0223,657
04/02/2019,4.1564,4.1564,3.7925,3.7951,1357
04/03/2019,3.7733,3.8787,3.7344,3.8116,2853
04/05/2019,3.8872,3.9649,3.8404,3.8404,5689
04/08/2019,3.9553,4.0511,3.9553,4.0511,521
04/09/2019,3.984,3.984,3.984,3.984,104
04/10/2019,4.0319,4.2139,4.0319,4.2043,1464
04/11/2019,4.0798,4.0798,4.0511,4.0511,208
04/12/2019,4.0319,4.0319,3.9457,4.0032,417
04/15/2019,3.8404,4.0319,3.8404,4.0223,3387
04/16/2019,3.9936,3.9936,3.9936,3.9936,104
04/17/2019,3.9457,3.9457,3.8595,3.8595,208
04/18/2019,3.9074,3.9074,3.9074,3.9074,313
04/22/2019,3.9744,4.0223,3.9744,4.0223,209
04/23/2019,4.0223,4.0702,4.0223,4.0606,522
04/24/2019,3.9361,3.984,3.9266,3.984,1253
04/25/2019,4.0128,4.1277,4.0128,4.1277,1146
04/26/2019,4.1085,4.2043,4.1085,4.2043,1385
04/29/2019,4.2139,4.2139,4.2139,4.2139,104
04/30/2019,4.166,4.1721,4.166,4.1721,640
05/01/2019,4.0702,4.0702,3.668,3.9744,626
05/02/2019,4.0223,4.2235,4.0223,4.2235,731
05/03/2019,4.2235,4.3192,4.2139,4.2139,4978
05/06/2019,4.2346,4.2346,4.1363,4.1462,421
05/07/2019,4.1953,4.2248,4.1953,4.2248,305
05/08/2019,4.1756,4.2444,4.1462,4.1462,917
05/09/2019,4.1855,4.2149,4.1855,4.2149,712
05/10/2019,4.156,4.156,4.0462,4.0462,641
05/14/2019,4.0872,4.0872,4.0872,4.0872,102
05/15/2019,4.0381,4.0381,3.93,4.0086,815
05/16/2019,3.9595,3.9595,3.8219,3.8318,612
05/20/2019,3.8604,3.8604,3.8604,3.8604,102
05/21/2019,3.8907,3.8907,3.8907,3.8907,163
05/22/2019,3.9398,4.1756,3.9398,4.1363,1325
05/24/2019,4.0872,4.0872,3.989,3.989,204
05/28/2019,3.9791,3.9968,3.9791,3.9893,787
05/29/2019,4.1265,4.1265,4.1265,4.1265,102
05/30/2019,4.1756,4.3034,4.1756,4.3034,611
05/31/2019,4.3034,4.3354,4.3034,4.3354,366
06/03/2019,4.4311,4.5293,4.4311,4.4802,611
06/04/2019,4.5392,4.5981,4.5392,4.5981,588
06/05/2019,4.5293,4.5293,4.5293,4.5293,102
06/06/2019,3.989,4.716,3.989,4.6865,3003
06/07/2019,4.7651,4.8143,4.7553,4.7651,1731
06/10/2019,4.9125,4.9125,4.584,4.584,814
06/11/2019,4.6865,4.6865,4.5884,4.6111,1018
06/12/2019,4.6472,4.7062,4.6374,4.6865,8041
06/13/2019,4.6472,4.7357,4.5293,4.7357,2545
06/14/2019,4.7357,4.7357,4.49,4.49,2037
06/17/2019,4.4114,4.4114,4.4114,4.4114,611
06/18/2019,4.4213,4.5334,4.4213,4.5334,872
06/19/2019,4.3918,4.3918,4.3918,4.3918,1018
06/20/2019,4.4704,4.4704,4.4704,4.4704,102
06/21/2019,4.49,4.49,4.49,4.49,122
06/24/2019,4.549,4.549,4.5111,4.5111,1257
06/25/2019,4.382,4.382,4.382,4.382,102
06/26/2019,4.4236,4.4236,4.4236,4.4236,127
06/27/2019,4.2924,4.5686,4.2924,4.5686,1781
06/28/2019,4.4829,4.586,4.4829,4.5686,40766
07/01/2019,4.6079,4.6669,4.49,4.5981,10180
07/02/2019,4.5195,4.6669,4.5195,4.6669,428
07/03/2019,4.6669,4.6669,4.615,4.6178,4529
07/05/2019,4.49,4.5785,4.49,4.5785,611
07/08/2019,4.7082,4.8339,4.7082,4.8339,640
07/09/2019,4.6669,4.6669,4.6669,4.6669,201
07/10/2019,4.9027,4.9027,4.7553,4.8339,2869
07/11/2019,4.9027,4.9027,4.7651,4.775,6751
07/12/2019,4.7062,4.7258,4.6079,4.6374,2380
07/16/2019,4.5785,4.5785,4.5392,4.5392,204
07/17/2019,4.6079,4.6079,4.6079,4.6079,102
07/18/2019,4.7625,4.7651,4.5883,4.5883,713
07/19/2019,4.4704,4.4704,4.4704,4.4704,102
07/22/2019,4.5288,4.5288,4.4704,4.4704,335
07/23/2019,4.5981,4.5981,4.5981,4.5981,712
07/24/2019,4.5195,4.5195,4.382,4.382,306
07/26/2019,4.4469,4.4469,4.4469,4.4469,127
07/29/2019,4.3918,4.3918,4.2837,4.2837,815
07/31/2019,4.3132,4.3132,4.3132,4.3132,509
08/01/2019,4.4311,4.4802,4.3249,4.3249,740
08/02/2019,4.2676,4.2676,4.2248,4.2572,305
08/06/2019,4.1756,4.1756,4.1363,4.1363,407
08/07/2019,4.1265,4.1265,4.0774,4.0774,509
08/08/2019,4.0381,4.2387,3.8711,4.2149,3128
08/13/2019,4.2739,4.2739,4.2641,4.2641,631
08/15/2019,4.1265,4.1265,4.1265,4.1265,427
08/16/2019,4.2542,4.2867,4.2542,4.2867,427
08/19/2019,4.4016,4.4016,4.3918,4.4016,325
08/21/2019,4.2542,4.4999,4.2149,4.4606,6739
08/23/2019,4.2837,4.2837,4.2837,4.2837,205
08/27/2019,4.0676,4.0676,4.0676,4.0676,122
08/28/2019,4.1855,4.1855,4.0381,4.0381,45821
08/29/2019,3.9595,4.0184,3.9595,4.0184,224
08/30/2019,4.1274,4.1274,4.1274,4.1274,253
09/03/2019,4.097,4.097,4.097,4.097,529
09/06/2019,4.1462,4.1462,4.0479,4.0479,530
09/10/2019,3.9202,3.9202,3.9005,3.9005,356
09/12/2019,3.8711,4.0676,3.8711,3.8711,632
09/16/2019,3.9202,3.9202,3.7728,3.7875,1089
09/18/2019,3.7728,3.7826,3.7728,3.7826,428
09/19/2019,3.8381,3.8381,3.8381,3.8381,529
09/23/2019,3.7236,3.7236,3.7236,3.7236,712
09/24/2019,3.6942,3.6942,3.5861,3.5861,4702
09/26/2019,3.6353,3.6353,3.6353,3.6353,631
09/27/2019,3.6746,3.6746,3.6746,3.6746,768
09/30/2019,3.6844,3.6991,3.6844,3.6991,1242
10/11/2019,3.7139,3.7139,3.6549,3.6746,457
10/15/2019,3.5468,3.6058,3.5468,3.6058,224
10/16/2019,3.4682,3.5075,3.4388,3.5075,2921
10/18/2019,3.537,3.5526,3.537,3.5526,331
10/21/2019,3.6254,3.6254,3.5763,3.5763,379
10/23/2019,3.4977,3.4977,3.4977,3.4977,224
10/24/2019,3.4977,3.5861,3.4977,3.5861,1649
10/25/2019,3.4977,3.5075,3.4977,3.5075,326
10/28/2019,3.542,3.542,3.542,3.542,253
10/29/2019,3.5174,3.5174,3.5174,3.5174,529
10/30/2019,3.5124,3.5468,3.5124,3.5468,835
10/31/2019,3.5567,3.6353,3.5468,3.5763,3074
11/01/2019,3.6254,3.6254,3.5763,3.5763,428
11/05/2019,3.6058,3.6156,3.6058,3.6156,224
11/06/2019,3.5062,3.5174,3.5062,3.5174,224
11/08/2019,3.4584,3.4896,3.4584,3.4896,355
11/11/2019,3.4388,3.4388,3.4388,3.4388,427
11/12/2019,3.3934,3.4191,3.3896,3.4191,428
11/13/2019,3.3503,3.37,3.3503,3.37,1246
11/15/2019,3.4584,3.4584,3.3995,3.3995,10707
11/18/2019,3.2717,3.2816,3.2717,3.2816,1140
11/19/2019,3.2423,3.2619,3.2423,3.2619,428
11/21/2019,3.3012,3.3012,3.2027,3.2027,2349
11/22/2019,3.311,3.3405,3.2914,3.311,6547
11/25/2019,3.3405,3.3405,3.2734,3.2781,661
11/26/2019,3.2128,3.2914,3.2128,3.2816,7452
11/27/2019,3.2128,3.2128,3.1833,3.2128,5007
12/02/2019,3.3307,3.3602,3.3307,3.3602,224
12/03/2019,3.311,3.3307,3.0458,3.3307,3669
12/04/2019,3.3405,3.3405,3.3405,3.3405,530
12/05/2019,3.3602,3.3995,3.3602,3.3701,966
12/06/2019,3.2521,3.3896,3.2521,3.3896,4712
12/09/2019,3.3798,3.3995,3.3798,3.3995,224
12/10/2019,3.3995,3.3995,3.3995,3.3995,224
12/11/2019,3.4641,3.5174,3.4641,3.4781,1254
12/12/2019,3.4977,3.5763,3.4879,3.5763,6235
12/16/2019,3.6254,3.6549,3.6254,3.6549,224
12/17/2019,3.6349,3.6349,3.6349,3.6349,936
12/19/2019,3.7139,3.7139,3.7139,3.7139,122
12/20/2019,3.5331,3.5331,3.4388,3.4388,486
12/23/2019,3.681,3.6942,3.681,3.6942,4498
12/24/2019,3.7335,3.7335,3.7335,3.7335,145
12/26/2019,3.7335,3.7335,3.7335,3.7335,224
12/27/2019,3.7532,3.7826,3.7532,3.7532,1140
12/30/2019,3.7335,3.8121,3.7335,3.8121,1208
12/31/2019,3.9011,3.9011,3.9011,3.9011,529
01/02/2020,3.9497,3.9497,3.7925,3.7925,428
01/03/2020,3.71,3.87,3.71,3.8149,655
01/06/2020,3.95,3.95,3.81,3.81,449
01/07/2020,3.99,4,3.99,4,320
01/09/2020,4.12,4.12,4.0778,4.0778,321
01/10/2020,4.23,4.23,4.11,4.1401,520
01/13/2020,4.26,4.26,4.26,4.26,100
01/14/2020,4.36,4.36,4.2,4.21,400
01/15/2020,4.09,4.19,4.09,4.19,600
01/16/2020,4.18,4.18,4.18,4.18,100
01/17/2020,4.18,4.18,4.18,4.18,1200
01/21/2020,4.08,4.12,4.06,4.1,2456
01/23/2020,4.17,4.17,4.11,4.1439,1200
01/24/2020,4.24,4.24,4.13,4.13,4900
01/27/2020,4.13,4.13,3.9532,3.9532,1600
01/28/2020,4.11,4.11,4.11,4.11,600
01/29/2020,4.1,4.1,4.0773,4.0873,1412
01/30/2020,3.95,3.95,3.8698,3.92,700
01/31/2020,3.89,3.9192,3.89,3.89,2194
02/03/2020,3.83,3.97,3.83,3.97,300
02/04/2020,3.87,4.01,3.87,3.96,10800
02/05/2020,4.1,4.1,4.1,4.1,100
02/06/2020,4.05,4.15,4.05,4.15,720
02/07/2020,4.15,4.15,3.92,4,620
02/10/2020,4.11,4.11,3.79,3.79,503
02/13/2020,3.76,3.76,3.76,3.76,100
02/14/2020,3.8027,3.8027,3.76,3.76,2400
02/18/2020,3.68,3.79,3.68,3.79,401
02/19/2020,3.76,3.76,3.76,3.76,100
02/21/2020,3.64,3.66,3.64,3.66,200
02/24/2020,3.52,3.52,3.52,3.52,900
02/25/2020,3.33,3.45,3.31,3.45,600
02/26/2020,3.48,3.75,3.48,3.75,808
02/27/2020,3.6,3.6,3.27,3.27,1729
02/28/2020,3.03,3.16,3.03,3.15,1001
03/02/2020,3.3,3.62,3.3,3.38,2005
03/03/2020,3.53,3.53,3.41,3.43,300
03/04/2020,3.33,3.36,3.31,3.36,2777
03/05/2020,3.3473,3.36,3.23,3.23,3200
03/06/2020,3.05,3.05,3.02,3.03,12500
03/09/2020,2.74,2.74,2.54,2.5501,7761
03/10/2020,2.85,2.85,2.85,2.85,300
03/11/2020,2.79,2.79,2.5,2.5,500
03/12/2020,2.5,2.5,1.82,1.9,1500
03/13/2020,1.95,2.26,1.95,2.1,3915
03/16/2020,2.15,2.15,1.9844,1.9844,924
03/17/2020,1.95,2.01,1.95,1.97,500
03/19/2020,1.7134,1.82,1.7134,1.78,930
03/20/2020,1.78,1.78,1.78,1.78,150
03/23/2020,1.5,1.5339,1.5,1.5233,610
03/24/2020,1.6001,1.6001,1.59,1.5979,1900
03/26/2020,1.91,1.96,1.91,1.96,300
03/27/2020,2,2,1.88,1.88,354
03/30/2020,1.91,1.93,1.91,1.93,600
03/31/2020,1.91,1.94,1.8,1.8,10499
04/01/2020,1.63,1.63,1.63,1.63,100
04/02/2020,1.6697,1.6697,1.6697,1.6697,100
04/03/2020,1.74,1.8,1.67,1.68,4000
04/06/2020,1.7909,1.88,1.7909,1.85,1483
04/07/2020,1.8,1.86,1.8,1.848,1480
04/08/2020,1.8,1.8,1.8,1.8,3670
04/09/2020,1.8,1.9191,1.8,1.9191,260
04/13/2020,2.01,2.01,1.88,1.889,1056
04/14/2020,1.98,1.98,1.95,1.95,1023
04/16/2020,2.03,2.03,1.97,1.97,1624
04/17/2020,1.9862,1.9862,1.9401,1.9401,1575
04/20/2020,2.03,2.03,1.87,1.96,6729
04/21/2020,2.05,2.05,2.05,2.05,100
04/22/2020,1.91,1.93,1.9034,1.92,1800
04/23/2020,1.93,1.93,1.79,1.82,6685
04/24/2020,1.91,1.91,1.54,1.615,26886
04/27/2020,1.69,1.69,1.54,1.65,14953
04/28/2020,1.69,1.745,1.67,1.72,1357
04/29/2020,1.62,1.85,1.62,1.85,15796
04/30/2020,1.89,1.89,1.7677,1.77,4293
05/01/2020,1.77,1.77,1.63,1.71,1142
05/04/2020,1.78,1.78,1.7,1.71,7749
05/05/2020,1.78,1.78,1.68,1.7486,1514
05/06/2020,1.78,1.78,1.63,1.63,2300
05/07/2020,1.54,1.6,1.52,1.52,11565
05/08/2020,1.53,1.5699,1.5,1.5,5838
05/11/2020,1.57,1.58,1.5,1.5,22109
05/12/2020,1.57,1.57,1.45,1.5,4540
05/13/2020,1.5,1.5,1.39,1.44,6154
05/14/2020,1.3,1.5,1.3,1.5,18570
05/15/2020,1.5,1.65,1.5,1.51,11150
05/18/2020,1.58,1.6023,1.52,1.6023,4726
05/19/2020,1.65,1.65,1.58,1.58,4394
05/20/2020,1.58,1.62,1.58,1.5909,5845
05/21/2020,1.6766,1.72,1.67,1.72,3482
05/22/2020,1.75,1.75,1.64,1.72,2400
05/26/2020,1.83,1.9955,1.83,1.985,7670
05/27/2020,2.125,2.2,2.09,2.2,14587
05/28/2020,2.4,2.4,2.115,2.15,17564
05/29/2020,2.1,2.13,2.03,2.05,6410
06/01/2020,2.14,2.14,2.08,2.1,1150
06/02/2020,2,2.27,2,2.25,1426
06/03/2020,2.36,2.36,2.3013,2.3013,4366
06/04/2020,2.41,2.41,2.3,2.36,10055
06/05/2020,2.47,2.47,2.3801,2.435,7155
06/08/2020,2.67,2.67,2.52,2.63,3523
06/09/2020,2.76,2.76,2.5201,2.55,5035
06/10/2020,2.67,2.67,2.54,2.6199,1185
06/11/2020,2.73,2.8799,2.14,2.38,15563
06/12/2020,2.32,2.3801,2.27,2.3799,5863
06/15/2020,2.15,2.3241,2.15,2.211,7712
06/16/2020,2.23,2.38,2.23,2.2801,16852
06/17/2020,2.26,2.42,2.26,2.4,2800
06/18/2020,2.48,2.48,2.3156,2.33,2383
06/19/2020,2.47,2.47,1.71,1.73,16817
06/22/2020,2.34,9.54,2.3,2.475,7820725
06/23/2020,2.55,2.63,2.12,2.35,2159864
06/24/2020,2.32,2.32,2.06,2.12,940802
06/25/2020,2.19,2.25,2.06,2.1501,487412
06/26/2020,2.11,2.13,2.02,2.06,334246
06/29/2020,2.1,2.1999,2,2.12,201706
06/30/2020,2.11,2.21,1.93,2.12,296364
07/01/2020,2.08,2.21,2.08,2.1416,137023
07/02/2020,2.18,2.22,2.1,2.1,122921
07/06/2020,2.19,2.2199,2.12,2.16,129080
07/07/2020,2.14,2.197,2.1,2.1,88773
07/08/2020,2.15,2.1899,2.12,2.1673,69125
07/09/2020,2.18,2.2,2.13,2.16,89008
07/10/2020,2.12,2.19,2.12,2.12,769770
07/13/2020,2.17,2.19,2.1,2.15,63777
07/14/2020,2.07,2.17,2.07,2.11,49725
07/15/2020,2.09,2.2099,2.09,2.15,60443
07/16/2020,2.14,2.205,2.14,2.16,29848
07/17/2020,2.16,2.1999,2.14,2.17,54958
07/20/2020,2.2,2.23,2.11,2.2299,112213
07/21/2020,2.27,2.29,2.2,2.23,73153
07/22/2020,2.27,2.445,2.27,2.42,125771
07/23/2020,2.44,2.44,2.22,2.27,86583
07/24/2020,2.29,2.3599,2.24,2.31,31019
07/27/2020,2.37,2.42,2.31,2.3801,77340
07/28/2020,2.37,2.42,2.341,2.38,34355
07/29/2020,2.37,2.405,2.28,2.28,39427
07/30/2020,2.33,2.3799,2.27,2.34,33535
07/31/2020,2.37,2.37,2.22,2.29,30310
08/03/2020,2.13,2.27,2.11,2.2302,42145
08/04/2020,2.2,2.239,2.13,2.19,17548
08/05/2020,2.2,2.249,2.13,2.18,28732
08/06/2020,2.19,2.28,2.15,2.25,18320
08/07/2020,2.24,2.3,2.13,2.155,21917
08/10/2020,2.15,2.2151,2.1468,2.157,23889
08/11/2020,2.2,2.23,2.1473,2.18,17827
08/12/2020,2.21,2.21,2.05,2.0955,44097
08/13/2020,2.01,2.0199,1.911,1.99,42362
08/14/2020,1.93,1.99,1.891,1.9183,20845
08/17/2020,1.95,1.95,1.82,1.86,35414
08/18/2020,1.84,2.08,1.83,1.97,68785
08/19/2020,2,2,1.86,1.9099,107287
08/20/2020,1.85,1.9301,1.771,1.8701,73166
08/21/2020,1.89,1.96,1.8701,1.94,76811
08/24/2020,2.04,2.04,1.9,1.94,198681
08/25/2020,2.03,2.03,1.92,2.03,42937
08/26/2020,2.03,2.05,1.85,1.97,66387
08/27/2020,1.89,1.96,1.88,1.92,55184
08/28/2020,1.89,2.05,1.89,2.05,53661
08/31/2020,1.99,1.99,1.9,1.95,49587
09/01/2020,1.93,2.04,1.93,2.01,47504
09/02/2020,1.98,2.05,1.9701,2.03,32937
09/03/2020,2.05,2.1,2.021,2.07,52215
09/04/2020,2.15,2.18,2,2.15,44006
09/08/2020,1.99,2.06,1.97,2.02,36236
09/09/2020,2.04,2.1399,2.04,2.1,21564
09/10/2020,2.19,2.19,2.09,2.13,17021
09/11/2020,2.12,2.14,2.0221,2.1,106513
09/14/2020,1.98,2.18,1.98,2.13,30885
09/15/2020,2.15,2.1819,2.09,2.15,65574
09/16/2020,2.15,2.22,2.11,2.19,60006
09/17/2020,2.14,2.17,2.1,2.16,10647
09/18/2020,2.1,2.15,2.05,2.08,21775
09/21/2020,2.04,2.04,1.91,1.98,114245
09/22/2020,1.98,2.04,1.9649,2.02,29530
09/23/2020,2.18,2.18,1.91,1.94,36595
09/24/2020,1.95,2.04,1.91,2.02,26779
09/25/2020,2.08,2.08,1.93,1.957,32279
09/28/2020,1.93,1.9944,1.88,1.95,12870
09/29/2020,1.83,1.96,1.83,1.9,56686
09/30/2020,1.83,1.98,1.8,1.98,10877
10/01/2020,2.02,2.02,1.8401,1.93,13387
10/02/2020,1.89,1.94,1.89,1.94,13302
10/05/2020,1.89,2.08,1.89,2.08,23294
10/06/2020,2.05,2.06,1.95,2.0255,40001
10/07/2020,2.01,2.07,1.9657,2.07,25897
10/08/2020,2.11,2.11,1.99,2.08,11640
10/09/2020,2.1,2.16,2.08,2.14,31139
10/12/2020,2.04,2.19,2.04,2.14,25251
10/13/2020,2.16,2.19,2.11,2.15,94615
10/14/2020,2.2,2.24,2.12,2.2,24080
10/15/2020,2.1,2.21,2.09,2.18,22731
10/16/2020,2.11,2.2,2.1,2.13,19053
10/19/2020,2.15,2.19,2.09,2.12,20064
10/20/2020,2.12,2.17,2.11,2.14,12450
10/21/2020,2.13,2.2,2.1,2.12,17682
10/22/2020,2.14,2.15,2.06,2.13,35013
10/23/2020,2.09,2.1501,2.09,2.1501,9577
10/26/2020,2.03,2.18,2.03,2.16,28261
10/27/2020,2.15,2.19,2.1,2.13,23407
10/28/2020,2.03,2.1,2,2.06,16084
10/29/2020,2,2.12,1.9601,2.04,24429
10/30/2020,2.08,2.09,1.949,2.03,21050
11/02/2020,2.08,2.08,1.9731,1.98,9136
11/03/2020,2.02,2.08,1.98,2.02,13876
11/04/2020,1.95,2.17,1.95,2.17,21424
11/05/2020,2.19,2.29,2.18,2.26,35436
11/06/2020,2.16,2.41,2.16,2.38,36883
11/09/2020,2.4,2.45,2.35,2.41,44732
11/10/2020,2.49,2.51,2.4001,2.45,40525
11/11/2020,2.37,2.5,2.34,2.44,21747
11/12/2020,2.34,2.37,2.2305,2.34,29117
11/13/2020,2.36,2.39,2.23,2.34,29956
11/16/2020,2.5,2.5,2.3702,2.46,105357
11/17/2020,2.37,2.51,2.36,2.5,36783
11/18/2020,2.5,2.5167,2.4546,2.49,38556
11/19/2020,2.6,2.6,2.4676,2.52,42082
11/20/2020,2.54,2.54,2.4,2.41,19304
11/23/2020,2.41,2.45,2.3953,2.41,24341
11/24/2020,2.47,2.57,2.44,2.56,49626
11/25/2020,2.68,2.68,2.54,2.6,44547
11/27/2020,2.53,2.66,2.53,2.62,31254
11/30/2020,2.61,2.73,2.56,2.67,108763
12/01/2020,2.62,2.76,2.61,2.72,57742
12/02/2020,2.76,2.87,2.7,2.86,448663
12/03/2020,2.91,2.91,2.74,2.85,71802
12/04/2020,2.89,2.89,2.7095,2.83,76923
12/07/2020,2.63,2.93,2.63,2.9,71053
12/08/2020,2.95,2.97,2.7892,2.88,42141
12/09/2020,2.91,2.91,2.78,2.82,57872
12/10/2020,2.77,2.98,2.76,2.97,88134
12/11/2020,2.99,3.05,2.9143,3.03,104837
12/14/2020,3.06,3.07,2.94,3.03,49744
12/15/2020,2.98,3.08,2.96,3.05,55295
12/16/2020,3,3.1,2.9411,3.08,45950
12/17/2020,3.12,3.18,3.0471,3.13,55537
12/18/2020,3.38,3.38,3.0901,3.22,59072
12/21/2020,3.04,3.12,2.97,3.12,43605
12/22/2020,2.98,3.09,2.97,3.07,41411
12/23/2020,3.07,3.18,3.05,3.18,55755
12/24/2020,3.16,3.2,3.0354,3.2,11846
12/28/2020,3.18,3.22,3.1,3.22,36271
12/29/2020,3.21,3.22,3.125,3.18,60507
12/30/2020,3.23,3.23,3.13,3.18,65234
12/31/2020,3.26,3.26,3.09,3.23,18376
