06/30/2017,10.05,10.36,10.002,10.29,1433087
07/03/2017,10.25,10.4,10.2,10.39,390122
07/05/2017,10.4,10.47,10.27,10.43,991104
07/06/2017,10.43,11.0128,10.43,10.96,2081124
07/07/2017,11.04,11.16,10.75,11.12,854639
07/10/2017,11.15,11.15,10.94,10.96,422250
07/11/2017,11.01,11.02,10.66,10.87,729643
07/12/2017,10.85,10.9055,10.67,10.67,377984
07/13/2017,10.64,10.88,10.64,10.72,157109
07/14/2017,10.78,10.78,10.75,10.75,216124
07/17/2017,10.75,10.92,10.67,10.79,232641
07/18/2017,10.75,10.77,10.55,10.72,69574
07/19/2017,10.71,11.07,10.69,10.93,260946
07/20/2017,11.22,11.22,10.94,10.98,610249
07/21/2017,11,11.07,10.97,11.01,204179
07/24/2017,10.94,11.12,10.88,11.05,385176
07/25/2017,11.1,11.1,10.75,10.77,116000
07/26/2017,10.75,10.75,10.6,10.7,223763
07/27/2017,10.66,10.71,10.6,10.67,157908
07/28/2017,10.75,10.79,10.6,10.75,105713
07/31/2017,10.8,11.135,10.75,11.07,296437
08/01/2017,11,11.0999,10.97,11.06,331321
08/02/2017,11,11,10.8,10.92,29294
08/03/2017,10.9,11.05,10.84,10.93,231256
08/04/2017,10.95,11,10.64,10.85,52817
08/07/2017,11,11.0499,10.66,10.83,198458
08/08/2017,10.91,10.93,10.73,10.79,65345
08/09/2017,10.77,10.99,10.7,10.87,31740
08/10/2017,11,11.28,10.75,11.15,214177
08/11/2017,11.06,11.3,11.04,11.17,173981
08/14/2017,11.18,11.28,11.03,11.2,129158
08/15/2017,11.2,11.2,11.05,11.19,85478
08/16/2017,11.21,11.3,11.13,11.21,188152
08/17/2017,11.2,11.3,11.08,11.15,125634
08/18/2017,11.24,11.46,11.07,11.3,219694
08/21/2017,11.3,11.68,11.11,11.59,330302
08/22/2017,11.7,11.96,11.59,11.69,128552
08/23/2017,11.69,11.76,11.48,11.7,116463
08/24/2017,11.72,11.86,11.7,11.75,80350
08/25/2017,11.77,11.84,11.55,11.65,48719
08/28/2017,11.7,11.83,11.55,11.8,121756
08/29/2017,11.71,11.85,11.53,11.765,506048
08/30/2017,11.74,12,11.74,11.95,147616
08/31/2017,11.99,12.05,11.83,12.03,255414
09/01/2017,12.14,12.2,11.91,12.14,177584
09/05/2017,12.05,12.65,12.05,12.62,985441
09/06/2017,12.53,13.29,12.53,13.19,1085648
09/07/2017,13.23,13.36,12.91,13,582427
09/08/2017,13.05,13.1,12.89,13,254364
09/11/2017,13.1,13.27,12.97,13.08,665070
09/12/2017,13.13,13.13,12.93,12.98,176176
09/13/2017,13,13.0599,12.89,12.96,940564
09/14/2017,13.11,13.14,12.92,12.94,923045
09/15/2017,13.03,13.06,12.65,12.65,1795840
09/18/2017,12.64,12.88,12.61,12.735,503630
09/19/2017,12.86,12.94,12.6,12.715,586336
09/20/2017,12.69,12.81,12.6,12.7,612694
09/21/2017,12.6,12.72,12.58,12.69,159812
09/22/2017,12.65,12.81,12.62,12.78,70385
09/25/2017,12.88,13.02,12.8,12.91,453437
09/26/2017,12.99,13.08,12.86,13,102761
09/27/2017,13,13.08,12.695,12.925,272428
09/28/2017,12.95,13.02,12.88,12.95,141323
09/29/2017,12.98,13.11,12.95,13.02,174675
10/02/2017,13.1,13.48,13.1,13.39,403250
10/03/2017,13.44,13.5664,13.3,13.34,193588
10/04/2017,13.24,13.42,13.2,13.36,90458
10/05/2017,13.39,13.49,13.33,13.405,103151
10/06/2017,13.45,13.45,13.2,13.4,61058
10/09/2017,13.5,13.68,13.25,13.35,170640
10/10/2017,13.43,13.5,13.26,13.36,141324
10/11/2017,13.39,13.4,13.2,13.35,51908
10/12/2017,13.34,13.44,13.23,13.31,51191
10/13/2017,13.4,13.4,13.04,13.27,115968
10/16/2017,13.24,13.24,12.99,13.22,91823
10/17/2017,13.2,13.24,13.07,13.19,60674
10/18/2017,13.17,13.24,13.1,13.19,109336
10/19/2017,13.14,13.24,13.02,13.21,81943
10/20/2017,13.21,13.35,13.2,13.32,87977
10/23/2017,13.39,13.39,13.13,13.21,89752
10/24/2017,13.27,13.31,13.13,13.14,66771
10/25/2017,13.13,13.34,12.89,12.92,219102
10/26/2017,12.98,13.05,12.78,12.99,180328
10/27/2017,13.08,13.12,12.85,13.09,41808
10/30/2017,13.09,13.1554,12.99,13.09,69638
10/31/2017,13.14,13.23,13.05,13.21,76140
11/01/2017,13.31,13.3989,12.93,12.95,88219
11/02/2017,13.01,13.1686,12.91,12.95,83829
11/03/2017,12.93,12.95,12.11,12.82,210164
11/06/2017,12.8,12.98,12.74,12.88,100893
11/07/2017,12.82,12.97,12.38,12.53,194389
11/08/2017,12.45,12.45,11.841,12.4,327923
11/09/2017,12.21,12.24,11.45,11.52,778650
11/10/2017,11.44,11.63,11.37,11.5,166248
11/13/2017,11.58,11.58,11.21,11.33,123578
11/14/2017,11.31,11.48,11.24,11.28,156448
11/15/2017,11.25,11.301,11.13,11.18,108802
11/16/2017,11.19,11.43,11.19,11.27,76659
11/17/2017,11.19,11.31,11.14,11.26,154971
11/20/2017,11.4,11.4999,11.32,11.48,130673
11/21/2017,11.5,11.68,11.49,11.68,181368
11/22/2017,11.65,12,11.55,11.72,238012
11/24/2017,11.7,11.85,11.66,11.72,45542
11/27/2017,11.78,11.95,11.6,11.68,202770
11/28/2017,11.72,12.04,11.7,11.89,267399
11/29/2017,11.89,11.96,11.6791,11.76,144287
11/30/2017,11.86,11.94,11.63,11.7,534969
12/01/2017,11.64,11.86,11.52,11.74,134031
12/04/2017,11.82,11.89,11.71,11.75,134306
12/05/2017,11.74,11.76,11.545,11.64,282247
12/06/2017,11.54,11.84,11.54,11.7,67453
12/07/2017,11.8,11.8,11.61,11.71,90784
12/08/2017,11.77,11.9399,11.65,11.76,267001
12/11/2017,11.68,11.86,11.66,11.72,110612
12/12/2017,11.73,11.915,11.7,11.79,86389
12/13/2017,11.82,11.95,11.75,11.84,51178
12/14/2017,11.88,12.05,11.84,11.9,120300
12/15/2017,11.93,12.115,11.93,12,251430
12/18/2017,12.03,12.24,11.99,12,137262
12/19/2017,12.02,12.08,11.85,11.85,103949
12/20/2017,11.89,12.15,11.83,11.88,89961
12/21/2017,11.94,12.06,11.81,11.93,103241
12/22/2017,11.98,12.12,11.85,11.88,190321
12/26/2017,11.93,12.005,11.79,11.82,39243
12/27/2017,11.86,12,11.76,11.85,49091
12/28/2017,11.85,11.9,11.72,11.83,61649
12/29/2017,11.85,12.09,11.8,11.86,117025
01/02/2018,11.96,12.2,11.9339,12.12,218943
01/03/2018,12.17,12.185,11.99,12.01,94931
01/04/2018,12,12.07,11.91,12,102186
01/05/2018,12.04,12.09,11.97,11.99,48628
01/08/2018,12,12.0806,11.915,11.95,71346
01/09/2018,11.95,11.95,11.306,11.62,314906
01/10/2018,11.61,11.78,11.45,11.69,332049
01/11/2018,11.73,11.84,11.54,11.69,172434
01/12/2018,11.68,11.69,11.54,11.57,177259
01/16/2018,11.64,11.76,11.34,11.4,58888
01/17/2018,11.46,11.465,11.3,11.33,44591
01/18/2018,11.33,11.51,11.33,11.46,523406
01/19/2018,11.47,11.8,11.46,11.65,372614
01/22/2018,11.66,11.7,11.51,11.61,131598
01/23/2018,11.59,11.62,11.4,11.5,181313
01/24/2018,11.53,11.59,11.24,11.42,217850
01/25/2018,11.51,11.58,11.26,11.41,175907
01/26/2018,11.48,11.53,11.32,11.4,345592
01/29/2018,11.62,12.55,11.62,12.42,734020
01/30/2018,12.31,12.52,12.181,12.21,161036
01/31/2018,12.22,12.35,11.83,11.89,268766
02/01/2018,11.86,11.96,11.69,11.89,185086
02/02/2018,11.89,12.18,11.69,11.92,160794
02/05/2018,11.83,12.12,11.78,11.83,218639
02/06/2018,11.69,11.97,11.69,11.77,256109
02/07/2018,12.02,12.11,11.73,11.86,131688
02/08/2018,11.84,12.04,11.75,11.79,399809
02/09/2018,11.85,11.9,11.59,11.87,165097
02/12/2018,11.92,12.14,11.72,11.87,235144
02/13/2018,11.86,12,11.71,11.9,107701
02/14/2018,11.82,12.03,11.81,11.96,72972
02/15/2018,12.01,12.12,11.89,12.07,140946
02/16/2018,12.03,12.3,11.91,11.95,133568
02/20/2018,11.96,12.17,11.83,11.97,118871
02/21/2018,11.94,12.08,11.86,11.88,67469
02/22/2018,11.92,12.08,11.73,11.92,133722
02/23/2018,11.99,12.12,11.99,12.03,305410
02/26/2018,12.1,12.23,12.02,12.13,117587
02/27/2018,12.13,12.13,11.89,12.1,63053
02/28/2018,12.1,12.28,12.01,12.05,139634
03/01/2018,12.06,12.11,11.86,11.95,98689
03/02/2018,11.84,12.18,11.84,12.15,122857
03/05/2018,12.17,12.34,12.07,12.15,204345
03/06/2018,12.15,12.26,12.02,12.08,186984
03/07/2018,11.94,12.165,11.94,12.08,122276
03/08/2018,12.08,12.3,11.845,11.92,161954
03/09/2018,12.28,12.29,11.93,12.1,1133046
03/12/2018,12.1,12.29,12.1,12.28,307078
03/13/2018,12.3,12.48,12.3,12.43,570434
03/14/2018,12.42,12.54,12.31,12.45,369510
03/15/2018,12.53,12.55,12.46,12.48,150958
03/16/2018,12.48,12.68,12.45,12.66,553745
03/19/2018,12.22,12.45,11.71,11.86,870987
03/20/2018,11.61,11.66,11.34,11.43,948489
03/21/2018,11.35,12,11.35,11.86,4629761
03/22/2018,11.92,11.95,11.72,11.76,558403
03/23/2018,11.81,11.97,11.75,11.75,427288
03/26/2018,11.88,11.93,11.71,11.81,405037
03/27/2018,11.85,11.87,11.5,11.63,359405
03/28/2018,11.51,11.62,11.37,11.5,326267
03/29/2018,11.59,11.66,11.34,11.57,332590
04/02/2018,11.64,11.64,11.37,11.42,299105
04/03/2018,11.48,11.53,11.18,11.31,319311
04/04/2018,11.27,11.35,11.16,11.27,178864
04/05/2018,11.35,11.69,11.2,11.62,786907
04/06/2018,11.51,11.76,11.51,11.72,456526
04/09/2018,11.75,11.87,11.6,11.63,509655
04/10/2018,11.67,11.92,11.67,11.85,364037
04/11/2018,11.79,11.9201,11.77,11.87,393720
04/12/2018,11.89,12.38,11.8,12.29,671706
04/13/2018,12.28,12.34,12.12,12.24,185597
04/16/2018,12.29,12.52,12.13,12.5,572838
04/17/2018,12.75,13.65,12.67,13.35,1470832
04/18/2018,13.36,13.81,13.32,13.78,597819
04/19/2018,13.7,14.19,13.7,13.92,674059
04/20/2018,13.96,14.1,13.89,14,338178
04/23/2018,14.07,14.1,13.88,13.9,309793
04/24/2018,13.9,13.99,13.68,13.78,281387
04/25/2018,13.78,13.85,13.68,13.69,229068
04/26/2018,13.78,13.81,13.53,13.62,278060
04/27/2018,13.61,13.64,13.33,13.42,463704
04/30/2018,13.35,13.49,13.34,13.39,238347
05/01/2018,13.35,13.43,13.28,13.36,322189
05/02/2018,13.41,13.58,13.35,13.465,261354
05/03/2018,13.44,13.55,13.31,13.505,249784
05/04/2018,13.44,13.66,13.44,13.57,144104
05/07/2018,13.66,13.72,13.535,13.62,102322
05/08/2018,13.63,13.79,13.63,13.74,145779
05/09/2018,13.72,13.78,13.14,13.47,324678
05/10/2018,13.47,13.59,13.39,13.5,329019
05/11/2018,13.85,13.98,13.55,13.65,224903
05/14/2018,13.57,13.65,13.4,13.42,340905
05/15/2018,13.31,13.81,13.2875,13.77,454026
05/16/2018,13.73,14.06,13.71,13.76,278265
05/17/2018,13.78,13.86,13.41,13.425,169562
05/18/2018,13.45,13.76,13.29,13.74,138286
05/21/2018,14,14.41,13.83,14.21,447700
05/22/2018,14.21,14.33,14.08,14.25,284862
05/23/2018,14.15,14.66,14.15,14.62,345545
05/24/2018,14.62,14.71,14.54,14.63,209766
05/25/2018,14.68,14.818,14.6,14.7,301067
05/29/2018,14.89,15.1,14.6,14.96,538877
05/30/2018,14.98,15.12,14.79,14.89,473312
05/31/2018,14.83,14.89,14.56,14.735,367366
06/01/2018,14.85,15.08,14.75,15.005,556542
06/04/2018,15.36,15.69,15,15.53,612497
06/05/2018,16.03,16.09,15.64,16.06,552742
06/06/2018,16.01,16.4,16.01,16.27,409279
06/07/2018,16.34,16.4,16.14,16.23,193733
06/08/2018,16.23,16.34,16,16.28,195440
06/11/2018,16.35,16.535,16.19,16.45,244235
06/12/2018,16.51,16.78,16.5071,16.74,235763
06/13/2018,16.77,17.07,16.6524,16.8299,474821
06/14/2018,15.99,16.05,15.15,15.74,1024702
06/15/2018,14.92,15.35,14.85,15.02,7527557
06/18/2018,15,15.26,15,15.18,824740
06/19/2018,15.3,15.35,15,15.04,792873
06/20/2018,15.05,15.295,15,15.16,884214
06/21/2018,15.17,15.45,14.74,15.04,882584
06/22/2018,15.05,15.19,14.64,14.945,4644962
06/25/2018,15,15.06,14.49,14.56,685892
06/26/2018,14.95,15.02,14.545,14.92,716776
06/27/2018,14.88,14.89,14.45,14.45,896872
06/28/2018,14.44,14.7,14.42,14.69,499512
06/29/2018,15,15.13,14.85,14.95,1158238
07/02/2018,14.78,15.11,14.78,14.95,398217
07/03/2018,15.06,15.39,15.01,15.26,540327
07/05/2018,15.41,15.48,15.21,15.38,876850
07/06/2018,15.3,15.43,15.28,15.4,898793
07/09/2018,16.25,16.2999,15.67,15.99,786417
07/10/2018,15.9,16.03,15.67,15.9,527653
07/11/2018,14.68,15.865,14.68,15.7,196565
07/12/2018,15.69,16.03,15.55,16.03,517169
07/13/2018,16.2,16.37,16.12,16.26,329917
07/16/2018,16.24,16.25,16.05,16.22,209747
07/17/2018,16.14,16.34,16.14,16.23,209708
07/18/2018,16.2,16.43,16.1242,16.335,392147
07/19/2018,16.28,16.33,16.139,16.23,139741
07/20/2018,16.23,16.51,16.17,16.5,432832
07/23/2018,16.44,16.55,16.33,16.38,287000
07/24/2018,16.41,16.43,15.96,16.12,345383
07/25/2018,16.19,16.385,16.08,16.38,359642
07/26/2018,16.33,16.41,16.1,16.13,273936
07/27/2018,16.15,16.15,15.57,15.75,357862
07/30/2018,15.73,16.01,14.88,15.07,406029
07/31/2018,15.08,15.195,14.9,15.09,292882
08/01/2018,15.08,15.5,15.08,15.41,377054
08/02/2018,15.71,15.93,15.51,15.69,394835
08/03/2018,15.83,15.83,15.38,15.42,164939
08/06/2018,15.42,15.69,15.365,15.61,163928
08/07/2018,15.63,15.9,15.63,15.78,230524
08/08/2018,15.84,15.9399,15.66,15.69,196750
08/09/2018,16.15,16.44,14.15,15.5,723498
08/10/2018,15.32,15.955,15.27,15.9,271122
08/13/2018,15.86,16.42,15.82,16.38,390547
08/14/2018,16.46,16.46,16.05,16.25,289237
08/15/2018,16.52,16.79,16.15,16.73,430427
08/16/2018,16.9,17.28,16.7,16.73,400258
08/17/2018,16.63,16.74,16.5,16.63,141247
08/20/2018,16.65,16.66,16.38,16.575,233453
08/21/2018,16.61,16.87,16.61,16.7,225717
08/22/2018,16.63,17.0025,16.63,16.95,224227
08/23/2018,16.96,17.41,16.94,17.23,309400
08/24/2018,17.35,17.74,17.26,17.67,324995
08/27/2018,17.75,18.13,17.6,17.77,251446
08/28/2018,17.77,17.96,17.69,17.925,211597
08/29/2018,17.91,18.25,17.9,18.02,279822
08/30/2018,17.94,18.28,17.84,18.18,260173
08/31/2018,18.18,18.28,18.07,18.1,197749
09/04/2018,18.06,18.06,17.67,17.85,273380
09/05/2018,17.82,17.82,17.27,17.57,343011
09/06/2018,17.65,17.86,17.42,17.85,250267
09/07/2018,17.75,17.89,17.51,17.59,246220
09/10/2018,17.69,18.05,17.64,17.91,237262
09/11/2018,17.85,18.26,17.76,17.99,310983
09/12/2018,17.76,17.76,16.2846,16.43,915503
09/13/2018,15.98,16.27,15.65,15.93,5827073
09/14/2018,16.01,16.45,15.955,15.98,1114168
09/17/2018,15.99,16.27,15.81,15.97,705721
09/18/2018,15.85,16.11,15.84,16.05,1194011
09/19/2018,16.06,16.52,16,16.42,678452
09/20/2018,16.39,16.61,16.255,16.36,711003
09/21/2018,16.43,16.555,16.29,16.37,2464614
09/24/2018,16.27,17.03,16.27,16.99,560090
09/25/2018,17,17.25,16.99,17.16,516588
09/26/2018,17.11,17.31,17,17.17,573871
09/27/2018,17.21,17.36,16.76,16.8,304544
09/28/2018,16.77,17.01,16.69,16.81,708977
10/01/2018,16.87,17.05,16.47,16.6,499844
10/02/2018,16.7,16.7,16.421,16.63,592014
10/03/2018,16.7,16.76,16.35,16.46,533109
10/04/2018,16.44,16.48,15.95,16.06,558680
10/05/2018,16.04,16.25,15.87,16.13,816415
10/08/2018,16.08,16.21,15.9,15.9,1367092
10/09/2018,14.46,16.13,14.46,16.02,802755
10/10/2018,15.97,16.08,15.41,15.46,895596
10/11/2018,15.35,15.7,15.33,15.67,535828
10/12/2018,15.98,16.1,15.4,15.55,408934
10/15/2018,15.52,15.63,15.2,15.42,314321
10/16/2018,15.57,15.73,15.31,15.64,484138
10/17/2018,15.58,15.6,15.16,15.48,523636
10/18/2018,15.37,15.53,15.04,15.32,261280
10/19/2018,15.32,15.48,14.77,14.78,241818
10/22/2018,14.84,15.13,14.77,14.78,355781
10/23/2018,14.63,14.98,14.19,14.83,541193
10/24/2018,14.79,14.91,14.56,14.56,426172
10/25/2018,14.61,14.93,14.59,14.92,406955
10/26/2018,14.71,14.76,14.33,14.37,294698
10/29/2018,14.58,14.7,13.95,14.16,231071
10/30/2018,14.12,14.54,13.99,14.53,206611
10/31/2018,14.7,14.975,14.45,14.78,347982
11/01/2018,14.89,15.09,14.71,15.03,290391
11/02/2018,15.11,15.24,14.74,14.79,164526
11/05/2018,14.78,14.89,14.39,14.64,185071
11/06/2018,14.6,14.85,14.29,14.45,137488
11/07/2018,14.49,15.24,14.49,15.14,265717
11/08/2018,15.44,15.76,14.65,14.78,330162
11/09/2018,14.58,14.58,13.87,14.07,266262
11/12/2018,14.01,14.01,13.48,13.72,225527
11/13/2018,13.79,13.95,13.23,13.35,385379
11/14/2018,13.47,13.51,12.9,13.22,310851
11/15/2018,13.15,13.32,13.04,13.31,238247
11/16/2018,13.18,13.31,13.04,13.04,334784
11/19/2018,13.02,13.04,12.69,12.72,287888
11/20/2018,12.47,12.84,12.3,12.42,342061
11/21/2018,12.55,12.86,12.45,12.59,159009
11/23/2018,12.46,12.65,12.23,12.27,163763
11/26/2018,12.4,13.07,12.24,12.97,440983
11/27/2018,12.87,12.93,12.605,12.73,368639
11/28/2018,12.8,13.18,12.79,13.06,399693
11/29/2018,12.56,12.75,11.84,12.19,1631284
11/30/2018,12.04,12.61,11.85,12.53,1982727
12/03/2018,12.75,12.8,12.161,12.36,575215
12/04/2018,12.33,12.48,11.72,11.75,326327
12/06/2018,11.5,12.13,11.38,12.09,949949
12/07/2018,12.05,12.2,11.89,12.07,498863
12/10/2018,12.01,12.25,11.63,12,793009
12/11/2018,12.17,12.35,12.02,12.11,591709
12/12/2018,12.19,12.34,12.09,12.14,718424
12/13/2018,12.17,12.24,12.05,12.18,682574
12/14/2018,12.01,12.2,11.96,12,413130
12/17/2018,11.91,12.08,11.6,11.7,777316
12/18/2018,11.76,12.02,11.75,11.9,677956
12/19/2018,11.89,12,11.44,11.61,750633
12/20/2018,11.59,11.72,11.22,11.4,853739
12/21/2018,11.45,11.5,11.13,11.31,2335332
12/24/2018,11.21,11.29,10.95,10.99,341212
12/26/2018,11.09,11.38,10.86,11.38,498643
12/27/2018,11.18,11.42,10.99,11.42,535626
12/28/2018,11.43,11.76,11.4,11.61,372063
12/31/2018,11.68,11.86,11.45,11.69,918215
01/02/2019,11.54,11.815,11.48,11.81,472177
01/03/2019,11.59,11.665,11.02,11.32,817725
01/04/2019,11.48,12.1,11.36,12.01,591705
01/07/2019,12.08,12.35,12,12.27,427957
01/08/2019,12.41,12.48,12.18,12.46,508792
01/09/2019,12.34,12.55,12.34,12.45,461661
01/10/2019,12.4,12.6302,12.31,12.54,339236
01/11/2019,12.45,12.6,12.38,12.51,165115
01/14/2019,12.39,12.4,12.18,12.34,374436
01/15/2019,12.34,12.59,12.251,12.59,364481
01/16/2019,12.67,12.78,12.585,12.75,295102
01/17/2019,12.67,12.84,12.67,12.8,342140
01/18/2019,12.85,12.87,12.51,12.57,179856
01/22/2019,12.46,12.595,12.24,12.34,202273
01/23/2019,12.49,12.52,12.045,12.19,220327
01/24/2019,12.12,12.31,11.95,12.07,295583
01/25/2019,12.09,12.79,12.09,12.7,315117
01/28/2019,12.53,12.57,12.21,12.31,281759
01/29/2019,12.37,12.37,11.88,11.9,202079
01/30/2019,12.01,12.08,11.89,12,199616
01/31/2019,11.93,12.43,11.93,12.39,320926
02/01/2019,12.35,12.56,12.25,12.54,232470
02/04/2019,12.48,12.91,12.48,12.78,376181
02/05/2019,12.78,12.9,12.76,12.85,280287
02/06/2019,12.82,12.88,12.72,12.8,256961
02/07/2019,12.62,12.66,12.39,12.5,282380
02/08/2019,12.39,12.64,12.39,12.54,506474
02/11/2019,12.61,12.97,12.29,12.36,685519
02/12/2019,12.49,12.92,12.47,12.88,305196
02/13/2019,12.87,12.925,12.65,12.85,251591
02/14/2019,12.76,12.91,12.67,12.76,228058
02/15/2019,12.86,12.885,12.69,12.82,211513
02/19/2019,12.81,12.85,12.65,12.8,230571
02/20/2019,12.79,12.84,12.48,12.62,326982
02/21/2019,12.56,12.75,12.42,12.62,269773
02/22/2019,12.71,13.08,12.6,12.98,407878
02/25/2019,13.04,13.18,12.86,12.88,241066
02/26/2019,12.86,12.92,12.67,12.83,174478
02/27/2019,12.75,12.99,12.72,12.99,306024
02/28/2019,12.96,13.14,12.88,13.02,365613
03/01/2019,13.02,13.39,12.84,13.08,309961
03/04/2019,13.09,14.55,12.96,13.85,1380896
03/05/2019,13.91,14.04,13.55,13.63,928288
03/06/2019,13.55,13.63,13.07,13.09,725454
03/07/2019,13.1,13.35,13.06,13.11,333632
03/08/2019,13.07,13.07,12.88,12.99,365442
03/11/2019,13.05,13.45,13.02,13.14,545344
03/12/2019,13.11,13.34,12.95,13.22,289393
03/13/2019,13.27,13.49,13.22,13.33,445221
03/14/2019,13.3,13.45,13.24,13.25,367687
03/15/2019,13.33,13.7,13.19,13.63,1044842
03/18/2019,13.6,13.99,13.58,13.93,655254
03/19/2019,13.98,14.52,13.69,13.99,1316594
03/20/2019,13.93,14.24,13.83,14.13,447321
03/21/2019,14.09,14.47,14.09,14.41,636474
03/22/2019,14.28,14.29,13.83,13.84,370054
03/25/2019,13.86,13.86,13.59,13.7,257737
03/26/2019,13.83,13.945,13.6,13.74,225686
03/27/2019,13.72,13.82,13.46,13.64,200458
03/28/2019,13.69,14.03,13.61,13.81,305125
03/29/2019,13.93,13.93,13.65,13.77,377902
04/01/2019,13.87,13.91,13.57,13.68,233492
04/02/2019,13.64,13.69,13.5,13.65,444826
04/03/2019,13.8,13.8,13.51,13.58,368316
04/04/2019,13.53,13.73,13.39,13.57,624174
04/05/2019,13.63,13.83,13.54,13.83,1153228
04/08/2019,13.77,14.01,13.66,13.76,729395
04/09/2019,13.6,13.88,13.21,13.71,324644
04/10/2019,13.72,13.77,13.58,13.64,636467
04/11/2019,13.66,13.66,13.11,13.29,1252822
04/12/2019,13.4,13.4,12.89,12.96,514110
04/15/2019,12.97,13.14,12.44,12.54,906003
04/16/2019,12.62,12.63,12.36,12.53,1326426
04/17/2019,12.61,12.62,12,12.36,3309695
04/18/2019,12.32,12.36,12.18,12.25,860683
04/22/2019,12.15,12.28,11.95,12.03,762955
04/23/2019,12.01,12.1,11.67,11.79,1620225
04/24/2019,11.79,12.05,11.67,12,1256683
04/25/2019,12.07,12.14,11.71,11.95,1257105
04/26/2019,11.93,12.17,11.88,12.13,692256
04/29/2019,12.12,12.22,12.09,12.15,365505
04/30/2019,12.14,12.19,11.96,12.06,614949
05/01/2019,12.07,12.19,11.88,11.88,498593
05/02/2019,11.82,11.91,11.62,11.67,306194
05/03/2019,11.73,12.02,11.69,12,523419
05/06/2019,11.74,11.98,11.68,11.96,351747
05/07/2019,11.8,11.86,11.66,11.71,409617
05/08/2019,11.66,11.77,11.51,11.72,528434
05/09/2019,11.59,11.77,11.39,11.6,415418
05/10/2019,11.55,11.96,11.3,11.55,641791
05/13/2019,11.25,11.34,10.9,11.11,648807
05/14/2019,11.14,11.41,11.1,11.39,472190
05/15/2019,11.27,11.66,11.27,11.51,920709
05/16/2019,11.52,11.82,11.52,11.74,716891
05/17/2019,11.63,11.78,11.42,11.56,441330
05/20/2019,11.38,11.61,11.33,11.4,317387
05/21/2019,11.52,11.61,11.35,11.4,312854
05/22/2019,11.34,11.46,11.33,11.4,282869
05/23/2019,11.26,11.27,10.8,10.89,363766
05/24/2019,10.96,11.07,10.79,10.95,415933
05/28/2019,11,11.16,10.79,10.82,940761
05/29/2019,10.7,10.88,10.57,10.69,553005
05/30/2019,10.75,10.75,10.5,10.58,1207545
05/31/2019,10.4,11.07,10.4,10.99,1867173
06/03/2019,11.02,11.18,10.89,11.03,736518
06/04/2019,11.12,11.22,10.93,11.2,380896
06/05/2019,11.23,11.27,10.89,11.22,514143
06/06/2019,11.19,11.35,11.16,11.3,357910
06/07/2019,11.3,11.51,11.3,11.48,485473
06/10/2019,11.55,11.71,11.28,11.33,350576
06/11/2019,11.43,11.441,11.09,11.14,371584
06/12/2019,11.17,11.41,11.05,11.4,281055
06/13/2019,11.44,11.49,11.23,11.48,275461
06/14/2019,11.39,11.535,11.28,11.5,288676
06/17/2019,11.55,11.62,11.315,11.43,400149
06/18/2019,11.54,11.695,11.4,11.43,328702
06/19/2019,11.43,11.57,11.25,11.48,368551
06/20/2019,11.58,11.66,11.44,11.62,435175
06/21/2019,11.55,11.7598,11.485,11.7,474373
06/24/2019,11.66,11.7,11.01,11.01,655602
06/25/2019,11.01,11.17,10.925,11.08,498626
06/26/2019,11.13,11.215,10.85,10.95,603803
06/27/2019,10.96,11.33,10.96,11.32,406300
06/28/2019,11.38,11.765,11.26,11.73,3790833
07/01/2019,11.9,11.91,11.4,11.4,463504
07/02/2019,11.34,11.4,11.15,11.2,298434
07/03/2019,11.26,11.26,11.02,11.02,169938
07/05/2019,10.95,11.07,10.85,11.07,176769
07/08/2019,11,11.05,10.715,10.78,392776
07/09/2019,10.74,10.87,10.615,10.85,257767
07/10/2019,10.86,11.06,10.86,10.95,313626
07/11/2019,11,11,10.89,10.98,288174
07/12/2019,11,11.07,10.83,10.92,308486
07/15/2019,10.92,11,10.83,10.99,336867
07/16/2019,10.99,11.02,10.86,10.91,310156
07/17/2019,10.88,10.92,10.69,10.81,372307
07/18/2019,10.79,10.84,10.5,10.58,406310
07/19/2019,10.57,10.62,10.45,10.45,168727
07/22/2019,10.45,10.5,10.09,10.1,262245
07/23/2019,10.14,10.27,9.96,10.25,544983
07/24/2019,10.23,10.58,10.17,10.5652,378593
07/25/2019,10.58,10.58,10.4,10.49,207022
07/26/2019,10.51,10.75,10.48,10.66,189793
07/29/2019,10.62,10.69,10.445,10.65,250530
07/30/2019,10.54,10.755,10.5193,10.62,475526
07/31/2019,10.63,10.96,10.37,10.39,827285
08/01/2019,10.39,10.57,10.09,10.11,314243
08/02/2019,10,10.035,9.83,9.99,358498
08/05/2019,9.78,9.92,9.675,9.78,388792
08/06/2019,9.79,9.96,9.76,9.81,410682
08/07/2019,9.65,9.73,9.44,9.54,490469
08/08/2019,9.62,9.96,9.44,9.85,556375
08/09/2019,8.62,8.6865,6.65,6.65,6120346
08/12/2019,6.84,7.15,6.48,6.695,2022572
08/13/2019,6.65,6.94,6.6,6.67,1121035
08/14/2019,6.57,6.5772,6.16,6.21,1298963
08/15/2019,6.23,6.36,6.02,6.24,1861892
08/16/2019,6.29,6.5049,6.29,6.4,656304
08/19/2019,6.45,6.5,6.31,6.44,554400
08/20/2019,6.4,6.48,6.29,6.43,386287
08/21/2019,6.51,6.585,6.42,6.56,498541
08/22/2019,6.61,6.99,6.4,6.85,1369518
08/23/2019,6.78,6.87,6.64,6.7,1139811
08/26/2019,6.77,7.11,6.71,6.93,1580967
08/27/2019,6.99,7,6.625,6.65,901435
08/28/2019,6.58,6.82,6.42,6.8,1328630
08/29/2019,6.9,7.04,6.78,6.94,266103
08/30/2019,6.99,7.07,6.82,6.93,775421
09/03/2019,6.82,6.94,6.75,6.78,317768
09/04/2019,6.81,6.9,6.74,6.74,456320
09/05/2019,6.84,7.18,6.8,7.15,372222
09/06/2019,7.13,7.27,7.01,7.15,201149
09/09/2019,7.19,7.46,7.16,7.45,324450
09/10/2019,7.41,7.74,7.32,7.7,364917
09/11/2019,7.77,7.86,7.69,7.75,690095
09/12/2019,7.74,7.915,7.57,7.88,386272
09/13/2019,7.89,8.05,7.83,7.96,471352
09/16/2019,7.89,8.04,7.84,7.9,480625
09/17/2019,7.86,7.86,7.5,7.55,373064
09/18/2019,7.54,7.64,7.29,7.42,563326
09/19/2019,7.45,7.675,7.44,7.44,205811
09/20/2019,7.45,7.66,7.37,7.41,1007126
09/23/2019,7.4,7.4,6.98,7.29,331537
09/24/2019,7.33,7.51,7.25,7.4,1010866
09/25/2019,7.41,7.55,7.19,7.51,572131
09/26/2019,7.53,7.59,7.3,7.48,290884
09/27/2019,7.48,7.715,7.39,7.47,831172
09/30/2019,7.49,7.74,7.381,7.69,932402
10/01/2019,7.73,7.91,7.29,7.44,671706
10/02/2019,7.35,7.35,6.97,7.23,555320
10/03/2019,7.18,7.47,7.09,7.4,693662
10/04/2019,7.44,7.57,7.33,7.53,651459
10/07/2019,7.55,7.77,7.47,7.73,553096
10/08/2019,7.63,7.7,7.29,7.49,781315
10/09/2019,7.61,7.735,7.54,7.69,574744
10/10/2019,7.78,8,7.74,7.97,937378
10/11/2019,8.14,8.35,8.04,8.2,1044550
10/14/2019,8.15,8.35,8.15,8.27,528682
10/15/2019,8.28,8.55,8.18,8.49,720524
10/16/2019,8.45,8.76,8.39,8.75,1438889
10/17/2019,8.79,8.89,8.68,8.85,586739
10/18/2019,8.78,8.795,8.36,8.39,639096
10/21/2019,8.48,8.5301,8.33,8.45,617641
10/22/2019,9.97,10.11,9.92,10.07,22142509
10/23/2019,10.05,10.17,10.05,10.09,13140270
10/24/2019,10.12,10.12,10.04,10.06,7641604
10/25/2019,10.08,10.11,10.04,10.085,4232378
10/28/2019,10.07,10.11,10.05,10.07,2297867
10/29/2019,10.07,10.08,10.05,10.06,2301821
10/30/2019,10.08,10.14,10.05,10.1,1974894
10/31/2019,10.09,10.1,10.05,10.075,1590517
11/01/2019,10.09,10.11,10.05,10.06,1143726
11/04/2019,10.07,10.095,10.05,10.05,3237117
11/05/2019,10.07,10.16,10.06,10.15,1934451
11/06/2019,10.12,10.13,10.04,10.05,3354771
11/07/2019,10.09,10.11,9.97,10.1,2283608
11/08/2019,10.08,10.24,10.07,10.1,1390574
11/11/2019,10.11,10.11,9.97,10.03,3314920
11/12/2019,10.01,10.045,10.01,10.04,1775743
11/13/2019,10.02,10.39,10.01,10.21,2695524
11/14/2019,10.11,10.24,10.03,10.23,1625378
11/15/2019,10.25,10.275,10.14,10.19,1416214
11/18/2019,10.15,10.2,10.13,10.18,1331497
11/19/2019,10.18,10.23,10.12,10.205,1609853
11/20/2019,10.17,10.18,10.02,10.13,2013402
11/21/2019,10.12,10.195,10.11,10.17,1247718
11/22/2019,9.99,10,9.9,9.93,2744428
11/25/2019,9.98,9.98,9.935,9.95,5094202
11/26/2019,9.95,9.96,9.92,9.94,1737614
11/27/2019,9.95,9.96,9.93,9.95,2144286
11/29/2019,9.95,9.96,9.93,9.94,667433
12/02/2019,9.95,9.97,9.93,9.96,1787008
12/03/2019,9.94,9.97,9.94,9.95,2251363
12/04/2019,9.96,9.96,9.94,9.96,1222306
12/05/2019,9.95,9.96,9.94,9.95,5384025
12/06/2019,9.96,10.01,9.95,9.98,538610
12/09/2019,9.97,9.99,9.95,9.96,501610
12/10/2019,9.96,9.97,9.95,9.97,2449849
12/11/2019,9.98,9.98,9.95,9.97,452648
12/12/2019,9.96,9.98,9.96,9.98,277592
12/13/2019,9.96,9.98,9.95,9.96,320966
12/16/2019,9.97,9.97,9.95,9.95,2389218
12/17/2019,9.97,9.97,9.95,9.96,1862117
12/18/2019,9.96,9.97,9.95,9.97,871695
12/19/2019,9.97,9.97,9.96,9.97,759973
12/20/2019,9.98,9.98,9.95,9.96,2982340
12/23/2019,9.97,9.97,9.96,9.965,6260938
12/24/2019,9.97,9.97,9.96,9.97,422856
12/26/2019,9.96,9.97,9.96,9.97,807846
12/27/2019,9.97,9.97,9.96,9.96,646308
12/30/2019,9.97,9.98,9.96,9.98,1778878
12/31/2019,9.97,9.98,9.96,9.965,1312651
01/02/2020,9.98,9.98,9.95,9.96,3434049
01/03/2020,9.95,9.97,9.95,9.96,2454803
01/06/2020,9.95,9.98,9.95,9.96,3065963
01/07/2020,9.97,9.98,9.96,9.97,2299213
01/08/2020,9.97,9.99,9.97,9.97,3729897
01/09/2020,9.99,9.99,9.97,9.975,3919739
01/10/2020,9.98,9.99,9.97,9.98,2611547
01/13/2020,9.98,9.985,9.97,9.97,4554957
01/14/2020,9.97,9.98,9.97,9.975,3443477
01/15/2020,9.97,9.99,9.97,9.99,1865647
01/16/2020,9.99,9.99,9.98,9.99,293312
01/17/2020,9.99,10,9.98,9.99,355064
01/21/2020,9.99,10,9.98,10,594112
01/22/2020,10,10,9.98,9.98,781828
01/23/2020,9.98,9.99,9.98,9.985,2700197
01/24/2020,9.99,10,9.985,9.995,1637206
01/27/2020,9.99,10,9.99,10,1926532
01/28/2020,10,10,9.99,9.99,259645
01/29/2020,9.99,10,9.99,9.99,383767
01/30/2020,9.99,10,9.99,9.995,845222
