2014-07-21 00:00:00,5.2,5.2,4.8,24.5,6029.0
2014-07-22 00:00:00,4.9,5.05,4.9,24.75,5122.0
2014-07-23 00:00:00,5.0,5.05,5.0,25.0,1664.0
2014-07-24 00:00:00,5.05,5.05,5.025,25.25,9106.0
2014-07-25 00:00:00,5.0,5.05,5.0,25.25,1592.0
2014-07-28 00:00:00,5.05,5.05,5.0,25.0,4471.0
2014-07-29 00:00:00,4.975,4.975,4.36,22.45,15727.0
2014-07-30 00:00:00,4.49,5.0,4.49,24.95,13175.0
2014-07-31 00:00:00,4.95,5.05,4.84,25.0,2372.0
2014-08-01 00:00:00,5.0,5.0,5.0,25.0,0.0
2014-08-04 00:00:00,5.0,5.0,5.0,25.0,0.0
2014-08-05 00:00:00,5.0,5.0,5.0,25.0,0.0
2014-08-06 00:00:00,5.0,5.0,5.0,25.0,0.0
2014-08-07 00:00:00,4.41,4.5,4.12,21.25,17320.0
2014-08-08 00:00:00,4.25,4.7,4.25,23.25,20104.0
2014-08-11 00:00:00,4.6,4.6,4.5,22.9995,7114.0
2014-08-12 00:00:00,4.68,4.7,4.51,23.5,7803.0
2014-08-13 00:00:00,4.7,4.92,4.6,23.0,14298.0
2014-08-14 00:00:00,4.61,4.755,4.52,22.7505,16361.0
2014-08-15 00:00:00,4.52,4.7,4.52,22.8,6050.0
2014-08-18 00:00:00,4.52,4.65,4.52,22.65,13288.0
2014-08-19 00:00:00,4.593,4.6,4.26,22.45,23497.0
2014-08-20 00:00:00,4.38,4.495,4.26,22.0,3575.0
2014-08-21 00:00:00,4.33,4.5,4.25,22.0,11923.0
2014-08-22 00:00:00,4.49,4.5,4.4,22.0,3590.0
2014-08-25 00:00:00,4.56,4.56,4.41,22.05,1060.0
2014-08-26 00:00:00,4.4899,4.6,4.45,22.75,15132.0
2014-08-27 00:00:00,4.53,4.7,4.49,22.5,16025.0
2014-08-28 00:00:00,4.6,4.6,4.5,23.0,2964.0
2014-08-29 00:00:00,4.6,4.7999,4.3,23.4,9211.0
2014-09-02 00:00:00,4.73,5.2,4.73,25.35,12831.0
2014-09-03 00:00:00,5.19,5.2,4.95,25.85,25544.0
2014-09-04 00:00:00,5.15,5.26,4.5,26.15,10941.0
2014-09-05 00:00:00,5.279,5.52,5.244,26.65,23747.0
2014-09-08 00:00:00,5.49,5.68,5.38,28.4,27595.0
2014-09-09 00:00:00,5.78,6.25,5.71,30.0,36213.0
2014-09-10 00:00:00,6.0,6.0,5.7701,29.25,11788.0
2014-09-11 00:00:00,6.75,10.71,6.75,41.3,3701398.0
2014-09-12 00:00:00,8.53,8.55,7.0201,36.2,866420.0
2014-09-15 00:00:00,7.0,7.0,6.22,33.55,251982.0
2014-09-16 00:00:00,6.75,6.8699,6.25,33.4,106338.0
2014-09-17 00:00:00,6.48,6.68,6.28,31.8,68279.0
2014-09-18 00:00:00,6.35,6.7199,6.2401,33.0,71466.0
2014-09-19 00:00:00,6.57,6.6,6.24,31.2,49673.0
2014-09-22 00:00:00,6.33,6.33,5.55,28.55,55637.0
2014-09-23 00:00:00,5.65,5.97,5.41,27.15,41706.0
2014-09-24 00:00:00,5.64,5.7499,5.52,27.75,23906.0
2014-09-25 00:00:00,5.56,5.7,5.5,27.5,9559.0
2014-09-26 00:00:00,5.46,5.6,5.28,27.3,28636.0
2014-09-29 00:00:00,5.46,5.46,5.11,25.975,27877.0
2014-09-30 00:00:00,5.34,5.94,5.2701,29.1,120776.0
2014-10-01 00:00:00,5.91,6.23,5.55,29.0,68679.0
2014-10-02 00:00:00,5.91,6.152,5.76,29.75,20623.0
2014-10-03 00:00:00,6.06,6.0866,6.0,30.25,10849.0
2014-10-06 00:00:00,6.11,6.23,5.75,29.55,46847.0
2014-10-07 00:00:00,7.63,8.2,6.7,34.55,588239.0
2014-10-08 00:00:00,7.0,7.3299,6.4,32.5,146133.0
2014-10-09 00:00:00,6.5,6.95,6.01,30.2,104916.0
2014-10-10 00:00:00,6.01,6.36,5.79,30.95,28961.0
2014-10-13 00:00:00,6.21,6.21,5.56,30.0495,79796.0
2014-10-14 00:00:00,5.94,6.5,5.6,30.35,89464.0
2014-10-15 00:00:00,6.2,6.5,5.91,31.95,93075.0
2014-10-16 00:00:00,6.4,6.5,6.14,31.05,49869.0
2014-10-17 00:00:00,6.25,6.34,5.945,30.6,90165.0
2014-10-20 00:00:00,6.27,6.41,6.25,32.05,25805.0
2014-10-21 00:00:00,6.49,6.49,6.12,31.2,61180.0
2014-10-22 00:00:00,6.18,6.5,6.18,31.85,63066.0
2014-10-23 00:00:00,6.58,6.5995,6.01,30.15,112927.0
2014-10-24 00:00:00,6.15,6.23,5.91,30.5,98861.0
2014-10-27 00:00:00,6.25,6.25,5.6701,29.05,128015.0
2014-10-28 00:00:00,6.0,6.75,5.86,30.75,109788.0
2014-10-29 00:00:00,6.09,6.094,5.755,29.75,173069.0
2014-10-30 00:00:00,5.95,6.2,5.7605,30.55,76379.0
2014-10-31 00:00:00,6.05,6.5,5.84,30.2,117338.0
2014-11-03 00:00:00,6.0,6.47,6.0,31.75,74611.0
2014-11-04 00:00:00,6.14,6.35,5.8905,29.75,164382.0
2014-11-05 00:00:00,6.06,6.4997,6.01,31.4,168022.0
2014-11-06 00:00:00,6.22,6.42,6.0,30.9,80946.0
2014-11-07 00:00:00,6.44,6.61,6.11,32.95,183066.0
2014-11-10 00:00:00,6.85,6.85,6.37,32.9,46804.0
2014-11-11 00:00:00,6.52,6.7995,6.14,32.5,142673.0
2014-11-12 00:00:00,6.5,6.7699,6.25,31.9995,390118.0
2014-11-13 00:00:00,6.5,6.7,5.9,30.9,238628.0
2014-11-14 00:00:00,6.03,6.12,5.5005,29.1,211945.0
2014-11-17 00:00:00,5.77,5.77,5.1,25.8,100098.0
2014-11-18 00:00:00,5.35,5.4,5.1305,25.95,23129.0
2014-11-19 00:00:00,5.14,5.25,4.8205,25.15,76435.0
2014-11-20 00:00:00,5.0,5.58,4.97,27.15,174061.0
2014-11-21 00:00:00,5.42,5.42,5.11,26.3,103662.0
2014-11-24 00:00:00,5.18,5.7,5.11,27.25,67308.0
2014-11-25 00:00:00,5.51,5.53,5.175,27.4,43636.0
2014-11-26 00:00:00,5.2,5.41,5.17,26.55,111845.0
2014-11-28 00:00:00,5.26,5.55,5.2,26.7,17255.0
2014-12-01 00:00:00,5.22,5.34,4.95,24.85,89191.0
2014-12-02 00:00:00,5.0,5.43,4.82,27.1,70086.0
2014-12-03 00:00:00,5.4431,5.5,5.09,25.7,41822.0
2014-12-04 00:00:00,5.15,5.39,5.1305,26.0,43782.0
2014-12-05 00:00:00,5.24,5.38,5.01,26.9,44332.0
2014-12-08 00:00:00,5.24,5.36,4.86,24.5,95266.0
2014-12-09 00:00:00,4.9,5.65,4.9,28.15,164703.0
2014-12-10 00:00:00,5.77,6.13,5.5,27.7,265677.0
2014-12-11 00:00:00,5.59,6.18,5.18,27.45,73125.0
2014-12-12 00:00:00,5.44,5.91,5.3,28.5,68120.0
2014-12-15 00:00:00,5.78,5.78,5.44,28.5,27086.0
2014-12-16 00:00:00,5.78,5.9,5.08,26.0,123571.0
2014-12-17 00:00:00,5.3,5.3,5.0001,25.75,149927.0
2014-12-18 00:00:00,5.24,5.35,5.09,25.95,30543.0
2014-12-19 00:00:00,5.25,5.25,4.86,24.3,97000.0
2014-12-22 00:00:00,4.83,5.2,4.83,25.5,21455.0
2014-12-23 00:00:00,5.05,5.25,5.0,25.45,35013.0
2014-12-24 00:00:00,5.015,5.14,5.015,25.5,5026.0
2014-12-26 00:00:00,5.1399,5.1399,5.02,25.6,13359.0
2014-12-29 00:00:00,5.12,5.13,4.69,24.65,63862.0
2014-12-30 00:00:00,4.85,5.0,4.69,25.0,8773.0
2014-12-31 00:00:00,4.9,5.0,4.72,24.65,25419.0
2015-01-02 00:00:00,4.8,4.99,4.8,24.764,5900.0
2015-01-05 00:00:00,4.99,5.01,4.78,23.95,13685.0
2015-01-06 00:00:00,4.96,4.96,4.76,24.5,9202.0
2015-01-07 00:00:00,4.8,4.81,4.71,23.95,22810.0
2015-01-08 00:00:00,4.82,4.82,4.7,23.65,23310.0
2015-01-09 00:00:00,4.67,4.71,4.52,22.6,21675.0
2015-01-12 00:00:00,4.52,4.612,4.38,22.1,41995.0
2015-01-13 00:00:00,4.46,4.5,4.27,21.76,10436.0
2015-01-14 00:00:00,4.3716,4.3716,4.21,21.3,21490.0
2015-01-15 00:00:00,4.28,4.415,4.26,21.95,18134.0
2015-01-16 00:00:00,4.4101,4.5205,4.38,22.0635,30594.0
2015-01-20 00:00:00,4.45,4.5,4.44,22.29,207608.0
2015-01-21 00:00:00,4.42,4.42,4.29,21.45,8519.0
2015-01-22 00:00:00,4.29,4.43,4.11,21.8,46683.0
2015-01-23 00:00:00,4.33,4.5,4.26,22.35,4083.0
2015-01-26 00:00:00,4.4,4.7,4.33,23.5,7445.0
2015-01-27 00:00:00,4.67,4.67,4.41,22.35,19714.0
2015-01-28 00:00:00,4.4401,4.7399,4.44,22.65,28480.0
2015-01-29 00:00:00,4.53,4.53,4.4,22.2,23946.0
2015-01-30 00:00:00,4.45,4.496,4.4,22.0,8227.0
2015-02-02 00:00:00,4.45,4.54,4.4,22.2995,11650.0
2015-02-03 00:00:00,4.4899,4.525,4.3601,22.5,9076.0
2015-02-04 00:00:00,4.5,4.5,4.35,21.85,14473.0
2015-02-05 00:00:00,4.39,4.48,4.39,22.35,17757.0
2015-02-06 00:00:00,4.45,4.48,4.2102,21.1,21414.0
2015-02-09 00:00:00,4.3224,4.3882,4.235,21.8,12170.0
2015-02-10 00:00:00,4.2601,4.34,4.25,21.25,8462.0
2015-02-11 00:00:00,4.22,4.2399,3.95,20.65,376977.0
2015-02-12 00:00:00,4.1,4.25,3.95,20.8,170855.0
2015-02-13 00:00:00,4.23,4.6899,4.23,23.021,80364.0
2015-02-17 00:00:00,4.65,4.75,4.51,23.35,28858.0
2015-02-18 00:00:00,4.58,4.71,4.58,23.4,10184.0
2015-02-19 00:00:00,4.72,4.94,4.6999,24.5,17671.0
2015-02-20 00:00:00,4.8899,4.9,4.68,23.4,12235.0
2015-02-23 00:00:00,4.6,4.7,4.46,22.4505,18185.0
2015-02-24 00:00:00,4.47,4.66,4.42,22.1975,644.0
2015-02-25 00:00:00,4.4385,4.4385,4.4,22.0,1553.0
2015-02-26 00:00:00,4.53,4.95,4.35,21.75,9400.0
2015-02-27 00:00:00,4.4045,4.58,4.4045,22.4,1803.0
2015-03-02 00:00:00,4.53,4.68,4.525,23.2,8251.0
2015-03-03 00:00:00,4.65,4.6899,4.55,23.0,10626.0
2015-03-04 00:00:00,4.6,4.69,4.6,23.4495,7960.0
2015-03-05 00:00:00,4.7,5.0,4.7,24.3,40097.0
2015-03-06 00:00:00,5.0,5.21,4.91,25.2505,30085.0
2015-03-09 00:00:00,5.12,5.75,5.12,26.85,48172.0
2015-03-10 00:00:00,5.65,5.75,5.43,27.5,21008.0
2015-03-11 00:00:00,5.6323,5.73,5.32,27.05,22126.0
2015-03-12 00:00:00,5.45,5.45,5.0529,25.7,23957.0
2015-03-13 00:00:00,5.05,5.58,5.05,26.35,30570.0
2015-03-16 00:00:00,5.58,5.65,5.23,27.3495,2569.0
2015-03-17 00:00:00,5.26,5.48,5.18,26.0,25571.0
2015-03-18 00:00:00,5.3,5.47,5.25,26.8,7122.0
2015-03-19 00:00:00,5.44,5.44,5.15,25.75,44670.0
2015-03-20 00:00:00,5.2,5.3899,5.1201,25.65,5307.0
2015-03-23 00:00:00,5.13,5.28,5.07,25.35,7233.0
2015-03-24 00:00:00,5.08,5.25,5.08,25.85,6822.0
2015-03-25 00:00:00,5.05,5.2099,5.05,26.0495,7646.0
2015-03-26 00:00:00,5.1,5.22,5.05,26.1,14271.0
2015-03-27 00:00:00,5.19,5.2,5.04,25.2,9982.0
2015-03-30 00:00:00,5.0176,5.09,4.82,24.9495,9249.0
2015-03-31 00:00:00,4.851,5.05,4.8101,24.1,14740.0
2015-04-01 00:00:00,4.9999,5.04,4.82,25.041,20448.0
2015-04-02 00:00:00,4.8128,5.1,4.8128,25.5,4096.0
2015-04-06 00:00:00,4.99,5.2,4.99,25.2,6671.0
2015-04-07 00:00:00,5.0,5.18,5.0,25.05,7058.0
2015-04-08 00:00:00,5.2,5.2,5.032,25.3,8247.0
2015-04-09 00:00:00,5.4,5.61,5.07,25.95,30284.0
2015-04-10 00:00:00,5.1901,5.1901,5.099,25.5,7906.0
2015-04-13 00:00:00,4.966,5.2164,4.88,25.0,10041.0
2015-04-14 00:00:00,5.07,5.317,5.0,25.65,24684.0
2015-04-15 00:00:00,5.14,5.31,5.1,26.45,12665.0
2015-04-16 00:00:00,5.34,5.4,5.17,25.965,5031.0
2015-04-17 00:00:00,5.286,5.29,5.1501,26.4495,3868.0
2015-04-20 00:00:00,5.21,5.2799,5.06,25.75,6122.0
2015-04-21 00:00:00,5.0701,5.21,4.97,25.2,13204.0
2015-04-22 00:00:00,5.0,5.1785,4.9999,25.8925,10819.0
2015-04-23 00:00:00,5.13,5.15,5.03,25.3,5038.0
2015-04-24 00:00:00,5.01,5.01,4.96,24.85,8059.0
2015-04-27 00:00:00,5.02,5.1267,4.89,24.45,7140.0
2015-04-28 00:00:00,5.1377,5.45,5.01,26.588,21998.0
2015-04-29 00:00:00,5.31,5.39,5.11,26.7,8383.0
2015-04-30 00:00:00,5.17,5.243,5.1,25.55,10681.0
2015-05-01 00:00:00,5.12,5.51,5.1,27.196,22240.0
2015-05-04 00:00:00,5.46,5.74,5.16,27.9725,24510.0
2015-05-05 00:00:00,6.65,7.09,5.88,31.35,474354.0
2015-05-06 00:00:00,6.5,6.66,5.8,29.0,265563.0
2015-05-07 00:00:00,5.78,6.59,5.66,32.75,167713.0
2015-05-08 00:00:00,6.56,7.17,6.37,33.4,110423.0
2015-05-11 00:00:00,6.87,6.92,6.35,31.75,80824.0
2015-05-12 00:00:00,6.4918,6.55,6.28,31.95,85021.0
2015-05-13 00:00:00,6.47,6.47,6.293,31.7,19113.0
2015-05-14 00:00:00,6.4,6.44,6.22,31.9,24939.0
2015-05-15 00:00:00,6.25,6.65,6.05,30.5,36737.0
2015-05-18 00:00:00,6.24,6.37,6.13,31.5,19062.0
2015-05-19 00:00:00,6.35,6.35,5.95,30.1995,41013.0
2015-05-20 00:00:00,6.1899,6.29,5.95,30.0,8840.0
2015-05-21 00:00:00,5.99,6.344,5.99,31.5,21664.0
2015-05-22 00:00:00,6.29,6.35,6.0501,30.975,50342.0
2015-05-26 00:00:00,6.13,6.4097,6.1,31.9,23813.0
2015-05-27 00:00:00,6.37,6.705,6.3,33.0,43747.0
2015-05-28 00:00:00,6.6,6.6,6.38,32.5,21348.0
2015-05-29 00:00:00,6.57,6.6,6.4,32.15,22457.0
2015-06-01 00:00:00,6.41,7.29,6.38,34.85,76535.0
2015-06-02 00:00:00,6.98,6.98,6.561,33.55,29215.0
2015-06-03 00:00:00,6.8,7.19,6.7,35.25,30257.0
2015-06-04 00:00:00,7.08,7.28,6.97,35.45,59962.0
2015-06-05 00:00:00,7.16,7.4499,6.9999,35.55,75070.0
2015-06-08 00:00:00,7.21,7.21,6.701,35.6,55920.0
2015-06-09 00:00:00,7.13,7.13,6.831,34.25,38864.0
2015-06-10 00:00:00,6.82,7.1899,6.82,34.65,29546.0
2015-06-11 00:00:00,7.0,7.09,6.73,34.9,51283.0
2015-06-12 00:00:00,6.98,7.09,6.9275,35.05,12103.0
2015-06-15 00:00:00,7.1,7.1,6.99,35.4,29557.0
2015-06-16 00:00:00,7.05,7.25,7.01,36.2,50643.0
2015-06-17 00:00:00,7.25,7.46,7.06,37.1,90371.0
2015-06-18 00:00:00,7.34,7.4604,7.215,36.75,77878.0
2015-06-19 00:00:00,7.39,7.44,7.25,36.75,69042.0
2015-06-22 00:00:00,7.35,7.405,7.23,36.8,45517.0
2015-06-23 00:00:00,7.36,7.36,7.188,36.35,81643.0
2015-06-24 00:00:00,7.3,7.72,7.3,38.1,89835.0
2015-06-25 00:00:00,7.75,8.25,7.7,41.2,144487.0
2015-06-26 00:00:00,8.35,8.82,8.1,43.75,176720.0
2015-06-29 00:00:00,8.57,8.6949,8.03,40.25,103098.0
2015-06-30 00:00:00,8.1,8.75,8.065,43.7,106564.0
2015-07-01 00:00:00,8.75,10.072,8.75,49.85,336675.0
2015-07-02 00:00:00,9.98,10.44,9.98,51.15,287584.0
2015-07-06 00:00:00,10.42,10.59,9.94,52.55,184144.0
2015-07-07 00:00:00,10.5,10.99,10.5,53.7,202934.0
2015-07-08 00:00:00,10.75,10.8,9.53,48.9,288499.0
2015-07-09 00:00:00,10.01,10.55,9.76,50.05,93727.0
2015-07-10 00:00:00,10.08,10.3488,9.62,48.75,94587.0
2015-07-13 00:00:00,9.71,10.19,9.65,50.05,93272.0
2015-07-14 00:00:00,10.1,10.93,9.5701,52.85,117271.0
2015-07-15 00:00:00,10.94,11.25,10.4001,52.8,169167.0
2015-07-16 00:00:00,10.74,11.2,10.59,55.45,123156.0
2015-07-17 00:00:00,11.25,11.63,10.9253,57.5,123546.0
2015-07-20 00:00:00,11.45,11.51,10.62,53.5,109003.0
2015-07-21 00:00:00,10.76,11.062,10.75,54.6,71924.0
2015-07-22 00:00:00,11.02,11.27,9.88,49.85,122304.0
2015-07-23 00:00:00,9.9,10.5,9.67,51.8,60355.0
2015-07-24 00:00:00,10.23,10.5399,9.6601,50.5,119132.0
2015-07-27 00:00:00,9.9,9.9,9.09,46.2,86311.0
2015-07-28 00:00:00,9.01,9.02,8.48,44.05,114782.0
2015-07-29 00:00:00,8.66,9.84,8.65,48.7,78024.0
2015-07-30 00:00:00,9.66,10.05,9.07,48.25,27340.0
2015-07-31 00:00:00,9.33,9.6,9.1301,47.55,26369.0
2015-08-03 00:00:00,9.53,9.53,8.78,46.3,41384.0
2015-08-04 00:00:00,9.32,9.48,8.92,46.9,40831.0
2015-08-05 00:00:00,11.06,13.64,10.7401,66.95,681296.0
2015-08-06 00:00:00,13.63,14.25,13.06,69.6,304812.0
2015-08-07 00:00:00,14.27,15.18,13.74,70.75,355155.0
2015-08-10 00:00:00,14.25,15.25,13.5,69.7,318129.0
2015-08-11 00:00:00,13.98,14.67,13.1,67.25,190146.0
2015-08-12 00:00:00,13.53,13.8399,12.68,66.45,226322.0
2015-08-13 00:00:00,13.21,13.787,13.1663,68.55,206935.0
2015-08-14 00:00:00,13.9,19.2,13.85,95.9,1265105.0
2015-08-17 00:00:00,18.8,19.0,14.91,81.75,1325005.0
2015-08-18 00:00:00,16.3,16.31,15.26,76.55,242587.0
2015-08-19 00:00:00,15.76,17.89,15.43,83.65,1620526.0
2015-08-20 00:00:00,17.45,18.115,16.571,85.65,884884.0
2015-08-21 00:00:00,17.14,17.23,15.6032,79.0,420255.0
2015-08-24 00:00:00,15.37,16.538,14.07,78.65,542438.0
2015-08-25 00:00:00,16.77,17.25,15.85,83.75,650815.0
2015-08-26 00:00:00,16.78,18.8799,16.78,93.0,1158991.0
2015-08-27 00:00:00,20.0,22.4677,18.6001,97.85,1887384.0
2015-08-28 00:00:00,20.01,22.5,19.57,110.0,1155808.0
2015-08-31 00:00:00,20.41,23.65,20.0,109.5,1174427.0
2015-09-01 00:00:00,20.5,23.5,20.25,111.8,948352.0
2015-09-02 00:00:00,23.7,25.763,22.95,123.9,1213831.0
2015-09-03 00:00:00,25.9,27.27,23.5,119.45,1160095.0
2015-09-04 00:00:00,23.33,25.77,23.11,128.85,551881.0
2015-09-08 00:00:00,26.3,28.75,26.29,133.25,1753123.0
2015-09-09 00:00:00,28.28,29.2,27.25,139.2,1034978.0
2015-09-10 00:00:00,27.98,29.17,22.86,115.0,1791656.0
2015-09-11 00:00:00,17.48,18.0,16.0783,82.15,5872700.0
2015-09-14 00:00:00,16.5,17.32,16.1,82.05,1205704.0
2015-09-15 00:00:00,16.41,16.71,13.83,69.7,1563922.0
2015-09-16 00:00:00,14.31,16.73,13.77,79.7,3158276.0
2015-09-17 00:00:00,16.3,16.38,14.7,75.4,1388406.0
2015-09-18 00:00:00,14.81,15.44,14.41,73.1,889243.0
2015-09-21 00:00:00,15.03,15.1,13.01,66.0,920630.0
2015-09-22 00:00:00,13.0,13.9479,12.88,67.3,613003.0
2015-09-23 00:00:00,13.22,13.44,11.85,59.85,1038029.0
2015-09-24 00:00:00,11.64,12.09,10.89,56.65,1152288.0
2015-09-25 00:00:00,11.78,12.84,11.33,57.75,1256933.0
2015-09-28 00:00:00,11.31,11.45,10.3496,56.05,716871.0
2015-09-29 00:00:00,11.21,11.74,10.6501,54.2,444792.0
2015-09-30 00:00:00,11.02,11.84,10.7,59.05,645523.0
2015-10-01 00:00:00,11.54,12.16,11.0329,59.65,1033777.0
2015-10-02 00:00:00,11.64,11.84,11.25,58.55,375608.0
2015-10-05 00:00:00,11.73,13.4,11.73,66.2,715525.0
2015-10-06 00:00:00,13.12,13.55,12.16,62.8,385984.0
2015-10-07 00:00:00,12.67,13.51,12.46,66.5,374588.0
2015-10-08 00:00:00,13.04,13.95,12.7501,68.75,343834.0
2015-10-09 00:00:00,13.66,14.558,13.42,70.4,401632.0
2015-10-12 00:00:00,14.05,14.509,13.67,70.55,269772.0
2015-10-13 00:00:00,13.93,14.1099,13.14,68.15,223596.0
2015-10-14 00:00:00,13.52,14.0,13.23,69.95,173297.0
2015-10-15 00:00:00,13.98,13.98,13.23,67.6,152454.0
2015-10-16 00:00:00,13.46,14.3616,13.35,71.25,231611.0
2015-10-19 00:00:00,14.26,14.88,13.78,71.5,265811.0
2015-10-20 00:00:00,14.33,14.8,14.24,72.65,314859.0
2015-10-21 00:00:00,14.64,14.7099,14.0,70.3,297625.0
2015-10-22 00:00:00,14.07,15.34,14.0501,75.45,398338.0
2015-10-23 00:00:00,15.2,15.99,14.8,79.25,436584.0
2015-10-26 00:00:00,15.99,16.0,15.21,79.55,210493.0
2015-10-27 00:00:00,15.73,15.83,15.225,76.55,227330.0
2015-10-28 00:00:00,15.43,16.32,15.3201,81.5,246992.0
2015-10-29 00:00:00,16.17,16.33,15.7201,79.5,212067.0
2015-10-30 00:00:00,16.07,16.282,15.85,81.0,140008.0
2015-11-02 00:00:00,16.2,16.4501,16.01,81.05,192065.0
2015-11-03 00:00:00,16.2,16.65,14.47,73.0,848222.0
2015-11-04 00:00:00,17.45,20.0,16.75,100.0,3543548.0
2015-11-05 00:00:00,18.8,18.9599,14.5949,78.05,2192036.0
2015-11-06 00:00:00,16.38,16.9395,15.16,81.45,766537.0
2015-11-09 00:00:00,16.27,16.27,15.65,80.45,280323.0
2015-11-10 00:00:00,15.98,16.159,15.25,77.0,264098.0
2015-11-11 00:00:00,15.35,15.5852,13.25,70.5,581276.0
2015-11-12 00:00:00,13.95,14.07,13.11,66.6,345676.0
2015-11-13 00:00:00,13.18,15.13,13.18,73.7,316018.0
2015-11-16 00:00:00,14.58,15.01,14.1282,73.55,108551.0
2015-11-17 00:00:00,14.7,14.7,13.86,70.45,155042.0
2015-11-18 00:00:00,14.1,14.95,14.1,73.8,268909.0
2015-11-19 00:00:00,14.65,14.7677,14.2,72.6,121130.0
2015-11-20 00:00:00,14.63,14.9,14.25,73.35,160143.0
2015-11-23 00:00:00,14.55,15.309,14.18,75.1,215742.0
2015-11-24 00:00:00,15.02,16.18,14.85,79.95,201481.0
2015-11-25 00:00:00,16.15,16.15,15.54,78.0,187859.0
2015-11-27 00:00:00,15.68,15.95,15.054,77.15,77483.0
2015-11-30 00:00:00,15.43,16.12,15.36,80.05,154315.0
2015-12-01 00:00:00,16.15,16.2,15.7,78.9,96350.0
2015-12-02 00:00:00,15.87,15.99,15.56,78.0,127057.0
2015-12-03 00:00:00,15.53,15.74,14.61,74.45,110085.0
2015-12-04 00:00:00,14.77,15.1945,14.77,75.15,129297.0
2015-12-07 00:00:00,14.95,14.9744,13.3,66.85,418781.0
2015-12-08 00:00:00,13.32,14.17,13.24,69.4,198111.0
2015-12-09 00:00:00,13.67,14.0799,12.66,64.65,371400.0
2015-12-10 00:00:00,12.97,13.85,12.95,69.25,181868.0
2015-12-11 00:00:00,13.71,13.71,12.8004,64.95,227608.0
2015-12-14 00:00:00,12.99,13.99,12.9,68.85,293084.0
2015-12-15 00:00:00,13.75,14.54,13.46,71.8,297033.0
2015-12-16 00:00:00,14.49,14.722,14.03,72.35,291876.0
2015-12-17 00:00:00,14.5,14.625,14.3112,71.85,146894.0
2015-12-18 00:00:00,14.59,14.8897,14.127,72.3,355669.0
2015-12-21 00:00:00,14.0,14.45,13.41,69.5,190146.0
2015-12-22 00:00:00,14.01,14.18,13.8,69.95,118178.0
2015-12-23 00:00:00,14.0,14.33,13.84,70.1,104846.0
2015-12-24 00:00:00,14.07,14.89,13.85,73.5,139791.0
2015-12-28 00:00:00,14.7,14.81,13.96,70.2,146464.0
2015-12-29 00:00:00,14.08,14.21,13.75,69.4,111787.0
2015-12-30 00:00:00,13.98,14.2,13.8001,70.05,132974.0
2015-12-31 00:00:00,14.0,14.2,13.7,68.75,102866.0
2016-01-04 00:00:00,13.55,13.72,13.02,66.75,251315.0
2016-01-05 00:00:00,13.35,13.558,13.06,66.5,126024.0
2016-01-06 00:00:00,13.06,13.24,13.02,65.55,194138.0
2016-01-07 00:00:00,12.9,13.2993,12.0,60.5,299317.0
2016-01-08 00:00:00,12.26,12.89,12.2,64.25,207831.0
2016-01-11 00:00:00,12.99,13.205,12.4,63.05,183832.0
2016-01-12 00:00:00,12.7,13.09,12.03,61.95,162778.0
2016-01-13 00:00:00,12.44,12.51,11.31,57.5,244049.0
2016-01-14 00:00:00,11.75,11.7625,10.05,53.1,353257.0
2016-01-15 00:00:00,10.49,11.6865,10.48,53.95,287481.0
2016-01-19 00:00:00,11.16,11.7299,9.9,50.25,293648.0
2016-01-20 00:00:00,9.77,9.82,8.6325,48.0,525242.0
2016-01-21 00:00:00,9.55,10.83,9.55,51.2,328140.0
2016-01-22 00:00:00,10.76,10.97,10.36,53.35,118315.0
2016-01-25 00:00:00,10.52,11.2,10.13,51.1,147281.0
2016-01-26 00:00:00,10.2,10.3,9.8,51.3,114717.0
2016-01-27 00:00:00,10.26,10.82,10.09,52.3,123294.0
2016-01-28 00:00:00,10.5,10.833,9.73,49.35,189530.0
2016-01-29 00:00:00,9.81,10.78,9.81,53.5,146348.0
2016-02-01 00:00:00,10.66,11.2,10.19,55.7,139735.0
2016-02-02 00:00:00,11.1,11.1099,10.36,52.8,109525.0
2016-02-03 00:00:00,10.57,10.7888,10.06,51.45,68236.0
2016-02-04 00:00:00,10.13,10.59,10.13,51.75,67885.0
2016-02-05 00:00:00,10.33,10.34,9.27,46.8,239661.0
2016-02-08 00:00:00,9.36,9.36,8.605,43.9,243711.0
2016-02-09 00:00:00,8.62,9.06,7.9,39.9,328055.0
2016-02-10 00:00:00,8.43,8.466,7.86,40.0,255409.0
2016-02-11 00:00:00,7.79,8.25,7.79,40.7,124562.0
2016-02-12 00:00:00,8.21,8.3699,7.9,40.95,140586.0
2016-02-16 00:00:00,8.71,9.1997,8.41,45.7,247391.0
2016-02-17 00:00:00,9.16,9.41,8.74,44.95,196914.0
2016-02-18 00:00:00,9.0,9.11,8.81,44.35,132550.0
2016-02-19 00:00:00,8.85,9.06,8.71,44.05,98617.0
2016-02-22 00:00:00,8.83,9.7,8.81,47.4,233722.0
2016-02-23 00:00:00,9.53,10.44,9.3,52.1,180089.0
2016-02-24 00:00:00,10.03,11.709,10.03,58.2,482910.0
2016-02-25 00:00:00,11.79,12.36,11.36,60.9,301855.0
2016-02-26 00:00:00,12.2,13.2979,12.2,65.2,349746.0
2016-02-29 00:00:00,13.15,13.15,12.35,63.7,241242.0
2016-03-01 00:00:00,12.95,13.21,12.4797,64.9,169803.0
2016-03-02 00:00:00,12.85,13.068,12.6484,64.15,138236.0
2016-03-03 00:00:00,12.98,13.27,12.83,66.25,136376.0
2016-03-04 00:00:00,13.25,13.8,13.1,66.05,225858.0
2016-03-07 00:00:00,13.19,13.29,12.64,66.45,201694.0
2016-03-08 00:00:00,13.34,13.41,12.91,65.45,220239.0
2016-03-09 00:00:00,13.3,13.64,13.03,66.0,316767.0
2016-03-10 00:00:00,8.9,9.1248,7.7,39.0,3021672.0
2016-03-11 00:00:00,8.17,8.36,7.6,39.75,1121542.0
2016-03-14 00:00:00,7.94,8.1,7.55,38.5,587183.0
2016-03-15 00:00:00,7.59,7.98,7.35,37.45,433942.0
2016-03-16 00:00:00,7.4,7.51,6.55,33.85,1197319.0
2016-03-17 00:00:00,6.85,7.98,6.8201,39.35,1070269.0
2016-03-18 00:00:00,7.96,8.01,7.19,36.0,390758.0
2016-03-21 00:00:00,7.2,7.58,7.1931,37.55,203958.0
2016-03-22 00:00:00,7.41,7.6,7.3,37.6,133261.0
2016-03-23 00:00:00,7.5,7.6,7.3,37.0,157872.0
2016-03-24 00:00:00,7.3,7.35,7.075,35.95,281415.0
2016-03-28 00:00:00,7.19,7.29,7.01,35.65,162428.0
2016-03-29 00:00:00,7.06,7.35,7.03,36.4,207488.0
2016-03-30 00:00:00,7.3,7.3099,7.01,35.85,243604.0
2016-03-31 00:00:00,7.12,7.45,7.01,37.15,175632.0
2016-04-01 00:00:00,7.33,7.43,7.06,36.5,201087.0
2016-04-04 00:00:00,7.26,7.65,7.25,37.3,165320.0
2016-04-05 00:00:00,7.5,7.62,7.24,37.7,189307.0
2016-04-06 00:00:00,7.57,7.95,7.51,38.85,327513.0
2016-04-07 00:00:00,7.73,7.95,7.39,37.85,233193.0
2016-04-08 00:00:00,7.67,7.88,7.64,38.2,79745.0
2016-04-11 00:00:00,7.78,7.8299,7.5814,38.7,142057.0
2016-04-12 00:00:00,7.69,7.83,7.5,37.9,167699.0
2016-04-13 00:00:00,7.65,7.84,7.53,38.25,152544.0
2016-04-14 00:00:00,7.67,8.2,7.58,39.75,220547.0
2016-04-15 00:00:00,7.95,8.18,7.85,40.6,108875.0
2016-04-18 00:00:00,8.05,8.54,8.05,41.7,171612.0
2016-04-19 00:00:00,8.43,8.51,7.95,40.45,213956.0
2016-04-20 00:00:00,8.06,8.27,7.84,39.3,93621.0
2016-04-21 00:00:00,7.91,8.04,7.83,39.5,84261.0
2016-04-22 00:00:00,7.9,7.98,7.83,39.8,46908.0
2016-04-25 00:00:00,8.0,8.09,7.72,40.45,97032.0
2016-04-26 00:00:00,8.09,8.13,7.845,39.5,73994.0
2016-04-27 00:00:00,7.95,8.0164,7.71,38.8,74128.0
2016-04-28 00:00:00,7.75,7.9,7.71,39.2,54870.0
2016-04-29 00:00:00,7.86,8.1,7.74,39.0,85303.0
2016-05-02 00:00:00,7.78,7.97,7.76,39.3,74252.0
2016-05-03 00:00:00,7.76,7.965,7.71,38.7,78772.0
2016-05-04 00:00:00,7.73,7.895,7.64,38.5,71851.0
2016-05-05 00:00:00,7.7,7.7,6.82,35.25,589352.0
2016-05-06 00:00:00,6.97,6.97,6.7,33.55,322464.0
2016-05-09 00:00:00,6.69,6.69,6.26,31.65,382367.0
2016-05-10 00:00:00,6.39,6.58,5.79,29.95,468466.0
2016-05-11 00:00:00,5.95,6.56,5.68,32.15,560842.0
2016-05-12 00:00:00,6.44,6.7,6.2399,32.1,242747.0
2016-05-13 00:00:00,6.38,6.77,6.349,32.9,120447.0
2016-05-16 00:00:00,6.6,6.74,6.36,33.15,132459.0
2016-05-17 00:00:00,6.59,6.59,6.11,30.7,161147.0
2016-05-18 00:00:00,6.24,6.3099,6.07,30.6,104932.0
2016-05-19 00:00:00,6.11,6.12,5.8,29.65,108710.0
2016-05-20 00:00:00,5.97,6.21,5.97,30.85,77980.0
2016-05-23 00:00:00,6.18,6.35,6.16,30.95,124338.0
2016-05-24 00:00:00,6.24,6.49,6.17,32.1,144797.0
2016-05-25 00:00:00,6.48,6.4999,6.235,31.85,78131.0
2016-05-26 00:00:00,6.33,6.496,6.3,32.0,76057.0
2016-05-27 00:00:00,6.43,6.43,6.2,31.05,88963.0
2016-05-31 00:00:00,6.21,6.4799,6.2,31.4,158248.0
2016-06-01 00:00:00,6.32,6.32,6.0248,30.7,118321.0
2016-06-02 00:00:00,6.12,6.4,6.04,30.85,102606.0
2016-06-03 00:00:00,6.19,6.2,6.01,30.3,88755.0
2016-06-06 00:00:00,6.04,6.23,5.95,30.35,136983.0
2016-06-07 00:00:00,6.04,6.1,5.96,29.85,54558.0
2016-06-08 00:00:00,6.0,6.1,5.99,30.4,56925.0
2016-06-09 00:00:00,6.07,6.07,5.93,30.0,63768.0
2016-06-10 00:00:00,5.96,6.02,5.86,29.5,82955.0
2016-06-13 00:00:00,5.89,5.99,5.7516,28.95,169111.0
2016-06-14 00:00:00,5.79,5.8899,5.5,28.1,129936.0
2016-06-15 00:00:00,5.62,5.88,5.55,28.3,36160.0
2016-06-16 00:00:00,5.63,5.95,5.5,29.7,61117.0
2016-06-17 00:00:00,6.0,6.0,5.71,28.7,89363.0
2016-06-20 00:00:00,5.83,6.44,5.78,31.7,473771.0
2016-06-21 00:00:00,6.27,6.4242,5.82,30.3,201290.0
2016-06-22 00:00:00,6.1,6.14,5.91,29.6,60675.0
2016-06-23 00:00:00,5.98,6.14,5.85,30.5,96586.0
2016-06-24 00:00:00,5.87,6.06,5.76,29.6,52725.0
2016-06-27 00:00:00,5.85,5.88,5.56,28.4,98921.0
2016-06-28 00:00:00,5.74,6.0,5.67,29.9,70657.0
2016-06-29 00:00:00,6.01,6.08,5.955,30.25,72807.0
2016-06-30 00:00:00,6.1,6.33,6.0499,31.2,90054.0
2016-07-01 00:00:00,6.12,6.28,6.0,30.7,99184.0
2016-07-05 00:00:00,6.07,6.07,5.9601,30.1,50569.0
2016-07-06 00:00:00,6.01,6.02,5.73,29.2,132795.0
2016-07-07 00:00:00,5.85,5.93,5.66,28.9,117730.0
2016-07-08 00:00:00,5.83,5.9,5.61,28.65,168773.0
2016-07-11 00:00:00,5.7,5.9348,5.6,28.55,136877.0
2016-07-12 00:00:00,5.73,5.82,5.64,28.3,117732.0
2016-07-13 00:00:00,5.66,5.9399,5.52,27.7,106692.0
2016-07-14 00:00:00,5.55,5.92,5.54,28.65,204214.0
2016-07-15 00:00:00,5.75,5.775,5.55,27.95,129366.0
2016-07-18 00:00:00,5.59,5.64,5.5,28.0,77135.0
2016-07-19 00:00:00,5.6,5.728,5.5,27.65,52758.0
2016-07-20 00:00:00,5.58,5.68,5.46,27.45,50769.0
2016-07-21 00:00:00,5.47,5.59,5.45,27.25,79793.0
2016-07-22 00:00:00,5.45,5.62,5.411,28.0,54574.0
2016-07-25 00:00:00,5.64,5.75,5.55,28.5,59366.0
2016-07-26 00:00:00,5.69,5.9,5.66,29.3,75756.0
2016-07-27 00:00:00,5.87,5.95,5.82,29.2,45282.0
2016-07-28 00:00:00,5.82,5.96,5.801,29.75,49761.0
2016-07-29 00:00:00,5.95,6.18,5.82,30.5,81028.0
2016-08-01 00:00:00,6.1,6.18,5.65,28.8,126369.0
2016-08-02 00:00:00,5.82,5.9,5.66,28.55,53336.0
2016-08-03 00:00:00,5.7,5.86,5.66,28.95,30368.0
2016-08-04 00:00:00,5.8,6.134,5.8,30.1,49274.0
2016-08-05 00:00:00,6.05,6.13,6.0,30.05,46081.0
2016-08-08 00:00:00,6.05,6.32,6.021,31.005,110570.0
2016-08-09 00:00:00,6.17,6.21,5.84,29.75,78377.0
2016-08-10 00:00:00,5.94,6.13,5.8,29.3,146843.0
2016-08-11 00:00:00,4.98,5.1,4.31,24.25,864815.0
2016-08-12 00:00:00,4.71,4.8,4.61,23.3,192651.0
2016-08-15 00:00:00,4.6,4.75,4.51,23.7,203708.0
2016-08-16 00:00:00,4.71,4.89,4.5,22.75,156743.0
2016-08-17 00:00:00,4.54,4.58,4.51,22.75,123107.0
2016-08-18 00:00:00,4.5,4.5656,4.3,21.5,257878.0
2016-08-19 00:00:00,4.33,4.374,4.025,20.7,284161.0
2016-08-22 00:00:00,4.17,4.18,4.01,20.6,137575.0
2016-08-23 00:00:00,4.1,4.136,3.93,19.9,297284.0
2016-08-24 00:00:00,3.98,4.02,3.87,19.5,195872.0
2016-08-25 00:00:00,3.9,3.95,3.81,19.65,165162.0
2016-08-26 00:00:00,3.98,4.0,3.81,19.5,77178.0
2016-08-29 00:00:00,3.92,4.03,3.91,20.0,94245.0
2016-08-30 00:00:00,4.0,4.02,3.92,19.75,66129.0
2016-08-31 00:00:00,3.98,3.98,3.9,19.5,108978.0
2016-09-01 00:00:00,3.9,3.98,3.83,19.35,131644.0
2016-09-02 00:00:00,3.89,3.94,3.86,19.5,59745.0
2016-09-06 00:00:00,3.93,3.95,3.9,19.75,47134.0
2016-09-07 00:00:00,3.98,4.02,3.97,19.9,84955.0
2016-09-08 00:00:00,3.95,4.1,3.95,20.0,107876.0
2016-09-09 00:00:00,4.0,4.08,3.95,19.8,110690.0
2016-09-12 00:00:00,3.95,3.995,3.95,19.75,113213.0
2016-09-13 00:00:00,3.95,3.97,3.83,19.3,115079.0
2016-09-14 00:00:00,3.85,3.89,3.609,18.5,114926.0
2016-09-15 00:00:00,3.66,3.85,3.66,18.85,70293.0
2016-09-16 00:00:00,3.77,3.8,3.67,18.95,68821.0
2016-09-19 00:00:00,3.75,4.05,3.7483,19.15,115701.0
2016-09-20 00:00:00,3.83,3.94,3.8001,19.25,32916.0
2016-09-21 00:00:00,3.9,4.0,3.87,19.85,53694.0
2016-09-22 00:00:00,3.98,4.07,3.98,20.0,86870.0
2016-09-23 00:00:00,4.03,4.05,3.98,20.0,72119.0
2016-09-26 00:00:00,4.0,4.03,3.925,19.7,99579.0
2016-09-27 00:00:00,3.94,4.06,3.94,20.3,56141.0
2016-09-28 00:00:00,4.05,4.5675,4.05,22.5,163648.0
2016-09-29 00:00:00,4.85,5.5,4.57,24.1,694909.0
2016-09-30 00:00:00,4.96,5.21,4.87,24.45,103804.0
2016-10-03 00:00:00,4.94,5.3672,4.7652,25.8,240585.0
2016-10-04 00:00:00,5.27,5.34,4.9,25.15,181478.0
2016-10-05 00:00:00,5.0,5.0,4.65,23.7,104552.0
2016-10-06 00:00:00,4.71,4.79,4.53,22.9,58940.0
2016-10-07 00:00:00,4.58,4.72,4.5,22.6,45126.0
2016-10-10 00:00:00,4.51,4.68,4.44,22.25,47320.0
2016-10-11 00:00:00,4.4,4.4,4.15,20.9,60429.0
2016-10-12 00:00:00,4.2,4.3399,4.19,21.35,27978.0
2016-10-13 00:00:00,4.3,4.38,4.03,20.85,87595.0
2016-10-14 00:00:00,4.22,4.25,4.1473,21.0,26133.0
2016-10-17 00:00:00,4.22,4.59,4.21,22.65,93242.0
2016-10-18 00:00:00,4.58,4.655,4.4,22.8,35745.0
2016-10-19 00:00:00,4.59,4.6,4.35,21.9,40717.0
2016-10-20 00:00:00,4.47,4.4727,4.07,20.35,81157.0
2016-10-21 00:00:00,4.09,4.22,3.99,20.75,116033.0
2016-10-24 00:00:00,4.24,4.24,3.88,19.8,108037.0
2016-10-25 00:00:00,3.91,4.08,3.9,19.9,67654.0
2016-10-26 00:00:00,4.02,4.1199,4.0,20.15,21502.0
2016-10-27 00:00:00,4.08,4.28,3.95,21.35,69469.0
2016-10-28 00:00:00,4.2,4.42,4.05,20.9,60532.0
2016-10-31 00:00:00,4.2,4.2,3.97,20.45,23864.0
2016-11-01 00:00:00,4.06,4.06,3.93,19.8,58468.0
2016-11-02 00:00:00,3.93,3.97,3.83,19.7,58267.0
2016-11-03 00:00:00,3.51,3.64,2.95,16.2,249179.0
2016-11-04 00:00:00,3.2,3.31,3.03,16.45,95180.0
2016-11-07 00:00:00,3.37,3.41,3.16,16.2,54616.0
2016-11-08 00:00:00,3.24,3.58,3.2,17.9,64869.0
2016-11-09 00:00:00,3.38,3.98,3.3373,19.9,78788.0
2016-11-10 00:00:00,4.03,4.33,3.405,21.45,100974.0
2016-11-11 00:00:00,4.3,4.38,4.1201,21.65,56398.0
2016-11-14 00:00:00,4.4,4.65,4.2,23.2,224544.0
2016-11-15 00:00:00,4.62,4.75,4.45,23.7,79040.0
2016-11-16 00:00:00,4.63,4.99,4.49,23.9,86407.0
2016-11-17 00:00:00,4.91,5.15,4.9,24.8,104547.0
2016-11-18 00:00:00,5.02,5.17,4.65,25.4,125409.0
2016-11-21 00:00:00,5.16,5.31,4.88,25.6,110091.0
2016-11-22 00:00:00,5.13,5.32,4.98,25.35,58894.0
2016-11-23 00:00:00,5.03,5.1,4.87,25.3,44490.0
2016-11-25 00:00:00,5.1,5.13,4.96,25.25,10283.0
2016-11-28 00:00:00,5.04,5.04,4.81,24.45,38210.0
2016-11-29 00:00:00,4.89,4.97,4.7,23.6,32720.0
2016-11-30 00:00:00,4.81,4.93,4.68,24.25,48672.0
2016-12-01 00:00:00,4.9,5.24,4.7858,25.35,55747.0
2016-12-02 00:00:00,5.07,5.15,4.915,25.7,39001.0
2016-12-05 00:00:00,5.12,5.2,4.74,25.0,128298.0
2016-12-06 00:00:00,4.95,5.14,4.77,25.4,53835.0
2016-12-07 00:00:00,5.05,5.2,5.05,25.65,50232.0
2016-12-08 00:00:00,5.05,5.18,5.05,25.55,39817.0
2016-12-09 00:00:00,5.099,5.11,4.93,25.3,25555.0
2016-12-12 00:00:00,5.06,5.15,4.9,25.4,42952.0
2016-12-13 00:00:00,5.15,5.15,4.91,25.2,29944.0
2016-12-14 00:00:00,4.99,5.01,4.8498,24.35,58210.0
2016-12-15 00:00:00,4.83,4.92,4.75,24.15,24102.0
2016-12-16 00:00:00,4.8,4.94,4.74,24.55,59593.0
2016-12-19 00:00:00,4.89,4.91,4.73,24.35,51991.0
2016-12-20 00:00:00,4.93,4.93,4.74,23.85,37238.0
2016-12-21 00:00:00,4.75,4.75,4.33,21.95,101024.0
2016-12-22 00:00:00,4.44,4.5,4.29,21.6,35082.0
2016-12-23 00:00:00,4.3,4.485,4.27,22.0,20459.0
2016-12-27 00:00:00,4.35,4.6947,4.35,23.2,38438.0
2016-12-28 00:00:00,4.57,4.73,4.3,21.9,101027.0
2016-12-29 00:00:00,4.33,4.49,4.2832,21.675,68981.0
2016-12-30 00:00:00,4.3,4.48,4.2,21.25,68892.0
2017-01-03 00:00:00,4.26,4.49,4.2255,22.45,16756.0
2017-01-04 00:00:00,4.4356,5.09,4.39,24.8,80403.0
2017-01-05 00:00:00,4.98,5.0,4.75,24.9,35977.0
2017-01-06 00:00:00,4.88,5.05,4.76,25.2,23677.0
2017-01-09 00:00:00,5.05,5.1839,4.961,25.45,83162.0
2017-01-10 00:00:00,4.905,5.1,4.905,25.4,17532.0
2017-01-11 00:00:00,5.1,5.1,5.02,25.5,33612.0
2017-01-12 00:00:00,5.05,5.1025,5.03,25.375,34870.0
2017-01-13 00:00:00,5.13,5.17,5.01,25.3,57086.0
2017-01-17 00:00:00,5.05,5.05,4.8,24.0,35572.0
2017-01-18 00:00:00,4.78,4.9,4.74,23.75,21003.0
2017-01-19 00:00:00,4.72,4.87,4.68,23.7,42900.0
2017-01-20 00:00:00,4.79,4.818,4.66,23.75,18979.0
2017-01-23 00:00:00,4.7,4.86,4.5,22.65,43932.0
2017-01-24 00:00:00,4.51,4.95,4.51,23.3,23145.0
2017-01-25 00:00:00,4.6901,4.87,4.68,24.2,35144.0
2017-01-26 00:00:00,4.8,4.85,4.51,23.4,40786.0
2017-01-27 00:00:00,4.81,4.81,4.5501,23.7,13678.0
2017-01-30 00:00:00,4.65,4.705,4.5308,22.95,15457.0
2017-01-31 00:00:00,4.59,4.79,4.53,23.35,14033.0
2017-02-01 00:00:00,4.64,4.9,4.64,23.8,63083.0
2017-02-02 00:00:00,4.7,4.85,4.56,23.45,48035.0
2017-02-03 00:00:00,4.67,4.86,4.56,23.0,15763.0
2017-02-06 00:00:00,4.6,4.795,4.56,23.075,22791.0
2017-02-07 00:00:00,4.57,4.6217,4.53,22.7,11921.0
2017-02-08 00:00:00,4.52,4.75,4.465,23.0,95272.0
2017-02-09 00:00:00,4.625,4.661,4.5,22.55,26974.0
2017-02-10 00:00:00,4.49,4.65,4.49,22.9,22899.0
2017-02-13 00:00:00,4.63,4.63,4.5,22.6,34198.0
2017-02-14 00:00:00,4.6479,4.674,4.35,21.9,62237.0
2017-02-15 00:00:00,4.42,4.73,4.41,23.0,93885.0
2017-02-16 00:00:00,4.6,4.8,4.52,23.55,132732.0
2017-02-17 00:00:00,4.73,4.77,4.5,22.5,85640.0
2017-02-21 00:00:00,4.35,4.4894,3.8,19.6,297645.0
2017-02-22 00:00:00,3.8,3.9299,3.65,18.55,170099.0
2017-02-23 00:00:00,3.61,3.94,3.49,18.55,194783.0
2017-02-24 00:00:00,3.65,3.89,3.65,18.4,64908.0
2017-02-27 00:00:00,3.65,3.7594,3.43,17.15,113057.0
2017-02-28 00:00:00,3.49,3.53,3.03,15.45,182725.0
2017-03-01 00:00:00,3.19,3.3,3.102,16.0,100292.0
2017-03-02 00:00:00,3.2,3.375,3.18,16.3,78048.0
2017-03-03 00:00:00,3.23,3.27,3.12,15.85,61778.0
2017-03-06 00:00:00,3.17,3.18,3.11,15.7,50337.0
2017-03-07 00:00:00,3.2,3.21,3.11,16.0,66952.0
2017-03-08 00:00:00,3.17,3.2,3.12,15.75,34768.0
2017-03-09 00:00:00,3.16,3.305,3.1,15.55,64818.0
2017-03-10 00:00:00,3.14,3.15,3.119,15.7,27292.0
2017-03-13 00:00:00,3.18,3.22,3.13,15.7,37411.0
2017-03-14 00:00:00,3.18,3.2,3.13,15.85,46180.0
2017-03-15 00:00:00,3.15,3.48,3.15,16.9,49528.0
2017-03-16 00:00:00,3.45,3.4604,3.31,16.9,10522.0
2017-03-17 00:00:00,3.38,3.73,3.21,17.8,92130.0
2017-03-20 00:00:00,3.559,3.76,3.52,18.4,84441.0
2017-03-21 00:00:00,3.65,3.66,3.27,17.25,75028.0
2017-03-22 00:00:00,3.44,3.64,3.13,16.7,140040.0
2017-03-23 00:00:00,3.464,3.464,3.16,16.25,30334.0
2017-03-24 00:00:00,3.2596,3.2596,3.15,16.05,26902.0
2017-03-27 00:00:00,3.17,3.1975,3.1,15.65,20410.0
2017-03-28 00:00:00,3.17,3.28,3.11,15.85,43111.0
2017-03-29 00:00:00,3.15,3.24,3.1,15.85,16737.0
2017-03-30 00:00:00,3.12,3.47,3.12,16.35,92425.0
2017-03-31 00:00:00,3.22,3.55,3.15,16.45,83343.0
2017-04-03 00:00:00,3.35,3.4817,3.16,15.85,56506.0
2017-04-04 00:00:00,3.13,3.23,3.06,15.35,25342.0
2017-04-05 00:00:00,3.05,3.2117,3.02,15.15,48429.0
2017-04-06 00:00:00,3.09,3.24,3.03,15.9,18396.0
2017-04-07 00:00:00,3.1901,3.33,3.0801,15.5,40328.0
2017-04-10 00:00:00,3.14,3.16,3.06,15.6,12494.0
2017-04-11 00:00:00,3.1797,3.22,3.03,15.25,26898.0
2017-04-12 00:00:00,3.03,3.25,3.03,16.15,23091.0
2017-04-13 00:00:00,3.09,3.2416,3.064,15.55,17418.0
2017-04-17 00:00:00,3.13,3.17,3.08,15.8,6874.0
2017-04-18 00:00:00,3.15,3.17,3.12,15.75,13593.0
2017-04-19 00:00:00,3.15,3.29,3.1096,16.2,39251.0
2017-04-20 00:00:00,3.24,3.29,3.22,16.35,24069.0
2017-04-21 00:00:00,3.2,3.25,3.05,15.6,15429.0
2017-04-24 00:00:00,3.13,3.255,3.06,15.55,23487.0
2017-04-25 00:00:00,3.15,3.15,3.03,15.25,25426.0
2017-04-26 00:00:00,3.07,3.26,3.065,15.65,51490.0
2017-04-27 00:00:00,3.1,3.24,3.08,15.4,12739.0
2017-04-28 00:00:00,3.08,3.09,3.07,15.45,13522.0
2017-05-01 00:00:00,3.05,3.09,2.84,14.3,59286.0
2017-05-02 00:00:00,2.81,2.86,2.75,14.0,54099.0
2017-05-03 00:00:00,2.77,2.775,2.53,13.1,88135.0
2017-05-04 00:00:00,2.7,2.72,2.4508,13.55,123984.0
2017-05-05 00:00:00,2.71,3.52,2.6961,16.95,258190.0
2017-05-08 00:00:00,3.32,3.38,3.048,15.65,87726.0
2017-05-09 00:00:00,3.13,3.24,3.04,16.125,23365.0
2017-05-10 00:00:00,3.22,3.24,3.1201,16.05,15683.0
2017-05-11 00:00:00,3.19,3.32,3.07,15.45,27802.0
2017-05-12 00:00:00,3.08,3.21,3.05,15.475,18384.0
2017-05-15 00:00:00,3.06,3.27,3.0504,16.1,21239.0
2017-05-16 00:00:00,3.17,3.28,3.13,15.75,24876.0
2017-05-17 00:00:00,3.14,3.28,3.14,16.2,8677.0
2017-05-18 00:00:00,3.11,3.21,3.11,15.8,7746.0
2017-05-19 00:00:00,3.12,3.2,3.12,15.9,23957.0
2017-05-22 00:00:00,3.15,3.2,3.15,15.95,13211.0
2017-05-23 00:00:00,3.17,3.32,3.17,16.6,41285.0
2017-05-24 00:00:00,3.32,3.48,3.2139,17.15,68068.0
2017-05-25 00:00:00,3.33,3.38,3.2601,16.7,21892.0
2017-05-26 00:00:00,3.279,3.34,3.279,16.6,6373.0
2017-05-30 00:00:00,3.48,3.48,3.16,15.85,54618.0
2017-05-31 00:00:00,3.16,3.4,3.0501,16.1,33116.0
2017-06-01 00:00:00,3.2,3.2833,3.12,15.8,14180.0
2017-06-02 00:00:00,3.17,3.28,3.05,15.8,23085.0
2017-06-05 00:00:00,3.17,3.25,3.14,15.9,22289.0
2017-06-06 00:00:00,3.16,3.24,3.05,15.85,40935.0
2017-06-07 00:00:00,3.2,3.2,3.01,15.15,20033.0
2017-06-08 00:00:00,3.1,3.13,2.87,15.0005,15977.0
2017-06-09 00:00:00,2.96,3.04,2.85,14.25,25111.0
2017-06-12 00:00:00,2.84,2.93,2.82,14.3,25473.0
2017-06-13 00:00:00,2.9,3.0,2.82,15.0,19411.0
2017-06-14 00:00:00,3.0,3.19,2.9,15.45,71200.0
2017-06-15 00:00:00,3.01,3.14,2.92,14.75,19415.0
2017-06-16 00:00:00,2.93,3.0,2.79,14.25,59054.0
2017-06-19 00:00:00,2.8258,2.85,2.7,13.6,55622.0
2017-06-20 00:00:00,2.75,2.85,2.69,14.05,29488.0
2017-06-21 00:00:00,2.81,2.9,2.32,12.1065,169755.0
2017-06-22 00:00:00,2.42,2.48,2.33,12.1,63785.0
2017-06-23 00:00:00,2.45,2.47,2.3531,12.25,59030.0
2017-06-26 00:00:00,2.46,2.6,2.46,12.85,43817.0
2017-06-27 00:00:00,2.55,2.5575,2.35,12.4,43203.0
2017-06-28 00:00:00,2.43,2.65,2.43,12.7,25217.0
2017-06-29 00:00:00,2.69,2.69,2.5121,12.65,16317.0
2017-06-30 00:00:00,2.71,2.71,2.52,13.15,18037.0
2017-07-03 00:00:00,2.6039,2.6039,2.43,12.25,10971.0
2017-07-05 00:00:00,2.41,2.545,2.3969,12.4,46355.0
2017-07-06 00:00:00,2.58,2.58,2.4,12.1,13623.0
2017-07-07 00:00:00,2.485,2.56,2.41,12.05,3244.0
2017-07-10 00:00:00,2.36,2.455,2.32,11.6,19281.0
2017-07-11 00:00:00,2.31,2.39,2.25,11.3,28131.0
2017-07-12 00:00:00,2.25,2.365,2.16,11.25,39958.0
2017-07-13 00:00:00,2.29,2.29,2.17,11.1,10918.0
2017-07-14 00:00:00,2.19,2.29,2.04,11.0,38972.0
2017-07-17 00:00:00,2.23,2.28,2.22,11.3,29942.0
2017-07-18 00:00:00,2.22,2.27,2.21,11.35,26920.0
2017-07-19 00:00:00,2.25,2.27,2.15,11.1,27132.0
2017-07-20 00:00:00,2.19,2.28,2.16,11.0,14657.0
2017-07-21 00:00:00,2.16,2.28,2.16,11.1,45300.0
2017-07-24 00:00:00,2.2,2.35,2.2,11.55,26490.0
2017-07-25 00:00:00,2.28,2.33,2.2,11.25,16338.0
2017-07-26 00:00:00,2.23,2.3,2.15,11.5,28549.0
2017-07-27 00:00:00,2.28,2.29,2.18,11.15,80892.0
2017-07-28 00:00:00,2.16,2.29,2.16,11.35,53610.0
2017-07-31 00:00:00,2.1647,2.24,2.16,10.9,10326.0
2017-08-01 00:00:00,2.195,2.22,1.911,10.0,73584.0
2017-08-02 00:00:00,2.0,2.035,1.8875,9.6,39169.0
2017-08-03 00:00:00,1.89,1.92,1.51,8.8,111023.0
2017-08-04 00:00:00,1.77,1.8669,1.76,9.25,47910.0
2017-08-07 00:00:00,1.85,1.8999,1.76,8.95,59324.0
2017-08-08 00:00:00,1.81,1.84,1.8036,9.1,45409.0
2017-08-09 00:00:00,1.9,2.2,1.9,10.05,72107.0
2017-08-10 00:00:00,2.02,2.09,1.791,9.75,38711.0
2017-08-11 00:00:00,1.95,1.9702,1.94,9.85,41016.0
2017-08-14 00:00:00,2.02,2.31,2.02,10.9,62649.0
2017-08-15 00:00:00,2.17,2.27,2.08,10.95,9539.0
2017-08-16 00:00:00,2.2,2.267,2.0,10.2,30393.0
2017-08-17 00:00:00,2.02,2.169,2.0,10.05,17237.0
2017-08-18 00:00:00,2.043,2.12,1.99,9.95,15442.0
2017-08-21 00:00:00,1.97,2.04,1.92,9.75,2749.0
2017-08-22 00:00:00,1.95,2.15,1.95,10.05,14078.0
2017-08-23 00:00:00,2.03,2.1299,1.96,10.3,25545.0
2017-08-24 00:00:00,2.04,2.04,1.88,9.6,56342.0
2017-08-25 00:00:00,1.92,2.0,1.8,9.5,35873.0
2017-08-28 00:00:00,1.94,2.0,1.75,9.25,32893.0
2017-08-29 00:00:00,1.89,1.93,1.8,9.525,27954.0
2017-08-30 00:00:00,1.87,1.92,1.815,9.25,21929.0
2017-08-31 00:00:00,1.88,1.8899,1.79,8.95,38511.0
2017-09-01 00:00:00,1.75,1.99,1.75,9.75,71475.0
2017-09-05 00:00:00,1.93,2.0,1.85,9.7505,29429.0
2017-09-06 00:00:00,1.94,1.99,1.9,9.55,9000.0
2017-09-07 00:00:00,1.99,2.04,1.94,9.7,32574.0
2017-09-08 00:00:00,1.96,1.98,1.86,9.3,19344.0
2017-09-11 00:00:00,1.95,2.03,1.8703,9.85,41125.0
2017-09-12 00:00:00,2.0,2.2,1.93,11.0,53932.0
2017-09-13 00:00:00,2.2,2.27,2.17,11.05,26252.0
2017-09-14 00:00:00,2.25,2.77,2.2284,13.8,113735.0
2017-09-15 00:00:00,2.76,3.24,2.44,12.4,88402.0
2017-09-18 00:00:00,2.35,2.5818,2.35,12.7,34144.0
2017-09-19 00:00:00,2.5651,2.6,2.35,12.45,37368.0
2017-09-20 00:00:00,2.45,2.5599,2.381,12.4,16268.0
2017-09-21 00:00:00,2.45,2.5393,2.44,12.4,18279.0
2017-09-22 00:00:00,2.5,2.73,2.48,13.55,36040.0
2017-09-25 00:00:00,2.75,2.8482,2.54,13.0,44116.0
2017-09-26 00:00:00,2.56,2.79,2.49,13.55,35585.0
2017-09-27 00:00:00,2.78,2.78,2.57,13.1,23552.0
2017-09-28 00:00:00,2.61,2.73,2.5617,13.55,22673.0
2017-09-29 00:00:00,2.74,2.75,2.6969,13.65,12185.0
2017-10-02 00:00:00,2.68,2.75,2.68,13.45,7079.0
2017-10-03 00:00:00,2.7,2.79,2.7,13.55,36646.0
2017-10-04 00:00:00,2.69,2.79,2.68,13.45,10882.0
2017-10-05 00:00:00,2.68,2.73,2.61,13.1,13621.0
2017-10-06 00:00:00,2.656,2.74,2.5901,13.65,35466.0
2017-10-09 00:00:00,2.65,2.725,2.63,13.35,13686.0
2017-10-10 00:00:00,2.68,2.7,2.55,12.8,20985.0
2017-10-11 00:00:00,2.56,2.655,2.51,13.15,16860.0
2017-10-12 00:00:00,2.59,2.6786,2.54,12.7,7690.0
2017-10-13 00:00:00,2.59,2.69,2.56,13.05,6058.0
2017-10-16 00:00:00,2.58,2.6,2.5,12.8,12763.0
2017-10-17 00:00:00,2.52,2.6,2.41,12.45,6309.0
2017-10-18 00:00:00,2.46,2.55,2.2501,11.35,83451.0
2017-10-19 00:00:00,2.27,2.41,2.15,10.9,26844.0
2017-10-20 00:00:00,2.17,2.29,2.15,11.0,24576.0
2017-10-23 00:00:00,2.16,2.19,2.15,10.75,12074.0
2017-10-24 00:00:00,2.33,2.33,2.08,10.775,14564.0
2017-10-25 00:00:00,2.21,2.5792,2.14,12.25,55525.0
2017-10-26 00:00:00,2.39,2.41,2.29,11.65,7633.0
2017-10-27 00:00:00,2.34,2.475,2.34,12.1,10633.0
2017-10-30 00:00:00,2.42,2.53,2.42,12.65,8912.0
2017-10-31 00:00:00,2.49,2.7,2.46,12.8,19264.0
2017-11-01 00:00:00,2.6,2.65,2.56,13.25,5578.0
2017-11-02 00:00:00,2.62,2.675,2.54,12.7,26038.0
2017-11-03 00:00:00,2.0,2.7088,2.0,12.45,9980.0
2017-11-06 00:00:00,2.49,2.92,2.49,14.5,47196.0
2017-11-07 00:00:00,2.88,2.899,2.65,13.9,20833.0
2017-11-08 00:00:00,2.86,2.98,2.62,14.9,71404.0
2017-11-09 00:00:00,2.99,3.1,2.8,14.4,32447.0
2017-11-10 00:00:00,2.91,2.91,2.73,14.275,13543.0
2017-11-13 00:00:00,2.82,2.86,2.54,13.35,26449.0
2017-11-14 00:00:00,2.63,2.75,2.5035,13.6,27747.0
2017-11-15 00:00:00,2.73,2.89,2.6,13.65,31903.0
2017-11-16 00:00:00,2.69,2.86,2.5,13.3,26581.0
2017-11-17 00:00:00,2.62,2.89,2.57,14.25,7859.0
2017-11-20 00:00:00,2.87,2.92,2.6,13.95,39004.0
2017-11-21 00:00:00,2.8,2.9,2.6076,13.55,25603.0
2017-11-22 00:00:00,2.67,2.79,2.61,13.3,21941.0
2017-11-24 00:00:00,2.64,2.85,2.64,14.2,20861.0
2017-11-27 00:00:00,2.8,3.1392,2.8,15.0,101547.0
2017-11-28 00:00:00,3.03,3.05,2.8,14.0,25688.0
2017-11-29 00:00:00,2.8,2.89,2.7191,14.4,21932.0
2017-11-30 00:00:00,2.84,2.84,2.6397,13.6,29971.0
2017-12-01 00:00:00,2.77,3.4633,2.65,14.2,337447.0
2017-12-04 00:00:00,2.82,2.82,2.451,13.45,54457.0
2017-12-05 00:00:00,2.66,2.72,2.5,13.25,26065.0
2017-12-06 00:00:00,2.63,2.75,2.63,13.25,34546.0
2017-12-07 00:00:00,2.62,2.69,2.52,13.45,29141.0
2017-12-08 00:00:00,2.67,2.78,2.65,13.35,25563.0
2017-12-11 00:00:00,2.63,2.69,2.63,13.15,25641.0
2017-12-12 00:00:00,2.63,2.7,2.53,13.15,65076.0
2017-12-13 00:00:00,2.58,2.6,2.321,12.35,97230.0
2017-12-14 00:00:00,2.3525,2.48,2.3525,12.2,13458.0
2017-12-15 00:00:00,2.45,2.4707,2.37,12.35,19270.0
2017-12-18 00:00:00,2.48,2.55,2.4201,12.25,21817.0
2017-12-19 00:00:00,2.43,2.62,2.41,12.3,28172.0
2017-12-20 00:00:00,2.46,2.52,2.3144,11.735,40422.0
2017-12-21 00:00:00,2.32,2.46,2.32,12.0,18794.0
2017-12-22 00:00:00,2.44,2.75,2.35,12.8,95135.0
2017-12-26 00:00:00,2.63,2.74,2.55,12.85,53389.0
2017-12-27 00:00:00,2.5,2.6,2.4794,12.9,46436.0
2017-12-28 00:00:00,2.52,2.63,2.46,12.65,29755.0
2017-12-29 00:00:00,2.53,2.6532,2.45,12.25,57850.0
2018-01-02 00:00:00,2.45,2.57,2.43,12.3,42500.0
2018-01-03 00:00:00,2.48,2.75,2.48,13.575,30369.0
2018-01-04 00:00:00,2.75,3.1,2.67,15.1,202478.0
2018-01-05 00:00:00,3.05,3.43,3.02,16.5,154079.0
2018-01-08 00:00:00,3.33,3.43,3.2354,16.45,15580.0
2018-01-09 00:00:00,3.26,3.33,3.15,16.0,30378.0
2018-01-10 00:00:00,3.22,3.22,3.02,15.95,8527.0
2018-01-11 00:00:00,3.16,3.45,3.12,16.1,20111.0
2018-01-12 00:00:00,3.25,3.302,3.0,15.4,24551.0
2018-01-16 00:00:00,3.04,3.11,3.0,15.2,40964.0
2018-01-17 00:00:00,3.02,3.07,3.0,15.0,27419.0
2018-01-18 00:00:00,2.875,3.09,2.87,14.9,7817.0
2018-01-19 00:00:00,2.94,2.99,2.87,14.35,10594.0
2018-01-22 00:00:00,2.8714,2.8714,2.6672,14.1,17607.0
2018-01-23 00:00:00,2.82,2.995,2.82,14.55,6618.0
2018-01-24 00:00:00,2.91,3.1,2.77,14.55,10308.0
2018-01-25 00:00:00,2.94,2.96,2.7516,14.05,27918.0
2018-01-26 00:00:00,2.82,3.05,2.75,14.55,22235.0
2018-01-29 00:00:00,2.94,2.94,2.85,14.25,4738.0
2018-01-30 00:00:00,2.8221,2.87,2.805,14.05,3151.0
2018-01-31 00:00:00,2.84,2.84,2.68,13.6,18153.0
2018-02-01 00:00:00,2.84,2.84,2.7893,14.05,1245.0
2018-02-02 00:00:00,2.68,2.77,2.66,13.3,3219.0
2018-02-05 00:00:00,2.65,2.79,2.64,13.2,5951.0
2018-02-06 00:00:00,2.6,2.63,2.5,12.55,45716.0
2018-02-07 00:00:00,2.49,2.72,2.45,12.25,12336.0
2018-02-08 00:00:00,2.62,2.62,2.515,12.697,5566.0
2018-02-09 00:00:00,2.54,2.54,2.15,11.05,85162.0
2018-02-12 00:00:00,2.36,2.43,2.3,11.65,17588.0
2018-02-13 00:00:00,2.32,2.57,2.295,12.2,21648.0
2018-02-14 00:00:00,2.33,2.59,2.33,12.5,2914.0
2018-02-15 00:00:00,2.56,2.6,2.505,12.95,6625.0
2018-02-16 00:00:00,2.59,2.69,2.5474,13.4,11584.0
2018-02-20 00:00:00,2.62,2.99,2.5918,13.5,19101.0
2018-02-21 00:00:00,2.79,2.9409,2.67,14.5495,21959.0
2018-02-22 00:00:00,2.9,2.9,2.55,12.8,69455.0
2018-02-23 00:00:00,2.635,2.68,2.515,12.892,8478.0
2018-02-26 00:00:00,2.54,2.585,2.45,12.4,13024.0
2018-02-27 00:00:00,2.46,2.63,2.46,12.95,5041.0
2018-02-28 00:00:00,2.4,2.61,2.4,12.8,3460.0
2018-03-01 00:00:00,2.56,2.61,2.46,12.475,10732.0
2018-03-02 00:00:00,2.49,2.51,2.41,12.45,3579.0
2018-03-05 00:00:00,2.47,2.61,2.45,12.75,15052.0
2018-03-06 00:00:00,2.59,2.61,2.538,12.85,5894.0
2018-03-07 00:00:00,2.6,2.61,2.5,12.75,5485.0
2018-03-08 00:00:00,2.57,2.65,2.555,13.2,5731.0
2018-03-09 00:00:00,2.66,2.825,2.5674,13.95,16088.0
2018-03-12 00:00:00,2.75,2.83,2.54,12.7,10896.0
2018-03-13 00:00:00,2.57,2.8,2.57,13.1,10246.0
2018-03-14 00:00:00,2.64,2.77,2.6139,13.1,9237.0
2018-03-15 00:00:00,2.62,2.66,2.62,13.1,10638.0
2018-03-16 00:00:00,2.65,2.66,2.61,13.2,9341.0
2018-03-19 00:00:00,2.63,2.64,2.52,12.6,18152.0
2018-03-20 00:00:00,2.59,2.65,2.52,13.1,9651.0
2018-03-21 00:00:00,2.63,2.643,2.601,13.1,7492.0
2018-03-22 00:00:00,2.605,2.67,2.55,13.195,2356.0
2018-03-23 00:00:00,2.54,2.67,2.54,13.05,3067.0
2018-03-26 00:00:00,2.61,2.61,2.3618,12.0,17721.0
2018-03-27 00:00:00,2.351,2.39,2.34,11.814,9394.0
2018-03-28 00:00:00,2.37,2.4,2.3546,11.9,9249.0
2018-03-29 00:00:00,2.63,2.63,2.4048,12.75,7055.0
2018-04-02 00:00:00,2.55,2.56,2.39,12.45,11264.0
2018-04-03 00:00:00,2.45,2.56,2.44,12.2,18038.0
2018-04-04 00:00:00,2.4947,2.55,2.2701,12.2,6098.0
2018-04-05 00:00:00,2.33,2.38,2.18,11.25,25711.0
2018-04-06 00:00:00,2.19,2.29,2.15,10.95,12057.0
2018-04-09 00:00:00,2.2638,2.2638,2.15,11.15,25351.0
2018-04-10 00:00:00,2.19,2.35,2.19,11.6,26947.0
2018-04-11 00:00:00,2.34,2.55,2.311,11.7505,17055.0
2018-04-12 00:00:00,2.32,2.5759,2.32,12.25,4272.0
2018-04-13 00:00:00,2.48,2.5,2.46,12.35,5168.0
2018-04-16 00:00:00,2.3,2.49,2.3,12.45,2364.0
2018-04-17 00:00:00,2.5,2.5,2.3223,12.45,8200.0
2018-04-18 00:00:00,2.5,2.5,2.45,12.25,806.0
2018-04-19 00:00:00,2.47,2.4899,2.4,12.4,851.0
2018-04-20 00:00:00,2.46,2.68,2.425,13.35,10712.0
2018-04-23 00:00:00,2.6,2.8,2.6,13.6,56637.0
2018-04-24 00:00:00,2.73,2.7387,2.511,13.5,10484.0
2018-04-25 00:00:00,2.72,2.72,2.64,13.2,2621.0
2018-04-26 00:00:00,2.65,2.9,2.575,13.95,69157.0
2018-04-27 00:00:00,2.81,2.87,2.75,14.15,31987.0
2018-04-30 00:00:00,2.85,2.85,2.63,13.4,6920.0
2018-05-01 00:00:00,2.74,2.78,2.53,12.65,38769.0
2018-05-02 00:00:00,2.58,2.58,2.35,11.8,11616.0
2018-05-03 00:00:00,2.4121,2.4162,2.26,11.4,20910.0
2018-05-04 00:00:00,2.45,2.45,2.2491,11.575,5087.0
2018-05-07 00:00:00,2.36,2.45,2.36,11.85,1294.0
2018-05-08 00:00:00,2.36,2.36,2.27,11.35,8034.0
2018-05-09 00:00:00,2.27,2.2992,2.222,11.4,13564.0
2018-05-10 00:00:00,2.315,2.3648,2.27,11.4,19436.0
2018-05-11 00:00:00,2.32,2.33,2.2715,11.6,6810.0
2018-05-14 00:00:00,2.28,2.31,2.28,11.495,6789.0
2018-05-15 00:00:00,2.28,2.3,2.2701,11.4,4628.0
2018-05-16 00:00:00,2.29,2.3,2.29,11.45,3939.0
2018-05-17 00:00:00,2.3,2.31,2.24,11.2,11280.0
2018-05-18 00:00:00,2.2582,2.28,2.24,11.325,6734.0
2018-05-21 00:00:00,2.27,2.28,2.25,11.25,6973.0
2018-05-22 00:00:00,2.26,2.26,2.1614,10.85,4753.0
2018-05-23 00:00:00,2.19,2.19,2.16,10.85,4028.0
2018-05-24 00:00:00,2.1842,2.22,2.1842,11.1,2958.0
2018-05-25 00:00:00,2.205,2.205,2.17,10.9,7444.0
2018-05-29 00:00:00,2.171,2.47,2.171,11.95,36897.0
2018-05-30 00:00:00,2.45,2.45,2.35,11.95,28501.0
2018-05-31 00:00:00,2.43,2.43,2.23,12.025,3531.0
2018-06-01 00:00:00,2.3,2.3073,2.24,11.35,7056.0
2018-06-04 00:00:00,2.24,2.44,2.24,11.75,10362.0
2018-06-05 00:00:00,2.4,2.42,2.39,12.0,7396.0
2018-06-06 00:00:00,2.41,2.54,2.37,12.05,13990.0
2018-06-07 00:00:00,2.45,2.4824,2.41,12.075,11231.0
2018-06-08 00:00:00,2.5,2.5249,2.39,12.2,7589.0
2018-06-11 00:00:00,2.46,2.46,2.2,11.408,21843.0
2018-06-12 00:00:00,2.33,2.33,2.31,11.65,2391.0
2018-06-13 00:00:00,2.3,2.35,2.2873,11.75,10494.0
2018-06-14 00:00:00,2.34,2.35,2.265,11.35,3888.0
2018-06-15 00:00:00,2.25,2.33,2.18,11.2,12259.0
2018-06-18 00:00:00,2.25,2.3,2.21,11.4,8160.0
2018-06-19 00:00:00,2.22,2.2404,2.18,10.95,4785.0
2018-06-20 00:00:00,2.22,2.22,2.18,11.095,5896.0
2018-06-21 00:00:00,2.18,2.23,2.18,11.0,2180.0
2018-06-22 00:00:00,2.23,2.23,2.02,10.1,32387.0
2018-06-25 00:00:00,2.11,2.18,1.84,9.7,33365.0
2018-06-26 00:00:00,1.97,1.97,1.94,9.7,6343.0
2018-06-27 00:00:00,1.94,2.0,1.94,9.85,9305.0
2018-06-28 00:00:00,1.94,2.0499,1.94,10.05,3881.0
2018-06-29 00:00:00,1.85,1.94,1.78,9.5,51981.0
2018-07-02 00:00:00,1.801,1.87,1.801,9.05,9596.0
2018-07-03 00:00:00,1.852,1.95,1.81,9.2,13032.0
2018-07-05 00:00:00,1.87,1.959,1.87,9.5,12771.0
2018-07-06 00:00:00,1.93,2.13,1.93,10.2,19086.0
2018-07-09 00:00:00,2.1,2.23,2.0,10.5,27668.0
2018-07-10 00:00:00,2.14,2.2,2.14,10.85,11704.0
2018-07-11 00:00:00,2.2,2.29,2.122,10.68,13005.0
2018-07-12 00:00:00,2.07,2.2,2.07,10.7,17256.0
2018-07-13 00:00:00,2.17,2.17,2.107,10.7,4063.0
2018-07-16 00:00:00,2.18,2.18,2.051,10.55,6454.0
2018-07-17 00:00:00,2.11,2.19,2.1,10.5,5171.0
2018-07-18 00:00:00,2.21,2.21,2.2,11.0,901.0
2018-07-19 00:00:00,2.15,2.18,2.11,10.55,4224.0
2018-07-20 00:00:00,2.12,2.17,2.06,10.681,5373.0
2018-07-23 00:00:00,2.085,2.1428,2.085,10.7,6866.0
2018-07-24 00:00:00,2.12,2.12,2.05,10.25,4818.0
2018-07-25 00:00:00,2.05,2.05,1.981,10.024,3722.0
2018-07-26 00:00:00,2.04,2.16,2.0202,10.8,5086.0
2018-07-27 00:00:00,2.18,2.2,2.11,11.0,6491.0
2018-07-30 00:00:00,2.2,2.24,2.18,11.0905,20411.0
2018-07-31 00:00:00,2.19,2.28,2.13,11.4,6439.0
2018-08-01 00:00:00,2.29,2.399,2.15,10.75,29500.0
2018-08-02 00:00:00,2.37,2.37,2.16,11.0185,7576.0
2018-08-03 00:00:00,2.27,2.33,2.18,10.9,4891.0
2018-08-06 00:00:00,2.18,2.39,2.18,11.65,2978.0
2018-08-07 00:00:00,2.35,2.35,1.95,9.95,17915.0
2018-08-08 00:00:00,2.2238,2.25,2.06,10.75,19016.0
2018-08-09 00:00:00,2.1,2.25,2.0501,11.0,11153.0
2018-08-10 00:00:00,2.26,2.3,2.2,11.4,25405.0
2018-08-13 00:00:00,2.28,2.28,2.1,11.3,16123.0
2018-08-14 00:00:00,2.19,2.23,2.11,11.0,11602.0
2018-08-15 00:00:00,2.09,2.2,2.09,10.95,4122.0
2018-08-16 00:00:00,2.18,2.19,2.02,10.75,10340.0
2018-08-17 00:00:00,2.15,2.25,2.15,10.9,12734.0
2018-08-20 00:00:00,2.2,2.25,2.05,10.9,29484.0
2018-08-21 00:00:00,2.16,2.22,2.1,10.95,12795.0
2018-08-22 00:00:00,2.2,2.25,2.1944,11.25,3681.0
2018-08-23 00:00:00,2.22,2.25,2.15,11.1,6458.0
2018-08-24 00:00:00,2.225,2.25,2.19,10.95,2541.0
2018-08-27 00:00:00,2.2296,2.25,2.19,10.95,6642.0
2018-08-28 00:00:00,2.209,2.25,2.2,11.05,18081.0
2018-08-29 00:00:00,2.21,2.224,2.2,11.0,12481.0
2018-08-30 00:00:00,2.22,2.25,2.13,10.65,20880.0
2018-08-31 00:00:00,2.2,2.2,2.1345,10.95,4130.0
2018-09-04 00:00:00,2.15,2.33,2.15,11.6,18600.0
2018-09-05 00:00:00,2.299,2.3,2.2531,11.5,1150.0
2018-09-06 00:00:00,2.31,2.32,2.25,11.6,11805.0
2018-09-07 00:00:00,2.32,2.33,2.29,11.6,5392.0
2018-09-10 00:00:00,2.33,2.33,2.25,11.65,7174.0
2018-09-11 00:00:00,2.33,2.34,2.25,11.6,10104.0
2018-09-12 00:00:00,2.29,2.34,2.21,11.35,5498.0
2018-09-13 00:00:00,2.24,2.27,2.16,11.0,12640.0
2018-09-14 00:00:00,2.25,2.3,2.2,11.15,9042.0
2018-09-17 00:00:00,2.2,2.3,2.2,11.2,14794.0
2018-09-18 00:00:00,2.24,2.3,2.2101,11.0505,10184.0
2018-09-19 00:00:00,2.22,2.29,2.22,11.15,11905.0
2018-09-20 00:00:00,2.27,2.28,2.111,11.3,10991.0
2018-09-21 00:00:00,2.25,2.26,2.06,10.3,20758.0
2018-09-24 00:00:00,2.11,2.2099,2.11,10.825,7769.0
2018-09-25 00:00:00,2.18,2.18,2.0,10.725,9707.0
2018-09-26 00:00:00,2.16,2.17,2.11,10.7,9707.0
2018-09-27 00:00:00,2.12,2.1394,2.04,10.2,19616.0
2018-09-28 00:00:00,2.02,2.2,2.02,10.25,9217.0
2018-10-01 00:00:00,2.05,2.18,2.0,10.15,4280.0
2018-10-02 00:00:00,2.0,2.07,1.95,10.3,12578.0
2018-10-03 00:00:00,2.01,2.12,1.94,10.2,8600.0
2018-10-04 00:00:00,1.99,2.12,1.99,10.05,8327.0
2018-10-05 00:00:00,2.0,2.1,1.93,9.65,8426.0
2018-10-08 00:00:00,1.94,2.0,1.92,9.85,8536.0
2018-10-09 00:00:00,2.03,2.03,2.0027,10.1,1578.0
2018-10-10 00:00:00,1.98,2.02,1.85,9.4,41798.0
2018-10-11 00:00:00,1.85,1.88,1.8133,9.1,12407.0
2018-10-12 00:00:00,1.89,1.89,1.83,9.25,6011.0
2018-10-15 00:00:00,1.87,1.8775,1.79,8.95,13280.0
2018-10-16 00:00:00,1.79,1.8,1.76,8.8,32686.0
2018-10-17 00:00:00,1.76,1.78,1.75,8.75,18879.0
2018-10-18 00:00:00,1.74,1.76,1.6,8.15,8386.0
2018-10-19 00:00:00,1.62,1.62,1.47,7.6495,14705.0
2018-10-22 00:00:00,1.59,1.59,1.4,7.2,44507.0
2018-10-23 00:00:00,1.39,1.45,1.275,6.75,66478.0
2018-10-24 00:00:00,1.35,1.9186,1.35,7.05,80812.0
2018-10-25 00:00:00,1.42,1.52,1.42,7.25,15213.0
2018-10-26 00:00:00,1.45,1.4814,1.34,7.05,9612.0
2018-10-29 00:00:00,1.41,1.41,1.33,6.7,15905.0
2018-10-30 00:00:00,1.37,1.37,1.35,6.85,18124.0
2018-10-31 00:00:00,1.3627,1.3627,1.25,6.25,18641.0
2018-11-01 00:00:00,1.29,1.33,1.25,6.45,13478.0
2018-11-02 00:00:00,1.3,1.3844,1.3,6.5,22789.0
2018-11-05 00:00:00,1.32,1.33,1.185,6.3,17055.0
2018-11-06 00:00:00,1.29,1.39,1.1,5.65,76931.0
2018-11-07 00:00:00,1.2443,1.2443,1.02,5.75,54744.0
2018-11-08 00:00:00,1.19,1.3065,1.07,6.3,48943.0
2018-11-09 00:00:00,1.34,1.35,1.23,6.35,22724.0
2018-11-12 00:00:00,1.33,1.33,1.2,6.3,27500.0
2018-11-13 00:00:00,1.26,1.278,1.09,5.6,42236.0
2018-11-14 00:00:00,1.15,1.15,0.89,4.8005,62784.0
2018-11-15 00:00:00,1.0,1.06,0.97,4.8505,30213.0
2018-11-16 00:00:00,0.965,1.05,0.96,4.952,35819.0
2018-11-19 00:00:00,1.01,1.04,0.9278,5.0,42737.0
2018-11-20 00:00:00,1.03,1.05,0.9201,4.8505,22380.0
2018-11-21 00:00:00,1.03,1.2101,0.9489,5.4,109912.0
2018-11-23 00:00:00,1.24,1.33,1.15,5.95,78790.0
2018-11-26 00:00:00,1.2659,1.2834,1.15,5.95,34847.0
2018-11-27 00:00:00,1.23,1.25,1.1667,5.95,81001.0
2018-11-28 00:00:00,1.178,1.178,1.0011,5.5,95975.0
2018-11-29 00:00:00,1.0597,1.0729,1.0,5.05,24793.0
2018-11-30 00:00:00,1.0,1.02,0.99,4.95,51940.0
2018-12-03 00:00:00,1.03,1.03,0.99,4.95,12329.0
2018-12-04 00:00:00,0.99,1.0074,0.9823,4.95,13392.0
2018-12-06 00:00:00,0.99,0.99,0.97,4.85,13882.0
2018-12-07 00:00:00,0.99,1.02,0.97,4.85,10180.0
2018-12-10 00:00:00,0.97,1.0151,0.962,5.0,15842.0
2018-12-11 00:00:00,0.962,0.987,0.962,4.935,7010.0
2018-12-12 00:00:00,0.987,1.0299,0.939,4.7375,81277.0
2018-12-13 00:00:00,0.98,0.98,0.92,4.615,36110.0
2018-12-14 00:00:00,0.91,0.9154,0.702,4.069,84835.0
2018-12-17 00:00:00,0.87,0.87,0.702,3.705,81510.0
2018-12-18 00:00:00,0.742,0.83,0.7,3.5,66324.0
2018-12-19 00:00:00,0.76,0.76,0.692,3.46,35685.0
2018-12-20 00:00:00,0.7,0.7396,0.695,3.475,29874.0
2018-12-21 00:00:00,0.72,0.731,0.662,3.31,26254.0
2018-12-24 00:00:00,0.658,0.658,0.492,2.75,44550.0
2018-12-26 00:00:00,0.6,0.658,0.58,2.975,91315.0
2018-12-27 00:00:00,0.595,0.61,0.591,2.96,47670.0
2018-12-28 00:00:00,0.592,0.65,0.51,2.83,96317.0
2018-12-31 00:00:00,0.555,0.648,0.555,3.0935,68504.0
2019-01-02 00:00:00,0.6301,0.698,0.62,3.235,15857.0
2019-01-03 00:00:00,0.71,0.715,0.6991,3.5045,33662.0
2019-01-04 00:00:00,0.679,0.797,0.6775,3.797,43202.0
2019-01-07 00:00:00,0.745,0.809,0.7402,4.045,17713.0
2019-01-08 00:00:00,0.81,0.811,0.756,4.045,24700.0
2019-01-09 00:00:00,0.79,0.7951,0.77,3.92,7250.0
2019-01-10 00:00:00,0.77,0.77,0.7126,3.625,17769.0
2019-01-11 00:00:00,0.75,0.772,0.725,3.625,7711.0
2019-01-14 00:00:00,0.7344,0.772,0.730421,3.7575,5532.0
2019-01-15 00:00:00,0.75,0.772,0.75,3.86,6896.0
2019-01-16 00:00:00,0.7739,0.78,0.75,3.85,11088.0
2019-01-17 00:00:00,0.75,0.765,0.74,3.7,2466.0
2019-01-18 00:00:00,0.75,0.761,0.74,3.7005,4445.0
2019-01-22 00:00:00,0.75,0.75,0.7131,3.5655,21953.0
2019-01-23 00:00:00,0.738,0.738,0.71,3.65,6563.0
2019-01-24 00:00:00,0.71,0.738,0.71,3.618,859.0
2019-01-25 00:00:00,0.7236,0.728,0.7213,3.64,34384.0
2019-01-28 00:00:00,0.73,0.7651,0.72,3.65,10597.0
2019-01-29 00:00:00,0.76,0.81,0.732,4.05,18457.0
2019-01-30 00:00:00,0.84,0.9,0.8312,4.2,57227.0
2019-01-31 00:00:00,0.882,0.882,0.7406,4.25,57628.0
2019-02-01 00:00:00,0.8825,1.0,0.85,4.815,38588.0
2019-02-04 00:00:00,1.03,1.03,1.0,5.1,49426.0
2019-02-05 00:00:00,1.03,1.1,1.0114,5.125,63478.0
2019-02-06 00:00:00,1.05,1.089,1.0176,5.15,21193.0
2019-02-07 00:00:00,1.05,1.05,0.9721,4.96,41658.0
2019-02-08 00:00:00,1.0,1.0467,0.9814,5.0,19840.0
2019-02-11 00:00:00,1.04,1.09,1.0115,5.35,21862.0
2019-02-12 00:00:00,1.1,1.1,1.0301,5.3,18632.0
2019-02-13 00:00:00,1.08,1.11,1.0522,5.45,32986.0
2019-02-14 00:00:00,1.09,1.3802,1.09,6.5,130088.0
2019-02-15 00:00:00,1.32,1.45,1.29,6.65,125086.0
2019-02-19 00:00:00,1.36,1.36,1.2015,6.15,32454.0
2019-02-20 00:00:00,1.27,1.2702,1.13,5.65,42212.0
2019-02-21 00:00:00,1.14,1.21,1.1,5.8215,35761.0
2019-02-22 00:00:00,1.2,1.2,1.1,5.7175,14812.0
2019-02-25 00:00:00,1.2,1.2,1.18,5.95,21504.0
2019-02-26 00:00:00,1.2,1.21,1.1243,5.7,30711.0
2019-02-27 00:00:00,1.14,1.38,1.14,6.05,63105.0
2019-02-28 00:00:00,1.13,1.195,1.1162,5.825,32324.0
2019-03-01 00:00:00,1.13,1.19,1.13,5.7,20045.0
2019-03-04 00:00:00,1.19,1.1945,1.1,5.8,29537.0
2019-03-05 00:00:00,1.15,1.265,1.1,5.55,45329.0
2019-03-06 00:00:00,1.13,1.2342,1.13,5.95,18125.0
2019-03-07 00:00:00,1.2,1.2179,1.11,5.55,19567.0
2019-03-08 00:00:00,1.17,1.19,1.07,5.45,42044.0
2019-03-11 00:00:00,1.09,1.1507,1.0623,5.45,21183.0
2019-03-12 00:00:00,1.1,1.2,1.0849,5.9,71182.0
2019-03-13 00:00:00,1.18,1.24,1.142,6.05,37472.0
2019-03-14 00:00:00,1.2,1.25,1.2,6.25,27753.0
2019-03-15 00:00:00,1.25,1.2594,1.22,6.1,19100.0
2019-03-18 00:00:00,1.25,1.25,1.22,6.2,27973.0
2019-03-19 00:00:00,1.24,1.24,1.12,5.85,51397.0
2019-03-20 00:00:00,1.17,1.185,1.1667,5.8335,10337.0
2019-03-21 00:00:00,1.2,1.21,1.16,5.8,13276.0
2019-03-22 00:00:00,1.18,1.22,1.1603,6.1,21229.0
2019-03-25 00:00:00,1.23,1.24,1.1772,6.0,18660.0
2019-03-26 00:00:00,1.22,1.23,1.2,6.15,25224.0
2019-03-27 00:00:00,1.23,1.23,1.2,6.05,12355.0
2019-03-28 00:00:00,1.22,1.22,1.13,5.95,47670.0
2019-03-29 00:00:00,1.2,1.23,1.1913,6.1,34423.0
2019-04-01 00:00:00,1.21,1.32,1.15,5.75,164801.0
2019-04-02 00:00:00,0.5799,0.596,0.4811,2.55,1752154.0
2019-04-03 00:00:00,0.5227,0.561,0.5077,2.675,336356.0
2019-04-04 00:00:00,0.56,0.5999,0.487,2.5,679863.0
2019-04-05 00:00:00,0.548,0.5799,0.51,2.68,490007.0
2019-04-08 00:00:00,0.5628,0.69,0.5628,3.14,643927.0
2019-04-09 00:00:00,0.651,0.86,0.645,4.012,722090.0
2019-04-10 00:00:00,0.935,0.9399,0.7062,3.722,693702.0
2019-04-11 00:00:00,0.76,0.7975,0.75,3.8,128920.0
2019-04-12 00:00:00,0.798,0.8,0.71,3.683,197813.0
2019-04-15 00:00:00,0.7734,0.78,0.7,3.625,175569.0
2019-04-16 00:00:00,0.7499,0.7499,0.6843,3.4955,149290.0
2019-04-17 00:00:00,0.66,0.693,0.6213,3.157,154659.0
2019-04-18 00:00:00,0.6629,0.7299,0.635,3.1955,172024.0
2019-04-22 00:00:00,0.66,0.71,0.66,3.3895,81736.0
2019-04-23 00:00:00,0.7,0.71,0.65,3.2975,314690.0
2019-04-24 00:00:00,0.676,0.68,0.6301,3.1725,61417.0
2019-04-25 00:00:00,0.661,0.68,0.62,3.25,84075.0
2019-04-26 00:00:00,0.68,0.68,0.625,3.25,80438.0
2019-04-29 00:00:00,0.6778,0.6778,0.5901,3.1,118867.0
2019-04-30 00:00:00,0.64,0.6499,0.62,3.112,68376.0
2019-05-01 00:00:00,0.6315,0.6399,0.6,3.09008,41122.0
2019-05-02 00:00:00,0.5971,0.61,0.55,2.7995,66615.0
2019-05-03 00:00:00,0.58,0.63,0.58,3.048,50623.0
2019-05-06 00:00:00,0.63,0.65,0.5514,2.813,64056.0
2019-05-07 00:00:00,0.59,0.65,0.58,3.00031,96351.0
2019-05-08 00:00:00,0.6262,0.6262,0.5621,2.9505,51601.0
2019-05-09 00:00:00,0.6195,0.6195,0.5621,2.9595,17469.0
2019-05-10 00:00:00,0.56,0.591243,0.56,2.8005,27844.0
2019-05-13 00:00:00,0.5733,0.58,0.5,2.75,86463.0
2019-05-14 00:00:00,0.57,0.6,0.5413,2.85,37879.0
2019-05-15 00:00:00,0.5767,0.5767,0.54,2.7,39046.0
2019-05-16 00:00:00,0.54,0.568,0.528,2.65,103956.0
2019-05-17 00:00:00,0.55,0.55,0.48,2.575,95385.0
2019-05-20 00:00:00,0.52,0.52,0.45,2.4475,43636.0
2019-05-21 00:00:00,0.53,0.54,0.5,2.65,64637.0
2019-05-22 00:00:00,0.535,0.611501,0.49,2.75,448120.0
2019-05-23 00:00:00,0.5363,0.59,0.5,2.85,114040.0
2019-05-24 00:00:00,0.6,0.6,0.52,2.747,58876.0
2019-05-28 00:00:00,0.52,0.55,0.51,2.55,69230.0
2019-05-29 00:00:00,0.528175,0.5299,0.4504,2.396,71347.0
2019-05-30 00:00:00,0.4997,0.4997,0.46,2.3325,48778.0
2019-05-31 00:00:00,0.45,0.48,0.4301,2.1505,86929.0
2019-06-03 00:00:00,0.44,0.495,0.432,2.2895,265150.0
2019-06-04 00:00:00,0.47,0.475,0.45,2.35,29748.0
2019-06-05 00:00:00,0.47,0.4795,0.449,2.2895,40500.0
2019-06-06 00:00:00,0.4436,0.44921,0.405,2.05,103667.0
2019-06-07 00:00:00,0.42,0.47,0.42,2.2495,59400.0
2019-06-10 00:00:00,0.424,0.4798,0.42,2.25,73568.0
2019-06-11 00:00:00,0.46,0.4671,0.4207,2.11,44554.0
2019-06-12 00:00:00,0.43,0.4402,0.405,2.055,48030.0
2019-06-13 00:00:00,0.42,0.441,0.42,2.1095,10864.0
2019-06-14 00:00:00,0.44,0.45,0.422,2.15,130156.0
2019-06-17 00:00:00,0.45,0.76,0.44,2.45,4128987.0
2019-06-18 00:00:00,0.49,0.49,0.4053,2.299,393072.0
2019-06-19 00:00:00,0.4439,0.451,0.42,2.255,133443.0
2019-06-20 00:00:00,0.45,0.47203,0.43,2.25,130863.0
2019-06-21 00:00:00,0.4395,0.4524,0.4257,2.1285,40228.0
2019-06-24 00:00:00,0.4338,0.4498,0.42,2.15,72400.0
2019-06-25 00:00:00,0.43,0.43,0.4026,2.1245,67379.0
2019-06-26 00:00:00,0.44,0.44,0.3755,1.949,195508.0
2019-06-27 00:00:00,0.4,0.415,0.4,2.0315,27953.0
2019-06-28 00:00:00,0.38,0.4339,0.38,2.048,96796.0
2019-07-01 00:00:00,0.43,0.4301,0.400107,2.061,66372.0
2019-07-02 00:00:00,0.43,0.43,0.4,2.004,58325.0
2019-07-03 00:00:00,0.41,0.4199,0.4,2.0005,25005.0
2019-07-05 00:00:00,0.4,0.445,0.395,2.15,165580.0
2019-07-08 00:00:00,0.44,0.46,0.4036,2.2435,131288.0
2019-07-09 00:00:00,0.4599,0.4998,0.4401,2.4,392996.0
2019-07-10 00:00:00,0.48,0.52,0.45,2.25,160458.0
2019-07-11 00:00:00,0.4515,0.506793,0.4501,2.305935,267109.0
2019-07-12 00:00:00,0.45,0.4898,0.445,2.2505,31432.0
2019-07-15 00:00:00,0.458,0.4815,0.445,2.2375,52132.0
2019-07-16 00:00:00,0.4475,0.4698,0.4,2.1125,125025.0
2019-07-17 00:00:00,0.46,0.46,0.4155,2.25,31641.0
2019-07-18 00:00:00,0.45,0.45,0.425,2.2,25581.0
2019-07-19 00:00:00,0.44,0.44,0.425,2.133225,11500.0
2019-07-22 00:00:00,0.435,0.435,0.406,2.075,41443.0
2019-07-23 00:00:00,0.4272,0.4272,0.4105,2.053,25094.0
2019-07-24 00:00:00,0.41,0.4156,0.4,2.05,23294.0
2019-07-25 00:00:00,0.425,0.43,0.4005,2.0385,21123.0
2019-07-26 00:00:00,0.405,0.4121,0.4005,2.0025,24424.0
2019-07-29 00:00:00,0.4005,0.41,0.4005,2.005,43674.0
2019-07-30 00:00:00,0.5278,0.93,0.5278,2.826005,22628952.0
2019-07-31 00:00:00,0.511,0.535,0.4621,2.6055,1557945.0
2019-08-01 00:00:00,0.51,0.699,0.51,2.9515,875430.0
2019-08-02 00:00:00,0.5905,0.6399,0.5905,3.0585,420179.0
2019-08-05 00:00:00,0.5784,0.6021,0.5501,2.7875,200196.0
2019-08-06 00:00:00,0.53,0.6,0.53,2.8335,97944.0
2019-08-07 00:00:00,0.57,0.5898,0.5401,2.7565,91365.0
2019-08-08 00:00:00,0.5416,0.58,0.5401,2.7725,131953.0
2019-08-09 00:00:00,0.56,0.58,0.52,2.701,80800.0
2019-08-12 00:00:00,0.521,0.568545,0.521,2.6605,29130.0
2019-08-13 00:00:00,0.57,0.57,0.5222,2.702,67149.0
2019-08-14 00:00:00,0.51,0.5298,0.51,2.5725,31682.0
2019-08-15 00:00:00,0.501,0.549,0.501,2.526,51563.0
2019-08-16 00:00:00,0.501,0.501,0.4802,2.43054,65308.0
2019-08-19 00:00:00,0.4928,0.51,0.4861,2.45,38583.0
2019-08-20 00:00:00,0.5052,0.51,0.4794,2.4,31214.0
2019-08-21 00:00:00,0.504,0.5064,0.4674,2.45,29535.0
2019-08-22 00:00:00,0.48,0.49,0.4674,2.337,13899.0
2019-08-23 00:00:00,0.4674,0.48,0.4611,2.305815,42126.0
2019-08-26 00:00:00,0.47,0.47,0.4611,2.3055,11615.0
2019-08-27 00:00:00,0.4611,0.47,0.3884,1.9595,450995.0
2019-08-28 00:00:00,0.4,0.4201,0.3979,2.05,60434.0
2019-08-29 00:00:00,0.4105,0.428387,0.4003,2.0275,40159.0
2019-08-30 00:00:00,0.417,0.4179,0.395,2.0,62518.0
2019-09-03 00:00:00,0.42,0.42,0.3801,1.9225,134145.0
2019-09-04 00:00:00,0.4037,0.418,0.385,2.0375,18744.0
2019-09-05 00:00:00,0.401,0.42705,0.38,2.0705,29789.0
2019-09-06 00:00:00,0.42,0.42,0.385,2.098,10769.0
2019-09-09 00:00:00,0.42,0.4305,0.4003,2.095,25184.0
2019-09-10 00:00:00,0.419,0.44,0.419,2.105,68771.0
2019-09-11 00:00:00,0.4039,0.44,0.4039,2.2,30149.0
2019-09-12 00:00:00,0.45,0.56,0.43,2.72462,427652.0
2019-09-13 00:00:00,0.4201,0.4899,0.3901,2.145,762675.0
2019-09-16 00:00:00,0.5499,0.5899,0.462,2.45,434265.0
2019-09-17 00:00:00,0.49,0.49,0.4402,2.28,107869.0
2019-09-18 00:00:00,0.486,0.49,0.43,2.15,103930.0
2019-09-19 00:00:00,0.4424,0.4424,0.4302,2.1655,36162.0
2019-09-20 00:00:00,0.4424,0.45,0.4305,2.25,60384.0
2019-09-23 00:00:00,0.47,0.47,0.44,2.2695,96682.0
2019-09-24 00:00:00,0.46,0.49,0.4472,2.35,146567.0
2019-09-25 00:00:00,0.48,0.5498,0.46,2.6165,660231.0
2019-09-26 00:00:00,0.522,0.5498,0.511,2.6035,178669.0
2019-09-27 00:00:00,0.52,0.53,0.4601,2.3645,133810.0
2019-09-30 00:00:00,0.483,0.5085,0.4601,2.3525,22959.0
2019-10-01 00:00:00,0.48,0.499525,0.4621,2.383,54757.0
2019-10-02 00:00:00,0.4994,0.5,0.4653,2.4,26451.0
2019-10-03 00:00:00,0.5,0.5,0.463,2.49,39478.0
2019-10-04 00:00:00,0.5,0.52,0.4721,2.4025,32085.0
2019-10-07 00:00:00,0.4935,0.4935,0.47,2.4085,33955.0
2019-10-08 00:00:00,0.4827,0.4837,0.46,2.378,14372.0
2019-10-09 00:00:00,0.46,0.4911,0.46,2.325,48185.0
2019-10-10 00:00:00,0.467,0.4768,0.46,2.3,54478.0
2019-10-11 00:00:00,0.46,0.6,0.46,2.8495,1212432.0
2019-10-14 00:00:00,0.58,0.58,0.4708,2.395,465011.0
2019-10-15 00:00:00,0.479,0.479,0.43,2.205825,326524.0
2019-10-16 00:00:00,0.4471,0.4695,0.44,2.2367,102050.0
2019-10-17 00:00:00,0.4572,0.4575,0.44,2.2865,118418.0
2019-10-18 00:00:00,0.44259,0.446511,0.43,2.15,75349.0
2019-10-21 00:00:00,0.44,0.45,0.4387,2.1945,55141.0
2019-10-22 00:00:00,0.45,0.465,0.4311,2.2245,125034.0
2019-10-23 00:00:00,0.4602,0.4602,0.44001,2.24595,20174.0
2019-10-24 00:00:00,0.4498,0.4589,0.44,2.2,49606.0
2019-10-25 00:00:00,0.45,0.4538,0.4308,2.1625,31087.0
2019-10-28 00:00:00,0.433,0.4368,0.43,2.15,45135.0
2019-10-29 00:00:00,0.4305,0.4387,0.43,2.15,85653.0
2019-10-30 00:00:00,0.43,0.4359,0.4,2.05,103796.0
2019-10-31 00:00:00,0.4005,0.41,0.3855,2.0495,62448.0
2019-11-01 00:00:00,0.39,0.402,0.39,1.965,41118.0
2019-11-04 00:00:00,0.4,0.4094,0.394,1.985155,45176.0
2019-11-05 00:00:00,0.3983,0.425051,0.391,2.1005,131160.0
2019-11-06 00:00:00,0.43,0.44,0.4171,2.1095,103395.0
2019-11-07 00:00:00,0.415,0.44,0.415,2.1375,41396.0
2019-11-08 00:00:00,0.42,0.4399,0.42,2.1255,49056.0
2019-11-11 00:00:00,0.445,0.475,0.4252,2.2995,95690.0
2019-11-12 00:00:00,0.47,0.475,0.41,2.1005,150237.0
2019-11-13 00:00:00,0.42,0.47,0.42,2.1275,126311.0
2019-11-14 00:00:00,0.4279,0.44,0.41,2.2,30385.0
2019-11-15 00:00:00,0.4395,0.4395,0.4152,2.145,21930.0
2019-11-18 00:00:00,0.42,0.43,0.4152,2.103,53602.0
2019-11-19 00:00:00,0.4069,0.429614,0.4069,2.0605,41585.0
2019-11-20 00:00:00,0.4306,0.4306,0.4067,2.0335,27149.0
2019-11-21 00:00:00,0.4081,0.425,0.4081,2.045,13210.0
2019-11-22 00:00:00,0.412,0.4177,0.4,2.039,30082.0
2019-11-25 00:00:00,0.401,0.45,0.3941,2.1475,117137.0
2019-11-26 00:00:00,0.43,0.4493,0.39,1.953,133135.0
2019-11-27 00:00:00,0.41,0.42,0.4,2.025,46754.0
2019-11-29 00:00:00,0.4063,0.4099,0.4,2.0,40483.0
2019-12-02 00:00:00,0.39,0.418,0.388,1.94,47050.0
2019-12-03 00:00:00,0.4095,0.41,0.39,2.02,23541.0
2019-12-04 00:00:00,0.41,0.42,0.402,2.047,24862.0
2019-12-05 00:00:00,0.424,0.424,0.4091,2.06,31637.0
2019-12-06 00:00:00,0.4189,0.55,0.4031,2.325,1077396.0
2019-12-09 00:00:00,0.505,0.505,0.4151,2.15,119817.0
2019-12-10 00:00:00,0.415,0.4357,0.415,2.146,63294.0
2019-12-11 00:00:00,0.4355,0.4535,0.4297,2.2495,45278.0
2019-12-12 00:00:00,0.4513,0.4523,0.4304,2.215,44449.0
2019-12-13 00:00:00,0.45,0.45,0.425,2.135,34794.0
2019-12-16 00:00:00,0.4453,0.4499,0.415,2.2,56983.0
2019-12-17 00:00:00,0.44,0.4949,0.4366,2.297775,236712.0
2019-12-18 00:00:00,0.4724,0.4724,0.4351,2.225,33508.0
2019-12-19 00:00:00,0.446,0.4676,0.4401,2.2215,15610.0
2019-12-20 00:00:00,0.4482,0.47,0.44,2.338,49472.0
2019-12-23 00:00:00,0.455,0.54,0.455,2.45,255373.0
2019-12-24 00:00:00,0.4899,0.5,0.4702,2.443,63876.0
2019-12-26 00:00:00,0.4881,0.49,0.4601,2.425,72958.0
2019-12-27 00:00:00,0.48,0.485,0.4575,2.2995,112890.0
2019-12-30 00:00:00,0.49,0.5,0.46,2.30865,78637.0
2019-12-31 00:00:00,0.46,0.485,0.46,2.366,53217.0
2020-01-02 00:00:00,0.4822,0.5285,0.4822,2.576,105011.0
2020-01-03 00:00:00,0.53,0.55,0.502,2.6,168520.0
2020-01-06 00:00:00,0.546,0.78,0.546,3.75,999573.0
2020-01-07 00:00:00,0.76,0.85,0.72,4.106,557348.0
2020-01-08 00:00:00,0.82,0.87,0.6503,3.7505,521403.0
2020-01-09 00:00:00,0.7629,0.99,0.7629,4.626,700499.0
2020-01-10 00:00:00,0.64,0.685,0.53,2.9,4480180.0
2020-01-13 00:00:00,0.61,0.64,0.6001,3.0295,548213.0
2020-01-14 00:00:00,0.6,0.614,0.57,3.0015,427617.0
2020-01-15 00:00:00,0.6082,0.646,0.58,3.1,1000214.0
2020-01-16 00:00:00,0.63,0.63,0.5911,3.0765,385785.0
2020-01-17 00:00:00,0.62,0.63,0.6,3.0855,299539.0
2020-01-21 00:00:00,0.62,0.6699,0.61,3.2385,607203.0
2020-01-22 00:00:00,0.6427,0.6467,0.6026,3.125,265261.0
2020-01-23 00:00:00,0.6256,0.64,0.611,3.101,116799.0
2020-01-24 00:00:00,0.6299,0.63,0.5899,2.9555,407617.0
2020-01-27 00:00:00,0.58,0.595,0.5513,2.8595,198743.0
2020-01-28 00:00:00,0.58,0.62,0.5513,3.0535,187788.0
2020-01-29 00:00:00,0.63,0.63,0.6101,3.075,131753.0
2020-01-30 00:00:00,0.62,0.62881,0.575,3.075,383330.0
2020-01-31 00:00:00,0.6089,0.62,0.5856,3.0,79832.0
2020-02-03 00:00:00,0.57,0.61,0.57,2.95,94735.0
2020-02-04 00:00:00,0.582,0.61,0.582,2.975,143333.0
2020-02-05 00:00:00,0.5994,0.61505,0.58601,3.0125,172275.0
2020-02-06 00:00:00,0.6,0.6,0.584,2.92,98308.0
2020-02-07 00:00:00,0.57,0.6,0.5632,2.816,108856.0
2020-02-10 00:00:00,0.5915,0.62,0.5899,3.0495,164459.0
2020-02-11 00:00:00,0.615,0.62,0.5982,3.025,103353.0
2020-02-12 00:00:00,0.59,0.62,0.59,3.075,118734.0
2020-02-13 00:00:00,0.615,0.64,0.6,3.17726,255572.0
2020-02-14 00:00:00,0.64,0.67,0.62,3.1935,379070.0
2020-02-18 00:00:00,0.67,0.7,0.6244,3.15,1092104.0
2020-02-19 00:00:00,0.633,0.6413,0.62,3.1845,192989.0
2020-02-20 00:00:00,0.61,0.639159,0.6,3.0305,207919.0
2020-02-21 00:00:00,0.6096,0.6259,0.58,2.95,241877.0
2020-02-24 00:00:00,0.5911,0.5999,0.5702,2.9,160909.0
2020-02-25 00:00:00,0.58,0.6,0.58,2.925,89772.0
2020-02-26 00:00:00,0.5779,0.603,0.564,2.8865,157705.0
2020-02-27 00:00:00,0.5741,0.58,0.483,2.65,312154.0
2020-02-28 00:00:00,0.4899,0.5221,0.46,2.544505,459149.0
2020-03-02 00:00:00,0.51,0.5398,0.51,2.581,130487.0
2020-03-03 00:00:00,0.5161,0.5448,0.51,2.553,183748.0
2020-03-04 00:00:00,0.51,0.5294,0.51,2.6,100937.0
2020-03-05 00:00:00,0.52,0.5373,0.52,2.6495,119528.0
2020-03-06 00:00:00,0.53,0.5399,0.51,2.55,147073.0
2020-03-09 00:00:00,0.48,0.5099,0.43,2.3,126217.0
2020-03-10 00:00:00,0.46,0.486,0.42,2.198,156171.0
2020-03-11 00:00:00,0.425,0.465,0.323,1.8505,220126.0
2020-03-12 00:00:00,0.301,0.3696,0.1614,1.6155,444751.0
2020-03-13 00:00:00,0.3324,0.3696,0.3301,1.725,173545.0
2020-03-16 00:00:00,0.35,0.3696,0.3,1.7205,150623.0
2020-03-17 00:00:00,0.3,0.3696,0.3,1.75,89116.0
2020-03-18 00:00:00,0.347,0.3482,0.3,1.515,166587.0
2020-03-19 00:00:00,0.3496,0.3496,0.3,1.545,201654.0
2020-03-20 00:00:00,0.33,0.34,0.2836,1.625,135353.0
2020-03-23 00:00:00,0.3,0.31,0.2623,1.448,198985.0
2020-03-24 00:00:00,0.285,0.302,0.27,1.475,63398.0
2020-03-25 00:00:00,0.296,0.355,0.295,1.675,387287.0
2020-03-26 00:00:00,0.3517,0.3697,0.33,1.775,164996.0
2020-03-27 00:00:00,0.3697,0.3697,0.3333,1.75,98811.0
2020-03-30 00:00:00,0.33,0.3569,0.33,1.652,82867.0
2020-03-31 00:00:00,0.34,0.3611,0.33,1.65,307123.0
2020-04-01 00:00:00,0.32,0.35,0.2901,1.468,157469.0
2020-04-02 00:00:00,0.3136,0.3136,0.28,1.4505,181983.0
2020-04-03 00:00:00,0.3092,0.31,0.2704,1.395,115800.0
2020-04-06 00:00:00,0.279,0.315,0.27,1.45,97633.0
2020-04-07 00:00:00,0.3135,0.3135,0.29,1.45675,52760.0
2020-04-08 00:00:00,0.3,0.3,0.2901,1.4535,30603.0
2020-04-09 00:00:00,0.29,0.31,0.278,1.5095,132787.0
2020-04-13 00:00:00,0.32,0.335,0.3,1.67,198356.0
2020-04-14 00:00:00,0.3351,0.4,0.33021,1.85,319721.0
2020-04-15 00:00:00,0.37,0.39,0.3345,1.6725,156229.0
2020-04-16 00:00:00,0.4,0.4675,0.335,2.145,949626.0
2020-04-17 00:00:00,0.48,0.48,0.335,1.8805,602422.0
2020-04-20 00:00:00,0.37,0.3701,0.28,1.599,1140088.0
2020-04-21 00:00:00,0.319,0.319,0.29,1.528,196203.0
2020-04-22 00:00:00,0.3073,0.3073,0.26,1.4225,425557.0
2020-04-23 00:00:00,0.298,0.33,0.27001,1.5,504728.0
2020-04-24 00:00:00,0.34,0.36,0.31,1.605,978127.0
2020-04-27 00:00:00,0.328,0.3299,0.31,1.5825,242884.0
2020-04-28 00:00:00,0.3151,0.3249,0.315,1.576,112353.0
2020-04-29 00:00:00,0.3186,0.33,0.3105,1.6,192353.0
2020-04-30 00:00:00,0.3152,0.325,0.312,1.5665,91591.0
2020-05-01 00:00:00,0.32,0.35,0.3,1.502,644315.0
2020-05-04 00:00:00,0.304,0.335,0.3036,1.5725,152963.0
2020-05-05 00:00:00,0.32,0.3468,0.301,1.645,464224.0
2020-05-06 00:00:00,0.3495,0.39,0.3276,1.7895,1086914.0
2020-05-07 00:00:00,0.4,0.5199,0.382,1.934,2885592.0
2020-05-08 00:00:00,0.39,0.4116,0.3222,1.775,727527.0
2020-05-11 00:00:00,0.41,0.465,0.38,2.0,855100.0
2020-05-12 00:00:00,0.41,0.42,0.395,1.9765,441228.0
2020-05-13 00:00:00,0.53,0.7,0.47,2.7,13589200.0
2020-05-14 00:00:00,0.49,0.61,0.4884,3.0125,1639620.0
2020-05-15 00:00:00,0.56,0.58755,0.551,2.8905,401131.0
2020-05-18 00:00:00,0.55,0.5781,0.5201,2.761,452583.0
2020-05-19 00:00:00,0.57,0.62,0.55,3.0,447859.0
2020-05-20 00:00:00,0.63,0.7477,0.595,3.075,2606718.0
2020-05-21 00:00:00,0.6004,0.7,0.6004,3.295,660020.0
2020-05-22 00:00:00,0.68,0.72,0.659,3.539,582998.0
2020-05-26 00:00:00,0.75,1.16,0.75,4.497,5143684.0
2020-05-27 00:00:00,0.98,0.98,0.8211,4.69,1273473.0
2020-05-28 00:00:00,0.91,0.9999,0.8601,4.7,819834.0
2020-05-29 00:00:00,0.94,0.96,0.8652,4.55,748202.0
2020-06-01 00:00:00,0.9,0.96,0.84,4.6715,607802.0
2020-06-02 00:00:00,0.938,0.97,0.9002,4.7,305753.0
2020-06-03 00:00:00,0.94,0.9999,0.9203,4.9985,410774.0
2020-06-04 00:00:00,0.9852,1.19,0.9852,5.85,1241457.0
2020-06-05 00:00:00,1.13,1.34,1.12,6.45,1137035.0
2020-06-08 00:00:00,1.43,1.78,1.43,7.6,1945507.0
2020-06-09 00:00:00,1.21,1.43,1.03,6.85,1244667.0
2020-06-10 00:00:00,1.25,1.37,1.22,6.6,610009.0
2020-06-11 00:00:00,1.12,1.32,1.09,5.9,665297.0
2020-06-12 00:00:00,6.1,6.3,5.3501,6.03,164127.0
2020-06-15 00:00:00,6.4,7.37,6.0,6.9,153835.0
2020-06-16 00:00:00,7.5,7.55,6.62,6.82,165108.0
2020-06-17 00:00:00,6.8,7.2199,6.36,6.65,179288.0
2020-06-18 00:00:00,6.61,7.165,5.75,7.16,248492.0
2020-06-19 00:00:00,7.12,7.88,6.55,6.79,407062.0
2020-06-22 00:00:00,6.68,7.036,6.31,6.92,156915.0
2020-06-23 00:00:00,6.94,6.94,6.48,6.59,70809.0
2020-06-24 00:00:00,6.48,6.5898,5.81,6.0,127345.0
2020-06-25 00:00:00,5.88,6.35,5.63,6.27,59702.0
2020-06-26 00:00:00,6.35,6.39,5.925,6.09,51939.0
2020-06-29 00:00:00,6.04,7.09,5.99,6.94,131800.0
2020-06-30 00:00:00,7.49,7.49,6.7,6.92,77900.0
2020-07-01 00:00:00,7.09,7.09,6.11,6.22,125100.0
2020-07-02 00:00:00,6.45,6.47,6.1,6.14,67600.0
2020-07-06 00:00:00,6.15,6.34,5.96,6.02,75100.0
2020-07-07 00:00:00,6.0,6.0,5.75,5.95,67300.0
2020-07-08 00:00:00,5.96,6.0,5.75,5.97,48000.0
2020-07-09 00:00:00,5.86,6.0,5.76,5.89,53800.0
2020-07-10 00:00:00,5.86,5.86,5.51,5.56,49400.0
2020-07-13 00:00:00,5.56,5.74,5.09,5.1,80600.0
2020-07-14 00:00:00,4.95,5.0,4.28,4.7,123000.0
2020-07-15 00:00:00,4.75,5.04,4.53,4.98,42900.0
2020-07-16 00:00:00,4.98,5.42,4.98,5.41,67100.0
2020-07-17 00:00:00,5.48,5.5,5.11,5.36,55000.0
2020-07-20 00:00:00,5.3,5.35,5.01,5.25,62058.0
2020-07-21 00:00:00,5.18,5.75,4.96,5.56,80108.0
2020-07-22 00:00:00,5.6,5.611,5.3,5.43,36995.0
2020-07-23 00:00:00,5.35,5.7399,4.9267,5.12,70680.0
2020-07-24 00:00:00,5.1,5.36,5.01,5.27,34346.0
2020-07-27 00:00:00,5.21,5.3299,5.0301,5.1,35543.0
2020-07-28 00:00:00,5.0,5.19,4.8701,5.16,28472.0
2020-07-29 00:00:00,5.11,5.2,5.0801,5.15,12320.0
2020-07-30 00:00:00,5.06,5.115,4.92,4.97,47519.0
2020-07-31 00:00:00,4.97,5.23,4.9,5.13,30691.0
2020-08-03 00:00:00,5.19,5.6608,5.19,5.55,91152.0
2020-08-04 00:00:00,5.54,5.85,5.4117,5.64,84134.0
2020-08-05 00:00:00,5.68,6.16,5.68,5.95,80689.0
2020-08-06 00:00:00,6.08,7.01,5.965,6.06,264209.0
2020-08-07 00:00:00,5.99,6.64,5.98,6.6,130600.0
2020-08-10 00:00:00,6.6,7.365,6.4982,7.25,133063.0
2020-08-11 00:00:00,7.24,7.33,6.9,7.04,69172.0
2020-08-12 00:00:00,7.06,7.06,6.38,6.65,89316.0
2020-08-13 00:00:00,6.54,7.33,6.495,7.33,84297.0
2020-08-14 00:00:00,7.25,8.49,7.1,8.25,289223.0
2020-08-17 00:00:00,8.3,8.73,8.05,8.45,110745.0
2020-08-18 00:00:00,8.23,9.43,8.23,9.18,152653.0
2020-08-19 00:00:00,9.29,9.81,9.131,9.53,130780.0
2020-08-20 00:00:00,9.5,9.535,8.33,8.39,84622.0
2020-08-21 00:00:00,8.4,8.62,8.1445,8.28,28050.0
2020-08-24 00:00:00,8.5,8.89,7.9801,8.64,83308.0
2020-08-25 00:00:00,8.69,8.69,8.22,8.45,199231.0
2020-08-26 00:00:00,8.51,9.1699,8.0748,8.84,133456.0
2020-08-27 00:00:00,8.91,9.12,8.73,8.775,36984.0
2020-08-28 00:00:00,8.86,8.88,8.5301,8.65,21651.0
2020-08-31 00:00:00,8.65,9.05,8.5,9.03,117446.0
2020-09-01 00:00:00,9.05,9.4,8.97,9.29,78599.0
2020-09-02 00:00:00,9.4,9.545,9.14,9.25,46535.0
2020-09-03 00:00:00,9.2,9.25,8.15,8.35,83137.0
2020-09-04 00:00:00,8.35,8.445,7.51,7.97,97709.0
2020-09-08 00:00:00,7.87,7.87,7.44,7.55,39804.0
2020-09-09 00:00:00,7.56,8.0999,7.56,7.91,60107.0
2020-09-10 00:00:00,8.15,8.1795,7.8,7.83,14914.0
2020-09-11 00:00:00,7.83,8.04,7.71,7.75,15508.0
2020-09-14 00:00:00,7.82,8.22,7.82,8.17,23917.0
2020-09-15 00:00:00,8.61,8.8299,7.97,8.04,62907.0
2020-09-16 00:00:00,8.04,8.2,7.98,7.99,28657.0
2020-09-17 00:00:00,7.81,7.99,7.81,7.82,14447.0
2020-09-18 00:00:00,7.94,8.13,7.93,8.01,26673.0
2020-09-21 00:00:00,7.83,8.01,7.1,7.1,46102.0
2020-09-22 00:00:00,7.2,7.47,7.1311,7.42,31664.0
2020-09-23 00:00:00,7.37,7.5253,6.76,6.82,50405.0
2020-09-24 00:00:00,6.75,7.19,6.6335,6.82,49772.0
2020-09-25 00:00:00,6.75,7.5,6.75,7.35,45461.0
2020-09-28 00:00:00,7.65,7.65,6.84,7.14,81720.0
2020-09-29 00:00:00,7.26,7.36,6.935,7.04,32564.0
2020-09-30 00:00:00,7.22,7.22,6.85,6.87,23896.0
2020-10-01 00:00:00,6.9402,6.9527,6.515,6.7,38652.0
2020-10-02 00:00:00,6.57,7.1199,6.57,6.7,41497.0
2020-10-05 00:00:00,6.68,7.15,6.68,6.97,32150.0
2020-10-06 00:00:00,7.09,7.3599,6.98,7.22,49375.0
2020-10-07 00:00:00,7.3,7.8,7.2977,7.69,110222.0
2020-10-08 00:00:00,7.76,7.88,7.62,7.63,28504.0
2020-10-09 00:00:00,7.82,8.88,7.66,8.16,135276.0
2020-10-12 00:00:00,8.25,8.91,8.12,8.54,111378.0
2020-10-13 00:00:00,8.5,8.55,8.39,8.39,29795.0
2020-10-14 00:00:00,10.93,11.6,8.06,8.235,8119913.0
2020-10-15 00:00:00,7.88,8.32,7.31,7.88,382772.0
2020-10-16 00:00:00,7.85,8.2523,7.78,8.17,56090.0
2020-10-19 00:00:00,8.17,8.3304,7.63,7.69,94247.0
2020-10-20 00:00:00,7.7,7.79,7.5002,7.68,67876.0
2020-10-21 00:00:00,7.65,7.65,7.2,7.41,75630.0
2020-10-22 00:00:00,7.49,7.49,7.1257,7.46,44791.0
2020-10-23 00:00:00,7.41,7.41,7.13,7.34,29351.0
2020-10-26 00:00:00,7.23,7.51,6.92,7.29,80480.0
2020-10-27 00:00:00,7.15,7.31,7.1383,7.25,24222.0
2020-10-28 00:00:00,7.5,7.5,6.61,7.0,67328.0
2020-10-29 00:00:00,6.99,7.02,6.66,6.73,20420.0
2020-10-30 00:00:00,6.77,6.835,6.45,6.54,31452.0
2020-11-02 00:00:00,6.55,6.8,6.47,6.51,14720.0
2020-11-03 00:00:00,6.6,7.0,6.6,6.97,38018.0
2020-11-04 00:00:00,6.85,6.85,6.64,6.72,27200.0
2020-11-05 00:00:00,6.73,7.1405,6.72,7.09,30859.0
2020-11-06 00:00:00,7.06,7.15,6.92,7.01,32112.0
2020-11-09 00:00:00,7.05,7.3,6.95,7.0589,107314.0
2020-11-10 00:00:00,7.215,7.3599,6.89,7.08,24930.0
2020-11-11 00:00:00,7.1,7.25,6.34,6.53,223165.0
2020-11-12 00:00:00,5.88,6.13,5.38,5.55,398683.0
2020-11-13 00:00:00,5.77,5.77,5.16,5.34,105736.0
2020-11-16 00:00:00,5.44,5.74,5.22,5.64,80147.0
2020-11-17 00:00:00,5.5,5.5,5.06,5.15,112814.0
2020-11-18 00:00:00,5.12,5.2,4.65,4.67,147361.0
2020-11-19 00:00:00,4.7,4.895,4.38,4.78,239912.0
2020-11-20 00:00:00,4.68,4.75,4.53,4.65,86598.0
2020-11-23 00:00:00,4.72,4.95,4.66,4.9,126983.0
2020-11-24 00:00:00,4.93,5.02,4.68,4.79,134556.0
2020-11-25 00:00:00,4.8,5.19,4.7,4.96,280030.0
2020-11-27 00:00:00,5.11,5.7499,5.11,5.41,485822.0
2020-11-30 00:00:00,5.25,5.45,5.06,5.23,149323.0
2020-12-01 00:00:00,5.3,5.332,4.84,4.93,160031.0
2020-12-02 00:00:00,4.83,4.97,4.62,4.84,132107.0
2020-12-03 00:00:00,4.85,4.96,4.73,4.81,46125.0
2020-12-04 00:00:00,4.81,4.8838,4.7,4.78,34633.0
2020-12-07 00:00:00,4.8,4.83,4.4,4.48,135872.0
2020-12-08 00:00:00,4.5,4.8669,4.4685,4.73,126081.0
2020-12-09 00:00:00,4.73,4.7657,4.418,4.46,86236.0
2020-12-10 00:00:00,4.41,4.5728,4.26,4.39,74454.0
2020-12-11 00:00:00,4.39,4.5299,4.26,4.34,58525.0
2020-12-14 00:00:00,4.36,4.535,4.3389,4.44,51151.0
2020-12-15 00:00:00,4.64,4.91,4.43,4.75,215894.0
2020-12-16 00:00:00,4.84,5.1,4.6301,4.84,162336.0
2020-12-17 00:00:00,4.75,4.88,4.56,4.62,48544.0
2020-12-18 00:00:00,4.7,4.7715,4.32,4.36,117521.0
2020-12-21 00:00:00,4.35,4.3999,4.15,4.24,81798.0
2020-12-22 00:00:00,4.26,4.397,4.17,4.1802,35291.0
2020-12-23 00:00:00,4.25,4.39,4.2,4.23,38943.0
2020-12-24 00:00:00,4.23,4.24,4.17,4.2,17786.0
2020-12-28 00:00:00,4.38,4.4133,4.01,4.05,119174.0
2020-12-29 00:00:00,4.1,4.15,3.91,3.98,59758.0
2020-12-30 00:00:00,3.98,4.2561,3.98,4.09,143500.0
2020-12-31 00:00:00,4.12,4.2,3.94,4.03,78979.0
2021-01-04 00:00:00,4.06,4.2499,4.055,4.2,93358.0
2021-01-05 00:00:00,4.24,4.49,4.165,4.23,145720.0
2021-01-06 00:00:00,4.4,4.5797,4.3298,4.49,96448.0
2021-01-07 00:00:00,4.51,4.66,4.43,4.58,79743.0
2021-01-08 00:00:00,4.78,5.186,4.69,4.93,356685.0
2021-01-11 00:00:00,4.93,5.49,4.93,5.28,268190.0
2021-01-12 00:00:00,5.24,5.4,5.0514,5.18,251047.0
2021-01-13 00:00:00,5.31,5.31,4.94,5.03,99150.0
2021-01-14 00:00:00,4.99,5.18,4.86,5.06,92338.0
2021-01-15 00:00:00,5.07,5.07,4.71,4.81,68422.0
2021-01-19 00:00:00,4.81,5.0,4.7801,4.93,59167.0
2021-01-20 00:00:00,4.98,5.12,4.8642,5.05,141019.0
2021-01-21 00:00:00,5.03,5.16,4.88,4.94,81027.0
2021-01-22 00:00:00,4.9,5.03,4.88,4.93,65605.0
2021-01-25 00:00:00,4.94,5.17,4.64,4.88,106171.0
2021-01-26 00:00:00,5.12,5.27,5.0101,5.11,128740.0
2021-01-27 00:00:00,5.05,5.12,4.75,4.85,81982.0
2021-01-28 00:00:00,4.73,4.9995,4.58,4.93,61291.0
2021-01-29 00:00:00,4.85,4.8994,4.51,4.6,51185.0
2021-02-01 00:00:00,4.61,4.87,4.44,4.77,66895.0
2021-02-02 00:00:00,4.7,4.98,4.38,4.78,146591.0
2021-02-03 00:00:00,4.76,4.94,4.71,4.8,36519.0
2021-02-04 00:00:00,4.75,4.97,4.73,4.81,43256.0
2021-02-05 00:00:00,4.88,5.03,4.78,4.93,60789.0
2021-02-08 00:00:00,5.05,5.19,4.95,5.09,85711.0
2021-02-09 00:00:00,5.15,9.64,5.0501,7.07,13794017.0
2021-02-10 00:00:00,6.3,6.82,5.6002,6.14,1737956.0
2021-02-11 00:00:00,6.04,6.74,5.37,6.02,1709335.0
2021-02-12 00:00:00,5.88,6.0,5.31,5.38,537537.0
2021-02-16 00:00:00,5.49,5.98,5.31,5.86,661097.0
2021-02-17 00:00:00,5.71,5.8263,5.32,5.55,148403.0
2021-02-18 00:00:00,5.52,5.59,5.18,5.3,265000.0
2021-02-19 00:00:00,5.38,5.7,5.31,5.59,229307.0
2021-02-22 00:00:00,5.6,6.3,5.4768,6.15,1031515.0
