11/19/2014,136,179.6,129.6,159.28,588929
11/20/2014,181.4,192.16,170,187,342090
11/21/2014,190,190,158.24,169.6,160507
11/24/2014,163.36,168.8,152.56,156.3992,83241
11/25/2014,161.6,161.6,139.44,142.24,87855
11/26/2014,143.84,150.4,135.6,137.6,74756
11/28/2014,138.401,141.12,122.08,122.8007,50078
12/01/2014,121.6,121.6,108,108.8008,71050
12/02/2014,110,127.2,108,125.6,120708
12/03/2014,126.16,132.64,116.8,118.08,65089
12/04/2014,115.6008,119.2,109.9207,113.2,29407
12/05/2014,115.6,115.6,104.08,112.16,29770
12/08/2014,112.96,124.72,108.16,118,51978
12/09/2014,116.32,127.28,114,123.36,46824
12/10/2014,126.4008,131.04,116.801,119.52,54545
12/11/2014,122.24,125.92,114.4,116.1592,32544
12/12/2014,113.68,123.92,113.2,121.76,14271
12/15/2014,121.12,122.4,111.6,112.96,21182
12/16/2014,110,114.96,108.56,110.32,16471
12/17/2014,114,115.84,104.08,106.24,22605
12/18/2014,108.48,109.44,94.56,100.56,51357
12/19/2014,100.72,101.92,88.56,89.44,118230
12/22/2014,88.64,95.032,82.88,84.48,67437
12/23/2014,84.88,86.8,80,81.12,48900
12/24/2014,81.12,89.992,81.12,88.56,40922
12/26/2014,88.08,94,88.08,89.36,59816
12/29/2014,88.8,90.32,84.48,85.04,21544
12/30/2014,84.1639,87.36,84.1639,86.4,12961
12/31/2014,86.56,87.568,81.2,82,30851
01/02/2015,82.96,84.56,80.8,81.2,18583
01/05/2015,81.12,85.2,80.48,83.04,31166
01/06/2015,83.28,91.2,83.2,90.4,67966
01/07/2015,93.2,94,84.8,85.92,42437
01/08/2015,86.4,90.24,85.2808,87.68,31722
01/09/2015,88,89.12,85.04,86.7208,24676
01/12/2015,98.08,101.2,90.4,94,125806
01/13/2015,93.92,97.44,86.16,87.12,61391
01/14/2015,84,88.32,80.96,85.0408,32413
01/15/2015,87.6,87.6,82,82.4,25998
01/16/2015,82.5608,84.88,82,83.2,15443
01/20/2015,83.52,84.4,81.5216,81.721,10797
01/21/2015,81.6,82.76,73.04,76,60326
01/22/2015,76.16,76.72,70,73.68,40462
01/23/2015,73.36,73.36,68.64,69.12,44067
01/26/2015,68.32,72.56,64.4,71.52,30106
01/27/2015,70.16,77.68,68.56,76.56,37870
01/28/2015,77.2,77.504,73.04,76,17132
01/29/2015,77.04,77.04,71.9192,74.16,10225
01/30/2015,73.84,74.88,69.2,70,8506
02/02/2015,70.24,70.24,66.8,67.4408,14856
02/03/2015,69.76,74.16,68.8,72,27268
02/04/2015,72.8,74.752,72,72.4,11072
02/05/2015,72.64,78.56,72.24,78.48,24653
02/06/2015,79.44,79.44,75.2808,78.56,10477
02/09/2015,80,80,76,76,6685
02/10/2015,76.32,76.4,72.8,74.3192,12540
02/11/2015,74.08,74.8,71.76,73.2,13542
02/12/2015,74,74,72.0808,72.64,21386
02/13/2015,72.8,73.6,71.28,71.44,9043
02/17/2015,71.76,72,70.08,70.56,5041
02/18/2015,70.24,70.64,68.96,70.32,5393
02/19/2015,70.8,72,66.48,71.2,15874
02/20/2015,70.96,71.36,68.88,70.8,11545
02/23/2015,70,71.6,66.72,68,34645
02/24/2015,80.8,93.12,76.401,89.52,659137
02/25/2015,93.04,118,90,111.1992,1200415
02/26/2015,104.4,107.92,94.24,94.4,354296
02/27/2015,98.8006,139.2,97.44,128.801,1604008
03/02/2015,128,141.28,116,120.32,1060542
03/03/2015,120.08,127.2,116.56,117.76,198969
03/04/2015,116.8,123.52,113.6,119.28,161504
03/05/2015,139.52,157.04,132.4,135.9712,1567320
03/06/2015,140,147.36,130.64,139.12,523041
03/09/2015,144,146.4,132.16,135.68,362104
03/10/2015,131.04,139.2,127.12,137.44,179268
03/11/2015,136.8,138.552,127.2,127.52,183555
03/12/2015,127.44,131.28,111.44,111.68,296783
03/13/2015,109.84,119.04,108.08,114.3992,152060
03/16/2015,114.32,114.32,101.36,102,125793
03/17/2015,103.84,111.12,100.88,107.84,114781
03/18/2015,107.44,107.76,102.72,103.76,70485
03/19/2015,105.68,116.96,104.0008,108,181180
03/20/2015,109.2808,111.6,104.08,108.721,138589
03/23/2015,109.2,111.52,105.2,106.44,58379
03/24/2015,106.48,115.44,106.04,108.64,96977
03/25/2015,108,109.2,101.52,104.72,63046
03/26/2015,103.52,104.936,100.64,101.04,43314
03/27/2015,101.44,106.56,98.8,105.6,49430
03/30/2015,106.48,107.6,102.24,104.56,39179
03/31/2015,104.48,104.48,101.6,102.32,25031
04/01/2015,102.4768,103.24,99.1969,99.76,30159
04/02/2015,100,101.28,95.3608,97.12,40985
04/06/2015,96,98.4,92.24,92.8,45560
04/07/2015,93.44,101.04,93.44,100.8,73153
04/08/2015,119.76,124.8,109.408,111.44,703579
04/09/2015,110.16,111.88,105.7481,107.2785,84774
04/10/2015,106.88,114.8,104.8,107.6,91438
04/13/2015,108.16,109.32,104.8,105.84,33777
04/14/2015,107.28,114.8,104.248,111.04,117556
04/15/2015,115.76,119.2,112.48,114.64,128262
04/16/2015,113.36,117.2,112.8,113.52,43192
04/17/2015,113.12,113.2,106.4,107.76,60544
04/20/2015,109.04,113.68,106.56,106.96,38360
04/21/2015,108.08,110,106,106.56,20055
04/22/2015,107.28,108.344,105.202,106.16,23591
04/23/2015,106.4,113.92,105.6,109.6,76965
04/24/2015,110.24,111.12,106.4,106.8,48309
04/27/2015,106.96,108,98.88,99.12,77840
04/28/2015,99.2,100,92.32,96.08,58154
04/29/2015,95.92,98.232,92.8,93.12,32715
04/30/2015,93.2,95.36,90.8,92.9608,32716
05/01/2015,93.92,96.96,93.36,94.72,22737
05/04/2015,94.56,99.6,93.76,97.84,36743
05/05/2015,97.76,99.2,94.88,99.2,21082
05/06/2015,99.362,100.72,94,95.6823,29296
05/07/2015,97.28,98.104,94.4815,96.88,14270
05/08/2015,97.36,99.12,90,94.16,55165
05/11/2015,94.4,95.2,91.2,94.72,28810
05/12/2015,93.92,94.32,92,92.88,24653
05/13/2015,92.64,95.12,92,93.3488,31841
05/14/2015,96,106.64,90.24,101.76,211226
05/15/2015,102.4,103.52,96.96,99.68,75827
05/18/2015,100.8,101.52,94,95.2,44939
05/19/2015,94.88,97.88,92.56,94.96,38818
05/20/2015,95.52,95.52,92.8,93.12,22668
05/21/2015,93.2,93.6,90.24,92.48,31545
05/22/2015,96,104.64,95.6,101.6,124563
05/26/2015,102.8,107.84,102.4,103.84,87842
05/27/2015,104.64,106.4,102.16,103.28,58648
05/28/2015,102.72,114.16,101.68,111.12,145123
05/29/2015,112.56,123.2,111.6,114.8,195785
06/01/2015,115.84,120,105.44,114,89124
06/02/2015,114.48,115.28,108.4,110.08,66662
06/03/2015,111.12,117.2,108,116.64,88842
06/04/2015,120,125.28,112.8,114,161712
06/05/2015,114.32,115.36,108.8,111.6664,84472
06/08/2015,112.4,118,112.24,114.256,74703
06/09/2015,117.04,117.512,110.6832,112.16,69926
06/10/2015,113.2,113.84,108.8,109.12,60375
06/11/2015,110,113.28,108.72,112.5592,36206
06/12/2015,113.6,113.6,110.16,113.12,30896
06/15/2015,113.6,124.64,112,121.12,256236
06/16/2015,123.2,124.4,114.64,118.6896,104641
06/17/2015,118.16,127.68,118.16,125.28,164690
06/18/2015,127.6,130.64,120,122,133338
06/19/2015,121.2,123.84,118.4,120.08,56189
06/22/2015,121.92,129.6,120.88,126.64,115079
06/23/2015,136,140,129.44,130.1472,385553
06/24/2015,128.48,131.2,124.24,125.84,90372
06/25/2015,126.4,130,117.04,120.32,134811
06/26/2015,119.1224,120.312,113.44,117.2,135168
06/29/2015,113.12,115.84,109.44,109.68,64538
06/30/2015,111.2,113.2,108.8,108.8,47650
07/01/2015,110.16,114.96,109.36,112,56573
07/02/2015,112.64,115.44,110.64,112.56,45306
07/06/2015,116,119.712,109.6,111.2,128723
07/07/2015,111.6,112.24,104.4,107.36,66731
07/08/2015,105.84,106.472,101.68,104.48,56733
07/09/2015,106,110.64,104.9848,107.44,45547
07/10/2015,107.68,114.24,107.6,112.8,85144
07/13/2015,114.24,115.04,110.4,111.52,53264
07/14/2015,111.76,115.84,110.4,114.72,39055
07/15/2015,118.16,122.24,112.08,114.32,89778
07/16/2015,114.4,117.6,113.04,114.96,20087
07/17/2015,118,118,111.6,113.984,24747
07/20/2015,113.44,113.44,110.4,111.68,21540
07/21/2015,112.32,113.44,107.2,107.68,38744
07/22/2015,112,115.92,109.04,114.64,98276
07/23/2015,116.4,119.6,114.4,115.04,72594
07/24/2015,114.96,116.64,110.96,115.6,48046
07/27/2015,114.32,115.28,111.04,114.64,42682
07/28/2015,114.6424,114.856,111.57,112.72,23950
07/29/2015,112.48,113.6,110.16,111.04,34350
07/30/2015,110.4,113.84,109.2,113.6,25676
07/31/2015,113.36,117.432,112,112.96,37256
08/03/2015,113.76,116.8,112,112.48,30219
08/04/2015,112.24,115.208,111.997,112.8,23711
08/05/2015,116.4,119.6,110.4,110.8808,69418
08/06/2015,110.88,112.648,102.4,105.52,48849
08/07/2015,105.6,106.32,102.16,104.64,33808
08/10/2015,105.52,107.6,103.16,104.4,31317
08/11/2015,102.88,105.12,102.4,104.24,30279
08/12/2015,103.6,104.696,101.202,103.44,22250
08/13/2015,103.2,105.44,100,100.4,32822
08/14/2015,100,101.44,98.4,100.96,20135
08/17/2015,100,100.56,98.64,99.36,23782
08/18/2015,99.68,100.28,93.12,93.44,49994
08/19/2015,90.4,92.32,87.28,88,45431
08/20/2015,82.56,85.44,77.6,80.32,73364
08/21/2015,78.08,81.76,76.2408,80.4,42418
08/24/2015,70.08,76.24,66.2512,71.84,68054
08/25/2015,79.2,79.2,70.4,70.48,47678
08/26/2015,70.88,73.12,68.0216,72.8,40876
08/27/2015,73.68,74.08,71.36,72.64,28713
08/28/2015,72.8,79.76,72,79.68,34025
08/31/2015,79.52,79.92,75.2,76.16,23453
09/01/2015,74.64,77.52,73.6,74,23698
09/02/2015,74.64,76.8,71.312,73.44,39784
09/03/2015,73.6,74.16,71.28,72.4,16316
09/04/2015,71.2,73.12,71.04,72.16,9739
09/08/2015,72.96,77.44,72.32,76.56,29040
09/09/2015,77.76,78.8,74.16,75.76,23538
09/10/2015,75.44,77.76,75.2,76.72,23508
09/11/2015,76,79.2,76,78.8,18801
09/14/2015,79.2,84.16,78.88,79.36,41824
09/15/2015,79.84,80,74,76.32,27161
09/16/2015,76.88,79.12,76.24,76.64,21745
09/17/2015,76.56,78.4,75.84,77.6,13860
09/18/2015,76.24,81.584,76.16,79.6,60873
09/21/2015,80.32,82.64,75.44,77.36,34759
09/22/2015,76.32,78.4,73.28,75.28,24794
09/23/2015,75.04,76.48,72.4,73.0392,16983
09/24/2015,72.32,73.24,71.2,71.84,14860
09/25/2015,72.0808,73.84,65.44,66,38432
09/28/2015,65.44,65.76,54.8,58.16,101981
09/29/2015,58.72,59.44,48.48,50.16,93327
09/30/2015,50.64,51.84,47.04,47.28,81871
10/01/2015,47.44,49.28,43.12,44,90719
10/02/2015,42.8,46.88,41.7608,46.72,57436
10/05/2015,48,49.84,45.44,49.28,67227
10/06/2015,48.88,50.8,47.04,50,64843
10/07/2015,50.4,51.28,48.4,50.16,30138
10/08/2015,49.84,50.64,48.4,49.92,19592
10/09/2015,49.92,50.88,49.2,50.08,19573
10/12/2015,50.56,50.56,48.8,49.28,40224
10/13/2015,49.28,51.04,47.36,47.6,24255
10/14/2015,47.52,55.04,47.36,53.44,99666
10/15/2015,54.96,65.44,53.6,64.56,163224
10/16/2015,64.24,67.84,61.1236,63.12,128512
10/19/2015,62.24,63.52,57.92,59.04,56780
10/20/2015,58.72,60.16,56.48,59.52,81858
10/21/2015,60.16,61.68,57.52,58,75485
10/22/2015,57.92,57.92,52,55.04,51397
10/23/2015,56.24,56.24,52.3808,53.2,48966
10/26/2015,52.96,54,50.8,51.44,46846
10/27/2015,50.08,52.392,47.76,49.52,55952
10/28/2015,49.76,52.56,48.08,51.2,30273
10/29/2015,50.8,52.68,49.3694,50,32317
10/30/2015,48.5608,49.84,44.4815,47.041,55316
11/02/2015,47.04,60.96,47.04,58.68,134947
11/03/2015,58.401,62.96,57.201,58.08,74892
11/04/2015,58,60.32,55.12,56.8,36846
11/05/2015,56.88,57.52,53.52,53.76,19459
11/06/2015,51.28,51.36,43.04,48.68,140799
11/09/2015,48.4,49.52,45.6008,47.72,30643
11/10/2015,47.92,47.92,45.76,46.56,31032
11/11/2015,46.72,46.72,43.92,44.32,38823
11/12/2015,43.92,45.84,43.2,43.3592,46629
11/13/2015,43.04,46.4,42.8008,45.36,28529
11/16/2015,45.04,46.24,43.04,43.04,30326
11/17/2015,43.2,45.12,42.4,43.12,19503
11/18/2015,43.28,44.16,36.56,37.6,156506
11/19/2015,37.36,41.04,37.2008,39.84,45632
11/20/2015,40.24,40.48,37,38,70768
11/23/2015,39.28,43.76,37.6,41.28,51118
11/24/2015,40.88,41.36,39.04,39.44,39042
11/25/2015,38.56,40.4,37.1864,38.6,32154
11/27/2015,38.56,40,38.1784,39.84,7718
11/30/2015,39.84,43.36,39.28,40.4,35592
12/01/2015,40.479,40.88,38.399,39.12,34620
12/02/2015,38.88,42.88,38.88,41.92,42076
12/03/2015,41.36,42.32,39.92,41.2,37067
12/04/2015,40.88,50.4,39.6,44.16,143055
12/07/2015,43.92,44,41.12,42.56,36788
12/08/2015,41.76,43.2,40.32,41.2,36731
12/09/2015,40.8,45.2,40.64,43.8768,93222
12/10/2015,44.08,50.8,42,48.08,327186
12/11/2015,46.88,50,44.56,47.44,135624
12/14/2015,46.96,50.4,46.08,46.32,177829
12/15/2015,47.76,48.56,44.88,46.8,98168
12/16/2015,46.72,52.72,46.64,51.32,190140
12/17/2015,53.12,59.6,51.84,57.2,257017
12/18/2015,58,61.6,53.92,54.32,154903
12/21/2015,55.92,56.72,51.2,54.56,86711
12/22/2015,54.8,56.72,54.16,56.72,98218
12/23/2015,56.16,57.84,53.6,54.484,93482
12/24/2015,53.6,55.92,53.209,55.28,27992
12/28/2015,54.88,55.776,51.44,52.24,60272
12/29/2015,51.84,53.44,46.8808,50,88362
12/30/2015,49.52,51.392,47.76,48.88,49821
12/31/2015,48.8,49.2,46.8,47.2,65471
01/04/2016,45.12,47.04,43.28,44.72,50054
01/05/2016,44.32,45.36,43.76,45.04,39200
01/06/2016,43.76,45.36,40.4,43.12,69721
01/07/2016,42.72,42.72,38.56,38.88,75153
01/08/2016,39.52,41.84,35.12,35.12,81976
01/11/2016,38.48,39.56,31.52,34.64,85111
01/12/2016,35.2,36.4,32.56,33.52,39935
01/13/2016,33.68,34.24,29.6008,30.28,69456
01/14/2016,30.24,34.08,27.2006,33.36,92309
01/15/2016,32.72,34.256,30.16,32.96,45986
01/19/2016,32.8,33.392,30,31.2,34117
01/20/2016,29.92,33.28,28.8808,32.96,30391
01/21/2016,33.28,34.16,32.08,32.6408,17633
01/22/2016,33.52,34.64,32.4808,33.2,28620
01/25/2016,33.44,37.52,33.2,35.28,44598
01/26/2016,34.88,38.88,34.16,36.64,66139
01/27/2016,36.72,38.48,36.24,37.04,26298
01/28/2016,37.2,37.44,36.0856,36.4,15414
01/29/2016,36.72,37.464,36.32,36.96,23470
02/01/2016,37.2,38.56,36.4,37.04,20651
02/02/2016,37.28,37.68,35.2864,36.4,24878
02/03/2016,36.4,36.8,33.6,36.08,26994
02/04/2016,36.48,40.424,36.48,38.16,28661
02/05/2016,37.92,39.04,34.96,35.4407,32909
02/08/2016,35.04,35.6,32.32,33.12,27184
02/09/2016,32.96,33.36,31.36,32.56,18987
02/10/2016,32.8,34.56,32.16,32.72,11176
02/11/2016,32.56,33.36,31.76,32.64,17064
02/12/2016,32.72,33.232,32,32.8768,17177
02/16/2016,36.24,38,34.8,36.72,104416
02/17/2016,37.12,39.84,37.12,37.52,35850
02/18/2016,37.28,38,33.68,34.32,27376
02/19/2016,33.92,35.36,33.28,34.72,17899
02/22/2016,34.96,43.76,34.24,42,302556
02/23/2016,46.08,55.44,44.3208,54.32,1070162
02/24/2016,50,53.04,48.64,50.2,458157
02/25/2016,50.8,52.56,44.96,45.9912,267578
02/26/2016,45.52,46,42,42.4,116882
02/29/2016,42.24,43.136,40,40.96,86596
03/01/2016,40.64,44.4,38.96,43.28,123832
03/02/2016,44.4,45.6,42.8,43.92,71583
03/03/2016,44,44.64,40.96,41.36,73068
03/04/2016,39.04,43.76,38.0088,40,103773
03/07/2016,39.2,46.24,39.2,45.04,88369
03/08/2016,45.04,45.44,41.7607,42.72,40680
03/09/2016,42.24,43.696,40.8,41.12,39803
03/10/2016,40.64,42.32,39.2,39.44,45061
03/11/2016,40,41.92,39.2,41.6,36180
03/14/2016,41.12,42.4,40.64,41.04,28822
03/15/2016,40.56,40.688,38.4,38.8,57626
03/16/2016,38.4,39.52,37.04,37.52,51218
03/17/2016,37.36,39.04,36.456,38.64,31461
03/18/2016,38.64,39.84,38.0808,39.2,45267
03/21/2016,39.2,39.84,38,38.32,19555
03/22/2016,38,41.2,37.6,40.52,51715
03/23/2016,40.24,40.736,37.68,38.24,41657
03/24/2016,38,38.4,37.76,38.4,26841
03/28/2016,38.4,38.4,37.3088,38.24,32530
03/29/2016,37.68,40.8,37.2,40.32,33737
03/30/2016,40.2423,41.232,39.2191,39.68,19195
03/31/2016,39.6,39.92,38.4,38.56,14908
04/01/2016,38.48,39.68,38.08,39.44,14801
04/04/2016,39.6,41.28,39.44,41.2256,46066
04/05/2016,40.88,41.84,39.52,40.08,29143
04/06/2016,40.4,46.32,40.16,43.84,146845
04/07/2016,44.08,44.72,41.2,43.2,44807
04/08/2016,43.84,45.296,40.9653,42,51311
04/11/2016,42.08,43.68,40.88,40.96,20917
04/12/2016,40.96,42.4,40,41.12,23014
04/13/2016,41.76,43.84,40.8,42.96,40365
04/14/2016,42.88,43.68,41.6,42.8,27305
04/15/2016,42.96,42.96,41.04,41.12,30281
04/18/2016,41.44,42.48,40.48,42.08,20992
04/19/2016,41.92,42.48,40.72,41.28,19689
04/20/2016,41.6,41.6,40.64,41.44,20203
04/21/2016,41.44,46,40.96,42.96,116317
04/22/2016,41.84,44.48,40.8,43.28,64961
04/25/2016,43.2,48.4,42.1743,46.8,145490
04/26/2016,46.8,47.2,43.28,43.68,45110
04/27/2016,43.12,44.112,42.24,42.72,30158
04/28/2016,43.2,43.2,40.08,40.48,39429
04/29/2016,39.84,39.84,36.8,37.84,60841
05/02/2016,38.16,38.16,36.8,37.12,29897
05/03/2016,36.88,37.52,36,36.32,26416
05/04/2016,36,36.88,34.72,34.96,27713
05/05/2016,35.2,35.296,32,32.4763,33615
05/06/2016,32.4,33.52,31.6,32.56,32721
05/09/2016,32.32,32.992,32,32.721,15352
05/10/2016,33.12,34.952,30.4,33.76,73612
05/11/2016,33.6,40.4,33.44,34.16,138873
05/12/2016,33.76,35.04,30.8,31.8192,54844
05/13/2016,31.12,32.96,31.12,32,19384
05/16/2016,32.88,33.44,31.12,31.36,21680
05/17/2016,31.52,31.616,30,30.4,32463
05/18/2016,30.32,32.32,28.8,29.52,56722
05/19/2016,29.44,30.32,27.44,27.6,40818
05/20/2016,27.6,29.68,27.2,29.36,34381
05/23/2016,29.12,30.8,28.8008,29.36,25981
05/24/2016,29.52,30.56,28.96,30.4,21433
05/25/2016,30.4,31.36,30.0808,30.96,17633
05/26/2016,30.96,31.36,29.76,31.12,12370
05/27/2016,30.88,30.88,30.08,30.48,15967
05/31/2016,30.32,31.84,30.1728,31.28,23491
06/01/2016,31.36,34.08,30.56,33.4968,51419
06/02/2016,32.88,33.6,31.44,32.64,28860
06/03/2016,32.0839,32.576,30.8,31.404,23397
06/06/2016,31.28,31.76,30.1608,30.8,23144
06/07/2016,30.48,31.2,30.4,31.04,15487
06/08/2016,30.8,31.04,30.4,30.8,17527
06/09/2016,30.64,38,29.76,37.84,313148
06/10/2016,36,36.24,32.08,32.0808,226467
06/13/2016,31.84,32.8,30.24,30.72,89513
06/14/2016,29.12,30.712,29.12,29.84,37483
06/15/2016,29.84,31.96,29.36,30.48,36715
06/16/2016,30,31.04,29.6,30.24,30665
06/17/2016,30.08,30.8,29.8416,29.92,25951
06/20/2016,30.4,31.84,29.905,30.08,26593
06/21/2016,31.04,31.04,29.84,30.56,21298
06/22/2016,30.56,30.96,29.76,30,25723
06/23/2016,30.24,30.8,29.92,30.2,21509
06/24/2016,29.04,30.48,28.4,28.48,51010
06/27/2016,28.08,28.4,25.36,25.44,49221
06/28/2016,25.92,27.2,25.68,26.12,71211
06/29/2016,26.32,28,25.84,27.76,56698
06/30/2016,27.92,29.04,26.88,28.64,40816
07/01/2016,28.4,29.68,27.76,27.92,41065
07/05/2016,27.68,27.92,26.3208,26.48,22768
07/06/2016,26.24,29.44,26.24,27.04,99285
07/07/2016,33.28,35.12,31.36,32.7248,389352
07/08/2016,33.04,33.6,31.68,32.56,84148
07/11/2016,32.48,33.28,31.84,33.2,42680
07/12/2016,33.36,36.4,33,33.6,156554
07/13/2016,34.16,34.912,32.48,33.36,54263
07/14/2016,34.16,34.2,32.478,32.478,29025
07/15/2016,32.48,33.52,31.6,33.12,33433
07/18/2016,33.44,34,32.8,33.2,20178
07/19/2016,33.1968,33.36,31.917,31.997,18162
07/20/2016,32.4,33.04,31.84,32.64,18348
07/21/2016,32.56,33.2,31.84,32.4,25193
07/22/2016,35.2,35.76,33.04,33.04,122315
07/25/2016,33.52,36,33.04,33.96,141554
07/26/2016,34,34.56,33.08,33.2,34567
07/27/2016,33.04,34.08,32.8,33.08,19223
07/28/2016,33.12,33.6,32.8,32.96,29287
07/29/2016,31.6,33.224,29.68,32.3112,117270
08/01/2016,32.48,32.72,31.6,31.68,21132
08/02/2016,31.6,32.08,31,31.76,21512
08/03/2016,31.52,32.4,31.52,32,15864
08/04/2016,32.24,32.48,31.36,31.52,14151
08/05/2016,31.6,31.92,31.28,31.48,16760
08/08/2016,31.68,33.84,31.44,33.28,39536
08/09/2016,32.88,34,31.68,32.16,24495
08/10/2016,32.08,32.08,31.04,31.04,26424
08/11/2016,31.12,32.16,30.24,31.52,37543
08/12/2016,31.36,31.36,30.24,30.56,17087
08/15/2016,30.56,31.36,30.56,31.2,19345
08/16/2016,31.12,31.28,30.16,30.32,19137
08/17/2016,30.24,30.32,28.56,29.2,29257
08/18/2016,29.12,31.28,29.12,30,13350
08/19/2016,29.84,29.84,28.8,28.88,24467
08/22/2016,28.72,29.856,27.9985,28.318,67265
08/23/2016,28.72,30.08,28.32,29.44,39861
08/24/2016,29.36,29.52,27.28,27.68,28728
08/25/2016,27.6,28.24,26.4,26.72,24837
08/26/2016,26.64,27.832,26.64,27.28,25831
08/29/2016,27.52,28.08,26.96,27.52,16751
08/30/2016,27.52,28.24,27.2,27.44,12589
08/31/2016,27.12,27.76,26.48,26.8,18545
09/01/2016,26.64,26.88,26.4,26.88,11740
09/02/2016,27.04,27.76,26.56,27.36,20120
09/06/2016,27.84,27.92,27.2,27.76,17398
09/07/2016,27.84,27.92,25.92,26.56,39597
09/08/2016,26.24,27.04,26,26.8,16911
09/09/2016,26.56,26.72,25.68,25.76,15368
09/12/2016,25.6,26.72,25.36,26.64,21907
09/13/2016,26.24,27.04,25.76,26.96,18248
09/14/2016,26.88,27.52,26.04,26.4,21498
09/15/2016,26.32,27.04,25.76,26.8,22047
09/16/2016,26.72,26.88,25.6,26,39667
09/19/2016,26.24,26.8,25.36,25.6792,41633
09/20/2016,26.08,26.88,25.6,26.24,31985
09/21/2016,26.16,26.48,25.68,25.84,23122
09/22/2016,26.48,26.88,26,26.72,25748
09/23/2016,26.8,27.44,26.08,26.24,20376
09/26/2016,26.08,26.552,26,26.08,14428
09/27/2016,26,27.04,25.68,26.68,33092
09/28/2016,26.8,27.6,26.08,26.761,43604
09/29/2016,26.24,26.84,25.76,26.08,17853
09/30/2016,26.4,28.8,26.0008,28.08,81132
10/03/2016,28.16,28.32,26.968,27.88,16552
10/04/2016,27.84,27.92,26.24,26.56,27236
10/05/2016,26.24,27.36,26.16,26.8,21188
10/06/2016,26.8,26.88,26.24,26.72,13876
10/07/2016,26.96,27.04,25.76,25.84,27457
10/10/2016,26,26.392,25.6,25.92,8781
10/11/2016,25.68,25.84,24.157,24.88,39990
10/12/2016,24.56,25.2,23.2,24.24,40081
10/13/2016,24,25.2,23.76,24.56,26701
10/14/2016,24.88,24.88,23.36,23.4,22677
10/17/2016,23.2,23.608,22.24,23.28,21354
10/18/2016,23.68,23.832,20.4814,22.2015,50592
10/19/2016,22,23.352,21.9488,22.64,15647
10/20/2016,22.4,23.2,22.08,23.12,8362
10/21/2016,22.8,23.6,22.56,22.8472,8465
10/24/2016,22.72,22.88,22.48,22.64,6030
10/25/2016,27.04,28.08,26,26.72,416042
10/26/2016,27.6,27.6,22.8,23.2,96368
10/27/2016,23.92,25.2,22.296,22.8,30568
10/28/2016,22.4,22.44,21.28,22,34867
10/31/2016,21.84,22.088,20.8,20.88,27583
11/01/2016,20.8,20.88,18.8,19.28,62041
11/02/2016,19.92,20.368,17.997,18.3971,54247
11/03/2016,17.2,18,15.44,15.76,101116
11/04/2016,15.68,16.08,15.3344,15.6,33744
11/07/2016,16.001,16.08,14.56,14.88,58249
11/08/2016,14.641,14.96,13.68,14,46919
11/09/2016,14.08,15.2,13.76,15.04,61995
11/10/2016,15.2,16.56,15.2,16,45654
11/11/2016,16,17.36,15.84,17.2,36716
11/14/2016,17.6,18.048,16.723,17.36,29534
11/15/2016,17.36,18.76,17.28,18.72,47732
11/16/2016,18.8,19.76,17.68,19.2,38363
11/17/2016,19.36,20,18.56,19.52,30669
11/18/2016,19.52,19.84,18.16,18.8,25613
11/21/2016,18.64,18.88,18.24,18.56,18569
11/22/2016,18.64,19.12,16.88,17.04,32250
11/23/2016,16.6408,17.44,16.48,16.7208,19439
11/25/2016,16.56,17.36,16,16.36,7021
11/28/2016,16.24,16.96,16.16,16.88,15737
11/29/2016,16.64,16.904,16.4792,16.639,10959
11/30/2016,16.64,16.8,16,16.32,22931
12/01/2016,16.56,16.72,15.04,15.28,53688
12/02/2016,15.2,15.76,14.96,15.04,26678
12/05/2016,15.2,15.6,14.96,15.36,19328
12/06/2016,15.44,16.24,15.2,15.68,32778
12/07/2016,15.76,16.88,15.52,15.76,56704
12/08/2016,15.76,16.264,15.52,16.16,14549
12/09/2016,16,17.128,15.92,16.64,40219
12/12/2016,16.8,16.88,15.84,15.92,21765
12/13/2016,16.08,16.24,14.8,14.96,30341
12/14/2016,15.12,15.52,14.8,14.88,24390
12/15/2016,14.8,15.12,14.4,14.72,24740
12/16/2016,14.48,15.2,14.48,14.56,25961
12/19/2016,15.04,15.28,14.48,15.12,34960
12/20/2016,15.12,15.84,14.94,15.44,21001
12/21/2016,15.44,16.16,15.28,15.52,38064
12/22/2016,16.8,19.84,16.16,16.32,314481
12/23/2016,16.48,17.2,15.52,17.04,54874
12/27/2016,17.28,18.24,17.28,17.84,57414
12/28/2016,18,18.4,16.4,16.64,46173
12/29/2016,16.56,17.2,16.08,16.08,32218
12/30/2016,16.16,16.8,15.68,15.72,54766
01/03/2017,15.92,16.08,15.68,15.76,15351
01/04/2017,15.76,16.72,15.68,16.72,21551
01/05/2017,16.64,16.72,15.84,16.32,11695
01/06/2017,16.24,16.584,15.6,15.92,20720
01/09/2017,15.84,15.84,14.16,14.64,82550
01/10/2017,14.72,14.96,14.48,14.8,18183
01/11/2017,15.2,15.2,13.76,14,47327
01/12/2017,14.4,14.8,14,14.64,38381
01/13/2017,14.88,15.2,14.4,14.56,28032
01/17/2017,14.64,14.64,14,14.16,9815
01/18/2017,14.08,14.4,13.76,13.84,14716
01/19/2017,13.76,13.76,12.16,12.96,53358
01/20/2017,13.04,13.12,12.16,13.12,23314
01/23/2017,13.12,13.12,12.24,12.32,18562
01/24/2017,12.16,12.16,10.56,10.96,54682
01/25/2017,11.36,11.52,10.8,10.881,43693
01/26/2017,10.72,11.12,10.56,10.8,34195
01/27/2017,10.72,11.28,10.72,11.28,18422
01/30/2017,11.2,11.44,10.56,11.12,30757
01/31/2017,11.12,11.6,10.8,11.48,31822
02/01/2017,11.84,12,11.12,11.84,39353
02/02/2017,12.8,13.12,12.08,12.161,64408
02/03/2017,12.32,12.6,12.24,12.521,25057
02/06/2017,12.88,12.88,12.24,12.24,32027
02/07/2017,12.4,22.64,12.2424,22,1122816
02/08/2017,17.6,18.712,15.44,15.92,589441
02/09/2017,15.52,16.08,14.4008,15.6,147106
02/10/2017,16,17.2,15.12,16.0808,106189
02/13/2017,16.38,16.38,14.6565,15.516,69529
02/14/2017,15.12,15.44,14.4,14.4,72982
02/15/2017,14.4,14.96,13.84,14.32,75800
02/16/2017,14.08,14.24,13.6,13.96,44234
02/17/2017,14,14.88,13.76,14.72,72318
02/21/2017,14.8,15.44,14.08,14.16,95167
02/22/2017,14.24,14.32,13.36,13.52,53570
02/23/2017,13.6,14.064,13.198,13.678,33988
02/24/2017,13.44,13.68,12.4,13.44,62870
02/27/2017,13.6,13.76,12.96,13.36,43998
02/28/2017,12.96,13.6,12.88,13.2,43011
03/01/2017,13.2,13.44,12.718,12.72,43186
03/02/2017,12.72,12.8,12,12.24,54883
03/03/2017,12.16,12.568,12.0769,12.32,27181
03/06/2017,12.4,12.72,11.04,11.8,107975
03/07/2017,11.6,12.8,11.2,12.32,93500
03/08/2017,12.48,14.4,12.24,13.681,180930
03/09/2017,14,14.08,11.84,12.4,107241
03/10/2017,11.52,11.792,10.56,11.602,118111
03/13/2017,11.28,11.52,10.8,11.04,35401
03/14/2017,10.8,10.8,9.92,10.08,84342
03/15/2017,10.08,10.32,9.36,9.76,79402
03/16/2017,9.6,9.92,8.96,9.68,83820
03/17/2017,9.52,10.32,9.28,9.92,96526
03/20/2017,10,10.32,9.5,9.6,54639
03/21/2017,9.76,9.76,9.2,9.28,52375
03/22/2017,9.28,9.36,8.48,8.88,133628
03/23/2017,9.12,9.76,8.88,9.672,83486
03/24/2017,9.68,10.24,9.36,9.88,64237
03/27/2017,10,10.4,9.68,10.24,54235
03/28/2017,10.8,11.28,10.48,11.04,177689
03/29/2017,11.04,11.28,10,10.36,187984
03/30/2017,10.32,10.4,9.76,10.08,48454
03/31/2017,10.08,10.56,9.76,9.88,102141
04/03/2017,10,10.16,9.2,9.52,58221
04/04/2017,9.44,10.24,8.9216,9.36,155652
04/05/2017,9.28,9.6,8.88,9.44,54800
04/06/2017,9.36,9.6,8.96,9.44,16258
04/07/2017,9.36,9.84,9.28,9.52,25798
04/10/2017,9.68,9.68,9.04,9.28,41290
04/11/2017,9.68,11.28,9.3608,9.7592,212331
04/12/2017,9.68,9.92,9.28,9.28,50685
04/13/2017,11.52,12.24,9.6,10.16,731105
04/17/2017,10,10.08,9.28,9.6,88946
04/18/2017,9.52,9.6,9.2,9.44,55042
04/19/2017,9.44,9.44,9.2,9.36,65667
04/20/2017,9.2,9.84,9.2,9.32,53089
04/21/2017,9.36,9.44,8.84,8.88,90262
04/24/2017,9.12,9.2,8.8,8.96,28975
04/25/2017,9.04,9.44,8.88,9.24,68005
04/26/2017,9.28,9.52,9.28,9.44,37384
04/27/2017,9.6,9.68,9.2,9.28,43290
04/28/2017,9.2,9.36,9.2,9.24,17923
05/01/2017,9.2,9.36,9.12,9.36,20718
05/02/2017,9.2,10.72,9.2,10.36,230517
05/03/2017,10.24,10.384,9.76,10.16,62612
05/04/2017,9.68,9.68,9.12,9.48,52039
05/05/2017,9.52,9.52,9.28,9.4,17434
05/08/2017,9.28,9.36,9.2,9.36,22279
05/09/2017,9.28,9.36,9.2,9.36,30217
05/10/2017,9.28,9.6,9.12,9.36,39345
05/11/2017,9.52,9.52,9.28,9.28,15627
05/12/2017,9.36,9.52,9.28,9.28,18186
05/15/2017,9.36,9.36,9.28,9.28,12261
05/16/2017,9.28,9.52,9.2,9.24,13449
05/17/2017,9.28,9.44,9.2,9.2,18428
05/18/2017,9.2,9.52,8.96,9.2,34121
05/19/2017,9.2,9.28,9.04,9.08,24021
05/22/2017,9.04,9.12,8.88,9,25951
05/23/2017,9.12,9.52,8.88,9.52,55551
05/24/2017,9.52,9.92,9.52,9.68,51757
05/25/2017,9.76,9.84,9.28,9.4,25047
05/26/2017,9.52,9.52,9.12,9.24,12161
05/30/2017,9.2,9.28,9.12,9.16,16362
05/31/2017,9.2,9.208,9.1176,9.158,18969
06/01/2017,9.12,9.2,9.04,9.08,22302
06/02/2017,9.12,9.2,9.04,9.16,21891
06/05/2017,9.2,9.2,8.96,8.96,24604
06/06/2017,9.04,9.2,8.88,9.08,39513
06/07/2017,9.12,9.2,8.96,8.96,13647
06/08/2017,8.96,9.44,8.88,9.12,30258
06/09/2017,9.04,9.44,9.04,9.196,28057
06/12/2017,9.2,9.36,8.8,8.88,34460
06/13/2017,9.04,9.2,8.88,8.96,25457
06/14/2017,8.96,9.2,8.96,9.2,10874
06/15/2017,9.12,9.28,9.04,9.16,23130
06/16/2017,9.2784,9.336,8.878,8.958,33172
06/19/2017,8.96,9.2,8.88,9.12,26721
06/20/2017,9.12,9.52,9.04,9.32,47570
06/21/2017,9.44,10.24,9.44,10,85398
06/22/2017,10,10.48,9.68,9.84,49219
06/23/2017,9.76,10.32,9.36,9.52,209605
06/26/2017,9.44,10.8,9.44,10.48,100995
06/27/2017,10.56,11.04,10.4,10.4,102066
06/28/2017,10.48,10.64,10,10.28,23568
06/29/2017,10.24,10.48,9.68,10.16,57763
06/30/2017,10.24,10.24,10,10.04,10714
07/03/2017,11.6,11.68,10,10.08,223236
07/05/2017,10.56,10.8,10,10.4,88270
07/06/2017,10.48,10.52,9.52,10.4,79027
07/07/2017,10.08,10.4,9.6,9.64,30848
07/10/2017,9.6,10,9.28,9.44,41265
07/11/2017,9.36,10.4,9.36,10.32,95264
07/12/2017,10.32,10.48,9.92,9.92,32215
07/13/2017,9.92,10.16,9.84,10.08,7622
07/14/2017,10.08,10.72,10.08,10.52,34138
07/17/2017,10.64,11.12,10.48,10.8,42081
07/18/2017,10.88,10.96,10.08,10.36,19451
07/19/2017,10.24,10.64,10.08,10.28,18861
07/20/2017,10.24,10.48,10.168,10.24,9630
07/21/2017,10.24,10.4,10,10.12,14009
07/24/2017,10.08,10.24,9.84,9.88,9028
07/25/2017,9.76,9.92,9.68,9.68,23454
07/26/2017,9.6769,10.128,9.6769,9.92,43932
07/27/2017,9.84,10.24,9.84,9.92,17670
07/28/2017,10.16,10.16,9.84,9.92,7776
07/31/2017,10,10.16,9.84,9.84,10880
08/01/2017,9.92,9.952,9.6,9.64,47865
08/02/2017,9.68,10,9.68,9.76,20602
08/03/2017,9.76,9.92,9.7288,9.7608,7339
08/04/2017,9.7608,9.92,9.52,9.52,15006
08/07/2017,9.6,9.6,8.959,8.959,59246
08/08/2017,9.12,9.2,8.96,9.08,14585
08/09/2017,9.12,9.2,8.96,8.96,30179
08/10/2017,9.04,9.112,8.64,8.682,37750
08/11/2017,8.64,8.8,7.2,7.6824,52080
08/14/2017,7.7128,8.48,7.7128,8.28,28073
08/15/2017,8.32,8.32,7.96,8.2384,16409
08/16/2017,8.16,8.4,7.84,8.04,21045
08/17/2017,8,8.4,7.84,8.0008,29044
08/18/2017,8.176,8.176,7.6785,7.7585,15182
08/21/2017,7.7816,8.08,7.68,8.08,12942
08/22/2017,8.16,8.48,8.0808,8.16,15751
08/23/2017,8.32,8.48,8.0968,8.24,12003
08/24/2017,8.16,8.24,7.84,8,11582
08/25/2017,8,8.16,7.9232,8,14663
08/28/2017,8.8,9.12,8.48,8.64,113422
08/29/2017,8.8,9.36,8.64,8.72,66034
08/30/2017,8.64,8.88,8.56,8.72,15891
08/31/2017,8.64,9.28,8.64,9.12,37870
09/01/2017,9.12,9.2,8.8,8.84,14221
09/05/2017,8.96,9.12,8.8,8.84,7335
09/06/2017,8.96,9.12,8.88,8.92,12698
09/07/2017,9.12,9.2,8.88,9.2,38854
09/08/2017,9.2,9.36,8.64,8.72,29646
09/11/2017,9.04,11.52,8.72,10.16,392523
09/12/2017,10,10.4,9.2,9.44,142716
09/13/2017,9.44,9.68,9.2,9.6,35118
09/14/2017,9.6,9.672,9.28,9.48,29806
09/15/2017,9.36,9.5472,9.28,9.28,22635
09/18/2017,8.88,9.6,8.8,9.2,55495
09/19/2017,9.28,9.288,9.04,9.043,14712
09/20/2017,9.04,9.28,9.04,9.2,13329
09/21/2017,9.36,9.44,9.2,9.2,18783
09/22/2017,9.2,9.44,9.2,9.44,22103
09/25/2017,9.44,10.16,9.3608,9.8312,49366
09/26/2017,9.84,10,9.52,9.52,25276
09/27/2017,9.6,10,9.6,9.76,17090
09/28/2017,9.68,9.76,9.6,9.6,9255
09/29/2017,9.68,9.76,9.6,9.6,14475
10/02/2017,9.6,9.76,9.52,9.6,14378
10/03/2017,9.6,9.736,8.8829,9.043,70553
10/04/2017,9.2,9.44,9.12,9.2,28350
10/05/2017,9.36,9.36,9.12,9.12,19396
10/06/2017,9.28,9.36,9.04,9.04,29024
10/09/2017,9.28,9.36,8.96,9.04,22236
10/10/2017,9.12,10,9.12,9.28,134340
10/11/2017,9.2,9.36,9.04,9.12,17166
10/12/2017,9.12,9.832,9.04,9.6,66059
10/13/2017,9.6,9.76,9.2,9.28,16166
10/16/2017,9.44,9.44,8.88,9.04,28009
10/17/2017,10,10.16,9.12,9.36,257601
10/18/2017,9.52,9.52,9.12,9.2744,33127
10/19/2017,9.36,9.36,8.88,9.04,38674
10/20/2017,9.04,9.28,8.72,9.1552,38952
10/23/2017,9.2,9.2,8.8,8.88,17109
10/24/2017,8.88,8.88,8.64,8.64,25977
10/25/2017,8.72,9.12,8.4,9.12,43835
10/26/2017,9.12,9.2,8.64,8.72,11544
10/27/2017,8.64,8.8,8.5248,8.72,12923
10/30/2017,8.72,8.72,8.48,8.48,20349
10/31/2017,8.4,8.72,8.4,8.56,6816
11/01/2017,8.64,8.72,8.56,8.64,7983
11/02/2017,9.6,10.32,8.8,9.52,402410
11/03/2017,8.88,9.44,8.88,9.1016,65939
11/06/2017,9.36,9.6,9.04,9.52,60045
11/07/2017,9.28,9.52,9.12,9.36,24904
11/08/2017,9.68,9.84,9.36,9.592,99744
11/09/2017,9.68,9.76,9.28,9.52,17246
11/10/2017,9.76,9.76,9.28,9.512,21810
11/13/2017,9.36,9.76,9.28,9.68,14894
11/14/2017,9.52,10,9.44,9.44,35731
11/15/2017,9.44,9.6,9.04,9.2,31630
11/16/2017,9.04,9.28,9.04,9.2,19661
11/17/2017,9.2,9.44,9.12,9.36,25795
11/20/2017,9.28,9.6,9.28,9.52,15085
11/21/2017,9.44,9.6,9.12,9.2,46541
11/22/2017,9.28,9.52,9.12,9.44,24014
11/24/2017,9.52,10.16,9.448,9.68,55298
11/27/2017,9.92,11.76,9.28,10,300711
11/28/2017,10,11.04,9.6,10.4,92487
11/29/2017,10.4,10.88,10.2344,10.56,39637
11/30/2017,10.72,10.72,9.8,9.84,71121
12/01/2017,9.84,11.04,9.28,11.04,245560
12/04/2017,11.04,13.2,10.96,12.16,445143
12/05/2017,12.08,12.56,11.36,11.88,91287
12/06/2017,11.84,13.76,11.52,13.44,224471
12/07/2017,13.7608,14.64,12.5607,12.8007,202837
12/08/2017,12.96,14.552,12.8,14,158789
12/11/2017,14.48,16.32,14.4,16,293842
12/12/2017,16.32,20.4,16.16,18.681,480303
12/13/2017,18.8,19.84,16.64,17.36,230630
12/14/2017,17.52,17.752,14.72,15.2,200960
12/15/2017,15.2,16.48,15.12,16.08,117035
12/18/2017,16.44,16.68,15.0456,15.4496,79026
12/19/2017,15.76,15.84,12.8,14.24,100259
12/20/2017,14.08,15.52,14,15.2008,52774
12/21/2017,15.28,16.08,15.1656,15.36,60676
12/22/2017,15.44,15.52,14.4,15.08,58245
12/26/2017,15.2,16.24,15.2,16,90988
12/27/2017,16,16.08,15.52,15.92,45434
12/28/2017,16,16.08,15.52,16,37370
12/29/2017,16.16,16.32,15.12,15.28,50122
01/02/2018,15.3585,16.232,15.3585,16.078,83051
01/03/2018,16.16,16.16,15.36,15.92,44420
01/04/2018,16,17.2,15.6,16.32,149363
01/05/2018,16.8,16.8,15.76,16,67098
01/08/2018,16.08,16.24,14.72,15.38,56183
01/09/2018,15.36,15.76,14.92,15.08,33350
01/10/2018,15.36,15.92,15.04,15.76,34256
01/11/2018,15.92,16,15.6,16,30229
01/12/2018,16.08,16.24,16,16.16,87061
01/16/2018,16.16,16.24,15.28,15.84,65903
01/17/2018,16,16,14.4,15.28,74652
01/18/2018,15.44,15.44,14.8,14.9608,26049
01/19/2018,15.12,15.12,14.48,14.64,19971
01/22/2018,14.4,15.2,14.4,15.04,25878
01/23/2018,14.96,15.36,14.96,15.28,25631
01/24/2018,15.36,15.52,15.2,15.44,18077
01/25/2018,15.6,15.68,15.36,15.44,22366
01/26/2018,15.6,15.6,15.2,15.28,13276
01/29/2018,15.36,15.44,15.04,15.36,21764
01/30/2018,15.361,15.44,14.96,15.12,21648
01/31/2018,15.2,15.44,14.878,14.9584,19844
02/01/2018,14.96,15.36,14.88,15.28,19630
02/02/2018,15.36,17.36,15.36,16.24,181297
02/05/2018,17.12,20.64,16.88,18.48,1038002
02/06/2018,18.08,18.08,15.6,16,267277
02/07/2018,16.16,16.4,15.12,15.76,87930
02/08/2018,15.68,16,14.4,14.8,80380
02/09/2018,14.64,14.648,12.4,13.764,145612
02/12/2018,13.6,14.28,13.364,13.52,69023
02/13/2018,13.6,13.6,12.64,13.12,61910
02/14/2018,13.12,13.736,12.8816,13.441,49687
02/15/2018,13.5192,14.32,13.5048,14.039,40779
02/16/2018,14.4,14.632,13.6,13.6008,74020
02/20/2018,13.76,13.92,12.8,12.88,78178
02/21/2018,12.72,13.12,12.4,12.4,53788
02/22/2018,12.4,12.8,12.248,12.4,31942
02/23/2018,12.32,12.8,12.32,12.72,40343
02/26/2018,12.88,12.96,12.5184,12.64,41547
02/27/2018,12.72,13.2,11.6,12,316146
02/28/2018,12,12.32,11.128,12,100937
03/01/2018,11.92,12.64,11.52,12.48,41920
03/02/2018,12.4,13.28,12.16,13.2,51303
03/05/2018,13.36,14.96,13.28,14.48,97630
03/06/2018,14.8,15.04,14.16,14.4,48798
03/07/2018,14.24,15.04,14,14.9584,81985
03/08/2018,16.56,16.56,12.8,13.8,213262
03/09/2018,13.76,15.2,12.96,14.88,164028
03/12/2018,15.12,15.52,14.16,15.0664,78612
03/13/2018,15.36,15.512,14.7969,15.36,37289
03/14/2018,15.52,15.52,14.88,15.36,30049
03/15/2018,15.68,15.68,14.96,15.12,20314
03/16/2018,15.12,15.76,14.96,15.68,39876
03/19/2018,15.6,15.76,15.28,15.28,23248
03/20/2018,15.28,15.352,14.88,15.12,21508
03/21/2018,15.12,15.84,14.96,15.624,38803
03/22/2018,15.44,16.8,15.44,15.68,62401
03/23/2018,15.76,16.4,15.44,16,36040
03/26/2018,16.1616,16.28,15.44,15.68,27311
03/27/2018,15.757,15.992,14.977,15.04,29395
03/28/2018,15.04,15.48,14.56,14.8,21169
03/29/2018,14.72,15.6,14.72,15.36,17621
04/02/2018,15.36,15.52,14.8,14.96,23024
04/03/2018,14.96,15.2,14.5608,15.12,13704
04/04/2018,14.88,15.04,14.4,14.52,22462
04/05/2018,14.56,14.72,12.888,13.4,71482
04/06/2018,13.6,14,13.52,13.6,12238
04/09/2018,13.597,13.8,13.037,13.1969,30959
04/10/2018,13.28,14.24,13.2,13.76,41572
04/11/2018,13.92,13.92,13.3648,13.68,17628
04/12/2018,13.6,14.32,13.6,14,21402
04/13/2018,14.08,14.4,13.52,14.4,17048
04/16/2018,14.4,14.4,13.76,13.76,13380
04/17/2018,13.84,14.24,13.68,13.92,16700
04/18/2018,13.76,14.04,13.44,13.6,22191
04/19/2018,13.6,13.84,13.28,13.36,16022
04/20/2018,13.28,13.52,13.2,13.36,9710
04/23/2018,13.2,13.44,13.08,13.28,21638
04/24/2018,13.2,13.76,12.88,13.6,18199
04/25/2018,13.44,13.76,13.04,13.2,15958
04/26/2018,12.8,13.52,12.8,12.96,20388
04/27/2018,12.96,13.44,12.88,13.28,14183
04/30/2018,12.8,13.44,12.8,13.2,17403
05/01/2018,12.96,13.04,12.4015,12.4815,21626
05/02/2018,12.64,12.72,12,12.08,28795
05/03/2018,12,12.304,11.4445,11.84,26222
05/04/2018,11.84,13.68,11.68,13.2,69264
05/07/2018,13.68,14,12.08,12.16,49733
05/08/2018,12.56,14.8,12.56,14.48,140665
05/09/2018,14.72,16.8,14,16.24,214040
05/10/2018,16.48,17.192,15.197,15.44,130058
05/11/2018,14,15.52,13.2,15.2,91864
05/14/2018,14.96,15.84,14.48,15.52,50730
05/15/2018,15.68,16,14.96,15.76,48339
05/16/2018,15.84,16.72,15.68,16.4792,84255
05/17/2018,16.56,16.96,16.08,16.8,45642
05/18/2018,16.8,17.44,16.72,17.3536,59955
05/21/2018,17.44,17.6,16.24,16.52,52443
05/22/2018,16.48,17.52,16.2648,17.52,31828
05/23/2018,17.36,17.92,16.88,17.52,36671
05/24/2018,17.6,17.92,17.44,17.84,33702
05/25/2018,17.84,18,16.72,16.92,36834
05/29/2018,17.04,17.2,16.408,16.64,35165
05/30/2018,16.56,17.04,15.48,15.5176,51681
05/31/2018,15.2,16.32,15.2,16.2928,32420
06/01/2018,16.4,16.712,15.16,15.36,48209
06/04/2018,15.442,16.08,15.2,15.322,39195
06/05/2018,15.28,15.84,15.04,15.12,20896
06/06/2018,15.28,15.512,14.96,15.082,32170
06/07/2018,14.88,15.2,14.238,14.358,53975
06/08/2018,14.4,14.656,14.16,14.16,25335
06/11/2018,14.48,15.2,14.4,14.72,37171
06/12/2018,14.8,14.88,14.4,14.64,31183
06/13/2018,14.64,15.12,14.64,14.72,19965
06/14/2018,14.64,14.96,14.32,14.32,28180
06/15/2018,14.32,14.56,14.32,14.4,12794
06/18/2018,14.48,14.8,14,14.04,28699
06/19/2018,14,14.24,13.6,14.24,39265
06/20/2018,14,15.04,14,14.56,31263
06/21/2018,14.32,14.952,13.84,13.88,17844
06/22/2018,13.84,14.16,13.44,14,42343
06/25/2018,14.08,14.08,13.2,13.52,41411
06/26/2018,13.52,14.08,13.44,13.68,17939
06/27/2018,13.68,14,13.28,13.36,17632
06/28/2018,13.6,13.76,13.2,13.44,24091
06/29/2018,13.44,13.6,13.118,13.12,30750
07/02/2018,13.28,13.52,13.1184,13.4,13078
07/03/2018,13.44,13.6,13.04,13.12,9964
07/05/2018,13.12,13.84,13.12,13.6,22441
07/06/2018,13.6,14.32,13.6,14.24,28336
07/09/2018,14.48,14.68,14.248,14.52,25075
07/10/2018,14.72,14.8,14.08,14.16,23257
07/11/2018,14.08,14.4,13.52,13.68,19319
07/12/2018,14,14.4,13.68,14.3496,11174
07/13/2018,14.56,14.56,14,14.08,11663
07/16/2018,14.24,14.32,13.84,14.2,13292
07/17/2018,14.4,14.536,13.92,14,23406
07/18/2018,14,14.072,13.36,13.44,38029
07/19/2018,13.6,13.76,13.36,13.52,14629
07/20/2018,13.6,13.6,13.28,13.36,12699
07/23/2018,13.44,13.52,12.88,12.88,30833
07/24/2018,12.96,13.112,12.08,12.24,48476
07/25/2018,12.8,13.112,12.295,12.96,20582
07/26/2018,13.12,13.44,12.96,13.28,13609
07/27/2018,13.36,13.36,12.48,12.72,23537
07/30/2018,12.88,12.96,12.4,12.56,20040
07/31/2018,12.56,13.272,12.56,12.96,24581
08/01/2018,12.88,13.04,12.48,12.64,10927
08/02/2018,12.56,12.72,12.4,12.64,6441
08/03/2018,12.72,13.6,12.56,13.36,30352
08/06/2018,13.36,13.52,12.96,13.04,16871
08/07/2018,13.12,13.6,12.9608,13.44,16707
08/08/2018,13.1192,13.232,12.159,12.24,71855
08/09/2018,12.08,12.64,12.08,12.4,16731
08/10/2018,12.4,13.12,12.16,12.88,34515
08/13/2018,12.96,12.96,12.3992,12.4,10720
08/14/2018,12,12.72,12,12.48,12888
08/15/2018,12.64,12.64,12,12.08,19609
08/16/2018,12.8,12.872,12.16,12.32,20644
08/17/2018,12.4,12.8,12.32,12.32,14275
08/20/2018,12.48,12.8,12.32,12.64,15981
08/21/2018,12.8,13.2,12.64,12.88,26668
08/22/2018,12.88,13.28,12.8008,13.04,18277
08/23/2018,13.04,13.184,12.878,12.96,9677
08/24/2018,12.96,13.112,12.479,12.519,16939
08/27/2018,12.48,13.04,12.4,12.8,22159
08/28/2018,12.64,12.8,12.56,12.8,13999
08/29/2018,12.8,13.2,12.64,13.04,19150
08/30/2018,13.28,14.16,13.2,13.92,109293
08/31/2018,13.9184,14.064,13.4385,13.44,44563
09/04/2018,13.84,14,13.12,13.96,39905
09/05/2018,14,14,13.2,13.44,23608
09/06/2018,13.36,14.56,13.36,14,71927
09/07/2018,14,14.16,13.4976,13.68,31811
09/10/2018,13.84,13.992,13.36,13.52,21118
09/11/2018,13.52,13.52,12.8,12.8792,41973
09/12/2018,12.8,13.2,12.8,12.88,20784
09/13/2018,13.12,13.76,13.12,13.76,43729
09/14/2018,13.68,13.92,13.36,13.92,23816
09/17/2018,14,14.96,14,14.72,87100
09/18/2018,15.28,15.36,14,14.08,49137
09/19/2018,14.4,14.4,13.76,13.98,23542
09/20/2018,14.16,15.12,14,14.164,47247
09/21/2018,14.24,15.04,14,14.8,42237
09/24/2018,14.96,15.04,14.48,14.72,23669
09/25/2018,14.8,15.68,14.56,15.52,71833
09/26/2018,15.76,15.84,15.28,15.68,30429
09/27/2018,15.84,15.84,14.8,14.96,27820
09/28/2018,15.04,15.448,14.96,15.12,17673
10/01/2018,15.202,15.312,14.48,14.5223,28353
10/02/2018,14.56,14.88,14,14.16,23792
10/03/2018,14,14.32,13.84,14.08,14738
10/04/2018,14,14.56,14,14.08,17659
10/05/2018,14.16,14.32,13.36,13.44,29220
10/08/2018,13.36,13.6,12.8,12.88,27373
10/09/2018,12.8,13.36,12.8,12.96,18636
10/10/2018,13.04,13.112,12.4,12.4038,30001
10/11/2018,12.4,13.12,12.32,12.88,38765
10/12/2018,12.8777,13.224,12.5577,12.88,18010
10/15/2018,13.2,13.352,12.8,12.96,15718
10/16/2018,13.04,13.6,12.968,13.52,21827
10/17/2018,13.68,13.68,13.04,13.36,7989
10/18/2018,13.2,13.28,12.8,12.88,18842
10/19/2018,13.04,13.136,12.48,12.56,20695
10/22/2018,12.8,13.44,12.48,12.9592,20001
10/23/2018,13.1208,13.432,12.561,13.12,22718
10/24/2018,12.96,13.12,12.64,12.88,26993
10/25/2018,12.72,13.12,12.64,12.8,18596
10/26/2018,12.56,12.96,12.56,12.8,14425
10/29/2018,12.8,12.8,12.24,12.56,24414
10/30/2018,12.4,12.8,12.16,12.64,11601
10/31/2018,12.64,12.8,12.48,12.8,10557
11/01/2018,12.64,13.28,12.64,13.12,14307
11/02/2018,13.04,13.92,12.8,13.6,53349
11/05/2018,13.52,14.08,13.44,13.9976,21910
11/06/2018,13.84,14.16,13.6,14,21687
11/07/2018,14,14.08,13.6,13.6,19530
11/08/2018,13.6,13.68,12.8,12.8,23677
11/09/2018,12.64,13.376,12.0007,12.401,77013
11/12/2018,12.24,12.48,11.52,11.68,37524
11/13/2018,11.36,12,11.28,11.76,75565
11/14/2018,11.8416,11.864,10.48,11.04,78848
11/15/2018,10.96,11.2,10.32,10.32,56657
11/16/2018,10.24,10.64,9.68,9.84,82662
11/19/2018,9.6,10,9.6,9.6,73115
11/20/2018,9.6,9.648,9.1238,9.44,64052
11/21/2018,9.28,9.92,9.04,9.68,99457
11/23/2018,9.6,9.68,9.2,9.2,23229
11/26/2018,9.2,9.28,8.24,8.6456,120688
11/27/2018,8.48,9.12,8.4,8.48,78523
11/28/2018,8.48,9.04,8.48,8.72,45754
11/29/2018,8.8,9.04,8.56,8.681,28796
11/30/2018,8.8,9.016,8.478,8.64,45728
12/03/2018,8.8,8.8,8.08,8.4,117585
12/04/2018,8.4,8.72,7.4408,8.048,97773
12/06/2018,7.92,8.16,7.3664,7.7248,69551
12/07/2018,7.7352,8.64,7.28,8.5576,212637
12/10/2018,8.56,8.96,7.2,8.4128,263362
12/11/2018,8.56,8.56,7.36,7.6008,123646
12/12/2018,7.44,7.68,7.28,7.328,71622
12/13/2018,7.44,7.52,6.5444,6.8083,107155
12/14/2018,7.48,7.6,6.9656,7.2808,112528
12/17/2018,7.44,7.464,6.9578,7.0337,53690
12/18/2018,7.1216,7.304,6.88,6.9191,57678
12/19/2018,7.072,7.072,5.9993,6.0073,79782
12/20/2018,5.9984,6.016,5.6801,5.9192,76203
12/21/2018,6.004,6.344,5.084,6.3408,160203
12/24/2018,6.4,7.36,6.2416,7.1248,79892
12/26/2018,7.76,7.76,6.7056,6.8096,139411
12/27/2018,6.96,7.12,6.4344,6.7992,38453
12/28/2018,7.6,7.6,6.72,7.52,73208
12/31/2018,7.52,7.6,6.64,7.0848,76791
01/02/2019,7.2,7.912,7.1248,7.88,45287
01/03/2019,7.872,7.872,7.6,7.7968,16102
01/04/2019,7.8336,8.16,7.6816,7.88,27934
01/07/2019,7.28,8.12,7.2,7.9992,32796
01/08/2019,8.16,8.16,7.2936,7.5784,38344
01/09/2019,7.664,7.84,7.4024,7.84,52371
01/10/2019,7.44,7.84,7.44,7.7296,32357
01/11/2019,7.5704,7.84,7.536,7.776,22584
01/14/2019,7.6792,7.784,6.8,7.2,39542
01/15/2019,7.2,7.368,6.8056,7.1376,46893
01/16/2019,7.04,7.12,6.56,6.5928,23661
01/17/2019,6.856,6.856,6.2385,6.3745,35188
01/18/2019,6.4,6.48,6.2408,6.4,42667
01/22/2019,6.4008,6.48,6.32,6.4,35132
01/23/2019,6.48,6.672,6.3985,6.5184,70241
01/24/2019,6.52,6.672,6.4,6.64,37375
01/25/2019,6.64,6.92,6.56,6.7023,40980
01/28/2019,6.8,7.04,6.72,6.9632,44669
01/29/2019,6.96,7.12,6.6408,6.7128,46264
01/30/2019,6.6832,6.72,6.4,6.48,35672
01/31/2019,6.4392,6.512,6.24,6.4,39311
02/01/2019,6.4,6.432,6.2888,6.3232,17962
02/04/2019,6.24,6.4,6.088,6.1488,34687
02/05/2019,6.16,6.24,5.772,5.9656,45745
02/06/2019,5.9608,6.112,5.7608,5.777,22105
02/07/2019,5.773,5.992,5.693,5.7297,22928
02/08/2019,5.92,5.92,5.56,5.5776,24726
02/11/2019,5.76,5.76,5.44,5.4808,37947
02/12/2019,5.3822,5.968,5.3822,5.7983,96815
02/13/2019,5.84,6.08,5.6768,5.9192,66512
02/14/2019,5.944,6,5.76,5.92,26048
02/15/2019,5.9192,5.92,5.76,5.8264,21279
02/19/2019,5.824,5.96,5.76,5.9208,15756
02/20/2019,5.816,6.16,5.816,6.0656,14310
02/21/2019,6.1584,6.48,6.0408,6.32,80134
02/22/2019,6.4,6.4,6.2272,6.2936,32908
02/25/2019,6.4,6.4,5.52,5.54,73464
02/26/2019,5.68,6,5.68,5.92,45947
02/27/2019,6,6.08,5.6008,5.6168,55966
02/28/2019,5.6,5.752,5.3607,5.4576,70603
03/01/2019,5.52,5.96,5.36,5.9416,80440
03/04/2019,6.397,6.936,6.1172,6.4826,228826
03/05/2019,6.656,6.72,6.4,6.576,40173
03/06/2019,6.8,6.88,6.4,6.4376,36525
03/07/2019,6.48,6.48,6.16,6.32,34118
03/08/2019,6.0815,6.64,6.0815,6.209,51469
03/11/2019,6.24,6.304,6.003,6.0831,44052
03/12/2019,6.1112,6.68,6.1112,6.64,42374
03/13/2019,6.8,6.84,6.56,6.7288,41726
03/14/2019,6.4792,6.52,6.0793,6.1352,37879
03/15/2019,6.321,6.672,6.08,6.5464,33407
03/18/2019,6.64,6.88,6.56,6.7232,79721
03/19/2019,7.04,7.04,6.7376,6.9112,60762
03/20/2019,7.04,7.04,6.5608,6.7136,29894
03/21/2019,6.704,6.88,6.4152,6.712,26434
03/22/2019,6.6376,6.88,6.496,6.8,68333
03/25/2019,6.8327,7.112,6.602,6.602,55830
03/26/2019,6.792,6.792,6.3178,6.357,27941
03/27/2019,6.4,6.4,6.12,6.1576,29773
03/28/2019,6.16,6.4,6.1208,6.2656,19293
03/29/2019,6.32,6.4,6.24,6.3896,22121
04/01/2019,6.4,6.8,6.36,6.524,37289
04/02/2019,6.5528,6.8,6.3936,6.5616,31566
04/03/2019,6.64,6.76,6.5832,6.7216,18002
04/04/2019,6.789,6.856,6.5665,6.661,34003
04/05/2019,6.8,6.96,6.7208,6.836,34032
04/08/2019,6.8895,7,6.8359,6.947,20835
04/09/2019,6.944,7.52,6.944,7.3544,56534
04/10/2019,7.3544,9.6,7.2008,9.36,205613
04/11/2019,8.72,8.72,8,8.32,92060
04/12/2019,8.32,9.12,8.32,8.84,76493
04/15/2019,8.8,8.96,8.32,8.8,43385
04/16/2019,8.72,8.8,8.4,8.64,26588
04/17/2019,8.48,8.48,8,8.08,38042
04/18/2019,8.08,8.08,7.36,7.3608,41570
04/22/2019,7.44,7.76,7.3944,7.52,16620
04/23/2019,7.4408,7.584,7.1208,7.2408,32768
04/24/2019,7.128,7.24,7.04,7.06,15954
04/25/2019,7.0664,7.12,6.96,7.12,16228
04/26/2019,7.2,7.52,7.2,7.361,10657
04/29/2019,7.44,7.52,7.2104,7.28,16421
04/30/2019,7.36,7.44,7.2,7.364,12555
05/01/2019,7.28,8.392,7.28,8.08,37345
05/02/2019,8.16,8.16,7.76,7.8376,26730
05/03/2019,8,8.08,7.92,8,10016
05/06/2019,7.92,8.08,7.92,8,8083
05/07/2019,8.08,8.08,7.84,7.856,10519
05/08/2019,7.8144,7.84,7.52,7.52,12082
05/09/2019,7.5224,7.68,7.4431,7.5232,17536
05/10/2019,7.52,7.84,7.44,7.68,14757
05/13/2019,7.6,7.6,7.44,7.5216,23451
05/14/2019,7.52,8.32,7.52,8.316,42921
05/15/2019,8,8.32,7.44,7.7912,71119
05/16/2019,7.68,7.68,6.9928,7.0496,46969
05/17/2019,7.04,7.2,7.0048,7.16,23823
05/20/2019,7.2,7.28,6.8,6.8,22604
05/21/2019,6.8008,7.04,6.48,6.5568,18990
05/22/2019,6.48,7.128,6.48,7.1256,22402
05/23/2019,6.8,6.8,5.6,5.7288,71645
05/24/2019,5.76,6.304,5.6,5.6574,58192
05/28/2019,5.6822,6.128,5.6758,5.698,28116
05/29/2019,5.7976,5.984,5.76,5.8496,13443
05/30/2019,5.766,6.8,5.766,6.3775,62397
05/31/2019,6.2536,6.72,5.936,6.0688,23368
06/03/2019,5.84,6,5.44,5.4776,66195
06/04/2019,5.584,5.768,5.52,5.6,49117
06/05/2019,5.7208,5.76,5.2,5.2853,52245
06/06/2019,5.3808,5.52,5.2,5.216,22581
06/07/2019,5.2,5.504,5.12,5.2808,29122
06/10/2019,5.2807,5.736,5.2807,5.6,38649
06/11/2019,5.76,5.976,5.6296,5.7888,15688
06/12/2019,5.52,5.76,5.4408,5.4408,35813
06/13/2019,5.44,5.92,5.44,5.8408,17523
06/14/2019,5.8352,5.856,5.6,5.6656,8096
06/17/2019,5.6568,5.84,5.6,5.6008,12174
06/18/2019,5.68,6.304,5.639,5.8473,30135
06/19/2019,5.8601,6.08,5.8033,5.9936,16700
06/20/2019,5.84,6.08,5.8385,5.9616,14426
06/21/2019,6,6.32,5.804,6.32,24822
06/24/2019,6.2456,6.56,6,6.3456,28699
06/25/2019,6.4144,6.536,6.2416,6.5272,85708
06/26/2019,7.024,7.024,6.1624,6.492,92563
06/27/2019,6.4,6.76,6.007,6.5696,28455
06/28/2019,6.48,6.64,6.4,6.4,30054
07/01/2019,6.4,6.56,6.2392,6.244,24364
07/02/2019,6.28,6.56,6.28,6.32,18568
07/03/2019,6.4,6.44,6.33,6.3976,4392
07/05/2019,6.2488,6.32,6.2488,6.28,4476
07/08/2019,6.252,6.432,6.24,6.2783,10076
07/09/2019,6.32,6.32,6.0144,6.2128,17122
07/10/2019,6.08,6.32,6.08,6.32,11652
07/11/2019,6.24,6.32,6.0088,6.1856,12591
07/12/2019,6.168,6.24,6.0008,6.24,9451
07/15/2019,6.24,6.52,6.2384,6.4624,13447
07/16/2019,6.48,6.56,6.452,6.4936,11238
07/17/2019,6.556,6.92,6.515,6.8119,30624
07/18/2019,7.0104,7.36,6.7352,7.24,40626
07/19/2019,7.2,7.2,6.8496,7.1992,25191
07/22/2019,7.2,7.2,6.8016,7.2,9136
07/23/2019,7.2,7.36,6.8,7.04,16222
07/24/2019,7.0232,7.2,6.8008,7.0256,4573
07/25/2019,6.8288,7.04,6.76,6.8,8101
07/26/2019,6.72,6.96,6.72,6.9432,13192
07/29/2019,6.852,7.008,6.5615,6.7119,13071
07/30/2019,6.64,6.96,6.6,6.9104,9470
07/31/2019,6.917,6.952,6.7169,6.7353,11223
08/01/2019,6.6232,6.72,6.4,6.5208,16116
08/02/2019,6.4016,6.48,6.16,6.4088,17503
08/05/2019,6.16,6.4,6.0808,6.2312,10037
08/06/2019,6.2464,6.4,6.0808,6.2696,12514
08/07/2019,6.08,6.512,6,6.3055,21602
08/08/2019,6.4271,6.784,6.0118,6.6392,23515
08/09/2019,6.24,6.88,6.24,6.72,22890
08/12/2019,6.5144,6.824,6.4048,6.824,23982
08/13/2019,6.96,6.96,6.496,6.8,14935
08/14/2019,6.744,6.744,6.4017,6.7336,22201
08/15/2019,6.6832,6.832,6.0287,6.2399,29227
08/16/2019,6.1008,6.56,5.68,6.48,51363
08/19/2019,6.4792,6.64,6.239,6.508,14683
08/20/2019,6.464,6.48,6.08,6.2,12429
08/21/2019,6.2,6.2,6.08,6.184,6204
08/22/2019,6.1936,6.392,6.1936,6.201,7989
08/23/2019,6.209,6.24,5.8407,6.049,14975
08/26/2019,6.08,6.24,5.7712,5.88,5791
08/27/2019,5.8216,5.968,5.7463,5.84,13290
08/28/2019,5.6472,6.24,5.28,6,28992
08/29/2019,5.9465,6.208,5.7986,5.958,11021
08/30/2019,5.9464,6.24,5.76,6.2384,27170
09/03/2019,6.2392,6.4,6.16,6.2408,8359
09/04/2019,6.2432,6.56,6.24,6.5024,13094
09/05/2019,6.56,6.72,6.4432,6.72,15970
09/06/2019,6.488,6.72,6.4808,6.5888,7179
09/09/2019,6.72,6.72,6.4,6.7192,7139
09/10/2019,6.714,7.04,6.5622,6.7511,13491
09/11/2019,6.88,7.04,6.7552,6.88,13716
09/12/2019,6.92,6.92,6.5862,6.6463,8019
09/13/2019,6.6913,7.184,6.647,7.1376,13094
09/16/2019,7.096,7.096,6.72,6.811,17564
09/17/2019,6.8199,7.048,6.8,6.9632,16157
09/18/2019,7.12,8.96,7.0048,7.588,313744
09/19/2019,7.604,7.68,7.1981,7.4031,30822
09/20/2019,7.208,7.28,7.04,7.0408,25099
09/23/2019,7.12,7.44,6.8,7.04,49392
09/24/2019,7.168,7.2,6.8,6.8,15231
09/25/2019,6.8,6.8,6.48,6.64,17867
09/26/2019,6.56,6.584,6.2458,6.2474,9644
09/27/2019,6.32,6.64,6.32,6.564,9483
09/30/2019,6.592,6.64,6.2624,6.5992,9579
10/01/2019,6.72,6.72,6.0613,6.142,23714
10/02/2019,6.4,6.424,6.077,6.4112,10280
10/03/2019,6.32,6.4,6.08,6.268,26371
10/04/2019,6.072,6.792,6.072,6.5896,39420
10/07/2019,6.7737,7.016,6.6385,6.816,16324
10/08/2019,6.8224,6.88,6.414,6.4146,14086
10/09/2019,6.464,6.56,6.32,6.4,10211
10/10/2019,6.4,6.744,6.2712,6.6872,7556
10/11/2019,6.488,6.8,6.28,6.472,20641
10/14/2019,6.424,6.648,6.2816,6.648,15820
10/15/2019,6.4872,6.752,6.4736,6.601,11683
10/16/2019,6.4,6.664,6.3312,6.6264,15171
10/17/2019,6.4184,6.712,6.4,6.6872,9865
10/18/2019,6.8,6.88,6.5744,6.8,13174
10/21/2019,6.648,6.96,6.64,6.88,8975
10/22/2019,6.8,6.8,6.56,6.7272,7850
10/23/2019,6.65,6.992,6.562,6.802,15545
10/24/2019,6.752,6.88,6.504,6.88,15492
10/25/2019,6.7056,6.736,6.2798,6.323,28881
10/28/2019,6.32,6.64,6.08,6.6368,30610
10/29/2019,6.328,6.48,6.08,6.48,40525
10/30/2019,6.408,6.408,6.16,6.36,21289
10/31/2019,6.328,6.328,6.0769,6.24,12948
11/01/2019,6.08,6.152,5.6525,5.9231,33390
11/04/2019,5.92,5.944,5.68,5.804,22510
11/05/2019,5.92,6.36,5.7839,6.226,31064
11/06/2019,6.24,6.8,6.0408,6.8,40284
11/07/2019,6.88,7.6,6.632,6.8,42908
11/08/2019,6.7904,7.08,6.784,7.08,17483
11/11/2019,7.28,7.28,6.8096,7.0072,12636
11/12/2019,6.976,7.12,6.4816,6.96,21560
11/13/2019,6.9431,7.36,6.72,7.3448,34716
11/14/2019,7.36,7.432,6.5808,6.9328,30364
11/15/2019,7.2,7.2,6.88,7.0432,14740
11/18/2019,7.075,7.12,6.603,6.8039,15145
11/19/2019,6.8,7.04,6.4008,6.72,16327
11/20/2019,6.72,6.96,6.6616,6.96,32116
11/21/2019,6.64,6.96,6.64,6.88,10149
11/22/2019,6.804,6.96,6.6232,6.8544,9703
11/25/2019,6.8016,7.2,6.8,7.04,21861
11/26/2019,7.2,7.288,6.96,7.288,45819
11/27/2019,7.2,7.36,6.96,7.2,31517
11/29/2019,7.2176,7.28,6.8056,7.1992,12052
12/02/2019,7.16,7.16,6.08,6.4008,80953
12/03/2019,6.16,6.88,6.16,6.88,27682
12/04/2019,6.24,6.856,6.24,6.6296,16027
12/05/2019,6.64,6.64,6.404,6.5624,23204
12/06/2019,6.4,6.64,6.2607,6.584,21579
12/09/2019,6.32,6.576,6.32,6.5096,11398
12/10/2019,6.4792,6.56,6.24,6.24,12697
12/11/2019,6.24,6.448,6.2089,6.317,30546
12/12/2019,6.2063,6.36,6.0823,6.1943,16630
12/13/2019,6.24,6.24,6.14,6.216,22075
12/16/2019,6.16,6.24,5.92,6.0936,36936
12/17/2019,6.044,6.168,5.8438,6.164,41562
12/18/2019,6.24,6.32,6.04,6.3024,24008
12/19/2019,6,6.304,6,6.2544,37519
12/20/2019,6.08,6.248,6,6.16,36107
12/23/2019,6.24,6.24,5.9669,6.01,29789
12/24/2019,6,6.08,5.64,6,46307
12/26/2019,6.004,6.12,5.84,6.12,44050
12/27/2019,6.08,6.08,5.84,5.9288,28521
12/30/2019,5.92,6.136,5.797,6.0097,37748
12/31/2019,6.16,6.16,5.848,5.96,27214
01/02/2020,5.912,6,5.848,5.848,12723
01/03/2020,5.887,5.936,5.2001,5.4009,67472
01/06/2020,5.45,5.45,4.6924,5.2,73571
01/07/2020,5.21,5.2462,4.5,4.73,77720
01/08/2020,4.75,4.96,4.6,4.84,77204
01/09/2020,4.8,5.06,4.66,4.98,82822
01/10/2020,5.04,5.65,4.89,5.5352,85839
01/13/2020,5.5,5.59,5.27,5.53,47418
01/14/2020,5.53,5.6,5.2802,5.51,30888
01/15/2020,5.43,5.49,5.13,5.28,28550
01/16/2020,5.29,5.3,5,5.12,17840
01/17/2020,5.11,5.19,4.9291,5.02,23321
01/21/2020,5.02,5.02,4.55,4.5856,32240
01/22/2020,4.56,4.69,4.1899,4.1903,63936
01/23/2020,4.19,4.19,3.56,3.89,159454
01/24/2020,3.95,4.3879,3.88,4.3002,51205
01/27/2020,4.4,4.4236,4.17,4.34,95747
01/28/2020,4.4,4.83,4.3388,4.75,57229
01/29/2020,4.87,5.02,4.5301,5,75262
01/30/2020,4.98,5.4752,4.98,5.23,38707
01/31/2020,5.25,6.2299,5.25,6.05,99750
02/03/2020,6.1,6.4,5.045,5.2,129461
02/04/2020,5.19,5.49,4.8553,4.943,88579
02/05/2020,4.93,5.2065,4.7708,5.145,50419
02/06/2020,5.1,5.1099,4.7901,5.01,37305
02/07/2020,4.99,5.23,4.72,5.23,51119
02/10/2020,5.18,6.22,5.15,5.96,140935
02/11/2020,6.03,6.15,5.6491,5.81,94323
02/12/2020,5.82,6,5.78,5.98,33727
02/13/2020,6,6.2,5.63,5.85,33548
02/14/2020,5.87,5.9999,5.6097,5.7,43960
02/18/2020,5.63,5.63,5.21,5.43,29414
02/19/2020,5.28,5.68,5.2,5.68,15088
02/20/2020,5.44,5.49,5.32,5.45,46115
02/21/2020,5.39,5.75,5.23,5.71,25692
02/24/2020,5.65,5.69,4.76,5.15,109579
02/25/2020,5.17,5.3281,4.95,4.96,30196
02/26/2020,4.89,5.06,4.8,4.97,27140
02/27/2020,4.72,4.8605,4.18,4.27,49251
02/28/2020,4.14,4.38,3.93,4.31,57781
03/02/2020,4.32,4.54,4.25,4.54,18005
03/03/2020,4.51,4.74,4.25,4.25,41434
03/04/2020,4.38,4.38,4.15,4.16,26999
03/05/2020,4.1,4.2554,4,4.0588,28587
03/06/2020,4.1,4.1581,3.91,3.99,24456
03/09/2020,3.79,3.98,3.5,3.5,70809
03/10/2020,3.67,4,3.6,3.9545,60344
03/11/2020,3.89,3.89,3.53,3.53,23425
03/12/2020,3.48,3.48,3.3,3.33,26466
03/13/2020,3.31,3.4144,3.01,3.06,28463
03/16/2020,3,3.06,2.75,2.75,21865
03/17/2020,2.67,3.02,2.55,3.01,36758
03/18/2020,3,3,2.5501,2.6184,27747
03/19/2020,2.48,2.98,2.34,2.88,24759
03/20/2020,3.07,3.07,2.41,2.52,52007
03/23/2020,2.8,2.8,1.81,2.18,80142
03/24/2020,2.15,2.5,2,2.42,51722
03/25/2020,2.8,2.8,2.39,2.79,55084
03/26/2020,3.1,3.1,2.43,2.66,55413
03/27/2020,2.52,2.55,2.05,2.3393,35862
03/30/2020,2.26,2.5306,1,1.14,1093860
03/31/2020,0.82,1.01,0.82,1.01,753793
04/01/2020,0.9477,0.98,0.88,0.9602,140307
04/02/2020,0.9322,1.02,0.87,0.9497,121950
04/03/2020,0.84,0.86,0.82,0.84,216111
04/06/2020,0.75,0.85,0.71,0.8225,231929
04/07/2020,0.8452,0.89,0.8,0.8156,94705
04/08/2020,0.8537,1,0.8151,0.9293,361519
04/09/2020,1,1.1,0.9501,1.055,229682
04/13/2020,1.35,1.35,1.11,1.1801,377310
04/14/2020,1.32,2.54,1.2201,1.7333,2679522
04/15/2020,1.66,1.84,1.43,1.8,448394
04/16/2020,1.89,1.89,1.5,1.5499,219367
04/17/2020,1.55,1.87,1.55,1.67,380255
04/20/2020,1.8,2.05,1.6804,1.86,217062
04/21/2020,1.86,2.3199,1.86,2.0673,580079
04/22/2020,1.93,2.0201,1.7,1.8671,225900
04/23/2020,1.86,1.94,1.51,1.58,200504
04/24/2020,1.6,1.769,1.6,1.74,211574
04/27/2020,1.74,1.75,1.61,1.64,139293
04/28/2020,1.6,2.0399,1.6,1.86,309122
04/29/2020,1.86,2.16,1.68,2.1115,408890
04/30/2020,2,2.04,1.16,1.22,1396611
05/01/2020,1.17,1.24,1.11,1.13,1780948
05/04/2020,1.17,1.17,1.02,1.1,559065
05/05/2020,1.15,1.15,1.06,1.08,591728
05/06/2020,1.09,1.1052,1.02,1.05,381744
05/07/2020,1.03,1.07,1.03,1.03,256556
05/08/2020,1.04,1.1,1.02,1.04,719086
05/11/2020,1.1,1.15,1.06,1.1,1502113
05/12/2020,1.1,1.11,1.06,1.1,583152
05/13/2020,1.1,1.1,0.92,0.9498,1055356
05/14/2020,0.9799,0.9799,0.92,0.926,284406
05/15/2020,0.94,0.96,0.89,0.935,505690
05/18/2020,0.94,0.95,0.905,0.9123,592076
05/19/2020,0.94,0.9976,0.91,0.9711,949428
05/20/2020,0.98,0.987,0.91,0.945,460960
05/21/2020,0.9298,0.97,0.92,0.95,354621
05/22/2020,0.96,0.97,0.9001,0.9201,601319
05/26/2020,0.94,1.07,0.93,1.0316,1978122
05/27/2020,1.04,1.04,0.931,0.985,747318
05/28/2020,0.97,1.01,0.9365,0.9365,539975
05/29/2020,0.98,0.98,0.9,0.9511,692461
06/01/2020,0.9555,1.04,0.95,1.005,1453385
06/02/2020,1.01,1.02,0.9502,0.995,664828
06/03/2020,1,1.03,0.96,1.02,1258849
06/04/2020,1.04,1.04,0.9205,1.015,1216594
06/05/2020,1.02,1.09,0.9806,1.06,2037765
06/08/2020,1.2,1.32,1.16,1.26,4281084
06/09/2020,1.71,1.9,1.51,1.545,11222809
06/10/2020,1.45,1.45,1.15,1.3,2952697
06/11/2020,1.11,1.1999,1.01,1.09,1332674
06/12/2020,1.25,1.26,1.1,1.17,804794
06/15/2020,1.16,1.27,1.1,1.185,969482
06/16/2020,1.25,1.2501,1.1001,1.145,985042
06/17/2020,1.15,1.15,1.1,1.125,741260
06/18/2020,1.1,1.11,1.04,1.07,571498
06/19/2020,1.08,1.2,1.04,1.12,1316466
06/22/2020,1.14,1.14,1.07,1.11,533792
06/23/2020,1.12,1.1299,1.05,1.07,496920
06/24/2020,1.07,1.08,0.9701,1.035,658325
06/25/2020,1.02,1.03,0.98,1.02,270032
06/26/2020,1.03,1.03,0.95,0.971,557453
06/29/2020,0.99,1.01,0.9601,0.9899,383341
06/30/2020,0.98,0.996,0.95,0.9701,337310
07/01/2020,0.9776,1.01,0.97,1,267340
07/02/2020,0.99,1,0.95,0.9601,571463
07/06/2020,0.98,0.9899,0.91,0.9354,404751
07/07/2020,0.9595,0.9595,0.89,0.905,490721
07/08/2020,0.9,0.9,0.85,0.8735,572492
07/09/2020,0.87,0.87,0.8221,0.8601,342149
07/10/2020,0.88,0.9392,0.85,0.8963,389002
07/13/2020,0.9066,0.9066,0.845,0.85,374483
07/14/2020,0.86,0.86,0.83,0.8399,228944
07/15/2020,0.84,0.88,0.84,0.86,205456
07/16/2020,0.8734,0.8734,0.84,0.86,200730
07/17/2020,0.86,0.97,0.8522,0.9602,1100274
07/20/2020,0.9615,1.15,0.945,1.04,1248670
07/21/2020,1.05,1.11,0.95,0.9626,867594
07/22/2020,0.96,0.9999,0.93,0.936,259352
07/23/2020,0.94,0.94,0.88,0.9001,450654
07/24/2020,0.9081,0.9085,0.88,0.8986,173218
07/27/2020,0.898,0.9384,0.8886,0.9126,259907
07/28/2020,0.92,0.92,0.88,0.8994,187421
07/29/2020,0.8972,0.8982,0.86,0.8785,279647
07/30/2020,0.871,0.8793,0.84,0.8674,241580
07/31/2020,0.8686,0.89,0.85,0.8562,195753
08/03/2020,0.91,0.91,0.86,0.8839,159876
08/04/2020,0.9034,0.9056,0.8726,0.8999,209367
08/05/2020,0.89,0.92,0.88,0.91,162960
08/06/2020,0.95,0.95,0.88,0.9072,186490
08/07/2020,0.9,0.906,0.8697,0.887,269546
08/10/2020,0.92,0.924,0.8846,0.91,265768
08/11/2020,0.9178,0.93,0.8756,0.8801,192994
08/12/2020,0.89,0.8949,0.8659,0.8738,180339
08/13/2020,0.875,0.91,0.864,0.9065,178938
08/14/2020,0.91,0.91,0.875,0.88,70111
08/17/2020,0.89,0.96,0.88,0.9246,733917
08/18/2020,0.94,1.1,0.9301,1.03,2408108
08/19/2020,1.08,1.08,0.952,0.9647,665732
08/20/2020,0.97,0.97,0.86,0.8915,675969
08/21/2020,0.8915,0.9303,0.868,0.8799,475731
08/24/2020,0.91,0.91,0.84,0.8595,455345
08/25/2020,0.8727,0.8855,0.8203,0.85,893855
08/26/2020,0.8309,0.86,0.8301,0.8439,338598
08/27/2020,0.855,0.88,0.8301,0.8519,457909
08/28/2020,0.86,0.86,0.83,0.8458,214984
08/31/2020,0.8481,0.8495,0.82,0.833,259616
09/01/2020,0.83,0.84,0.77,0.784,429567
09/02/2020,0.78,0.885,0.755,0.783,2395371
09/03/2020,0.76,0.8,0.76,0.7862,325216
09/04/2020,0.7801,0.8009,0.73,0.7559,287643
09/08/2020,0.7,0.768,0.6906,0.73,275306
09/09/2020,0.7177,0.7795,0.71,0.7476,244039
09/10/2020,0.7464,0.7584,0.725,0.7538,119940
09/11/2020,0.74,0.768,0.73,0.7449,112828
09/14/2020,0.7494,0.8,0.73,0.7901,172200
09/15/2020,0.8001,0.98,0.79,0.85,3320028
09/16/2020,0.8325,0.8698,0.8052,0.8443,403776
09/17/2020,0.83,0.9071,0.7805,0.8699,404490
09/18/2020,0.87,0.89,0.8294,0.8561,218834
09/21/2020,0.87,0.8761,0.82,0.8676,158241
09/22/2020,0.8833,0.8833,0.82,0.8559,236874
09/23/2020,0.84,0.87,0.8251,0.83,89312
09/24/2020,0.8291,0.8291,0.78,0.8165,242518
09/25/2020,0.7995,0.8398,0.7995,0.83,90735
09/28/2020,0.86,0.87,0.832,0.8699,131290
09/29/2020,0.88,0.898,0.8701,0.8884,189318
09/30/2020,0.89,0.9197,0.8501,0.8661,305065
10/01/2020,0.87,0.873,0.8595,0.8663,68744
10/02/2020,0.85,0.92,0.85,0.8937,221385
10/05/2020,0.9,0.9196,0.87,0.909,229795
10/06/2020,0.89,0.9399,0.8842,0.8987,284726
10/07/2020,0.92,0.9326,0.8802,0.9001,163333
10/08/2020,0.9,0.93,0.9,0.9128,165919
10/09/2020,0.93,0.94,0.9001,0.9011,180086
10/12/2020,0.9055,0.9229,0.87,0.8955,169665
10/13/2020,0.9,0.9,0.873,0.88,74386
10/14/2020,0.89,0.9,0.8814,0.8856,51479
10/15/2020,0.89,0.8949,0.85,0.88,117662
10/16/2020,0.88,0.88,0.8521,0.855,101654
10/19/2020,0.86,0.878,0.81,0.8699,148674
10/20/2020,0.87,0.87,0.8571,0.8699,47842
10/21/2020,0.8601,0.87,0.7966,0.84,245293
10/22/2020,0.8522,0.8522,0.7814,0.8483,137882
10/23/2020,0.846,0.85,0.8301,0.84,98616
10/26/2020,0.85,0.85,0.7962,0.8043,179641
10/27/2020,0.8056,0.8099,0.79,0.804,161090
10/28/2020,0.791,0.806,0.78,0.7878,101638
10/29/2020,0.79,0.7916,0.7601,0.785,191625
10/30/2020,0.7842,0.792,0.73,0.742,272062
11/02/2020,0.75,0.7819,0.7238,0.73,141419
11/03/2020,0.7665,0.7666,0.734,0.7352,171204
11/04/2020,0.77,0.78,0.7269,0.7338,133885
11/05/2020,0.7438,0.75,0.72,0.74,159245
11/06/2020,0.75,0.78,0.727,0.7501,151415
11/09/2020,0.79,0.83,0.77,0.8188,337693
11/10/2020,0.83,0.83,0.8013,0.81,129914
11/11/2020,0.8,0.8099,0.78,0.7901,107430
11/12/2020,0.81,0.8246,0.78,0.796,115338
11/13/2020,0.81,0.82,0.78,0.8,192844
11/16/2020,0.8,0.819,0.7801,0.8058,218361
11/17/2020,0.78,0.83,0.78,0.8211,203433
11/18/2020,0.84,0.8777,0.8151,0.8276,253259
11/19/2020,0.82,0.8499,0.82,0.845,114289
11/20/2020,0.85,0.855,0.81,0.839,108031
11/23/2020,0.84,0.8575,0.8187,0.8249,124938
11/24/2020,0.83,0.8866,0.8242,0.8722,213985
11/25/2020,0.88,1.27,0.8775,1.09,6111024
11/27/2020,1.09,1.09,1.01,1.0899,724147
11/30/2020,1.1,1.1,0.9521,0.9759,570178
12/01/2020,0.9999,2.37,0.9905,1.498,67688369
12/02/2020,1.33,1.45,1.2,1.42,5196309
12/03/2020,1.38,1.44,1.27,1.3556,1396632
12/04/2020,1.34,1.43,1.3,1.41,2004940
12/07/2020,1.8232,1.84,1.43,1.51,3204215
12/08/2020,1.55,1.57,1.44,1.515,1154245
12/09/2020,1.5,1.505,1.43,1.47,790247
12/10/2020,1.5,1.5068,1.42,1.47,423720
12/11/2020,1.46,1.46,1.36,1.41,324177
12/14/2020,1.41,1.48,1.41,1.43,384568
12/15/2020,1.43,1.47,1.42,1.47,277691
12/16/2020,1.49,1.51,1.45,1.48,336051
12/17/2020,1.48,1.57,1.46,1.53,491973
12/18/2020,1.54,1.71,1.51,1.67,1205369
12/21/2020,1.67,2.28,1.65,2.035,5247858
12/22/2020,2.1,2.8284,2.09,2.81,4154691
12/23/2020,2.87,4.2499,2.87,3.24,5706741
12/24/2020,3.2,3.22,2.18,2.48,2816970
12/28/2020,2.61,2.75,2.1,2.1801,1284742
12/29/2020,2.28,2.7,2.22,2.355,1923488
12/30/2020,2.33,2.35,2.07,2.11,977810
12/31/2020,2.15,2.1955,1.86,1.86,1256890
