2012-08-03 00:00:00,0.5,0.75,0.5,7.5,20000.0
2012-08-06 00:00:00,0.75,0.75,0.75,7.5,30000.0
2012-08-07 00:00:00,0.75,0.8,0.75,8.0,20000.0
2012-08-08 00:00:00,0.8,0.8,0.8,8.0,1000.0
2012-08-09 00:00:00,0.6,0.6,0.6,6.0,1200.0
2012-08-10 00:00:00,0.6,0.6,0.6,6.0,0.0
2012-08-13 00:00:00,0.6,0.6,0.6,6.0,0.0
2012-08-14 00:00:00,0.6,0.6,0.6,6.0,5.0
2012-08-15 00:00:00,0.6,0.6,0.6,6.0,0.0
2012-08-16 00:00:00,0.6,0.6,0.6,6.0,0.0
2012-08-17 00:00:00,0.6,0.6,0.6,6.0,0.0
2012-08-20 00:00:00,0.6,0.6,0.6,6.0,0.0
2012-08-21 00:00:00,0.6,0.6,0.6,6.0,0.0
2012-08-22 00:00:00,0.5,0.5,0.5,5.0,25700.0
2012-08-23 00:00:00,0.55,0.55,0.55,5.5,213.0
2012-08-24 00:00:00,0.55,0.55,0.55,5.5,0.0
2012-08-27 00:00:00,0.55,0.55,0.55,5.5,0.0
2012-08-28 00:00:00,0.55,0.55,0.55,5.5,0.0
2012-08-29 00:00:00,0.55,0.55,0.55,5.5,0.0
2012-08-30 00:00:00,0.55,0.55,0.55,5.5,0.0
2012-08-31 00:00:00,0.55,0.55,0.55,5.5,0.0
2012-09-04 00:00:00,0.55,0.55,0.55,5.5,0.0
2012-09-05 00:00:00,0.55,0.55,0.55,5.5,0.0
2012-09-06 00:00:00,0.55,0.55,0.55,5.5,0.0
2012-09-07 00:00:00,0.55,0.55,0.55,5.5,0.0
2012-09-10 00:00:00,0.55,0.55,0.55,5.5,0.0
2012-09-11 00:00:00,0.55,0.55,0.55,5.5,100.0
2012-09-12 00:00:00,0.55,0.55,0.55,5.5,0.0
2012-09-13 00:00:00,0.55,0.55,0.55,5.5,0.0
2012-09-14 00:00:00,0.55,0.55,0.55,5.5,0.0
2012-09-17 00:00:00,0.55,0.55,0.55,5.5,0.0
2012-09-18 00:00:00,0.55,0.55,0.55,5.5,0.0
2012-09-19 00:00:00,0.55,0.55,0.55,5.5,0.0
2012-09-20 00:00:00,0.55,0.55,0.55,5.5,0.0
2012-09-21 00:00:00,0.55,0.55,0.55,5.5,0.0
2012-09-24 00:00:00,0.45,0.45,0.45,4.5,0.0
2012-09-25 00:00:00,0.45,0.45,0.45,4.5,0.0
2012-09-26 00:00:00,0.45,0.45,0.45,4.5,0.0
2012-09-27 00:00:00,0.45,0.45,0.45,4.5,0.0
2012-09-28 00:00:00,0.45,0.45,0.45,4.5,0.0
2012-10-01 00:00:00,0.45,0.45,0.45,4.5,0.0
2012-10-02 00:00:00,0.45,0.45,0.45,4.5,0.0
2012-10-03 00:00:00,0.45,0.45,0.45,4.5,0.0
2012-10-04 00:00:00,0.45,0.45,0.45,4.5,0.0
2012-10-05 00:00:00,0.45,0.45,0.45,4.5,0.0
2012-10-08 00:00:00,0.45,0.45,0.45,4.5,0.0
2012-10-09 00:00:00,0.45,0.45,0.45,4.5,0.0
2012-10-10 00:00:00,0.45,0.45,0.45,4.5,0.0
2012-10-11 00:00:00,0.45,0.45,0.45,4.5,0.0
2012-10-12 00:00:00,0.45,0.45,0.45,4.5,0.0
2012-10-15 00:00:00,0.45,0.45,0.45,4.5,0.0
2012-10-16 00:00:00,0.45,0.45,0.45,4.5,0.0
2012-10-17 00:00:00,0.45,0.45,0.45,4.5,0.0
2012-10-18 00:00:00,0.45,0.45,0.45,4.5,0.0
2012-10-19 00:00:00,0.45,0.45,0.45,4.5,0.0
2012-10-22 00:00:00,0.45,0.45,0.45,4.5,0.0
2012-10-23 00:00:00,0.45,0.45,0.45,4.5,0.0
2012-10-24 00:00:00,0.45,0.45,0.45,4.5,0.0
2012-10-25 00:00:00,0.45,0.45,0.45,4.5,0.0
2012-10-26 00:00:00,0.45,0.45,0.45,4.5,0.0
2012-10-31 00:00:00,0.45,0.45,0.45,4.5,0.0
2012-11-01 00:00:00,0.45,0.45,0.45,4.5,0.0
2012-11-02 00:00:00,0.45,0.45,0.45,4.5,0.0
2012-11-05 00:00:00,0.45,0.45,0.45,4.5,0.0
2012-11-06 00:00:00,0.45,0.45,0.45,4.5,0.0
2012-11-07 00:00:00,0.45,0.45,0.45,4.5,0.0
2012-11-08 00:00:00,0.45,0.45,0.45,4.5,0.0
2012-11-09 00:00:00,0.45,0.45,0.45,4.5,0.0
2012-11-12 00:00:00,0.45,0.45,0.45,4.5,0.0
2012-11-13 00:00:00,0.45,0.45,0.45,4.5,0.0
2012-11-14 00:00:00,0.45,0.45,0.45,4.5,0.0
2012-11-15 00:00:00,0.45,0.45,0.45,4.5,0.0
2012-11-16 00:00:00,0.45,0.45,0.45,4.5,0.0
2012-11-19 00:00:00,0.45,0.45,0.45,4.5,0.0
2012-11-20 00:00:00,0.45,0.45,0.45,4.5,0.0
2012-11-21 00:00:00,0.45,0.45,0.45,4.5,0.0
2012-11-23 00:00:00,0.45,0.45,0.45,4.5,0.0
2012-11-26 00:00:00,0.45,0.45,0.45,4.5,0.0
2012-11-27 00:00:00,0.45,0.45,0.45,4.5,0.0
2012-11-28 00:00:00,0.45,0.45,0.45,4.5,0.0
2012-11-29 00:00:00,0.45,0.45,0.45,4.5,0.0
2012-11-30 00:00:00,0.45,0.45,0.45,4.5,0.0
2012-12-03 00:00:00,0.45,0.45,0.45,4.5,0.0
2012-12-04 00:00:00,0.45,0.45,0.45,4.5,0.0
2012-12-05 00:00:00,0.45,0.45,0.45,4.5,0.0
2012-12-06 00:00:00,0.45,0.45,0.45,4.5,0.0
2012-12-07 00:00:00,0.45,0.45,0.45,4.5,0.0
2012-12-10 00:00:00,0.45,0.45,0.45,4.5,0.0
2012-12-11 00:00:00,0.45,0.45,0.45,4.5,0.0
2012-12-12 00:00:00,0.45,0.45,0.45,4.5,0.0
2012-12-13 00:00:00,0.45,0.45,0.45,4.5,0.0
2012-12-14 00:00:00,0.45,0.45,0.45,4.5,0.0
2012-12-17 00:00:00,0.45,0.45,0.45,4.5,0.0
2012-12-18 00:00:00,0.45,0.45,0.45,4.5,0.0
2012-12-19 00:00:00,0.45,0.45,0.45,4.5,0.0
2012-12-20 00:00:00,0.45,0.45,0.45,4.5,0.0
2012-12-21 00:00:00,0.45,0.45,0.45,4.5,0.0
2012-12-24 00:00:00,0.45,0.45,0.45,4.5,0.0
2012-12-26 00:00:00,0.45,0.45,0.45,4.5,0.0
2012-12-27 00:00:00,0.45,0.45,0.45,4.5,0.0
2012-12-28 00:00:00,0.45,0.45,0.45,4.5,0.0
2012-12-31 00:00:00,0.45,0.45,0.45,4.5,0.0
2013-01-02 00:00:00,0.45,0.45,0.45,4.5,0.0
2013-01-03 00:00:00,0.45,0.45,0.45,4.5,0.0
2013-01-04 00:00:00,0.45,0.45,0.45,4.5,0.0
2013-01-07 00:00:00,0.45,0.45,0.45,4.5,0.0
2013-01-08 00:00:00,0.45,0.45,0.45,4.5,0.0
2013-01-09 00:00:00,0.45,0.45,0.45,4.5,0.0
2013-01-10 00:00:00,0.45,0.45,0.45,4.5,0.0
2013-01-11 00:00:00,0.45,0.45,0.45,4.5,0.0
2013-01-14 00:00:00,0.45,0.45,0.45,4.5,0.0
2013-01-15 00:00:00,0.45,0.45,0.45,4.5,0.0
2013-01-16 00:00:00,0.5,0.53,0.3,3.0,13888.0
2013-01-17 00:00:00,0.27,0.4189,0.24,3.0,185672.0
2013-01-18 00:00:00,0.31,0.35,0.31,3.4,25776.0
2013-01-22 00:00:00,0.442,0.442,0.442,4.42,249.0
2013-01-23 00:00:00,0.489,0.489,0.4651,4.89,1631.0
2013-01-24 00:00:00,0.3097,0.3201,0.3097,3.201,2100.0
2013-01-25 00:00:00,0.32,0.32,0.32,3.2,500.0
2013-01-28 00:00:00,0.32,0.32,0.32,3.2,0.0
2013-01-29 00:00:00,0.32,0.32,0.32,3.2,0.0
2013-01-30 00:00:00,0.32,0.32,0.32,3.2,0.0
2013-01-31 00:00:00,0.3,0.489,0.3,4.0,11451.0
2013-02-01 00:00:00,0.3423,0.3423,0.2401,2.521,2000.0
2013-02-04 00:00:00,0.25,0.25,0.25,2.5,100.0
2013-02-05 00:00:00,0.3,0.3,0.3,3.0,10000.0
2013-02-06 00:00:00,0.3,0.3,0.3,3.0,0.0
2013-02-07 00:00:00,0.3,0.3,0.3,3.0,0.0
2013-02-08 00:00:00,0.3,0.3,0.3,3.0,0.0
2013-02-11 00:00:00,0.25,0.25,0.152,1.9,1398.0
2013-02-12 00:00:00,0.1672,0.1672,0.1672,1.672,100.0
2013-02-13 00:00:00,0.19,0.19,0.19,1.9,100.0
2013-02-14 00:00:00,0.19,0.19,0.19,1.9,0.0
2013-02-15 00:00:00,0.19,0.19,0.19,1.9,0.0
2013-02-19 00:00:00,0.19,0.19,0.19,1.9,0.0
2013-02-20 00:00:00,0.19,0.1976,0.19,1.976,299.0
2013-02-21 00:00:00,0.1976,0.1976,0.1976,1.976,0.0
2013-02-22 00:00:00,0.1976,0.1976,0.1976,1.976,0.0
2013-02-25 00:00:00,0.16,0.16,0.16,1.6,4445.0
2013-02-26 00:00:00,0.19,0.2,0.19,2.0,6445.0
2013-02-27 00:00:00,0.2,0.2,0.2,2.0,0.0
2013-02-28 00:00:00,0.2,0.2,0.2,2.0,0.0
2013-03-01 00:00:00,0.2,0.2,0.2,2.0,0.0
2013-03-04 00:00:00,0.2,0.2,0.2,2.0,0.0
2013-03-05 00:00:00,0.2,0.2,0.2,2.0,0.0
2013-03-06 00:00:00,0.26,0.26,0.26,2.6,100.0
2013-03-07 00:00:00,0.3445,0.35,0.3445,3.5,5000.0
2013-03-08 00:00:00,0.35,0.35,0.35,3.5,0.0
2013-03-11 00:00:00,0.35,0.35,0.35,3.5,0.0
2013-03-12 00:00:00,0.4478,0.449,0.399,3.99,560.0
2013-03-13 00:00:00,0.399,0.399,0.399,3.99,0.0
2013-03-14 00:00:00,0.4489,0.4489,0.4489,4.489,1386.0
2013-03-15 00:00:00,0.4489,0.4489,0.4489,4.489,2000.0
2013-03-18 00:00:00,0.45,0.45,0.45,4.5,0.0
2013-03-19 00:00:00,0.449,0.449,0.23,2.8,1920.0
2013-03-20 00:00:00,0.28,0.28,0.28,2.8,0.0
2013-03-21 00:00:00,0.28,0.28,0.28,2.8,0.0
2013-03-22 00:00:00,0.28,0.28,0.28,2.8,0.0
2013-03-25 00:00:00,0.2,0.2,0.2,2.0,572.0
2013-03-26 00:00:00,0.2,0.2,0.2,2.0,0.0
2013-03-27 00:00:00,0.2,0.2,0.2,2.0,0.0
2013-03-28 00:00:00,0.2,0.2,0.2,2.0,500.0
2013-04-01 00:00:00,0.2,0.2,0.2,2.0,0.0
2013-04-02 00:00:00,0.2,0.2,0.2,2.0,0.0
2013-04-03 00:00:00,0.2,0.2,0.2,2.0,0.0
2013-04-04 00:00:00,0.2,0.2,0.2,2.0,0.0
2013-04-05 00:00:00,0.2,0.2,0.2,2.0,0.0
2013-04-08 00:00:00,0.2,0.2,0.2,2.0,0.0
2013-04-09 00:00:00,0.2,0.2,0.2,2.0,0.0
2013-04-10 00:00:00,0.26,0.4,0.26,4.0,289.0
2013-04-11 00:00:00,0.4,0.4,0.4,4.0,40.0
2013-04-12 00:00:00,0.398,0.4,0.3948,4.0,8298.0
2013-04-15 00:00:00,0.28,0.28,0.2,2.0,6139.0
2013-04-16 00:00:00,0.2,0.26,0.2,2.6,3100.0
2013-04-17 00:00:00,0.288,0.338,0.24,2.4,1600.0
2013-04-18 00:00:00,0.2,0.272,0.13,2.0,2600.0
2013-04-19 00:00:00,0.26,0.3075,0.25,3.075,1100.0
2013-04-22 00:00:00,0.36,0.36,0.36,3.6,1500.0
2013-04-23 00:00:00,0.599,0.599,0.35,4.0,9371.0
2013-04-24 00:00:00,0.35,0.35,0.35,3.5,2000.0
2013-04-25 00:00:00,0.35,0.35,0.35,3.5,0.0
2013-04-26 00:00:00,0.35,0.35,0.35,3.5,0.0
2013-04-29 00:00:00,0.35,0.35,0.35,3.5,0.0
2013-04-30 00:00:00,0.35,0.35,0.35,3.5,0.0
2013-05-01 00:00:00,0.22,0.22,0.22,2.2,208.0
2013-05-02 00:00:00,0.276,0.286,0.276,2.86,308.0
2013-05-03 00:00:00,0.27,0.27,0.26,2.6,5975.0
2013-05-06 00:00:00,0.49,0.49,0.49,4.9,100.0
2013-05-07 00:00:00,0.27,0.27,0.27,2.7,1400.0
2013-05-08 00:00:00,0.27,0.27,0.27,2.7,0.0
2013-05-09 00:00:00,0.35,0.35,0.35,3.5,400.0
2013-05-10 00:00:00,0.35,0.35,0.35,3.5,0.0
2013-05-13 00:00:00,0.35,0.35,0.35,3.5,0.0
2013-05-14 00:00:00,0.35,0.35,0.35,3.5,0.0
2013-05-15 00:00:00,0.35,0.35,0.35,3.5,0.0
2013-05-16 00:00:00,0.35,0.35,0.35,3.5,0.0
2013-05-17 00:00:00,0.35,0.35,0.35,3.5,0.0
2013-05-20 00:00:00,0.35,0.35,0.35,3.5,0.0
2013-05-21 00:00:00,0.35,0.35,0.35,3.5,0.0
2013-05-22 00:00:00,0.35,0.35,0.35,3.5,0.0
2013-05-23 00:00:00,0.35,0.35,0.35,3.5,0.0
2013-05-24 00:00:00,0.35,0.35,0.35,3.5,0.0
2013-05-28 00:00:00,0.35,0.35,0.35,3.5,0.0
2013-05-29 00:00:00,0.35,0.35,0.35,3.5,0.0
2013-05-30 00:00:00,0.35,0.35,0.35,3.5,0.0
2013-05-31 00:00:00,0.35,0.35,0.35,3.5,0.0
2013-06-03 00:00:00,0.35,0.35,0.35,3.5,0.0
2013-06-04 00:00:00,0.351,0.351,0.351,3.51,5000.0
2013-06-05 00:00:00,0.351,0.351,0.351,3.51,0.0
2013-06-06 00:00:00,0.351,0.351,0.351,3.51,0.0
2013-06-07 00:00:00,0.351,0.351,0.351,3.51,4000.0
2013-06-10 00:00:00,0.351,0.351,0.351,3.51,0.0
2013-06-11 00:00:00,0.351,0.351,0.351,3.51,3000.0
2013-06-12 00:00:00,0.351,0.351,0.351,3.51,900.0
2013-06-13 00:00:00,0.4,0.44,0.4,4.4,1000.0
2013-06-14 00:00:00,0.43,0.431,0.4,4.0,42700.0
2013-06-17 00:00:00,0.48,0.4822,0.4,4.0,46000.0
2013-06-18 00:00:00,0.4,0.4,0.4,4.0,0.0
2013-06-19 00:00:00,0.492,0.5,0.492,5.0,1100.0
2013-06-20 00:00:00,0.45,0.45,0.4,4.0,15000.0
2013-06-21 00:00:00,0.4,0.4,0.4,4.0,0.0
2013-06-24 00:00:00,0.4,0.4,0.4,4.0,0.0
2013-06-25 00:00:00,0.4,0.4,0.4,4.0,0.0
2013-06-26 00:00:00,0.4,0.4,0.4,4.0,0.0
2013-06-27 00:00:00,0.4,0.4,0.4,4.0,0.0
2013-06-28 00:00:00,0.45,0.5,0.4499,4.5,15560.0
2013-07-01 00:00:00,0.6,0.6,0.5,5.0,50100.0
2013-07-02 00:00:00,0.5,0.5,0.5,5.0,100.0
2013-07-03 00:00:00,0.5,0.5,0.5,5.0,100.0
2013-07-05 00:00:00,0.5,0.5,0.5,5.0,100.0
2013-07-08 00:00:00,0.5,0.5,0.5,5.0,33700.0
2013-07-09 00:00:00,1.22,1.22,0.4999,6.0,7782.0
2013-07-10 00:00:00,0.5,0.55,0.42,4.4,30076.0
2013-07-11 00:00:00,0.48,0.55,0.48,5.5,16289.0
2013-07-12 00:00:00,0.5,0.55,0.5,5.5,22976.0
2013-07-15 00:00:00,0.55,0.63,0.55,6.3,19500.0
2013-07-16 00:00:00,0.68,0.72,0.6,6.01,112401.0
2013-07-17 00:00:00,0.72,0.75,0.6,7.5,14460.0
2013-07-18 00:00:00,0.75,0.75,0.75,7.5,500.0
2013-07-19 00:00:00,0.62,0.8815,0.62,8.815,10400.0
2013-07-22 00:00:00,0.81,0.81,0.8,8.0,2200.0
2013-07-23 00:00:00,0.8,0.8,0.73,7.335,3000.0
2013-07-24 00:00:00,0.75,0.81,0.75,7.5,31250.0
2013-07-25 00:00:00,0.75,0.88,0.7,7.201,5725.0
2013-07-26 00:00:00,0.72,0.75,0.72,7.201,9900.0
2013-07-29 00:00:00,0.7201,0.7201,0.7201,7.201,31.0
2013-07-30 00:00:00,0.77,0.77,0.75,7.6,6500.0
2013-07-31 00:00:00,0.76,0.76,0.7201,7.201,5400.0
2013-08-01 00:00:00,0.7999,0.7999,0.7996,7.996,4000.0
2013-08-02 00:00:00,0.78,0.78,0.7699,7.699,2500.0
2013-08-05 00:00:00,0.7641,0.7641,0.75,7.5,44960.0
2013-08-06 00:00:00,0.75,0.75,0.75,7.5,0.0
2013-08-07 00:00:00,0.72,0.72,0.72,7.2,750.0
2013-08-08 00:00:00,0.72,0.72,0.72,7.2,650.0
2013-08-09 00:00:00,0.875,0.875,0.72,7.2,36275.0
2013-08-12 00:00:00,0.875,0.875,0.875,8.75,100.0
2013-08-13 00:00:00,0.73,0.73,0.73,7.3,5500.0
2013-08-14 00:00:00,0.7995,0.88,0.7995,8.8,5200.0
2013-08-15 00:00:00,0.661,0.661,0.66,6.6,2500.0
2013-08-16 00:00:00,0.66,0.66,0.6505,6.505,1300.0
2013-08-19 00:00:00,0.68,0.69,0.68,6.9,1500.0
2013-08-20 00:00:00,0.69,0.69,0.69,6.9,100.0
2013-08-21 00:00:00,0.69,0.69,0.69,6.9,600.0
2013-08-22 00:00:00,0.69,0.69,0.69,6.9,0.0
2013-08-23 00:00:00,0.7505,0.81,0.75,8.1,4250.0
2013-08-26 00:00:00,0.81,0.81,0.81,8.1,0.0
2013-08-27 00:00:00,0.7501,0.7501,0.7501,7.501,3000.0
2013-08-28 00:00:00,0.75,0.75,0.75,7.5,0.0
2013-08-29 00:00:00,0.811,0.811,0.811,8.11,100.0
2013-08-30 00:00:00,0.81,0.81,0.81,8.1,0.0
2013-09-03 00:00:00,0.8795,0.89,0.8795,8.8,6200.0
2013-09-04 00:00:00,0.88,0.88,0.88,8.8,0.0
2013-09-05 00:00:00,0.93,0.93,0.93,9.3,1467.0
2013-09-06 00:00:00,0.9,0.9,0.8799,8.8,6402.0
2013-09-09 00:00:00,0.93,0.93,0.75,7.5,13111.0
2013-09-10 00:00:00,0.75,0.75,0.75,7.5,0.0
2013-09-11 00:00:00,0.77,0.77,0.77,7.7,100.0
2013-09-12 00:00:00,0.8,0.8,0.77,7.9,13511.0
2013-09-13 00:00:00,0.6805,0.78,0.67,7.5,17400.0
2013-09-16 00:00:00,0.91,0.91,0.8372,8.372,265.0
2013-09-17 00:00:00,0.8,0.8,0.8,8.0,350.0
2013-09-18 00:00:00,0.98,0.98,0.7536,7.9,14081.0
2013-09-19 00:00:00,0.8,0.8,0.75,7.5,400.0
2013-09-20 00:00:00,0.75,0.75,0.75,7.5,0.0
2013-09-23 00:00:00,0.7501,0.7501,0.7501,7.501,700.0
2013-09-24 00:00:00,0.8,0.8,0.8,8.0,4122.0
2013-09-25 00:00:00,0.8,0.8,0.8,8.0,0.0
2013-09-26 00:00:00,0.8,0.8,0.8,8.0,0.0
2013-09-27 00:00:00,0.8,0.8,0.8,8.0,0.0
2013-09-30 00:00:00,0.8,0.8,0.8,8.0,0.0
2013-10-01 00:00:00,0.7,0.7,0.7,7.0,15000.0
2013-10-02 00:00:00,0.8,1.0,0.8,9.5,7367.0
2013-10-03 00:00:00,0.95,1.0,0.93,9.8,36200.0
2013-10-04 00:00:00,0.93,0.93,0.9,9.0,1100.0
2013-10-07 00:00:00,0.9,0.9,0.9,9.0,0.0
2013-10-08 00:00:00,0.874,1.05,0.84,10.5,5500.0
2013-10-09 00:00:00,0.99,0.99,0.99,9.9,100.0
2013-10-10 00:00:00,0.99,0.99,0.99,9.9,0.0
2013-10-11 00:00:00,0.99,0.99,0.99,9.9,0.0
2013-10-14 00:00:00,0.99,0.99,0.99,9.9,0.0
2013-10-15 00:00:00,0.82,0.82,0.8,8.1,2000.0
2013-10-16 00:00:00,0.81,0.81,0.81,8.1,0.0
2013-10-17 00:00:00,0.82,0.82,0.82,8.2,1500.0
2013-10-18 00:00:00,0.88,0.9,0.7,8.0,16955.0
2013-10-21 00:00:00,0.8695,0.8695,0.8695,8.695,14.0
2013-10-22 00:00:00,0.82,0.85,0.82,8.3,3200.0
2013-10-23 00:00:00,0.83,0.83,0.83,8.3,0.0
2013-10-24 00:00:00,0.9,0.95,0.85,9.5,6886.0
2013-10-25 00:00:00,0.8501,0.92,0.83,9.0,5128.0
2013-10-28 00:00:00,0.9,0.9478,0.72,9.25,27720.0
2013-10-29 00:00:00,0.89,0.9,0.8,8.3,31619.0
2013-10-30 00:00:00,0.83,0.83,0.83,8.3,0.0
2013-10-31 00:00:00,0.83,0.83,0.83,8.3,0.0
2013-11-01 00:00:00,0.83,0.83,0.83,8.3,0.0
2013-11-04 00:00:00,0.83,0.83,0.83,8.3,0.0
2013-11-05 00:00:00,0.94,0.94,0.94,9.4,100.0
2013-11-06 00:00:00,0.95,0.95,0.74,9.495,3500.0
2013-11-07 00:00:00,0.9495,0.9495,0.9495,9.495,0.0
2013-11-08 00:00:00,0.82,0.9,0.8,9.0,5655.0
2013-11-11 00:00:00,0.88,0.88,0.88,8.8,280.0
2013-11-12 00:00:00,0.85,0.9052,0.85,9.052,1000.0
2013-11-13 00:00:00,0.88,0.88,0.88,8.8,100.0
2013-11-14 00:00:00,0.88,0.88,0.88,8.8,0.0
2013-11-15 00:00:00,0.88,0.88,0.88,8.8,0.0
2013-11-18 00:00:00,0.88,0.88,0.88,8.8,0.0
2013-11-19 00:00:00,0.88,0.88,0.88,8.8,0.0
2013-11-20 00:00:00,0.811,0.811,0.75,7.5,16600.0
2013-11-21 00:00:00,0.78,0.78,0.78,7.8,200.0
2013-11-22 00:00:00,0.75,0.7501,0.75,7.5,7300.0
2013-11-25 00:00:00,0.75,0.75,0.75,7.5,0.0
2013-11-26 00:00:00,0.77,0.83,0.65,7.3,24583.0
2013-11-27 00:00:00,0.67,0.75,0.65,7.399,4000.0
2013-11-29 00:00:00,0.74,0.74,0.74,7.4,0.0
2013-12-02 00:00:00,0.7399,0.7399,0.7399,7.399,100.0
2013-12-03 00:00:00,0.73,0.7999,0.73,7.999,22000.0
2013-12-04 00:00:00,0.7999,0.7999,0.7999,7.999,0.0
2013-12-05 00:00:00,0.77,0.85,0.77,8.5,7000.0
2013-12-06 00:00:00,0.9199,0.9299,0.89,9.2,9955.0
2013-12-09 00:00:00,0.93,1.05,0.9296,10.499,4267.0
2013-12-10 00:00:00,0.99,0.99,0.99,9.9,700.0
2013-12-11 00:00:00,0.9,0.96,0.89,9.6,2923.0
2013-12-12 00:00:00,0.92,0.9901,0.92,9.9,2100.0
2013-12-13 00:00:00,1.05,1.2,0.98,10.5,2423.0
2013-12-16 00:00:00,0.9301,1.05,0.9,10.5,8061.0
2013-12-17 00:00:00,0.9001,0.9899,0.9,9.899,22300.0
2013-12-18 00:00:00,0.95,0.95,0.95,9.5,100.0
2013-12-19 00:00:00,0.91,0.9797,0.91,9.797,3100.0
2013-12-20 00:00:00,0.95,0.98,0.9201,9.8,5500.0
2013-12-23 00:00:00,0.9454,0.95,0.9454,9.5,500.0
2013-12-24 00:00:00,0.95,0.95,0.95,9.5,0.0
2013-12-26 00:00:00,0.9,0.9499,0.9,9.497,5900.0
2013-12-27 00:00:00,0.92,0.92,0.9,9.0,13800.0
2013-12-30 00:00:00,0.9,0.9,0.9,9.0,0.0
2013-12-31 00:00:00,0.9,0.9,0.9,9.0,0.0
2014-01-02 00:00:00,0.9,0.9,0.9,9.0,0.0
2014-01-03 00:00:00,0.9,0.9,0.9,9.0,0.0
2014-01-06 00:00:00,0.9,0.9,0.9,9.0,0.0
2014-01-07 00:00:00,0.8349,0.86,0.8349,8.6,1500.0
2014-01-08 00:00:00,0.86,0.86,0.86,8.6,0.0
2014-01-09 00:00:00,0.86,0.86,0.86,8.6,0.0
2014-01-10 00:00:00,0.8402,0.8402,0.8,8.0,400.0
2014-01-13 00:00:00,0.8,0.8,0.8,8.0,0.0
2014-01-14 00:00:00,0.83,0.83,0.74,7.5,1000.0
2014-01-15 00:00:00,0.75,0.75,0.75,7.5,0.0
2014-01-16 00:00:00,0.75,0.75,0.75,7.5,0.0
2014-01-17 00:00:00,0.86,0.86,0.71,7.1,200.0
2014-01-21 00:00:00,0.72,0.72,0.7,7.0,3000.0
2014-01-22 00:00:00,0.7,0.7,0.7,7.0,0.0
2014-01-23 00:00:00,0.7,0.7,0.7,7.0,0.0
2014-01-24 00:00:00,0.65,0.65,0.63,6.5,400.0
2014-01-27 00:00:00,0.65,0.65,0.65,6.5,0.0
2014-01-28 00:00:00,0.7399,0.74,0.7399,7.399,1020.0
2014-01-29 00:00:00,0.7399,0.7399,0.7399,7.399,0.0
2014-01-30 00:00:00,0.7399,0.7399,0.7399,7.399,0.0
2014-01-31 00:00:00,0.73,0.73,0.67,7.0,1535.0
2014-02-03 00:00:00,0.7,0.7,0.7,7.0,50.0
2014-02-04 00:00:00,0.7,0.7,0.7,7.0,0.0
2014-02-05 00:00:00,0.77,0.77,0.77,7.7,330.0
2014-02-06 00:00:00,0.75,0.75,0.75,7.5,220.0
2014-02-07 00:00:00,0.65,0.7299,0.65,6.9,2800.0
2014-02-10 00:00:00,0.6502,0.6699,0.62,6.699,5200.0
2014-02-11 00:00:00,0.67,0.6799,0.67,6.799,1000.0
2014-02-12 00:00:00,0.65,0.65,0.58,6.399,7500.0
2014-02-13 00:00:00,0.62,0.62,0.6,6.2,500.0
2014-02-14 00:00:00,0.6199,0.66,0.6199,6.6,500.0
2014-02-18 00:00:00,0.62,0.62,0.62,6.2,0.0
2014-02-19 00:00:00,0.66,0.66,0.66,6.6,0.0
2014-02-20 00:00:00,0.66,0.66,0.66,6.6,0.0
2014-02-21 00:00:00,0.66,0.66,0.66,6.6,0.0
2014-02-24 00:00:00,0.62,0.63,0.6,6.3,10100.0
2014-02-25 00:00:00,0.6199,0.64,0.58,6.4,4759.0
2014-02-26 00:00:00,0.64,0.64,0.64,6.4,0.0
2014-02-27 00:00:00,0.6599,0.73,0.6599,7.1,5300.0
2014-02-28 00:00:00,0.6748,0.71,0.66,6.6,6912.0
2014-03-03 00:00:00,0.71,0.72,0.71,7.2,3300.0
2014-03-04 00:00:00,0.72,0.7999,0.72,7.701,6820.0
2014-03-05 00:00:00,0.77,0.77,0.7599,7.7,13688.0
2014-03-06 00:00:00,0.77,0.77,0.77,7.7,0.0
2014-03-07 00:00:00,0.8,1.04,0.8,10.4,17300.0
2014-03-10 00:00:00,0.78,0.9,0.78,9.0,500.0
2014-03-11 00:00:00,0.9,0.9,0.9,9.0,0.0
2014-03-12 00:00:00,0.9,0.9,0.85,8.5,1530.0
2014-03-13 00:00:00,0.85,0.85,0.85,8.5,50.0
2014-03-14 00:00:00,0.84,0.89,0.74,8.9,2100.0
2014-03-17 00:00:00,0.89,0.89,0.89,8.9,0.0
2014-03-18 00:00:00,0.7,0.8,0.68,8.0,13700.0
2014-03-19 00:00:00,0.8,0.8,0.8,8.0,0.0
2014-03-20 00:00:00,0.84,0.84,0.84,8.4,100.0
2014-03-21 00:00:00,0.84,0.84,0.84,8.4,0.0
2014-03-24 00:00:00,0.84,0.84,0.84,8.4,0.0
2014-03-25 00:00:00,0.84,0.84,0.84,8.4,0.0
2014-03-26 00:00:00,0.84,0.84,0.84,8.4,0.0
2014-03-27 00:00:00,0.7,0.7,0.7,7.0,1000.0
2014-03-28 00:00:00,0.7,0.7,0.7,7.0,0.0
2014-03-31 00:00:00,0.7,0.7,0.7,7.0,0.0
2014-04-01 00:00:00,0.7,0.7,0.68,6.8,500.0
2014-04-02 00:00:00,0.64,0.64,0.5001,6.299,3266.0
2014-04-03 00:00:00,0.6299,0.6299,0.6299,6.299,0.0
2014-04-04 00:00:00,0.51,0.5799,0.51,5.799,5400.0
2014-04-07 00:00:00,0.5799,0.5799,0.5799,5.799,0.0
2014-04-08 00:00:00,0.5475,0.55,0.46,5.5,3610.0
2014-04-09 00:00:00,0.5,0.5097,0.34,5.097,9760.0
2014-04-10 00:00:00,0.4499,0.4999,0.4499,4.999,300.0
2014-04-11 00:00:00,0.47,0.47,0.4,4.7,7200.0
2014-04-14 00:00:00,0.4,0.44,0.35,4.4,5855.0
2014-04-15 00:00:00,0.44,0.44,0.44,4.4,0.0
2014-04-16 00:00:00,0.44,0.44,0.44,4.4,0.0
2014-04-17 00:00:00,0.44,0.44,0.44,4.4,0.0
2014-04-21 00:00:00,0.5499,0.5499,0.5499,5.499,100.0
2014-04-22 00:00:00,0.53,0.53,0.53,5.3,1000.0
2014-04-23 00:00:00,0.4799,0.4799,0.4799,4.799,100.0
2014-04-24 00:00:00,0.4799,0.4799,0.4799,4.799,0.0
2014-04-25 00:00:00,0.4799,0.4799,0.4799,4.799,0.0
2014-04-28 00:00:00,0.45,0.45,0.45,4.5,200.0
2014-04-29 00:00:00,0.45,0.45,0.45,4.5,0.0
2014-04-30 00:00:00,0.455,0.455,0.455,4.55,200.0
2014-05-01 00:00:00,0.4,0.5099,0.32,4.7,17600.0
2014-05-02 00:00:00,0.42,0.45,0.42,4.5,900.0
2014-05-05 00:00:00,0.43,0.43,0.43,4.3,200.0
2014-05-06 00:00:00,0.43,0.43,0.43,4.3,0.0
2014-05-07 00:00:00,0.44,0.44,0.44,4.4,100.0
2014-05-08 00:00:00,0.44,0.44,0.44,4.4,66.0
2014-05-09 00:00:00,0.49,0.49,0.49,4.9,177.0
2014-05-12 00:00:00,0.49,0.49,0.49,4.9,0.0
2014-05-13 00:00:00,0.45,0.45,0.43,4.5,400.0
2014-05-14 00:00:00,0.45,0.45,0.45,4.5,0.0
2014-05-15 00:00:00,0.45,0.45,0.45,4.5,0.0
2014-05-16 00:00:00,0.45,0.45,0.45,4.5,0.0
2014-05-19 00:00:00,0.28,0.4,0.18,3.699,4900.0
2014-05-20 00:00:00,0.3,0.351,0.28,3.509,2000.0
2014-05-21 00:00:00,0.3509,0.3509,0.3509,3.509,0.0
2014-05-22 00:00:00,0.3509,0.3509,0.3509,3.509,0.0
2014-05-23 00:00:00,0.3997,0.3997,0.3997,3.997,100.0
2014-05-27 00:00:00,0.35,0.35,0.35,3.5,0.0
2014-05-28 00:00:00,0.3997,0.3997,0.3997,3.997,100.0
2014-05-29 00:00:00,0.2942,0.35,0.26,3.099,15835.0
2014-05-30 00:00:00,0.28,0.28,0.28,2.8,100.0
2014-06-02 00:00:00,0.28,0.28,0.28,2.8,0.0
2014-06-03 00:00:00,0.28,0.28,0.28,2.8,0.0
2014-06-04 00:00:00,0.28,0.28,0.28,2.8,0.0
2014-06-05 00:00:00,0.3,0.3,0.3,3.0,579.0
2014-06-06 00:00:00,0.3,0.3,0.3,3.0,0.0
2014-06-09 00:00:00,0.3,0.3,0.3,3.0,0.0
2014-06-10 00:00:00,0.3,0.3,0.3,3.0,2200.0
2014-06-11 00:00:00,0.28,0.28,0.27,2.7,321.0
2014-06-12 00:00:00,0.34,0.34,0.34,3.4,200.0
2014-06-13 00:00:00,0.35,0.35,0.35,3.5,1000.0
2014-06-16 00:00:00,0.35,0.35,0.35,3.5,0.0
2014-06-17 00:00:00,0.3501,0.3501,0.33,3.5,2900.0
2014-06-18 00:00:00,0.35,0.35,0.35,3.5,0.0
2014-06-19 00:00:00,0.4197,0.4197,0.38,3.9,800.0
2014-06-20 00:00:00,0.39,0.39,0.39,3.9,0.0
2014-06-23 00:00:00,0.39,0.39,0.39,3.9,0.0
2014-06-24 00:00:00,0.39,0.39,0.39,3.9,0.0
2014-06-25 00:00:00,0.4,0.4,0.4,4.0,500.0
2014-06-26 00:00:00,0.3749,0.39,0.3749,3.9,400.0
2014-06-27 00:00:00,0.3799,0.4,0.3799,4.0,7600.0
2014-06-30 00:00:00,0.4,0.4,0.4,4.0,0.0
2014-07-01 00:00:00,0.35,0.35,0.35,3.5,100.0
2014-07-02 00:00:00,0.35,0.35,0.35,3.5,0.0
2014-07-03 00:00:00,0.35,0.35,0.35,3.5,0.0
2014-07-07 00:00:00,0.34,0.34,0.34,3.4,100.0
2014-07-08 00:00:00,0.34,0.34,0.34,3.4,0.0
2014-07-09 00:00:00,0.34,0.34,0.34,3.4,0.0
2014-07-10 00:00:00,0.34,0.34,0.34,3.4,0.0
2014-07-11 00:00:00,0.34,0.34,0.34,3.4,0.0
2014-07-14 00:00:00,0.34,0.34,0.34,3.4,300.0
2014-07-15 00:00:00,0.34,0.34,0.34,3.4,0.0
2014-07-16 00:00:00,0.34,0.34,0.34,3.4,0.0
2014-07-17 00:00:00,0.3299,0.3299,0.3299,3.299,100.0
2014-07-18 00:00:00,0.3299,0.3299,0.3299,3.299,0.0
2014-07-21 00:00:00,0.3299,0.3299,0.3299,3.299,0.0
2014-07-22 00:00:00,0.3299,0.3299,0.3299,3.299,0.0
2014-07-23 00:00:00,0.3299,0.3299,0.3299,3.299,0.0
2014-07-24 00:00:00,0.3299,0.3299,0.3299,3.299,0.0
2014-07-25 00:00:00,0.3299,0.3299,0.3299,3.299,0.0
2014-07-28 00:00:00,0.3299,0.3299,0.3299,3.299,0.0
2014-07-29 00:00:00,0.3299,0.3299,0.3299,3.299,0.0
2014-07-30 00:00:00,0.3299,0.3299,0.3299,3.299,0.0
2014-07-31 00:00:00,0.3299,0.3299,0.3299,3.299,0.0
2014-08-01 00:00:00,0.3299,0.3299,0.3299,3.299,0.0
2014-08-04 00:00:00,0.3299,0.3299,0.3299,3.299,0.0
2014-08-05 00:00:00,0.34,0.34,0.34,3.4,200.0
2014-08-06 00:00:00,0.3,0.3,0.3,3.0,0.0
2014-08-07 00:00:00,0.31,0.31,0.23,3.0,5633.0
2014-08-08 00:00:00,0.29,0.29,0.29,2.9,200.0
2014-08-11 00:00:00,0.29,0.29,0.29,2.9,0.0
2014-08-12 00:00:00,0.29,0.29,0.29,2.9,0.0
2014-08-13 00:00:00,0.29,0.29,0.29,2.9,0.0
2014-08-14 00:00:00,0.29,0.29,0.29,2.9,0.0
2014-08-15 00:00:00,0.29,0.29,0.29,2.9,700.0
2014-08-18 00:00:00,0.29,0.29,0.29,2.9,0.0
2014-08-19 00:00:00,0.29,0.29,0.29,2.9,200.0
2014-08-20 00:00:00,0.29,0.29,0.29,2.9,0.0
2014-08-21 00:00:00,0.29,0.29,0.2301,2.9,3000.0
2014-08-22 00:00:00,0.29,0.29,0.29,2.9,0.0
2014-08-25 00:00:00,0.29,0.29,0.29,2.9,0.0
2014-08-26 00:00:00,0.27,0.27,0.27,2.7,500.0
2014-08-27 00:00:00,0.27,0.27,0.27,2.7,0.0
2014-08-28 00:00:00,0.27,0.27,0.27,2.7,0.0
2014-08-29 00:00:00,0.27,0.27,0.27,2.7,0.0
2014-09-02 00:00:00,0.27,0.27,0.27,2.7,0.0
2014-09-03 00:00:00,0.2501,0.2501,0.2401,2.401,1000.0
2014-09-04 00:00:00,0.2401,0.2401,0.2401,2.401,0.0
2014-09-05 00:00:00,0.2401,0.2401,0.2401,2.401,0.0
2014-09-08 00:00:00,0.2401,0.2401,0.2401,2.401,0.0
2014-09-09 00:00:00,0.2401,0.2401,0.2401,2.401,0.0
2014-09-10 00:00:00,0.2401,0.2401,0.2401,2.401,0.0
2014-09-11 00:00:00,0.2401,0.2401,0.2401,2.401,0.0
2014-09-12 00:00:00,0.3,0.31,0.27,3.1,26678.0
2014-09-15 00:00:00,0.29,0.32,0.29,3.2,10900.0
2014-09-16 00:00:00,0.32,0.32,0.32,3.2,0.0
2014-09-17 00:00:00,0.32,0.32,0.32,3.2,0.0
2014-09-18 00:00:00,0.26,0.299,0.2,2.299,27800.0
2014-09-19 00:00:00,0.23,0.23,0.23,2.3,200.0
2014-09-22 00:00:00,0.21,0.21,0.1901,2.1,1100.0
2014-09-23 00:00:00,0.2,0.2,0.19,1.9,700.0
2014-09-24 00:00:00,0.26,0.26,0.2577,2.577,200.0
2014-09-25 00:00:00,0.2577,0.2577,0.2577,2.577,0.0
2014-09-26 00:00:00,0.3197,0.3197,0.3197,3.197,100.0
2014-09-29 00:00:00,0.3997,0.3997,0.3399,3.399,2100.0
2014-09-30 00:00:00,0.3399,0.3399,0.3399,3.399,0.0
2014-10-01 00:00:00,0.3399,0.3399,0.3399,3.399,32.0
2014-10-02 00:00:00,0.3399,0.3399,0.3399,3.399,0.0
2014-10-03 00:00:00,0.3399,0.3399,0.3399,3.399,0.0
2014-10-06 00:00:00,0.3399,0.3399,0.3399,3.399,0.0
2014-10-07 00:00:00,0.3399,0.3399,0.3399,3.399,0.0
2014-10-08 00:00:00,0.3399,0.3399,0.3399,3.399,0.0
2014-10-09 00:00:00,0.26,0.3,0.26,3.0,5200.0
2014-10-10 00:00:00,0.3,0.3,0.3,3.0,0.0
2014-10-13 00:00:00,0.3,0.3,0.3,3.0,0.0
2014-10-14 00:00:00,0.3,0.3,0.3,3.0,0.0
2014-10-15 00:00:00,0.3,0.3,0.3,3.0,0.0
2014-10-16 00:00:00,0.3,0.3,0.3,3.0,0.0
2014-10-17 00:00:00,0.3,0.3,0.3,3.0,0.0
2014-10-20 00:00:00,0.3,0.3,0.3,3.0,0.0
2014-10-21 00:00:00,0.3,0.3,0.3,3.0,0.0
2014-10-22 00:00:00,0.3,0.3,0.3,3.0,0.0
2014-10-23 00:00:00,0.3,0.3,0.3,3.0,0.0
2014-10-24 00:00:00,0.2899,0.29,0.28,2.9,1000.0
2014-10-27 00:00:00,0.29,0.29,0.29,2.9,0.0
2014-10-28 00:00:00,0.29,0.29,0.29,2.9,0.0
2014-10-29 00:00:00,0.3,0.37,0.3,3.3,26591.0
2014-10-30 00:00:00,0.33,0.33,0.33,3.3,0.0
2014-10-31 00:00:00,0.3399,0.3399,0.3399,3.399,200.0
2014-11-03 00:00:00,0.3399,0.3399,0.3399,3.399,0.0
2014-11-04 00:00:00,0.3399,0.3399,0.3399,3.399,0.0
2014-11-05 00:00:00,0.3399,0.3399,0.3399,3.399,0.0
2014-11-06 00:00:00,0.3399,0.3399,0.3399,3.399,0.0
2014-11-07 00:00:00,0.31,0.31,0.31,3.1,200.0
2014-11-10 00:00:00,0.31,0.31,0.31,3.1,0.0
2014-11-11 00:00:00,0.31,0.31,0.31,3.1,0.0
2014-11-12 00:00:00,0.31,0.31,0.31,3.1,2000.0
2014-11-13 00:00:00,0.3,0.3075,0.3,3.075,200.0
2014-11-14 00:00:00,0.3075,0.3075,0.3075,3.075,100.0
2014-11-17 00:00:00,0.4093,0.4093,0.4093,4.093,0.0
2014-11-18 00:00:00,0.3496,0.3496,0.3493,3.493,200.0
2014-11-19 00:00:00,0.3493,0.3493,0.3493,3.493,0.0
2014-11-20 00:00:00,0.36,0.36,0.2252,2.399,5100.0
2014-11-21 00:00:00,0.27,0.27,0.27,2.7,5000.0
2014-11-24 00:00:00,0.27,0.27,0.27,2.7,0.0
2014-11-25 00:00:00,0.27,0.27,0.27,2.7,0.0
2014-11-26 00:00:00,0.3,0.3,0.3,3.0,1599.0
2014-11-28 00:00:00,0.3,0.3,0.3,3.0,0.0
2014-12-01 00:00:00,0.3,0.3,0.3,3.0,0.0
2014-12-02 00:00:00,0.3996,0.3996,0.3526,3.526,400.0
2014-12-03 00:00:00,0.3526,0.3526,0.3526,3.526,0.0
2014-12-04 00:00:00,0.3526,0.3526,0.3526,3.526,0.0
2014-12-05 00:00:00,0.3526,0.3526,0.3526,3.526,0.0
2014-12-08 00:00:00,0.3526,0.3526,0.3526,3.526,0.0
2014-12-09 00:00:00,0.2801,0.2801,0.2801,2.801,200.0
2014-12-10 00:00:00,0.2801,0.2801,0.2801,2.801,0.0
2014-12-11 00:00:00,0.2801,0.2801,0.2801,2.801,0.0
2014-12-12 00:00:00,0.2801,0.2801,0.2801,2.801,0.0
2014-12-15 00:00:00,0.2801,0.2801,0.2801,2.801,0.0
2014-12-16 00:00:00,0.2801,0.2801,0.2801,2.801,0.0
2014-12-17 00:00:00,0.2801,0.2801,0.2801,2.801,0.0
2014-12-18 00:00:00,0.25,0.28,0.25,2.8,5100.0
2014-12-19 00:00:00,0.28,0.28,0.28,2.8,0.0
2014-12-22 00:00:00,0.28,0.28,0.28,2.8,0.0
2014-12-23 00:00:00,0.28,0.28,0.28,2.8,0.0
2014-12-24 00:00:00,0.28,0.28,0.28,2.8,0.0
2014-12-26 00:00:00,0.27,0.27,0.27,2.7,500.0
2014-12-29 00:00:00,0.25,0.25,0.211,2.5,11500.0
2014-12-30 00:00:00,0.25,0.25,0.25,2.5,0.0
2014-12-31 00:00:00,0.25,0.25,0.25,2.5,0.0
2015-01-02 00:00:00,0.25,0.25,0.25,2.5,0.0
2015-01-05 00:00:00,0.25,0.25,0.25,2.5,0.0
2015-01-06 00:00:00,0.25,0.25,0.25,2.5,0.0
2015-01-07 00:00:00,0.25,0.25,0.25,2.5,0.0
2015-01-08 00:00:00,0.25,0.25,0.25,2.5,0.0
2015-01-09 00:00:00,0.25,0.25,0.25,2.5,0.0
2015-01-12 00:00:00,0.25,0.25,0.25,2.5,0.0
2015-01-13 00:00:00,0.25,0.25,0.25,2.5,0.0
2015-01-14 00:00:00,0.25,0.25,0.25,2.5,0.0
2015-01-15 00:00:00,0.25,0.25,0.25,2.5,0.0
2015-01-16 00:00:00,0.27,0.27,0.27,2.7,200.0
2015-01-20 00:00:00,0.27,0.27,0.27,2.7,0.0
2015-01-21 00:00:00,0.27,0.27,0.27,2.7,0.0
2015-01-22 00:00:00,0.27,0.27,0.27,2.7,0.0
2015-01-23 00:00:00,0.2899,0.2899,0.2899,2.899,100.0
2015-01-26 00:00:00,0.2899,0.2899,0.2899,2.899,4.0
2015-01-27 00:00:00,0.26,0.2794,0.2204,2.699,2567.0
2015-01-28 00:00:00,0.265,0.265,0.265,2.65,200.0
2015-01-29 00:00:00,0.265,0.265,0.265,2.65,0.0
2015-01-30 00:00:00,0.2649,0.2649,0.2649,2.649,300.0
2015-02-02 00:00:00,0.2649,0.2649,0.2649,2.649,0.0
2015-02-03 00:00:00,0.27,0.27,0.27,2.7,200.0
2015-02-04 00:00:00,0.27,0.27,0.27,2.7,0.0
2015-02-05 00:00:00,0.27,0.27,0.27,2.7,0.0
2015-02-06 00:00:00,0.27,0.27,0.27,2.7,0.0
2015-02-09 00:00:00,0.24,0.26,0.2105,2.599,6055.0
2015-02-10 00:00:00,0.2599,0.2599,0.2599,2.599,0.0
2015-02-11 00:00:00,0.2599,0.2599,0.2599,2.599,0.0
2015-02-12 00:00:00,0.2599,0.2599,0.2599,2.599,4.0
2015-02-13 00:00:00,0.2599,0.2599,0.2599,2.599,0.0
2015-02-17 00:00:00,0.2599,0.2599,0.2599,2.599,0.0
2015-02-18 00:00:00,0.28,0.3399,0.28,3.399,2100.0
2015-02-19 00:00:00,0.31,0.35,0.31,3.5,1246.0
2015-02-20 00:00:00,0.36,0.36,0.2601,2.999,2105.0
2015-02-23 00:00:00,0.2999,0.2999,0.2999,2.999,0.0
2015-02-24 00:00:00,0.2999,0.2999,0.2999,2.999,0.0
2015-02-25 00:00:00,0.2999,0.2999,0.2999,2.999,0.0
2015-02-26 00:00:00,0.2999,0.2999,0.2999,2.999,0.0
2015-02-27 00:00:00,0.2999,0.2999,0.2999,2.999,0.0
2015-03-02 00:00:00,0.2999,0.2999,0.2999,2.999,0.0
2015-03-03 00:00:00,0.2999,0.2999,0.2999,2.999,0.0
2015-03-04 00:00:00,0.28,0.3,0.28,3.0,210.0
2015-03-05 00:00:00,0.3,0.3,0.3,3.0,0.0
2015-03-06 00:00:00,0.35,0.35,0.35,3.5,500.0
2015-03-09 00:00:00,0.35,0.35,0.35,3.5,0.0
2015-03-10 00:00:00,0.35,0.35,0.35,3.5,0.0
2015-03-11 00:00:00,0.35,0.35,0.35,3.5,0.0
2015-03-12 00:00:00,0.35,0.35,0.35,3.5,0.0
2015-03-13 00:00:00,0.35,0.35,0.35,3.5,0.0
2015-03-16 00:00:00,0.36,0.36,0.36,3.6,1000.0
2015-03-17 00:00:00,0.35,0.35,0.35,3.5,100.0
2015-03-18 00:00:00,0.38,0.4,0.315,3.2,23582.0
2015-03-19 00:00:00,0.32,0.32,0.32,3.2,0.0
2015-03-20 00:00:00,0.3597,0.3597,0.3597,3.597,250.0
2015-03-23 00:00:00,0.36,0.36,0.29,2.9,10953.0
2015-03-24 00:00:00,0.29,0.29,0.29,2.9,0.0
2015-03-25 00:00:00,0.29,0.29,0.29,2.9,0.0
2015-03-26 00:00:00,0.3,0.3,0.3,3.0,200.0
2015-03-27 00:00:00,0.318,0.318,0.28,2.8,2600.0
2015-03-30 00:00:00,0.28,0.29,0.28,2.9,2700.0
2015-03-31 00:00:00,0.2681,0.3298,0.2681,3.298,300.0
2015-04-01 00:00:00,0.3298,0.3298,0.3298,3.298,0.0
2015-04-02 00:00:00,0.34,0.34,0.34,3.4,800.0
2015-04-06 00:00:00,0.34,0.34,0.34,3.4,0.0
2015-04-07 00:00:00,0.34,0.34,0.34,3.4,0.0
2015-04-08 00:00:00,0.34,0.34,0.34,3.4,0.0
2015-04-09 00:00:00,0.34,0.375,0.3,3.75,23400.0
2015-04-10 00:00:00,0.34,0.3485,0.34,3.485,4900.0
2015-04-13 00:00:00,0.32,0.36,0.3,3.413,12138.0
2015-04-14 00:00:00,0.4,0.46,0.4,4.6,5602.0
2015-04-15 00:00:00,0.45,0.4737,0.32,3.9,22230.0
2015-04-16 00:00:00,0.31,0.3284,0.28,3.284,5700.0
2015-04-17 00:00:00,0.33,0.33,0.319,3.19,291.0
2015-04-20 00:00:00,0.3,0.3,0.3,3.0,5005.0
2015-04-21 00:00:00,0.29,0.29,0.2602,2.602,1101.0
2015-04-22 00:00:00,0.2602,0.2602,0.2602,2.602,708.0
2015-04-23 00:00:00,0.35,0.35,0.35,3.5,100.0
2015-04-24 00:00:00,0.35,0.35,0.35,3.5,20.0
2015-04-27 00:00:00,0.3675,0.3999,0.3675,3.899,420.0
2015-04-28 00:00:00,0.38,0.38,0.38,3.8,100.0
2015-04-29 00:00:00,0.38,0.38,0.38,3.8,15.0
2015-04-30 00:00:00,0.38,0.38,0.38,3.8,0.0
2015-05-01 00:00:00,0.1113,0.348,0.1113,3.48,328.0
2015-05-04 00:00:00,0.348,0.348,0.348,3.48,10.0
2015-05-05 00:00:00,0.39,0.46,0.39,4.1,5710.0
2015-05-06 00:00:00,0.42,0.42,0.42,4.2,150.0
2015-05-07 00:00:00,0.39,0.39,0.39,3.9,110.0
2015-05-08 00:00:00,0.35,0.35,0.35,3.5,1.0
2015-05-11 00:00:00,0.25,0.28,0.2,2.8,7200.0
2015-05-12 00:00:00,0.46,0.46,0.25,3.499,46578.0
2015-05-13 00:00:00,0.42,0.49,0.35,4.7,25647.0
2015-05-14 00:00:00,0.47,0.5,0.41,5.0,31170.0
2015-05-15 00:00:00,0.45,0.7,0.45,6.8,38539.0
2015-05-18 00:00:00,0.58,0.7999,0.58,7.968,87496.0
2015-05-19 00:00:00,0.75,0.75,0.65,7.0,25258.0
2015-05-20 00:00:00,0.7,0.7,0.6595,6.6,2340.0
2015-05-21 00:00:00,0.7,0.7,0.63,6.5,6844.0
2015-05-22 00:00:00,0.6,0.61,0.42,5.0,11576.0
2015-05-26 00:00:00,0.5,0.5,0.5,5.0,0.0
2015-05-27 00:00:00,0.5988,0.684,0.5988,6.84,2502.0
2015-05-28 00:00:00,0.65,0.68,0.65,6.5,16874.0
2015-05-29 00:00:00,0.65,0.65,0.65,6.5,2.0
2015-06-01 00:00:00,0.61,0.61,0.49,4.9,2.0
2015-06-02 00:00:00,0.65,0.65,0.65,6.5,0.0
2015-06-03 00:00:00,0.65,0.65,0.65,6.5,0.0
2015-06-04 00:00:00,0.5,0.58,0.5,5.5,832.0
2015-06-05 00:00:00,0.54,0.54,0.51,5.4,2508.0
2015-06-08 00:00:00,0.54,0.54,0.54,5.4,98.0
2015-06-09 00:00:00,0.5,0.5,0.5,5.0,200.0
2015-06-10 00:00:00,0.5,0.5,0.5,5.0,0.0
2015-06-11 00:00:00,0.525,0.525,0.46,4.6,49.0
2015-06-12 00:00:00,0.5,0.5,0.5,5.0,3005.0
2015-06-15 00:00:00,0.5,0.5,0.5,5.0,0.0
2015-06-16 00:00:00,0.5,0.5,0.5,5.0,1.0
2015-06-17 00:00:00,0.45,0.45,0.45,4.5,2024.0
2015-06-18 00:00:00,0.499,0.5,0.492,5.0,7500.0
2015-06-19 00:00:00,0.5,0.5,0.5,5.0,0.0
2015-06-22 00:00:00,0.5,0.5,0.5,5.0,0.0
2015-06-23 00:00:00,0.443,0.4616,0.4095,4.095,6490.0
2015-06-24 00:00:00,0.4095,0.4095,0.4095,4.095,0.0
2015-06-25 00:00:00,0.4095,0.4095,0.4095,4.095,0.0
2015-06-26 00:00:00,0.43,0.43,0.43,4.3,100.0
2015-06-29 00:00:00,0.4515,0.4515,0.357,3.57,8.0
2015-06-30 00:00:00,0.42,0.431,0.42,4.31,10000.0
2015-07-01 00:00:00,0.435,0.435,0.435,4.35,158.0
2015-07-02 00:00:00,0.5,0.5,0.4232,4.232,1400.0
2015-07-06 00:00:00,0.43,0.48,0.41,4.1,600.0
2015-07-07 00:00:00,0.42,0.45,0.42,4.3,4200.0
2015-07-08 00:00:00,0.4,0.4,0.4,4.0,100.0
2015-07-09 00:00:00,0.39,0.39,0.39,3.9,113.0
2015-07-10 00:00:00,0.34,0.38,0.34,3.7,361.0
2015-07-13 00:00:00,0.38,0.38,0.32,3.2,1200.0
2015-07-14 00:00:00,0.36,0.36,0.36,3.6,100.0
2015-07-15 00:00:00,0.3549,0.3675,0.3499,3.675,10520.0
2015-07-16 00:00:00,0.3121,0.4129,0.3121,4.129,700.0
2015-07-17 00:00:00,0.37,0.4,0.37,3.7,709.0
2015-07-20 00:00:00,0.37,0.37,0.37,3.7,0.0
2015-07-21 00:00:00,0.37,0.37,0.37,3.7,0.0
2015-07-22 00:00:00,0.37,0.37,0.37,3.7,5.0
2015-07-23 00:00:00,0.4,0.4222,0.26,3.8,5150.0
2015-07-24 00:00:00,0.375,0.375,0.375,3.75,100.0
2015-07-27 00:00:00,0.3937,0.3937,0.3937,3.937,120.0
2015-07-28 00:00:00,0.385,0.385,0.385,3.85,111.0
2015-07-29 00:00:00,0.385,0.385,0.385,3.85,1.0
2015-07-30 00:00:00,0.36,0.385,0.35,3.85,2910.0
2015-07-31 00:00:00,0.37,0.385,0.37,3.85,2348.0
2015-08-03 00:00:00,0.38,0.38,0.38,3.8,100.0
2015-08-04 00:00:00,0.38,0.38,0.38,3.8,100.0
2015-08-05 00:00:00,0.38,0.38,0.38,3.8,64.0
2015-08-06 00:00:00,0.38,0.38,0.38,3.8,0.0
2015-08-07 00:00:00,0.32,0.32,0.32,3.2,300.0
2015-08-10 00:00:00,0.336,0.336,0.336,3.36,101.0
2015-08-11 00:00:00,0.336,0.336,0.336,3.36,100.0
2015-08-12 00:00:00,0.33,0.33,0.33,3.3,350.0
2015-08-13 00:00:00,0.3232,0.3232,0.3232,3.232,6000.0
2015-08-14 00:00:00,0.3232,0.3232,0.3232,3.232,0.0
2015-08-17 00:00:00,0.3232,0.3232,0.3232,3.232,0.0
2015-08-18 00:00:00,0.3232,0.3232,0.3232,3.232,0.0
2015-08-19 00:00:00,0.3232,0.33,0.27,2.7,6559.0
2015-08-20 00:00:00,0.2835,0.2835,0.12,1.3,13692.0
2015-08-21 00:00:00,0.13,0.13,0.13,1.3,0.0
2015-08-24 00:00:00,0.15,0.2,0.15,1.5,1829.0
2015-08-25 00:00:00,0.2,0.2,0.2,2.0,200.0
2015-08-26 00:00:00,0.2,0.2,0.2,2.0,500.0
2015-08-27 00:00:00,0.1607,0.18,0.1607,1.8,850.0
2015-08-28 00:00:00,0.18,0.18,0.18,1.8,0.0
2015-08-31 00:00:00,0.18,0.18,0.18,1.8,0.0
2015-09-01 00:00:00,0.18,0.18,0.18,1.8,0.0
2015-09-02 00:00:00,0.15,0.205,0.15,1.8,950.0
2015-09-03 00:00:00,0.165,0.1849,0.1499,1.499,14750.0
2015-09-04 00:00:00,0.1499,0.1575,0.1499,1.575,7389.0
2015-09-08 00:00:00,0.1654,0.1654,0.12,1.5,9135.0
2015-09-09 00:00:00,0.15,0.15,0.15,1.5,0.0
2015-09-10 00:00:00,0.15,0.15,0.15,1.5,0.0
2015-09-11 00:00:00,0.15,0.15,0.15,1.5,1000.0
2015-09-14 00:00:00,0.15,0.15,0.15,1.5,0.0
2015-09-15 00:00:00,0.15,0.15,0.15,1.5,0.0
2015-09-16 00:00:00,0.15,0.15,0.15,1.5,0.0
2015-09-17 00:00:00,0.16,0.19,0.16,1.9,1213.0
2015-09-18 00:00:00,0.1999,0.2,0.1999,2.0,4160.0
2015-09-21 00:00:00,0.2,0.2,0.2,2.0,0.0
2015-09-22 00:00:00,0.2,0.2,0.2,2.0,0.0
2015-09-23 00:00:00,0.205,0.205,0.205,2.05,100.0
2015-09-24 00:00:00,0.1536,0.16,0.1,1.6,22000.0
2015-09-25 00:00:00,0.168,0.168,0.1599,1.599,300.0
2015-09-28 00:00:00,0.15,0.15,0.15,1.5,300.0
2015-09-29 00:00:00,0.15,0.15,0.15,1.5,0.0
2015-09-30 00:00:00,0.15,0.15,0.15,1.5,4.0
2015-10-01 00:00:00,0.15,0.15,0.15,1.5,0.0
2015-10-02 00:00:00,0.16,0.16,0.16,1.6,1000.0
2015-10-05 00:00:00,0.16,0.16,0.16,1.6,1000.0
2015-10-06 00:00:00,0.16,0.16,0.16,1.6,0.0
2015-10-07 00:00:00,0.16,0.16,0.16,1.6,0.0
2015-10-08 00:00:00,0.15,0.15,0.15,1.5,100.0
2015-10-09 00:00:00,0.15,0.15,0.15,1.5,0.0
2015-10-12 00:00:00,0.15,0.15,0.15,1.5,0.0
2015-10-13 00:00:00,0.15,0.15,0.15,1.5,0.0
2015-10-14 00:00:00,0.15,0.15,0.1498,1.498,500.0
2015-10-15 00:00:00,0.1498,0.1498,0.1498,1.498,100.0
2015-10-16 00:00:00,0.16,0.16,0.155,1.55,35.0
2015-10-19 00:00:00,0.15,0.15,0.15,1.5,3000.0
2015-10-20 00:00:00,0.15,0.15,0.15,1.5,0.0
2015-10-21 00:00:00,0.1354,0.1421,0.13,1.3,400.0
2015-10-22 00:00:00,0.13,0.13,0.13,1.3,0.0
2015-10-23 00:00:00,0.13,0.13,0.13,1.3,0.0
2015-10-26 00:00:00,0.1299,0.1299,0.1299,1.299,2705.0
2015-10-27 00:00:00,0.12,0.12,0.1,1.1,40700.0
2015-10-28 00:00:00,0.1,0.11,0.0999,1.1,7836.0
2015-10-29 00:00:00,0.11,0.11,0.11,1.1,0.0
2015-10-30 00:00:00,0.14,0.1568,0.1001,1.001,3551.0
2015-11-02 00:00:00,0.1001,0.1001,0.1001,1.001,0.0
2015-11-03 00:00:00,0.1001,0.1001,0.1001,1.001,0.0
2015-11-04 00:00:00,0.195,0.2,0.1464,1.6,3430.0
2015-11-05 00:00:00,0.25,0.25,0.22,2.3,4020.0
2015-11-06 00:00:00,0.23,0.23,0.23,2.3,158.0
2015-11-09 00:00:00,0.3,0.3,0.2766,2.766,444.0
2015-11-10 00:00:00,0.23,0.245,0.23,2.363,3238.0
2015-11-11 00:00:00,0.2363,0.2363,0.2363,2.363,2.0
2015-11-12 00:00:00,0.2363,0.2363,0.2363,2.363,10.0
2015-11-13 00:00:00,0.1654,0.1654,0.1654,1.654,1.0
2015-11-16 00:00:00,0.1254,0.1254,0.1254,1.254,1.0
2015-11-17 00:00:00,0.0733,0.1,0.0733,1.0,1103.0
2015-11-18 00:00:00,0.1048,0.1048,0.1,1.0,660.0
2015-11-19 00:00:00,0.1,0.2332,0.1,1.2,9299.0
2015-11-20 00:00:00,0.15,0.2397,0.15,1.95,5100.0
2015-11-23 00:00:00,0.195,0.195,0.195,1.95,10.0
2015-11-24 00:00:00,0.15,0.188,0.15,1.88,12529.0
2015-11-25 00:00:00,0.14,0.18,0.14,1.8,6221.0
2015-11-27 00:00:00,0.18,0.18,0.18,1.8,0.0
2015-11-30 00:00:00,0.18,0.18,0.18,1.8,25.0
2015-12-01 00:00:00,0.12,0.1314,0.0933,1.3,7941.0
2015-12-02 00:00:00,0.1365,0.1365,0.1365,1.365,1035.0
2015-12-03 00:00:00,0.12,0.13,0.08,1.3,2166.0
2015-12-04 00:00:00,0.15,0.15,0.114,1.14,5532.0
2015-12-07 00:00:00,0.13,0.13,0.0838,1.155,1295.0
2015-12-08 00:00:00,0.1105,0.1105,0.11,1.1,12749.0
2015-12-09 00:00:00,0.1095,0.1095,0.1094,1.094,500.0
2015-12-10 00:00:00,0.0813,0.0813,0.0813,0.813,2256.0
2015-12-11 00:00:00,0.0813,0.0813,0.0813,0.813,2.0
2015-12-14 00:00:00,0.11,0.11,0.11,1.1,5000.0
2015-12-15 00:00:00,0.1155,0.1155,0.11,1.1,261.0
2015-12-16 00:00:00,0.11,0.11,0.11,1.1,2.0
2015-12-17 00:00:00,0.067,0.067,0.067,0.67,1500.0
2015-12-18 00:00:00,0.08,0.11,0.08,1.015,4378.0
2015-12-21 00:00:00,0.117,0.117,0.1099,1.1,3359.0
2015-12-22 00:00:00,0.11,0.11,0.11,1.1,0.0
2015-12-23 00:00:00,0.082,0.082,0.0641,0.641,1928.0
2015-12-24 00:00:00,0.064,0.064,0.064,0.64,2005.0
2015-12-28 00:00:00,0.0713,0.0721,0.0711,0.721,2100.0
2015-12-29 00:00:00,0.12,0.1499,0.12,1.499,1200.0
2015-12-30 00:00:00,0.1498,0.1498,0.11,1.301,422.0
2015-12-31 00:00:00,0.13,0.13,0.13,1.3,468.0
2016-01-04 00:00:00,0.13,0.13,0.13,1.3,1.0
2016-01-05 00:00:00,0.13,0.13,0.13,1.3,100.0
2016-01-06 00:00:00,0.13,0.13,0.13,1.3,110.0
2016-01-07 00:00:00,0.13,0.13,0.13,1.3,13.0
2016-01-08 00:00:00,0.13,0.13,0.13,1.3,0.0
2016-01-11 00:00:00,0.13,0.13,0.13,1.3,3.0
2016-01-12 00:00:00,0.13,0.13,0.13,1.3,0.0
2016-01-13 00:00:00,0.13,0.13,0.13,1.3,0.0
2016-01-14 00:00:00,0.13,0.13,0.13,1.3,4.0
2016-01-15 00:00:00,0.11,0.1292,0.11,1.292,6449.0
2016-01-19 00:00:00,0.1292,0.1292,0.1292,1.292,10.0
2016-01-20 00:00:00,0.1292,0.1292,0.1292,1.292,0.0
2016-01-21 00:00:00,0.1292,0.1292,0.1292,1.292,196.0
2016-01-22 00:00:00,0.1292,0.1292,0.1292,1.292,126.0
2016-01-25 00:00:00,0.1292,0.1292,0.1292,1.292,10.0
2016-01-26 00:00:00,0.09,0.09,0.09,0.9,1420.0
2016-01-27 00:00:00,0.064,0.064,0.0639,0.64,2427.0
2016-01-28 00:00:00,0.064,0.064,0.064,0.64,0.0
2016-01-29 00:00:00,0.064,0.064,0.064,0.64,25.0
2016-02-01 00:00:00,0.064,0.064,0.064,0.64,0.0
2016-02-02 00:00:00,0.064,0.064,0.0599,0.599,11836.0
2016-02-03 00:00:00,0.06,0.06,0.06,0.6,2003.0
2016-02-04 00:00:00,0.06,0.06,0.06,0.6,0.0
2016-02-05 00:00:00,0.06,0.06,0.06,0.6,1.0
2016-02-08 00:00:00,0.06,0.06,0.06,0.6,1.0
2016-02-09 00:00:00,0.06,0.06,0.06,0.6,0.0
2016-02-10 00:00:00,0.06,0.06,0.06,0.6,0.0
2016-02-11 00:00:00,0.06,0.06,0.06,0.6,1570.0
2016-02-12 00:00:00,0.06,0.06,0.06,0.6,500.0
2016-02-16 00:00:00,0.06,0.06,0.06,0.6,0.0
2016-02-17 00:00:00,0.0114,0.0114,0.0114,0.114,500.0
2016-02-18 00:00:00,0.06,0.09,0.0251,0.6,76421.0
2016-02-19 00:00:00,0.09,0.09,0.09,0.9,12646.0
2016-02-22 00:00:00,0.0945,0.1,0.088,1.0,1680.0
2016-02-23 00:00:00,0.06,0.0609,0.0413,0.413,1347.0
2016-02-24 00:00:00,0.05,0.05,0.0434,0.44,11415.0
2016-02-25 00:00:00,0.0462,0.0487,0.0462,0.487,1235.0
2016-02-26 00:00:00,0.0487,0.0487,0.0487,0.487,0.0
2016-02-29 00:00:00,0.0488,0.0488,0.0487,0.487,1176.0
2016-03-01 00:00:00,0.0252,0.0252,0.0252,0.252,500.0
2016-03-02 00:00:00,0.0501,0.0501,0.035,0.499,33603.0
2016-03-03 00:00:00,0.0524,0.055,0.04,0.4,9584.0
2016-03-04 00:00:00,0.05,0.0798,0.03,0.585,26973.0
2016-03-07 00:00:00,0.0585,0.0647,0.0585,0.615,6025.0
2016-03-08 00:00:00,0.0585,0.0585,0.0585,0.585,314.0
2016-03-09 00:00:00,0.0304,0.0353,0.0304,0.353,16.0
2016-03-10 00:00:00,0.0372,0.0372,0.0372,0.372,125.0
2016-03-11 00:00:00,0.0393,0.0393,0.0393,0.393,439.0
2016-03-14 00:00:00,0.0393,0.0393,0.0393,0.393,0.0
2016-03-15 00:00:00,0.0415,0.0415,0.0393,0.393,3000.0
2016-03-16 00:00:00,0.0414,0.0414,0.0414,0.414,383.0
2016-03-17 00:00:00,0.0414,0.0414,0.0414,0.414,3.0
2016-03-18 00:00:00,0.05,0.05,0.05,0.5,14954.0
2016-03-21 00:00:00,0.05,0.05,0.05,0.5,3.0
2016-03-22 00:00:00,0.05,0.05,0.05,0.5,5.0
2016-03-23 00:00:00,0.05,0.05,0.05,0.5,0.0
2016-03-24 00:00:00,0.05,0.05,0.0245,0.245,2043.0
2016-03-28 00:00:00,0.0302,0.0302,0.0302,0.302,120.0
2016-03-29 00:00:00,0.0727,0.0727,0.0727,0.727,3000.0
2016-03-30 00:00:00,0.032,0.0574,0.032,0.353,2448.0
2016-03-31 00:00:00,0.0371,0.0371,0.032,0.32,11100.0
2016-04-01 00:00:00,0.0336,0.0337,0.0336,0.337,3678.0
2016-04-04 00:00:00,0.0353,0.0353,0.033,0.33,2001.0
2016-04-05 00:00:00,0.0367,0.045,0.032,0.32,3193.0
2016-04-06 00:00:00,0.09,0.09,0.032,0.32,10951.0
2016-04-07 00:00:00,0.032,0.032,0.032,0.32,23.0
2016-04-08 00:00:00,0.06,0.06,0.0321,0.322,10732.0
2016-04-11 00:00:00,0.0322,0.0322,0.0322,0.322,0.0
2016-04-12 00:00:00,0.06,0.06,0.0322,0.322,600.0
2016-04-13 00:00:00,0.06,0.06,0.0338,0.338,1350.0
2016-04-14 00:00:00,0.042,0.042,0.042,0.42,23.0
2016-04-15 00:00:00,0.0355,0.0355,0.0338,0.338,23.0
2016-04-18 00:00:00,0.0355,0.0373,0.0355,0.373,601.0
2016-04-19 00:00:00,0.0391,0.0596,0.0355,0.5,8819.0
2016-04-20 00:00:00,0.0525,0.0579,0.0355,0.579,1431.0
2016-04-21 00:00:00,0.0338,0.05,0.0338,0.388,53973.0
2016-04-22 00:00:00,0.05,0.05,0.035,0.39,7405.0
2016-04-25 00:00:00,0.04,0.04,0.0388,0.388,3019.0
2016-04-26 00:00:00,0.0497,0.0497,0.035,0.4,7961.0
2016-04-27 00:00:00,0.0483,0.0483,0.036,0.42,21007.0
2016-04-28 00:00:00,0.0408,0.0408,0.0408,0.408,663.0
2016-04-29 00:00:00,0.036,0.037,0.036,0.37,1212.0
2016-05-02 00:00:00,0.0398,0.0398,0.0398,0.398,200.0
2016-05-03 00:00:00,0.0375,0.0375,0.0375,0.375,600.0
2016-05-04 00:00:00,0.0393,0.0393,0.0393,0.393,16.0
2016-05-05 00:00:00,0.0376,0.0376,0.0376,0.376,257.0
2016-05-06 00:00:00,0.0394,0.0394,0.0394,0.394,652.0
2016-05-09 00:00:00,0.04,0.0455,0.04,0.455,3770.0
2016-05-10 00:00:00,0.0455,0.0597,0.0455,0.59,12338.0
2016-05-11 00:00:00,0.06,0.06,0.045,0.516,10354.0
2016-05-12 00:00:00,0.039,0.039,0.0353,0.353,1257.0
2016-05-13 00:00:00,0.0353,0.0353,0.0353,0.353,0.0
2016-05-16 00:00:00,0.0371,0.0371,0.0371,0.371,421.0
2016-05-17 00:00:00,0.0399,0.044,0.032,0.44,2694.0
2016-05-18 00:00:00,0.0336,0.04,0.032,0.32,15737.0
2016-05-19 00:00:00,0.0336,0.04,0.0336,0.4,4367.0
2016-05-20 00:00:00,0.04,0.04,0.032,0.336,18556.0
2016-05-23 00:00:00,0.0337,0.04,0.032,0.32,6796.0
2016-05-24 00:00:00,0.032,0.032,0.032,0.32,600.0
2016-05-25 00:00:00,0.0336,0.0374,0.0336,0.336,4478.0
2016-05-26 00:00:00,0.036,0.036,0.036,0.36,100.0
2016-05-27 00:00:00,0.036,0.036,0.036,0.36,121.0
2016-05-31 00:00:00,0.03,0.0315,0.03,0.315,835.0
2016-06-01 00:00:00,0.03,0.03,0.03,0.3,2872.0
2016-06-02 00:00:00,0.0315,0.0449,0.0315,0.346,3758.0
2016-06-03 00:00:00,0.0363,0.0363,0.0254,0.346,4968.0
2016-06-06 00:00:00,0.0346,0.0346,0.0346,0.346,45.0
2016-06-07 00:00:00,0.03,0.03,0.03,0.3,1902.0
2016-06-08 00:00:00,0.0315,0.0315,0.0315,0.315,842.0
2016-06-09 00:00:00,0.05,0.05,0.033,0.33,519.0
2016-06-10 00:00:00,0.059,0.059,0.03,0.59,1562.0
2016-06-13 00:00:00,0.059,0.059,0.0321,0.59,2738.0
2016-06-14 00:00:00,0.0322,0.0579,0.0322,0.579,2880.0
2016-06-15 00:00:00,0.03,0.03,0.03,0.3,4043.0
2016-06-16 00:00:00,0.033,0.033,0.033,0.33,574.0
2016-06-17 00:00:00,0.0347,0.04,0.034,0.34,4476.0
2016-06-20 00:00:00,0.0357,0.0376,0.0357,0.376,600.0
2016-06-21 00:00:00,0.0376,0.0395,0.034,0.375,3020.0
2016-06-22 00:00:00,0.034,0.034,0.034,0.34,1003.0
2016-06-23 00:00:00,0.049,0.049,0.034,0.358,726.0
2016-06-24 00:00:00,0.0376,0.0376,0.0376,0.376,174.0
2016-06-27 00:00:00,0.04,0.04,0.04,0.4,114.0
2016-06-28 00:00:00,0.042,0.0441,0.042,0.42,2369.0
2016-06-29 00:00:00,0.0441,0.0441,0.0441,0.441,1240.0
2016-06-30 00:00:00,0.0441,0.0441,0.0441,0.441,25.0
2016-07-01 00:00:00,0.0463,0.0463,0.0463,0.463,111.0
2016-07-05 00:00:00,0.034,0.0392,0.034,0.34,24203.0
2016-07-06 00:00:00,0.0357,0.0357,0.033,0.357,5487.0
2016-07-07 00:00:00,0.0375,0.039,0.0336,0.367,7506.0
2016-07-08 00:00:00,0.0353,0.0379,0.033,0.347,1468.0
2016-07-11 00:00:00,0.0364,0.0364,0.033,0.34,18414.0
2016-07-12 00:00:00,0.0357,0.0357,0.03,0.327,12891.0
2016-07-13 00:00:00,0.0345,0.0453,0.0343,0.39,5395.0
2016-07-14 00:00:00,0.03,0.0357,0.03,0.357,14099.0
2016-07-15 00:00:00,0.0375,0.0375,0.0375,0.375,10710.0
2016-07-18 00:00:00,0.0394,0.04,0.038,0.38,7014.0
2016-07-19 00:00:00,0.038,0.038,0.038,0.38,200.0
2016-07-20 00:00:00,0.0377,0.0378,0.0377,0.378,1285.0
2016-07-21 00:00:00,0.0396,0.0396,0.0375,0.375,16075.0
2016-07-22 00:00:00,0.0375,0.0375,0.0375,0.375,0.0
2016-07-25 00:00:00,0.0375,0.0375,0.0375,0.375,5.0
2016-07-26 00:00:00,0.0378,0.0378,0.0376,0.376,1300.0
2016-07-27 00:00:00,0.0375,0.0375,0.0375,0.375,1453.0
2016-07-28 00:00:00,0.03,0.0316,0.03,0.316,206.0
2016-07-29 00:00:00,0.0332,0.0332,0.0332,0.332,262.0
2016-08-01 00:00:00,0.0332,0.0332,0.0332,0.332,0.0
2016-08-02 00:00:00,0.03,0.0321,0.03,0.321,4033.0
2016-08-03 00:00:00,0.032,0.032,0.032,0.32,1121.0
2016-08-04 00:00:00,0.03,0.0328,0.03,0.3,642.0
2016-08-05 00:00:00,0.04,0.04,0.03,0.33,8895.0
2016-08-08 00:00:00,0.0346,0.0346,0.03,0.3,5096.0
2016-08-09 00:00:00,0.0315,0.0315,0.03,0.3,900.0
2016-08-10 00:00:00,0.03,0.0315,0.027,0.299,53006.0
2016-08-11 00:00:00,0.0297,0.03,0.0297,0.297,5871.0
2016-08-12 00:00:00,0.0297,0.0297,0.0297,0.297,115.0
2016-08-15 00:00:00,0.0311,0.0311,0.0311,0.311,1576.0
2016-08-16 00:00:00,0.0311,0.0311,0.0311,0.311,138.0
2016-08-17 00:00:00,0.0326,0.0326,0.0311,0.311,5382.0
2016-08-18 00:00:00,0.0311,0.0311,0.0297,0.311,3534.0
2016-08-19 00:00:00,0.0311,0.0311,0.0304,0.304,4272.0
2016-08-22 00:00:00,0.031,0.031,0.031,0.31,117.0
2016-08-23 00:00:00,0.0325,0.0325,0.03,0.325,3884.0
2016-08-24 00:00:00,0.0317,0.034,0.0204,0.34,5382.0
2016-08-25 00:00:00,0.0322,0.0338,0.0226,0.3,1695.0
2016-08-26 00:00:00,0.03,0.03,0.03,0.3,423.0
2016-08-29 00:00:00,0.0315,0.0315,0.0315,0.315,8851.0
2016-08-30 00:00:00,0.033,0.033,0.028,0.308,305.0
2016-08-31 00:00:00,0.0323,0.0323,0.0323,0.323,101.0
2016-09-01 00:00:00,0.033,0.0339,0.033,0.339,1585.0
2016-09-02 00:00:00,0.0325,0.033,0.0153,0.28,10900.0
2016-09-06 00:00:00,0.025,0.0313,0.025,0.262,3619.0
2016-09-07 00:00:00,0.03,0.03,0.03,0.3,150.0
2016-09-08 00:00:00,0.0315,0.0315,0.027,0.3,4998.0
2016-09-09 00:00:00,0.031,0.031,0.031,0.31,794.0
2016-09-12 00:00:00,0.0325,0.0342,0.0325,0.325,10273.0
2016-09-13 00:00:00,0.0341,0.035,0.03,0.341,19942.0
2016-09-14 00:00:00,0.03,0.0321,0.03,0.321,5784.0
2016-09-15 00:00:00,0.0337,0.035,0.0337,0.337,3080.0
2016-09-16 00:00:00,0.04,0.04,0.033,0.346,39494.0
2016-09-19 00:00:00,0.033,0.033,0.033,0.33,1768.0
2016-09-20 00:00:00,0.0346,0.0367,0.0346,0.35,1714.0
2016-09-21 00:00:00,0.0367,0.0453,0.035,0.367,2944.0
2016-09-22 00:00:00,0.0385,0.0404,0.035,0.367,1982.0
2016-09-23 00:00:00,0.0385,0.0385,0.0385,0.385,135.0
2016-09-26 00:00:00,0.0405,0.0425,0.035,0.367,16531.0
2016-09-27 00:00:00,0.0385,0.0424,0.035,0.35,1760.0
2016-09-28 00:00:00,0.0367,0.0367,0.035,0.35,3255.0
2016-09-29 00:00:00,0.0354,0.0367,0.0352,0.367,1734.0
2016-09-30 00:00:00,0.0385,0.0399,0.035,0.373,16968.0
2016-10-03 00:00:00,0.039,0.039,0.035,0.35,2804.0
2016-10-04 00:00:00,0.0367,0.0367,0.0367,0.367,1529.0
2016-10-05 00:00:00,0.035,0.0385,0.0327,0.357,27676.0
2016-10-06 00:00:00,0.037,0.037,0.0325,0.341,1260.0
2016-10-07 00:00:00,0.0358,0.0358,0.032,0.358,2427.0
2016-10-10 00:00:00,0.035,0.035,0.032,0.33,1244.0
2016-10-11 00:00:00,0.03,0.0319,0.03,0.315,1539.0
2016-10-12 00:00:00,0.0315,0.0315,0.0315,0.315,301.0
2016-10-13 00:00:00,0.0332,0.0349,0.0297,0.3,6960.0
2016-10-14 00:00:00,0.0336,0.0336,0.0315,0.33,14211.0
2016-10-17 00:00:00,0.0346,0.035,0.0346,0.35,304.0
2016-10-18 00:00:00,0.035,0.037,0.0322,0.361,36062.0
2016-10-19 00:00:00,0.0322,0.0343,0.0322,0.343,2677.0
2016-10-20 00:00:00,0.036,0.036,0.0252,0.317,47091.0
2016-10-21 00:00:00,0.0317,0.0325,0.0317,0.317,2339.0
2016-10-24 00:00:00,0.0317,0.0317,0.0317,0.317,910.0
2016-10-25 00:00:00,0.03,0.03,0.03,0.3,105.0
2016-10-26 00:00:00,0.03,0.0322,0.03,0.322,927.0
2016-10-27 00:00:00,0.0301,0.034,0.0301,0.327,3007.0
2016-10-28 00:00:00,0.0343,0.0349,0.03,0.3,1520.0
2016-10-31 00:00:00,0.03,0.03,0.03,0.3,98.0
2016-11-01 00:00:00,0.0315,0.0315,0.027,0.27,34500.0
2016-11-02 00:00:00,0.0283,0.0283,0.027,0.27,1100.0
2016-11-03 00:00:00,0.0283,0.0297,0.0283,0.297,1543.0
2016-11-04 00:00:00,0.0311,0.0311,0.0311,0.311,526.0
2016-11-07 00:00:00,0.0251,0.0252,0.0251,0.252,2179.0
2016-11-08 00:00:00,0.0252,0.0252,0.0252,0.252,100.0
2016-11-09 00:00:00,0.0252,0.0252,0.0252,0.252,105.0
2016-11-10 00:00:00,0.0298,0.0298,0.029,0.29,1102.0
2016-11-11 00:00:00,0.0304,0.0304,0.0251,0.252,833.0
2016-11-14 00:00:00,0.028,0.0283,0.028,0.28,6024.0
2016-11-15 00:00:00,0.028,0.028,0.028,0.28,0.0
2016-11-16 00:00:00,0.029,0.029,0.0289,0.289,25700.0
2016-11-17 00:00:00,0.0303,0.0303,0.024,0.24,27573.0
2016-11-18 00:00:00,0.024,0.0252,0.024,0.24,5602.0
2016-11-21 00:00:00,0.028,0.028,0.024,0.244,6990.0
2016-11-22 00:00:00,0.0256,0.0273,0.0256,0.268,3321.0
2016-11-23 00:00:00,0.028,0.0298,0.028,0.298,4072.0
2016-11-25 00:00:00,0.031,0.0312,0.0297,0.312,13075.0
2016-11-28 00:00:00,0.0327,0.0366,0.029,0.309,24974.0
2016-11-29 00:00:00,0.032,0.032,0.0203,0.27,4496.0
2016-11-30 00:00:00,0.028,0.0294,0.0237,0.237,2320.0
2016-12-01 00:00:00,0.0248,0.026,0.024,0.24,12279.0
2016-12-02 00:00:00,0.0252,0.0367,0.0252,0.252,26475.0
2016-12-05 00:00:00,0.0286,0.0359,0.0286,0.299,18221.0
2016-12-06 00:00:00,0.0313,0.0329,0.028,0.28,32989.0
2016-12-07 00:00:00,0.0294,0.0294,0.0252,0.253,24936.0
2016-12-08 00:00:00,0.0265,0.0265,0.0253,0.257,6256.0
2016-12-09 00:00:00,0.0285,0.029,0.027,0.285,14085.0
2016-12-12 00:00:00,0.0253,0.03,0.0253,0.265,3055.0
2016-12-13 00:00:00,0.0278,0.0278,0.0266,0.266,2194.0
2016-12-14 00:00:00,0.0266,0.0275,0.0201,0.201,13096.0
2016-12-15 00:00:00,0.0211,0.0299,0.0211,0.221,26493.0
2016-12-16 00:00:00,0.0202,0.024,0.0202,0.223,4305.0
2016-12-19 00:00:00,0.0234,0.0281,0.0234,0.278,5438.0
2016-12-20 00:00:00,0.0291,0.0313,0.0215,0.312,25757.0
2016-12-21 00:00:00,0.0236,0.0271,0.0236,0.24,8076.0
2016-12-22 00:00:00,0.0252,0.0264,0.025,0.251,20472.0
2016-12-23 00:00:00,0.0275,0.03,0.0251,0.262,7382.0
2016-12-27 00:00:00,0.0275,0.0285,0.0255,0.27,8698.0
2016-12-28 00:00:00,0.0283,0.0284,0.0255,0.268,10605.0
2016-12-29 00:00:00,0.0255,0.0256,0.0255,0.255,612.0
2016-12-30 00:00:00,0.0267,0.0267,0.0245,0.255,5955.0
2017-01-03 00:00:00,0.023,0.023,0.023,0.23,2486.0
2017-01-04 00:00:00,0.0241,0.0275,0.0241,0.271,10064.0
2017-01-05 00:00:00,0.0284,0.0299,0.0275,0.298,68396.0
2017-01-06 00:00:00,0.0299,0.0299,0.022,0.231,52615.0
2017-01-09 00:00:00,0.028,0.0299,0.026,0.281,31390.0
2017-01-10 00:00:00,0.0289,0.029,0.025,0.262,50436.0
2017-01-11 00:00:00,0.0275,0.0288,0.0275,0.28,14330.0
2017-01-12 00:00:00,0.0262,0.0269,0.0246,0.269,7001.0
2017-01-13 00:00:00,0.0256,0.027,0.022,0.262,18772.0
2017-01-17 00:00:00,0.0275,0.0324,0.0263,0.27,68987.0
2017-01-18 00:00:00,0.0283,0.032,0.0265,0.3,25741.0
2017-01-19 00:00:00,0.0265,0.032,0.0265,0.283,13289.0
2017-01-20 00:00:00,0.0279,0.0306,0.027,0.299,12519.0
2017-01-23 00:00:00,0.03,0.032,0.023,0.23,69632.0
2017-01-24 00:00:00,0.03,0.0309,0.03,0.3,63465.0
2017-01-25 00:00:00,0.032,0.045,0.03,0.444,95386.0
2017-01-26 00:00:00,0.045,0.06,0.037,0.599,118500.0
2017-01-27 00:00:00,0.06,0.1094,0.0599,1.0,243639.0
2017-01-30 00:00:00,0.1,0.22,0.1,1.925,361652.0
2017-01-31 00:00:00,0.2029,0.5681,0.2029,3.885,810926.0
2017-02-01 00:00:00,0.42,0.4895,0.32,3.9,5707.0
2017-02-02 00:00:00,0.45,0.45,0.2,2.8,2124.0
2017-02-03 00:00:00,0.3039,0.33,0.132,1.673,331126.0
2017-02-06 00:00:00,0.2009,0.205,0.14,1.473,207773.0
2017-02-07 00:00:00,0.1564,0.1899,0.147,1.577,110030.0
2017-02-08 00:00:00,0.15,0.175,0.15,1.66,57553.0
2017-02-09 00:00:00,0.166,0.166,0.1306,1.306,63927.0
2017-02-10 00:00:00,0.1371,0.154,0.1371,1.497,44188.0
2017-02-13 00:00:00,0.1744,0.1744,0.1371,1.47,55859.0
2017-02-14 00:00:00,0.147,0.1575,0.142,1.44,43344.0
2017-02-15 00:00:00,0.1512,0.165,0.1306,1.45,52814.0
2017-02-16 00:00:00,0.14,0.15,0.1385,1.455,26839.0
2017-02-17 00:00:00,0.15,0.1545,0.135,1.4,20108.0
2017-02-21 00:00:00,0.14,0.15,0.132,1.393,54641.0
2017-02-22 00:00:00,0.1394,0.14,0.1306,1.32,64239.0
2017-02-23 00:00:00,0.13,0.14,0.06,1.2,70312.0
2017-02-24 00:00:00,0.12,0.1247,0.1144,1.149,28910.0
2017-02-27 00:00:00,0.12,0.12,0.085,0.9,80877.0
2017-02-28 00:00:00,0.0992,0.1161,0.0945,1.008,82942.0
2017-03-01 00:00:00,0.1058,0.111,0.09,0.97,90043.0
2017-03-02 00:00:00,0.097,0.1,0.09,0.9,31518.0
2017-03-03 00:00:00,0.0945,0.0995,0.09,0.966,41824.0
2017-03-06 00:00:00,0.0965,0.0965,0.09,0.9,40082.0
2017-03-07 00:00:00,0.0945,0.0949,0.085,0.893,38534.0
2017-03-08 00:00:00,0.0851,0.0935,0.0811,0.813,48650.0
2017-03-09 00:00:00,0.0802,0.087,0.08,0.838,99274.0
2017-03-10 00:00:00,0.0839,0.0839,0.08,0.826,13612.0
2017-03-13 00:00:00,0.0799,0.0837,0.0799,0.835,26035.0
2017-03-14 00:00:00,0.0837,0.0837,0.08,0.8,24520.0
2017-03-15 00:00:00,0.0801,0.0841,0.0751,0.819,38236.0
2017-03-16 00:00:00,0.0841,0.0841,0.075,0.75,28492.0
2017-03-17 00:00:00,0.0787,0.08,0.075,0.75,31479.0
2017-03-20 00:00:00,0.0601,0.075,0.0601,0.722,31317.0
2017-03-21 00:00:00,0.0694,0.0733,0.06,0.601,74307.0
2017-03-22 00:00:00,0.063,0.0696,0.0599,0.63,13291.0
2017-03-23 00:00:00,0.0696,0.0745,0.0663,0.741,30456.0
2017-03-24 00:00:00,0.0778,0.081,0.0665,0.8,28524.0
2017-03-27 00:00:00,0.067,0.08,0.067,0.79,9937.0
2017-03-28 00:00:00,0.0739,0.08,0.0666,0.73,59133.0
2017-03-29 00:00:00,0.062,0.0745,0.062,0.651,49742.0
2017-03-30 00:00:00,0.0683,0.0717,0.063,0.661,37302.0
2017-03-31 00:00:00,0.062,0.0698,0.062,0.682,12616.0
2017-04-03 00:00:00,0.063,0.0696,0.063,0.687,14515.0
2017-04-04 00:00:00,0.0605,0.07,0.0605,0.7,13403.0
2017-04-05 00:00:00,0.061,0.074,0.061,0.74,18766.0
2017-04-06 00:00:00,0.0501,0.0698,0.0501,0.698,13889.0
2017-04-07 00:00:00,0.0625,0.0685,0.0625,0.664,6601.0
2017-04-10 00:00:00,0.0633,0.066,0.06,0.6,40109.0
2017-04-11 00:00:00,0.063,0.063,0.0511,0.515,43675.0
2017-04-12 00:00:00,0.0551,0.063,0.0516,0.516,37930.0
2017-04-13 00:00:00,0.0542,0.0597,0.0515,0.517,26174.0
2017-04-17 00:00:00,0.056,0.0579,0.0518,0.556,19647.0
2017-04-18 00:00:00,0.0515,0.0569,0.051,0.511,58819.0
2017-04-19 00:00:00,0.0536,0.0552,0.0513,0.538,4797.0
2017-04-20 00:00:00,0.055,0.055,0.0476,0.534,6595.0
2017-04-21 00:00:00,0.0501,0.0535,0.0478,0.51,9737.0
2017-04-24 00:00:00,0.0535,0.055,0.052,0.548,21313.0
2017-04-25 00:00:00,0.0503,0.0539,0.049,0.514,16031.0
2017-04-26 00:00:00,0.0501,0.0538,0.05,0.527,20259.0
2017-04-27 00:00:00,0.0506,0.0529,0.0501,0.503,14732.0
2017-04-28 00:00:00,0.0528,0.053,0.0504,0.51,22033.0
2017-05-01 00:00:00,0.0504,0.0524,0.0504,0.504,8790.0
2017-05-02 00:00:00,0.0504,0.0508,0.0341,0.41,95988.0
2017-05-03 00:00:00,0.043,0.0473,0.0411,0.411,41795.0
2017-05-04 00:00:00,0.0402,0.0468,0.0402,0.412,21772.0
2017-05-05 00:00:00,0.0401,0.43,0.0401,1.194,10820.0
2017-05-08 00:00:00,0.1794,0.334,0.17,2.251,14654.0
2017-05-09 00:00:00,0.2,0.29,0.1114,1.76,7785.0
2017-05-10 00:00:00,0.1551,0.1949,0.1411,1.741,327185.0
2017-05-11 00:00:00,0.1627,0.171,0.1212,1.345,234629.0
2017-05-12 00:00:00,0.1345,0.17,0.124,1.4,231081.0
2017-05-15 00:00:00,0.147,0.1699,0.13,1.4,177023.0
2017-05-16 00:00:00,0.131,0.146,0.1,1.135,297534.0
2017-05-17 00:00:00,0.1198,0.1299,0.102,1.102,117983.0
2017-05-18 00:00:00,0.11,0.11,0.0817,0.897,164713.0
2017-05-19 00:00:00,0.0897,0.0897,0.0897,0.0897,19.0
2017-05-22 00:00:00,0.49,0.49,0.22,0.35,44.0
2017-05-23 00:00:00,0.3675,0.3858,0.3017,0.3465,8941.0
2017-05-24 00:00:00,0.3276,0.3399,0.3,0.3,11594.0
2017-05-25 00:00:00,0.3,0.3088,0.203,0.2801,40293.0
2017-05-26 00:00:00,0.29,0.29,0.23,0.25,14067.0
2017-05-30 00:00:00,0.2835,0.3017,0.2835,0.2835,4011.0
2017-05-31 00:00:00,0.25,0.2599,0.2039,0.25,26441.0
2017-06-01 00:00:00,0.2625,0.2798,0.22,0.231,9373.0
2017-06-02 00:00:00,0.2425,0.3152,0.22,0.2428,32710.0
2017-06-05 00:00:00,0.33,0.4799,0.2314,0.27,153904.0
2017-06-06 00:00:00,0.2601,0.3187,0.2601,0.2818,23048.0
2017-06-07 00:00:00,0.2958,0.32,0.231,0.2695,23166.0
2017-06-08 00:00:00,0.2829,0.2829,0.2102,0.255,17254.0
2017-06-09 00:00:00,0.2677,0.32,0.2209,0.2434,11217.0
2017-06-12 00:00:00,0.2555,0.268,0.24,0.24,11195.0
2017-06-13 00:00:00,0.252,0.29,0.23,0.2415,3926.0
2017-06-14 00:00:00,0.23,0.2628,0.23,0.2391,7809.0
2017-06-15 00:00:00,0.22,0.2425,0.21,0.2361,21905.0
2017-06-16 00:00:00,0.2205,0.24,0.2205,0.2315,20320.0
2017-06-19 00:00:00,0.2315,0.2315,0.2315,0.2315,0.0
