01/03/2005,19.665,19.713,19.101,19.22,310460
01/04/2005,19.265,19.366,18.902,18.932,252350
01/05/2005,19.064,19.064,18.63,18.63,244570
01/06/2005,18.717,18.824,18.491,18.61,181760
01/07/2005,18.701,18.701,17.976,18.38,373240
01/10/2005,18.353,18.59,18.192,18.21,455940
01/11/2005,18.275,18.512,17.901,18.37,334250
01/12/2005,18.495,18.518,17.996,18.37,243810
01/13/2005,18.435,18.553,18.209,18.31,221230
01/14/2005,18.413,18.853,18.389,18.71,333160
01/18/2005,18.774,19.042,18.62,19,287720
01/19/2005,19.004,19.004,18.601,18.66,165510
01/20/2005,18.621,18.621,18.205,18.33,270330
01/21/2005,18.322,18.464,18.173,18.28,264000
01/24/2005,18.409,18.409,18.136,18.29,381020
01/25/2005,18.47,18.98,18.446,18.63,381480
01/26/2005,18.676,18.884,18.599,18.7,596240
01/27/2005,18.728,18.776,18.467,18.55,254630
01/28/2005,18.486,18.581,18.207,18.29,193420
01/31/2005,18.293,18.632,18.293,18.43,310110
02/01/2005,18.439,18.439,18.303,18.38,392790
02/02/2005,18.29,18.456,18.201,18.29,414040
02/03/2005,18.285,18.392,18.149,18.303,349660
02/04/2005,18.203,18.464,18.203,18.28,472630
02/07/2005,18.382,18.465,18.328,18.37,426940
02/08/2005,18.38,18.499,18.321,18.41,270210
02/09/2005,18.476,18.601,18.417,18.47,409190
02/10/2005,18.503,18.509,18.36,18.39,221180
02/11/2005,18.423,18.56,18.292,18.53,286490
02/14/2005,18.531,18.542,18.323,18.4,143280
02/15/2005,18.379,18.533,18.326,18.48,171380
02/16/2005,18.418,18.631,18.317,18.56,195640
02/17/2005,18.619,18.851,18.524,18.72,281020
02/18/2005,18.762,18.987,18.631,18.75,256580
02/22/2005,18.754,18.813,18.344,18.38,246200
02/23/2005,18.466,18.645,18.371,18.49,160880
02/24/2005,18.434,18.707,18.232,18.6,315710
02/25/2005,18.471,18.668,18.222,18.489,333420
02/28/2005,18.513,18.739,18.377,18.65,293750
03/01/2005,18.644,18.709,18.347,18.46,476720
03/02/2005,18.404,18.582,18.201,18.22,1355070
03/03/2005,18.32,18.385,18.177,18.177,893030
03/04/2005,18.175,18.228,17.913,18.05,748480
03/07/2005,18.024,18.06,17.401,17.68,1188850
03/08/2005,17.786,17.834,17.53,17.62,937610
03/09/2005,17.627,17.627,17.27,17.49,713740
03/10/2005,17.581,17.849,17.488,17.837,537790
03/11/2005,17.821,18.333,17.821,18.25,589400
03/14/2005,18.213,18.558,18.213,18.32,360010
03/15/2005,18.753,19.969,18.753,19.48,1065810
03/16/2005,19.443,19.52,19.062,19.187,624440
03/17/2005,19.171,19.433,19.135,19.29,352000
03/18/2005,19.303,19.441,19.137,19.22,467240
03/21/2005,19.24,19.395,19.019,19.18,223030
03/22/2005,19.257,19.835,19.257,19.34,246610
03/23/2005,19.227,19.299,19.06,19.06,141920
03/24/2005,19.099,19.254,18.908,18.92,298980
03/28/2005,18.902,18.902,18.663,18.83,333740
03/29/2005,18.862,18.91,18.499,18.6,197180
03/30/2005,18.594,18.82,18.534,18.618,213960
03/31/2005,18.809,18.929,18.654,18.72,406350
04/01/2005,18.785,18.916,18.523,18.547,341770
04/04/2005,18.626,18.691,18.512,18.59,435180
04/05/2005,18.582,18.772,18.481,18.57,281780
04/06/2005,18.543,18.901,18.543,18.74,1285660
04/07/2005,18.796,18.945,18.629,18.73,215300
04/08/2005,18.842,18.926,18.508,18.55,221100
04/11/2005,18.552,18.582,18.462,18.51,207030
04/12/2005,18.51,18.903,18.486,18.79,298460
04/13/2005,18.796,18.796,18.48,18.51,199200
04/14/2005,18.527,18.676,18.348,18.408,537190
04/15/2005,18.391,18.557,18.331,18.48,487510
04/18/2005,18.485,18.622,18.217,18.36,264710
04/19/2005,18.365,18.662,18.305,18.591,226760
04/20/2005,18.515,18.885,18.366,18.42,274610
04/21/2005,18.661,18.87,18.459,18.87,246060
04/22/2005,18.866,18.866,18.389,18.55,214930
04/25/2005,18.551,18.783,18.515,18.67,322120
04/26/2005,18.608,18.691,18.041,18.25,445460
04/27/2005,18.038,18.038,16.881,17.12,1315260
04/28/2005,17.177,17.386,16.616,16.7,813500
04/29/2005,16.694,16.7,15.978,16.36,1464110
05/02/2005,16.417,16.87,16.136,16.53,751620
05/03/2005,16.457,16.552,16.159,16.26,455170
05/04/2005,16.247,16.635,16.247,16.48,348910
05/05/2005,16.475,16.475,16.069,16.26,395120
05/06/2005,16.256,16.429,16.089,16.31,362980
05/09/2005,16.431,16.646,16.192,16.52,364420
05/10/2005,16.367,16.414,16.128,16.17,299840
05/11/2005,16.178,16.429,16.029,16.22,242830
05/12/2005,16.275,16.334,15.977,16.06,363460
05/13/2005,15.988,16.155,15.898,15.94,317950
05/16/2005,15.943,16.223,15.943,16.217,296670
05/17/2005,16.178,16.243,15.808,16.13,310280
05/18/2005,16.243,16.798,16.231,16.75,717580
05/19/2005,16.722,16.848,16.693,16.8,227050
05/20/2005,16.802,16.802,16.73,16.76,247880
05/23/2005,16.697,16.888,16.691,16.84,348170
05/24/2005,16.823,16.841,16.704,16.811,327110
05/25/2005,16.819,16.998,16.783,16.92,494130
05/26/2005,16.925,17.14,16.919,17.11,271590
05/27/2005,17.115,17.115,16.913,17.02,146310
05/31/2005,16.999,17.202,16.999,17.035,259070
06/01/2005,17.016,17.153,16.945,17.07,248930
06/02/2005,17.074,17.115,16.931,17.02,101500
06/03/2005,17.015,17.045,16.758,16.83,176970
06/06/2005,16.83,16.83,16.728,16.77,119430
06/07/2005,16.746,16.925,16.725,16.776,278830
06/08/2005,16.811,16.9,16.578,16.65,137440
06/09/2005,16.653,16.695,16.36,16.39,373650
06/10/2005,16.374,16.458,16.254,16.35,219300
06/13/2005,16.364,16.436,16.274,16.43,216650
06/14/2005,16.4,16.472,16.34,16.46,175790
06/15/2005,16.519,16.531,16.387,16.507,193810
06/16/2005,16.468,16.546,16.444,16.48,324920
06/17/2005,16.595,16.595,16.236,16.302,549620
06/20/2005,16.28,16.52,16.22,16.43,195490
06/21/2005,16.402,16.707,16.402,16.671,302900
06/22/2005,16.707,16.779,16.576,16.779,165130
06/23/2005,16.716,16.77,16.53,16.56,455960
06/24/2005,16.494,16.782,16.435,16.68,733130
06/27/2005,16.68,16.787,16.476,16.506,323870
06/28/2005,16.519,16.776,16.435,16.776,191830
06/29/2005,16.812,16.842,16.644,16.71,253790
06/30/2005,16.761,16.851,16.659,16.659,102260
07/01/2005,16.686,16.746,16.608,16.71,62370
07/05/2005,16.712,16.838,16.598,16.82,247120
07/06/2005,16.862,16.886,16.712,16.76,108910
07/07/2005,16.71,16.758,16.554,16.74,136250
07/08/2005,16.752,17.148,16.681,17.088,238930
07/11/2005,17.136,17.274,17.076,17.25,149060
07/12/2005,17.216,17.258,17.09,17.24,752330
07/13/2005,17.208,17.442,17.124,17.28,532110
07/14/2005,17.339,17.411,17.034,17.04,150210
07/15/2005,17.016,17.166,16.83,17.118,118420
07/18/2005,17.133,17.133,16.834,16.84,84010
07/19/2005,16.841,16.907,16.661,16.853,430060
07/20/2005,16.853,17.428,16.847,17.32,217650
07/21/2005,17.363,17.363,16.998,17.016,145670
07/22/2005,17.033,17.32,17.033,17.32,224280
07/25/2005,17.29,17.476,17.188,17.32,198710
07/26/2005,17.319,17.75,17.307,17.63,288380
07/27/2005,17.668,17.704,17.458,17.59,185190
07/28/2005,17.615,18.268,17.615,18.262,372290
07/29/2005,18.205,18.516,18.145,18.48,389250
08/01/2005,18.5,18.619,18.272,18.29,276500
08/02/2005,18.296,18.428,18.296,18.35,152080
08/03/2005,18.346,18.352,17.843,18.25,263030
08/04/2005,18.212,18.248,17.943,18.23,242120
08/05/2005,18.243,18.249,17.668,17.89,271260
08/08/2005,17.898,17.964,17.814,17.88,190550
08/09/2005,17.918,17.948,17.582,17.72,143460
08/10/2005,17.821,17.959,17.575,17.797,161130
08/11/2005,17.816,17.942,17.607,17.87,135140
08/12/2005,17.874,17.88,17.466,17.64,166010
08/15/2005,17.668,17.872,17.429,17.8,111000
08/16/2005,17.742,17.742,17.478,17.58,166660
08/17/2005,17.634,17.639,17.436,17.55,175280
08/18/2005,17.496,17.496,17.316,17.37,126440
08/19/2005,17.348,17.426,17.282,17.312,95970
08/22/2005,17.358,17.406,17.226,17.37,194320
08/23/2005,17.338,17.368,17.11,17.17,171860
08/24/2005,17.198,17.245,16.832,16.97,183470
08/25/2005,17.014,17.014,16.804,16.984,152510
08/26/2005,17.006,17.006,16.765,16.79,123320
08/29/2005,16.788,16.956,16.573,16.92,269790
08/30/2005,16.884,16.974,16.734,16.92,121830
08/31/2005,16.87,17.342,16.787,17.342,190710
09/01/2005,17.374,17.452,17.224,17.35,108250
09/02/2005,17.306,17.348,17.144,17.21,73140
09/06/2005,17.247,17.63,17.211,17.63,133830
09/07/2005,17.624,17.624,17.336,17.48,78590
09/08/2005,17.484,17.514,17.124,17.31,307380
09/09/2005,17.332,17.603,17.2,17.597,108480
09/12/2005,17.543,17.869,17.447,17.76,97830
09/13/2005,17.602,17.627,17.313,17.35,118800
09/14/2005,17.379,17.403,17.072,17.102,98320
09/15/2005,17.174,17.319,16.94,17,145670
09/16/2005,17.002,17.086,16.906,17.05,307590
09/19/2005,17.014,17.104,16.834,17.05,205920
09/20/2005,16.96,17.081,16.78,16.84,284660
09/21/2005,16.832,16.832,16.532,16.58,126780
09/22/2005,16.502,16.712,16.322,16.58,229220
09/23/2005,16.556,16.766,16.387,16.67,104020
09/26/2005,16.835,16.865,16.096,16.3,343680
09/27/2005,16.318,16.588,16.137,16.39,148430
09/28/2005,16.418,16.466,16.244,16.43,121920
09/29/2005,16.395,16.822,16.257,16.81,126730
09/30/2005,16.728,17.119,16.728,17.065,175570
10/03/2005,17.086,17.5,17.086,17.29,238400
10/04/2005,17.348,17.492,17.228,17.3,251560
10/05/2005,17.303,17.303,16.618,16.69,459850
10/06/2005,16.712,16.929,16.459,16.7,310610
10/07/2005,16.756,16.804,16.576,16.72,176960
10/10/2005,17.25,17.347,16.731,16.737,254720
10/11/2005,16.736,16.772,16.526,16.556,256210
10/12/2005,16.55,16.64,16.141,16.46,208870
10/13/2005,16.388,16.58,16.22,16.412,243200
10/14/2005,16.456,16.618,16.228,16.522,159440
10/17/2005,16.506,16.639,16.236,16.38,128780
10/18/2005,16.414,16.756,16.414,16.57,331170
10/19/2005,16.591,17.211,16.465,17.169,291470
10/20/2005,17.189,17.249,16.654,16.78,235330
10/21/2005,16.792,17.104,16.792,16.9,205050
10/24/2005,16.913,17.202,16.913,17.184,127970
10/25/2005,17.139,17.139,16.609,16.85,312710
10/26/2005,16.838,17.187,16.736,16.832,286490
10/27/2005,16.82,16.916,16.634,16.7,264670
10/28/2005,16.765,17.246,16.687,17.09,116290
10/31/2005,17.048,17.908,16.73,17.77,767720
11/01/2005,17.709,18.07,17.421,18.01,388170
11/02/2005,17.98,18.419,17.98,18.407,487360
11/03/2005,18.43,18.515,18.148,18.22,239010
11/04/2005,18.258,18.264,17.946,18.18,166610
11/07/2005,18.268,18.28,18.112,18.22,205920
11/08/2005,18.182,18.218,17.893,18.14,129280
11/09/2005,18.142,18.184,17.944,18.1,132890
11/10/2005,18.096,18.384,17.765,18.33,163260
11/11/2005,18.284,18.422,18.284,18.41,159970
11/14/2005,18.45,18.51,18.186,18.42,244470
11/15/2005,18.424,18.706,18.376,18.52,818300
11/16/2005,18.488,18.524,18.133,18.41,195780
11/17/2005,18.502,18.67,18.478,18.67,194700
11/18/2005,18.818,18.89,18.595,18.89,158040
11/21/2005,18.834,19.068,18.695,19.056,149710
11/22/2005,19.052,19.28,19.003,19.25,304480
11/23/2005,19.252,19.438,19.155,19.42,266320
11/25/2005,19.37,19.46,19.286,19.46,32000
11/28/2005,19.395,19.395,18.974,19.07,192530
11/29/2005,19.122,19.507,19.074,19.23,330310
11/30/2005,19.231,19.598,19.231,19.46,419970
12/01/2005,19.521,19.846,19.515,19.81,580530
12/02/2005,19.804,19.828,19.642,19.75,274850
12/05/2005,19.816,19.876,19.702,19.804,296240
12/06/2005,19.899,19.899,19.598,19.64,243820
12/07/2005,19.667,19.715,19.318,19.42,208680
12/08/2005,19.413,19.648,19.401,19.63,437220
12/09/2005,19.662,20.18,19.662,20.03,467160
12/12/2005,20.03,20.16,19.922,19.97,162580
12/13/2005,20.01,20.15,19.877,20.01,238480
12/14/2005,20.01,20.16,19.758,19.8,222160
12/15/2005,19.804,19.894,19.472,19.49,211680
12/16/2005,19.568,19.616,19.49,19.514,593720
12/19/2005,19.484,19.496,19.139,19.2,194640
12/20/2005,19.225,19.607,19.14,19.46,189360
12/21/2005,19.457,19.698,19.457,19.65,107150
12/22/2005,19.652,19.833,19.627,19.73,228530
12/23/2005,19.767,20.01,19.767,19.96,98380
12/27/2005,19.991,20.21,19.526,19.55,126170
12/28/2005,19.599,19.798,19.533,19.75,80900
12/29/2005,19.748,19.862,19.615,19.79,119440
12/30/2005,19.798,19.798,19.285,19.4,201740
01/03/2006,19.429,19.694,19.03,19.64,265650
01/04/2006,19.643,19.837,19.565,19.74,178280
01/05/2006,19.71,19.927,19.662,19.74,223780
01/06/2006,19.799,19.98,19.727,19.92,490740
01/09/2006,19.897,20.21,19.897,20,388880
01/10/2006,20.01,20.21,19.921,20.03,320680
01/11/2006,19.917,19.983,19.555,19.73,303390
01/12/2006,19.728,19.807,19.559,19.65,171760
01/13/2006,19.68,19.867,19.62,19.65,137720
01/17/2006,19.467,19.479,19.286,19.334,276500
01/18/2006,19.317,19.546,19.287,19.48,275900
01/19/2006,19.486,19.974,19.486,19.92,171940
01/20/2006,20.02,20.02,19.424,19.46,122470
01/23/2006,19.489,19.73,19.344,19.561,185650
01/24/2006,19.619,19.939,19.583,19.71,170630
01/25/2006,19.723,19.904,19.651,19.88,528770
01/26/2006,19.888,20.01,19.774,19.997,150740
01/27/2006,20.15,20.19,20.04,20.09,141190
01/30/2006,20.09,20.2,19.98,20.06,180570
01/31/2006,20.02,20.34,19.945,20.18,774430
02/01/2006,20.16,20.47,20.06,20.33,268910
02/02/2006,20.34,20.44,19.877,19.98,164480
02/03/2006,19.922,20.24,19.777,20,101440
02/06/2006,19.973,20.21,19.834,20.16,144860
02/07/2006,20.17,20.37,19.72,19.72,164790
02/08/2006,19.768,20.09,19.768,20.04,129330
02/09/2006,20.02,20.28,19.77,19.77,99440
02/10/2006,19.714,20.25,19.52,20.13,167100
02/13/2006,20.13,20.2,19.811,19.95,141360
02/14/2006,20.03,20.64,19.895,20.51,235450
02/15/2006,20.51,20.73,20.38,20.55,194600
02/16/2006,20.62,20.77,20.58,20.77,948920
02/17/2006,20.81,20.99,20.67,20.8,200080
02/21/2006,20.79,20.9,20.64,20.78,99370
02/22/2006,20.84,20.86,20.62,20.63,488700
02/23/2006,20.48,20.63,20.3,20.37,223300
02/24/2006,20.97,21.55,20.73,21.36,914520
02/27/2006,21.42,21.91,21.36,21.74,1131250
02/28/2006,21.8,21.9,21.58,21.73,619040
03/01/2006,21.82,21.93,21.73,21.8,401820
03/02/2006,21.73,22.03,21.64,21.69,357840
03/03/2006,21.71,21.78,21.39,21.66,425240
03/06/2006,21.11,21.97,21.11,21.9,549030
03/07/2006,21.79,21.83,21.6,21.74,344150
03/08/2006,21.76,22.19,21.67,22,598950
03/09/2006,22.01,22.4,22.01,22.33,810000
03/10/2006,22.58,22.62,22.25,22.43,1007980
03/13/2006,22.59,22.69,22.35,22.42,464420
03/14/2006,22.45,22.85,22.3,22.81,509890
03/15/2006,23.38,23.38,22.74,23.13,476890
03/16/2006,23.18,23.21,22.93,23.01,350550
03/17/2006,23.13,23.31,22.85,23.07,459820
03/20/2006,23.09,23.46,23.03,23.29,368260
03/21/2006,23.26,23.57,23.12,23.26,314880
03/22/2006,23.27,23.62,23.15,23.37,420080
03/23/2006,23.37,23.57,22.88,23.12,370210
03/24/2006,23.09,23.31,22.98,23.27,244270
03/27/2006,23.32,23.44,23.01,23.01,322550
03/28/2006,23.04,23.35,22.93,23.33,615050
03/29/2006,23.74,24.06,23.2,24.04,896760
03/30/2006,24.15,24.6,24.08,24.39,772770
03/31/2006,24.42,24.68,24.2,24.42,408170
04/03/2006,24.5,24.52,24.09,24.17,541830
04/04/2006,24.22,25.46,24.22,25.39,808490
04/05/2006,25.39,26.04,25.26,25.31,1124610
04/06/2006,25.98,25.98,25.5,25.8,1362590
04/07/2006,25.8,26.29,25.57,25.61,694270
04/10/2006,25.73,25.76,25.23,25.35,1936270
04/11/2006,25.01,25.28,24.53,24.65,994230
04/12/2006,24.62,24.98,24.62,24.83,921040
04/13/2006,24.86,24.92,24.48,24.57,663570
04/17/2006,24.64,25.31,24.63,25.27,540420
04/18/2006,25.46,26,25.41,25.92,656480
04/19/2006,25.98,26.17,25.77,26,349690
04/20/2006,26.02,26.27,25.57,25.89,349150
04/21/2006,26.31,26.34,25.88,26.01,419590
04/24/2006,26.01,26.01,25.61,25.67,329330
04/25/2006,25.76,25.76,25.36,25.46,402520
04/26/2006,25.37,25.94,25.31,25.73,377590
04/27/2006,25.67,25.82,24.82,24.86,469150
04/28/2006,25.73,26.84,25.73,26,999260
05/01/2006,25.59,26.13,25.44,25.97,609440
05/02/2006,26.02,26.07,25.65,25.84,451200
05/03/2006,25.82,25.99,25.61,25.86,459250
05/04/2006,25.98,26.12,25.87,25.93,306670
05/05/2006,25.94,26.23,25.7,25.99,376060
05/08/2006,25.88,26.13,25.75,26.06,324890
05/09/2006,26.09,26.56,26.09,26.54,386120
05/10/2006,26.57,26.58,26.33,26.43,357690
05/11/2006,26.39,26.65,25.9,25.91,405180
05/12/2006,25.81,25.82,25.17,25.19,432660
05/15/2006,24.52,25.07,24.34,24.99,563460
05/16/2006,25.02,25.29,24.48,24.94,397400
05/17/2006,24.94,24.94,24.15,24.59,730680
05/18/2006,24.63,25.09,24.49,24.51,396360
05/19/2006,24.52,24.62,23.68,24.24,383280
05/22/2006,24.24,24.42,23.89,24.14,519010
05/23/2006,24.28,24.92,24.22,24.29,689700
05/24/2006,24.29,24.63,23.98,24.48,646860
05/25/2006,24.98,25.43,24.77,24.9,519230
05/26/2006,25.1,25.1,24.66,24.88,547460
05/30/2006,24.94,25.15,24.58,24.6,852990
05/31/2006,24.62,25.31,24.53,25.27,727130
06/01/2006,25.23,25.49,24.4,24.94,651990
06/02/2006,25.24,25.39,24.75,25.09,410110
06/05/2006,25.09,25.09,23.97,23.99,449700
06/06/2006,23.41,23.98,23.1,23.28,721730
06/07/2006,23.29,23.33,22.46,22.71,900610
06/08/2006,22.17,22.42,21.59,22.37,1488660
06/09/2006,22.38,22.75,22.3,22.45,458500
06/12/2006,22.44,22.74,21.84,21.9,619560
06/13/2006,21.86,22.23,21.59,21.6,738580
06/14/2006,21.6,21.86,21.44,21.76,561660
06/15/2006,21.94,22.3,21.88,22.06,626830
06/16/2006,21.87,22.05,21.57,21.66,763530
06/19/2006,21.72,21.87,21.12,21.24,640930
06/20/2006,21.21,21.48,21.03,21.22,477680
06/21/2006,21.2,21.82,21.2,21.73,532180
06/22/2006,21.6,21.78,21.31,21.62,529300
06/23/2006,21.53,22.09,21.44,21.94,618230
06/26/2006,22.01,22.3,21.94,22.23,452400
06/27/2006,22.26,22.58,21.86,21.96,451870
06/28/2006,21.98,22.11,21.63,22.03,323350
06/29/2006,22.19,22.66,22.01,22.66,340680
06/30/2006,22.78,22.8,22.22,22.66,610810
07/03/2006,22.69,22.85,22.62,22.72,100080
07/05/2006,22.6,22.67,22.13,22.37,440030
07/06/2006,22.6,22.62,22.09,22.28,440440
07/07/2006,22.23,22.34,21.71,21.84,200480
07/10/2006,21.89,22.21,21.82,22.18,273890
07/11/2006,22.13,22.13,21.41,21.75,503560
07/12/2006,21.71,21.84,21.25,21.27,335360
07/13/2006,21.29,21.4,20.86,20.96,651810
07/14/2006,20.87,21.08,20.61,20.95,433370
07/17/2006,20.86,21.1,20.46,20.62,310500
07/18/2006,20.78,21.26,20.41,20.8,357210
07/19/2006,20.89,21.87,20.89,21.71,388320
07/20/2006,21.79,21.92,20.76,20.78,358070
07/21/2006,20.78,20.78,20.26,20.5,345200
07/24/2006,20.72,21.01,20.72,20.84,250800
07/25/2006,20.88,21.31,20.65,20.87,1385280
07/26/2006,20.78,20.94,20.38,20.65,341280
07/27/2006,20.65,20.89,20.28,20.33,279430
07/28/2006,20.76,22.34,20.74,22.31,984760
07/31/2006,22.31,22.34,21.72,22.02,1777870
08/01/2006,22.03,22.55,22.03,22.42,702440
08/02/2006,23.02,23.48,22.89,23.37,2062750
08/03/2006,23.3,23.75,23.09,23.55,337530
08/04/2006,23.99,24.2,23.38,23.55,572620
08/07/2006,23.27,23.43,22.95,23.21,448790
08/08/2006,23.24,23.36,22.53,22.69,476970
08/09/2006,22.91,22.97,21.98,22.1,525330
08/10/2006,22.08,22.62,22.02,22.38,205480
08/11/2006,22.26,22.39,22.02,22.23,173450
08/14/2006,22.5,22.82,22.46,22.57,247490
08/15/2006,23.05,23.2,22.81,23.05,510330
08/16/2006,23.17,23.45,23.06,23.33,302380
08/17/2006,23.35,23.53,23.2,23.29,209150
08/18/2006,23.41,23.48,23.1,23.23,160810
08/21/2006,23.12,23.13,22.65,22.9,669320
08/22/2006,22.81,23.09,22.69,22.98,209420
08/23/2006,23.07,23.24,22.6,22.81,907150
08/24/2006,22.85,22.9,22.63,22.73,160200
08/25/2006,22.73,22.98,22.55,22.72,135610
08/28/2006,22.65,23.12,22.65,22.98,112190
08/29/2006,23.03,23.28,22.81,23.28,267900
08/30/2006,23.3,23.41,22.99,23.04,628420
08/31/2006,23.06,23.42,23.06,23.15,259320
09/01/2006,23.16,23.32,22.98,23.02,121220
09/05/2006,22.97,23.66,22.89,23.58,278580
09/06/2006,23.59,23.61,22.86,22.87,159690
09/07/2006,22.78,22.99,22.5,22.67,143370
09/08/2006,22.63,22.98,22.63,22.8,104040
09/11/2006,22.67,22.88,22.49,22.62,197510
09/12/2006,22.77,23.23,22.65,23.18,278540
09/13/2006,23.12,23.69,23.06,23.57,247380
09/14/2006,23.47,23.59,23.15,23.27,116820
09/15/2006,23.45,23.59,22.92,23.08,452590
09/18/2006,23.02,23.21,22.82,22.93,174270
09/19/2006,22.92,22.99,22.15,22.63,246480
09/20/2006,22.87,23.13,22.79,23.08,172190
09/21/2006,23.1,23.3,22.63,22.73,152310
09/22/2006,22.58,22.76,22.25,22.33,172100
09/25/2006,22.42,22.58,22.25,22.4,531860
09/26/2006,22.28,22.72,22.27,22.48,320410
09/27/2006,22.49,22.96,22.49,22.9,258030
09/28/2006,23.04,23.27,22.79,23.19,355770
09/29/2006,23.07,23.18,22.52,22.56,241660
10/02/2006,22.45,22.51,21.83,21.93,414500
10/03/2006,21.96,22.23,21.74,21.98,237100
10/04/2006,21.96,22.5,21.89,22.49,214350
10/05/2006,22.49,23.23,22.49,23.18,220170
10/06/2006,23.07,23.21,22.83,23.06,167250
10/09/2006,22.93,23.22,22.84,23.16,119490
10/10/2006,23.21,23.55,23.1,23.51,701580
10/11/2006,24.06,24.06,23.09,23.33,214640
10/12/2006,23.45,24.02,23.45,23.93,560090
10/13/2006,23.92,24.17,23.9,24.02,149340
10/16/2006,24.06,24.59,24.03,24.5,285600
10/17/2006,24.37,24.5,24.01,24.16,333250
10/18/2006,24.23,24.3,23.65,23.67,309150
10/19/2006,23.71,24.3,23.71,24.09,297410
10/20/2006,24.17,24.17,23.64,23.79,265490
10/23/2006,23.65,24.31,23.64,24,176000
10/24/2006,23.86,24.28,23.8,24.26,256710
10/25/2006,24.34,24.53,24.09,24.27,218900
10/26/2006,24.39,25.05,24.13,24.79,486240
10/27/2006,24.99,26.06,24.99,25.88,1422310
10/30/2006,25.88,26.05,25.47,25.64,468330
10/31/2006,25.65,25.82,25.32,25.47,351910
11/01/2006,25.61,25.78,25.25,25.28,334420
11/02/2006,25.13,25.29,24.89,25,232800
11/03/2006,25,25.29,24.96,25.26,262690
11/06/2006,25.32,25.64,25.27,25.33,337390
11/07/2006,25.2,25.85,25.08,25.39,313580
11/08/2006,25.21,25.48,25,25.48,376920
11/09/2006,25.51,25.6,24.93,25.05,236950
11/10/2006,24.95,24.97,24.72,24.96,310630
11/13/2006,24.96,25.05,24.71,25.03,190770
11/14/2006,25.09,25.24,24.82,25.23,545230
11/15/2006,25.3,25.76,25.26,25.6,194500
11/16/2006,25.72,25.72,25.29,25.4,154340
11/17/2006,25.4,25.4,25.06,25.19,128490
11/20/2006,25.1,25.5,24.97,25.48,403960
11/21/2006,25.59,25.65,25.41,25.59,305720
11/22/2006,25.67,25.71,25.32,25.47,365440
11/24/2006,25.35,25.63,25.32,25.5,39560
11/27/2006,25.35,25.35,24.29,24.41,446620
11/28/2006,24.3,24.51,24.06,24.37,289980
11/29/2006,24.52,24.92,24.31,24.59,339430
11/30/2006,24.5,24.73,24.31,24.37,566220
12/01/2006,24.32,24.41,23.53,24.07,283410
12/04/2006,24.16,24.53,24.16,24.37,263340
12/05/2006,24.42,24.58,24.27,24.36,164040
12/06/2006,24.3,24.32,24.07,24.25,262440
12/07/2006,24.24,24.42,24.05,24.15,150200
12/08/2006,24.08,24.33,23.79,24.13,136640
12/11/2006,24.07,24.33,24.02,24.22,260990
12/12/2006,24.05,24.07,23.61,23.77,262710
12/13/2006,23.78,24.02,23.65,23.87,208320
12/14/2006,23.65,24.25,23.65,24.01,281180
12/15/2006,24.12,24.17,23.92,23.94,313480
12/18/2006,23.94,24.06,23.67,23.71,152730
12/19/2006,23.58,23.98,23.55,23.9,252520
12/20/2006,23.96,23.97,23.77,23.9,239850
12/21/2006,23.93,24.11,23.68,23.84,210620
12/22/2006,23.89,23.98,23.71,23.87,213810
12/26/2006,23.81,24.18,23.81,24.02,164190
12/27/2006,24.02,24.48,24,24.46,200300
12/28/2006,24.47,24.75,24.19,24.38,263870
12/29/2006,24.33,24.56,24.14,24.29,226250
01/03/2007,24.61,24.99,24.41,24.76,496010
01/04/2007,24.67,24.9,24.49,24.69,243120
01/05/2007,24.55,24.58,24.08,24.26,265350
01/08/2007,24.17,24.37,23.68,24.3,442780
01/09/2007,24.3,24.42,23.87,24.39,1201260
01/10/2007,24.29,24.48,24.11,24.44,182210
01/11/2007,24.4,24.88,24.4,24.76,216540
01/12/2007,24.78,24.93,24.66,24.9,593040
01/16/2007,25,25.06,24.74,24.84,254510
01/17/2007,24.82,24.82,24.54,24.79,571830
01/18/2007,24.99,25.1,24.67,24.93,255290
01/19/2007,24.96,25.52,24.91,25.45,324190
01/22/2007,25.43,25.43,24.93,25.25,599740
01/23/2007,25.16,25.79,25.14,25.7,821430
01/24/2007,25.75,26.01,25.61,25.92,419100
01/25/2007,25.94,26.06,25.25,25.31,457120
01/26/2007,25.39,25.39,24.99,25.27,240860
01/29/2007,25.12,25.97,25.12,25.93,566930
01/30/2007,25.94,26.07,25.85,26.02,375960
01/31/2007,25.94,26.43,25.74,26.35,308730
02/01/2007,26.44,26.56,26.28,26.48,105780
02/02/2007,26.64,26.67,26.34,26.46,145250
02/05/2007,26.41,26.53,26.19,26.19,176210
02/06/2007,26.29,26.43,26.13,26.36,127250
02/07/2007,26.32,26.46,26.15,26.39,148040
02/08/2007,26.34,26.59,26.16,26.55,135160
02/09/2007,26.46,26.56,25.96,26.04,138200
02/12/2007,25.97,26.24,25.96,26.03,128660
02/13/2007,26.01,26.32,25.98,26.22,235990
02/14/2007,26.1,26.67,25.8,26.45,431680
02/15/2007,26.51,27.11,26.51,26.93,411660
02/16/2007,26.94,26.98,26.61,26.88,334570
02/20/2007,26.76,27.24,26.63,27.22,292760
02/21/2007,27.22,27.46,27.06,27.46,236030
02/22/2007,27.5,27.81,27.35,27.79,403410
02/23/2007,27.85,27.91,27.58,27.85,308620
02/26/2007,27.96,27.98,27.64,27.81,338710
02/27/2007,27.5,27.63,26.16,26.53,956100
02/28/2007,26.49,26.78,26.01,26.47,578050
03/01/2007,26.51,26.58,25.71,26.27,319620
03/02/2007,26.17,26.17,25.46,25.47,331290
03/05/2007,25.18,25.27,24.73,24.73,962090
03/06/2007,24.91,25.37,24.79,25.25,644510
03/07/2007,25.18,25.21,24.95,25.06,357230
03/08/2007,25.24,25.44,25.08,25.22,308880
03/09/2007,25.37,25.38,25.01,25.23,256560
03/12/2007,25.06,25.29,24.83,25.19,152350
03/13/2007,25.09,25.25,24.94,25.13,949310
03/14/2007,25.05,25.2,24.63,25.11,251360
03/15/2007,25.12,25.19,24.87,25.19,320770
03/16/2007,25.2,25.25,24.88,25.2,675450
03/19/2007,25.43,25.61,25.36,25.47,226630
03/20/2007,25.37,25.98,25.25,25.97,455090
03/21/2007,26.06,26.62,25.98,26.48,544470
03/22/2007,26.53,26.55,26.33,26.55,201960
03/23/2007,26.55,26.61,26.34,26.38,850660
03/26/2007,26.48,26.49,26.08,26.39,384570
03/27/2007,26.36,26.61,26.2,26.49,836870
03/28/2007,26.41,26.41,25.81,25.88,1035480
03/29/2007,26.06,26.09,25.71,25.99,202670
03/30/2007,26.03,26.2,25.8,26.09,157640
04/02/2007,26.18,26.26,25.93,26.01,208330
04/03/2007,26.01,26.2,25.91,26.08,277870
04/04/2007,26.13,26.4,26.13,26.37,195460
04/05/2007,26.47,26.79,26.4,26.72,259980
04/09/2007,27.13,27.13,26.7,26.92,341140
04/10/2007,27.05,27.15,26.74,26.78,265980
04/11/2007,26.79,26.86,26.32,26.42,281120
04/12/2007,26.43,26.75,26.19,26.69,1056630
04/13/2007,26.77,27.15,26.67,27.12,488150
04/16/2007,27.34,28.13,27.27,28.03,487910
04/17/2007,28.02,28.23,27.91,28.09,841980
04/18/2007,28.07,28.17,27.9,27.94,316330
04/19/2007,27.89,28.02,27.65,27.71,580460
04/20/2007,28.11,28.33,27.71,28.05,255650
04/23/2007,28.11,28.39,28.09,28.22,159140
04/24/2007,28.31,28.38,27.98,28.12,175170
04/25/2007,28.3,28.4,27.93,28.19,1005020
04/26/2007,28.66,30.1,28.4,29.5,913860
04/27/2007,29.53,29.56,29.12,29.43,443830
04/30/2007,29.27,29.5,28.85,29.14,811530
05/01/2007,29.14,29.23,28.94,29.17,693850
05/02/2007,29.4,29.58,29.21,29.4,262970
05/03/2007,29.38,29.4,28.99,29.25,299900
05/04/2007,29.29,29.64,29.09,29.41,195850
05/07/2007,29.43,29.54,29.15,29.27,133430
05/08/2007,29.17,29.77,29.04,29.7,497060
05/09/2007,29.7,29.89,29.5,29.76,278980
05/10/2007,29.61,29.62,29.13,29.23,605590
05/11/2007,29.41,29.61,29.15,29.35,327730
05/14/2007,29.28,29.4,29.11,29.15,313750
05/15/2007,29.17,29.33,28.96,28.96,263080
05/16/2007,28.9,28.9,28.54,28.75,388910
05/17/2007,28.78,28.78,28.44,28.53,242030
05/18/2007,28.53,28.79,28.29,28.7,188880
05/21/2007,28.63,29.03,28.57,28.78,449020
05/22/2007,28.75,28.76,28.35,28.55,350190
05/23/2007,28.63,28.72,28.35,28.4,211260
05/24/2007,28.36,28.77,28.02,28.15,326350
05/25/2007,28.29,28.65,28.23,28.59,218810
05/29/2007,28.59,28.85,28.59,28.72,200270
05/30/2007,28.6,29.05,28.42,29.05,183540
05/31/2007,29.06,29.58,28.96,29.58,518480
06/01/2007,29.6,29.78,29.47,29.67,609470
06/04/2007,29.62,29.72,29.47,29.63,827910
06/05/2007,29.54,29.62,29.21,29.59,293240
06/06/2007,29.69,30.57,29.68,30.43,785260
06/07/2007,30.55,30.79,30.26,30.4,620530
06/08/2007,30.38,30.66,30.03,30.57,336870
06/11/2007,30.5,30.77,30.12,30.44,263370
06/12/2007,30.21,30.22,29.52,29.61,423470
06/13/2007,29.73,30.19,29.63,30.12,392390
06/14/2007,30.22,30.84,30.2,30.78,276220
06/15/2007,31.95,32.11,31.34,31.43,735360
06/18/2007,32.43,33.25,32.02,32.61,1148610
06/19/2007,32.53,32.53,32.04,32.21,508950
06/20/2007,32.22,32.53,31.99,32.32,376260
06/21/2007,32.32,32.78,32.16,32.53,584510
06/22/2007,32.47,32.64,32.19,32.42,526060
06/25/2007,32.37,32.61,31.92,31.96,444040
06/26/2007,32.05,32.29,31.75,31.87,455170
06/27/2007,31.74,32.03,31.38,31.97,427380
06/28/2007,31.92,32.17,31.77,32.02,436930
06/29/2007,32.26,32.8,31.97,32.03,376120
07/02/2007,32.36,32.57,32.03,32.53,376390
07/03/2007,32.64,32.84,32.55,32.68,105120
07/05/2007,32.77,33.03,32.59,32.82,185570
07/06/2007,32.88,33.1,32.67,32.77,175310
07/09/2007,32.92,33.19,32.79,32.94,349370
07/10/2007,32.76,32.79,32.01,32.11,306160
07/11/2007,32.12,32.96,31.81,32.77,574590
07/12/2007,33.07,33.57,33.03,33.57,359050
07/13/2007,33.97,34.5,33.77,33.92,455050
07/16/2007,34.05,34.27,33.71,33.91,494740
07/17/2007,33.92,34.63,33.84,34.42,334460
07/18/2007,34.42,34.48,33.95,34.38,343760
07/19/2007,34.66,34.78,34.37,34.67,1268420
07/20/2007,34.61,34.61,33.77,34.08,401720
07/23/2007,34.92,35.31,34.81,34.99,1185900
07/24/2007,34.91,34.91,34.24,34.42,454900
07/25/2007,34.42,34.43,33.26,33.77,654230
07/26/2007,33.71,33.8,32.34,33.15,1017610
07/27/2007,32.75,33.72,32.05,32.21,872300
07/30/2007,32.51,33.12,32.18,32.91,2229520
07/31/2007,33.32,33.76,32.68,32.68,605040
08/01/2007,32.57,33.17,32.18,32.93,822430
08/02/2007,33.01,33.75,32.72,33.7,584370
08/03/2007,33.61,34.14,33.52,33.61,1042780
08/06/2007,34.14,34.14,32.63,33.56,983730
08/07/2007,33.33,34.25,33.32,33.76,946090
08/08/2007,33.21,35.83,33.21,35.03,946950
08/09/2007,34.35,35.94,34.29,35.11,1181010
08/10/2007,34.73,34.97,33.42,33.73,1591260
08/13/2007,33.73,34.01,32.46,33.01,650850
08/14/2007,33.18,33.45,32.38,32.4,431220
08/15/2007,32.12,32.84,31.09,31.22,499350
08/16/2007,29.65,31.24,29.65,31.19,777040
08/17/2007,31.19,33.44,31.19,31.81,929780
08/20/2007,32,32.2,31.36,31.77,824100
08/21/2007,31.71,31.96,31.09,31.34,1152240
08/22/2007,31.51,31.78,31.16,31.47,516580
08/23/2007,31.57,31.76,31.12,31.21,382340
08/24/2007,31.17,31.77,31.13,31.68,335350
08/27/2007,31.64,32.06,31.64,31.79,269220
08/28/2007,31.55,31.58,31.09,31.13,356680
08/29/2007,31.22,31.62,30.92,31.5,230090
08/30/2007,31.14,31.96,31.14,31.78,280790
08/31/2007,32.27,32.63,31.97,32.45,388580
09/04/2007,31.28,31.57,30.53,31.34,1194810
09/05/2007,31.07,31.76,30.95,31.69,711510
09/06/2007,31.79,31.84,31.02,31.38,293710
09/07/2007,31.17,31.17,30.2,30.31,492980
09/10/2007,30.54,30.68,29.56,30.38,598440
09/11/2007,30.54,30.97,30.22,30.79,2133760
09/12/2007,30.61,30.95,30.36,30.63,363020
09/13/2007,30.72,30.72,30.13,30.22,290090
09/14/2007,29.97,30.54,29.9,30.4,302760
09/17/2007,30.33,30.51,30.07,30.16,375200
09/18/2007,30.27,30.94,30.02,30.69,722270
09/19/2007,31.07,31.74,31.07,31.25,814000
09/20/2007,31.22,31.52,31.14,31.37,465120
09/21/2007,31.63,31.93,31.44,31.81,776900
09/24/2007,31.81,32.16,31.28,31.35,462510
09/25/2007,31.08,31.79,31.08,31.4,250060
09/26/2007,31.55,32.16,31.32,31.99,294730
09/27/2007,32.09,32.14,31.67,32.02,355150
09/28/2007,31.99,32.52,31.93,32,344960
10/01/2007,31.92,33.09,31.84,32.99,493380
10/02/2007,33.14,33.24,32.78,32.93,287850
10/03/2007,32.83,33.35,32.78,33.03,301130
10/04/2007,33.22,33.35,32.98,33.16,182130
10/05/2007,33.42,34.31,33.42,34.17,299900
10/08/2007,34.08,34.14,33.61,33.75,176070
10/09/2007,33.82,34.2,33.55,33.63,311440
10/10/2007,33.62,33.82,33.43,33.79,205770
10/11/2007,33.95,34.07,33.01,33.37,411170
10/12/2007,33.53,34.58,33.53,34.32,324600
10/15/2007,34.41,34.47,33.58,33.79,298320
10/16/2007,33.76,34.04,33.12,33.13,212860
10/17/2007,33.57,33.69,32.31,32.81,442430
10/18/2007,32.55,32.97,32.39,32.67,282730
10/19/2007,32.51,32.57,31.52,31.56,467390
10/22/2007,31.13,32.01,30.82,31.71,430070
10/23/2007,32.13,33.22,31.92,33.11,631780
10/24/2007,32.94,33.13,32.01,32.76,686760
10/25/2007,32.98,33.19,32.41,32.67,605210
10/26/2007,33.08,34.1,32.87,34.09,535360
10/29/2007,32.17,32.67,30.54,32.55,3146320
10/30/2007,32.39,32.96,32.18,32.71,777350
10/31/2007,32.76,33.46,32.65,33.15,837820
11/01/2007,32.55,32.88,32.11,32.28,656530
11/02/2007,32.61,32.61,31.68,32.52,1565760
11/05/2007,32.34,32.34,31.56,31.9,505830
11/06/2007,32.09,33.74,31.79,33.72,826460
11/07/2007,33.43,33.51,32.1,32.69,2309490
11/08/2007,32.51,33.2,32.28,32.95,554530
11/09/2007,32.58,32.86,31.77,32.05,635360
11/12/2007,31.95,32.13,31.55,31.82,713750
11/13/2007,32.37,32.57,31.83,32.47,238570
11/14/2007,32.79,32.8,32.21,32.36,420120
11/15/2007,32.16,32.38,31.64,32,409990
11/16/2007,32.06,32.16,31.23,31.38,916950
11/19/2007,31.22,31.37,30.48,30.55,614670
11/20/2007,30.61,31.35,30.24,30.79,748760
11/21/2007,30.47,30.82,29.99,30.48,428120
11/23/2007,30.66,30.95,30.34,30.81,127640
11/26/2007,30.68,31.39,30.02,30.13,721260
11/27/2007,30.22,31.1,30.13,30.89,608070
11/28/2007,31.17,31.71,31.04,31.48,729490
11/29/2007,31.27,31.61,31.27,31.43,1349210
11/30/2007,31.94,31.94,30.9,31.19,489130
12/03/2007,31,31,29.91,30,673590
12/04/2007,29.97,30.21,29.06,29.45,775590
12/05/2007,29.82,30.3,29.77,30.3,560130
12/06/2007,30.39,30.6,30.14,30.51,618180
12/07/2007,30.57,30.6,30.1,30.29,331850
12/10/2007,30.32,31.22,30.21,31.06,672570
12/11/2007,31.28,32.48,31.24,31.53,1167200
12/12/2007,32.22,32.84,31.91,32.13,904020
12/13/2007,31.76,31.81,31.03,31.46,557160
12/14/2007,31.08,32.77,30.86,32.1,1021380
12/17/2007,31.97,32.31,30.94,30.94,479200
12/18/2007,31.26,31.76,30.46,31.74,729090
12/19/2007,31.63,32.25,31.61,32.02,384230
12/20/2007,32.42,32.42,31.73,32.18,344920
12/21/2007,32.67,33.37,32.34,33.07,950490
12/24/2007,33.34,34.16,33.31,34.13,129160
12/26/2007,34.01,34.56,33.59,34.41,413300
12/27/2007,34.56,34.58,33.23,33.24,354500
12/28/2007,33.52,34.07,33.39,33.84,378540
12/31/2007,33.73,34.08,33.58,33.73,322930
01/02/2008,33.72,33.91,32.51,33.2,806860
01/03/2008,33.25,33.39,32.55,32.55,619660
01/04/2008,32.22,32.24,31.6,31.62,696680
01/07/2008,31.78,31.93,30.52,30.82,666530
01/08/2008,30.91,31.12,29.67,29.71,608080
01/09/2008,29.7,29.7,27.46,28.14,2048950
01/10/2008,27.88,27.94,26.96,27.34,1694810
01/11/2008,27.13,28.05,27.13,27.24,1052750
01/14/2008,28.04,28.47,27.69,27.8,1201220
01/15/2008,27.45,27.77,26.71,26.79,789680
01/16/2008,26.67,27.18,26.28,26.4,742540
01/17/2008,26.68,26.9,25.1,25.35,2183310
01/18/2008,25.49,26.38,25.22,25.38,941800
01/22/2008,24.33,25.75,24.33,25.03,1396210
01/23/2008,24.48,26.4,24.39,26.36,2049360
01/24/2008,26.6,27.03,26.16,26.58,1016600
01/25/2008,26.83,27.41,26.37,26.58,461060
01/28/2008,26.57,26.57,25.83,26.03,591440
01/29/2008,26.02,26.66,25.9,26.58,462290
01/30/2008,26.4,27.32,26.31,26.46,456150
01/31/2008,25.98,27.33,25.79,27.03,833040
02/01/2008,27.07,27.91,27.07,27.75,591140
02/04/2008,27.71,27.8,26.98,27.08,475040
02/05/2008,26.9,26.9,26.39,26.55,640590
02/06/2008,26.74,26.82,26.05,26.1,418190
02/07/2008,25.98,26.51,25.83,26.29,816160
02/08/2008,26.42,26.8,26.13,26.47,455280
02/11/2008,26.49,26.81,26.01,26.7,339640
02/12/2008,26.8,27.26,26.07,26.26,665940
02/13/2008,26.55,26.9,26.33,26.78,580910
02/14/2008,26.89,26.91,26.08,26.25,288700
02/15/2008,26.07,26.21,25.51,25.81,366390
02/19/2008,26.1,26.58,26.07,26.33,394020
02/20/2008,26.07,27.04,25.74,27,584410
02/21/2008,28.46,29.11,26.59,26.82,1105830
02/22/2008,26.7,27.18,26.25,27.13,1083420
02/25/2008,27.19,28.26,27.12,28.1,1052480
02/26/2008,27.74,28.33,27.44,27.97,622960
02/27/2008,27.85,28.18,27.4,27.86,501270
02/28/2008,27.78,27.84,26.97,27.28,332600
02/29/2008,27,27,26.3,26.44,883750
03/03/2008,26.37,26.64,26.01,26.48,373970
03/04/2008,26.25,26.3,25.59,26.06,467960
03/05/2008,26.4,26.7,26.07,26.18,520790
03/06/2008,26.08,26.2,25.35,25.46,399250
03/07/2008,25.38,25.38,24.85,25.06,420500
03/10/2008,25.18,25.18,24.13,24.19,640480
03/11/2008,24.91,26.36,24.3,25.42,524710
03/12/2008,25.49,25.8,25.26,25.38,308650
03/13/2008,25.02,26.01,24.88,25.87,633540
03/14/2008,25.99,26.07,24.76,25.13,532960
03/17/2008,24.53,26.37,24.42,26.03,698690
03/18/2008,26.4,27.24,26.25,27.12,684260
03/19/2008,27.38,27.84,26.77,26.77,922910
03/20/2008,27.24,27.89,27.11,27.61,933270
03/24/2008,27.67,28.7,27.62,28.48,828330
03/25/2008,28.43,28.9,28.25,28.75,632500
03/26/2008,28.52,28.57,27.6,27.87,444210
03/27/2008,27.91,28.04,27.29,27.51,376950
03/28/2008,27.55,27.55,26.94,27.03,361110
03/31/2008,27.12,27.43,26.48,27.24,328630
04/01/2008,27.53,28.44,27.43,28.41,354990
04/02/2008,28.36,29.16,28.19,28.87,498670
04/03/2008,28.81,28.96,28.61,28.72,247990
04/04/2008,28.81,29.2,28.04,28.92,411380
04/07/2008,29.18,29.48,28.66,28.82,453030
04/08/2008,28.65,29.22,28.54,28.9,246920
04/09/2008,28.83,28.85,27.63,27.81,658840
04/10/2008,27.62,28.06,27.42,28,523650
04/11/2008,27.77,27.77,27.04,27.21,319820
04/14/2008,27.15,27.3,26.82,27.06,333590
04/15/2008,27.18,27.27,26.63,26.8,459940
04/16/2008,26.98,27.48,26.79,27.43,909810
04/17/2008,27.26,27.34,26.86,27.17,389520
04/18/2008,27.52,28.31,27.39,28.12,661190
04/21/2008,27.94,28.47,27.85,27.98,292480
04/22/2008,27.87,27.87,26.92,27.26,398650
04/23/2008,27.26,28.18,27.18,28.12,585100
04/24/2008,28.1,28.89,27.89,28.85,587870
04/25/2008,28.99,30.49,28.94,30.18,1901650
04/28/2008,30.19,31.34,29.47,30.64,2497500
04/29/2008,30.52,31.68,30.42,31.57,1304560
04/30/2008,31.44,33.32,31.44,32.49,1186090
05/01/2008,32.52,33.61,32.52,33.45,690820
05/02/2008,33.58,33.7,32.62,32.86,546640
05/05/2008,32.92,33.72,32.74,33.35,644130
05/06/2008,33.25,33.73,32.74,33.44,402100
05/07/2008,33.17,33.48,32.4,32.5,576850
05/08/2008,32.65,32.73,32.22,32.53,469170
05/09/2008,32.23,32.59,31.89,32.39,594510
05/12/2008,32.53,33.54,32.43,33.51,444130
05/13/2008,33.59,33.97,33.4,33.69,300080
05/14/2008,33.81,34.45,33.69,33.75,246170
05/15/2008,33.63,34.75,33.45,34.53,471690
05/16/2008,34.7,36.02,34.66,35.85,1414480
05/19/2008,35.92,37.35,35.05,36.23,1393050
05/20/2008,36.09,36.15,35.43,35.87,689610
05/21/2008,35.85,36.75,35.66,35.88,1085450
05/22/2008,36.05,36.54,35.56,35.73,510460
05/23/2008,35.7,36.3,35.37,36.03,446980
05/27/2008,36.11,36.87,35.98,36.67,585210
05/28/2008,37.78,37.97,36.97,37.19,1582930
05/29/2008,37.29,37.51,36.7,37.27,770640
05/30/2008,37.51,38.25,37.48,37.91,663760
06/02/2008,38.06,38.06,36.69,37.28,680950
06/03/2008,37.58,38.03,36.54,37.13,710940
06/04/2008,36.94,37.89,36.74,37.18,477290
06/05/2008,37.38,38.12,37.07,38,425810
06/06/2008,37.85,37.85,36.73,36.73,415620
06/09/2008,36.79,36.88,35.54,35.6,892500
06/10/2008,35.46,35.6,34.96,35.43,1024880
06/11/2008,35.3,35.44,34.27,34.36,659420
06/12/2008,34.56,35.74,34.56,35.22,710840
06/13/2008,35.29,36.34,35.27,36.3,496550
06/16/2008,36.25,36.8,35.89,36.04,553520
06/17/2008,36.19,36.19,35.2,35.27,658990
06/18/2008,34.98,35.5,34.82,35.2,527270
06/19/2008,35.18,35.58,34.89,35.41,630880
06/20/2008,35.14,35.16,34.14,34.21,922050
06/23/2008,34.21,34.86,34.04,34.59,566280
06/24/2008,34.47,34.82,33.85,33.86,646490
06/25/2008,34.02,34.02,32.41,33.09,1087030
06/26/2008,32.39,32.53,31.25,31.49,874950
06/27/2008,31.4,31.9,30.82,31.56,862430
06/30/2008,31.49,32.14,31.18,31.98,713250
07/01/2008,31.72,32.73,31.13,32.67,1161540
07/02/2008,32.72,32.77,30.72,30.85,779970
07/03/2008,30.99,31.05,29.7,30.08,593480
07/07/2008,30.19,30.9,29.62,30.13,594060
07/08/2008,30.27,31.19,29.92,31.12,680900
07/09/2008,31.36,32.28,31.23,31.47,889610
07/10/2008,31.41,31.46,30.35,30.85,845440
07/11/2008,30.56,32.91,29.85,32.18,1084080
07/14/2008,32.2,32.71,31.49,32.09,549410
07/15/2008,31.75,32.1,30.45,31.43,762720
07/16/2008,31.62,32.17,30.87,32.08,838950
07/17/2008,32.27,33.64,32.16,33.57,660190
07/18/2008,33.6,33.8,32.39,33.41,502620
07/21/2008,33.59,35.5,33.59,35.46,786840
07/22/2008,35.2,35.95,34.71,35.94,815870
07/23/2008,36.07,36.7,35.81,36.7,713770
07/24/2008,36.48,36.64,34.04,34.25,903820
07/25/2008,34.53,34.83,34.21,34.58,493890
07/28/2008,34.64,35.09,34.27,34.8,1088720
07/29/2008,31.09,32.28,29.32,30.05,4832140
07/30/2008,29.86,30.47,29.38,30,1519300
07/31/2008,30,30.01,28.95,29.49,1973940
08/01/2008,29.59,30.05,28.95,29.57,851200
08/04/2008,29.46,29.59,29.05,29.29,1057530
08/05/2008,29.15,30.43,29.15,30.32,603330
08/06/2008,30.02,30.75,29.91,30.61,513500
08/07/2008,30.34,30.85,29.88,30.81,497970
08/08/2008,30.91,31.82,30.79,31.52,610880
08/11/2008,31.55,33.53,31.47,33.26,654390
08/12/2008,33.25,33.66,32.97,33.21,460380
08/13/2008,32.68,33.74,32.68,33.4,789760
08/14/2008,33,34.74,33,34.69,576420
08/15/2008,35.22,35.39,33.98,34.48,444690
08/18/2008,34.49,34.49,33.5,33.97,455520
08/19/2008,33.59,33.64,32.62,32.82,467990
08/20/2008,32.89,33.7,32.72,33.11,339400
08/21/2008,32.94,33.15,32.5,32.83,232790
08/22/2008,33.03,34.12,33.01,33.87,1113820
08/25/2008,33.89,33.92,33,33.29,402110
08/26/2008,33.33,33.79,33.27,33.71,399950
08/27/2008,33.76,34.51,33.48,33.94,633850
08/28/2008,33.94,34.81,33.67,34.67,341290
08/29/2008,34.75,35.01,34.21,34.63,230720
09/02/2008,34.67,35.46,34.02,34.46,484580
09/03/2008,34.46,34.6,33.8,34.1,455240
09/04/2008,33.83,33.83,31.62,32.01,738540
09/05/2008,31.59,33.08,31.49,32.81,616620
09/08/2008,33.52,33.94,32.25,32.95,479840
09/09/2008,33.06,33.12,31.57,31.79,617070
09/10/2008,32.36,32.79,31.33,32.09,636730
09/11/2008,31.47,32.71,30.86,32.71,720630
09/12/2008,32.54,33.38,32.16,32.77,428250
09/15/2008,31.23,31.9,30.65,30.85,740510
09/16/2008,30.4,33.56,28.5,33.32,946960
09/17/2008,32.83,33.19,31.48,32.09,812480
09/18/2008,32.55,35.57,31.57,34.55,1807350
09/19/2008,36.42,36.95,32.51,35.31,2078590
09/22/2008,35.02,35.02,33.17,33.35,520410
09/23/2008,33.29,33.39,31.89,31.98,643400
09/24/2008,31.97,32.02,30.99,31.13,533930
09/25/2008,31.26,31.94,30.61,31.35,449940
09/26/2008,30.77,30.83,29.79,30.21,773330
09/29/2008,29.65,29.77,27.62,27.83,772120
09/30/2008,28.1,28.51,27.74,28.11,942060
10/01/2008,27.92,28.31,27.43,28.21,898870
10/02/2008,28.08,28.14,25.02,25.2,1051220
10/03/2008,25.59,27.14,25.11,25.16,1598510
10/06/2008,24.67,24.94,22.89,24.79,915000
10/07/2008,25.58,25.74,22.73,23.37,1046940
10/08/2008,22.56,24.64,22.25,23.27,1005590
10/09/2008,23.33,23.89,21.08,21.22,729600
10/10/2008,20.31,23.42,19.653,23.11,1570910
10/13/2008,24.03,24.75,23.17,24.7,739940
10/14/2008,25.82,26.05,22.93,23.81,490220
10/15/2008,23.71,23.71,20.72,20.76,460800
10/16/2008,20.79,22.44,19.79,22.36,794790
10/17/2008,21.61,23.39,21.17,22.47,770870
10/20/2008,22.69,23.17,21.96,22.55,549850
10/21/2008,21.86,22.78,19.971,21.55,560090
10/22/2008,21.01,21.01,17.958,18.71,1288080
10/23/2008,18.853,18.947,16.27,17.73,1587220
10/24/2008,16.22,17.562,15.839,16.95,1168390
10/27/2008,16.85,17.112,15.197,15.54,1762710
10/28/2008,15.847,15.959,14.25,15.46,2525720
10/29/2008,15.862,19.648,15.862,18.07,2249090
10/30/2008,18.595,19.581,18.102,19.35,975130
10/31/2008,18.881,21.21,18.881,20.84,729350
11/03/2008,20.83,21.84,20.74,21.33,559450
11/04/2008,21.44,21.76,20.15,20.41,871490
11/05/2008,20.34,20.9,19.644,19.8,417180
11/06/2008,19.77,20.21,18.934,19.04,651000
11/07/2008,19.171,19.645,18.931,19.52,439620
11/10/2008,19.508,20.519,18.516,19.04,443490
11/11/2008,18.827,19.383,18.091,18.74,655700
11/12/2008,18.449,18.781,17.842,18.274,1724750
11/13/2008,18.492,19.609,16.664,19.528,1237900
11/14/2008,19.163,19.382,17.168,17.187,870920
11/17/2008,17.087,17.224,16.033,16.07,1423980
11/18/2008,16.14,16.746,15.604,16.39,1187240
11/19/2008,16.257,16.395,14.71,14.81,799320
11/20/2008,14.44,15.301,13.03,13.23,2573390
11/21/2008,13.407,15.557,13.088,15.407,1554040
11/24/2008,15.608,17.598,15.602,17.43,1161880
11/25/2008,17.777,17.845,16.754,17.39,883370
11/26/2008,17.023,19.02,16.599,18.87,642000
11/28/2008,18.588,19.263,18.37,19.238,148110
12/01/2008,18.812,18.812,16.965,17.14,603420
12/02/2008,17.539,18.206,17.351,18.15,658580
12/03/2008,17.497,18.639,17.354,18.57,1038850
12/04/2008,18.223,18.803,17.231,17.73,776240
12/05/2008,17.529,18.559,17.335,18.44,844990
12/08/2008,18.931,19.948,18.931,19.58,898180
12/09/2008,19.434,20.13,18.604,18.86,717090
12/10/2008,19.02,20.65,18.945,20.08,526280
12/11/2008,19.917,20.14,18.054,18.38,519890
12/12/2008,17.937,19.442,17.46,19.16,662210
12/15/2008,19.097,19.743,18.495,18.84,673550
12/16/2008,18.733,20.61,18.677,20.42,882790
12/17/2008,20.28,20.7,20.04,20.2,1104040
12/18/2008,20.12,20.45,19.271,19.71,949820
12/19/2008,19.995,20.51,19.286,20.29,2181950
12/22/2008,20.29,20.47,19.12,19.81,736160
12/23/2008,19.896,20.41,18.999,19.35,812370
12/24/2008,19.416,19.612,18.864,19.51,282660
12/26/2008,19.516,20.2,19.403,20.15,296340
12/29/2008,20.18,20.24,19.26,19.53,617940
12/30/2008,19.874,21.16,19.849,21.06,654960
12/31/2008,21.19,21.86,21.14,21.55,679380
01/02/2009,21.41,22.57,21.1,22.39,907910
01/05/2009,22.63,22.88,21.21,21.56,953050
01/06/2009,21.72,22.54,21.72,22.01,966260
01/07/2009,21.53,21.7,20.76,21.09,777750
01/08/2009,20.93,21.15,20.47,20.77,911310
01/09/2009,20.01,20.01,19.29,19.51,1201380
01/12/2009,19.416,19.642,18.802,19.04,1073980
01/13/2009,19.025,19.276,18.536,18.9,578470
01/14/2009,18.902,18.902,17.453,17.66,728390
01/15/2009,17.697,18.111,16.75,17.86,924050
01/16/2009,18.156,18.175,17.078,17.73,776820
01/20/2009,17.244,17.552,16.617,16.68,867110
01/21/2009,17.03,17.789,16.767,17.72,914500
01/22/2009,17.458,17.803,16.699,17.27,740060
01/23/2009,16.826,17.873,16.581,17.29,551570
01/26/2009,17.273,18.166,17.273,17.7,676890
01/27/2009,17.518,18.396,17.518,18.22,517950
01/28/2009,18.675,19.302,18.5,19.02,595210
01/29/2009,18.812,18.981,17.727,17.79,561380
01/30/2009,17.944,18.045,16.797,17.06,599090
02/02/2009,16.846,17.128,16.35,16.62,925760
02/03/2009,16.762,17.741,16.474,17.59,727370
02/04/2009,17.639,18.31,17.413,17.99,745540
02/05/2009,17.892,18.733,17.804,18.35,978520
02/06/2009,18.392,19.435,18.279,19.32,972400
02/09/2009,18.977,19.303,18.569,18.72,673380
02/10/2009,18.526,18.952,17.372,17.61,929370
02/11/2009,17.627,17.978,17.326,17.79,757010
02/12/2009,17.245,17.646,16.756,17.59,1010360
02/13/2009,17.671,18.38,17.589,17.658,638760
02/17/2009,17.688,17.707,16.308,16.44,1069260
02/18/2009,16.567,16.899,15.958,16.04,872230
02/19/2009,16.22,16.527,15.875,15.95,492400
02/20/2009,15.686,16.564,15.51,16.25,1192330
02/23/2009,16.726,18.677,16.317,16.5,2221010
02/24/2009,16.812,16.812,15.608,16.53,1046440
02/25/2009,16.336,16.374,15.426,15.74,985790
02/26/2009,16.049,16.175,15.403,15.51,626450
02/27/2009,15.097,16.138,14.507,15.68,833310
03/02/2009,15.352,15.352,14.631,14.7,991450
03/03/2009,14.914,15.045,14.462,14.6,671050
03/04/2009,14.901,15.541,14.895,15.24,688100
03/05/2009,14.814,14.832,14.286,14.55,1168320
03/06/2009,14.663,15.002,14.249,14.663,688090
03/09/2009,14.411,14.912,14.323,14.58,561660
03/10/2009,14.925,16.418,14.925,16.368,880220
03/11/2009,16.564,17.065,16.024,16.3,504780
03/12/2009,16.236,17.138,15.737,17.05,660610
03/13/2009,17.408,17.408,16.613,17.08,478490
03/16/2009,17.192,17.628,16.945,17.04,418090
03/17/2009,17.08,17.44,16.796,17.44,552990
03/18/2009,17.434,18.413,17.106,18.28,488130
03/19/2009,18.494,18.741,17.914,18.04,471290
03/20/2009,18.222,18.248,16.865,17.01,728870
03/23/2009,17.285,18.27,17.273,18.27,898940
03/24/2009,17.957,18.81,17.9,18.38,518030
03/25/2009,18.509,18.964,17.316,17.84,851730
03/26/2009,18.15,19.305,17.878,19.04,1116520
03/27/2009,18.936,19.012,18.415,18.45,644070
03/30/2009,17.851,17.851,16.897,17.15,514780
03/31/2009,17.408,17.824,17.048,17.25,762660
04/01/2009,16.947,17.989,16.783,17.37,1163980
04/02/2009,17.877,18.774,17.864,18.42,1023760
04/03/2009,18.405,18.937,18.399,18.79,581480
04/06/2009,18.562,18.657,18.025,18.48,537240
04/07/2009,18.122,18.267,17.326,17.44,691660
04/08/2009,17.688,17.896,17.397,17.877,563090
04/09/2009,18.325,18.913,18.255,18.679,891190
04/13/2009,18.508,18.729,17.612,17.82,834830
04/14/2009,17.557,17.569,16.944,17.26,678920
04/15/2009,17.075,17.416,16.76,17.17,439380
04/16/2009,17.414,17.774,17.003,17.54,719480
04/17/2009,17.599,18.16,17.365,17.99,967510
04/20/2009,17.593,17.625,17.045,17.29,957170
04/21/2009,17.226,18.293,17.22,18.23,953790
04/22/2009,17.953,19.209,17.815,18.61,1066330
04/23/2009,18.685,18.71,17.965,18.59,1009530
04/24/2009,18.791,19.61,18.684,19.41,641580
04/27/2009,19.026,19.348,18.723,18.9,681370
04/28/2009,18.62,19.479,18.62,19.1,766450
04/29/2009,19.348,20.47,19.348,20.08,1285680
04/30/2009,20.36,21.18,20.05,20.18,1763950
05/01/2009,19.773,20.21,19.135,19.35,861430
05/04/2009,19.578,20.35,19.483,20.14,761120
05/05/2009,19.912,20.04,19.347,19.64,390600
05/06/2009,19.853,20.2,19.688,20.05,399820
05/07/2009,20.22,20.3,19.014,19.21,272880
05/08/2009,19.652,20.92,19.525,20.8,668170
05/11/2009,20.4,20.47,20.18,20.34,606390
05/12/2009,20.38,20.65,19.816,20.46,693450
05/13/2009,20.04,20.08,18.881,19.14,420370
05/14/2009,19.293,19.792,19.066,19.64,459240
05/15/2009,19.527,20.36,19.312,19.83,476150
05/18/2009,20.33,20.67,19.99,20.53,505770
05/19/2009,20.54,20.86,20.21,20.41,710310
05/20/2009,20.68,21.1,20.4,20.53,495060
05/21/2009,20.19,20.4,19.935,20.32,742780
05/22/2009,20.39,20.92,20.1,20.64,841170
05/26/2009,20.31,22.2,20.31,22.03,956630
05/27/2009,21.86,22.59,21.57,22.01,840210
05/28/2009,22.33,22.33,21.16,21.62,464230
05/29/2009,21.69,21.84,21.23,21.69,450060
06/01/2009,22.23,23.35,22.15,23.11,473800
06/02/2009,23.05,23.7,22.8,23.13,649350
06/03/2009,23.03,23.23,22.15,22.52,449110
06/04/2009,22.62,22.97,22.12,22.92,260450
06/05/2009,23.06,23.47,22.94,23.17,192060
06/08/2009,22.83,23.27,22.37,22.96,265700
06/09/2009,23.06,23.28,22.95,23.15,265410
06/10/2009,23.24,23.33,22.31,23.21,495140
06/11/2009,23.04,23.44,22.84,22.88,508020
06/12/2009,22.74,22.83,22.14,22.34,616390
06/15/2009,22.13,22.13,21.18,21.74,597320
06/16/2009,21.92,22.12,21,21.24,367170
06/17/2009,21.22,21.63,20.74,21.31,358470
06/18/2009,21.19,21.46,20.74,21.22,342520
06/19/2009,21.61,21.85,21.44,21.56,516300
06/22/2009,21.35,21.38,20.61,20.68,533260
06/23/2009,20.98,21.09,20.69,20.99,472040
06/24/2009,21.13,21.89,21.01,21.16,434000
06/25/2009,21.17,21.82,20.79,21.78,241290
06/26/2009,21.72,22.15,21.56,22.04,1657370
06/29/2009,22.01,22.04,21.39,21.74,275470
06/30/2009,20.52,20.85,20.33,20.65,761240
07/01/2009,20.67,20.95,20.56,20.64,351180
07/02/2009,20.29,20.35,19.951,20.26,298700
07/06/2009,20.03,20.39,19.718,20.27,395790
07/07/2009,20.33,20.41,19.508,19.62,582910
07/08/2009,19.734,19.734,18.497,18.84,954210
07/09/2009,18.955,19.278,18.784,19.05,306410
07/10/2009,18.874,19.198,18.766,19.02,267620
07/13/2009,19.088,19.628,18.523,19.564,293250
07/14/2009,19.56,19.909,19.256,19.82,319620
07/15/2009,20.07,20.79,19.912,20.68,392500
07/16/2009,20.49,21.43,20.35,21.28,229970
07/17/2009,21.32,21.34,20.48,20.68,495240
07/20/2009,20.86,21.22,20.77,21.16,181140
07/21/2009,21.29,21.37,20.93,21.21,217750
07/22/2009,21.07,21.68,21.04,21.62,283420
07/23/2009,21.47,22.56,21.27,22.48,410460
07/24/2009,22.33,23.36,22.29,23.29,409800
07/27/2009,23.29,23.33,22.78,23.01,416770
07/28/2009,22.92,23.07,22.18,22.23,693490
07/29/2009,21.96,21.96,20.99,21.17,814270
07/30/2009,21.41,21.96,21.35,21.53,684590
07/31/2009,20.65,21.44,19.712,20.72,1624700
08/03/2009,20.99,21.29,20.58,21.13,1099280
08/04/2009,20.91,21.25,20.56,20.61,582680
08/05/2009,20.58,20.61,19.659,19.76,722710
08/06/2009,19.916,20.023,19.237,19.96,863140
08/07/2009,20.27,20.86,19.983,20.49,721650
08/10/2009,20.31,20.7,20.07,20.31,458620
08/11/2009,20.12,20.27,19.72,20.18,352190
08/12/2009,20.23,20.86,20.14,20.62,382450
08/13/2009,20.69,20.83,20.37,20.66,214780
08/14/2009,20.69,20.69,20.1,20.44,336910
08/17/2009,20.01,20.02,19.665,19.95,322970
08/18/2009,20.15,20.44,20.04,20.15,306590
08/19/2009,19.79,20.45,19.752,20.31,322630
08/20/2009,20.3,20.45,20.09,20.28,312950
08/21/2009,20.52,20.77,20.23,20.74,748010
08/24/2009,20.8,21.02,20.55,20.65,224210
08/25/2009,20.73,21.02,20.66,20.84,277580
08/26/2009,20.76,20.9,20.54,20.9,329510
08/27/2009,20.77,20.86,20.28,20.75,330430
08/28/2009,20.95,21.72,20.9,21.63,821360
08/31/2009,21.39,21.39,20.93,21.17,384640
09/01/2009,20.97,21.62,20.74,20.98,584140
09/02/2009,20.94,21.18,20.85,20.94,294920
09/03/2009,20.96,21.11,20.66,20.79,405860
09/04/2009,20.8,20.93,20.47,20.86,532350
09/08/2009,21.11,21.18,20.8,20.91,355510
09/09/2009,20.96,21.46,20.88,21.17,361620
09/10/2009,21.18,21.33,20.97,21.31,468070
09/11/2009,21.36,21.41,20.99,21.3,356730
09/14/2009,21.21,21.63,21.12,21.58,690070
09/15/2009,21.61,21.88,21.49,21.5,748860
09/16/2009,21.56,21.62,21.38,21.54,490850
09/17/2009,21.56,22.19,21.39,22,480770
09/18/2009,21.79,22.42,21.53,22.07,523600
09/21/2009,21.81,22.09,21.64,21.89,229860
09/22/2009,22.13,22.38,22.06,22.33,257900
09/23/2009,22.29,22.34,21.85,21.88,276120
09/24/2009,21.9,21.95,21.15,21.35,267990
09/25/2009,21.22,21.4,20.73,20.79,305430
09/28/2009,20.92,21.19,20.72,21.01,340850
09/29/2009,20.98,21.23,20.77,21.03,335900
09/30/2009,21.05,21.09,20.33,20.67,460310
10/01/2009,20.59,20.72,20.05,20.06,222700
10/02/2009,19.748,19.946,19.646,19.85,282400
10/05/2009,19.879,20.26,19.879,20.16,195440
10/06/2009,20.36,20.66,20.21,20.41,176280
10/07/2009,20.26,20.46,20.17,20.39,130070
10/08/2009,20.5,20.8,20.33,20.42,321270
10/09/2009,20.3,21.2,20.3,21.15,349090
10/12/2009,21.37,22.01,21.33,21.66,348340
10/13/2009,21.73,21.85,21.27,21.61,221200
10/14/2009,21.94,22.59,21.74,22.44,334140
10/15/2009,22.31,22.83,22.03,22.83,525520
10/16/2009,22.71,22.9,21.79,22.22,552050
10/19/2009,22.38,22.49,22.07,22.34,266540
10/20/2009,22.45,22.45,21.81,22.14,185560
10/21/2009,22.14,22.78,21.94,22.02,382030
10/22/2009,21.93,21.97,21.24,21.36,1014300
10/23/2009,21.38,21.53,20.53,20.64,824550
10/26/2009,20.69,20.79,19.933,20.29,720380
10/27/2009,20.36,20.66,20.06,20.34,446930
10/28/2009,20.24,20.34,19.554,19.79,377530
10/29/2009,21.65,23.71,21.3,21.47,2801110
10/30/2009,21.52,22.78,21.42,22.31,1069530
11/02/2009,22.52,22.95,22.09,22.66,760380
11/03/2009,22.64,23.5,22.44,23.12,937540
11/04/2009,23.46,23.49,22.83,22.86,539920
11/05/2009,23.15,23.81,23.15,23.64,727670
11/06/2009,23.34,23.91,23.25,23.6,447600
11/09/2009,23.79,24.41,23.7,24.31,402950
11/10/2009,24.31,24.84,24.24,24.43,566910
11/11/2009,24.75,24.81,23.94,24.12,415720
11/12/2009,24.02,24.41,23.36,23.44,488610
11/13/2009,23.65,23.67,23.04,23.54,397340
11/16/2009,23.68,24.18,23.63,23.95,548500
11/17/2009,23.91,23.95,23.48,23.76,355670
11/18/2009,23.71,23.71,23.28,23.61,290690
11/19/2009,23.31,23.31,22.77,23.04,288300
11/20/2009,22.81,23.12,22.71,22.9,287550
11/23/2009,23.29,23.66,23.13,23.34,242660
11/24/2009,23.33,23.37,22.67,22.92,265760
11/25/2009,22.95,23.22,22.95,23.1,194490
11/27/2009,22.66,23.07,22.49,22.71,226860
11/30/2009,22.71,22.72,22.07,22.68,368570
12/01/2009,22.83,23.12,22.71,23.08,375950
12/02/2009,23.13,23.45,22.94,23.28,524350
12/03/2009,23.44,23.6,22.95,23.02,406820
12/04/2009,23.38,24.05,23.31,23.72,437120
12/07/2009,23.64,23.83,23.03,23.33,370630
12/08/2009,23.29,23.29,22.58,22.96,247570
12/09/2009,22.95,23.02,22.45,22.89,349610
12/10/2009,22.99,23.41,22.64,22.86,244050
12/11/2009,22.92,23.17,22.57,23.04,484640
12/14/2009,23.12,23.3,22.73,23.18,295540
12/15/2009,23.04,23.56,22.92,23.07,444110
12/16/2009,23.33,23.52,22.8,22.99,327520
12/17/2009,22.77,22.86,22.12,22.4,543280
12/18/2009,22.63,22.93,22.3,22.93,835930
12/21/2009,23.12,23.17,22.85,23.04,283840
12/22/2009,23.07,23.24,22.8,23.09,363550
12/23/2009,23.24,23.4,22.87,23.11,389290
12/24/2009,23.12,23.21,23.08,23.15,249810
12/28/2009,23.18,23.18,22.91,23.12,167410
12/29/2009,23.22,23.26,22.95,23.07,150320
12/30/2009,22.94,23.28,22.89,23.11,200120
12/31/2009,23.03,23.16,22.89,22.91,216280
01/04/2010,23.26,23.26,23.01,23.18,395340
01/05/2010,23.15,23.34,22.85,23.18,432420
01/06/2010,23.22,23.36,23.11,23.32,451940
01/07/2010,23.23,23.98,22.84,23.98,592900
01/08/2010,23.83,24.6,23.75,24.58,589010
01/11/2010,24.63,24.63,24.12,24.48,299430
01/12/2010,24.23,24.6,24.18,24.52,353360
01/13/2010,24.49,24.83,24.31,24.77,462920
01/14/2010,24.6,24.67,24.19,24.29,344450
01/15/2010,24.36,24.36,23.26,23.84,764080
01/19/2010,23.85,24.2,23.71,24.12,263740
01/20/2010,23.84,23.84,23.23,23.37,309780
01/21/2010,23.37,23.52,22.51,22.57,330210
01/22/2010,22.5,22.6,21.4,21.51,675430
01/25/2010,21.74,21.83,21.33,21.64,189280
01/26/2010,21.49,21.65,21.25,21.3,242310
01/27/2010,21.23,21.33,20.94,21.23,373780
01/28/2010,21.32,21.32,20.52,20.79,498020
01/29/2010,20.93,21.21,20.65,20.95,464650
02/01/2010,21.08,21.31,20.78,21.23,347760
02/02/2010,21.21,21.21,20.87,21.02,459900
02/03/2010,20.89,21.23,20.62,20.8,512050
02/04/2010,20.59,20.59,19.939,20.08,591190
02/05/2010,20.07,20.33,19.74,20.31,404320
02/08/2010,20.22,20.49,20.19,20.2,307630
02/09/2010,20.53,20.83,20.3,20.7,234860
02/10/2010,20.65,20.89,20.39,20.7,221760
02/11/2010,20.57,21.1,20.54,21.07,229530
02/12/2010,20.42,21.26,20.42,21.24,201280
02/16/2010,21.42,21.49,21.07,21.4,245820
02/17/2010,21.52,21.52,21.16,21.26,218290
02/18/2010,21.31,21.6,21.23,21.6,221580
02/19/2010,21.53,22.25,21.4,22.18,415440
02/22/2010,22.2,22.33,22.01,22.32,437200
02/23/2010,22.32,22.43,22.16,22.24,330580
02/24/2010,22.29,22.57,22.21,22.38,289930
02/25/2010,21.67,22.06,21.09,21.54,871170
02/26/2010,21.42,21.45,20.61,20.83,680150
03/01/2010,20.88,21.79,20.88,21.73,542940
03/02/2010,21.83,22.09,21.71,21.96,292320
03/03/2010,21.99,22.41,21.99,22.14,308490
03/04/2010,22.13,22.25,21.91,22.07,303440
03/05/2010,22.15,23.06,22.09,23.05,450400
03/08/2010,24.46,24.67,23.59,23.84,667610
03/09/2010,23.69,23.86,23.51,23.64,366760
03/10/2010,23.71,23.97,23.67,23.91,358730
03/11/2010,23.9,24.15,23.74,24.09,221990
03/12/2010,24.12,24.19,23.93,24.09,228350
03/15/2010,24.12,24.25,23.96,24.15,179070
03/16/2010,24.28,24.42,24.13,24.34,162960
03/17/2010,24.42,24.63,24.34,24.49,260470
03/18/2010,24.38,24.45,24.14,24.22,186180
03/19/2010,24.33,24.35,23.73,23.89,330470
03/22/2010,23.7,24.21,23.56,24.09,143920
03/23/2010,24.03,24.56,23.71,24.49,201260
03/24/2010,24.42,24.42,23.91,24.03,218430
03/25/2010,24.18,24.63,23.75,23.77,358000
03/26/2010,23.79,24.13,23.35,23.63,311010
03/29/2010,23.71,23.93,23.6,23.88,319560
03/30/2010,23.85,24.21,23.79,24.18,289230
03/31/2010,24.1,24.43,24.1,24.22,498060
04/01/2010,24.41,24.62,24.04,24.47,244220
04/05/2010,24.5,24.67,24.27,24.58,144660
04/06/2010,24.5,24.76,24.36,24.75,119890
04/07/2010,24.69,24.85,24.48,24.67,182250
04/08/2010,24.6,25.17,24.43,25.05,292370
04/09/2010,25.08,25.8,24.94,25.74,812080
04/12/2010,25.71,26.93,25.56,26.72,1801570
04/13/2010,26.72,27.27,26.25,26.48,512350
04/14/2010,26.68,26.71,26.42,26.61,606790
04/15/2010,26.51,27.27,26.51,27.17,646300
04/16/2010,27.16,27.29,26.57,26.77,666810
04/19/2010,26.62,26.7,25.94,26.51,335160
04/20/2010,26.61,26.77,26.4,26.67,201030
04/21/2010,26.62,26.91,26.5,26.86,242900
04/22/2010,26.52,27.14,26.07,27.04,516030
04/23/2010,27.05,27.41,26.96,27.33,353100
04/26/2010,27.26,27.39,27.11,27.17,297890
04/27/2010,26.96,27.15,26.12,26.15,304440
04/28/2010,26.21,26.54,26.01,26.11,305270
04/29/2010,26.39,27.29,26.36,27.26,380320
04/30/2010,27.33,27.81,26.78,26.81,608820
05/03/2010,28.01,29.42,27.87,28.89,1009410
05/04/2010,27.82,28.42,26.64,27.65,877160
05/05/2010,27.58,27.65,27.02,27.04,541110
05/06/2010,26.94,27.57,24.55,26.37,507940
05/07/2010,26.18,26.37,24.98,25.07,721560
05/10/2010,26.01,26.51,25.89,26.41,473920
05/11/2010,26.02,26.97,26.01,26.72,369800
05/12/2010,26.87,27.69,26.85,27.49,288850
05/13/2010,27.32,27.64,27.03,27.17,240570
05/14/2010,26.89,26.89,26.29,26.64,213030
05/17/2010,26.81,27.12,25.74,26.61,294570
05/18/2010,26.99,27.09,25.95,26.09,354200
05/19/2010,25.96,26.25,25.26,25.52,333000
05/20/2010,24.79,24.87,23.6,23.63,596400
05/21/2010,23.01,24.43,23.01,23.84,774450
05/24/2010,23.74,24.21,23.5,23.73,417280
05/25/2010,23.09,23.97,22.71,23.9,451320
05/26/2010,24.15,24.34,23.37,23.63,438450
05/27/2010,24.03,24.71,23.89,24.69,229430
05/28/2010,24.52,24.68,24.14,24.18,300060
06/01/2010,23.95,24.41,23.49,23.54,329480
06/02/2010,23.7,24.5,23.38,24.46,303840
06/03/2010,24.36,24.81,24.27,24.71,223910
06/04/2010,23.92,24.16,23.09,23.19,351170
06/07/2010,23.39,23.62,22.81,22.82,336500
06/08/2010,22.9,23.08,22.26,22.69,253240
06/09/2010,22.96,23.5,22.59,22.78,266100
06/10/2010,23.22,23.94,23.22,23.93,311540
06/11/2010,23.7,24.26,23.2,23.81,407300
06/14/2010,24.09,24.35,23.44,23.51,428990
06/15/2010,23.8,24.58,23.69,24.51,365540
06/16/2010,24.35,24.56,24.26,24.28,249790
06/17/2010,24.49,24.66,23.94,24.46,179640
06/18/2010,24.61,24.62,24,24.18,405100
06/21/2010,24.45,24.65,23.68,23.76,247970
06/22/2010,23.9,24.23,23.32,23.37,373370
06/23/2010,23.36,23.46,22.96,23.09,354350
06/24/2010,23,23,21.86,22.4,978340
06/25/2010,22.47,22.6,22.17,22.37,1939090
06/28/2010,22.45,22.74,22.13,22.29,362260
06/29/2010,21.92,21.96,21.29,21.51,436670
06/30/2010,21.54,21.9,21.17,21.27,599560
07/01/2010,21.35,21.42,20.69,21.14,612520
07/02/2010,21.43,22.18,21.31,21.82,754170
07/06/2010,22.01,22.52,21.44,21.63,525260
07/07/2010,21.77,21.87,21.47,21.82,740470
07/08/2010,22.08,22.23,21.72,22.04,540530
07/09/2010,22.01,22.15,21.91,22.07,430330
07/12/2010,21.95,22.15,21.56,21.72,300330
07/13/2010,22,22.89,22,22.73,464590
07/14/2010,22.75,22.89,22.46,22.81,472380
07/15/2010,22.76,22.85,22.29,22.77,313830
07/16/2010,22.65,22.66,21.97,22.05,416100
07/19/2010,22.13,22.31,21.85,22.29,347000
07/20/2010,21.94,22.89,21.79,22.81,232640
07/21/2010,22.92,23.22,22.68,22.88,412940
07/22/2010,23.31,23.69,23.24,23.5,487920
07/23/2010,23.33,24.18,23.14,24.12,244500
07/26/2010,24.27,24.45,24.03,24.35,283570
07/27/2010,24.47,24.83,23.97,24.11,254610
07/28/2010,24.01,24.25,23.63,23.81,420120
07/29/2010,24.21,24.69,23.83,23.98,663610
07/30/2010,23.72,24.69,23.64,24.59,421930
08/02/2010,25.12,25.29,24.39,24.47,600670
08/03/2010,24.42,24.54,23.75,23.8,408440
08/04/2010,23.87,24.33,23.87,24.14,359820
08/05/2010,23.92,24.26,23.78,23.83,267850
08/06/2010,23.35,23.78,23.05,23.34,431490
08/09/2010,23.58,23.88,23.36,23.82,300800
08/10/2010,23.47,23.82,23.21,23.55,259340
08/11/2010,22.98,23.04,22.27,22.35,351900
08/12/2010,21.86,22.3,21.83,22.09,245380
08/13/2010,21.94,22.11,21.57,21.66,412990
08/16/2010,21.55,21.97,21.31,21.78,391820
08/17/2010,22.1,22.54,22.08,22.42,321860
08/18/2010,22.42,22.43,22.01,22.1,514590
08/19/2010,21.96,21.99,21.32,21.58,503340
08/20/2010,21.42,21.46,21.05,21.32,310150
08/23/2010,21.46,21.53,20.89,20.91,348960
08/24/2010,20.63,21.32,20.23,20.81,464680
08/25/2010,20.66,21.08,20.41,21.01,276140
08/26/2010,21.06,21.29,20.7,20.74,196500
08/27/2010,20.93,21.16,20.74,21.08,579560
08/30/2010,21.04,21.21,20.96,21.01,415950
08/31/2010,20.93,21.04,20.72,20.98,652410
09/01/2010,21.23,21.85,21.23,21.82,391200
09/02/2010,21.78,22.2,21.71,22.14,283480
09/03/2010,22.4,22.74,22.28,22.36,244840
09/07/2010,22.3,22.34,21.84,21.91,610080
09/08/2010,21.98,22.24,21.97,22.13,334280
09/09/2010,22.51,22.51,21.92,22.13,222220
09/10/2010,22.18,22.58,21.97,22.07,444460
09/13/2010,22.36,22.9,22.28,22.72,354330
09/14/2010,22.71,22.96,22.56,22.74,166930
09/15/2010,22.63,22.93,22.44,22.83,189210
09/16/2010,22.71,22.94,22.31,22.56,137680
09/17/2010,22.7,22.96,22.12,22.74,468600
09/20/2010,22.73,23.05,22.49,23.04,293890
09/21/2010,23.02,23.02,22.55,22.62,352560
09/22/2010,22.58,22.87,22.33,22.57,228020
09/23/2010,22.34,22.4,21.89,21.92,649300
09/24/2010,22.27,22.37,22.06,22.33,865980
09/27/2010,22.4,22.52,22.21,22.41,416440
09/28/2010,22.52,22.76,21.99,22.71,264730
09/29/2010,22.59,22.9,22.42,22.84,324060
09/30/2010,22.99,23.08,22.4,22.52,495360
10/01/2010,22.79,22.9,22.53,22.72,274120
10/04/2010,22.68,22.69,22.15,22.35,274120
10/05/2010,22.68,23.34,22.62,23.31,416720
10/06/2010,23.23,23.43,23.05,23.18,501790
10/07/2010,23.39,23.44,23.11,23.27,293380
10/08/2010,23.33,23.83,23.06,23.76,347040
10/11/2010,23.72,23.82,23.45,23.48,199550
10/12/2010,23.36,23.39,22.93,23.19,324840
10/13/2010,23.29,23.45,23.23,23.29,411560
10/14/2010,23.31,23.81,23.24,23.8,419670
10/15/2010,23.89,24.05,22.2,22.28,1683970
10/18/2010,22.27,22.32,21.79,22.07,1459980
10/19/2010,21.84,22.08,21.48,21.87,1252440
10/20/2010,22,22.32,21.9,22.2,576020
10/21/2010,22.36,22.65,22.08,22.3,629810
10/22/2010,22.31,22.33,22.12,22.25,238820
10/25/2010,22.46,22.79,22.36,22.54,406240
10/26/2010,22.46,22.46,22.23,22.24,419850
10/27/2010,22.15,22.64,22.15,22.58,662580
10/28/2010,22.7,22.87,22.4,22.49,457880
10/29/2010,22.45,22.85,22.43,22.7,618940
11/01/2010,22.72,22.96,22.56,22.68,546150
11/02/2010,22.65,22.93,22.17,22.28,1431310
11/03/2010,22.27,22.62,22.13,22.59,782410
11/04/2010,22.87,23.46,22.8,23.45,453610
11/05/2010,23.24,23.54,23.08,23.53,376110
11/08/2010,23.45,23.53,23.06,23.45,339090
11/09/2010,23.48,23.72,23.13,23.25,411850
11/10/2010,23.26,23.36,22.96,23.14,438320
11/11/2010,22.93,23.16,22.79,23.04,281290
11/12/2010,22.9,22.94,22.54,22.68,400460
11/15/2010,22.78,23.41,22.77,23.14,439700
11/16/2010,22.97,23,22.51,22.65,339750
11/17/2010,22.71,22.77,22.46,22.61,292130
11/18/2010,22.82,23.23,22.82,22.89,311230
11/19/2010,22.77,23.19,22.66,23.12,230720
11/22/2010,23.01,23.12,22.67,23.07,202620
11/23/2010,22.75,23.08,22.71,23.08,308070
11/24/2010,23.22,23.87,23.18,23.87,261480
11/26/2010,23.7,23.8,23.51,23.55,63590
11/29/2010,23.43,23.43,22.85,22.95,367370
11/30/2010,22.69,22.97,22.56,22.77,316120
12/01/2010,23.12,23.7,23.12,23.65,302890
12/02/2010,23.74,23.83,23.63,23.8,399350
12/03/2010,23.67,24.2,23.61,24.12,726850
12/06/2010,24.01,24.44,23.83,24.32,272360
12/07/2010,24.58,25.07,24.38,24.78,446110
12/08/2010,24.81,24.96,24.64,24.87,270220
12/09/2010,25.04,25.24,24.9,25.14,394280
12/10/2010,25.23,25.62,25.06,25.5,393740
12/13/2010,25.51,25.65,25.29,25.53,499960
12/14/2010,25.63,26.23,25.63,26.04,525310
12/15/2010,26.04,26.33,25.69,25.72,342650
12/16/2010,25.72,25.84,25.59,25.75,272880
12/17/2010,25.77,26.19,25.69,26.11,616350
12/20/2010,26.17,26.17,25.92,26.06,331140
12/21/2010,26.2,26.49,26.2,26.42,142130
12/22/2010,26.44,26.67,26.37,26.57,259010
12/23/2010,26.57,26.59,26.28,26.33,116440
12/27/2010,26.21,26.61,26.21,26.55,90820
12/28/2010,26.63,26.65,26.42,26.49,88210
12/29/2010,26.53,26.69,26.48,26.63,95980
12/30/2010,26.54,26.7,26.47,26.49,98780
12/31/2010,26.38,27.06,26.38,26.64,295600
01/03/2011,26.92,27.08,26.11,26.13,497050
01/04/2011,26.17,26.28,25.52,25.8,305490
01/05/2011,25.75,26.15,25.68,25.89,186290
01/06/2011,25.9,25.95,25.38,25.45,425930
01/07/2011,25.46,25.69,24.94,25.15,422290
01/10/2011,25.05,25.21,24.92,25.1,453800
01/11/2011,25.21,25.48,25.21,25.38,360810
01/12/2011,25.56,25.72,25.41,25.61,247390
01/13/2011,25.57,25.8,25.57,25.72,237570
01/14/2011,25.72,25.76,25.32,25.76,218130
01/18/2011,25.65,25.75,25.32,25.63,210040
01/19/2011,25.57,25.67,25.11,25.15,248650
01/20/2011,25.17,25.25,24.81,24.98,244890
01/21/2011,25.13,25.22,24.81,24.87,252780
01/24/2011,24.83,25.35,24.83,25.25,145190
01/25/2011,25.12,25.19,24.85,25.16,162880
01/26/2011,25.16,25.68,25.16,25.66,274900
01/27/2011,25.6,25.93,25.33,25.76,247200
01/28/2011,25.75,25.86,24.97,25,237020
01/31/2011,25.16,25.72,25.06,25.32,240270
02/01/2011,25.49,25.83,25.32,25.76,184580
02/02/2011,25.64,25.87,25.56,25.61,202250
02/03/2011,25.55,25.75,25.32,25.65,111820
02/04/2011,25.62,25.85,25.56,25.78,93180
02/07/2011,25.76,26.4,25.76,26.3,148050
02/08/2011,26.25,26.39,26,26.21,94650
02/09/2011,26.09,26.26,25.93,26.11,165620
02/10/2011,25.9,26.4,25.9,26.29,102740
02/11/2011,26.16,26.57,26.16,26.54,99280
02/14/2011,26.43,26.85,26.43,26.67,135340
02/15/2011,26.52,26.58,26.16,26.2,267300
02/16/2011,26.28,26.65,26.28,26.57,91950
02/17/2011,26.51,26.7,26.33,26.56,229660
02/18/2011,26.71,27.29,26.53,26.88,359830
02/22/2011,26.63,26.9,25.96,26.02,246610
02/23/2011,26.11,26.16,25.11,25.27,357440
02/24/2011,25.32,25.72,25.17,25.46,254300
02/25/2011,24.6,26.1,24.6,25.72,380490
02/28/2011,25.81,26.02,25.57,25.67,295250
03/01/2011,25.82,25.96,25.28,25.36,223930
03/02/2011,25.28,25.72,25.26,25.61,205270
03/03/2011,25.35,26.59,25.35,26.44,190850
03/04/2011,26.42,26.44,25.82,26.11,134650
03/07/2011,26.18,26.19,25.38,25.53,179950
03/08/2011,25.59,26.07,25.3,25.9,233350
03/09/2011,25.78,25.9,25.48,25.72,224730
03/10/2011,25.56,25.56,24.92,24.99,234740
03/11/2011,24.86,25.14,24.72,24.97,208980
03/14/2011,24.84,25,24.45,24.8,276060
03/15/2011,24.21,24.83,23.94,24.61,158970
03/16/2011,24.53,24.98,24.27,24.31,282080
03/17/2011,24.66,25.01,24.57,24.58,378310
03/18/2011,24.74,24.98,24.52,24.67,576650
03/21/2011,24.92,25.19,24.88,25.1,349590
03/22/2011,25.16,25.25,25.01,25.19,158280
03/23/2011,25.08,25.27,24.99,25.16,221950
03/24/2011,25.32,25.35,25.08,25.25,242930
03/25/2011,25.45,25.66,25.14,25.38,170570
03/28/2011,25.41,25.49,25.04,25.07,167140
03/29/2011,25.11,25.25,24.91,25.22,148510
03/30/2011,25.39,25.46,25.17,25.34,232360
03/31/2011,25.34,25.8,25.34,25.76,271150
04/01/2011,25.85,26.18,25.8,25.92,180280
04/04/2011,26.05,26.06,25.73,25.91,134530
04/05/2011,25.84,26.34,25.82,26.08,126210
04/06/2011,26.29,26.42,25.95,26.06,140920
04/07/2011,26.15,26.23,25.71,25.74,297700
04/08/2011,25.94,26,25.32,25.41,193360
04/11/2011,25.38,25.53,25.2,25.26,159780
04/12/2011,25.04,25.19,24.97,24.99,187180
04/13/2011,25.04,25.1,24.63,24.76,199730
04/14/2011,24.63,24.73,24.22,24.62,524820
04/15/2011,24.57,25.43,24.57,25.17,340240
04/18/2011,24.88,24.88,24.4,24.58,411250
04/19/2011,24.68,24.94,24.47,24.59,394130
04/20/2011,24.91,24.99,24.64,24.8,290620
04/21/2011,24.98,24.98,24.63,24.78,260830
04/25/2011,24.66,24.84,24.61,24.69,183350
04/26/2011,24.83,25.32,24.77,25.24,299290
04/27/2011,25.24,25.49,25.02,25.41,243750
04/28/2011,25.38,25.51,25.35,25.46,185910
04/29/2011,25.56,25.6,25.34,25.44,198440
05/02/2011,25.54,25.56,25.23,25.38,246420
05/03/2011,25.26,25.28,25.08,25.16,206920
05/04/2011,25.14,25.21,24.6,24.74,240310
05/05/2011,24.6,24.99,24.53,24.82,594660
05/06/2011,25.1,25.48,24.91,25.07,416260
05/09/2011,24.95,25.21,24.73,25.09,292110
05/10/2011,25.24,25.45,25.12,25.24,242160
05/11/2011,25.22,25.22,24.82,24.98,237320
05/12/2011,24.83,25.19,24.7,25.07,167510
05/13/2011,25.12,25.16,24.68,24.75,239920
05/16/2011,24.65,24.83,24.42,24.45,234640
05/17/2011,24.34,24.6,24.24,24.36,293610
05/18/2011,24.41,24.61,24.24,24.6,285020
05/19/2011,24.79,24.93,24.6,24.7,256220
05/20/2011,24.62,24.62,24.3,24.33,218580
05/23/2011,24,24.04,23.79,23.9,331820
05/24/2011,23.96,23.96,23.47,23.5,391110
05/25/2011,23.47,23.65,23.37,23.47,426060
05/26/2011,23.44,23.44,23.21,23.28,826820
05/27/2011,23.41,23.64,23.39,23.5,463530
05/31/2011,23.75,23.93,23.41,23.92,805470
06/01/2011,23.88,23.93,23.29,23.31,727910
06/02/2011,23.31,23.49,23.08,23.13,380980
06/03/2011,22.78,22.94,22.41,22.48,604250
06/06/2011,22.45,22.51,22.32,22.39,480730
06/07/2011,22.55,22.58,22.37,22.41,389530
06/08/2011,22.34,22.52,22.3,22.36,472310
06/09/2011,22.41,22.68,22.22,22.55,407570
06/10/2011,22.45,22.58,22.18,22.35,536710
06/13/2011,22.41,22.5,22.31,22.43,421210
06/14/2011,22.93,23.47,22.86,23.36,614140
06/15/2011,23.11,23.42,23.05,23.1,560920
06/16/2011,23.15,23.32,22.81,23.06,272100
06/17/2011,23.25,23.51,23.16,23.19,421720
06/20/2011,23.1,23.62,23.1,23.52,293640
06/21/2011,23.63,23.96,23.56,23.93,280630
06/22/2011,23.84,24.14,23.75,23.9,241070
06/23/2011,23.59,24.12,23.43,24.04,357900
06/24/2011,24.07,24.13,23.79,23.94,921770
06/27/2011,23.95,24.07,23.78,23.95,275170
06/28/2011,24.01,24.24,23.93,24.21,340740
06/29/2011,24.34,24.34,24.04,24.27,267650
06/30/2011,24.37,24.78,24.26,24.67,209970
07/01/2011,24.7,25.17,24.63,25.09,219320
07/05/2011,25.09,25.22,24.87,25.06,304920
07/06/2011,25,25.28,24.93,25.24,181060
07/07/2011,25.47,25.69,25.43,25.47,181290
07/08/2011,25.16,25.32,25.01,25.31,164010
07/11/2011,25,25.03,24.62,24.77,275420
07/12/2011,24.69,25.12,24.68,24.88,219190
07/13/2011,25.02,25.15,24.73,24.84,248460
07/14/2011,24.91,24.98,24.29,24.44,256910
07/15/2011,24.56,24.74,24.38,24.56,371960
07/18/2011,24.44,24.53,24.14,24.49,680640
07/19/2011,24.64,25.12,24.64,25.07,230900
07/20/2011,25.08,25.16,24.84,25.03,323800
07/21/2011,25.11,25.31,24.99,25.06,306020
07/22/2011,25.05,25.29,24.84,25.2,322880
07/25/2011,24.89,25.33,24.81,25.22,285420
07/26/2011,25.24,25.24,24.84,25.03,340390
07/27/2011,24.93,24.93,23.92,24,430760
07/28/2011,24.01,24.31,23.53,23.6,320630
07/29/2011,23.41,23.87,23.3,23.57,429200
08/01/2011,23.85,23.85,23.45,23.69,487820
08/02/2011,23.58,23.83,22.69,22.72,293600
08/03/2011,22.72,22.74,22.15,22.57,398940
08/04/2011,22.13,22.47,21.61,21.64,638520
08/05/2011,21.94,22.49,21.19,21.66,711030
08/08/2011,21.02,21.59,20.18,20.23,991800
08/09/2011,20.78,21.48,20.01,21.44,980990
08/10/2011,20.77,21.02,20,20.04,678750
08/11/2011,20.18,21.47,20.17,21.11,433680
08/12/2011,21.3,21.41,20.87,21.11,376220
08/15/2011,21.35,21.7,21.26,21.67,324320
08/16/2011,21.38,21.7,21.15,21.38,802430
08/17/2011,21.5,21.73,21.24,21.37,285630
08/18/2011,20.59,20.96,20.09,20.25,524890
08/19/2011,19.802,20.65,19.736,20.1,592340
08/22/2011,20.56,20.62,20.15,20.37,763210
08/23/2011,20.4,20.96,20.04,20.95,545320
08/24/2011,20.93,21.51,20.86,21.47,143200
08/25/2011,21.63,21.8,20.65,20.72,307260
08/26/2011,20.63,21.46,20.3,21.39,204050
08/29/2011,21.66,22.45,21.63,22.39,313350
08/30/2011,22.23,22.43,21.92,22.26,527580
08/31/2011,22.44,22.59,21.92,22.22,526320
09/01/2011,22.23,22.39,21.49,21.63,378520
09/02/2011,21.08,21.42,20.88,20.99,455090
09/06/2011,20.43,20.94,20.24,20.85,327140
09/07/2011,21.24,21.72,21.16,21.7,384020
09/08/2011,21.51,21.8,21.18,21.46,404920
09/09/2011,21.17,21.49,20.62,20.79,416150
09/12/2011,20.49,20.91,20.27,20.79,239670
09/13/2011,20.89,21.43,20.79,21.15,505830
09/14/2011,21.38,21.53,20.89,21.28,649500
09/15/2011,21.69,21.83,21.33,21.54,560130
09/16/2011,21.59,21.76,21.03,21.3,660730
09/19/2011,20.89,21.11,20.52,20.94,400820
09/20/2011,20.94,21.09,20.17,20.17,612650
09/21/2011,20.15,20.24,18.95,18.963,874280
09/22/2011,18.381,19.053,18.175,18.84,1502330
09/23/2011,18.641,19.239,18.521,19,589060
09/26/2011,19.21,19.463,18.738,19.43,615720
09/27/2011,19.418,20.53,19.418,19.97,804890
09/28/2011,20.15,20.26,19.232,19.28,687730
09/29/2011,19.727,19.986,19.101,19.68,860050
09/30/2011,19.356,19.749,19.07,19.083,492980
10/03/2011,18.931,19.27,17.874,17.907,499200
10/04/2011,17.706,19.183,17.593,19.097,549710
10/05/2011,19.117,19.523,18.871,19.33,354040
10/06/2011,19.255,19.787,19.115,19.767,336320
10/07/2011,19.838,19.918,19.014,19.16,436320
10/10/2011,19.481,20.02,19.375,20.013,460600
10/11/2011,19.857,20.21,19.81,19.97,522300
10/12/2011,19.651,20.41,19.472,20.21,918610
10/13/2011,20.04,20.21,19.811,20.17,476690
10/14/2011,20.44,20.46,19.947,20.28,349640
10/17/2011,20.16,20.21,19.737,19.89,587020
10/18/2011,19.984,20.68,19.705,20.41,465250
10/19/2011,20.37,20.48,19.827,19.92,341600
10/20/2011,20,20.021,19.484,19.95,232240
10/21/2011,20.26,20.32,19.924,20.28,339990
10/24/2011,20.39,20.85,20.32,20.74,422860
10/25/2011,20.54,20.56,20,20.29,413720
10/26/2011,20.64,20.78,20.03,20.65,425910
10/27/2011,21.72,22.02,21.33,21.83,689680
10/28/2011,23.73,23.74,21.53,21.96,531870
10/31/2011,21.64,21.64,20.91,20.91,473320
11/01/2011,20.15,20.39,19.774,19.98,493360
11/02/2011,20.33,20.62,20.02,20.33,269710
11/03/2011,20.61,20.97,20.24,20.9,324310
11/04/2011,20.71,20.99,20.37,20.78,189270
11/07/2011,20.72,20.76,20.06,20.49,197350
11/08/2011,20.68,20.82,20.18,20.76,232190
11/09/2011,20.23,20.28,19.571,19.77,568250
11/10/2011,20.09,20.31,19.754,20.02,323900
11/11/2011,20.27,20.71,20.22,20.56,187690
11/14/2011,20.5,20.5,20.04,20.27,179390
11/15/2011,20.14,20.63,19.978,20.53,218160
11/16/2011,20.27,20.51,19.903,19.937,254630
11/17/2011,19.949,20.05,19.539,19.71,448900
11/18/2011,19.743,19.93,19.59,19.743,169230
11/21/2011,19.443,19.676,19.257,19.49,343010
11/22/2011,19.453,19.62,19.287,19.4,367810
11/23/2011,19.24,19.34,19.087,19.14,538700
11/25/2011,19.047,19.319,18.967,19.04,234420
11/28/2011,19.63,20.14,19.471,19.73,331210
11/29/2011,19.73,19.883,19.564,19.65,167150
11/30/2011,20.22,21.03,20.22,21,469590
12/01/2011,20.9,21.12,20.53,20.55,256830
12/02/2011,20.87,21.04,20.47,20.54,156600
12/05/2011,20.52,20.91,20.23,20.33,423530
12/06/2011,20.42,20.89,20.32,20.67,251650
12/07/2011,20.47,20.54,19.968,20.42,306120
12/08/2011,20.19,20.22,19.557,19.61,311330
12/09/2011,19.711,20.31,19.584,20.16,326470
12/12/2011,19.87,19.87,19.562,19.81,259800
12/13/2011,20.02,20.16,19.269,19.47,350440
12/14/2011,19.093,19.395,18.993,19.08,422510
12/15/2011,19.437,19.538,19.176,19.37,346290
12/16/2011,19.51,19.905,19.409,19.53,536950
12/19/2011,19.696,19.923,19.167,19.2,257700
12/20/2011,19.656,20.55,19.603,20.5,571730
12/21/2011,20.39,20.59,20.05,20.53,233120
12/22/2011,20.72,21.16,20.62,20.88,330740
12/23/2011,20.98,20.98,20.74,20.92,116590
12/27/2011,20.89,21.05,20.68,20.88,100100
12/28/2011,20.88,20.89,20.09,20.12,255170
12/29/2011,20.18,20.56,20.16,20.53,447410
12/30/2011,20.45,20.63,20.39,20.42,187470
01/03/2012,20.93,21.37,20.93,21.09,240250
01/04/2012,20.93,21.11,20.86,21.1,160310
01/05/2012,20.92,21.41,20.67,21.3,159880
01/06/2012,21.29,21.34,21.03,21.12,142090
01/09/2012,21.25,21.25,20.93,21.15,193490
01/10/2012,21.48,21.77,21.47,21.74,177230
01/11/2012,21.63,21.91,21.59,21.76,204290
01/12/2012,21.81,21.98,21.57,21.96,247730
01/13/2012,21.68,21.89,21.56,21.89,187720
01/17/2012,22.1,22.24,21.76,21.83,198800
01/18/2012,21.83,22.14,21.6,22.14,115060
01/19/2012,22.25,22.43,21.99,22.14,197930
01/20/2012,22.12,22.34,22.02,22.21,237820
01/23/2012,22.21,22.74,22.14,22.56,368800
01/24/2012,22.37,22.86,22.2,22.82,330160
01/25/2012,22.77,23.13,22.7,23,178510
01/26/2012,23.13,23.16,22.76,22.88,203720
01/27/2012,22.73,23.15,22.58,23.14,198420
01/30/2012,22.92,23.14,22.75,23.06,141350
01/31/2012,23.23,23.23,22.72,22.85,246190
02/01/2012,23.11,23.6,23.04,23.44,314230
02/02/2012,23.45,23.74,23.32,23.59,279000
02/03/2012,24.01,24.71,23.93,24.6,507390
02/06/2012,24.45,24.53,24.26,24.5,247130
02/07/2012,24.44,24.55,24.38,24.44,281530
02/08/2012,24.53,24.58,24.25,24.32,271130
02/09/2012,24.38,24.48,24.01,24.05,241920
02/10/2012,23.72,23.77,23.39,23.48,267660
02/13/2012,23.67,23.88,23.49,23.6,486540
02/14/2012,23.46,23.57,23.3,23.52,217570
02/15/2012,23.63,23.78,23.26,23.29,211140
02/16/2012,23.3,23.71,23.27,23.58,238330
02/17/2012,23.7,23.76,23.54,23.67,322450
02/21/2012,23.68,24.09,23.62,23.77,197660
02/22/2012,23.66,23.85,23.33,23.41,150570
02/23/2012,23.46,23.83,23.29,23.77,336340
02/24/2012,25.86,25.96,24.62,25.44,3889840
02/27/2012,25.94,26.27,25.05,25.45,2913520
02/28/2012,25.43,25.61,25.28,25.47,1448370
02/29/2012,25.48,25.56,25.08,25.19,963810
03/01/2012,25.23,25.58,25.04,25.12,807430
03/02/2012,25.18,25.24,24.49,24.76,808090
03/05/2012,24.77,25.16,24.42,25.12,808430
03/06/2012,24.78,24.93,24.33,24.38,756290
03/07/2012,24.58,24.58,24.24,24.29,443230
03/08/2012,24.51,24.51,24.16,24.32,463060
03/09/2012,24.3,24.9,24.27,24.61,440770
03/12/2012,24.6,24.78,24.41,24.62,373640
03/13/2012,24.85,24.87,24.57,24.83,510630
03/14/2012,24.78,24.97,24.65,24.7,334530
03/15/2012,24.72,25.21,24.56,25.17,283400
03/16/2012,25.22,25.26,24.96,25,346380
03/19/2012,25.02,25.16,24.84,24.95,300850
03/20/2012,24.83,24.85,24.39,24.56,315520
03/21/2012,24.59,24.71,24.25,24.28,384050
03/22/2012,24.09,24.11,23.69,23.76,551190
03/23/2012,23.76,23.88,23.59,23.83,429930
03/26/2012,24.07,24.28,23.96,24.15,1067410
03/27/2012,24.67,25.53,24.32,24.75,1439660
03/28/2012,24.96,25.08,24.41,24.71,877820
03/29/2012,24.73,24.73,24.3,24.46,574090
03/30/2012,24.67,24.7,24.14,24.28,501090
04/02/2012,24.24,24.4,23.87,24.34,736690
04/03/2012,24.29,24.4,23.67,23.79,691520
04/04/2012,23.54,23.54,22.97,23.3,653650
04/05/2012,23.26,23.44,23.11,23.15,233040
04/09/2012,22.79,22.87,22.4,22.4,504500
04/10/2012,22.39,22.39,21.92,22.09,522690
04/11/2012,22.34,22.65,22.22,22.65,460690
04/12/2012,22.64,23.22,22.64,23.13,274220
04/13/2012,23.05,23.07,22.79,22.87,384260
04/16/2012,23.02,23.34,22.81,23.05,230190
04/17/2012,23.26,23.61,23.24,23.37,236340
04/18/2012,23.17,23.3,22.97,23.04,168620
04/19/2012,23.04,23.35,22.67,22.83,234820
04/20/2012,23.09,23.42,23.02,23.32,380600
04/23/2012,22.86,22.97,22.61,22.88,308380
04/24/2012,22.94,23.3,22.88,23.18,224600
04/25/2012,23.5,23.61,23.33,23.53,266020
04/26/2012,23.48,23.65,23.38,23.54,250190
04/27/2012,23.63,23.84,23.4,23.83,253700
04/30/2012,23.8,23.82,23.32,23.35,173040
05/01/2012,23.35,23.74,23.02,23.22,216110
05/02/2012,23.07,23.39,22.99,23.38,277850
05/03/2012,23.4,23.42,23.01,23.21,327240
05/04/2012,23.1,23.1,22.63,22.69,405150
05/07/2012,22.57,22.75,22.44,22.72,276090
05/08/2012,22.55,22.96,22.55,22.93,357460
05/09/2012,22.46,22.77,22,22.14,608080
05/10/2012,22.18,22.55,21.86,22.37,716450
05/11/2012,22.15,22.56,22.04,22.24,274260
05/14/2012,21.99,22.18,21.87,21.9,397530
05/15/2012,21.95,21.98,21.66,21.85,571100
05/16/2012,22.18,22.62,21.99,22.01,581980
05/17/2012,21.99,21.99,21.47,21.47,495570
05/18/2012,21.47,21.58,21.18,21.25,489350
05/21/2012,21.34,21.73,21.17,21.7,258210
05/22/2012,21.67,21.8,21.52,21.63,355980
05/23/2012,21.39,21.92,21.23,21.9,265290
05/24/2012,21.9,21.9,21.47,21.83,180940
05/25/2012,21.83,21.88,21.58,21.62,232150
05/29/2012,21.82,21.94,21.61,21.86,238750
05/30/2012,21.65,21.68,21.41,21.52,197260
05/31/2012,21.49,21.5,21,21.24,164090
06/01/2012,20.86,21.04,20.7,20.74,290510
06/04/2012,20.83,20.92,20.4,20.66,267690
06/05/2012,20.51,20.71,20.36,20.62,230180
06/06/2012,20.81,21.21,20.77,21.21,219450
06/07/2012,21.59,21.88,21.29,21.34,214300
06/08/2012,21.28,21.8,21.13,21.61,187500
06/11/2012,21.91,21.91,20.88,20.92,194260
06/12/2012,21.05,21.22,20.83,21.21,168880
06/13/2012,21.11,21.11,20.47,20.56,453770
06/14/2012,20.55,20.83,20.46,20.6,287620
06/15/2012,20.67,20.69,20.5,20.55,297410
06/18/2012,20.41,20.76,20.36,20.64,235890
06/19/2012,20.74,21.22,20.65,21.07,283860
06/20/2012,21.1,21.12,20.61,20.66,424360
06/21/2012,20.61,20.69,19.86,19.87,382690
06/22/2012,19.981,19.981,19.616,19.77,295160
06/25/2012,19.513,19.628,19.254,19.283,307640
06/26/2012,19.318,19.347,19.02,19.28,246880
06/27/2012,19.362,19.69,19.333,19.65,143510
06/28/2012,19.485,19.86,19.37,19.86,172590
06/29/2012,20.25,20.65,20.24,20.55,241830
07/02/2012,20.54,20.54,20.08,20.28,216060
07/03/2012,20.29,20.67,20.24,20.67,82250
07/05/2012,20.56,20.67,20.44,20.62,220270
07/06/2012,20.37,20.49,20.18,20.22,118650
07/09/2012,20.13,20.25,19.934,20.02,196790
07/10/2012,20.22,20.33,19.697,19.86,340530
07/11/2012,19.803,19.937,19.521,19.63,188970
07/12/2012,19.473,19.598,19.271,19.54,333870
07/13/2012,19.619,20.03,19.543,19.85,238500
07/16/2012,19.791,19.896,19.483,19.56,278790
07/17/2012,19.683,19.712,19.395,19.52,244120
07/18/2012,19.431,20.07,19.431,20.06,276670
07/19/2012,20.1,20.22,19.961,19.99,195600
07/20/2012,19.889,19.994,19.726,19.745,203790
07/23/2012,19.367,19.616,19.367,19.53,230190
07/24/2012,19.565,19.565,19.402,19.45,283470
07/25/2012,19.622,19.977,19.459,19.67,228250
07/26/2012,19.974,20.11,19.34,19.59,305250
07/27/2012,20.21,20.22,19.267,20.16,295310
07/30/2012,20.12,20.47,19.943,20.01,174390
07/31/2012,19.924,20.35,19.886,20.27,412110
08/01/2012,20.35,20.39,20.09,20.12,361790
08/02/2012,19.965,20.22,19.783,20.09,273710
08/03/2012,20.49,20.68,20.37,20.55,191370
08/06/2012,20.62,21.18,20.59,20.83,177920
08/07/2012,20.97,21.4,20.97,21.09,173170
08/08/2012,21.01,21.17,20.99,21.09,65660
08/09/2012,21.1,21.66,20.97,21.34,174760
08/10/2012,21.25,21.37,21.09,21.17,108530
08/13/2012,21.19,21.19,20.66,20.79,172240
08/14/2012,20.86,21.11,20.79,20.95,434520
08/15/2012,20.86,21.18,20.86,21.15,266770
08/16/2012,21.16,21.66,20.97,21.62,101050
08/17/2012,21.59,21.88,21.57,21.88,92160
08/20/2012,21.85,21.85,21.61,21.73,97130
08/21/2012,21.78,22.15,21.71,21.75,109880
08/22/2012,21.72,21.86,21.47,21.62,112870
08/23/2012,21.6,21.61,21.36,21.48,175160
08/24/2012,21.4,21.71,21.34,21.52,124580
08/27/2012,21.6,21.65,21.32,21.45,172100
08/28/2012,21.43,21.62,21.33,21.56,99500
08/29/2012,21.56,21.78,21.33,21.7,108250
08/30/2012,21.61,21.69,21.35,21.37,152360
08/31/2012,21.6,21.72,21.24,21.36,141890
09/04/2012,21.33,21.34,21.02,21.26,376430
09/05/2012,21.34,21.43,20.97,21.22,211030
09/06/2012,21.43,21.81,21.29,21.68,147000
09/07/2012,21.83,22.12,21.75,21.95,222800
09/10/2012,21.87,22.32,21.82,22.24,268470
09/11/2012,22.25,22.51,22.24,22.32,93680
09/12/2012,22.38,22.49,22.1,22.35,99280
09/13/2012,22.32,22.87,22.13,22.57,329440
09/14/2012,22.73,23.11,22.55,22.95,159830
09/17/2012,22.93,22.93,22.56,22.63,140670
09/18/2012,22.65,22.89,22.57,22.87,129540
09/19/2012,22.92,23.08,22.75,22.82,95340
09/20/2012,22.65,22.9,22.55,22.75,163360
09/21/2012,23.03,23.06,22.79,23.01,429280
09/24/2012,22.9,22.97,22.63,22.71,127540
09/25/2012,22.85,22.85,22.06,22.07,159850
09/26/2012,22.07,22.07,21.75,21.89,127370
09/27/2012,22,22.21,21.8,22.08,177430
09/28/2012,21.98,22.01,21.6,21.66,233730
10/01/2012,21.85,22.08,21.65,21.9,206880
10/02/2012,21.95,22.05,21.78,22.01,180080
10/03/2012,22.07,22.17,21.78,21.94,179080
10/04/2012,22.02,22.06,21.82,21.99,161660
10/05/2012,22.03,22.3,21.84,22.01,193060
10/08/2012,21.85,21.93,21.69,21.83,93140
10/09/2012,21.83,21.83,21.51,21.54,265690
10/10/2012,21.54,21.57,21.22,21.38,92910
10/11/2012,21.56,21.56,21.31,21.4,125600
10/12/2012,21.39,21.51,21.21,21.34,169190
10/15/2012,21.32,21.32,20.99,21.16,209050
10/16/2012,21.29,21.32,21.09,21.18,336880
10/17/2012,21.25,21.33,21.09,21.25,330520
10/18/2012,21.25,21.3,20.75,20.97,549530
10/19/2012,20.81,20.96,20.64,20.81,398550
10/22/2012,20.8,20.94,20.65,20.94,389610
10/23/2012,20.74,20.75,20.31,20.53,351470
10/24/2012,20.57,20.71,20.42,20.49,211240
10/25/2012,20.65,20.75,20.52,20.71,245140
10/26/2012,20.8,21.53,20.61,21.43,316110
10/31/2012,21.62,21.73,21.28,21.68,188390
11/01/2012,21.78,22.18,21.71,22.17,221630
11/02/2012,22.33,24.63,21.6,21.69,188670
11/05/2012,21.7,22.01,21.42,21.48,248110
11/06/2012,21.67,22.08,21.58,22.04,299140
11/07/2012,21.84,21.88,21.25,21.48,158330
11/08/2012,21.46,21.55,21.36,21.48,214720
11/09/2012,21.33,21.59,21.28,21.38,112480
11/12/2012,21.46,21.69,21.43,21.49,96960
11/13/2012,21.48,21.51,20.97,21.03,304310
11/14/2012,21.08,21.18,20.72,20.85,367850
11/15/2012,20.83,20.99,20.79,20.83,289340
11/16/2012,20.76,20.91,20.61,20.78,128870
11/19/2012,21.04,21.11,20.86,21.09,130660
11/20/2012,21.06,21.11,20.93,20.99,94770
11/21/2012,21.02,21.11,20.92,21.08,68630
11/23/2012,21.19,21.51,21.14,21.48,61290
11/26/2012,21.44,21.61,21.31,21.6,69860
11/27/2012,21.58,21.87,21.51,21.67,93550
11/28/2012,21.52,22.08,21.4,22.08,137290
11/29/2012,22.13,22.43,22.08,22.34,150240
11/30/2012,22.38,22.46,22.25,22.32,193880
12/03/2012,22.44,22.44,22.16,22.33,139230
12/04/2012,22.34,22.58,22.21,22.54,108490
12/05/2012,22.54,22.7,22.39,22.68,126140
12/06/2012,22.66,22.7,22.4,22.63,127470
12/07/2012,22.74,22.74,22.52,22.59,140860
12/10/2012,22.6,22.74,22.39,22.67,124470
12/11/2012,22.88,23.02,22.7,22.8,127980
12/12/2012,22.91,22.94,22.78,22.9,159630
12/13/2012,22.89,23.01,22.34,22.49,105100
12/14/2012,22.42,22.67,22.35,22.45,55700
12/17/2012,22.47,22.77,22.39,22.77,63620
12/18/2012,22.74,23.07,22.58,23.04,157630
12/19/2012,23,23.29,22.95,23.17,135400
12/20/2012,23.23,23.37,23.08,23.32,83610
12/21/2012,23.14,23.22,22.97,23.12,568600
12/24/2012,23.14,23.22,23.02,23.18,45010
12/26/2012,23.23,23.24,23.03,23.08,167130
12/27/2012,23.13,23.37,22.97,23.24,111730
12/28/2012,23.07,23.24,22.91,23.05,143260
12/31/2012,23.06,23.45,22.91,23.4,267940
01/02/2013,23.89,24.28,23.85,24.14,398980
01/03/2013,24.09,24.34,23.98,24.2,162510
01/04/2013,24.28,24.32,23.97,24.05,120460
01/07/2013,23.89,23.95,23.68,23.76,104880
01/08/2013,23.68,23.69,23.31,23.36,152160
01/09/2013,23.44,23.61,23.32,23.56,139880
01/10/2013,23.69,23.7,23.34,23.7,95340
01/11/2013,23.71,23.71,23.43,23.58,100130
01/14/2013,23.56,23.63,23.32,23.42,108490
01/15/2013,23.31,23.52,23.25,23.4,230530
01/16/2013,23.33,23.64,23.27,23.56,145870
01/17/2013,23.66,23.8,23.52,23.8,102060
01/18/2013,23.8,23.96,23.68,23.93,72500
01/22/2013,23.87,24.01,23.61,23.99,74740
01/23/2013,23.98,24.1,23.87,23.87,71530
01/24/2013,23.84,24.22,23.74,24.13,87780
01/25/2013,24.22,24.33,24.12,24.23,93410
01/28/2013,24.3,24.55,24.17,24.36,104620
01/29/2013,24.24,24.5,24.22,24.5,186520
01/30/2013,24.49,24.53,24.21,24.31,156690
01/31/2013,24.31,24.54,24.2,24.25,165600
02/01/2013,24.43,24.69,24.36,24.47,125480
02/04/2013,24.38,24.47,23.99,24.09,110030
02/05/2013,24.21,24.4,24.14,24.27,72470
02/06/2013,24.17,24.27,23.95,24.26,102220
02/07/2013,24.22,24.26,23.92,24.06,44670
02/08/2013,24.08,24.35,24.08,24.21,57630
02/11/2013,24.2,24.2,24.01,24.14,53100
02/12/2013,24.19,24.28,24.17,24.25,37980
02/13/2013,24.28,24.38,24.1,24.3,71700
02/14/2013,24.19,24.61,24.19,24.41,50060
02/15/2013,24.5,24.51,24.31,24.37,82210
02/19/2013,24.37,24.5,24.31,24.45,92540
02/20/2013,24.45,24.45,23.97,23.97,159190
02/21/2013,24,24.8,23.96,24.3,380920
02/22/2013,24.44,24.83,24.35,24.81,228960
02/25/2013,24.8,24.95,24.12,24.15,546880
02/26/2013,24.25,24.34,23.95,24.09,143510
02/27/2013,24.09,24.64,24.04,24.46,144060
02/28/2013,24.43,24.57,24.17,24.45,160030
03/01/2013,24.29,24.32,23.96,24.17,182840
03/04/2013,24.09,24.09,23.6,23.88,199220
03/05/2013,23.98,24.16,23.95,24.01,250580
03/06/2013,24.13,24.16,23.95,24.15,125570
03/07/2013,24.18,24.4,24.15,24.36,123990
03/08/2013,24.52,24.55,24.37,24.54,154390
03/11/2013,24.45,24.71,24.37,24.68,168770
03/12/2013,24.66,25.34,24.61,25.17,546390
03/13/2013,25.18,25.58,25.18,25.42,376760
03/14/2013,25.52,25.6,25.42,25.56,122980
03/15/2013,25.6,25.74,25.48,25.48,307920
03/18/2013,25.2,25.54,25.17,25.35,102490
03/19/2013,25.36,25.45,25.06,25.35,95620
03/20/2013,25.45,25.55,25.27,25.45,85410
03/21/2013,25.27,25.49,25.25,25.36,102320
03/22/2013,25.4,25.52,25.3,25.46,108880
03/25/2013,25.55,25.55,25.27,25.35,140450
03/26/2013,25.45,25.45,25.22,25.35,94390
03/27/2013,25.2,25.25,25.01,25.2,129260
03/28/2013,25.26,25.31,24.99,25.21,169430
04/01/2013,25.18,25.26,24.78,24.97,142430
04/02/2013,25.1,25.14,24.74,24.82,122080
04/03/2013,24.83,24.93,24.71,24.81,201270
04/04/2013,24.85,24.94,24.78,24.88,107240
04/05/2013,24.55,24.94,24.55,24.9,150440
04/08/2013,24.91,25.16,24.79,25.14,89640
04/09/2013,25.13,25.21,25.01,25.13,144580
04/10/2013,25.2,25.65,25.13,25.6,140810
04/11/2013,25.6,25.71,25.54,25.58,101410
04/12/2013,25.48,25.64,25.41,25.5,676630
04/15/2013,25.42,25.56,24.28,24.32,300460
04/16/2013,24.5,24.69,23.78,24.07,561160
04/17/2013,23.87,23.87,23.24,23.28,568800
04/18/2013,23.32,23.33,22.64,22.75,244160
04/19/2013,22.77,22.97,22.54,22.68,352700
04/22/2013,22.73,22.85,22.42,22.77,152230
04/23/2013,22.94,23.04,22.77,22.97,212050
04/24/2013,22.98,23.35,22.98,23.25,132030
04/25/2013,23.33,23.51,23.2,23.35,154990
04/26/2013,23.15,23.28,22.78,22.97,127300
04/29/2013,23.03,23.34,22.93,23.32,359070
04/30/2013,23.33,23.56,23.15,23.5,313400
05/01/2013,23.46,23.48,22.71,23.06,375500
05/02/2013,23.14,23.39,22.98,23.36,255940
05/03/2013,23.47,24.11,23.47,23.81,133700
05/06/2013,23.76,23.93,23.6,23.73,96030
05/07/2013,23.74,23.93,23.52,23.82,186400
05/08/2013,23.81,24.15,23.62,23.95,236520
05/09/2013,23.96,25.92,23.96,25.2,626230
05/10/2013,25.28,25.72,25.18,25.53,155380
05/13/2013,25.43,25.46,25.15,25.37,110790
05/14/2013,25.38,25.8,25.38,25.8,166940
05/15/2013,25.71,26.13,25.63,26.06,152920
05/16/2013,26.01,26.08,25.67,25.84,117810
05/17/2013,25.99,26.08,25.69,26.07,238860
05/20/2013,25.97,26.62,25.97,26.36,130390
05/21/2013,26.35,26.42,26.18,26.31,112290
05/22/2013,26.28,26.59,25.9,26.18,194900
05/23/2013,25.77,26.43,25.77,26.31,124930
05/24/2013,26.2,26.46,26.13,26.42,148200
05/28/2013,26.61,27.1,26.6,26.76,144810
05/29/2013,26.58,26.75,26.37,26.6,74650
05/30/2013,26.61,26.8,26.46,26.75,78650
05/31/2013,26.62,27.01,26.54,26.65,79860
06/03/2013,26.75,27.04,26.46,26.99,178940
06/04/2013,27,27.21,26.53,26.93,104980
06/05/2013,26.84,26.9,26.37,26.41,78940
06/06/2013,26.53,26.73,26.44,26.73,99980
06/07/2013,26.87,27.14,26.78,26.9,98810
06/10/2013,26.96,27.03,26.65,26.78,74510
06/11/2013,26.41,26.76,26.2,26.49,56610
06/12/2013,26.64,26.64,26.11,26.16,46970
06/13/2013,26.17,26.93,26.13,26.84,133650
06/14/2013,26.83,27.01,26.57,26.72,128900
06/17/2013,26.9,26.99,26.65,26.99,104970
06/18/2013,27.01,27.36,26.96,27.24,80040
06/19/2013,27.15,27.34,27.02,27.07,115310
06/20/2013,26.74,26.96,26.64,26.8,153580
06/21/2013,26.9,27.02,26.6,26.88,230010
06/24/2013,26.67,26.71,26.42,26.45,126890
06/25/2013,26.64,26.72,26.44,26.58,165220
06/26/2013,26.77,26.77,26.43,26.6,124030
06/27/2013,26.69,27.25,26.62,27.15,139830
06/28/2013,27.08,27.49,27,27.36,270210
07/01/2013,27.02,27.79,26.71,27.77,167230
07/02/2013,27.74,28,27.59,27.81,240960
07/03/2013,27.55,27.63,26.96,27.42,141560
07/05/2013,27.76,27.9,27.47,27.89,90330
07/08/2013,27.99,28.03,27.7,27.81,119110
07/09/2013,28,28.37,27.87,28.31,131580
07/10/2013,28.22,28.59,28.16,28.53,99530
07/11/2013,28.86,29.03,28.56,28.74,153370
07/12/2013,28.72,28.77,28.33,28.42,120230
07/15/2013,28.47,28.72,28.47,28.6,91840
07/16/2013,28.6,28.79,28.2,28.37,133680
07/17/2013,28.44,28.72,28.35,28.43,127590
07/18/2013,28.45,28.86,28.45,28.72,95230
07/19/2013,28.72,28.94,28.63,28.88,99280
07/22/2013,28.88,29,28.67,28.75,105290
07/23/2013,28.8,28.81,28.6,28.64,89880
07/24/2013,28.67,28.69,28.13,28.41,111050
07/25/2013,28.44,28.94,28.28,28.81,172680
07/26/2013,28.59,28.89,28.53,28.8,224770
07/29/2013,28.73,28.84,28.56,28.71,111950
07/30/2013,28.89,28.9,28.58,28.84,157550
07/31/2013,28.85,29.06,28.72,28.88,204010
08/01/2013,29.05,29.56,28.92,29.47,127730
08/02/2013,29.4,29.41,28.83,29.29,70620
08/05/2013,29.16,29.6,29.1,29.54,85980
08/06/2013,29.41,29.44,29.05,29.18,137660
08/07/2013,29.1,29.44,28.98,29.44,134060
08/08/2013,29.63,29.76,29.21,29.3,335570
08/09/2013,29.2,29.42,28.72,28.96,174610
08/12/2013,28.88,29.69,28.81,29.62,217940
08/13/2013,29.68,29.92,29.45,29.81,50380
08/14/2013,29.79,29.91,29.69,29.81,110940
08/15/2013,29.62,29.62,29.13,29.19,106040
08/16/2013,29.07,29.37,29.07,29.17,86560
08/19/2013,29.19,29.31,28.99,29.06,104620
08/20/2013,29.09,29.26,28.94,29.2,49300
08/21/2013,29.14,29.25,28.98,29.18,101900
08/22/2013,29.24,29.79,29.21,29.78,85230
08/23/2013,29.79,29.83,29.31,29.58,73760
08/26/2013,29.56,29.84,29.41,29.54,65200
08/27/2013,29.3,29.34,28.88,28.94,93830
08/28/2013,28.88,29.07,28.8,28.81,56040
08/29/2013,28.8,29.16,28.8,28.99,56330
08/30/2013,28.95,28.95,28.25,28.25,108170
09/03/2013,28.66,28.92,28.04,28.36,74370
09/04/2013,28.38,28.91,28.26,28.91,63690
09/05/2013,35.57,35.58,35.5,35.54,9100280
09/06/2013,35.56,35.6,35.5,35.5,2076670
09/09/2013,35.53,35.61,35.5,35.5,935910
09/10/2013,35.53,35.6,35.5,35.58,893720
09/11/2013,35.5,35.61,35.5,35.54,439440
09/12/2013,35.58,35.63,35.5,35.59,735900
09/13/2013,35.62,35.66,35.5,35.5,266390
09/16/2013,35.6,35.63,35.5,35.56,327000
09/17/2013,35.54,35.6,35.51,35.55,187130
09/18/2013,35.55,35.58,35.51,35.53,506090
09/19/2013,35.555,35.57,35.51,35.52,247830
09/20/2013,35.6,35.6,35.48,35.5,1228620
09/23/2013,35.5,35.53,35.5,35.52,431310
09/24/2013,35.5,35.52,35.5,35.5,236360
09/25/2013,35.52,35.53,35.48,35.48,375850
09/26/2013,35.53,35.58,35.48,35.525,336320
09/27/2013,35.48,35.54,35.47,35.51,552340
09/30/2013,35.48,35.54,35.47,35.53,363690
10/01/2013,35.53,35.55,35.51,35.52,214290
10/02/2013,35.51,35.52,35.49,35.5,263030
10/03/2013,35.5,35.51,35.49,35.5,237710
10/04/2013,35.5,35.65,35.49,35.5,300260
10/07/2013,35.49,35.52,35.47,35.47,433490
10/08/2013,35.49,35.55,35.475,35.505,539370
10/09/2013,35.55,35.56,35.49,35.54,269770
10/10/2013,35.56,35.575,35.495,35.51,165010
10/11/2013,35.51,35.55,35.5,35.51,424140
10/14/2013,35.49,35.52,35.49,35.52,241829
10/15/2013,35.53,35.53,35.48,35.49,1717404
