05/05/2011,14.399,14.399,14.36,14.36,1620
05/06/2011,14.33,14.33,14.33,14.33,110
05/09/2011,14.396,14.396,14.14,14.14,200
05/10/2011,14.531,14.619,14.501,14.58,5110
05/11/2011,14.834,14.834,14.41,14.41,1980
05/12/2011,14.31,14.31,14.113,14.31,2060
05/13/2011,14.19,14.19,14.042,14.17,1510
05/16/2011,14.28,14.28,14.28,14.28,200
05/17/2011,14.365,14.365,13.991,14.05,25150
05/18/2011,14.151,14.19,14.151,14.19,700
05/19/2011,14.13,14.189,13.992,14.1,20230
05/24/2011,13.978,13.978,13.84,13.84,720
05/25/2011,13.98,13.98,13.98,13.98,330
05/26/2011,13.884,14.13,13.854,14.13,10410
05/27/2011,14.12,14.12,14.09,14.09,12480
05/31/2011,14.231,14.388,14.231,14.29,1830
06/01/2011,14.177,14.177,13.99,13.99,2720
06/02/2011,14.04,14.04,14.04,14.04,8520
06/03/2011,14.041,14.11,14.041,14.11,18800
06/06/2011,13.99,13.99,13.99,13.99,100
06/08/2011,13.89,13.89,13.89,13.89,100
06/13/2011,13.68,13.699,13.66,13.66,2380
06/14/2011,13.93,13.93,13.93,13.93,410
06/15/2011,14.026,14.026,13.79,13.79,400
06/16/2011,13.64,13.64,13.64,13.64,130
06/22/2011,13.8,13.84,13.761,13.82,900
06/23/2011,13.4,13.4,13.4,13.4,200
06/24/2011,13.42,13.42,13.42,13.42,110
06/28/2011,13.79,13.79,13.79,13.79,500
06/29/2011,13.94,13.94,13.94,13.94,460
06/30/2011,14.141,14.24,14.141,14.21,26040
07/01/2011,14.14,14.14,14.14,14.14,100
07/05/2011,14.361,14.4,14.361,14.4,700
07/06/2011,14.03,14.03,14.03,14.03,210
07/07/2011,14.48,14.48,14.48,14.48,4070
07/08/2011,14.269,14.269,14.2,14.2,1190
07/14/2011,13.788,13.788,13.65,13.65,380
07/15/2011,13.69,13.69,13.69,13.69,100
07/18/2011,13.628,13.628,13.46,13.46,220
07/19/2011,13.72,13.72,13.671,13.72,3150
07/20/2011,13.48,13.48,13.48,13.48,100
07/25/2011,13.869,13.909,13.82,13.82,350
07/29/2011,13.88,13.88,13.88,13.88,100
08/01/2011,13.887,13.887,13.7,13.7,1210
08/02/2011,13.4,13.4,13.4,13.4,400
08/03/2011,13.051,13.09,13.041,13.09,8620
08/04/2011,12.57,12.57,12.57,12.57,100
08/05/2011,11.84,12.51,10.727,12.51,4370
08/08/2011,11.84,12.017,11.002,11.16,2330
08/09/2011,11.698,11.777,11.58,11.58,2330
08/10/2011,11.84,11.84,11.604,11.84,2520
08/11/2011,11.916,12.29,11.62,12.29,530
08/12/2011,12.34,12.34,12.34,12.34,100
08/15/2011,12.33,12.33,12.33,12.33,100
08/16/2011,12.368,12.368,12.26,12.27,410
08/17/2011,12.679,12.698,12.58,12.58,550
08/19/2011,12.079,12.187,11.99,11.99,500
08/22/2011,12.131,12.131,11.55,11.55,300
08/23/2011,11.72,11.72,11.72,11.72,150
08/24/2011,11.97,11.97,11.97,11.97,1410
08/25/2011,12.038,12.038,11.91,11.91,200
08/30/2011,11.88,11.91,11.88,11.91,740
09/01/2011,12.291,12.34,12.291,12.34,510
09/02/2011,12.17,12.17,12.17,12.17,610
09/12/2011,11.52,11.52,11.52,11.52,410
09/14/2011,11.296,11.296,11.06,11.06,400
09/15/2011,11.53,11.53,11.53,11.53,100
09/16/2011,11.63,11.63,11.63,11.63,100
09/19/2011,11.27,11.27,11.27,11.27,200
09/21/2011,10.74,10.74,10.74,10.74,1010
09/22/2011,10.226,10.226,9.95,9.95,1120
09/27/2011,10.76,10.76,10.76,10.76,1010
09/28/2011,10.42,10.42,10.42,10.42,200
09/29/2011,10.64,10.64,10.64,10.64,700
09/30/2011,10.09,10.09,10.09,10.09,100
10/06/2011,10.494,10.79,10.494,10.79,5610
10/14/2011,11.23,11.23,11.23,11.23,510
10/20/2011,10.46,10.46,10.46,10.46,350
10/24/2011,10.85,10.86,10.821,10.86,400
10/26/2011,10.63,10.63,10.63,10.63,180
10/27/2011,11.33,11.33,11.33,11.33,710
11/01/2011,10.689,10.689,10.65,10.65,1720
11/02/2011,10.54,10.54,10.54,10.54,510
11/11/2011,10.84,10.84,10.84,10.84,1010
11/14/2011,10.94,10.94,10.94,10.94,1010
11/16/2011,10.869,10.919,10.82,10.82,1210
11/17/2011,11.039,11.6,10.98,10.98,3260
11/18/2011,10.92,10.92,10.92,10.92,810
11/25/2011,10.64,10.64,10.64,10.64,100
12/06/2011,11.22,11.22,11.22,11.22,430
12/13/2011,10.39,10.39,10.39,10.39,180
12/15/2011,10.49,10.49,10.49,10.49,610
12/21/2011,10.492,10.64,10.492,10.64,700
12/22/2011,10.694,10.94,10.447,10.94,1060
12/30/2011,10.5,10.5,10.5,10.5,250
01/03/2012,11.26,11.26,11.26,11.26,1790
01/10/2012,12,12.01,11.48,11.54,6780
01/11/2012,11.54,11.54,11.54,11.54,800
01/13/2012,11.97,11.97,10.88,11.34,4200
01/17/2012,11.34,11.52,11.34,11.5199,1200
01/18/2012,11.52,11.83,11.52,11.83,1120
01/19/2012,12.1,12.1,12.1,12.1,420
01/23/2012,11.99,11.99,11.99,11.99,300
02/07/2012,12.88,12.88,12.88,12.88,300
02/08/2012,12.88,12.88,12.88,12.88,1000
02/10/2012,12.89,12.98,12.89,12.98,2000
02/13/2012,13.23,13.34,13.23,13.34,480
02/15/2012,13.08,13.11,12.75,12.82,2940
02/16/2012,12.46,12.7,12.39,12.7,1100
