09/07/2006,16.434,16.506,16.414,16.46,58990
09/08/2006,16.42,16.466,16.42,16.42,75290
09/11/2006,16.437,16.47,16.359,16.47,84210
09/12/2006,16.436,16.462,16.37,16.39,84980
09/13/2006,16.404,16.437,16.339,16.43,14450
09/14/2006,16.429,16.429,16.37,16.37,38570
09/15/2006,16.383,16.383,16.344,16.37,26580
09/18/2006,16.459,16.459,16.348,16.42,28580
09/19/2006,16.413,16.433,16.367,16.4,43790
09/20/2006,16.413,16.433,16.38,16.4,39970
09/21/2006,16.44,16.466,16.394,16.42,151580
09/22/2006,16.483,16.496,16.417,16.45,33800
09/25/2006,16.474,16.52,16.461,16.513,93570
09/26/2006,16.481,16.553,16.474,16.52,28400
09/27/2006,16.536,16.562,16.49,16.51,16290
09/28/2006,16.564,16.59,16.538,16.59,16900
09/29/2006,16.583,16.59,16.512,16.59,20750
10/02/2006,16.564,16.727,16.551,16.59,35490
10/03/2006,16.591,16.663,16.552,16.65,33340
10/04/2006,16.603,16.662,16.583,16.59,84490
10/05/2006,16.637,16.663,16.565,16.63,40880
10/06/2006,16.621,16.68,16.595,16.68,18600
10/09/2006,16.667,16.713,16.602,16.7,29320
10/10/2006,16.702,16.715,16.637,16.65,39780
10/11/2006,16.643,16.676,16.643,16.65,8290
10/12/2006,16.638,16.703,16.566,16.69,169880
10/13/2006,16.69,16.697,16.644,16.69,8770
10/16/2006,16.68,16.68,16.654,16.68,29320
10/17/2006,16.709,16.885,16.65,16.8,77580
10/18/2006,16.793,16.858,16.727,16.76,36880
10/19/2006,16.843,16.857,16.733,16.85,28420
10/20/2006,16.828,16.887,16.828,16.88,17980
10/23/2006,16.762,16.919,16.756,16.893,16880
10/24/2006,16.863,16.895,16.804,16.83,27510
10/25/2006,16.898,16.93,16.767,16.8,28860
10/26/2006,16.852,16.93,16.709,16.93,35940
10/27/2006,16.895,16.895,16.739,16.83,11500
10/30/2006,16.833,16.833,16.735,16.8,9530
10/31/2006,16.765,16.765,16.667,16.68,17820
11/01/2006,16.753,16.897,16.74,16.89,12780
11/02/2006,16.833,16.898,16.787,16.8,7380
11/03/2006,16.76,16.884,16.734,16.78,10160
11/06/2006,16.847,16.867,16.795,16.86,4290
11/07/2006,16.791,16.857,16.772,16.85,22570
11/08/2006,16.852,16.95,16.852,16.95,13970
11/09/2006,16.923,16.955,16.877,16.89,11200
11/10/2006,17.007,17.212,17.007,17.08,10700
11/13/2006,17.146,17.179,16.954,17.08,24890
11/14/2006,16.977,17.116,16.957,17.07,18130
11/15/2006,17.01,17.162,16.964,17.03,32620
11/16/2006,17.097,17.17,17.024,17.17,8310
11/17/2006,17.044,17.13,17.011,17.09,23280
11/20/2006,17.044,17.137,17.044,17.13,6940
11/21/2006,17.136,17.136,17.017,17.03,21740
11/22/2006,17.09,17.143,17.077,17.13,7090
11/24/2006,17.064,17.117,17.044,17.11,3620
11/27/2006,17.133,17.133,17.02,17.02,17190
11/28/2006,17.024,17.083,17.024,17.05,45890
11/29/2006,17.086,17.133,17.04,17.086,35460
11/30/2006,17.097,17.136,17.097,17.097,24780
12/01/2006,17.107,17.18,17.107,17.18,10120
12/04/2006,17.18,17.18,17.081,17.16,8140
12/05/2006,17.169,17.169,17.01,17.07,13140
12/06/2006,17.097,17.13,17.031,17.13,12850
12/07/2006,17.137,17.137,17.09,17.13,7540
12/08/2006,17.136,17.143,17.01,17.07,19020
12/11/2006,17.05,17.077,17.05,17.07,12510
12/12/2006,17.08,17.107,17.06,17.1,75660
12/13/2006,17.11,17.143,17.057,17.07,39280
12/14/2006,17.05,17.117,17.05,17.11,37010
12/15/2006,17.173,19.099,17.054,17.08,9960
12/18/2006,17.08,17.159,17.08,17.08,20070
12/19/2006,17.05,17.11,17.05,17.11,12530
12/20/2006,17.084,17.13,17.017,17.13,256870
12/21/2006,17.126,17.166,17.08,17.1,7080
12/22/2006,17.107,17.193,17.107,17.127,8900
12/26/2006,17.098,17.25,17.091,17.25,12380
12/27/2006,17.147,17.293,17.134,17.293,12820
12/28/2006,17.25,17.25,17.177,17.23,5430
12/29/2006,17.24,17.24,17.174,17.24,12540
01/03/2007,17.117,17.21,17.117,17.183,10420
01/04/2007,17.21,17.309,17.15,17.15,11920
01/05/2007,17.164,17.389,17.164,17.29,23560
01/08/2007,17.293,17.293,17.121,17.22,16780
01/09/2007,17.091,17.21,17.091,17.19,22850
01/10/2007,17.213,17.273,17.16,17.174,14500
01/11/2007,17.23,17.369,17.19,17.19,17190
01/12/2007,17.346,17.366,17.194,17.22,6340
01/16/2007,17.284,17.376,17.217,17.31,18400
01/17/2007,17.227,17.24,17.22,17.227,10100
01/18/2007,17.28,17.353,17.28,17.3,5270
01/19/2007,17.336,17.383,17.277,17.277,7550
01/22/2007,17.28,17.34,17.221,17.34,19340
01/23/2007,17.34,17.346,17.287,17.32,5430
01/24/2007,17.251,17.376,17.251,17.337,12810
01/25/2007,17.273,17.366,17.267,17.286,11160
01/26/2007,17.254,17.373,17.254,17.28,7080
01/29/2007,17.347,17.36,17.254,17.36,9360
01/30/2007,17.293,17.373,17.28,17.3,18580
01/31/2007,17.307,17.439,17.274,17.34,17520
02/01/2007,17.301,17.42,17.301,17.42,3030
02/02/2007,17.42,17.42,17.314,17.4,8450
02/05/2007,17.38,17.393,17.334,17.386,11490
02/06/2007,17.367,17.42,17.367,17.413,2560
02/07/2007,17.426,17.433,17.38,17.387,19020
02/08/2007,17.39,17.436,17.383,17.39,3010
02/09/2007,17.401,17.546,17.401,17.5,8320
02/12/2007,17.52,17.58,17.52,17.56,98250
02/13/2007,17.604,17.604,17.469,17.53,14830
02/14/2007,17.513,17.561,17.5,17.5,64250
02/15/2007,17.527,17.553,17.486,17.54,13950
02/16/2007,17.554,17.554,17.48,17.52,14700
02/20/2007,17.52,17.587,17.486,17.52,5640
02/21/2007,17.524,17.524,17.322,17.47,15590
02/22/2007,17.504,17.524,17.356,17.396,22550
02/23/2007,17.397,17.397,17.309,17.39,19870
02/26/2007,17.36,17.427,17.36,17.38,7700
02/27/2007,17.4,17.407,17.353,17.407,4600
02/28/2007,17.359,17.427,17.359,17.427,12610
03/01/2007,17.41,17.41,17.383,17.41,2520
03/02/2007,17.437,17.463,17.437,17.463,2530
03/05/2007,17.4,17.461,17.387,17.393,20470
03/06/2007,17.41,17.424,17.363,17.37,7870
03/07/2007,17.369,17.43,17.363,17.43,16040
03/08/2007,17.432,17.52,17.426,17.52,8920
03/09/2007,17.5,17.601,17.446,17.54,25240
03/12/2007,17.473,17.527,17.453,17.46,8160
03/13/2007,17.452,17.6,17.452,17.6,5070
03/14/2007,17.615,17.615,17.493,17.493,10240
03/15/2007,17.493,17.56,17.493,17.56,6530
03/16/2007,17.493,17.587,17.466,17.52,10690
03/19/2007,17.497,17.544,17.463,17.47,18980
03/20/2007,17.46,17.541,17.453,17.46,22420
03/21/2007,17.493,17.553,17.493,17.54,20040
03/22/2007,17.46,17.46,17.433,17.44,21370
03/23/2007,17.436,17.49,17.436,17.49,2380
03/26/2007,17.463,17.504,17.43,17.47,14990
03/27/2007,17.47,17.517,17.47,17.47,3570
03/28/2007,17.463,17.497,17.43,17.45,5360
03/29/2007,17.5,17.527,17.453,17.5,6400
03/30/2007,17.503,17.53,17.436,17.49,19590
04/02/2007,17.473,17.527,17.466,17.52,9500
04/03/2007,17.473,17.514,17.426,17.46,10850
04/04/2007,17.48,17.533,17.466,17.52,6690
04/05/2007,17.537,17.584,17.49,17.49,9940
04/09/2007,17.506,17.54,17.486,17.54,2680
04/10/2007,17.537,17.55,17.523,17.55,3410
04/11/2007,17.553,17.56,17.553,17.56,1630
04/12/2007,17.537,17.557,17.537,17.55,4910
04/13/2007,17.587,17.6,17.587,17.6,4450
04/16/2007,17.603,17.677,17.603,17.63,8160
04/17/2007,17.607,17.641,17.54,17.56,10980
04/18/2007,17.583,17.637,17.57,17.59,11280
04/19/2007,17.539,17.62,17.539,17.62,11890
04/20/2007,17.643,17.677,17.617,17.63,12460
04/23/2007,17.626,17.68,17.593,17.66,13080
04/24/2007,17.68,17.687,17.68,17.68,4750
04/25/2007,17.626,17.714,17.626,17.68,3570
04/26/2007,17.687,17.687,17.66,17.68,6240
04/27/2007,17.69,17.697,17.67,17.67,4150
04/30/2007,17.67,17.71,17.657,17.67,5360
05/01/2007,17.654,17.687,17.613,17.62,17830
05/02/2007,17.623,17.623,17.563,17.61,17360
05/03/2007,17.641,17.647,17.573,17.58,15930
05/04/2007,17.573,17.62,17.573,17.62,9050
05/07/2007,17.644,17.644,17.577,17.59,6390
05/08/2007,17.579,17.64,17.559,17.64,5640
05/09/2007,17.67,17.67,17.636,17.67,7720
05/10/2007,17.705,17.725,17.636,17.65,13580
05/11/2007,17.664,17.705,17.636,17.65,6430
05/14/2007,17.672,17.734,17.624,17.72,11960
05/15/2007,17.726,17.877,17.726,17.87,16040
05/16/2007,17.879,17.9,17.845,17.9,7750
05/17/2007,17.857,17.877,17.829,17.85,39070
05/18/2007,17.81,17.81,17.638,17.81,17060
05/21/2007,17.81,17.81,17.748,17.81,13570
05/22/2007,17.771,17.854,17.771,17.84,4960
05/23/2007,17.852,17.852,17.769,17.79,3510
05/24/2007,17.839,17.86,17.805,17.86,8610
05/25/2007,17.83,17.83,17.803,17.83,3220
05/29/2007,17.783,17.851,17.769,17.81,13730
05/30/2007,17.812,17.812,17.729,17.75,6570
05/31/2007,17.791,17.88,17.777,17.88,11240
06/01/2007,17.845,17.845,17.708,17.79,13430
06/04/2007,17.773,17.931,17.738,17.91,12390
06/05/2007,17.859,17.955,17.68,17.79,31790
06/06/2007,17.769,17.81,17.741,17.81,7450
06/07/2007,17.736,17.777,17.489,17.53,14140
06/08/2007,17.428,17.497,17.332,17.49,11800
06/11/2007,17.397,17.5,17.397,17.5,7590
06/12/2007,17.512,17.512,17.306,17.43,14890
06/13/2007,17.32,17.45,17.292,17.45,15450
06/14/2007,17.5,17.527,17.479,17.5,10650
06/15/2007,17.529,17.625,17.529,17.55,7720
06/18/2007,17.555,17.664,17.486,17.63,10060
06/19/2007,17.569,17.569,17.5,17.5,11210
06/20/2007,17.537,17.647,17.523,17.64,8320
06/21/2007,17.599,17.599,17.51,17.51,2930
06/22/2007,17.5,17.521,17.466,17.5,5230
06/25/2007,17.53,17.564,17.496,17.53,9920
06/26/2007,17.56,17.67,17.533,17.67,12240
06/27/2007,17.671,17.801,17.65,17.76,7150
06/28/2007,17.755,17.81,17.7,17.7,5100
06/29/2007,17.691,17.78,17.663,17.78,3360
07/02/2007,17.781,17.85,17.781,17.85,880
07/03/2007,17.844,17.864,17.72,17.72,3500
07/05/2007,17.712,17.74,17.568,17.63,7750
07/06/2007,17.702,17.846,17.64,17.64,3940
07/09/2007,17.64,17.777,17.564,17.77,8740
07/10/2007,17.779,17.834,17.69,17.69,7150
07/11/2007,17.709,17.771,17.647,17.75,8310
07/12/2007,17.73,17.73,17.73,17.73,890
07/13/2007,17.672,17.672,17.61,17.61,4360
07/16/2007,17.543,17.694,17.536,17.57,6140
07/17/2007,17.577,17.7,17.57,17.57,10660
07/18/2007,17.582,17.63,17.575,17.63,4680
07/19/2007,17.585,17.64,17.585,17.64,3350
07/20/2007,17.603,17.74,17.575,17.74,8320
07/23/2007,17.669,17.71,17.648,17.71,2180
07/24/2007,17.636,17.67,17.533,17.54,14160
07/25/2007,17.58,17.662,17.443,17.58,11100
07/26/2007,17.565,17.565,17.353,17.49,12540
07/27/2007,17.413,17.536,17.31,17.31,13130
07/30/2007,17.36,17.429,17.271,17.346,11220
07/31/2007,17.347,17.347,17.189,17.23,29430
08/01/2007,17.268,17.288,17.11,17.11,38640
08/02/2007,17.192,17.213,17.089,17.11,18380
08/03/2007,17.111,17.214,17.111,17.18,8900
08/06/2007,17.204,17.238,17.108,17.19,131450
08/07/2007,17.216,17.244,17.072,17.12,6410
08/08/2007,17.124,17.179,17.042,17.09,20420
08/09/2007,17.021,17.152,16.843,16.98,42120
08/10/2007,16.954,16.996,16.793,16.933,11420
08/13/2007,16.96,16.96,16.771,16.96,6990
08/14/2007,16.928,16.998,16.676,16.69,14860
08/15/2007,16.798,16.826,16.574,16.63,15290
08/16/2007,16.694,16.694,15.876,16.1,30710
08/17/2007,16.135,16.38,16.135,16.38,23700
08/20/2007,16.437,16.556,16.437,16.5,10310
08/21/2007,16.54,16.82,16.505,16.82,44320
08/22/2007,16.847,16.987,16.847,16.91,9300
08/23/2007,16.809,17.187,16.795,17.11,20980
08/24/2007,17.072,17.247,17.03,17.17,11130
08/27/2007,17.21,17.315,17.175,17.28,8560
08/28/2007,17.236,17.313,17.222,17.25,8150
08/29/2007,17.242,17.277,17.158,17.27,6420
08/30/2007,17.273,17.469,17.259,17.42,13590
08/31/2007,17.422,17.555,17.422,17.45,6710
09/04/2007,17.429,17.471,17.17,17.17,21600
09/05/2007,17.204,17.239,17.092,17.19,11710
09/06/2007,17.252,17.294,17.189,17.196,12160
09/07/2007,17.219,17.31,17.184,17.31,7140
09/10/2007,17.338,17.352,17.226,17.31,85170
09/11/2007,17.246,17.337,17.176,17.19,13290
09/12/2007,17.287,17.301,17.126,17.14,6560
09/13/2007,17.172,17.277,17.165,17.27,17440
09/14/2007,17.142,17.282,17.142,17.17,6440
09/17/2007,17.165,17.34,17.137,17.34,8420
09/18/2007,17.267,17.421,17.267,17.4,5300
09/19/2007,17.275,17.478,17.275,17.38,40470
09/20/2007,17.361,17.424,17.284,17.41,13290
09/21/2007,17.42,17.49,17.392,17.49,6560
09/24/2007,17.408,17.45,17.345,17.45,4690
09/25/2007,17.487,17.487,17.347,17.48,23890
09/26/2007,17.495,17.495,17.32,17.32,25460
09/27/2007,17.392,17.448,17.315,17.42,11010
09/28/2007,17.316,17.61,17.309,17.61,12860
10/01/2007,17.648,17.648,17.55,17.55,5860
10/02/2007,17.591,17.64,17.521,17.64,7420
10/03/2007,17.584,17.64,17.584,17.64,4710
10/04/2007,17.542,17.64,17.542,17.64,8990
10/05/2007,17.66,17.8,17.66,17.66,7280
10/08/2007,17.805,17.868,17.7,17.7,8440
10/09/2007,17.77,17.777,17.7,17.77,1850
10/10/2007,17.84,17.84,17.84,17.84,140
10/11/2007,17.697,17.767,17.697,17.76,4280
10/12/2007,17.837,17.963,17.837,17.9,6290
10/15/2007,17.873,18.02,17.775,18.02,9580
10/16/2007,18.115,18.115,17.94,17.94,4300
10/17/2007,17.903,18.05,17.777,17.98,7720
10/18/2007,18.04,18.082,17.69,17.69,24870
10/19/2007,17.674,17.751,17.674,17.73,3990
10/22/2007,17.679,17.77,17.679,17.77,1130
10/23/2007,17.772,17.779,17.66,17.66,10710
10/24/2007,17.673,17.708,17.603,17.603,7880
10/25/2007,17.646,17.681,17.59,17.59,13860
10/26/2007,17.561,17.659,17.561,17.61,18730
10/29/2007,17.631,17.771,17.631,17.75,3410
10/30/2007,17.785,17.96,17.771,17.96,14840
10/31/2007,17.882,18.064,17.854,17.875,11860
11/01/2007,17.814,17.905,17.8,17.8,9560
11/02/2007,17.84,17.84,17.735,17.742,5430
11/05/2007,17.639,17.8,17.632,17.8,5140
11/06/2007,17.841,17.841,17.561,17.575,20000
11/07/2007,17.621,17.628,17.306,17.46,9280
11/08/2007,17.422,17.478,17.394,17.436,7010
11/09/2007,17.524,17.531,17.332,17.41,15410
11/12/2007,17.363,17.491,17.163,17.22,17240
11/13/2007,17.26,17.41,17.203,17.267,11480
11/14/2007,17.239,17.36,17.132,17.36,10500
11/15/2007,16.727,17.397,16.727,17.29,7850
11/16/2007,17.361,17.361,17.076,17.24,101960
11/19/2007,17.224,17.238,16.975,17.16,16940
11/20/2007,17.053,17.196,17.053,17.146,11630
11/21/2007,17.251,17.28,16.981,17.28,9100
11/23/2007,17.11,17.11,17.01,17.11,5600
11/26/2007,17.154,17.154,17.004,17.004,11070
11/27/2007,17.148,17.39,17.148,17.39,7700
11/28/2007,17.383,17.425,17.204,17.333,14420
11/29/2007,17.42,17.42,17.241,17.241,2380
11/30/2007,17.179,17.457,17.022,17.25,10220
12/03/2007,17.109,17.351,17.073,17.28,31830
12/04/2007,17.154,17.326,17.154,17.24,10510
12/05/2007,17.324,18.208,17.303,17.303,25180
12/06/2007,17.259,17.558,17.259,17.48,13180
12/07/2007,17.324,17.68,17.324,17.68,14700
12/10/2007,17.509,17.758,17.338,17.58,6590
12/11/2007,17.577,17.777,17.527,17.62,13190
12/12/2007,17.506,17.549,17.491,17.491,2380
12/13/2007,17.404,17.404,17.269,17.29,12180
12/14/2007,17.271,17.329,17.172,17.3,19900
12/17/2007,17.326,17.326,17.02,17.02,67290
12/18/2007,17.525,17.547,17.155,17.39,11720
12/19/2007,17.359,17.423,16.86,16.867,21420
12/20/2007,16.831,17.002,16.624,16.66,11760
12/21/2007,16.643,16.942,16.614,16.65,12610
12/24/2007,16.642,16.899,16.635,16.891,11760
12/26/2007,16.986,16.986,16.807,16.907,10910
12/27/2007,16.941,17.126,16.428,16.72,28310
12/28/2007,16.65,16.9,16.643,16.9,12330
12/31/2007,17.076,17.19,16.769,17.19,7840
01/02/2008,17.23,17.43,17.223,17.43,5880
01/03/2008,17.512,17.84,17.177,17.64,20040
01/04/2008,17.674,17.674,17.439,17.56,6310
01/07/2008,17.654,17.661,17.469,17.59,9380
01/08/2008,17.634,17.691,17.291,17.32,12050
01/09/2008,17.464,17.692,17.464,17.5,9660
01/10/2008,17.371,17.812,17.164,17.62,16110
01/11/2008,17.502,18.03,17.189,18.03,15840
01/14/2008,17.991,18.062,17.571,17.82,6300
01/15/2008,17.818,17.854,17.647,17.69,6860
01/16/2008,17.834,17.92,17.656,17.834,4480
01/17/2008,17.72,17.863,17.584,17.67,6160
01/18/2008,17.614,17.857,17.579,17.7,16390
01/22/2008,17.574,17.681,17.51,17.61,6580
01/23/2008,17.586,17.821,17.493,17.8,8820
01/24/2008,17.826,17.826,17.562,17.74,9240
01/25/2008,17.717,17.86,17.61,17.81,7570
01/28/2008,17.817,17.86,17.817,17.86,7710
01/29/2008,17.685,18.005,17.685,17.82,13720
01/30/2008,17.99,17.997,17.47,17.47,13750
01/31/2008,17.518,17.974,17.518,17.96,19470
02/01/2008,17.997,18.539,17.99,18.51,22270
02/04/2008,18.333,18.568,18.197,18.29,9110
02/05/2008,18.144,18.265,17.93,17.93,4760
02/06/2008,18.301,18.301,17.795,18.08,20860
02/07/2008,17.904,18.531,17.904,18.496,15140
02/08/2008,18.176,18.44,18.176,18.44,2800
02/11/2008,18.464,18.464,17.929,18.2,5740
02/12/2008,18.153,18.553,17.819,18.03,17110
02/13/2008,17.992,18.152,17.941,18.05,7740
02/14/2008,18.159,18.595,18.123,18.29,9940
02/15/2008,18.138,18.4,17.978,18.16,4830
02/19/2008,18.16,18.283,17.906,18.16,6350
02/20/2008,18.339,18.339,18.157,18.23,7870
02/21/2008,18.188,18.377,18.188,18.377,5130
02/22/2008,18.168,18.335,17.972,18.11,10080
02/25/2008,17.905,18.18,17.89,17.89,7590
02/26/2008,18.032,18.047,17.72,17.8,10630
02/27/2008,17.684,17.822,17.64,17.64,5400
02/28/2008,17.715,17.962,17.715,17.94,8000
02/29/2008,17.937,17.937,17.85,17.85,8550
03/03/2008,17.686,18.02,17.686,17.94,5360
03/04/2008,17.778,18.12,17.648,17.88,13820
03/05/2008,17.727,17.88,17.553,17.72,5530
03/06/2008,17.781,18.152,17.658,17.97,10790
03/07/2008,17.786,17.997,17.757,17.83,4560
03/10/2008,17.783,17.913,17.492,17.63,10890
03/11/2008,17.663,17.677,17.336,17.474,10760
03/12/2008,17.506,17.506,17.325,17.47,6890
03/13/2008,17.412,17.462,17.136,17.31,6490
03/14/2008,17.396,17.418,17.324,17.36,3040
03/17/2008,17.152,17.188,16.788,16.89,13100
03/18/2008,16.973,17.205,16.973,17.14,13090
03/19/2008,17.206,18.085,17.206,17.54,4970
03/20/2008,17.719,18.082,17.428,17.61,20140
03/24/2008,17.789,18.152,17.368,17.39,27440
03/25/2008,17.573,18.146,17.573,18.11,17920
03/26/2008,18.364,18.364,17.936,18.19,9800
03/27/2008,18.326,18.326,17.788,17.97,14490
03/28/2008,18.152,18.166,18.108,18.13,6080
03/31/2008,18.037,18.357,17.79,17.87,9930
04/01/2008,17.756,18.366,17.756,18.01,12300
04/02/2008,18.082,18.292,17.864,17.98,11720
04/03/2008,18.01,18.235,17.937,18.01,15380
04/04/2008,18.118,18.118,18.016,18.06,5530
04/07/2008,18.008,18.291,17.95,17.95,10090
04/08/2008,18.054,18.054,17.88,17.88,6350
04/09/2008,17.877,18.088,17.877,17.95,4970
04/10/2008,17.887,18.069,17.793,17.8,18310
04/11/2008,17.8,17.982,17.684,17.8,13350
04/14/2008,17.812,17.812,17.688,17.79,11310
04/15/2008,17.683,17.726,17.683,17.69,1930
04/16/2008,17.755,18.074,17.697,17.9,6490
04/17/2008,17.904,18.078,17.802,17.94,13550
04/18/2008,18.009,18.118,17.922,18.06,14770
04/21/2008,18.077,18.077,17.896,17.99,8890
04/22/2008,17.855,18.058,17.84,17.92,8980
04/23/2008,17.757,17.931,17.757,17.88,9640
04/24/2008,17.841,17.935,17.667,17.79,8310
04/25/2008,17.889,17.94,17.795,17.94,4130
04/28/2008,17.817,17.94,17.795,17.94,3790
04/29/2008,17.94,18.071,17.911,17.94,7020
04/30/2008,18.071,18.281,17.867,17.94,11450
05/01/2008,17.954,18.157,17.932,18.15,5530
05/02/2008,18.007,18.253,18.007,18.13,10210
05/05/2008,18.086,18.369,18.086,18.34,13400
05/06/2008,18.22,18.22,17.98,17.98,15990
05/07/2008,18.012,18.15,17.954,18.07,7600
05/08/2008,18.131,18.32,17.993,18.08,8420
05/09/2008,18.203,18.217,18.043,18.21,5380
05/12/2008,18.311,18.385,18.03,18.03,11640
05/13/2008,18.012,18.152,18.012,18.13,8350
05/14/2008,18.241,18.485,17.997,18.13,13250
05/15/2008,18.196,18.395,18.136,18.24,7870
05/16/2008,18.309,18.561,18.309,18.42,11440
05/19/2008,18.503,18.637,18.133,18.57,20550
05/20/2008,18.291,18.698,18.291,18.55,10000
05/21/2008,18.538,18.575,18.353,18.39,11610
05/22/2008,18.395,18.58,18.284,18.58,4130
05/23/2008,18.292,18.618,18.285,18.44,4710
05/27/2008,18.365,18.58,18.299,18.38,5260
05/28/2008,18.347,18.48,18.288,18.48,3350
05/29/2008,18.333,18.481,18.333,18.34,11130
05/30/2008,18.365,18.491,18.128,18.38,19200
06/02/2008,18.344,18.61,18.21,18.61,4640
06/03/2008,18.37,18.555,18.37,18.4,7200
06/04/2008,18.279,18.442,18.279,18.42,6140
06/05/2008,18.331,18.39,18.138,18.39,6350
06/06/2008,18.18,18.52,18.135,18.52,4460
06/09/2008,18.516,18.76,18.139,18.42,18480
06/10/2008,18.396,18.833,18.13,18.13,18750
06/11/2008,18.271,18.485,18.13,18.13,7510
06/12/2008,18.574,18.699,18.448,18.47,4850
06/13/2008,18.408,18.497,18.29,18.29,3430
06/16/2008,18.872,18.909,18.576,18.576,12240
06/17/2008,18.653,18.86,18.535,18.69,17520
06/18/2008,18.689,18.689,18.26,18.26,5440
06/19/2008,18.211,18.315,18.13,18.13,7430
06/20/2008,18.13,18.529,18.13,18.3,13870
06/23/2008,18.358,18.358,18.136,18.21,4880
06/24/2008,18.204,18.234,18.13,18.13,9010
06/25/2008,18.135,18.261,17.839,17.95,30220
06/26/2008,17.973,18.284,17.973,18.21,10920
06/27/2008,18.132,18.28,18.132,18.28,6490
06/30/2008,18.276,18.29,17.758,17.95,5270
07/01/2008,17.819,17.819,16.702,17.39,8400
07/02/2008,17.389,17.389,17.278,17.3,3620
07/03/2008,17.131,17.131,17.02,17.02,2060
07/07/2008,17.03,17.282,17.023,17.06,12480
07/08/2008,17.102,17.176,16.835,17.05,10360
07/09/2008,16.839,17.283,16.839,16.95,12960
07/10/2008,17.047,17.077,16.84,16.84,7340
07/11/2008,16.907,17.018,16.863,16.87,4750
07/14/2008,16.907,17.084,16.84,16.84,11670
07/15/2008,16.836,16.836,16.281,16.54,46640
07/16/2008,16.621,16.695,15.652,16.54,24810
07/17/2008,16.719,17.859,16.719,17.43,14130
07/18/2008,17.428,18.331,17.428,18.05,4200
07/21/2008,18.275,18.489,17.216,18.06,10740
07/22/2008,18.047,18.047,17.854,17.98,9640
07/23/2008,17.986,18.304,17.653,18.06,9760
07/24/2008,17.849,18.13,17.686,17.93,19850
07/25/2008,17.842,18.153,17.45,17.45,18780
07/28/2008,17.888,18.302,17.762,18.08,25540
07/29/2008,17.892,18.314,17.892,18.04,17030
07/30/2008,17.983,18.242,17.584,18.05,20950
07/31/2008,17.765,18.246,17.765,17.95,5840
08/01/2008,17.965,18.35,17.965,18.35,5380
08/04/2008,18.578,18.622,18.319,18.43,6920
08/05/2008,18.454,18.462,18.129,18.21,9230
08/06/2008,18.43,18.43,18.23,18.26,4280
08/07/2008,18.283,18.431,17.994,18.32,15000
08/08/2008,18.169,18.354,18.161,18.25,5740
08/11/2008,18.289,18.43,18.134,18.43,9240
08/12/2008,18.294,18.709,18.15,18.52,32250
08/13/2008,18.326,18.401,17.745,17.76,11450
08/14/2008,17.911,17.911,17.745,17.76,6920
08/15/2008,17.88,18.038,17.563,17.88,8540
08/18/2008,17.877,17.937,17.56,17.56,2790
08/19/2008,17.559,17.801,17.559,17.71,17650
08/20/2008,17.916,17.916,17.66,17.66,12970
08/21/2008,17.663,17.67,17.565,17.64,3790
08/22/2008,17.573,17.898,17.558,17.89,39440
08/25/2008,17.678,17.761,17.557,17.58,6370
08/26/2008,17.559,17.733,17.559,17.71,16860
08/27/2008,17.572,17.738,17.572,17.58,47940
08/28/2008,17.74,17.808,17.604,17.755,20610
08/29/2008,17.78,17.78,17.727,17.78,9020
09/02/2008,17.858,17.948,17.722,17.82,32060
09/03/2008,17.928,17.928,17.784,17.898,10240
09/04/2008,17.873,17.873,17.715,17.73,20140
09/05/2008,17.73,17.904,17.572,17.67,20160
09/08/2008,17.871,17.871,17.161,17.35,20200
09/09/2008,17.231,17.231,16.25,16.28,9170
09/10/2008,16.75,16.893,16.267,16.35,18190
09/11/2008,16.573,16.573,16.029,16.12,23020
09/12/2008,16.152,16.499,16.152,16.16,10690
09/15/2008,16.025,16.101,15.422,15.55,20840
09/16/2008,15.244,15.388,13.577,14.49,29590
09/17/2008,14.592,14.592,13.574,13.77,40980
09/18/2008,14.4,15.461,13.406,15.37,35900
09/19/2008,15.391,16.221,15.316,15.58,74590
09/22/2008,15.409,15.756,15.1,15.1,45570
09/23/2008,15.103,15.103,14.341,14.56,13810
09/24/2008,15.391,15.422,13.958,15.15,49320
09/25/2008,15.075,15.837,15.075,15.46,19270
09/26/2008,15.8,15.823,14.707,15.77,8330
09/29/2008,15.827,15.827,14.288,15.02,12490
09/30/2008,14.34,15.698,14.34,15.69,16820
10/01/2008,15.631,15.653,15.125,15.54,10010
10/02/2008,15.535,15.535,14.042,15.46,22960
10/03/2008,15.528,15.641,14.819,15.46,16380
10/06/2008,15.083,15.271,14.034,14.14,24880
10/07/2008,14.178,15.083,13.574,14.14,35320
10/08/2008,13.887,14.579,13.856,14.01,19670
10/09/2008,14.5,14.5,13.406,13.49,14680
10/10/2008,11.498,12.441,11.295,11.31,29810
10/13/2008,12.788,13.557,12.411,13.15,30190
10/14/2008,13.365,14.406,13.206,14.3,14020
10/15/2008,13.881,14.259,13.881,14.07,14290
10/16/2008,14.516,14.516,13.482,13.95,21850
10/17/2008,14.335,14.713,14.237,14.26,6910
10/20/2008,14.269,14.518,14.269,14.48,16130
10/21/2008,14.593,14.713,14.261,14.57,39130
10/22/2008,14.694,14.694,14.264,14.46,25600
10/23/2008,14.507,14.741,14.492,14.56,15030
10/24/2008,14.632,14.685,14.218,14.64,13550
10/27/2008,14.732,14.891,14.732,14.77,25500
10/28/2008,14.897,15.093,14.633,15.01,27980
10/29/2008,14.718,15.11,14.718,15.11,20560
10/30/2008,15.097,15.285,15.036,15.24,13930
10/31/2008,15.284,15.465,15.284,15.42,26430
11/03/2008,15.465,15.51,15.397,15.51,22950
11/04/2008,16.895,16.895,15.545,15.62,17020
11/05/2008,15.577,15.622,15.23,15.26,11160
11/06/2008,15.211,15.566,15.143,15.46,42270
11/07/2008,15.46,15.791,15.158,15.52,18770
11/10/2008,15.54,15.653,15.54,15.6,11350
11/11/2008,15.655,15.798,15.466,15.67,15280
11/12/2008,15.788,15.919,15.278,15.78,35110
11/13/2008,15.513,16.424,15.127,15.59,9910
11/14/2008,15.361,15.963,15.145,15.33,10950
11/17/2008,15.319,15.62,15.165,15.62,13570
11/18/2008,15.285,15.817,15.285,15.74,25210
11/19/2008,15.732,15.74,15.13,15.74,17070
11/20/2008,15.103,15.219,13.842,13.858,49130
11/21/2008,13.894,14.573,13.531,14.38,9220
11/24/2008,14.722,14.722,14.444,14.66,12280
11/25/2008,14.474,15.069,14.243,15.03,9500
11/26/2008,14.859,15.33,14.859,15.33,11990
11/28/2008,15.163,15.425,14.816,15.41,7330
12/01/2008,15.052,15.43,14.434,15.43,9490
12/02/2008,15.05,15.05,14.528,15.05,9320
12/03/2008,14.548,15.05,14.548,15.05,18100
12/04/2008,14.807,14.93,14.629,14.66,10700
12/05/2008,14.664,15.436,14.664,14.78,6840
12/08/2008,14.55,15.43,14.38,15.43,7060
12/09/2008,15.271,15.51,15.047,15.51,12050
12/10/2008,15.731,15.731,15.384,15.43,8260
12/11/2008,15.735,15.913,15.596,15.82,10140
12/12/2008,15.29,15.73,14.912,15.73,7180
12/15/2008,15.375,15.391,14.905,15.36,13240
12/16/2008,15.3,15.74,14.953,15.74,13890
12/17/2008,15.732,15.74,15.022,15.74,10780
12/18/2008,15.655,15.686,15.382,15.686,24830
12/19/2008,15.509,15.74,15.408,15.74,6510
12/22/2008,15.74,15.74,15.601,15.74,9920
12/23/2008,15.597,16.547,15.286,16.454,12650
12/24/2008,16.316,16.98,15.514,16.98,11770
12/26/2008,16.917,17.735,16.632,17.55,15650
12/29/2008,17.507,17.746,15.84,16.01,15910
12/30/2008,16.107,17.179,15.937,16.23,19240
12/31/2008,16.13,17.557,16.091,17.21,7790
01/02/2009,17.325,18.074,17.318,18.02,11230
01/05/2009,17.73,18.293,17.382,18.1,11560
01/06/2009,17.648,18.674,17.648,18.52,18990
01/07/2009,18.008,18.44,17.915,18.44,5020
01/08/2009,17.94,18.48,17.747,18.48,11310
01/09/2009,17.932,18.789,17.932,18.21,11180
01/12/2009,17.946,18.833,17.946,18.81,10550
01/13/2009,18.803,18.803,17.375,17.9,17670
01/14/2009,17.522,18.41,17.144,18.41,6190
01/15/2009,17.94,18.21,17.168,18.21,6930
01/16/2009,17.702,18.049,17.224,17.98,19460
01/20/2009,17.9,18.193,17.838,18.17,12340
01/21/2009,17.829,18.408,17.281,18.4,18250
01/22/2009,18.278,18.88,17.931,18.88,6680
01/23/2009,18.255,18.525,17.645,18.51,8880
01/26/2009,18.504,18.519,17.516,18.01,18330
01/27/2009,17.75,18.491,17.642,18.02,13310
01/28/2009,18.176,18.33,17.867,18.33,5510
01/29/2009,18.131,18.88,17.985,18,19810
01/30/2009,18.212,18.312,17.448,17.98,11390
02/02/2009,17.549,18.02,17.441,18.02,17300
02/03/2009,18.049,18.52,17.98,18.52,10480
02/04/2009,18.322,18.608,18.276,18.6,5850
02/05/2009,18.323,18.871,18.092,18.47,14150
02/06/2009,18.523,18.816,18.23,18.6,8390
02/09/2009,18.339,18.949,17.984,18.81,22390
02/10/2009,18.602,18.795,18.532,18.71,6260
02/11/2009,18.891,19.222,17.986,18.01,19490
02/12/2009,18.246,18.411,17.766,17.9,7870
02/13/2009,17.782,18.64,17.617,18.64,10810
02/17/2009,17.668,18.062,17.424,17.81,11750
02/18/2009,17.47,17.485,16.722,16.84,11680
02/19/2009,16.529,16.844,15.372,16.34,26230
02/20/2009,16.328,16.328,15.62,15.62,25910
02/23/2009,15.289,15.73,14.282,14.29,18080
02/24/2009,14.363,15.032,14.276,14.52,21040
02/25/2009,14.765,15.253,14.718,15.19,8830
02/26/2009,15.382,15.5,15.201,15.5,6820
02/27/2009,15.329,15.566,15.329,15.361,10770
03/02/2009,15.186,15.43,14.738,15.21,25900
03/03/2009,14.751,15.184,14.539,14.83,20450
03/04/2009,14.614,15.031,14.599,14.63,21380
03/05/2009,14.753,14.753,13.698,14.32,23690
03/06/2009,14.283,14.48,13.614,14.48,46770
03/09/2009,14.019,14.413,13.689,13.98,27930
03/10/2009,14.376,14.549,14.21,14.47,9550
03/11/2009,14.313,14.549,14.281,14.36,17020
03/12/2009,14.481,14.56,14.308,14.56,23520
03/13/2009,14.624,14.883,14.6,14.6,19980
03/16/2009,14.87,14.894,14.241,14.65,29070
03/17/2009,14.923,14.939,14.294,14.64,25620
03/18/2009,15.026,15.026,14.46,14.46,25440
03/19/2009,15.263,15.263,14.46,14.46,27010
03/20/2009,14.838,14.838,14.523,14.83,23980
03/23/2009,15.325,15.671,14.971,15.27,16180
03/24/2009,15.499,16.286,15.018,15.9,26350
03/25/2009,16.262,16.648,16.019,16.05,9920
03/26/2009,16.058,16.507,16.058,16.42,12970
03/27/2009,16.719,16.719,16.058,16.2,8560
03/30/2009,16.442,16.442,15.159,15.86,27200
03/31/2009,16.291,16.385,15.409,15.74,12620
04/01/2009,15.743,16.073,15.436,15.9,5440
04/02/2009,16.16,16.656,16.16,16.53,7960
04/03/2009,16.248,17.31,16.248,17.31,6720
04/06/2009,17.3,17.843,17.269,17.78,14420
04/07/2009,17.639,18.024,17.615,17.67,9940
04/08/2009,17.672,17.672,16.806,17.53,12140
04/09/2009,17.373,17.569,17.365,17.569,15160
04/13/2009,17.544,18.48,17.458,18.26,16260
04/14/2009,18.261,18.497,17.875,18.3,8650
04/15/2009,18.292,18.292,18.064,18.08,10900
04/16/2009,18.244,18.37,17.859,18.37,5520
04/17/2009,17.867,17.883,17.34,17.45,9380
04/20/2009,17.863,17.942,17.431,17.47,5440
04/21/2009,17.319,17.83,17.319,17.83,8730
04/22/2009,17.474,17.86,17.388,17.86,4290
04/23/2009,17.979,17.979,17.444,17.79,6440
04/24/2009,17.791,18.004,17.5,17.98,5900
04/27/2009,17.993,18.536,17.993,18.19,10080
04/28/2009,17.891,18.143,17.584,17.93,9850
04/29/2009,17.93,18.269,17.93,18.08,7220
04/30/2009,18.259,18.259,17.401,17.7,19360
05/01/2009,17.882,17.945,17.575,17.78,10570
05/04/2009,17.748,18.078,17.748,17.96,10540
05/05/2009,18.155,18.384,18.022,18.36,8160
05/06/2009,18.528,18.528,17.977,18.3,13690
05/07/2009,18.261,18.497,18.143,18.45,6660
05/08/2009,18.529,18.749,18.025,18.34,21120
05/11/2009,18.345,18.652,17.912,18.14,19960
05/12/2009,17.959,18.224,17.927,18.16,8140
05/13/2009,18.313,18.474,18.08,18.08,7250
05/14/2009,18.265,18.674,17.959,18.12,9570
05/15/2009,18.318,18.68,18.318,18.68,8470
05/18/2009,18.991,19.328,18.645,19.28,9200
05/19/2009,18.962,19.075,18.231,18.48,11500
05/20/2009,18.718,18.839,18.14,18.14,18430
05/21/2009,17.884,18.238,17.37,17.37,11620
05/22/2009,17.397,17.83,17.397,17.75,8000
05/26/2009,17.627,17.86,17.37,17.37,19760
05/27/2009,17.561,17.874,17.553,17.85,8940
05/28/2009,17.943,17.943,17.67,17.79,4800
05/29/2009,17.957,17.957,17.7,17.7,10520
06/01/2009,17.578,17.69,17.457,17.61,7600
06/02/2009,17.587,18.688,17.587,18.68,14470
06/03/2009,18.341,18.63,18.277,18.63,7400
06/04/2009,18.494,18.631,18.004,18.47,7810
06/05/2009,18.478,18.88,18.245,18.88,6850
06/08/2009,18.676,18.676,18.226,18.66,9970
06/09/2009,18.471,18.865,18.439,18.72,5880
06/10/2009,18.584,19.283,18.584,18.6,16360
06/11/2009,18.638,19.241,18.574,19,14310
06/12/2009,19.161,19.161,18.638,19.04,5470
06/15/2009,18.737,19.13,18.737,19.09,3740
06/16/2009,18.878,19.159,18.717,18.87,6930
06/17/2009,19.001,19.009,17.94,18.35,12290
06/18/2009,17.444,17.95,17.291,17.95,17250
06/19/2009,17.974,18.054,17.902,18.03,2740
06/22/2009,17.881,18.026,17.793,18.01,6670
06/23/2009,18.037,18.615,17.804,17.9,8230
06/24/2009,17.407,18.05,17.407,18.05,7430
06/25/2009,17.87,18.07,17.87,17.95,5810
06/26/2009,18.099,18.87,18.099,18.87,3710
06/29/2009,18.646,19.272,18.646,19.16,5650
06/30/2009,18.917,19.23,18.756,19.23,14400
07/01/2009,19.037,19.23,18.893,19.23,5190
07/02/2009,18.897,19.234,18.881,19.13,5940
07/06/2009,18.878,19.24,18.862,19.24,9390
07/07/2009,19.074,19.146,18.985,19.13,4500
07/08/2009,18.915,19.148,18.915,19.14,5190
07/09/2009,19.152,19.16,19.039,19.16,10950
07/10/2009,18.954,19.251,18.954,19.05,11630
07/13/2009,19.162,19.25,19.138,19.25,7860
07/14/2009,19.248,19.28,19.055,19.28,7020
07/15/2009,19.119,19.28,19.119,19.28,9950
07/16/2009,19.163,19.484,19.147,19.46,9000
07/17/2009,21.07,21.07,20.01,20.11,56560
07/20/2009,20.93,20.93,20.1,20.31,44800
07/21/2009,20.33,20.4,20.08,20.15,26640
07/22/2009,20.2,20.5,20.08,20.19,17820
07/23/2009,20.09,20.23,20.08,20.08,17410
07/24/2009,20.08,20.32,20.05,20.32,26210
07/27/2009,20.75,20.76,20.19,20.36,4860
07/28/2009,20.24,20.34,20.14,20.16,11770
07/29/2009,20.47,20.47,20.26,20.26,23870
07/30/2009,20.2,20.36,20.16,20.18,15850
07/31/2009,20.39,20.64,20.29,20.4,14670
08/03/2009,20.49,20.49,20.29,20.43,9860
08/04/2009,20.48,20.87,20.35,20.87,14770
08/05/2009,20.62,20.68,20.35,20.49,13260
08/06/2009,20.47,20.72,20.41,20.48,17030
08/07/2009,20.72,20.88,20.53,20.77,16290
08/10/2009,20.85,20.85,20.75,20.85,10210
08/11/2009,20.82,20.84,20.62,20.68,19410
08/12/2009,20.87,21.22,20.78,20.97,36450
08/13/2009,20.94,21.11,20.61,20.68,14410
08/14/2009,20.75,20.91,20.7,20.89,17850
08/17/2009,21.03,21.06,20.74,20.79,18040
08/18/2009,20.74,20.87,20.66,20.83,21130
08/19/2009,20.61,20.79,20.6,20.66,13500
08/20/2009,20.84,20.84,20.56,20.62,22640
08/21/2009,20.86,20.86,20.67,20.83,9540
08/24/2009,20.85,20.9,20.73,20.78,16100
08/25/2009,20.9,20.95,20.83,20.95,16100
08/26/2009,20.95,20.95,20.86,20.86,8320
08/27/2009,20.86,21.03,20.75,20.9,23960
08/28/2009,21.07,21.07,20.75,21.02,16160
08/31/2009,20.93,21.04,20.86,21.04,9930
09/01/2009,21.09,21.09,20.77,20.81,10400
09/02/2009,21.16,21.16,20.75,20.75,13930
09/03/2009,20.97,20.97,20.76,20.95,11820
09/04/2009,20.84,20.9,20.81,20.9,9820
09/08/2009,20.96,21.05,20.72,20.97,14730
09/09/2009,21.02,21.08,20.89,20.95,14860
09/10/2009,21.05,21.05,20.79,20.82,16750
09/11/2009,20.84,21.12,20.84,21.12,16390
09/14/2009,21.13,21.13,21.01,21.04,8940
09/15/2009,21.13,21.21,21.03,21.21,8310
09/16/2009,21.2,21.22,21.11,21.22,11450
09/17/2009,21.22,21.22,21.11,21.19,17110
09/18/2009,21.19,21.45,21.19,21.45,39320
09/21/2009,21.46,21.46,21.11,21.17,18790
09/22/2009,21.36,21.36,20.95,21.21,29600
09/23/2009,21.27,21.38,21.14,21.35,12100
09/24/2009,21.42,21.42,21.24,21.4,14030
09/25/2009,21.43,21.45,21.27,21.45,16040
09/28/2009,21.44,21.45,21.23,21.42,18120
09/29/2009,21.23,21.38,21.23,21.27,16110
09/30/2009,21.28,21.44,21.22,21.44,10310
10/01/2009,21.42,21.62,21.39,21.62,29720
10/02/2009,21.6,21.6,21.39,21.44,24490
10/05/2009,21.56,21.56,21.45,21.45,7900
10/06/2009,21.56,21.56,21.32,21.37,20470
10/07/2009,21.47,21.48,21.29,21.44,8270
10/08/2009,21.33,21.42,21.26,21.31,18560
10/09/2009,21.41,21.41,21.19,21.35,9280
10/12/2009,21.48,21.63,21.31,21.51,14330
10/13/2009,21.63,21.63,21.5,21.56,10100
10/14/2009,20.69,21.55,20.69,21.44,12000
10/15/2009,21.43,21.52,21.32,21.32,14300
10/16/2009,21.48,21.48,21.27,21.39,8980
10/19/2009,22.06,22.06,21.33,21.35,13230
10/20/2009,21.35,21.44,21.34,21.37,5510
10/21/2009,21.34,21.48,21.34,21.48,4060
10/22/2009,21.31,21.53,21.31,21.51,11110
10/23/2009,21.32,21.39,21.32,21.39,8730
10/26/2009,21.43,21.53,21.4,21.41,8680
10/27/2009,21.46,21.63,21.37,21.44,7650
10/28/2009,21.59,21.59,21.35,21.37,10290
10/29/2009,21.36,21.41,21.27,21.31,12300
10/30/2009,21.32,21.32,21.11,21.25,12510
11/02/2009,21.19,21.28,21.11,21.28,8910
11/03/2009,21.26,21.26,21.13,21.15,6060
11/04/2009,21.27,21.28,21.21,21.23,7430
11/05/2009,21.29,21.3,21.2,21.27,11530
11/06/2009,21.16,21.32,21.13,21.22,13980
11/09/2009,21.21,21.57,21.17,21.55,25700
11/10/2009,21.79,21.85,21.53,21.53,14290
11/11/2009,21.66,21.66,21.49,21.5,6700
11/12/2009,21.5,21.53,21.24,21.41,8990
11/13/2009,21.51,21.53,21.19,21.53,5600
11/16/2009,21.43,21.51,21.41,21.49,13510
11/17/2009,21.49,21.49,21.09,21.47,12560
11/18/2009,21.16,21.4,21.11,21.33,9510
11/19/2009,21.23,21.23,20.99,21.16,91400
11/20/2009,21.16,21.24,20.99,21.24,16560
11/23/2009,21.36,21.36,21.08,21.08,5970
11/24/2009,21.07,21.28,21.07,21.28,17740
11/25/2009,21.12,21.32,21.12,21.28,7840
11/27/2009,21.36,21.36,21.08,21.33,1200
11/30/2009,21.22,21.28,21.18,21.24,3820
12/01/2009,21.28,21.37,21.17,21.37,6060
12/02/2009,21.36,21.37,21.08,21.15,7430
12/03/2009,21.19,21.37,21.19,21.37,4010
12/04/2009,22.41,22.41,21.36,21.62,7230
12/07/2009,21.65,21.66,21.58,21.66,7620
12/08/2009,21.66,22.05,21.5,22.04,12610
12/09/2009,21.71,21.82,21.57,21.64,4600
12/10/2009,21.61,21.64,21.35,21.48,30690
12/11/2009,21.38,21.51,21.33,21.33,11320
12/14/2009,21.24,21.47,21.13,21.15,15150
12/15/2009,21.15,21.38,21.15,21.24,4800
12/16/2009,21.2,21.46,21.18,21.24,8050
12/17/2009,21.28,21.44,21.28,21.33,2760
12/18/2009,21.24,21.49,21.24,21.36,7730
12/21/2009,21.35,21.49,21.29,21.49,6420
12/22/2009,21.37,21.42,21.16,21.4,22110
12/23/2009,21.24,21.43,21.2,21.21,12880
12/24/2009,21.21,21.31,21.21,21.31,1580
12/28/2009,21.27,21.4,21.26,21.32,11680
12/29/2009,21.27,21.45,21.27,21.29,10480
12/30/2009,21.44,21.46,21.34,21.46,5310
12/31/2009,21.45,21.45,21.38,21.45,2750
01/04/2010,21.46,21.46,21.28,21.45,9890
01/05/2010,21.37,21.53,21.34,21.51,9120
01/06/2010,21.43,21.53,21.41,21.45,7660
01/07/2010,21.45,21.53,21.35,21.51,9690
01/08/2010,21.41,21.66,21.37,21.66,13350
01/11/2010,21.56,21.56,21.37,21.44,10970
01/12/2010,21.39,21.41,21.25,21.34,10060
01/13/2010,21.33,21.46,21.31,21.34,2720
01/14/2010,21.35,21.52,21.33,21.41,54470
01/15/2010,21.48,21.57,21.47,21.53,41970
01/19/2010,21.49,21.65,21.46,21.5,7500
01/20/2010,21.64,21.64,21.32,21.48,19330
01/21/2010,21.49,21.53,21.36,21.36,12060
01/22/2010,21.33,21.52,21.29,21.45,18330
01/25/2010,21.5,21.52,21.37,21.41,29710
01/26/2010,21.39,21.52,21.38,21.52,7530
01/27/2010,21.52,22.14,21.39,21.41,8320
01/28/2010,21.48,21.58,21.3,21.37,44120
01/29/2010,21.52,21.52,21.34,21.48,20690
02/01/2010,21.51,21.58,21.34,21.41,17840
02/02/2010,21.5,21.52,21.43,21.52,47490
02/03/2010,21.52,21.63,21.49,21.61,18500
02/04/2010,21.62,21.73,21.54,21.71,12800
02/05/2010,21.7,21.72,21.44,21.72,24600
02/08/2010,22.16,22.16,21.65,21.87,17050
02/09/2010,21.86,21.95,21.84,21.91,16420
02/10/2010,21.94,22.05,21.94,22.02,16870
02/11/2010,22.06,22.06,21.98,22.06,8610
02/12/2010,22.06,22.06,21.97,21.97,9450
02/16/2010,21.97,22.06,21.95,21.97,15060
02/17/2010,22.06,22.18,21.98,22.06,17650
02/18/2010,22.14,22.25,21.97,22.22,20870
02/19/2010,22.15,22.35,22.12,22.21,17260
02/22/2010,22.2,22.3,22.12,22.13,6220
02/23/2010,22.26,22.26,22.06,22.06,7840
02/24/2010,22.19,22.21,21.99,22.11,21510
02/25/2010,22.2,22.2,21.97,22.14,26140
02/26/2010,22.14,22.28,22.1,22.17,64240
03/01/2010,22.26,22.28,22.14,22.28,27330
03/02/2010,22.26,22.26,22.16,22.18,34780
03/03/2010,22.23,22.25,22.21,22.25,30420
03/04/2010,22.18,22.24,22.12,22.21,59120
03/05/2010,22.22,22.26,22.18,22.18,22860
03/08/2010,22.25,22.27,22.2,22.22,17680
03/09/2010,22.47,22.47,22.05,22.16,54420
03/10/2010,22.07,22.22,22.07,22.2,8990
03/11/2010,22.22,22.28,22.14,22.16,9900
03/12/2010,22.35,22.56,22.23,22.27,21850
03/15/2010,22.17,22.56,22.16,22.56,8940
03/16/2010,22.33,22.86,22.33,22.68,13950
03/17/2010,22.77,22.77,22.63,22.63,24880
03/18/2010,22.72,22.72,22.37,22.47,23560
03/19/2010,22.58,22.67,22.53,22.6,6350
03/22/2010,22.64,22.67,22.44,22.67,9270
03/23/2010,22.51,22.57,22.26,22.26,18360
03/24/2010,22.37,22.48,22.31,22.45,6820
03/25/2010,22.48,22.61,22.4,22.4,7800
03/26/2010,22.56,22.64,22.23,22.31,9020
03/29/2010,22.31,22.67,22.31,22.67,5280
03/30/2010,22.63,22.69,22.48,22.69,8240
03/31/2010,22.51,22.63,22.28,22.43,17710
04/01/2010,22.49,22.58,22.33,22.38,13810
04/05/2010,22.39,22.54,22.39,22.54,6390
04/06/2010,22.51,22.56,22.24,22.42,20050
04/07/2010,22.45,22.45,22.17,22.25,16640
04/08/2010,22.27,22.27,22.06,22.14,24830
04/09/2010,22.1,22.23,22.01,22.12,28440
04/12/2010,22.04,22.18,21.92,21.98,9130
04/13/2010,21.94,22.04,21.94,21.98,6630
04/14/2010,22.04,22.04,22.01,22.01,6130
04/15/2010,22.04,22.14,22.03,22.11,13310
04/16/2010,22.08,22.2,22.07,22.07,12780
04/19/2010,22.19,22.2,22.06,22.19,9980
04/20/2010,22.13,22.21,22.07,22.1,5010
04/21/2010,22.09,22.1,22,22.09,5020
04/22/2010,22.06,22.1,22.06,22.09,9250
04/23/2010,22.11,22.42,22.11,22.33,7190
04/26/2010,22.46,22.48,22.08,22.08,9240
04/27/2010,22.08,22.27,22.02,22.14,17010
04/28/2010,22.15,22.42,22.12,22.34,14850
04/29/2010,22.38,22.38,22.23,22.38,4550
04/30/2010,22.24,22.43,22.23,22.25,7240
05/03/2010,22.42,22.42,22.2,22.23,4200
05/04/2010,22.34,22.36,22.23,22.24,8200
05/05/2010,22.33,22.39,22.24,22.39,14940
05/06/2010,22.38,22.4,21.8,21.8,9940
05/07/2010,21.8,21.96,21.63,21.66,11050
05/10/2010,22.06,22.31,21.96,22.31,12750
05/11/2010,22.3,22.42,22.14,22.39,28840
05/12/2010,22.53,22.66,22.26,22.27,17790
05/13/2010,22.32,22.58,22.3,22.36,5580
05/14/2010,22.5,22.59,22.11,22.11,6250
05/17/2010,22.32,22.37,22.04,22.33,9960
05/18/2010,22.2,22.84,22.2,22.55,13800
05/19/2010,22.28,22.57,22.23,22.26,7260
05/20/2010,22.12,22.38,22.02,22.02,5080
05/21/2010,21.51,22.53,21.51,22.53,36350
05/24/2010,22.58,22.61,22.28,22.54,6400
05/25/2010,22.1,22.43,22.04,22.24,101750
05/26/2010,22.2,22.57,22.2,22.57,8770
05/27/2010,22.53,22.59,22.25,22.36,8350
05/28/2010,22.57,22.57,22.26,22.55,5340
06/01/2010,22.56,22.58,22.31,22.31,9050
06/02/2010,22.36,22.61,22.36,22.58,4670
06/03/2010,22.57,22.72,22.51,22.68,60630
06/04/2010,22.66,22.68,22.41,22.41,15230
06/07/2010,22.41,22.47,22.26,22.3,4910
06/08/2010,22.25,22.39,22.25,22.28,8590
06/09/2010,22.47,22.47,22.31,22.37,8140
06/10/2010,22.45,22.46,22.34,22.46,13500
06/11/2010,22.55,22.57,22.36,22.36,10410
06/14/2010,22.47,22.47,22.29,22.31,33050
06/15/2010,22.32,22.54,22.3,22.52,11580
06/16/2010,22.46,22.63,22.36,22.36,62900
06/17/2010,22.45,22.53,22.39,22.44,6510
06/18/2010,22.5,22.54,22.45,22.54,47250
06/21/2010,22.79,22.79,22.46,22.54,15050
06/22/2010,22.6,22.6,22.46,22.54,8720
06/23/2010,22.63,22.63,22.54,22.54,6870
06/24/2010,22.6,22.61,22.49,22.58,8110
06/25/2010,22.59,22.66,22.51,22.51,16420
06/28/2010,22.63,22.65,22.44,22.49,6490
06/29/2010,22.55,22.58,22.39,22.45,19120
06/30/2010,22.18,22.37,22.11,22.37,33170
07/01/2010,22.45,22.56,22.35,22.52,5990
07/02/2010,22.51,22.62,22.44,22.48,3050
07/06/2010,22.57,22.57,22.49,22.52,8140
07/07/2010,22.54,22.62,22.49,22.62,11000
07/08/2010,22.6,22.6,22.51,22.57,15210
07/09/2010,22.6,22.6,22.45,22.56,14860
07/12/2010,22.54,22.57,22.5,22.54,4630
07/13/2010,22.66,22.75,22.63,22.75,9920
07/14/2010,22.74,22.76,22.67,22.67,7260
07/15/2010,22.66,22.75,22.66,22.68,15330
07/16/2010,22.75,22.75,22.69,22.75,6210
07/19/2010,22.64,23,22.64,22.99,9280
07/20/2010,22.89,23.01,22.8,22.86,11150
07/21/2010,22.98,23.18,22.96,23.18,15390
07/22/2010,23.23,23.42,23.14,23.23,12680
07/23/2010,23.28,23.31,22.93,22.93,12840
07/26/2010,23.08,23.36,22.85,23.14,27170
07/27/2010,23.22,23.22,22.84,22.94,10470
07/28/2010,22.91,23.01,22.9,22.9,18510
07/29/2010,22.96,23.1,22.85,22.85,30830
07/30/2010,22.9,23.11,22.88,23.05,5930
08/02/2010,23.07,23.3,23.02,23.05,11350
08/03/2010,23.01,23.23,23.01,23.23,1790
08/04/2010,23.11,23.32,22.95,23.06,17640
08/05/2010,23.06,23.22,23.06,23.22,8140
08/06/2010,23.22,23.26,23.1,23.1,12550
08/09/2010,23.14,23.17,23.01,23.05,11080
08/10/2010,23.09,23.09,22.84,22.86,13870
08/11/2010,22.83,23.15,22.83,23.15,8270
08/12/2010,23.15,23.4,22.94,23.25,6770
08/13/2010,23.36,23.61,23.32,23.32,10220
08/16/2010,23.35,23.45,23.35,23.37,9620
08/17/2010,23.45,23.81,23.45,23.59,28430
08/18/2010,23.49,23.51,23.29,23.29,32760
08/19/2010,23.37,23.4,23.08,23.08,13400
08/20/2010,23.21,23.23,22.92,23.23,15330
08/23/2010,23.24,23.28,23.09,23.2,22890
08/24/2010,23.27,23.27,23.08,23.22,9860
08/25/2010,23.16,23.38,23.06,23.38,13880
08/26/2010,23.37,23.5,23.14,23.29,11400
08/27/2010,23.33,23.46,23.09,23.27,6110
08/30/2010,23.35,23.6,23.33,23.6,15940
08/31/2010,23.58,23.58,23.18,23.22,14320
09/01/2010,23.2,23.32,23.14,23.14,75570
09/02/2010,23.15,23.16,23.02,23.1,18060
09/03/2010,23.12,23.21,23.03,23.21,25020
09/07/2010,23.2,23.21,23.13,23.21,7110
09/08/2010,23.2,23.23,23.11,23.22,9490
09/09/2010,23.24,23.24,23.18,23.23,8880
09/10/2010,23.25,23.29,23.16,23.24,19040
09/13/2010,23.28,23.38,23.23,23.34,19060
09/14/2010,23.34,23.41,23.18,23.18,16980
09/15/2010,23.27,23.3,23.08,23.12,11990
09/16/2010,23.18,23.25,23.07,23.18,10960
09/17/2010,23.08,23.28,23.08,23.28,12800
09/20/2010,23.28,23.29,23.05,23.16,16480
09/21/2010,23.27,23.27,23.14,23.14,5290
09/22/2010,23.24,23.24,23.12,23.21,5890
09/23/2010,23.2,23.2,23.11,23.15,8250
09/24/2010,23.16,23.2,23.13,23.2,6970
09/27/2010,23.07,23.2,23.07,23.19,9680
09/28/2010,23.25,23.25,23.19,23.21,4110
09/29/2010,23.27,23.27,23.14,23.19,7880
09/30/2010,23.3,23.39,23.14,23.14,7050
10/01/2010,23.2,23.25,23.16,23.21,7910
10/04/2010,23.35,23.41,23.33,23.39,8020
10/05/2010,23.51,23.53,23.16,23.2,9800
10/06/2010,23.18,23.32,23.11,23.19,23550
10/07/2010,23.17,23.25,23.17,23.21,10880
10/08/2010,23.21,23.25,23.17,23.21,11530
10/11/2010,23.16,23.22,23.12,23.18,19480
10/12/2010,23.13,23.17,23.03,23.03,115670
10/13/2010,23.04,23.06,22.94,22.99,48430
10/14/2010,22.96,23.05,22.91,22.95,12150
10/15/2010,22.96,23.12,22.92,23.08,16370
10/18/2010,22.99,23.26,22.91,23.16,18500
10/19/2010,23.07,23.18,22.94,22.94,8170
10/20/2010,22.98,23.05,22.87,22.87,9550
10/21/2010,22.95,23.1,22.94,22.94,9680
10/22/2010,22.93,22.97,22.89,22.97,10570
10/25/2010,22.91,22.97,22.9,22.91,8890
10/26/2010,22.94,23.28,22.94,23.01,11820
10/27/2010,22.96,23.39,22.91,23.01,31850
10/28/2010,23.27,23.27,22.94,22.96,7110
10/29/2010,22.99,22.99,22.64,22.83,19560
11/01/2010,22.82,23.11,22.74,22.86,28290
11/02/2010,22.84,22.99,22.84,22.92,7720
11/03/2010,22.93,22.97,22.82,22.97,9990
11/04/2010,22.9,23.08,22.9,23.08,2620
11/05/2010,23.03,23.23,22.98,23.23,4370
11/08/2010,23.09,23.26,23.02,23.08,8370
11/09/2010,23.26,23.26,23.12,23.22,7010
11/10/2010,23.13,23.18,23.11,23.18,4780
11/11/2010,23.1,23.14,23.05,23.09,9790
11/12/2010,23.09,23.21,22.87,22.88,17740
11/15/2010,22.79,22.95,22.75,22.83,16540
11/16/2010,22.81,22.87,22.71,22.87,8380
11/17/2010,22.76,22.8,22.76,22.76,4620
11/18/2010,22.78,22.87,22.78,22.86,4320
11/19/2010,22.75,22.82,22.6,22.69,20540
11/22/2010,22.61,22.67,22.49,22.58,12800
11/23/2010,22.41,22.41,21.96,22.29,114120
11/24/2010,22.24,22.37,22.17,22.37,45980
11/26/2010,22.31,22.37,22.28,22.37,19980
11/29/2010,22.28,22.37,22.23,22.37,15400
11/30/2010,22.37,22.4,22.3,22.39,51000
12/01/2010,22.41,22.54,22.38,22.54,34000
12/02/2010,22.44,22.55,22.37,22.47,44100
12/03/2010,22.44,22.6,22.42,22.6,31820
12/06/2010,22.52,22.68,22.52,22.58,9140
12/07/2010,22.51,22.62,22.44,22.52,29640
12/08/2010,22.53,22.58,22.47,22.49,16670
12/09/2010,22.5,22.58,22.39,22.54,14050
12/10/2010,22.51,22.66,22.49,22.62,21600
12/13/2010,22.6,22.69,22.6,22.69,9560
12/14/2010,22.6,22.64,22.51,22.56,13560
12/15/2010,22.51,22.56,22.49,22.54,12350
12/16/2010,22.46,22.56,22.44,22.48,10150
12/17/2010,22.51,22.56,22.47,22.51,17260
12/20/2010,22.48,22.89,22.48,22.78,19720
12/21/2010,22.84,22.87,22.6,22.64,11420
12/22/2010,22.65,22.73,22.65,22.69,5430
12/23/2010,22.64,22.81,22.56,22.81,8360
12/27/2010,22.64,22.68,22.6,22.64,11870
12/28/2010,22.56,22.78,22.56,22.69,6280
12/29/2010,22.71,22.85,22.69,22.75,5830
12/30/2010,22.74,22.8,22.73,22.77,4210
12/31/2010,22.86,22.89,22.64,22.66,8350
01/03/2011,22.67,22.76,22.67,22.72,8770
01/04/2011,22.65,22.79,22.63,22.77,7510
01/05/2011,22.75,22.95,22.71,22.79,7710
01/06/2011,22.73,22.96,22.73,22.94,8890
01/07/2011,22.83,22.93,22.82,22.93,6150
01/10/2011,22.49,22.91,22.49,22.78,10440
01/11/2011,22.75,22.85,22.75,22.83,3190
01/12/2011,22.8,22.91,22.8,22.91,5860
01/13/2011,22.84,22.95,22.82,22.82,5970
01/14/2011,22.82,22.91,22.76,22.84,7190
01/18/2011,22.78,22.81,22.74,22.74,4560
01/19/2011,22.74,22.83,22.69,22.74,7340
01/20/2011,22.73,22.85,22.69,22.78,3800
01/21/2011,22.77,23,22.77,22.83,10420
01/24/2011,22.83,23.05,22.83,23.04,5090
01/25/2011,22.92,23.24,22.92,22.97,3880
01/26/2011,23.17,23.17,23.02,23.02,2990
01/27/2011,23.02,23.27,22.95,22.97,6220
01/28/2011,22.97,23.11,22.87,23.07,5200
01/31/2011,23.06,23.51,23.06,23.36,5220
02/01/2011,23.22,23.31,23.22,23.31,6530
02/02/2011,23.27,23.35,23.08,23.31,8680
02/03/2011,23.21,23.29,23.17,23.29,3040
02/04/2011,23.22,23.36,23.22,23.26,5720
02/07/2011,23.18,23.26,22.98,23.04,7330
02/08/2011,22.95,23.21,22.95,23.06,4900
02/09/2011,23.06,23.21,22.92,22.98,14220
02/10/2011,22.95,23.16,22.95,23.05,8750
02/11/2011,23,23.25,22.96,23.06,3700
02/14/2011,23.14,23.53,23.14,23.25,6890
02/15/2011,23.21,23.24,23.08,23.08,4450
02/16/2011,23.06,23.11,22.97,23.09,5620
02/17/2011,23,23.21,23,23.16,4650
02/18/2011,23.08,23.29,23.08,23.24,6280
02/22/2011,23.21,23.21,23.03,23.04,4960
02/23/2011,23.1,23.1,23.01,23.02,2540
02/24/2011,23.02,23.12,23.02,23.04,3470
02/25/2011,23.02,23.17,22.93,23.17,11260
02/28/2011,23.15,23.22,23.06,23.06,8330
03/01/2011,23.01,23.12,23.01,23.12,5270
03/02/2011,23.11,23.19,23.11,23.14,5640
03/03/2011,23.12,23.2,23.12,23.15,5560
03/04/2011,23.11,23.28,23.11,23.28,3870
03/07/2011,23.23,23.24,23.17,23.17,10360
03/08/2011,23.13,23.25,23.13,23.2,6220
03/09/2011,23.15,23.25,23.15,23.2,7020
03/10/2011,23.13,23.23,23.12,23.12,9610
03/11/2011,23.05,23.15,23.05,23.09,7660
03/14/2011,23.19,23.26,23.09,23.14,6880
03/15/2011,23.07,23.23,23.05,23.21,8290
03/16/2011,23.1,23.21,22.98,23.05,11390
03/17/2011,23.02,23.14,23,23.07,8370
03/18/2011,23.02,23.17,23.02,23.07,7900
03/21/2011,23.08,23.18,23.08,23.13,2750
03/22/2011,23.15,23.29,23.07,23.2,7470
03/23/2011,23.17,23.28,23.15,23.16,3220
03/24/2011,23.17,23.36,23.16,23.17,5160
03/25/2011,23.17,23.36,23.17,23.29,4710
03/28/2011,23.51,23.96,23.32,23.59,7480
03/29/2011,23.51,23.84,23.51,23.55,3660
03/30/2011,23.56,24.01,23.56,23.88,19170
03/31/2011,23.88,24,23.86,23.89,6100
04/01/2011,23.82,23.87,23.74,23.79,4610
04/04/2011,23.7,23.91,23.6,23.75,4520
04/05/2011,23.89,23.98,23.76,23.77,3590
04/06/2011,23.77,23.97,23.51,23.51,6830
04/07/2011,23.51,23.64,23.51,23.59,1370
04/08/2011,23.39,23.55,23.36,23.36,800
04/11/2011,23.42,23.44,23.32,23.37,3730
04/12/2011,23.26,23.42,23.25,23.34,4520
04/13/2011,23.34,23.52,23.34,23.46,2660
04/14/2011,23.35,23.61,23.35,23.61,3350
04/15/2011,23.52,23.71,23.52,23.57,2070
04/18/2011,23.57,23.77,23.36,23.52,4480
04/19/2011,23.69,23.73,23.47,23.53,3480
04/20/2011,23.58,23.58,23.35,23.5,4560
04/21/2011,23.52,23.53,23.21,23.37,7890
04/25/2011,23.32,23.36,23.26,23.29,6210
04/26/2011,23.27,23.6,23.25,23.58,14050
04/27/2011,23.48,23.6,23.4,23.55,4830
04/28/2011,23.47,23.57,23.38,23.41,6880
04/29/2011,23.35,23.5,23.35,23.47,10780
05/02/2011,23.57,23.57,23.4,23.55,4590
05/03/2011,23.47,23.54,23.45,23.53,8240
05/04/2011,23.48,23.64,23.48,23.62,5220
05/05/2011,23.5,23.62,23.49,23.58,4280
05/06/2011,23.5,23.56,23.47,23.47,3470
05/09/2011,23.45,23.54,23.45,23.49,6460
05/10/2011,23.46,23.7,23.46,23.66,8110
05/11/2011,23.88,24.1,23.71,24.1,8150
05/12/2011,23.89,24,23.75,23.94,10100
05/13/2011,23.82,24.04,23.81,23.81,2070
05/16/2011,23.81,24,23.75,23.75,3140
05/17/2011,23.71,24.19,23.71,24.19,11410
05/18/2011,24.11,24.17,24,24.16,4750
05/19/2011,24.1,24.13,24.05,24.05,4110
05/20/2011,24.05,24.13,23.96,24.06,5250
05/23/2011,24.22,24.22,24.07,24.17,4200
05/24/2011,24.2,24.2,23.91,23.91,11250
05/25/2011,24.04,24.05,23.89,24.05,5700
05/26/2011,23.93,23.93,23.63,23.69,15180
05/27/2011,23.68,23.68,23.59,23.59,3390
05/31/2011,23.58,23.63,23.55,23.61,6720
06/01/2011,23.61,23.66,23.6,23.6,10610
06/02/2011,23.64,24,23.64,23.85,14620
06/03/2011,23.94,24.09,23.75,24.09,6830
06/06/2011,24.03,24.13,23.88,24.07,8650
06/07/2011,24.06,24.09,23.84,24,6610
06/08/2011,23.85,24.08,23.85,24.08,11220
06/09/2011,23.99,23.99,23.6,23.67,18440
06/10/2011,23.68,23.68,23.5,23.55,6010
06/13/2011,23.54,23.64,23.54,23.58,5490
06/14/2011,23.54,23.64,23.5,23.56,8990
06/15/2011,23.62,23.68,23.53,23.53,9230
06/16/2011,23.62,23.63,23.48,23.48,6500
06/17/2011,23.58,23.61,23.44,23.44,3620
06/20/2011,23.45,23.57,23.44,23.44,5240
06/21/2011,23.46,23.7,23.46,23.55,5430
06/22/2011,23.55,23.7,23.55,23.62,3610
06/23/2011,23.65,23.65,23.51,23.6,6860
06/24/2011,23.63,23.63,23.58,23.58,6440
06/27/2011,23.56,23.62,23.54,23.54,4910
06/28/2011,23.55,23.59,23.45,23.45,8680
06/29/2011,23.49,23.7,23.49,23.7,5030
06/30/2011,23.7,23.71,23.59,23.7,4000
07/01/2011,23.6,23.67,23.6,23.67,4530
07/05/2011,23.59,23.99,23.59,23.92,14970
07/06/2011,23.85,24.01,23.79,23.91,10890
07/07/2011,23.92,23.95,23.74,23.86,6370
07/08/2011,23.82,23.95,23.77,23.93,16550
07/11/2011,23.86,24.14,23.79,23.79,7190
07/12/2011,23.77,23.91,23.77,23.8,4160
07/13/2011,23.76,23.8,23.68,23.69,10290
07/14/2011,23.68,23.7,23.63,23.66,19000
07/15/2011,23.59,23.64,23.5,23.54,6170
07/18/2011,23.6,23.77,23.56,23.6,22480
07/19/2011,23.57,23.68,23.57,23.63,14020
07/20/2011,23.59,23.7,23.54,23.57,6610
07/21/2011,23.62,23.67,23.58,23.58,4030
07/22/2011,23.6,23.67,23.6,23.62,1600
07/25/2011,23.56,23.61,23.5,23.54,7780
07/26/2011,23.61,23.61,23.53,23.54,3660
07/27/2011,23.54,23.61,23.54,23.54,4230
07/28/2011,23.54,23.59,23.49,23.5,32130
07/29/2011,23.51,23.53,23.44,23.44,12820
08/01/2011,23.45,23.71,23.45,23.62,7200
08/02/2011,23.63,23.81,23.53,23.81,8890
08/03/2011,23.77,23.91,23.67,23.73,8200
08/04/2011,23.74,23.83,23.61,23.64,5400
08/05/2011,23.53,23.66,23.35,23.66,7070
08/08/2011,23.22,23.65,22.52,23.18,32200
08/09/2011,23.18,23.31,22.98,23.25,42190
08/10/2011,22.82,23.72,22.82,23.65,11670
08/11/2011,23.57,23.98,23.57,23.84,4990
08/12/2011,23.74,23.98,23.65,23.65,5840
08/15/2011,23.82,23.94,23.81,23.9,12750
08/16/2011,23.61,23.94,23.5,23.74,15700
08/17/2011,23.89,23.96,23.81,23.86,6680
08/18/2011,23.76,23.89,23.74,23.85,9910
08/19/2011,23.65,23.89,23.65,23.7,14000
08/22/2011,23.64,23.94,23.64,23.71,12520
08/23/2011,23.78,23.89,23.72,23.82,5260
08/24/2011,23.73,23.94,23.63,23.69,10550
08/25/2011,23.68,24.13,23.68,24.13,7800
08/26/2011,23.91,24.13,23.74,23.8,11270
08/29/2011,23.8,23.98,23.8,23.82,12520
08/30/2011,23.83,23.93,23.79,23.81,7100
08/31/2011,24.05,24.05,23.84,23.94,6970
09/01/2011,23.93,23.93,23.67,23.8,17280
09/02/2011,23.78,23.88,23.68,23.75,11330
09/06/2011,23.08,23.87,23.08,23.87,6300
09/07/2011,23.77,24.02,23.75,23.85,13670
09/08/2011,23.91,24.03,23.85,23.89,4320
09/09/2011,23.89,24.03,23.89,23.89,1360
09/12/2011,23.66,24.03,23.66,24.03,6370
09/13/2011,24,24.03,23.89,23.98,2970
09/14/2011,23.9,24.02,23.85,24.01,5980
09/15/2011,23.93,24.03,23.86,23.88,6360
09/16/2011,23.87,24,23.85,23.97,5550
09/19/2011,23.84,23.97,23.84,23.97,1080
09/20/2011,23.96,23.96,23.84,23.88,3570
09/21/2011,23.92,23.93,23.84,23.88,2220
09/22/2011,23.85,23.93,23.83,23.84,4890
09/23/2011,23.87,23.95,23.77,23.77,12610
09/26/2011,23.7,23.85,23.7,23.85,9270
09/27/2011,23.84,23.89,23.66,23.66,13410
09/28/2011,23.7,23.87,23.7,23.7,13230
09/29/2011,23.71,23.92,23.71,23.9,7380
09/30/2011,23.83,23.94,23.71,23.8,6470
10/03/2011,23.73,23.93,23.73,23.84,10790
10/04/2011,23.79,23.79,23.65,23.7,15230
10/05/2011,23.65,23.78,23.65,23.68,8330
10/06/2011,23.68,23.81,23.68,23.8,6760
10/07/2011,23.8,23.92,23.75,23.8,2460
10/10/2011,23.73,23.94,23.73,23.88,1570
10/11/2011,23.95,23.95,23.85,23.86,4630
10/12/2011,23.84,24.02,23.84,24.01,11160
10/13/2011,24,24.03,23.97,24.03,2220
10/14/2011,24.02,24.03,23.99,24.01,1920
10/17/2011,24.03,24.03,24.01,24.02,2880
10/18/2011,24.03,24.1,24.03,24.04,4900
10/19/2011,24.03,24.04,23.88,24.02,17470
10/20/2011,23.93,24.03,23.89,24.02,6590
10/21/2011,24.02,24.03,23.94,24.01,7000
10/24/2011,24.01,24.04,23.99,24.03,4210
10/25/2011,24.01,24.08,23.95,24.08,6800
10/26/2011,24,24.39,23.98,24.22,7630
10/27/2011,24.92,24.92,24.17,24.26,9680
10/28/2011,24.22,24.45,24.01,24.26,9190
10/31/2011,24.16,24.46,24.1,24.13,23950
11/01/2011,23.84,24.25,23.84,24.08,4550
11/02/2011,24.13,24.27,24.1,24.27,10630
11/03/2011,24.16,24.27,24.13,24.27,8860
11/04/2011,24.26,24.26,24.17,24.17,4060
11/07/2011,24.11,24.26,24.11,24.26,9640
11/08/2011,24.26,24.36,24.22,24.34,4060
11/09/2011,24.29,24.91,24.29,24.7,12410
11/10/2011,24.57,24.81,24.53,24.57,7710
11/11/2011,24.7,24.7,24.57,24.7,3190
11/14/2011,24.53,24.77,24.53,24.77,8510
11/15/2011,24.61,24.81,24.56,24.77,4370
11/16/2011,24.65,24.81,24.59,24.77,5330
11/17/2011,24.68,24.9,24.62,24.89,12960
11/18/2011,24.86,25.07,24.84,24.93,19250
11/21/2011,24.88,24.96,24.65,24.93,3840
11/22/2011,24.71,24.94,24.65,24.67,4580
11/23/2011,24.67,24.86,24.56,24.7,2330
11/25/2011,24.58,24.74,24.53,24.74,3850
11/28/2011,24.6,24.7,24.47,24.57,10730
11/29/2011,24.63,24.67,24.45,24.45,4040
11/30/2011,24.44,24.51,24.24,24.3,17140
12/01/2011,24.27,24.35,24.1,24.26,30040
12/02/2011,24.42,24.44,24.23,24.33,4380
12/05/2011,24.37,24.47,24.27,24.27,5270
12/06/2011,24.26,24.49,24.26,24.46,11880
12/07/2011,24.37,24.52,24.35,24.48,18120
12/08/2011,24.35,24.45,24.26,24.26,9150
12/09/2011,24.25,24.37,24.25,24.35,7500
12/12/2011,24.25,24.37,24.24,24.29,5900
12/13/2011,24.29,24.48,24.29,24.48,8650
12/14/2011,24.48,24.51,24.32,24.5,8350
12/15/2011,24.42,24.5,24.38,24.43,4010
12/16/2011,24.53,24.53,24.35,24.5,7300
12/19/2011,24.45,24.5,24.33,24.38,11790
12/20/2011,24.47,24.48,24.38,24.4,12470
12/21/2011,24.36,24.55,24.36,24.55,14430
12/22/2011,24.63,24.64,24.48,24.59,6170
12/23/2011,24.51,24.52,24.41,24.48,8980
12/27/2011,24.44,24.46,24.39,24.41,8300
12/28/2011,24.4,24.5,24.4,24.42,10280
12/29/2011,24.41,24.47,24.38,24.47,12040
12/30/2011,24.55,24.55,24.39,24.41,4600
01/03/2012,24.44,24.53,24.36,24.46,9310
01/04/2012,24.44,24.49,24.43,24.49,7370
01/05/2012,24.57,24.6,24.47,24.59,23250
01/06/2012,24.6,24.67,24.47,24.67,5110
01/09/2012,24.66,24.66,24.53,24.53,13920
01/10/2012,24.5,24.87,24.5,24.82,9960
01/11/2012,24.57,24.81,24.57,24.64,5030
01/12/2012,24.61,24.83,24.61,24.8,2660
01/13/2012,24.8,24.91,24.67,24.86,2900
01/17/2012,24.89,24.91,24.73,24.86,12810
01/18/2012,24.76,24.83,24.67,24.72,6570
01/19/2012,24.68,24.85,24.68,24.68,9550
01/20/2012,24.67,24.84,24.67,24.84,4570
01/23/2012,24.75,24.76,24.68,24.68,10070
01/24/2012,24.68,24.77,24.58,24.59,22670
01/25/2012,24.7,24.88,24.58,24.71,5320
01/26/2012,24.72,24.82,24.52,24.58,17750
01/27/2012,24.57,24.94,24.57,24.86,13430
01/30/2012,24.68,24.87,24.68,24.73,14920
01/31/2012,24.71,24.83,24.64,24.64,15300
02/01/2012,24.64,24.7,24.62,24.62,24610
02/02/2012,24.65,24.84,24.65,24.7,6340
02/03/2012,24.78,24.84,24.64,24.68,20350
02/06/2012,24.75,24.8,24.6,24.75,22850
02/07/2012,24.64,24.9,24.64,24.9,8680
02/08/2012,24.87,25.33,24.72,24.83,15500
02/09/2012,24.98,24.98,24.63,24.65,33910
02/10/2012,24.85,24.92,24.73,24.76,20540
02/13/2012,24.92,24.92,24.69,24.74,38910
02/14/2012,24.72,24.82,24.65,24.72,44210
02/15/2012,24.86,24.94,24.75,24.88,21410
02/16/2012,24.79,25.08,24.79,25.06,16180
02/17/2012,24.94,25.11,24.87,24.93,17360
02/21/2012,25.03,25.11,25.03,25.11,14630
02/22/2012,25.07,25.12,24.97,25.1,9010
02/23/2012,25.14,25.16,25.04,25.09,19610
02/24/2012,25.12,25.27,25.03,25.27,15630
02/27/2012,25.35,25.35,25.25,25.27,9140
02/28/2012,25.27,25.32,25.23,25.28,22330
02/29/2012,25.29,25.37,25.26,25.37,11850
03/01/2012,25.35,25.52,25.35,25.39,140030
03/02/2012,25.27,25.49,25.27,25.4,15310
03/05/2012,25.36,25.6,25.36,25.49,65160
03/06/2012,25.5,25.56,25.43,25.47,25430
03/07/2012,25.35,25.43,24.95,25.22,75940
03/08/2012,25.21,25.22,24.88,24.9,23870
03/09/2012,25.04,25.04,24.95,24.95,10940
03/12/2012,24.98,25.18,24.9,24.99,18290
03/13/2012,24.97,24.99,24.93,24.93,17750
03/14/2012,24.95,25.02,24.9,24.9,14900
03/15/2012,24.86,25.02,24.8,24.86,16700
03/16/2012,24.94,25.02,24.85,24.89,10260
03/19/2012,24.87,25.02,24.87,24.98,18110
03/20/2012,25.04,25.32,24.98,25.24,22170
03/21/2012,25.16,25.27,25.14,25.26,7090
03/22/2012,25.27,25.49,25.22,25.45,9780
03/23/2012,25.43,25.51,25.25,25.42,10260
03/26/2012,25.29,25.51,25.25,25.34,9210
03/27/2012,25.25,25.31,25.18,25.18,11350
03/28/2012,25.32,25.46,25.22,25.38,41700
03/29/2012,25.34,25.34,25.19,25.26,9850
03/30/2012,25.36,25.37,25.18,25.18,7630
04/02/2012,25.28,25.47,25.28,25.38,7000
04/03/2012,25.33,25.44,25.3,25.33,5050
04/04/2012,25.32,25.37,25.21,25.28,12540
04/05/2012,25.29,25.37,25.24,25.37,7190
04/09/2012,25.25,25.47,25.25,25.43,7100
04/10/2012,25.28,25.33,25.18,25.18,8500
04/11/2012,25.18,25.32,25.18,25.28,6040
04/12/2012,25.31,25.36,25.29,25.35,5700
04/13/2012,25.23,25.34,25.18,25.34,12990
04/16/2012,25.36,25.43,25.31,25.39,5890
04/17/2012,25.3,25.43,25.3,25.36,2310
04/18/2012,25.4,25.5,25.39,25.5,6080
04/19/2012,25.39,25.44,25.37,25.37,4120
04/20/2012,25.44,25.44,25.24,25.29,4840
04/23/2012,25.32,25.32,25.13,25.31,24960
04/24/2012,25.19,25.34,25.1,25.34,15160
04/25/2012,25.28,25.34,25.05,25.09,39530
04/26/2012,25.07,25.21,25.07,25.11,14560
04/27/2012,25.06,25.2,25.06,25.13,7380
04/30/2012,25.1,25.18,25.1,25.13,1460
05/01/2012,25.11,25.15,25.03,25.1,21220
05/02/2012,25.1,25.2,25.01,25.14,15350
05/03/2012,25.19,25.2,25.14,25.15,7750
05/04/2012,25.2,25.2,25.1,25.13,10190
05/07/2012,25.1,25.17,25.1,25.1,12290
05/08/2012,25.13,25.13,25.01,25.08,30410
05/09/2012,25.03,25.11,24.91,25.11,29990
05/10/2012,25.22,25.33,25.17,25.25,60130
05/11/2012,25.26,25.34,25.2,25.32,20260
05/14/2012,25.3,25.3,25.22,25.28,12050
05/15/2012,25.24,25.34,25.24,25.31,12320
05/16/2012,25.28,25.35,25.27,25.27,5020
05/17/2012,25.28,25.35,25.28,25.28,17840
05/18/2012,25.28,25.28,25.13,25.17,27250
05/21/2012,25.15,25.3,25.13,25.3,22790
05/22/2012,25.22,25.43,25.21,25.36,13640
05/23/2012,25.43,25.43,25.29,25.38,20120
05/24/2012,25.38,25.4,25.28,25.28,20380
05/25/2012,25.25,25.34,25.25,25.32,8540
05/29/2012,25.33,25.38,25.32,25.36,4150
05/30/2012,25.37,25.37,25.3,25.3,6750
05/31/2012,25.39,25.4,25.21,25.21,15240
06/01/2012,25.2,25.3,25.2,25.24,8490
06/04/2012,25.32,25.36,25.23,25.32,15080
06/05/2012,25.28,25.32,25.26,25.27,20420
06/06/2012,25.3,25.36,25.28,25.33,14360
06/07/2012,25.42,25.42,25.28,25.28,5300
06/08/2012,25.33,25.33,25.26,25.32,7150
06/11/2012,25.3,25.38,25.28,25.32,5280
06/12/2012,25.32,25.44,25.32,25.38,9810
06/13/2012,25.48,25.5,25.41,25.41,4220
06/14/2012,25.41,25.45,25.35,25.38,4380
06/15/2012,25.47,25.51,25.44,25.5,4130
06/18/2012,25.53,25.53,25.48,25.48,7970
06/19/2012,25.52,25.53,25.5,25.5,6170
06/20/2012,25.53,25.53,25.5,25.53,4370
06/21/2012,25.53,25.6,25.45,25.56,10330
06/22/2012,25.56,25.56,25.37,25.45,4930
06/25/2012,25.23,25.56,25.23,25.41,5980
06/26/2012,25.4,25.58,25.4,25.51,5270
06/27/2012,25.56,25.56,25.46,25.46,4900
06/28/2012,25.5,25.55,25.45,25.5,12960
06/29/2012,25.43,25.53,25.37,25.44,21010
07/02/2012,25.53,25.83,25.45,25.83,24900
07/03/2012,25.83,25.83,25.73,25.8,4080
07/05/2012,25.82,25.85,25.73,25.76,8960
07/06/2012,25.75,25.75,25.7,25.75,2810
07/09/2012,25.85,25.87,25.75,25.85,21480
07/10/2012,25.72,25.88,25.72,25.77,9950
07/11/2012,25.66,25.98,25.66,25.87,11100
07/12/2012,25.5,25.5,25.35,25.36,53360
07/13/2012,25.36,25.39,25.36,25.38,17460
07/16/2012,25.37,25.39,25.37,25.37,21780
07/17/2012,25.37,25.39,25.37,25.38,10590
07/18/2012,25.37,25.39,25.37,25.38,13490
07/19/2012,25.36,25.39,25.36,25.39,20880
07/20/2012,25.36,25.41,25.36,25.4,18700
07/23/2012,25.37,25.41,25.37,25.39,17300
07/24/2012,25.37,25.41,25.37,25.41,174560
07/25/2012,25.38,25.8,25.38,25.4,27550
07/26/2012,25.41,25.41,25.4,25.41,4520
07/27/2012,25.5,25.5,25.4,25.4,1060
07/30/2012,25.41,25.43,25.41,25.43,1350
07/31/2012,25.42,25.6,25.42,25.42,9420
