03/20/2013,20.26,22.2,19.856,20.096,9947182
03/21/2013,19.936,20.126,19.168,19.168,970913
03/22/2013,19.377,19.557,17.671,18.729,723178
03/25/2013,18.36,20.106,18.36,19.657,483063
03/26/2013,19.806,20.06,19.128,20.06,197663
03/27/2013,19.956,20.3,19.517,20.13,158659
03/28/2013,20.35,20.36,19.647,19.766,91329
04/01/2013,19.756,20.14,19.462,20.04,138401
04/02/2013,19.926,19.926,18.819,19.108,157293
04/03/2013,18.988,19.038,18.29,19.038,186961
04/04/2013,18.948,19.826,18.767,19.465,224417
04/05/2013,18.988,19.455,18.589,19.386,67859
04/08/2013,19.627,19.826,19.188,19.407,83562
04/09/2013,19.327,19.497,19.158,19.238,55076
04/10/2013,19.058,19.697,19.058,19.657,132262
04/11/2013,19.856,19.857,19.357,19.467,91068
04/12/2013,19.287,20.64,19.168,20.49,243266
04/15/2013,20.81,20.95,19.557,19.856,287641
04/16/2013,20.08,20.45,19.407,19.98,153464
04/17/2013,19.776,19.996,19.707,19.976,177918
04/18/2013,20.01,20.65,20.01,20.23,142340
04/19/2013,20.32,20.77,19.93,20.49,230075
04/22/2013,20.62,20.62,19.707,19.866,70224
04/23/2013,19.936,20.2,19.756,19.826,57818
04/24/2013,19.926,19.956,18.848,19.687,154560
04/25/2013,19.736,19.951,19.228,19.697,78767
04/26/2013,19.707,19.707,19.158,19.517,51617
04/29/2013,19.736,19.906,19.457,19.766,62436
04/30/2013,19.846,20.11,19.397,19.816,106614
05/01/2013,19.736,19.786,19.208,19.377,43021
05/02/2013,19.547,19.806,19.457,19.577,31062
05/03/2013,19.677,20.1,19.467,19.816,66751
05/06/2013,19.727,19.906,19.53,19.727,57469
05/07/2013,19.627,20.16,19.547,19.776,122334
05/08/2013,20.16,20.19,18.739,18.888,96907
05/09/2013,19.108,19.377,18.878,19.128,110506
05/10/2013,19.218,19.347,18.978,19.148,198776
05/13/2013,19.238,19.317,18.988,19.128,43672
05/14/2013,19.208,19.307,18.17,18.22,201051
05/15/2013,18.11,18.21,17.092,17.901,201144
05/16/2013,17.96,18.21,17.761,17.99,86989
05/17/2013,17.98,18.459,17.841,18.389,410763
05/20/2013,18.519,19.786,18.3,19.527,148375
05/21/2013,19.467,20.41,19.118,20.3,216853
05/22/2013,20.26,20.55,19.796,20.36,58266
05/23/2013,20.19,20.29,19.467,19.687,51568
05/24/2013,19.657,20.31,19.437,20.2,55189
05/28/2013,20.41,20.41,19.816,19.876,57886
05/29/2013,20.01,20.41,19.791,20.17,88007
05/30/2013,20.11,20.29,19.637,19.892,84865
05/31/2013,19.846,20.28,19.637,20.16,78391
06/03/2013,20.24,20.24,19.697,20.2,67159
06/04/2013,20.19,20.29,20.03,20.16,78586
06/05/2013,19.956,20.12,19.896,20.07,20966
06/06/2013,20.14,20.14,19.836,20.11,33464
06/07/2013,20.11,20.29,19.91,20.29,43731
06/10/2013,20.26,21.75,20.12,21.62,184844
06/11/2013,21.67,21.71,20.47,20.71,70436
06/12/2013,20.74,20.76,19.95,20.31,45675
06/13/2013,20.21,20.8,19.07,20.8,40841
06/14/2013,20.81,20.81,19.736,20.21,39945
06/17/2013,20.36,20.95,20.22,20.8,90395
06/18/2013,20.8,21.17,20.41,21.09,90470
06/19/2013,20.99,21.7,20.92,21.63,68523
06/20/2013,21.4,21.75,21.12,21.63,100008
06/21/2013,21.62,21.89,21.43,21.86,208747
06/24/2013,21.65,22.21,21.52,21.82,111616
06/25/2013,21.9,22.03,21.33,21.96,84784
06/26/2013,21.99,22.19,21.73,22.09,57539
06/27/2013,22.18,22.75,21.88,22.66,95507
06/28/2013,22.65,23.72,22.44,23.28,508452
07/01/2013,23.32,23.61,22.72,23.05,101549
07/02/2013,22.99,23.11,22.22,22.53,60286
07/03/2013,22.43,22.96,22.08,22.96,52571
07/05/2013,23.19,23.55,22.87,23.28,65498
07/08/2013,23.39,23.78,22.95,23.61,105327
07/09/2013,23.81,23.81,23.19,23.4,133217
07/10/2013,23.49,24.64,23.26,24.23,189013
07/11/2013,24.13,24.45,23.94,24.39,134231
07/12/2013,24.52,24.52,23.84,23.98,45977
07/15/2013,23.98,24.59,23.98,24.56,33008
07/16/2013,24.57,24.75,24.14,24.39,50136
07/17/2013,24.48,24.48,23.22,23.44,139716
07/18/2013,23.3,23.43,22.78,22.81,52001
07/19/2013,22.61,22.82,22.16,22.7,125195
07/22/2013,22.65,23.32,22.54,23.21,47024
07/23/2013,23.2,23.67,23.2,23.43,38371
07/24/2013,23.41,23.78,23.27,23.64,32467
07/25/2013,23.54,24.21,23.29,24.12,46876
07/26/2013,23.95,24.41,23.85,24.36,43611
07/29/2013,24.27,24.44,24.03,24.4,26457
07/30/2013,24.48,24.73,23.85,23.94,58170
07/31/2013,24,24.11,23.33,23.53,68655
08/01/2013,23.57,23.83,23.18,23.36,63571
08/02/2013,23.32,23.32,22.7,22.89,19937
08/05/2013,22.95,23.22,22.56,22.68,30117
08/06/2013,22.6,22.93,22.19,22.77,35724
08/07/2013,22.66,22.73,21.23,21.72,77063
08/08/2013,22.08,22.91,21.66,22.5,79360
08/09/2013,18.33,21.14,18.031,20.96,847762
08/12/2013,20.84,21.35,19.931,20.43,186825
08/13/2013,20.33,20.33,18.529,18.669,595253
08/14/2013,18.848,18.958,16.588,17.252,289015
08/15/2013,16.983,17.551,16.553,17.252,180800
08/16/2013,17.172,17.511,16.893,17.132,51117
08/19/2013,17.172,17.172,15.745,15.755,318524
08/20/2013,15.775,17.561,15.775,17.461,346166
08/21/2013,17.392,17.412,16.149,16.354,97417
08/22/2013,16.534,16.963,16.534,16.823,53622
08/23/2013,16.823,16.963,16.289,16.703,44774
08/26/2013,16.663,16.893,16.324,16.334,44124
08/27/2013,16.214,16.434,15.276,15.396,91308
08/28/2013,15.416,15.795,15.346,15.466,38596
08/29/2013,15.466,15.755,15.177,15.226,30866
08/30/2013,15.167,15.446,14.259,14.408,95494
09/03/2013,14.767,14.767,14.548,14.628,143250
09/04/2013,14.688,14.767,14.458,14.668,122750
09/05/2013,14.638,14.737,14.578,14.618,32127
09/06/2013,14.618,15.097,14.398,14.683,132591
09/09/2013,14.688,15.226,14.638,14.708,143001
09/10/2013,9.21,10.207,8.98,10.018,2492884
09/11/2013,9.978,10.307,9.958,10.198,444296
09/12/2013,10.377,10.396,10.048,10.158,171034
09/13/2013,10.138,10.407,9.788,9.968,194098
09/16/2013,9.978,10.108,9.689,9.798,293246
09/17/2013,9.719,9.798,9.459,9.659,549891
09/18/2013,9.679,9.739,9.409,9.599,254945
09/19/2013,9.469,9.579,9.379,9.469,295732
09/20/2013,9.469,9.479,9.17,9.23,409353
09/23/2013,9.19,9.299,8.91,9.16,315083
09/24/2013,9.13,9.28,8.901,9.22,156306
09/25/2013,9.23,9.649,9.12,9.509,312146
09/26/2013,9.529,10.227,9.479,9.978,652053
09/27/2013,9.998,10.028,9.729,9.848,228510
09/30/2013,9.749,9.968,9.679,9.858,208551
10/01/2013,9.808,9.948,9.758,9.848,325555
10/02/2013,9.709,9.938,9.709,9.878,344766
10/03/2013,9.838,9.878,9.609,9.798,225526
10/04/2013,9.798,9.858,9.709,9.739,162915
10/07/2013,9.659,9.674,9.379,9.409,327066
10/08/2013,9.429,9.469,9.17,9.22,169609
10/09/2013,9.25,9.27,9.13,9.17,371225
10/10/2013,9.28,9.449,9.26,9.329,174624
10/11/2013,9.28,9.768,9.232,9.379,548250
10/14/2013,9.369,9.499,9.364,9.459,119962
10/15/2013,9.419,9.509,9.369,9.469,113932
10/16/2013,9.459,9.489,9.27,9.449,133133
10/17/2013,9.449,9.649,9.362,9.599,203262
10/18/2013,9.589,9.719,9.489,9.599,329668
10/21/2013,9.589,9.808,9.459,9.569,172744
10/22/2013,9.619,9.619,9.409,9.459,101336
10/23/2013,9.389,9.479,9.24,9.26,112324
10/24/2013,9.299,9.349,9.2,9.21,48232
10/25/2013,9.26,9.369,9.13,9.18,87918
10/28/2013,9.1,9.28,9.07,9.12,68755
10/29/2013,9.09,9.389,9.04,9.13,287362
10/30/2013,9.1,9.18,8.98,8.99,203181
10/31/2013,8.98,9.02,8.911,8.97,948939
11/01/2013,8.96,9.04,8.781,8.811,660534
11/04/2013,8.821,8.831,8.182,8.641,504836
11/05/2013,8.581,8.631,8.491,8.511,154067
11/06/2013,8.501,8.541,8.431,8.471,146240
11/07/2013,8.471,8.481,8.282,8.332,117567
11/08/2013,8.332,8.342,8.222,8.232,131531
11/11/2013,8.222,8.481,8.092,8.431,214569
11/12/2013,8.401,8.551,8.401,8.511,78722
11/13/2013,8.491,9.01,8.411,8.86,333289
11/14/2013,8.841,9.589,8.841,9.459,423135
11/15/2013,9.469,9.559,9.1,9.12,236601
11/18/2013,9.1,9.369,9.09,9.12,248938
11/19/2013,9.1,9.17,8.691,8.721,352694
11/20/2013,8.681,8.751,8.112,8.212,536918
11/21/2013,8.252,8.312,8.002,8.222,186899
11/22/2013,7.933,8.072,7.533,7.733,909764
11/25/2013,7.613,7.833,7.563,7.703,160597
11/26/2013,7.693,7.883,7.543,7.833,373575
11/27/2013,7.883,8.182,7.758,8.182,159400
11/29/2013,8.182,8.312,8.062,8.192,79719
12/02/2013,8.202,8.272,7.992,8.112,107340
12/03/2013,8.152,8.322,8.052,8.162,126051
12/04/2013,8.122,8.272,8.122,8.177,207819
12/05/2013,8.172,8.182,8.132,8.182,49573
12/06/2013,8.182,8.591,8.182,8.551,188914
12/09/2013,8.421,8.561,8.302,8.391,205700
12/10/2013,8.312,8.801,8.312,8.781,124922
12/11/2013,8.821,9.958,8.801,9.868,352046
12/12/2013,9.798,9.858,9.399,9.729,229164
12/13/2013,9.948,11.155,9.928,10.846,791356
12/16/2013,10.906,10.976,10.567,10.826,216995
12/17/2013,10.806,10.806,10.377,10.557,131052
12/18/2013,10.587,10.676,10.412,10.517,123973
12/19/2013,10.437,10.657,10.247,10.287,146181
12/20/2013,10.247,11.026,10.247,10.946,295073
12/23/2013,11.106,11.475,10.809,11.455,252152
12/24/2013,11.445,11.874,11.405,11.654,119398
12/26/2013,11.724,11.828,11.275,11.285,84891
12/27/2013,11.295,11.545,11.146,11.395,78180
12/30/2013,11.415,11.974,11.305,11.944,151858
12/31/2013,11.934,11.954,11.594,11.774,101359
01/02/2014,11.674,11.764,10.986,11.325,184406
01/03/2014,11.415,11.734,11.249,11.564,140189
01/06/2014,11.654,11.724,11.325,11.594,118633
01/07/2014,11.584,12.373,11.445,11.824,220089
01/08/2014,11.874,12.004,11.545,11.964,146172
01/09/2014,11.974,11.974,11.295,11.924,128417
01/10/2014,11.834,12.083,11.574,11.794,104313
01/13/2014,11.804,11.964,11.425,11.624,87929
01/14/2014,11.644,11.834,11.485,11.535,79118
01/15/2014,11.525,11.724,11.315,11.535,119933
01/16/2014,11.555,11.704,11.475,11.505,88453
01/17/2014,11.465,11.564,11.275,11.325,34222
01/21/2014,11.345,11.654,11.285,11.584,59528
01/22/2014,11.634,11.674,11.225,11.355,49207
01/23/2014,11.335,11.445,11.255,11.395,23839
01/24/2014,11.305,11.305,10.627,10.666,65427
01/27/2014,10.666,10.696,10.178,10.267,54976
01/28/2014,10.287,10.347,10.088,10.237,64838
01/29/2014,10.257,10.267,9.808,9.808,62493
01/30/2014,9.888,10.666,9.888,10.237,67878
01/31/2014,10.088,10.237,9.838,9.858,63369
02/03/2014,9.858,9.858,9.19,9.429,139927
02/04/2014,9.439,9.699,9.379,9.559,57434
02/05/2014,9.659,9.878,9.18,9.559,74912
02/06/2014,9.619,10.138,9.549,9.828,56808
02/07/2014,9.858,10.277,9.858,10.148,51537
02/10/2014,10.168,10.377,10.068,10.237,168081
02/11/2014,12.083,12.941,11.714,12.163,1156773
02/12/2014,12.223,12.502,11.884,12.373,507183
02/13/2014,12.173,12.472,12.023,12.413,229158
02/14/2014,12.413,12.542,12.243,12.403,117089
02/18/2014,12.313,12.403,12.113,12.243,231347
02/19/2014,12.223,12.363,12.203,12.213,131902
02/20/2014,12.133,12.293,12.083,12.223,175855
02/21/2014,12.133,12.133,11.664,11.714,188388
02/24/2014,11.634,12.063,11.634,11.844,81669
02/25/2014,11.834,11.944,11.744,11.794,90243
02/26/2014,11.804,11.924,11.684,11.754,72364
02/27/2014,11.644,11.824,11.604,11.634,52776
02/28/2014,11.594,11.694,10.896,10.946,139552
03/03/2014,10.806,11.275,10.696,11.096,59000
03/04/2014,11.225,11.664,11.225,11.465,95625
03/05/2014,11.535,11.614,11.295,11.604,45263
03/06/2014,11.584,11.644,11.385,11.415,24146
03/07/2014,11.525,11.574,11.375,11.574,76130
03/10/2014,11.515,11.624,11.475,11.515,53113
03/11/2014,11.465,11.574,10.976,11.026,64329
03/12/2014,11.096,11.135,10.776,10.836,91452
03/13/2014,10.846,11.115,10.816,10.956,76023
03/14/2014,10.866,10.966,10.607,10.706,68944
03/17/2014,10.766,11.165,10.746,11.125,39177
03/18/2014,11.076,11.475,11.076,11.435,66273
03/19/2014,11.385,11.574,11.205,11.445,48787
03/20/2014,11.225,11.225,10.976,11.086,70704
03/21/2014,11.106,11.106,10.876,10.986,81083
03/24/2014,10.976,11.016,9.968,10.078,162390
03/25/2014,10.168,10.427,9.709,10.307,93656
03/26/2014,10.417,10.477,9.509,9.639,156560
03/27/2014,9.689,9.968,9.529,9.908,72340
03/28/2014,9.898,10.058,9.699,9.958,105064
03/31/2014,9.878,10.357,9.838,10.108,53424
04/01/2014,10.088,10.387,10.038,10.188,60395
04/02/2014,10.178,10.527,10.028,10.307,85710
04/03/2014,10.188,10.188,9.619,9.689,102349
04/04/2014,9.798,9.798,9.309,9.619,80593
04/07/2014,9.539,9.918,9.295,9.828,46732
04/08/2014,9.729,10.407,9.489,10.317,110702
04/09/2014,10.337,10.477,10.058,10.477,39081
04/10/2014,10.427,10.427,9.47,9.938,149339
04/11/2014,9.808,9.808,9.459,9.539,62501
04/14/2014,9.699,9.719,8.938,9.02,186440
04/15/2014,9.09,9.499,8.751,9.439,95559
04/16/2014,9.545,9.545,8.87,9.26,105709
04/17/2014,9.22,9.629,9.13,9.499,42493
04/21/2014,9.529,9.719,9.339,9.419,27160
04/22/2014,9.449,9.808,9.359,9.739,44302
04/23/2014,9.729,9.788,9.399,9.499,27544
04/24/2014,9.669,9.898,9.28,9.349,38828
04/25/2014,9.339,9.419,8.801,8.96,64076
04/28/2014,8.98,9.01,8.761,8.99,75087
04/29/2014,9.06,9.11,8.9,8.99,39584
04/30/2014,8.98,9.07,8.88,9.01,46138
05/01/2014,8.94,9.09,8.671,9,146775
05/02/2014,10.477,10.477,9.699,10.367,582417
05/05/2014,10.247,10.676,10.028,10.477,169913
05/06/2014,10.477,10.477,9.958,10.008,173958
05/07/2014,9.998,9.998,9.359,9.818,110160
05/08/2014,9.828,10.257,9.539,9.579,139635
05/09/2014,9.509,9.798,9.359,9.758,62797
05/12/2014,9.848,10.327,9.848,10.207,109160
05/13/2014,10.148,10.317,10.138,10.188,45572
05/14/2014,10.178,10.178,9.719,9.739,31383
05/15/2014,9.629,9.728,9.18,9.599,75576
05/16/2014,9.539,9.689,9.449,9.549,74571
05/19/2014,9.479,10.018,9.469,9.978,98626
05/20/2014,9.868,10.038,9.639,9.828,47508
05/21/2014,9.968,10.168,9.729,9.858,119025
05/22/2014,9.838,10.327,9.719,10.287,121780
05/23/2014,10.247,10.676,10.168,10.647,212957
05/27/2014,10.627,10.926,10.627,10.886,119248
05/28/2014,10.956,11.006,10.786,10.936,154107
05/29/2014,10.946,11.225,10.881,11.016,140263
05/30/2014,11.026,11.086,10.756,11.026,93643
06/02/2014,11.026,11.026,10.457,10.577,72248
06/03/2014,10.517,10.567,10.108,10.247,63309
06/04/2014,10.227,10.367,10.092,10.237,37879
06/05/2014,10.227,10.607,10.098,10.477,49604
06/06/2014,10.587,10.627,10.337,10.497,93217
06/09/2014,10.457,10.806,10.427,10.786,79624
06/10/2014,10.788,11.155,10.756,10.776,56653
06/11/2014,10.676,10.821,10.367,10.746,33225
06/12/2014,10.686,10.825,10.397,10.686,46500
06/13/2014,10.736,10.766,10.377,10.567,24757
06/16/2014,10.507,11.036,10.507,11.026,137635
06/17/2014,10.996,11.215,10.956,11.056,104980
06/18/2014,11.056,11.225,11.056,11.175,87658
06/19/2014,11.215,11.225,11.081,11.185,72718
06/20/2014,11.205,11.305,11.016,11.185,107860
06/23/2014,11.195,11.525,11.066,11.185,99282
06/24/2014,11.195,11.475,11.106,11.345,86694
06/25/2014,11.215,11.455,10.926,11.345,106438
06/26/2014,11.325,11.495,11.036,11.395,188264
06/27/2014,11.345,11.545,11.175,11.185,702785
06/30/2014,11.195,11.355,10.986,11.026,106577
07/01/2014,11.125,11.395,10.926,11.155,155357
07/02/2014,11.106,11.225,10.966,10.996,70834
07/03/2014,11.026,11.076,10.746,10.796,51329
07/07/2014,10.726,10.726,10.198,10.257,176116
07/08/2014,10.227,10.257,9.649,9.928,171708
07/09/2014,9.928,9.958,9.609,9.699,83213
07/10/2014,9.788,10.058,9.419,9.739,89929
07/11/2014,9.729,9.968,9.729,9.958,63241
07/14/2014,9.958,10.227,9.938,10.098,46249
07/15/2014,10.008,10.128,9.609,9.639,61464
07/16/2014,9.719,9.798,9.439,9.778,72235
07/17/2014,9.679,9.739,9.489,9.539,85037
07/18/2014,9.529,9.998,9.529,9.938,53581
07/21/2014,9.858,9.928,9.719,9.888,47039
07/22/2014,9.968,10.118,9.818,9.998,43969
07/23/2014,10.058,10.058,9.609,9.626,40809
07/24/2014,9.689,9.988,9.631,9.918,37919
07/25/2014,9.778,9.798,9.479,9.579,59669
07/28/2014,9.579,9.719,9.489,9.539,61347
07/29/2014,9.539,9.768,9.479,9.649,47057
07/30/2014,9.729,9.798,9.599,9.699,21664
07/31/2014,9.569,9.896,9.509,9.808,73693
08/01/2014,9.798,9.908,9.529,9.699,100960
08/04/2014,9.709,9.729,9.449,9.579,43617
08/05/2014,9.469,9.719,9.349,9.639,71526
08/06/2014,8.99,9.878,8.536,9.14,167868
08/07/2014,9.04,9.22,9.03,9.15,127152
08/08/2014,9.13,9.25,8.99,9.19,91734
08/11/2014,9.27,9.479,9.18,9.379,53538
08/12/2014,9.28,9.334,9,9.06,90559
08/13/2014,9.08,9.22,9.02,9.12,58515
08/14/2014,9.13,9.13,8.98,9.08,108799
08/15/2014,9.13,9.13,8.85,8.98,120103
08/18/2014,9.09,9.11,8.97,9.1,63466
08/19/2014,9.06,9.309,9.06,9.27,67587
08/20/2014,9.18,9.19,8.97,9.14,107925
08/21/2014,9.05,9.479,9.02,9.379,125522
08/22/2014,9.339,9.479,9.23,9.369,138475
08/25/2014,9.409,9.629,9.27,9.28,159192
08/26/2014,9.27,9.429,9.16,9.399,53885
08/27/2014,9.379,9.419,9.27,9.309,25032
08/28/2014,9.28,9.319,9.01,9.02,24293
08/29/2014,9,9.329,9,9.22,127604
09/02/2014,9.29,9.529,9.27,9.439,118709
09/03/2014,9.549,9.639,9.309,9.309,92736
09/04/2014,9.349,9.369,9.26,9.299,88286
09/05/2014,9.27,9.339,9.2,9.24,91609
09/08/2014,9.28,9.299,8.93,9.19,206038
09/09/2014,9.21,9.379,9.21,9.329,84722
09/10/2014,9.359,10.257,9.359,10.068,159167
09/11/2014,9.978,10.098,9.818,9.858,90425
09/12/2014,9.878,9.878,9.569,9.699,57236
09/15/2014,9.729,9.808,9.519,9.679,55959
09/16/2014,9.749,9.948,9.749,9.838,64942
09/17/2014,9.868,10.027,9.848,9.858,47698
09/18/2014,9.898,9.958,9.848,9.938,44017
09/19/2014,9.978,10.227,9.719,9.758,274901
09/22/2014,9.729,9.968,9.659,9.948,76952
09/23/2014,9.948,10.028,9.808,9.868,65151
09/24/2014,9.898,9.928,9.659,9.888,38795
09/25/2014,9.858,9.998,9.559,9.619,48766
09/26/2014,9.609,9.713,9.609,9.689,28141
09/29/2014,9.559,9.808,9.559,9.649,26230
09/30/2014,9.609,9.938,9.609,9.808,66112
10/01/2014,9.798,9.798,9.489,9.519,78544
10/02/2014,9.509,9.689,9.439,9.629,20442
10/03/2014,9.778,9.978,9.709,9.798,34757
10/06/2014,9.798,10.098,9.788,9.918,54738
10/07/2014,9.868,9.928,9.509,9.519,67648
10/08/2014,9.489,9.978,9.479,9.978,66151
10/09/2014,9.968,9.968,9.479,9.489,22466
10/10/2014,9.399,9.589,9.329,9.419,49934
10/13/2014,9.469,9.978,9.2,9.669,95290
10/14/2014,9.818,9.928,9.579,9.669,45673
10/15/2014,9.549,9.609,9.23,9.329,130274
10/16/2014,9.18,9.429,9.18,9.23,76561
10/17/2014,9.28,9.379,8.751,9.03,99841
10/20/2014,8.98,9.399,8.98,9.22,34763
10/21/2014,9.24,9.24,9.01,9.1,61025
10/22/2014,9.07,9.23,9.07,9.13,34853
10/23/2014,9.21,9.29,8.98,9.05,80488
10/24/2014,9.12,9.2,9.08,9.13,72891
10/27/2014,9.13,9.349,8.85,9.22,64490
10/28/2014,9.299,9.988,9.22,9.719,116439
10/29/2014,9.729,9.729,9.549,9.679,17345
10/30/2014,9.609,9.729,9.609,9.719,31421
10/31/2014,9.868,9.918,9.639,9.709,63939
11/03/2014,9.788,9.908,9.499,9.549,46130
11/04/2014,9.469,9.729,9.369,9.729,83572
11/05/2014,9.729,10.088,9.649,10.078,122174
11/06/2014,9.978,10.108,9.709,10.088,60224
11/07/2014,10.048,10.247,9.888,10.078,91392
11/10/2014,10.078,10.098,10.018,10.078,68781
11/11/2014,11.006,11.245,10.299,10.457,558867
11/12/2014,10.477,10.477,10.317,10.467,126704
11/13/2014,10.427,10.716,10.168,10.198,222695
11/14/2014,10.257,10.377,10.148,10.347,47092
11/17/2014,10.287,10.367,10.088,10.267,73694
11/18/2014,10.227,10.567,10.168,10.367,347846
11/19/2014,10.317,10.327,10.028,10.148,74764
11/20/2014,10.098,10.477,10.078,10.445,152003
11/21/2014,10.477,10.577,10.198,10.217,194352
11/24/2014,10.277,10.357,10.17,10.307,54325
11/25/2014,10.307,10.327,10.267,10.297,39198
11/26/2014,10.257,10.327,10.257,10.317,133364
11/28/2014,10.247,10.577,10.247,10.277,223899
12/01/2014,10.178,10.507,10.178,10.407,136615
12/02/2014,10.387,10.537,10.337,10.477,225452
12/03/2014,10.437,10.836,10.357,10.806,657144
12/04/2014,10.736,10.956,10.736,10.786,106258
12/05/2014,10.766,10.996,10.756,10.946,189838
12/08/2014,10.846,11.096,10.761,10.896,71776
12/09/2014,10.726,11.006,10.577,10.956,69561
12/10/2014,10.886,10.976,10.587,10.597,47339
12/11/2014,10.637,10.896,10.397,10.407,90750
12/12/2014,10.267,10.776,10.267,10.487,86193
12/15/2014,10.497,10.646,10.267,10.277,48184
12/16/2014,10.287,10.627,10.287,10.497,58368
12/17/2014,10.507,10.776,10.447,10.746,76056
12/18/2014,10.826,10.936,10.657,10.826,59768
12/19/2014,10.796,10.896,10.657,10.676,65220
12/22/2014,10.607,10.786,10.537,10.557,68329
12/23/2014,10.617,10.666,10.477,10.577,38881
12/24/2014,10.567,10.906,10.557,10.836,34287
12/26/2014,10.846,11.315,10.781,10.976,88235
12/29/2014,11.016,11.086,10.836,10.976,37541
12/30/2014,10.906,10.996,10.607,10.676,87480
12/31/2014,10.686,10.746,10.467,10.597,77566
01/02/2015,10.617,10.781,10.367,10.567,37640
01/05/2015,10.557,10.976,10.347,10.936,158565
01/06/2015,10.836,10.896,10.577,10.577,70778
01/07/2015,10.686,10.686,10.477,10.547,207940
01/08/2015,10.647,10.976,10.637,10.956,56986
01/09/2015,10.856,10.926,10.587,10.627,81218
01/12/2015,10.617,11.006,10.577,10.976,45478
01/13/2015,11.006,11.315,10.996,11.205,103134
01/14/2015,11.125,11.245,11.016,11.016,38629
01/15/2015,11.106,11.175,10.706,10.846,108698
01/16/2015,10.786,11.046,10.277,10.776,197994
01/20/2015,10.756,11.225,10.756,11.106,179660
01/21/2015,11.096,11.135,10.806,10.876,47542
01/22/2015,10.966,11.106,10.796,11.006,58453
01/23/2015,11.006,11.026,10.876,10.976,22291
01/26/2015,10.976,11.12,10.896,10.996,89561
01/27/2015,11.016,11.016,10.826,10.906,89929
01/28/2015,10.956,11.006,10.477,10.527,92665
01/29/2015,10.567,10.936,10.517,10.906,211846
01/30/2015,10.776,10.866,10.666,10.676,76176
02/02/2015,10.726,10.771,10.577,10.746,77741
02/03/2015,10.746,11.165,10.746,11.115,148752
02/04/2015,10.996,11.165,10.986,11.016,35732
02/05/2015,11.076,11.255,11.076,11.215,125057
02/06/2015,11.265,11.305,11.145,11.175,116435
02/09/2015,11.096,11.265,11.066,11.155,127955
02/10/2015,11.315,11.724,10.816,11.275,256233
02/11/2015,11.225,11.325,11.016,11.265,92570
02/12/2015,11.265,11.754,11.245,11.624,132298
02/13/2015,11.604,11.704,11.584,11.604,68898
02/17/2015,11.465,11.594,11.435,11.485,86162
02/18/2015,11.495,11.535,11.28,11.475,98944
02/19/2015,11.425,12.243,11.425,12.043,246439
02/20/2015,12.043,12.243,11.934,12.153,81423
02/23/2015,12.143,12.143,11.764,11.914,163654
02/24/2015,11.884,12.033,11.854,12.014,74013
02/25/2015,11.974,12.383,11.974,12.303,105338
02/26/2015,12.243,12.413,12.243,12.343,47664
02/27/2015,12.293,12.423,12.263,12.343,44666
03/02/2015,12.273,12.542,12.273,12.502,87964
03/03/2015,12.472,12.472,12.183,12.243,65024
03/04/2015,12.083,12.293,11.859,12.093,75408
03/05/2015,12.123,12.323,11.904,11.974,80951
03/06/2015,11.874,11.974,11.784,11.794,35757
03/09/2015,11.764,11.774,11.545,11.584,44683
03/10/2015,11.425,11.515,11.245,11.335,100801
03/11/2015,11.325,11.335,11.125,11.165,66602
03/12/2015,11.145,11.535,11.145,11.525,151118
03/13/2015,11.435,11.744,11.375,11.694,99286
03/16/2015,11.834,11.874,11.714,11.784,36616
03/17/2015,11.794,11.944,11.754,11.864,46589
03/18/2015,11.874,11.974,11.75,11.954,42458
03/19/2015,11.974,12.053,11.864,11.904,72780
03/20/2015,12.033,12.063,11.884,12.014,102104
03/23/2015,11.964,12.103,11.902,12.073,61979
03/24/2015,12.063,12.213,11.954,12.073,35516
03/25/2015,12.053,12.053,11.794,11.894,74853
03/26/2015,11.834,12.073,11.754,12.033,19673
03/27/2015,11.984,12.014,11.859,11.964,55833
03/30/2015,11.974,12.053,11.814,11.884,49888
03/31/2015,11.844,11.964,11.834,11.924,23547
04/01/2015,11.884,12.243,11.664,12.113,110415
04/02/2015,12.133,12.323,12.014,12.033,70224
04/06/2015,11.974,12.153,11.924,12.023,39713
04/07/2015,12.043,12.203,12.014,12.173,37574
04/08/2015,12.173,12.472,12.153,12.363,30719
04/09/2015,12.323,12.403,11.974,12.403,40597
04/10/2015,12.403,12.472,12.203,12.433,48172
04/13/2015,12.463,12.472,12.323,12.383,78639
04/14/2015,12.403,12.547,12.208,12.492,30718
04/15/2015,12.472,12.672,12.283,12.472,207322
04/16/2015,12.482,12.482,12.312,12.453,9638
04/17/2015,12.373,12.373,12.133,12.263,87508
04/20/2015,12.343,12.512,12.113,12.253,73297
04/21/2015,12.303,12.373,12.213,12.213,36577
04/22/2015,12.223,12.223,11.974,12.193,69445
04/23/2015,12.103,12.492,11.974,12.423,59451
04/24/2015,12.393,12.472,12.113,12.133,34340
04/27/2015,12.133,12.273,11.974,11.994,33531
04/28/2015,12.033,12.163,11.904,12.123,43619
04/29/2015,12.043,12.143,11.904,11.974,30091
04/30/2015,11.934,11.954,11.594,11.734,100996
05/01/2015,11.704,12.123,11.545,11.934,86474
05/04/2015,11.924,12.014,11.689,11.724,71411
05/05/2015,11.724,11.774,11.574,11.694,122077
05/06/2015,11.694,11.774,11.495,11.594,60759
05/07/2015,11.545,11.684,11.455,11.555,47257
05/08/2015,11.624,11.674,11.455,11.485,62473
05/11/2015,11.475,11.545,11.265,11.455,161963
05/12/2015,11.455,11.604,10.976,11.225,226219
05/13/2015,11.295,11.345,10.976,11.195,81424
05/14/2015,11.315,11.485,11.125,11.395,82886
05/15/2015,11.345,11.594,11.235,11.325,50698
05/18/2015,11.285,11.525,11.285,11.435,30055
05/19/2015,11.395,11.405,11.145,11.305,104317
05/20/2015,11.305,11.305,11.016,11.165,76162
05/21/2015,11.096,11.275,11.028,11.145,79522
05/22/2015,11.165,11.235,11.096,11.175,61911
05/26/2015,11.086,11.225,11.056,11.115,82305
05/27/2015,11.066,11.385,10.956,11.335,57312
05/28/2015,11.325,11.964,11.225,11.894,198958
05/29/2015,11.904,11.904,11.455,11.545,174970
06/01/2015,11.644,11.744,11.315,11.624,120358
06/02/2015,11.555,11.744,11.495,11.505,34161
06/03/2015,11.495,11.624,11.465,11.574,117220
06/04/2015,11.495,11.535,11.225,11.375,109110
06/05/2015,11.295,11.517,11.225,11.285,161929
06/08/2015,11.315,11.465,11.175,11.255,52894
06/09/2015,11.245,11.305,11.115,11.175,60426
06/10/2015,11.195,11.455,11.195,11.305,40901
06/11/2015,11.255,11.315,11.125,11.185,53390
06/12/2015,11.185,11.594,11.17,11.574,161736
06/15/2015,11.435,12.273,11.435,12.233,110078
06/16/2015,12.173,12.314,11.984,12.043,107519
06/17/2015,12.113,12.253,11.924,11.964,26017
06/18/2015,12.004,12.233,11.844,12.183,84482
06/19/2015,12.233,12.283,12.053,12.243,138292
06/22/2015,12.253,12.363,12.113,12.293,33383
06/23/2015,12.323,12.443,12.283,12.373,14448
06/24/2015,12.393,12.413,12.053,12.233,38883
06/25/2015,12.243,12.323,12.093,12.183,29463
06/26/2015,12.203,12.413,11.834,12.403,131868
06/29/2015,12.173,12.173,11.684,11.804,49952
06/30/2015,11.844,11.914,11.674,11.894,51396
07/01/2015,11.974,12.213,11.904,11.974,57806
07/02/2015,12.023,12.023,11.724,11.764,29360
07/06/2015,11.714,11.834,11.535,11.584,65489
07/07/2015,11.754,11.86,11.525,11.644,43411
07/08/2015,11.525,11.964,11.525,11.884,44983
07/09/2015,11.974,12.198,11.884,11.994,46774
07/10/2015,12.083,12.163,11.964,12.063,41989
07/13/2015,12.083,12.143,11.994,12.004,27707
07/14/2015,11.924,12.043,11.904,12.014,62101
07/15/2015,12.004,12.163,11.894,11.914,37868
07/16/2015,11.944,12.183,11.944,12.063,60789
07/17/2015,12.063,12.063,11.485,11.744,49075
07/20/2015,11.784,11.854,11.694,11.704,27863
07/21/2015,11.674,12.163,11.485,11.694,176833
07/22/2015,11.644,11.904,11.614,11.864,38400
07/23/2015,11.834,11.984,11.525,11.614,31761
07/24/2015,11.574,11.774,11.355,11.505,48230
07/27/2015,11.405,11.704,11.315,11.435,51015
07/28/2015,11.515,11.784,11.195,11.475,119926
07/29/2015,11.614,11.614,11.185,11.195,22798
07/30/2015,11.145,11.435,11.021,11.365,58064
07/31/2015,11.335,11.395,11.225,11.335,50339
08/03/2015,11.365,11.405,11.164,11.265,21216
08/04/2015,11.305,11.425,11.238,11.275,16799
08/05/2015,11.335,11.395,11.245,11.355,44305
08/06/2015,11.375,11.475,11.125,11.155,33344
08/07/2015,11.066,11.335,11.016,11.086,59076
08/10/2015,11.155,11.18,10.846,10.946,164307
08/11/2015,10.966,11.305,10.217,10.657,128816
08/12/2015,10.567,10.627,10.407,10.487,54009
08/13/2015,10.477,10.477,10.247,10.277,45128
08/14/2015,10.188,10.407,10.018,10.188,88166
08/17/2015,10.237,10.237,10.058,10.098,27544
08/18/2015,10.048,10.128,9.968,9.978,34952
08/19/2015,9.898,10.058,9.878,10.008,64310
08/20/2015,9.988,10.108,9.938,10.098,56824
08/21/2015,9.888,10.357,9.808,10.237,71193
08/24/2015,9.828,10.517,9.828,10.098,134271
08/25/2015,10.198,10.457,10.063,10.168,87807
08/26/2015,10.347,10.347,9.948,10.227,52647
08/27/2015,10.227,10.307,10.148,10.267,72126
08/28/2015,10.207,10.347,10.138,10.277,144558
08/31/2015,10.178,10.407,10.158,10.277,36539
09/01/2015,10.118,10.287,9.908,9.948,54233
09/02/2015,10.058,10.058,9.948,10.038,26556
09/03/2015,9.998,10.078,9.938,9.978,38211
09/04/2015,9.848,9.988,9.848,9.978,32169
09/08/2015,10.088,10.367,10.048,10.317,22029
09/09/2015,10.417,10.417,10.068,10.198,54620
09/10/2015,10.158,10.467,10.158,10.377,21482
09/11/2015,10.307,10.447,10.257,10.367,25669
09/14/2015,10.397,10.517,10.317,10.327,12089
09/15/2015,10.317,10.447,10.317,10.427,19619
09/16/2015,10.427,10.437,10.078,10.128,21629
09/17/2015,10.128,10.377,10.118,10.188,255603
09/18/2015,10.088,10.597,10.088,10.307,82283
09/21/2015,10.397,10.477,10.227,10.297,16122
09/22/2015,10.078,10.277,10.078,10.227,49706
09/23/2015,10.158,10.437,10.078,10.128,74546
09/24/2015,10.307,10.317,10.038,10.247,104798
09/25/2015,10.347,10.347,9.918,9.978,114494
09/28/2015,9.988,10.098,9.888,10.048,93018
09/29/2015,10.018,10.038,9.868,10.018,45312
09/30/2015,10.128,10.128,9.729,9.988,68756
10/01/2015,9.958,10.048,9.778,9.888,28326
10/02/2015,9.838,10.138,9.828,10.078,34932
10/05/2015,10.158,10.397,10.098,10.377,42805
10/06/2015,10.327,10.507,9.898,10.028,34947
10/07/2015,10.038,10.427,9.948,10.407,38772
10/08/2015,10.347,10.482,10.168,10.287,18815
10/09/2015,10.317,10.367,9.958,10.038,42310
10/12/2015,10.068,10.327,10.038,10.148,28406
10/13/2015,10.138,10.188,9.948,9.978,113028
10/14/2015,10.088,10.098,9.768,9.898,48984
10/15/2015,9.878,10.178,9.878,10.113,32215
10/16/2015,10.178,10.178,9.938,9.988,29281
10/19/2015,10.008,10.098,9.946,10.038,17356
10/20/2015,10.018,10.237,9.978,10.008,73687
10/21/2015,10.028,10.078,9.928,10.028,25583
10/22/2015,10.038,10.297,10.028,10.098,73000
10/23/2015,10.277,10.327,10.187,10.267,49519
10/26/2015,10.317,10.317,10.227,10.267,10783
10/27/2015,10.257,10.277,9.978,10.078,33319
10/28/2015,10.058,10.118,9.958,10.028,304779
10/29/2015,10.098,10.098,9.978,10.058,24955
10/30/2015,10.058,10.083,9.998,10.068,38988
11/02/2015,10.078,10.477,10.058,10.098,327506
11/03/2015,10.078,10.367,10.078,10.217,60134
11/04/2015,10.168,10.726,10.149,10.607,56561
11/05/2015,10.617,10.696,10.387,10.557,94504
11/06/2015,10.517,10.617,10.407,10.547,40626
11/09/2015,10.537,10.726,10.437,10.527,96399
11/10/2015,10.078,10.158,9.739,10.008,677111
11/11/2015,9.978,10.088,9.948,10.078,338000
11/12/2015,10.008,10.347,10.008,10.247,293289
11/13/2015,10.118,10.477,10.078,10.357,195770
11/16/2015,10.317,10.377,10.118,10.317,123190
11/17/2015,10.267,10.567,10.207,10.467,122313
11/18/2015,10.407,10.567,10.407,10.537,66624
11/19/2015,10.517,10.826,10.517,10.786,177482
11/20/2015,10.856,11.115,10.786,10.946,140217
11/23/2015,10.846,11.106,10.846,11.016,177349
11/24/2015,10.856,10.926,10.427,10.637,376549
11/25/2015,10.537,11.275,10.537,11.205,299660
11/27/2015,11.145,11.754,11.145,11.724,61139
11/30/2015,11.704,11.818,11.604,11.614,127879
12/01/2015,11.604,11.714,11.455,11.654,113324
12/02/2015,11.624,11.694,11.574,11.634,42486
12/03/2015,11.604,11.714,11.195,11.205,70391
12/04/2015,11.245,11.395,11.115,11.355,41895
12/07/2015,11.375,11.375,11.155,11.335,145149
12/08/2015,11.235,11.405,11.235,11.27,74367
12/09/2015,11.195,11.285,10.916,10.976,129058
12/10/2015,10.926,11.096,10.926,10.986,153874
12/11/2015,10.826,11.165,10.826,11.096,141218
12/14/2015,11.036,11.155,10.826,10.866,47582
12/15/2015,10.966,11.036,10.886,11.026,34961
12/16/2015,11.056,11.056,10.826,11.016,36509
12/17/2015,11.076,11.145,10.896,10.906,44208
12/18/2015,10.836,11.185,10.816,11.115,338976
12/21/2015,11.016,11.225,11.016,11.165,58466
12/22/2015,11.205,11.205,10.946,11.175,60231
12/23/2015,11.205,11.275,11.026,11.175,82259
12/24/2015,11.205,11.435,11.175,11.415,13481
12/28/2015,11.315,11.425,11.006,11.265,23528
12/29/2015,11.295,11.375,11.255,11.375,20813
12/30/2015,11.335,11.42,10.966,10.966,33233
12/31/2015,11.046,11.185,10.876,11.125,66057
01/04/2016,10.956,11.18,10.627,10.746,107497
01/05/2016,10.756,10.816,10.647,10.756,82924
01/06/2016,10.627,10.736,10.517,10.597,34040
01/07/2016,10.467,10.617,10.217,10.597,79270
01/08/2016,10.527,10.647,10.188,10.227,62637
01/11/2016,10.277,10.377,10.038,10.257,505448
01/12/2016,10.337,10.477,10.148,10.357,84503
01/13/2016,10.387,10.527,10.217,10.257,100444
01/14/2016,10.297,10.597,10.178,10.487,96565
01/15/2016,10.377,10.577,10.277,10.507,143957
01/19/2016,10.567,10.696,10.277,10.357,110959
01/20/2016,10.257,10.696,10.098,10.567,87460
01/21/2016,10.607,10.686,10.407,10.487,45878
01/22/2016,10.607,10.926,10.567,10.647,68660
01/25/2016,10.647,10.666,10.138,10.287,90273
01/26/2016,10.337,10.377,10.028,10.267,112252
01/27/2016,10.207,10.297,9.978,10.088,247684
01/28/2016,10.158,10.517,10.018,10.447,91178
01/29/2016,10.467,10.886,10.467,10.886,78330
02/01/2016,10.776,10.896,10.567,10.686,50033
02/02/2016,10.627,10.786,10.507,10.557,26333
02/03/2016,10.627,10.726,10.322,10.577,45199
02/04/2016,10.587,10.696,10.437,10.557,32307
02/05/2016,10.567,10.637,9.868,9.978,102481
02/08/2016,9.818,10.457,9.818,9.908,149386
02/09/2016,10.227,10.227,9.17,9.379,167347
02/10/2016,9.459,9.689,9.399,9.579,108416
02/11/2016,9.449,9.818,9.409,9.539,91414
02/12/2016,9.589,9.689,9.479,9.559,76344
02/16/2016,9.978,9.978,9.689,9.808,59443
02/17/2016,9.928,9.998,9.798,9.978,115548
02/18/2016,9.948,10.008,9.778,9.928,117737
02/19/2016,9.928,10.198,9.878,10.138,73293
02/22/2016,10.128,10.327,10.118,10.227,100029
02/23/2016,10.227,10.267,10.118,10.207,121287
02/24/2016,10.178,10.188,9.868,10.138,57313
02/25/2016,10.078,10.227,10.028,10.178,92432
02/26/2016,10.217,10.247,10.138,10.217,44683
02/29/2016,10.188,10.337,10.188,10.307,80301
03/01/2016,10.337,10.736,10.287,10.676,254266
03/02/2016,10.806,10.956,10.487,10.836,231898
03/03/2016,10.806,11.106,10.806,10.956,144221
03/04/2016,10.916,11.305,10.828,10.936,104584
03/07/2016,10.846,11.255,10.676,10.806,63565
03/08/2016,10.706,10.906,10.585,10.776,48961
03/09/2016,10.756,10.856,10.577,10.836,249930
03/10/2016,10.836,10.966,10.666,10.716,109341
03/11/2016,10.776,10.826,10.676,10.726,337355
03/14/2016,10.736,10.776,10.577,10.756,51479
03/15/2016,10.666,10.666,10.387,10.477,376359
03/16/2016,10.467,10.666,10.377,10.577,44401
03/17/2016,10.547,10.756,10.527,10.666,44414
03/18/2016,10.736,10.946,10.582,10.866,128875
03/21/2016,10.866,10.876,10.647,10.666,32682
03/22/2016,10.607,10.816,10.567,10.647,28905
03/23/2016,10.617,10.756,10.347,10.437,35276
03/24/2016,10.397,10.547,10.317,10.477,30192
03/28/2016,10.517,10.532,10.377,10.387,19077
03/29/2016,10.507,10.886,10.397,10.856,48186
03/30/2016,10.916,10.916,10.706,10.756,27979
03/31/2016,10.776,10.836,10.627,10.736,25272
04/01/2016,10.657,10.856,10.657,10.796,21861
04/04/2016,10.806,10.906,10.637,10.657,25752
04/05/2016,10.617,10.746,10.467,10.547,49749
04/06/2016,10.417,10.617,10.417,10.517,18213
04/07/2016,10.477,10.537,10.387,10.497,21636
04/08/2016,10.597,10.617,10.437,10.547,41212
04/11/2016,10.617,10.776,10.497,10.547,25251
04/12/2016,10.527,10.637,10.467,10.507,231757
04/13/2016,10.567,10.896,10.567,10.886,45305
04/14/2016,10.876,10.876,10.557,10.627,31407
04/15/2016,10.597,10.691,10.497,10.517,34722
04/18/2016,10.497,10.647,10.497,10.647,175610
04/19/2016,10.686,10.956,10.657,10.946,38956
04/20/2016,10.956,10.956,10.726,10.736,25340
04/21/2016,10.746,10.776,10.666,10.746,60162
04/22/2016,10.647,10.956,10.647,10.876,109524
04/25/2016,10.876,10.926,10.726,10.846,42955
04/26/2016,10.786,10.956,10.706,10.926,75208
04/27/2016,10.946,11.046,10.826,10.966,120166
04/28/2016,10.936,11.096,10.696,10.906,16474
04/29/2016,10.876,10.886,10.487,10.656,43516
05/02/2016,10.766,10.916,10.607,10.846,42605
05/03/2016,10.816,10.856,10.597,10.637,23865
05/04/2016,10.637,10.826,10.547,10.557,28070
05/05/2016,10.617,10.766,10.547,10.617,198221
05/06/2016,10.567,10.796,10.567,10.657,33733
05/09/2016,10.666,10.846,10.666,10.736,23578
05/10/2016,10.736,10.866,10.587,10.776,155108
05/11/2016,10.816,10.876,10.597,10.647,76870
05/12/2016,10.676,10.696,10.487,10.507,30963
05/13/2016,10.487,10.597,10.387,10.457,216862
05/16/2016,10.507,10.647,10.467,10.477,107301
05/17/2016,10.487,10.487,10.217,10.387,79048
05/18/2016,10.377,10.557,10.337,10.347,59659
05/19/2016,10.337,10.517,10.307,10.427,601947
05/20/2016,10.487,11.225,10.457,11.215,251445
05/23/2016,11.115,11.405,11.115,11.345,127878
05/24/2016,11.355,11.954,11.355,11.894,122853
05/25/2016,11.934,12.014,11.824,11.974,152910
05/26/2016,11.914,12.363,11.914,12.173,102841
05/27/2016,12.083,12.423,12.083,12.413,125063
05/31/2016,12.343,12.512,12.263,12.263,179655
06/01/2016,12.273,12.652,12.263,12.443,256174
06/02/2016,12.383,12.931,12.383,12.931,65701
06/03/2016,12.812,13.141,12.812,13.021,193046
06/06/2016,13.121,13.311,12.971,13.281,145949
06/07/2016,13.261,13.57,13.261,13.48,100023
06/08/2016,13.54,13.949,13.5,13.71,306188
06/09/2016,13.66,13.755,13.55,13.61,62603
06/10/2016,13.46,13.7,13.42,13.575,63874
06/13/2016,13.5,13.74,13.5,13.64,76995
06/14/2016,13.61,13.75,13.61,13.63,45222
06/15/2016,13.68,13.685,13.56,13.57,66093
06/16/2016,13.47,13.59,13.311,13.5,95925
06/17/2016,13.48,13.59,13.331,13.5,87769
06/20/2016,13.57,13.73,13.5,13.5,141147
06/21/2016,13.54,13.59,13.371,13.47,35495
06/22/2016,13.55,13.59,13.301,13.301,40771
06/23/2016,13.43,13.59,13.43,13.57,50881
06/24/2016,13.061,13.43,12.951,13.371,241430
06/27/2016,13.251,13.52,12.702,12.752,107610
06/28/2016,12.832,12.971,12.712,12.852,76973
06/29/2016,13.031,13.231,12.882,13.181,80359
06/30/2016,13.271,13.49,13.231,13.321,115021
07/01/2016,13.38,13.57,13.211,13.281,117234
07/05/2016,13.251,13.39,13.111,13.151,57445
07/06/2016,13.041,13.201,13.016,13.061,53675
07/07/2016,13.151,13.151,12.852,12.941,78666
07/08/2016,13.101,13.211,13.041,13.171,65022
07/11/2016,13.271,13.5,13.201,13.425,76430
07/12/2016,13.56,13.56,13.201,13.261,51740
07/13/2016,13.371,13.371,13.191,13.251,76459
07/14/2016,13.4,13.43,13.191,13.331,92319
07/15/2016,13.43,13.49,13.291,13.46,89334
07/18/2016,13.49,13.7,13.371,13.66,178127
07/19/2016,13.74,13.839,13.44,13.45,102233
07/20/2016,13.56,13.57,13.39,13.47,64908
07/21/2016,13.47,13.47,13.081,13.101,82699
07/22/2016,13.101,13.211,13.071,13.116,91422
07/25/2016,12.922,13.121,12.492,12.981,145009
07/26/2016,12.971,13.221,12.964,13.091,49772
07/27/2016,13.101,13.191,12.931,13.011,20705
07/28/2016,12.991,13.261,12.951,12.951,18745
07/29/2016,12.931,13.031,12.732,12.872,34098
08/01/2016,12.892,12.981,12.752,12.912,40643
08/02/2016,12.782,12.862,12.672,12.772,35750
08/03/2016,12.792,12.862,12.662,12.862,40553
08/04/2016,12.882,12.951,12.792,12.902,31252
08/05/2016,12.991,13.061,12.822,13.011,55441
08/08/2016,13.071,13.83,13.071,13.73,119309
08/09/2016,9.778,10.726,9.729,10.537,1514359
08/10/2016,10.477,10.826,10.427,10.746,212553
08/11/2016,10.816,10.816,10.577,10.676,55766
08/12/2016,10.647,10.716,10.557,10.706,65690
08/15/2016,10.676,11.006,10.427,10.966,70008
08/16/2016,10.886,10.886,10.502,10.527,266249
08/17/2016,10.447,10.547,10.337,10.447,90360
08/18/2016,10.487,10.816,10.377,10.696,198940
08/19/2016,10.686,10.686,10.547,10.627,78476
08/22/2016,10.647,10.647,10.537,10.617,57741
08/23/2016,10.617,10.726,10.597,10.706,59494
08/24/2016,10.657,10.866,10.637,10.866,95707
08/25/2016,10.816,10.866,10.607,10.846,43035
08/26/2016,10.836,10.856,10.676,10.716,33692
08/29/2016,10.706,10.756,10.632,10.726,117695
08/30/2016,10.696,10.756,10.676,10.726,118699
08/31/2016,10.736,10.736,10.597,10.706,184168
09/01/2016,10.696,10.746,10.666,10.746,91068
09/02/2016,10.766,10.796,10.696,10.746,54940
09/06/2016,10.736,10.746,10.637,10.666,51319
09/07/2016,10.686,10.976,10.617,10.866,196470
09/08/2016,10.826,10.851,10.696,10.736,86612
09/09/2016,10.607,10.776,10.548,10.676,167772
09/12/2016,10.676,10.736,10.577,10.676,70508
09/13/2016,10.607,10.607,10.467,10.537,38949
09/14/2016,10.527,10.527,10.407,10.457,25868
09/15/2016,10.417,10.487,10.417,10.457,22526
09/16/2016,10.387,10.517,10.337,10.507,165439
09/19/2016,10.527,10.527,10.367,10.507,47239
09/20/2016,10.507,10.617,10.43,10.577,98463
09/21/2016,10.746,10.786,10.592,10.706,59035
09/22/2016,10.766,10.866,10.766,10.851,45808
09/23/2016,10.806,10.866,10.726,10.736,24547
09/26/2016,10.657,10.746,10.457,10.607,53978
09/27/2016,10.633,10.806,10.597,10.786,39497
09/28/2016,10.756,10.876,10.617,10.856,116416
09/29/2016,10.866,10.896,10.816,10.826,33634
09/30/2016,10.906,11.125,10.756,11.086,59997
10/03/2016,10.976,10.976,10.736,10.776,46085
10/04/2016,10.736,10.796,10.477,10.487,29839
10/05/2016,10.517,10.537,10.447,10.487,24068
10/06/2016,10.527,10.527,10.358,10.447,38320
10/07/2016,10.457,10.457,10.327,10.357,89435
10/10/2016,10.377,10.468,10.327,10.377,55250
10/11/2016,10.327,10.427,10.128,10.128,129730
10/12/2016,10.178,10.327,10.078,10.128,84367
10/13/2016,10.078,10.128,9.978,10.078,51654
10/14/2016,9.978,10.128,9.978,9.978,29065
10/17/2016,9.978,10.078,9.878,9.928,109586
10/18/2016,10.028,10.178,9.978,10.178,14879
10/19/2016,10.078,10.227,10.078,10.227,21817
10/20/2016,10.178,10.178,10.028,10.128,29495
10/21/2016,10.078,10.327,9.993,10.327,18615
10/24/2016,10.377,10.577,10.377,10.377,21792
10/25/2016,10.427,10.527,10.227,10.327,29286
10/26/2016,10.277,10.527,10.227,10.477,39825
10/27/2016,10.477,10.577,10.402,10.477,37420
10/28/2016,10.477,10.676,10.227,10.227,145446
10/31/2016,10.277,10.427,10.178,10.227,37247
11/01/2016,10.327,10.327,9.928,9.978,76873
11/02/2016,9.878,10.028,9.679,9.978,59407
11/03/2016,9.978,10.178,9.928,10.078,193630
11/04/2016,9.928,10.078,9.928,9.978,98237
11/07/2016,10.128,10.327,9.928,10.128,220987
11/08/2016,7.434,7.883,7.234,7.658,737473
11/09/2016,7.733,7.733,7.284,7.334,519236
11/10/2016,7.483,7.583,6.9597,7.434,770232
11/11/2016,8.032,8.431,7.783,8.431,315381
11/14/2016,8.531,8.531,7.982,8.332,162080
11/15/2016,8.531,8.731,8.431,8.731,174973
11/16/2016,8.581,8.731,8.382,8.631,147848
11/17/2016,8.631,8.681,8.332,8.531,106282
11/18/2016,8.581,8.88,8.232,8.831,88855
11/21/2016,8.781,9.03,8.282,8.282,93757
11/22/2016,8.332,8.831,8.332,8.831,123270
11/23/2016,8.781,8.855,8.431,8.831,109634
11/25/2016,8.781,8.781,8.595,8.731,25370
11/28/2016,8.831,9.03,8.731,9.03,91626
11/29/2016,8.93,9.13,8.831,8.98,73660
11/30/2016,9.08,9.08,8.731,8.955,215925
12/01/2016,8.98,9.23,8.631,8.731,160636
12/02/2016,8.681,8.806,8.531,8.631,121783
12/05/2016,8.681,8.88,8.631,8.781,143017
12/06/2016,8.831,9.03,8.681,9.03,64457
12/07/2016,8.98,9.08,8.781,9.03,53180
12/08/2016,8.93,9.18,8.93,9.13,96385
12/09/2016,9.13,9.629,9.13,9.579,133216
12/12/2016,9.579,9.778,8.98,9.18,95111
12/13/2016,8.681,8.781,7.883,8.382,708996
12/14/2016,8.382,8.481,8.082,8.132,275195
12/15/2016,8.132,8.531,8.132,8.481,210456
12/16/2016,8.531,8.781,8.382,8.731,410907
12/19/2016,8.731,8.831,8.581,8.631,143881
12/20/2016,8.581,8.831,8.581,8.831,103657
12/21/2016,8.781,8.93,8.581,8.631,139544
12/22/2016,8.631,8.681,8.282,8.332,44069
12/23/2016,8.382,8.531,8.332,8.506,84786
12/27/2016,8.481,8.831,8.432,8.681,33355
12/28/2016,8.731,8.731,8.431,8.481,96206
12/29/2016,8.531,8.88,8.481,8.831,56119
12/30/2016,8.781,8.831,8.581,8.831,82490
01/03/2017,8.93,8.93,8.631,8.781,96434
01/04/2017,8.831,9.03,8.731,8.98,74298
01/05/2017,9.03,9.03,8.731,8.781,50766
01/06/2017,8.88,8.88,8.731,8.731,69668
01/09/2017,8.781,8.831,8.681,8.731,75752
01/10/2017,8.781,9.03,8.781,8.93,246461
01/11/2017,8.98,9.03,8.93,8.98,49526
01/12/2017,9.03,9.08,8.706,8.98,93213
01/13/2017,9.08,9.105,8.93,8.98,92366
01/17/2017,9.03,9.08,8.93,8.93,103526
01/18/2017,9.03,9.08,8.88,8.93,102440
01/19/2017,8.98,8.98,8.606,8.681,101790
01/20/2017,8.681,8.831,8.631,8.681,141959
01/23/2017,8.731,8.831,8.431,8.581,93612
01/24/2017,8.681,8.731,8.481,8.731,49712
01/25/2017,8.781,8.831,8.581,8.681,50158
01/26/2017,8.731,8.826,8.431,8.481,108495
01/27/2017,8.481,8.631,8.431,8.581,68956
01/30/2017,8.581,8.93,8.481,8.88,131834
01/31/2017,8.831,8.93,8.581,8.781,889891
02/01/2017,8.781,9.03,8.581,8.681,98000
02/02/2017,8.731,9.03,8.681,8.98,70171
02/03/2017,9.03,9.28,8.93,9.28,147964
02/06/2017,9.23,9.379,9.03,9.13,284416
02/07/2017,9.978,10.876,9.529,9.729,647450
02/08/2017,9.679,10.028,9.579,9.928,229576
02/09/2017,10.028,10.028,9.778,9.953,159124
02/10/2017,10.028,10.128,9.729,10.078,104794
02/13/2017,10.327,10.427,10.028,10.277,146589
02/14/2017,10.327,10.327,10.128,10.277,132536
02/15/2017,10.427,11.15,10.327,10.627,345956
02/16/2017,10.577,10.976,10.078,10.726,884078
02/17/2017,10.776,10.776,10.577,10.726,138794
02/21/2017,10.776,10.826,10.427,10.477,135767
02/22/2017,10.477,10.577,10.427,10.577,110969
02/23/2017,10.527,10.627,10.427,10.527,89127
02/24/2017,10.577,11.205,10.477,10.976,717751
02/27/2017,10.976,10.976,10.826,10.876,129341
02/28/2017,10.826,10.876,10.477,10.627,179746
03/01/2017,10.577,10.627,10.327,10.627,297867
03/02/2017,10.477,10.527,10.327,10.477,120399
03/03/2017,10.477,10.577,10.377,10.477,104119
03/06/2017,10.327,10.327,10.07,10.103,86191
03/07/2017,10.028,10.053,9.878,9.878,142968
03/08/2017,9.928,9.978,9.778,9.878,72334
03/09/2017,9.778,10.028,9.729,10.028,138364
03/10/2017,10.028,10.111,9.853,10.078,71776
03/13/2017,10.028,10.277,9.878,10.277,67857
03/14/2017,10.178,10.227,9.778,10.227,89628
03/15/2017,10.277,10.327,10.028,10.277,45567
03/16/2017,10.327,10.427,10.227,10.377,67532
03/17/2017,10.427,10.527,10.327,10.527,113535
03/20/2017,10.527,10.527,10.277,10.477,71535
03/21/2017,10.527,10.527,10.078,10.078,87524
03/22/2017,10.078,10.178,9.828,10.128,87801
03/23/2017,10.078,10.078,9.928,10.028,52130
03/24/2017,10.028,10.277,9.928,10.128,76109
03/27/2017,10.128,10.178,10.028,10.128,45735
03/28/2017,10.028,10.178,9.978,10.128,46932
03/29/2017,10.078,10.128,9.928,10.128,55215
03/30/2017,10.078,10.178,9.928,10.178,39894
03/31/2017,10.227,10.477,10.078,10.377,72812
04/03/2017,10.327,10.477,10.284,10.377,64021
04/04/2017,10.377,10.477,10.178,10.327,47944
04/05/2017,10.377,10.427,10.178,10.178,45031
04/06/2017,10.277,10.277,9.928,10.227,150353
04/07/2017,10.128,10.427,10.028,10.427,46413
04/10/2017,10.377,10.527,10.277,10.327,51245
04/11/2017,10.327,10.577,10.277,10.577,50882
04/12/2017,10.427,10.527,10.227,10.277,47193
04/13/2017,10.227,10.402,10.153,10.327,62344
04/17/2017,10.377,10.377,10.227,10.327,38755
04/18/2017,10.327,10.327,10.078,10.227,40794
04/19/2017,10.227,10.327,10.178,10.252,39918
04/20/2017,10.327,10.327,10.178,10.277,38180
04/21/2017,10.277,10.327,9.978,10.277,249529
04/24/2017,10.427,10.577,10.327,10.477,64512
04/25/2017,10.527,10.676,10.477,10.676,58076
04/26/2017,10.627,10.726,10.527,10.676,59128
04/27/2017,10.676,10.726,10.627,10.676,130879
04/28/2017,10.726,10.726,10.477,10.627,143518
05/01/2017,10.726,10.876,10.527,10.726,128371
05/02/2017,10.676,10.951,10.627,10.701,173308
05/03/2017,10.726,10.87,10.726,10.776,67145
05/04/2017,10.826,11.125,10.776,11.125,70593
05/05/2017,11.175,11.375,11.125,11.325,58812
05/08/2017,11.325,11.724,11.325,11.724,98111
05/09/2017,12.273,13.52,12.023,12.423,309729
05/10/2017,12.373,12.472,12.132,12.448,253773
05/11/2017,12.373,12.472,12.073,12.173,181330
05/12/2017,12.123,12.323,11.924,12.173,102986
05/15/2017,12.173,12.622,12.171,12.448,160377
05/16/2017,12.223,12.273,11.974,12.098,122412
05/17/2017,11.924,12.173,11.924,12.173,130224
05/18/2017,12.223,12.472,12.073,12.323,89770
05/19/2017,12.522,12.672,12.373,12.423,131330
05/22/2017,12.373,12.622,12.373,12.472,135288
05/23/2017,12.472,12.572,12.373,12.522,116536
05/24/2017,12.472,12.772,12.472,12.747,101346
05/25/2017,12.672,12.971,12.672,12.872,129644
05/26/2017,12.872,12.922,12.722,12.822,77252
05/30/2017,12.872,12.971,12.722,12.822,131200
05/31/2017,12.922,12.971,12.797,12.922,64098
06/01/2017,12.922,13.121,12.872,13.021,153668
06/02/2017,13.121,13.221,13.071,13.096,230288
06/05/2017,13.121,13.146,12.872,13.121,84555
06/06/2017,12.971,13.096,12.971,13.071,56800
06/07/2017,13.021,13.121,12.922,13.071,98604
06/08/2017,13.071,13.221,12.971,13.171,75820
06/09/2017,13.121,13.221,12.847,12.971,120813
06/12/2017,13.021,13.371,12.922,13.071,100819
06/13/2017,12.971,13.271,12.971,13.196,351716
06/14/2017,13.271,13.271,12.772,13.021,128133
06/15/2017,12.872,13.221,12.822,13.221,65922
06/16/2017,13.021,13.371,12.971,13.171,191528
06/19/2017,13.221,13.371,13.121,13.321,102809
06/20/2017,13.271,13.321,12.922,12.971,115454
06/21/2017,13.071,13.171,12.922,13.096,35818
06/22/2017,13.071,13.321,13.071,13.221,34990
06/23/2017,13.221,13.321,13.171,13.246,271217
06/26/2017,13.221,13.271,13.021,13.071,50024
06/27/2017,13.121,13.271,12.872,12.946,126735
06/28/2017,12.971,12.971,12.772,12.971,106320
06/29/2017,12.971,13.271,12.872,13.221,139222
06/30/2017,13.171,13.371,13.071,13.271,75903
07/03/2017,13.321,13.321,12.872,12.872,41777
07/05/2017,12.872,13.171,12.772,13.121,64967
07/06/2017,13.071,13.071,12.872,12.971,54491
07/07/2017,13.021,13.171,12.971,13.071,37195
07/10/2017,13.121,13.171,12.922,13.021,46641
07/11/2017,12.971,13.121,12.922,13.021,94290
07/12/2017,13.121,13.271,13.071,13.121,58061
07/13/2017,13.221,13.221,12.897,12.971,69428
07/14/2017,12.872,13.071,12.872,12.971,48424
07/17/2017,12.922,13.121,12.897,13.021,52446
07/18/2017,12.922,13.071,12.922,12.971,72223
07/19/2017,13.071,13.121,12.922,12.971,78034
07/20/2017,12.922,13.071,12.822,12.971,114854
07/21/2017,13.171,13.171,12.872,12.971,65843
07/24/2017,13.021,13.021,12.772,12.922,112672
07/25/2017,12.872,13.021,12.872,12.922,154126
07/26/2017,12.922,13.171,12.922,13.021,121852
07/27/2017,13.171,13.221,12.797,13.146,116708
07/28/2017,13.071,13.171,13.021,13.121,130860
07/31/2017,13.171,13.221,12.971,13.196,127301
08/01/2017,13.221,13.296,13.071,13.246,149862
08/02/2017,13.271,13.271,12.522,12.971,203618
08/03/2017,12.922,13.171,12.822,13.171,99559
08/04/2017,13.121,13.271,12.872,12.922,421737
08/07/2017,13.021,13.021,12.672,12.922,162653
08/08/2017,12.872,13.021,12.622,12.672,75628
08/09/2017,13.221,13.67,12.922,13.021,471739
08/10/2017,13.021,13.071,12.822,12.922,175797
08/11/2017,12.822,13.121,12.373,13.071,173296
08/14/2017,13.121,13.42,13.121,13.296,78974
08/15/2017,13.321,13.371,13.221,13.221,41667
08/16/2017,13.271,13.57,13.271,13.42,102516
08/17/2017,13.321,13.52,13.171,13.47,161618
08/18/2017,13.371,13.72,13.321,13.57,154540
08/21/2017,13.47,13.57,13.271,13.321,103551
08/22/2017,13.321,13.47,13.221,13.371,123659
08/23/2017,13.271,13.371,13.121,13.121,73860
08/24/2017,13.221,13.47,13.121,13.371,141405
08/25/2017,13.42,13.52,13.271,13.47,83440
08/28/2017,13.47,13.47,13.296,13.47,78500
08/29/2017,13.42,13.47,13.271,13.321,58226
08/30/2017,13.271,13.371,13.221,13.271,37003
08/31/2017,13.371,13.67,13.271,13.52,163050
09/01/2017,13.57,13.67,13.42,13.57,113971
09/05/2017,13.47,13.47,13.271,13.321,123622
09/06/2017,13.321,13.371,13.071,13.171,68629
09/07/2017,13.171,13.321,13.121,13.146,29158
09/08/2017,13.221,13.321,13.042,13.321,53583
09/11/2017,13.321,13.42,13.221,13.371,53562
09/12/2017,13.371,13.47,13.321,13.346,49535
09/13/2017,13.321,13.47,13.296,13.346,71271
09/14/2017,13.271,13.62,13.271,13.52,97485
09/15/2017,13.57,13.62,13.271,13.271,264606
09/18/2017,13.371,13.72,13.321,13.57,91026
09/19/2017,13.57,13.67,13.42,13.47,56766
09/20/2017,13.42,13.42,13.121,13.121,72359
09/21/2017,13.171,13.969,13.097,13.82,275467
09/22/2017,13.969,14.668,13.969,14.468,284368
09/25/2017,14.568,14.867,14.568,14.618,196951
09/26/2017,14.668,14.668,14.269,14.368,117570
09/27/2017,14.418,15.017,14.418,14.668,156847
09/28/2017,14.718,15.017,14.569,14.917,77006
09/29/2017,14.967,15.017,14.839,14.967,60028
10/02/2017,14.967,15.017,14.817,14.867,148741
10/03/2017,14.767,14.967,14.718,14.817,95889
10/04/2017,14.718,14.967,14.675,14.718,129603
10/05/2017,14.867,14.867,14.618,14.668,99516
10/06/2017,14.568,14.718,14.318,14.518,81974
10/09/2017,14.468,14.718,14.418,14.418,80859
10/10/2017,14.468,14.568,14.318,14.468,41342
10/11/2017,14.468,14.593,14.367,14.568,42012
10/12/2017,14.518,14.668,14.518,14.568,50008
10/13/2017,14.518,14.618,14.418,14.418,38155
10/16/2017,14.568,14.568,14.318,14.368,43498
10/17/2017,14.418,14.418,14.069,14.218,29318
10/18/2017,14.219,14.518,14.157,14.418,64211
10/19/2017,14.269,14.468,14.119,14.368,52083
10/20/2017,14.468,14.468,14.269,14.269,33069
10/23/2017,14.318,14.368,14.169,14.269,29968
10/24/2017,14.269,14.318,14.169,14.219,42474
10/25/2017,14.269,14.269,14.069,14.194,58185
10/26/2017,14.219,14.368,14.019,14.169,87469
10/27/2017,14.269,14.468,14.144,14.368,38071
10/30/2017,14.318,14.318,14.069,14.269,59960
10/31/2017,14.219,14.668,14.169,14.568,143275
11/01/2017,14.518,14.668,14.219,14.318,89143
11/02/2017,14.269,14.468,14.169,14.219,84684
11/03/2017,14.219,14.368,13.869,14.219,97928
11/06/2017,14.119,14.169,13.62,13.869,84382
11/07/2017,13.77,13.869,13.57,13.72,144893
11/08/2017,13.72,14.318,13.72,14.219,210722
11/09/2017,14.269,14.468,14.219,14.269,120469
11/10/2017,14.318,14.643,14.318,14.518,116515
11/13/2017,14.418,14.468,14.385,14.418,73138
11/14/2017,14.418,14.568,14.343,14.443,87252
11/15/2017,14.368,14.418,14.194,14.318,59189
11/16/2017,14.269,14.518,14.169,14.418,180136
11/17/2017,14.318,14.917,14.318,14.518,264034
11/20/2017,14.518,14.917,14.518,14.767,466349
11/21/2017,14.817,16.164,14.817,15.715,2205024
11/22/2017,15.715,16.114,15.665,15.915,772449
11/24/2017,15.965,16.464,15.965,16.264,379633
11/27/2017,16.464,16.713,16.314,16.414,520228
11/28/2017,16.613,16.713,16.364,16.489,278047
11/29/2017,16.563,16.713,16.065,16.164,228138
11/30/2017,16.214,16.364,16.114,16.264,236975
12/01/2017,16.214,16.314,15.715,16.264,195270
12/04/2017,16.214,16.264,15.765,15.765,211183
12/05/2017,15.815,15.965,15.715,15.79,174544
12/06/2017,15.765,15.965,15.665,15.965,125332
12/07/2017,15.965,16.264,15.865,16.114,159722
12/08/2017,16.114,16.164,15.865,15.915,134774
12/11/2017,15.915,16.065,15.865,15.915,82906
12/12/2017,15.516,15.566,15.216,15.316,258919
12/13/2017,15.316,15.715,15.316,15.541,104994
12/14/2017,15.566,15.765,15.266,15.266,113940
12/15/2017,15.316,15.865,15.216,15.765,188648
12/18/2017,15.865,15.965,15.665,15.715,73015
12/19/2017,15.865,16.214,15.765,15.865,306755
12/20/2017,15.965,16.065,15.815,15.89,186772
12/21/2017,15.865,15.965,15.715,15.765,82470
12/22/2017,15.715,15.765,15.516,15.665,66013
12/26/2017,15.616,15.815,15.616,15.765,81597
12/27/2017,15.715,16.114,15.715,15.715,101537
12/28/2017,15.815,15.965,15.715,15.865,287588
12/29/2017,15.765,16.114,15.665,15.715,198670
01/02/2018,15.665,15.765,15.216,15.216,120796
01/03/2018,15.216,15.616,15.216,15.466,157192
01/04/2018,15.466,15.665,15.366,15.616,74678
01/05/2018,15.616,15.715,15.466,15.541,109290
01/08/2018,15.516,15.566,15.316,15.466,99063
01/09/2018,15.516,15.566,15.366,15.516,81030
01/10/2018,15.416,15.516,15.316,15.466,104055
01/11/2018,15.466,15.915,15.441,15.765,125383
01/12/2018,15.715,16.065,15.665,15.865,87160
01/16/2018,16.065,16.563,15.715,15.915,184112
01/17/2018,16.015,16.114,15.865,15.915,126198
01/18/2018,16.015,16.114,15.865,15.965,56426
01/19/2018,15.965,16.015,15.815,15.965,89771
01/22/2018,15.915,15.915,15.566,15.79,78423
01/23/2018,15.765,15.765,15.566,15.665,67715
01/24/2018,15.665,15.715,15.117,15.117,360881
01/25/2018,15.216,15.466,15.167,15.416,86199
01/26/2018,15.516,15.585,15.067,15.167,212397
01/29/2018,15.067,15.216,14.867,14.992,132050
01/30/2018,14.867,15.117,14.817,14.992,100953
01/31/2018,15.017,15.167,14.917,14.917,68245
02/01/2018,14.917,15.017,14.767,14.867,98982
02/02/2018,14.867,14.967,14.518,14.643,161412
02/05/2018,14.518,14.668,14.019,14.019,154806
02/06/2018,13.72,14.119,13.327,13.72,323642
02/07/2018,15.965,17.461,15.665,17.362,1691021
02/08/2018,17.461,17.611,16.888,17.062,367231
02/09/2018,17.012,17.262,16.514,17.112,527150
02/12/2018,17.112,17.362,16.663,16.813,299753
02/13/2018,16.763,17.362,16.713,17.262,255151
02/14/2018,17.112,17.511,17.112,17.362,267161
02/15/2018,17.461,17.861,17.104,17.811,219842
02/16/2018,17.661,17.661,16.613,17.062,430932
02/20/2018,16.863,17.461,16.863,17.362,227434
02/21/2018,17.162,17.362,16.963,16.963,135432
02/22/2018,16.963,17.112,16.663,16.738,223715
02/23/2018,16.813,16.913,16.214,16.913,408433
02/26/2018,16.963,17.012,16.663,16.963,210802
02/27/2018,16.913,17.062,16.713,16.738,157067
02/28/2018,16.863,17.212,16.813,17.062,802072
03/01/2018,17.062,17.162,16.763,16.863,231474
03/02/2018,16.863,17.162,16.713,17.012,135210
03/05/2018,16.963,17.262,16.713,17.162,273623
03/06/2018,17.162,17.362,17.062,17.262,195035
03/07/2018,17.012,17.511,16.963,17.412,256890
03/08/2018,17.412,18.01,17.312,17.861,340016
03/09/2018,17.96,18.559,17.96,18.409,242296
03/12/2018,18.509,18.809,18.459,18.709,293133
03/13/2018,18.809,18.858,18.36,18.509,275308
03/14/2018,18.509,18.509,18.16,18.31,180209
03/15/2018,18.31,18.36,17.661,17.861,627682
03/16/2018,17.96,18.36,17.761,18.36,725224
03/19/2018,18.26,18.26,17.711,18.085,114661
03/20/2018,18.06,18.26,17.911,18.16,82688
03/21/2018,18.16,18.36,17.761,18.035,127506
03/22/2018,17.911,18.26,17.711,17.761,160992
03/23/2018,17.811,18.01,17.611,17.686,144407
03/26/2018,17.911,18.06,17.661,18.06,119718
03/27/2018,18.06,18.11,17.387,17.511,180960
03/28/2018,17.561,17.711,17.162,17.461,176377
03/29/2018,17.561,18.21,17.511,17.96,190176
04/02/2018,17.96,17.96,17.162,17.461,155688
04/03/2018,17.561,17.661,17.302,17.511,100229
04/04/2018,17.262,17.761,17.112,17.661,106688
04/05/2018,17.811,17.861,17.262,17.461,201932
04/06/2018,17.362,17.711,17.162,17.412,113231
04/09/2018,17.511,17.761,17.362,17.412,285115
04/10/2018,17.611,17.761,17.362,17.711,82724
04/11/2018,17.661,17.861,17.412,17.561,84159
04/12/2018,17.711,17.712,17.412,17.461,73009
04/13/2018,17.561,17.561,17.112,17.212,81618
04/16/2018,17.212,17.312,16.913,17.212,398840
04/17/2018,17.312,17.761,17.162,17.661,165896
04/18/2018,17.661,17.761,17.362,17.611,91296
04/19/2018,17.561,17.711,17.461,17.561,101372
04/20/2018,17.511,17.811,17.511,17.636,103623
04/23/2018,17.611,17.691,17.212,17.412,95185
04/24/2018,17.461,17.511,17.012,17.062,122256
04/25/2018,17.112,17.112,16.613,16.763,107602
04/26/2018,16.863,17.212,16.614,16.963,76983
04/27/2018,17.112,17.112,16.613,16.963,134770
04/30/2018,16.963,17.162,16.963,17.087,102624
05/01/2018,17.012,17.262,16.713,17.162,88160
05/02/2018,17.112,17.461,17.112,17.262,84392
05/03/2018,17.162,17.262,16.863,17.212,85104
05/04/2018,17.112,17.561,16.963,17.437,64264
05/07/2018,17.561,17.661,17.362,17.511,90115
05/08/2018,17.511,18.01,17.461,17.811,169596
05/09/2018,18.559,19.557,17.96,18.06,479976
05/10/2018,18.16,18.409,17.96,18.235,118801
05/11/2018,18.21,18.21,18.035,18.11,143127
05/14/2018,18.06,18.06,17.112,17.162,223958
05/15/2018,17.162,17.561,17.012,17.461,188097
05/16/2018,17.461,17.811,17.461,17.611,252842
05/17/2018,17.811,17.96,17.412,17.886,425980
05/18/2018,17.96,18.11,17.661,17.985,318573
05/21/2018,18.06,18.155,17.761,17.911,153119
05/22/2018,17.911,18.01,17.711,17.711,82159
05/23/2018,17.711,17.911,17.661,17.811,170396
05/24/2018,17.861,17.901,17.636,17.711,81799
05/25/2018,17.661,18.06,17.661,17.96,145408
05/29/2018,17.911,18.06,17.711,17.861,133321
05/30/2018,17.911,18.26,17.911,17.96,115062
05/31/2018,18.01,18.11,17.761,17.811,163446
06/01/2018,17.811,17.96,17.611,17.935,91209
06/04/2018,17.96,18.01,17.762,17.811,57812
06/05/2018,17.861,18.659,17.861,18.659,281009
06/06/2018,18.709,18.858,18.659,18.858,111159
06/07/2018,18.858,18.908,18.26,18.335,102864
06/08/2018,18.31,18.31,17.811,17.811,130610
06/11/2018,17.811,17.96,17.661,17.711,153859
06/12/2018,17.761,17.985,17.636,17.811,178798
06/13/2018,17.911,17.96,17.611,17.711,86210
06/14/2018,17.761,17.96,17.636,17.661,107804
06/15/2018,17.661,17.761,17.412,17.412,253955
06/18/2018,17.461,17.511,16.963,17.012,209504
06/19/2018,16.913,17.012,16.514,16.913,294633
06/20/2018,16.963,17.012,16.364,16.563,276103
06/21/2018,16.514,16.813,16.314,16.788,467003
06/22/2018,16.813,17.162,16.514,17.062,931135
06/25/2018,17.062,17.262,16.713,16.913,220110
06/26/2018,16.963,17.312,16.913,17.312,116007
06/27/2018,17.212,17.212,17.012,17.112,176102
06/28/2018,17.112,18.31,17.112,18.26,328839
06/29/2018,17.96,18.659,17.96,18.559,350682
07/02/2018,18.559,18.609,18.26,18.36,199986
07/03/2018,18.459,18.509,18.31,18.509,80652
07/05/2018,18.609,19.158,18.559,18.809,240301
07/06/2018,18.759,18.958,18.659,18.759,213447
07/09/2018,18.958,19.108,18.659,18.933,248158
07/10/2018,19.008,19.058,18.26,18.609,376527
07/11/2018,18.509,18.709,18.31,18.609,113904
07/12/2018,18.809,18.908,18.609,18.858,146153
07/13/2018,18.858,19.008,18.659,18.958,94165
07/16/2018,19.108,19.208,18.958,19.108,249559
07/17/2018,19.108,19.906,19.058,19.457,417220
07/18/2018,19.557,19.557,18.958,19.158,136496
07/19/2018,19.457,19.557,19.158,19.507,265237
07/20/2018,19.557,19.856,19.457,19.806,198860
07/23/2018,19.707,20.01,19.676,19.956,203959
07/24/2018,20.01,20.06,19.557,19.781,155548
07/25/2018,19.806,20.23,19.806,20.13,200752
07/26/2018,20.11,20.28,20.01,20.16,156731
07/27/2018,20.21,20.26,19.557,19.607,140816
07/30/2018,19.557,19.557,18.609,18.659,216188
07/31/2018,18.709,18.759,18.409,18.609,162999
08/01/2018,18.509,18.858,18.509,18.709,110306
08/02/2018,18.659,18.908,18.546,18.809,143578
08/03/2018,18.759,18.759,17.96,18.11,152392
08/06/2018,18.06,18.36,17.96,18.26,126354
08/07/2018,18.16,18.409,18.01,18.36,166315
08/08/2018,18.16,18.559,16.813,16.913,353307
08/09/2018,16.913,17.112,16.663,16.763,455792
08/10/2018,16.713,17.437,16.613,17.362,289617
08/13/2018,17.312,17.312,16.464,16.563,120444
08/14/2018,16.613,16.913,16.364,16.464,169697
08/15/2018,16.514,16.514,16.015,16.114,144741
08/16/2018,16.264,16.364,15.765,16.114,220422
08/17/2018,16.065,16.264,15.865,15.965,101525
08/20/2018,15.965,16.264,15.815,16.114,279300
08/21/2018,16.015,16.439,16.015,16.364,176831
08/22/2018,16.364,16.514,16.289,16.414,183346
08/23/2018,16.314,16.613,16.065,16.514,338412
08/24/2018,16.514,16.913,16.364,16.539,290860
08/27/2018,16.613,16.613,16.314,16.563,205311
08/28/2018,16.613,16.663,16.114,16.114,129148
08/29/2018,16.114,16.563,16.114,16.563,314999
08/30/2018,16.613,16.813,16.516,16.688,234901
08/31/2018,16.713,17.062,16.663,16.963,816926
09/04/2018,16.963,16.963,16.364,16.763,206212
09/05/2018,16.663,16.763,15.965,16.364,146091
09/06/2018,16.414,16.713,16.264,16.464,184581
09/07/2018,16.414,16.713,16.214,16.663,236300
09/10/2018,16.713,16.713,16.464,16.713,153021
09/11/2018,16.613,16.963,16.563,16.588,239392
09/12/2018,16.464,16.563,16.114,16.464,101778
09/13/2018,16.464,16.563,16.114,16.164,108143
09/14/2018,16.164,16.464,16.114,16.414,162504
09/17/2018,16.414,16.613,16.164,16.264,191419
09/18/2018,16.414,16.464,16.065,16.214,153890
09/19/2018,16.264,16.339,16.114,16.314,175898
09/20/2018,16.364,16.364,16.065,16.264,234277
09/21/2018,16.214,16.264,15.866,15.915,308173
09/24/2018,15.865,16.015,15.416,15.815,155449
09/25/2018,15.865,15.915,15.616,15.765,76006
09/26/2018,15.765,15.84,15.616,15.765,143177
09/27/2018,15.765,15.765,15.516,15.765,145050
09/28/2018,15.665,15.89,15.597,15.815,164166
10/01/2018,15.845,16.114,15.765,16.075,141228
10/02/2018,16.025,16.095,15.606,15.655,186371
10/03/2018,15.645,15.825,15.506,15.775,103508
10/04/2018,15.675,15.855,15.107,15.117,107914
10/05/2018,15.107,15.326,14.538,15.226,1049074
10/08/2018,15.167,15.456,14.798,14.967,240531
10/09/2018,14.897,15.337,14.897,15.316,226472
10/10/2018,15.246,15.286,15.027,15.167,479735
10/11/2018,15.057,15.476,14.967,14.967,314785
10/12/2018,15.177,15.256,14.917,15.107,134727
10/15/2018,15.027,15.117,14.917,14.957,112012
10/16/2018,15.037,15.306,14.927,15.296,118551
10/17/2018,15.236,15.242,14.98,15.157,59482
10/18/2018,15.117,15.117,14.867,14.957,88722
10/19/2018,15.206,15.396,15.067,15.117,128124
10/22/2018,15.177,15.536,15.057,15.516,104365
10/23/2018,15.346,15.456,15.032,15.087,106273
10/24/2018,15.067,15.196,14.837,14.837,155161
10/25/2018,15.017,15.356,14.967,15.296,107474
10/26/2018,15.047,15.396,14.967,15.057,135956
10/29/2018,15.236,15.456,14.962,15.087,116037
10/30/2018,15.047,15.466,15.037,15.346,85278
10/31/2018,15.486,15.566,15.256,15.326,117674
11/01/2018,15.346,15.486,15.226,15.336,78552
11/02/2018,15.376,15.506,15.067,15.087,112871
11/05/2018,15.067,15.167,14.84,15.107,116184
11/06/2018,15.037,15.246,14.907,14.917,202729
11/07/2018,13.47,13.59,12.567,13.39,880307
11/08/2018,13.42,14.119,13.331,13.919,399595
11/09/2018,13.889,14.318,13.8,14.269,219229
11/12/2018,14.179,14.179,13.61,13.899,350319
11/13/2018,13.889,14.089,13.72,13.82,294938
11/14/2018,13.869,14.149,13.66,13.78,216645
11/15/2018,13.71,13.999,13.62,13.949,163989
11/16/2018,13.849,13.969,13.72,13.929,163116
11/19/2018,13.969,13.969,13.54,13.58,262587
11/20/2018,13.43,13.735,13.361,13.53,209826
11/21/2018,13.61,13.929,13.56,13.73,126134
11/23/2018,13.61,13.974,13.53,13.66,53005
11/26/2018,13.78,13.909,13.55,13.65,342089
11/27/2018,13.63,13.64,13.45,13.45,160799
11/28/2018,13.53,13.775,13.49,13.71,215939
11/29/2018,13.71,13.83,13.63,13.66,223644
11/30/2018,13.7,13.914,13.63,13.7,219150
12/03/2018,13.73,13.879,13.54,13.75,336306
12/04/2018,13.68,14.104,13.62,13.71,231576
12/06/2018,13.57,14.608,13.54,14.598,378312
12/07/2018,14.548,14.588,13.979,14.149,148770
12/10/2018,14.179,14.688,14.179,14.628,232533
12/11/2018,14.777,14.827,14.428,14.558,176102
12/12/2018,14.658,14.698,13.849,13.859,221259
12/13/2018,13.969,14.229,13.949,13.969,338249
12/14/2018,13.919,14.388,13.919,14.039,297407
12/17/2018,14.029,14.638,13.929,14.159,300184
12/18/2018,14.249,14.298,13.874,13.969,284723
12/19/2018,14.009,14.159,13.81,13.929,173910
12/20/2018,13.999,14.099,13.62,13.78,351697
12/21/2018,13.77,13.81,13.071,13.071,452835
12/24/2018,12.991,13.321,12.951,13.081,161614
12/26/2018,13.161,13.54,12.981,13.51,163752
12/27/2018,13.371,13.47,12.951,13.47,155003
12/28/2018,13.46,13.67,13.221,13.361,142842
12/31/2018,13.43,13.55,13.131,13.211,176266
01/02/2019,13.021,13.53,13.011,13.52,139833
01/03/2019,13.42,13.65,13.311,13.59,116896
01/04/2019,13.72,13.81,13.211,13.211,401959
01/07/2019,13.221,13.82,13.111,13.54,418295
01/08/2019,13.66,13.909,13.4,13.75,334055
01/09/2019,13.75,14.139,13.61,14.039,158230
01/10/2019,13.939,14.019,13.61,13.74,64847
01/11/2019,13.65,13.83,13.555,13.76,75155
01/14/2019,13.73,14.428,13.625,14.348,280447
01/15/2019,14.308,14.698,14.209,14.558,119733
01/16/2019,14.598,14.639,14.079,14.209,111300
01/17/2019,14.159,14.757,14.159,14.708,169238
01/18/2019,14.738,14.957,14.588,14.688,126307
01/22/2019,14.608,14.797,14.408,14.618,130903
01/23/2019,14.648,14.797,14.528,14.578,77154
01/24/2019,14.558,14.887,14.538,14.628,111832
01/25/2019,14.688,14.767,14.508,14.518,79172
01/28/2019,14.448,14.518,14.259,14.298,88728
01/29/2019,14.279,14.398,14.154,14.169,42578
01/30/2019,14.189,14.348,14.099,14.348,70653
01/31/2019,14.308,14.618,14.308,14.478,51418
02/01/2019,14.428,14.538,14.279,14.368,201497
02/04/2019,14.478,14.877,14.405,14.837,109204
02/05/2019,14.907,15.675,14.887,15.516,221823
02/06/2019,15.965,16.643,15.526,16.414,256325
02/07/2019,16.114,16.893,15.915,16.763,137884
02/08/2019,16.563,16.943,16.563,16.743,146650
02/11/2019,16.563,16.823,16.214,16.514,116203
02/12/2019,16.514,17.062,16.514,16.953,186948
02/13/2019,16.963,16.963,16.633,16.893,169987
02/14/2019,16.913,16.963,16.758,16.863,80526
02/15/2019,16.963,17.112,16.867,17.112,105173
02/19/2019,16.933,17.077,16.095,16.703,332520
02/20/2019,16.643,16.903,16.593,16.843,217837
02/21/2019,16.683,17.182,16.683,17.062,265442
02/22/2019,16.983,17.242,16.703,17.092,276093
02/25/2019,17.122,17.342,17.085,17.212,114195
02/26/2019,17.212,17.252,17.089,17.132,84808
02/27/2019,17.142,17.212,17.042,17.182,229963
02/28/2019,17.162,17.302,17.122,17.262,126354
03/01/2019,17.262,17.362,17.162,17.342,158620
03/04/2019,17.352,17.352,17.012,17.182,88848
03/05/2019,17.162,17.272,17.052,17.222,123774
03/06/2019,17.212,17.402,17.112,17.162,222484
03/07/2019,17.132,17.257,17.003,17.012,112490
03/08/2019,16.973,17.042,16.743,16.813,73184
03/11/2019,16.873,17.003,16.434,16.903,96527
03/12/2019,16.933,16.963,16.693,16.783,69423
03/13/2019,16.793,16.983,16.788,16.803,90284
03/14/2019,16.833,16.873,16.673,16.713,91294
03/15/2019,16.733,16.883,16.643,16.863,233497
03/18/2019,16.883,16.883,16.693,16.853,59123
03/19/2019,16.943,17.461,16.923,17.387,181975
03/20/2019,17.422,17.442,17.213,17.292,84643
03/21/2019,17.292,17.651,17.292,17.561,691341
03/22/2019,17.501,17.581,16.933,17.003,183454
03/25/2019,17.102,17.561,16.925,17.382,241752
03/26/2019,17.491,17.591,17.362,17.561,141633
03/27/2019,17.531,17.581,17.342,17.561,191849
03/28/2019,17.591,17.711,17.471,17.491,73346
03/29/2019,17.611,17.611,17.312,17.491,113468
04/01/2019,17.621,17.621,17.302,17.372,62346
04/02/2019,17.412,17.412,17.012,17.222,100622
04/03/2019,17.302,17.312,17.042,17.092,64452
04/04/2019,17.092,17.092,16.703,16.873,62449
04/05/2019,16.893,17.052,16.833,16.963,105687
04/08/2019,16.893,16.943,16.723,16.913,63338
04/09/2019,16.893,17.152,16.893,16.993,63659
04/10/2019,16.983,17.262,16.983,17.092,55796
04/11/2019,17.102,17.352,16.988,17.322,72931
04/12/2019,17.352,17.761,17.352,17.661,168419
04/15/2019,17.671,17.871,17.661,17.781,143589
04/16/2019,17.881,17.96,17.681,17.801,155898
04/17/2019,17.811,17.94,17.736,17.791,74550
04/18/2019,17.761,17.891,17.696,17.761,91545
04/22/2019,17.761,17.881,17.696,17.831,76096
04/23/2019,17.95,18.31,17.95,18.24,117049
04/24/2019,18.29,18.31,18,18.05,144748
04/25/2019,18.18,18.35,18.02,18.26,92026
04/26/2019,18.22,18.649,18.17,18.519,121512
04/29/2019,18.579,18.669,18.483,18.659,115647
04/30/2019,18.659,18.809,18.419,18.499,115724
05/01/2019,18.579,18.579,18.23,18.3,97011
05/02/2019,18.28,18.32,17.97,18.06,43275
05/03/2019,18.14,18.379,18.09,18.379,118932
05/06/2019,18.13,18.439,17.96,18.379,57748
05/07/2019,18.28,18.389,17.92,18.05,100701
05/08/2019,19.208,19.437,18.948,19.208,422849
05/09/2019,18.958,19.248,18.749,18.988,67003
05/10/2019,18.958,19.038,18.589,19.038,120927
05/13/2019,18.759,18.828,18.549,18.769,97088
05/14/2019,18.729,19.088,18.689,18.978,86545
05/15/2019,18.799,19.168,18.759,18.988,74377
05/16/2019,18.948,19.063,18.669,18.948,120560
05/17/2019,18.779,18.948,18.639,18.649,70133
05/20/2019,18.529,18.529,18.17,18.28,60700
05/21/2019,18.399,18.582,18.247,18.479,91730
05/22/2019,18.389,18.838,18.389,18.729,68332
05/23/2019,18.659,18.659,18.06,18.16,60488
05/24/2019,18.18,18.23,17.95,18.06,44338
05/28/2019,18.08,18.459,18.08,18.409,200664
05/29/2019,18.3,18.35,18.11,18.14,65583
05/30/2019,18.13,18.25,17.95,18.14,79337
05/31/2019,17.97,18.03,17.771,17.99,90986
06/03/2019,17.97,18.1,17.511,17.611,120867
06/04/2019,17.761,17.94,17.551,17.94,123242
06/05/2019,17.97,18.08,17.891,17.95,76887
06/06/2019,17.911,18.24,17.846,18.22,72126
06/07/2019,18.3,18.36,18.17,18.22,88515
06/10/2019,18.22,19.088,18.22,19.078,257125
06/11/2019,18.958,19.258,18.634,18.769,229870
06/12/2019,18.709,18.938,18.609,18.679,120625
06/13/2019,18.749,18.958,18.689,18.948,92760
06/14/2019,18.858,19.138,18.858,19.018,108464
06/17/2019,19.008,19.617,18.888,18.928,249891
06/18/2019,19.078,19.397,19.068,19.158,97770
06/19/2019,19.178,19.507,19.068,19.507,194567
06/20/2019,19.557,20.13,19.557,20.06,343652
06/21/2019,19.916,19.996,19.597,19.736,146538
06/24/2019,19.727,19.926,19.327,19.632,124846
06/25/2019,19.617,19.667,19.218,19.377,177788
06/26/2019,19.477,19.677,19.268,19.467,206198
06/27/2019,19.507,19.627,19.317,19.417,252119
06/28/2019,19.517,19.796,19.467,19.607,1167876
07/01/2019,19.677,20.06,19.677,20.01,270211
07/02/2019,20.05,20.22,19.946,20.22,130149
07/03/2019,20.26,20.6,20.26,20.55,88407
07/05/2019,20.47,20.48,20.17,20.43,57855
07/08/2019,20.38,20.48,20.22,20.3,57062
07/09/2019,20.25,20.44,20.14,20.43,49155
07/10/2019,20.45,20.67,20.35,20.61,135690
07/11/2019,20.61,20.69,20.31,20.41,104529
07/12/2019,20.44,20.44,20.18,20.39,114714
07/15/2019,20.41,20.64,20.26,20.3,162177
07/16/2019,20.32,20.34,19.856,20.04,141661
07/17/2019,20.11,20.55,20.11,20.45,100163
07/18/2019,20.45,20.54,20.36,20.44,70765
07/19/2019,20.45,20.49,19.98,19.99,46624
07/22/2019,20.01,20.7,20.01,20.45,512357
07/23/2019,20.47,20.72,20.17,20.48,84273
07/24/2019,20.41,20.95,20.4,20.93,112380
07/25/2019,20.89,21.3,20.85,21.24,224444
07/26/2019,21.33,21.88,21.3,21.78,214419
07/29/2019,21.79,21.9,21.42,21.84,267473
07/30/2019,21.68,22.04,21.64,21.96,809870
07/31/2019,21.94,22.35,21.65,21.81,136281
08/01/2019,21.94,22.27,21.87,21.94,340523
08/02/2019,21.84,22.14,21.72,22,162021
08/05/2019,21.98,22.02,21.32,21.66,172233
08/06/2019,21.7,21.91,21.51,21.75,123404
08/07/2019,23.7,25.39,23.16,24.95,1157422
08/08/2019,25.24,26.5,25.1,26.47,652915
08/09/2019,26.37,26.78,26.29,26.31,444833
08/12/2019,26.15,26.39,25.87,25.91,394683
08/13/2019,25.91,26.23,25.84,25.94,597901
08/14/2019,25.96,26.2,25.35,25.37,471464
08/15/2019,25.54,26.06,25.51,25.55,358601
08/16/2019,25.8,26.26,25.56,26.1,519463
08/19/2019,26.27,27.41,26.27,27.02,559510
08/20/2019,27.04,27.18,26.69,26.73,455483
08/21/2019,27.04,27.2,26.87,27,624205
08/22/2019,26.93,27.73,26.88,27.36,539164
08/23/2019,27.3,27.82,26.93,27.05,310209
08/26/2019,27.38,27.8,27.18,27.69,357531
08/27/2019,27.93,28.14,27.57,27.98,748219
08/28/2019,27.89,28.08,27.54,27.64,347528
08/29/2019,27.93,28.39,27.58,28.15,234088
08/30/2019,28.64,28.79,28.12,28.57,473768
09/03/2019,28.38,29.2,28.38,28.69,493140
09/04/2019,28.94,29.17,28.65,28.72,841347
09/05/2019,29.1,29.11,28.41,28.95,536253
09/06/2019,28.88,29.18,28.39,28.44,381566
09/09/2019,28.46,28.49,27.1,27.61,441707
09/10/2019,27.48,27.57,26.78,27.01,323336
09/11/2019,27.5,27.5,26.95,27.21,219419
09/12/2019,27.18,28.2,27.06,27.94,292157
09/13/2019,27.89,28.25,27.66,27.85,250580
09/16/2019,27.62,28.39,27.62,28.14,274781
09/17/2019,28.11,28.49,28.07,28.44,209076
09/18/2019,28.37,28.649,28.12,28.39,174002
09/19/2019,28.45,29,28.34,28.41,177982
09/20/2019,28.53,28.87,28.3,28.59,360284
09/23/2019,28.62,29.1273,28.3,28.82,170282
09/24/2019,28.99,29,27.83,28.04,201226
09/25/2019,28.01,28.42,27.39,28.29,173277
09/26/2019,28.29,28.4,27.62,27.98,160790
09/27/2019,27.95,28.1,27.08,27.24,195495
09/30/2019,27.37,28.21,27.18,27.77,446985
10/01/2019,27.8,27.97,27.01,27.38,268205
10/02/2019,27.1,27.84,26.9508,27.73,188196
10/03/2019,27.69,28.02,27.44,27.82,138453
10/04/2019,28.07,28.48,27.88,28.32,134384
10/07/2019,28.31,28.54,28.06,28.28,172005
10/08/2019,28.09,28.27,27.5,27.83,104745
10/09/2019,28.05,28.29,27.95,28.1,88424
10/10/2019,28.11,28.33,27.8,28.15,120306
10/11/2019,28.45,28.98,28.065,28.12,247956
10/14/2019,28.1,28.43,28.07,28.23,186066
10/15/2019,28.29,28.54,28.055,28.53,160004
10/16/2019,28.58,28.82,27.21,27.93,216827
10/17/2019,28.07,28.18,27.82,27.93,136783
10/18/2019,27.84,28.12,27.11,27.76,161089
10/21/2019,27.85,28.05,27.685,27.76,161753
10/22/2019,27.72,28.075,27.09,27.14,135102
10/23/2019,27.1,27.77,27,27.41,154515
10/24/2019,27.52,28.1496,27.44,27.885,149058
10/25/2019,27.72,28.72,27.47,28.57,190933
10/28/2019,28.67,29.065,28.52,28.94,192641
10/29/2019,28.95,29.25,28.8,28.91,286225
10/30/2019,28.98,29.69,28.948,29.63,669128
10/31/2019,29.71,29.855,29.37,29.79,249712
11/01/2019,29.79,30.34,29.68,30.18,220529
11/04/2019,30.5,30.68,29.45,29.57,194890
11/05/2019,29.67,30.0003,29.18,29.4,276862
11/06/2019,31.22,32,28.42,29.48,512542
11/07/2019,29.64,29.85,29.48,29.59,171133
11/08/2019,29.61,30.18,29.35,30.15,150479
11/11/2019,29.92,30.2,29.6546,30.07,145090
11/12/2019,30.22,30.75,30.2,30.55,191312
11/13/2019,30.42,30.88,30.35,30.62,97230
11/14/2019,30.56,31.31,30.5,31.04,199725
11/15/2019,31.21,31.44,30.87,31.33,133157
11/18/2019,31.33,31.48,30.94,31.33,207808
11/19/2019,31.37,31.37,30.81,30.915,125810
11/20/2019,30.84,31.23,30.5,31,176263
11/21/2019,31,31.04,30.07,30.25,139685
11/22/2019,30.36,30.47,29.44,29.53,143717
11/25/2019,29.64,30.73,29.64,30.57,183750
11/26/2019,30.44,30.94,30.44,30.86,134501
11/27/2019,30.95,30.95,30.42,30.64,116245
11/29/2019,30.4,30.77,30.14,30.42,62102
12/02/2019,30.4,30.4,29.33,29.99,193042
12/03/2019,29.56,29.81,29.29,29.54,311741
12/04/2019,29.7,29.88,29.42,29.46,193327
12/05/2019,29.55,30.04,29.55,29.93,133499
12/06/2019,30.15,30.66,29.9811,30.61,173711
12/09/2019,30.52,30.805,30.32,30.54,135562
12/10/2019,30.43,30.62,30.06,30.23,180070
12/11/2019,30.93,30.93,30.06,30.34,158956
12/12/2019,30.96,32.9,30.75,32.75,561623
12/13/2019,32.72,32.83,32.3,32.79,324360
12/16/2019,32.96,34.26,32.82,34.25,557900
12/17/2019,34.09,34.77,33.66,34.75,644164
12/18/2019,34.86,35.05,34.48,34.95,656427
12/19/2019,34.75,35.05,33.85,34.19,331939
12/20/2019,34.67,35.365,34.43,35.21,470833
12/23/2019,35.23,35.3,34.62,35.29,157425
12/24/2019,35.39,35.45,35.06,35.36,91391
12/26/2019,35.61,35.83,35.53,35.68,76884
12/27/2019,35.84,35.84,35.35,35.48,115498
12/30/2019,35.46,35.46,34.7,35.33,188027
12/31/2019,35.2,35.675,34.92,35.06,207287
01/02/2020,35.19,35.77,34.95,35.1,262702
01/03/2020,34.66,35.25,34.65,35,256419
01/06/2020,34.69,35.1981,34.69,35.04,222845
01/07/2020,35.05,35.1,34.35,34.44,199779
01/08/2020,34.47,34.6062,33.93,33.98,271249
01/09/2020,34.26,34.6,34.08,34.34,317093
01/10/2020,34.31,34.5,33.77,33.83,153005
01/13/2020,33.91,34.38,33.7,34.17,282330
01/14/2020,34.35,34.5,33.78,34.01,153508
01/15/2020,33.96,34.15,33.81,34,154121
01/16/2020,34.21,34.77,34.01,34.23,164357
01/17/2020,34.47,34.47,33.76,33.78,125355
01/21/2020,33.73,34,33.13,33.29,185209
01/22/2020,33.3,33.6,33.02,33.04,158500
01/23/2020,33,33.03,32.54,32.92,300067
01/24/2020,33.04,33.7,32.7101,32.82,155618
01/27/2020,32.22,32.59,31.57,31.65,188248
01/28/2020,31.89,31.89,31.44,31.61,213548
01/29/2020,31.68,31.84,31.13,31.15,133323
01/30/2020,31,31.41,30.38,31.1,323150
01/31/2020,31,31.32,30.98,31.19,340453
02/03/2020,31.35,31.55,31.04,31.05,195936
02/04/2020,31.33,32.1416,31.17,31.84,420601
02/05/2020,32.89,34.21,31.31,31.42,579664
02/06/2020,31.69,31.79,30.9439,31.25,325641
02/07/2020,31.23,31.85,31.09,31.6,183073
02/10/2020,31.44,32.17,31.44,32.15,188747
02/11/2020,32.3,33.5,32.15,33.48,469681
02/12/2020,33.55,33.76,33.1,33.75,410853
02/13/2020,33.41,34.82,33.39,34.61,423703
02/14/2020,34.63,35.7,34.51,34.63,358969
02/18/2020,34.62,34.62,32.31,33.03,473103
02/19/2020,33.41,34.63,33.41,34.25,467625
02/20/2020,34.1,34.75,33.2,33.48,362067
02/21/2020,33.4,33.4,32.22,32.25,171450
02/24/2020,31.26,31.73,30.8,31.33,198155
02/25/2020,31.49,31.59,30.02,30.05,309512
02/26/2020,30.05,30.99,29.88,30.14,223855
02/27/2020,29.3,29.83,28.4501,29.1,375757
02/28/2020,28.09,29.09,27.63,29,429520
03/02/2020,29.18,29.96,28.77,29.86,269487
03/03/2020,29.87,30.03,28.5,28.91,222165
03/04/2020,29.45,29.49,28.5,29.36,189286
03/05/2020,28.65,29.05,27.41,27.92,262944
03/06/2020,26.93,27.37,26.245,27.31,291839
03/09/2020,26.29,26.29,24.55,24.77,272311
03/10/2020,25.47,25.85,24.41,25.56,189934
03/11/2020,24.91,25.15,22.6,23.26,274311
03/12/2020,21.67,22.73,20.49,21.29,398791
03/13/2020,22.3,22.6,20.46,21.95,359843
03/16/2020,19.83,20.425,17.815,18.1,321672
03/17/2020,18.49,19.1845,16.33,19.02,505210
03/18/2020,17.11,17.96,15,16.13,625586
03/19/2020,16.02,18.185,15.825,17.5,425463
03/20/2020,18,18.75,17.15,18.29,608935
03/23/2020,18.24,18.95,17.33,18.71,270492
03/24/2020,19.21,21.04,18.71,21,337005
03/25/2020,21.06,22.4497,20.72,21.86,405797
03/26/2020,22.01,23.5,21.73,23.31,311894
03/27/2020,22.47,23.43,21.83,22.88,255326
03/30/2020,23.1,23.69,22.17,22.6,216553
03/31/2020,22.55,22.64,21.57,22.2,327756
04/01/2020,21.14,21.56,20.16,20.42,160141
04/02/2020,20.32,20.6,19.92,20.44,209060
04/03/2020,20.11,20.33,19.64,19.96,207998
04/06/2020,20.96,21.73,20.61,21.13,309415
04/07/2020,21.89,22.97,21.89,22.51,263490
04/08/2020,22.93,23.455,22.54,22.86,207328
04/09/2020,23.59,23.92,23.01,23.46,135612
04/13/2020,23.11,23.39,22.38,23.17,207520
04/14/2020,23.92,24.99,23.8,24.66,149528
04/15/2020,23.82,24.55,23.2766,24.33,184302
04/16/2020,24.3,25.04,24.24,24.9,210133
04/17/2020,25.62,25.6499,25.02,25.44,123594
04/20/2020,25.18,25.87,25.08,25.43,190835
04/21/2020,24.8,25.41,24.39,24.75,194185
04/22/2020,25.56,25.78,25.36,25.49,101831
04/23/2020,25.56,26.01,25.39,25.4,108370
04/24/2020,25.52,25.725,24.995,25.66,80392
04/27/2020,25.88,26.72,25.78,26.41,182515
04/28/2020,27.05,27.38,26.56,26.86,112614
04/29/2020,29.29,29.3899,28.22,29.35,191027
04/30/2020,29.35,29.46,28.6398,28.86,207850
05/01/2020,28.14,28.39,27.17,28.07,309271
05/04/2020,27.64,28.45,27.36,27.55,224886
05/05/2020,27.89,29.045,27.33,27.47,234060
05/06/2020,29,33.5987,28.8,32.08,566142
05/07/2020,32.96,32.98,31.375,31.45,308577
05/08/2020,31.9,32.335,31.12,31.84,238920
05/11/2020,31.45,32.85,31.19,32.67,285236
05/12/2020,32.88,33.44,31.61,32.14,283202
05/13/2020,32,32.39,30.35,30.69,278641
05/14/2020,30,31.49,29.56,31.47,210533
05/15/2020,31.4,32.56,31.02,32.42,325943
05/18/2020,33.35,33.9,32.04,32.04,427936
05/19/2020,29.98,30.56,25.97,26.135,2504030
05/20/2020,26.18,27.875,25.8,27.77,3172795
05/21/2020,27.97,28.5,27.4614,28.5,651957
05/22/2020,28.77,28.91,27.68,28.85,518057
05/26/2020,29.61,29.75,28.45,28.68,457262
05/27/2020,28.96,31.09,28.57,31.04,847634
05/28/2020,31.2,31.4,30.38,31.02,773415
05/29/2020,30.82,32.2,29.92,32.12,569150
06/01/2020,32.01,32.805,31.73,32.62,486150
06/02/2020,32.6,32.6,31.17,32.45,621295
06/03/2020,32.84,32.84,32.02,32.33,288499
06/04/2020,32.01,32.335,30.77,31.66,335518
06/05/2020,32.01,32.88,32.01,32.65,364679
06/08/2020,32.77,33.15,32.07,33.11,280069
06/09/2020,32.76,33.345,32.23,33.1,205909
06/10/2020,33.09,33.27,31.74,32.25,279146
06/11/2020,31.18,31.365,29.6401,29.85,433244
06/12/2020,30.88,31.36,29.11,29.6,318357
06/15/2020,28.82,31.07,28.76,30.89,216270
06/16/2020,31.99,32.38,31.35,32.3,215994
06/17/2020,32.5,32.68,31.58,31.88,139417
06/18/2020,31.64,32.5,31.47,32.45,215073
06/19/2020,32.69,32.935,32.27,32.44,246256
06/22/2020,32.35,35.125,32.26,34.85,518722
06/23/2020,35.4,35.75,34.3,34.74,465615
06/24/2020,34.19,34.4085,32.93,33.59,231658
06/25/2020,33.53,34.28,33.27,34.24,231346
06/26/2020,34.13,34.57,33.355,33.87,489132
06/29/2020,34.03,34.55,33.335,34.03,243563
06/30/2020,33.95,34.88,33.95,34.74,167030
07/01/2020,34.71,36.1,34.52,35.84,291385
07/02/2020,36.58,38.73,36.325,38.22,684535
07/06/2020,39.11,39.41,38.32,38.74,366601
07/07/2020,38.59,39.06,38.22,38.42,277838
07/08/2020,38.38,38.97,38.1584,38.94,507571
07/09/2020,38.9,39.65,38.44,39.52,201259
07/10/2020,39.4,39.4,38.6,38.78,162000
07/13/2020,39.11,39.18,37.19,37.33,328441
07/14/2020,37.09,37.275,35.48,36.56,514128
07/15/2020,37.14,37.26,35.67,35.98,652306
07/16/2020,35.59,35.7468,33.64,33.8,477866
07/17/2020,33.89,35.21,33.8076,35.15,192644
07/20/2020,35.11,37,35.11,36.91,158966
07/21/2020,37.34,37.52,36.07,36.23,165656
07/22/2020,36.31,36.795,35.61,35.83,213520
07/23/2020,36.03,37.285,36.03,36.29,315302
07/24/2020,35.79,36.3672,34.9068,36.29,259337
07/27/2020,36.37,37.43,36.28,37.37,524087
07/28/2020,37.17,38,36.67,36.76,178898
07/29/2020,36.83,37.845,36.765,37.71,132651
07/30/2020,37.02,37.96,37,37.55,187465
07/31/2020,37.73,38.47,37.0391,38.47,316537
08/03/2020,38.71,40.78,38.706,40.71,327071
08/04/2020,40.59,41.56,39.9501,41.18,451207
08/05/2020,43.41,44.56,39.54,40.13,572500
08/06/2020,40.49,41.36,40.474,41.36,243467
08/07/2020,41.12,41.28,39.78,40.23,386061
08/10/2020,40.2,40.4,38.69,39.095,192867
08/11/2020,39.05,39.44,38.27,38.46,170615
08/12/2020,38.65,39.66,38.45,38.958,185378
08/13/2020,38.79,39.88,38.79,39.27,154834
08/14/2020,39,39.29,38.39,38.72,132295
08/17/2020,38.82,39.91,38.59,39.82,191465
08/18/2020,39.79,40.61,39.2801,39.8,189998
08/19/2020,39.8,40,39.28,39.77,150947
08/20/2020,39.27,40.62,39.09,40.04,192345
08/21/2020,39.8,40.02,39.39,39.63,131524
08/24/2020,39.98,40.12,39.165,39.4,150450
08/25/2020,39.4,40.8287,39.35,40.41,393656
08/26/2020,40.61,40.91,39.91,40.11,141714
08/27/2020,40.24,40.549,39.32,40.18,214058
08/28/2020,39.42,39.905,37.71,39.6,411288
08/31/2020,39.79,39.95,38.85,39.33,315530
09/01/2020,39.4,41.72,39.24,41.01,1010857
09/02/2020,41,41.49,39.75,40.33,280220
09/03/2020,39.92,39.92,37.01,37.6,260634
09/04/2020,37.39,37.63,34.12,35.91,349427
09/08/2020,34.6,35.705,34.6,34.98,168491
09/09/2020,35.56,35.81,34.8,35.61,242575
09/10/2020,35.94,36.56,35.2,35.28,153540
09/11/2020,35.59,35.59,34.61,35.01,138666
09/14/2020,35.63,36.45,35.19,36.27,331499
09/15/2020,36.75,37.57,36.63,37.4,355661
09/16/2020,37.29,37.53,36.43,36.7,204431
09/17/2020,35.94,36.55,35.49,36.53,161243
09/18/2020,36.84,37.2,36.18,36.93,316214
09/21/2020,36.26,36.885,35.92,36.71,146966
09/22/2020,36.86,37.025,36.04,36.91,114401
09/23/2020,36.72,36.9999,34.82,34.82,154157
09/24/2020,34.56,34.81,33.721,34.28,195437
09/25/2020,34.04,35.7,34.04,35.63,172786
09/28/2020,36.37,36.81,35.73,36.24,136406
09/29/2020,36.2,36.4225,35.58,35.85,114455
09/30/2020,35.72,36.01,35.175,35.3,144934
10/01/2020,35.62,36.52,35.46,36.41,115271
10/02/2020,35.43,36.36,34.51,34.54,184151
10/05/2020,34.58,35.66,34.505,35.49,111201
10/06/2020,35.55,36.22,34.92,34.99,102334
10/07/2020,35.14,35.7,34.71,35.61,161246
10/08/2020,36.22,36.57,35.6,36.22,118313
10/09/2020,34.21,37.31,33.05,35.62,433465
10/12/2020,36.11,36.11,35,35.42,190907
10/13/2020,35.42,36.24,35.23,35.73,174649
10/14/2020,35.97,36.38,34.9681,35.31,161362
10/15/2020,34.8,35.87,34.52,35.8,133760
10/16/2020,35.78,36.1,35.39,35.85,158649
10/19/2020,36.18,36.75,35.91,36.02,144706
10/20/2020,35.99,36.27,35.465,35.71,159938
10/21/2020,35.92,35.92,34.675,35.08,108336
10/22/2020,35.26,35.3,34.58,35.22,108558
10/23/2020,35.3,35.63,35,35.38,82230
10/26/2020,35.08,35.51,34.7,35.45,134164
10/27/2020,35.65,36.93,35.47,36.32,249295
10/28/2020,35.71,35.89,34.65,35.03,262425
10/29/2020,35.03,35.38,34.95,35.17,157350
10/30/2020,34.88,35.25,34.8295,35.23,340893
11/02/2020,35.43,35.77,34.59,35.68,295656
11/03/2020,36.09,36.8,35.2,35.21,194681
11/04/2020,36.15,36.8647,35.67,35.94,200326
11/05/2020,36.4,37.35,35.985,36.1,155039
11/06/2020,36.04,36.215,34.8701,35.6,239028
11/09/2020,36.5,37.69,35.42,35.43,164823
11/10/2020,35.67,36.19,35.05,35.47,661883
11/11/2020,29.16,32.36,28.98,32.16,2423899
11/12/2020,31.77,33.6,31.77,33.59,430854
11/13/2020,33.96,34.05,32.27,32.61,742188
11/16/2020,32.62,32.62,30.8,30.99,711928
11/17/2020,31.05,31.36,29.92,30.96,345921
11/18/2020,31.1,32.33,30.89,32.15,364733
11/19/2020,31.98,32.3,31.25,32.04,265133
11/20/2020,31.85,32.2,31.08,31.82,204915
11/23/2020,32.14,32.43,31.06,32.19,346827
11/24/2020,32.27,32.27,31.3,32.01,311154
11/25/2020,32.02,33.5,31.85,33.37,315814
11/27/2020,33.37,33.92,33.02,33.82,142306
11/30/2020,33.82,34.84,33.3,34.47,408705
12/01/2020,34.8,34.8,33.805,34.04,283195
12/02/2020,33.87,34.56,32.95,34.29,192982
12/03/2020,34.42,34.78,33.01,33.03,242765
12/04/2020,33.27,33.71,32.89,33.25,310407
12/07/2020,33.29,34.28,33.05,33.95,182761
12/08/2020,33.69,34.55,33.35,34,226754
12/09/2020,32.32,32.87,31.7,31.72,378387
12/10/2020,31.6,32.485,31.25,32.24,440721
12/11/2020,32.16,32.91,31.81,32.61,195062
12/14/2020,32.75,33.49,32.57,33.11,142971
12/15/2020,33.5,34.5,32.97,34.13,176270
12/16/2020,34.36,35.88,34.36,35.79,248729
12/17/2020,36.08,36.76,35.91,36.74,210253
12/18/2020,36.9,37.59,36.73,36.9,468008
12/21/2020,36.68,36.77,35.43,36.16,241948
12/22/2020,36.23,36.38,35.49,36.26,188436
12/23/2020,36.37,36.84,36.12,36.37,133958
12/24/2020,36.5,36.7,35.84,36.22,76920
12/28/2020,36.59,36.7999,35.2084,36.26,175667
12/29/2020,36.52,36.609,35.46,35.7,132229
12/30/2020,35.1,35.69,34.37,35.55,127559
12/31/2020,35.84,36,35.36,35.68,154133
