01/03/2005,12.44,12.96,11.84,11.92,332600
01/04/2005,11.88,12.24,10.8,10.84,218400
01/05/2005,11.24,11.24,10.08,10.36,178200
01/06/2005,10.6,10.6,9.88,10.2,147300
01/07/2005,10.64,10.92,9.72,9.76,163600
01/10/2005,10.04,10.2,9.64,9.84,128300
01/11/2005,9.72,9.96,8.84,9.04,418200
01/12/2005,9.2,9.48,8.4,9.28,1329000
01/13/2005,9.4,9.56,9,9.2,248200
01/14/2005,9.2,9.96,9.08,9.44,517200
01/18/2005,9.72,10.44,9.52,10.4,372600
01/19/2005,10.36,10.36,9.48,9.76,148900
01/20/2005,9.56,9.8,9.04,9.12,229200
01/21/2005,9.24,9.56,8.92,9.24,138400
01/24/2005,9.24,9.48,8.6,8.76,103100
01/25/2005,9.04,9.16,8.44,8.64,201800
01/26/2005,8.76,9.04,8.64,9,134700
01/27/2005,9,9.28,8.64,8.84,140400
01/28/2005,9.08,9.12,8.48,8.96,75000
01/31/2005,9.16,9.52,9.08,9.44,120300
02/01/2005,9.44,9.6,9.24,9.52,85200
02/02/2005,9.56,9.64,9.24,9.6,104400
02/03/2005,9.4,9.6,9.2,9.56,129800
02/04/2005,10.32,12.56,9.72,12,1851600
02/07/2005,12.44,12.96,11.16,11.32,687100
02/08/2005,11.52,12,10.72,11.48,416800
02/09/2005,11.48,11.6,10.88,11,131200
02/10/2005,11.12,11.6,10.52,11.04,160700
02/11/2005,11.2,11.6,10.72,11.2,177700
02/14/2005,11.2,11.8,10.92,11.08,107200
02/15/2005,11.28,11.48,11.08,11.16,152100
02/16/2005,11.2,11.32,11,11.16,90100
02/17/2005,11.08,11.2,10.8,10.8,45300
02/18/2005,10.92,11.2,10.56,10.8,154700
02/22/2005,10.8,10.84,10.08,10.24,114000
02/23/2005,10.4,10.4,9.44,9.6,235900
02/24/2005,9.52,9.76,9.12,9.48,129700
02/25/2005,9.4,10.16,9.28,9.84,108700
02/28/2005,9.92,10.36,9.52,9.52,333100
03/01/2005,9.88,10.2,9.72,9.92,231100
03/02/2005,10.16,10.16,9.52,9.6,108300
03/03/2005,10.04,10.16,9.28,9.36,181000
03/04/2005,9.76,9.76,9.08,9.2,181300
03/07/2005,9.6,10.08,9.4,9.52,260400
03/08/2005,9.68,10.16,9.48,9.6,245100
03/09/2005,10.08,10.08,9.6,9.96,360200
03/10/2005,9.8,9.8,8.48,8.64,1019100
03/11/2005,8.84,9,8.72,9,218000
03/14/2005,9.04,9.4,8.88,9.4,348100
03/15/2005,9.48,9.56,8.96,9,179100
03/16/2005,8.92,9.16,8.88,8.96,70400
03/17/2005,8.96,8.96,8.36,8.64,181400
03/18/2005,8.72,9.04,8.52,9,233500
03/21/2005,9.04,9.2,8.8,9.16,193600
03/22/2005,9.08,9.16,8.84,8.92,77100
03/23/2005,8.88,9,8.6,8.88,287100
03/24/2005,8.88,9.04,8.68,8.68,49900
03/28/2005,8.68,8.92,8.44,8.64,91000
03/29/2005,8.72,8.92,8.36,8.52,79900
03/30/2005,8.64,9.04,8.52,9.04,87600
03/31/2005,9.04,9.08,8.6,8.88,73600
04/01/2005,8.8,9.04,8.44,8.56,108100
04/04/2005,8.72,8.88,8.36,8.68,172400
04/05/2005,8.64,8.8,8.44,8.76,116100
04/06/2005,8.76,8.92,8.52,8.52,87100
04/07/2005,8.56,8.88,8.48,8.84,90700
04/08/2005,8.88,8.88,8.36,8.44,89500
04/11/2005,8.52,8.6,8.4,8.4,114500
04/12/2005,8.36,8.6,8.28,8.48,72500
04/13/2005,8.52,8.56,8.28,8.28,94300
04/14/2005,8.28,8.44,8.16,8.2,72500
04/15/2005,8.2,8.24,7.44,7.68,271300
04/18/2005,7.76,7.92,7.48,7.84,69700
04/19/2005,7.88,8.12,7.88,8,108400
04/20/2005,8.08,8.08,7.28,7.28,159400
04/21/2005,7.52,7.72,7.36,7.52,197300
04/22/2005,7.44,7.8,7.4,7.72,125500
04/25/2005,7.76,7.8,7.24,7.32,108000
04/26/2005,7.32,7.4,6.96,7.04,94700
04/27/2005,6.96,7.2,6.6,6.84,100600
04/28/2005,6.76,7.2,6.68,6.84,97200
04/29/2005,6.84,7.92,6.84,7.84,265600
05/02/2005,7.92,8.24,7.72,8.2,159900
05/03/2005,8.08,8.28,7.72,8.04,70600
05/04/2005,8.12,8.4,8,8.28,43000
05/05/2005,8.2,8.4,8.04,8.24,86000
05/06/2005,8.6,9.12,8.12,8.4,262200
05/09/2005,8.04,9.36,8.04,8.96,199200
05/10/2005,8.96,9.12,8.8,8.8,60800
05/11/2005,8.92,8.96,8.4,8.64,80300
05/12/2005,8.48,8.84,8.44,8.64,52100
05/13/2005,8.8,8.8,8.24,8.24,43500
05/16/2005,8.16,8.64,8.08,8.2,67300
05/17/2005,8.2,8.4,8.04,8.2,60300
05/18/2005,8.36,8.76,8.24,8.64,85000
05/19/2005,8.56,8.76,8.44,8.6,42600
05/20/2005,8.72,8.72,8.4,8.6,41000
05/23/2005,8.56,8.8,8.48,8.64,104700
05/24/2005,8.56,8.76,8.36,8.36,50100
05/25/2005,8.4,8.52,8.16,8.2,71900
05/26/2005,8.2,8.56,8.12,8.48,72000
05/27/2005,8.32,8.8,8.2,8.32,57000
05/31/2005,8.6,8.6,8.2,8.36,68600
06/01/2005,8.36,8.52,8.12,8.28,143000
06/02/2005,8.16,8.44,7.68,7.76,132400
06/03/2005,7.8,8.12,7.4,7.88,144100
06/06/2005,7.84,7.88,7.52,7.56,159300
06/07/2005,7.6,7.96,7.48,7.48,136200
06/08/2005,6.84,7.76,6.84,7.36,181700
06/09/2005,7.36,7.72,7.2,7.72,189500
06/10/2005,7.76,7.88,7.32,7.48,203700
06/13/2005,7.44,8.16,7.44,7.88,178100
06/14/2005,7.88,8.08,7.8,8.08,45300
06/15/2005,8.16,8.2,7.8,7.92,110200
06/16/2005,7.92,8.2,7.76,8.2,85600
06/17/2005,8.28,9.2,8.12,8.76,480600
06/20/2005,8.64,9.24,8.52,8.96,178800
06/21/2005,8.92,9,8.4,8.52,100100
06/22/2005,8.48,8.88,8.24,8.32,94100
06/23/2005,8.28,8.52,8.2,8.2,99400
06/24/2005,8.16,8.16,7.72,7.84,860200
06/27/2005,7.84,8,7.72,7.8,201800
06/28/2005,7.8,8.56,7.76,8.48,545700
06/29/2005,8.4,8.56,8.12,8.32,84100
06/30/2005,8.4,8.64,8.12,8.12,121200
07/01/2005,8.24,8.56,8.24,8.44,115300
07/05/2005,8.44,9.12,8.4,9.12,233400
07/06/2005,9.04,9.08,8.68,8.96,142200
07/07/2005,8.84,9.2,8.64,9.12,124300
07/08/2005,9.12,10.04,8.96,9.8,511000
07/11/2005,9.72,10.08,9.6,9.8,179900
07/12/2005,9.72,10.68,9.64,10.6,263300
07/13/2005,10.56,10.92,10.12,10.48,284400
07/14/2005,10.6,10.72,10.4,10.52,142300
07/15/2005,10.4,10.72,10.12,10.56,135000
07/18/2005,10.6,11.4,10,11.28,245400
07/19/2005,11.4,11.8,11,11.56,251900
07/20/2005,11.52,11.92,11.36,11.8,201800
07/21/2005,11.8,11.8,11.2,11.2,102800
07/22/2005,11.16,11.48,11.12,11.48,109100
07/25/2005,11.36,11.52,10.64,10.72,150200
07/26/2005,10.8,11.2,10.8,11.04,72700
07/27/2005,11.04,11.12,10.2,10.4,218500
07/28/2005,10.36,11.28,10.08,11.12,101700
07/29/2005,11.2,11.48,10.04,10.4,243400
08/01/2005,10.52,10.76,10.04,10.36,151000
08/02/2005,10.2,10.64,10.2,10.52,71600
08/03/2005,10.48,10.52,10,10.36,83800
08/04/2005,10.24,10.36,10.04,10.24,146600
08/05/2005,13,14.68,12.88,14.28,2601500
08/08/2005,14.28,16.72,14,16.16,2431600
08/09/2005,16.6,16.64,15.64,16,605200
08/10/2005,16,16.4,15.8,16.12,520100
08/11/2005,16.04,16.6,15.96,16.52,303200
08/12/2005,16.4,17.68,16.32,17,522200
08/15/2005,17.04,17.48,16.44,17.04,398600
08/16/2005,17.04,17.76,15.92,16.6,521100
08/17/2005,16.52,17.16,16.24,16.8,267400
08/18/2005,16.8,17.16,15.92,16.32,419500
08/19/2005,16.24,16.72,15.6,16,298300
08/22/2005,16,16.4,15.48,16.16,380300
08/23/2005,16.2,16.32,15.68,15.96,171700
08/24/2005,16,16.28,15.8,16,348000
08/25/2005,15.96,16.84,15.84,16.56,369400
08/26/2005,16.8,16.8,15.76,15.76,273400
08/29/2005,15.76,16.48,15.72,16.44,123200
08/30/2005,16.32,16.72,14.88,15.52,386500
08/31/2005,15.4,15.4,14.68,15.2,276100
09/01/2005,15.08,15.68,15,15.6,213000
09/02/2005,15.64,15.92,15,15.64,174300
09/06/2005,15.56,16.36,15.52,16.04,286900
09/07/2005,16.12,16.12,15.8,16,218000
09/08/2005,15.96,15.96,15.12,15.68,234100
09/09/2005,15.6,16,15.24,15.76,206500
09/12/2005,15.8,15.88,15.16,15.24,332900
09/13/2005,15.2,15.76,15,15.52,330600
09/14/2005,15.6,16.56,15.44,16.28,522800
09/15/2005,16.2,16.36,15.88,16.24,373500
09/16/2005,16.48,16.96,16.24,16.88,558100
09/19/2005,17,17.08,16.4,16.6,294300
09/20/2005,16.56,16.76,16.12,16.32,269400
09/21/2005,16.2,16.44,15.72,15.8,154600
09/22/2005,15.8,16.6,15.68,16.2,122700
09/23/2005,16.08,16.56,15.96,16.52,119600
09/26/2005,16.56,17.56,16.28,17.44,328500
09/27/2005,17.4,18.56,16.56,16.84,633600
09/28/2005,16.88,17.04,15.92,16.04,317000
09/29/2005,16.12,17.2,15.8,17.16,185300
09/30/2005,17.2,17.4,16.48,17.4,176200
10/03/2005,17.52,18.08,17.08,17.48,290600
10/04/2005,17.6,17.76,16.96,16.96,193600
10/05/2005,16.96,17.48,16.4,16.52,157600
10/06/2005,16.44,17,15.4,15.72,328000
10/07/2005,15.8,16.4,15.76,15.8,302100
10/10/2005,15.76,16.12,15.48,15.68,187000
10/11/2005,15.76,16,14.8,14.84,264900
10/12/2005,14.6,15.04,13.32,13.76,631400
10/13/2005,13.68,14.08,13.56,13.76,402100
10/14/2005,13.84,14.6,13.68,13.76,240400
10/17/2005,13.76,14.64,13.76,14.08,264000
10/18/2005,14.16,14.16,13.4,13.44,227600
10/19/2005,13.44,13.44,12.88,13.2,401200
10/20/2005,13.2,14.56,13,13.48,250400
10/21/2005,13.52,14.24,13.52,13.92,189000
10/24/2005,14,14.88,13.92,14.76,115100
10/25/2005,14.64,14.8,14.28,14.72,92900
10/26/2005,14.96,15,14.16,14.44,82700
10/27/2005,14.48,14.48,13.52,13.72,178300
10/28/2005,13.68,14.4,13.24,14.28,123500
10/31/2005,14.36,15.04,14.32,14.52,187900
11/01/2005,14.76,15.12,14.4,14.72,165300
11/02/2005,14.84,15.2,14.28,15.2,116000
11/03/2005,15.28,15.88,15.12,15.4,143700
11/04/2005,15.36,15.36,14.24,14.24,332600
11/07/2005,15.8,16.96,15.4,16.84,635900
11/08/2005,16.8,16.96,16.32,16.8,578500
11/09/2005,16.8,18.04,16.72,17.68,656500
11/10/2005,17.6,18.16,17.28,18.04,386800
11/11/2005,17.8,18.8,17.8,18.24,221700
11/14/2005,18.24,18.4,18,18.36,241700
11/15/2005,18.4,18.4,18.12,18.32,218800
11/16/2005,18.12,18.16,17.12,17.84,229400
11/17/2005,17.72,18.36,17.72,18.36,145600
11/18/2005,18.56,18.6,18.04,18.32,76600
11/21/2005,18.24,18.32,17.88,17.96,291500
11/22/2005,17.96,18.52,17.56,18.44,139000
11/23/2005,18.4,18.72,18.2,18.4,130400
11/25/2005,18.4,18.52,18,18.2,58600
11/28/2005,18.4,18.6,17.44,17.64,198400
11/29/2005,17.6,18.2,16.68,16.96,154800
11/30/2005,17.64,17.8,16.8,17.64,324300
12/01/2005,17.64,19.88,17.52,19.6,415000
12/02/2005,19.68,20,18.68,19.12,191400
12/05/2005,19.24,19.84,18.72,19.28,171000
12/06/2005,19.48,22.96,19.2,21.76,970900
12/07/2005,21.8,23.16,21.12,22.92,526600
12/08/2005,22.92,23.32,22.52,23.12,359000
12/09/2005,23.12,23.36,22.6,22.88,207500
12/12/2005,22.88,23.16,21.4,22.28,373400
12/13/2005,22.12,22.6,21.56,21.8,208900
12/14/2005,21.88,22.28,21.52,21.72,138500
12/15/2005,21.56,21.6,20.6,21.04,300900
12/16/2005,21.12,21.68,20.68,20.76,312000
12/19/2005,20.76,21.28,20.48,20.84,201600
12/20/2005,20.68,20.76,19.44,19.72,210500
12/21/2005,19.72,20.24,19.72,19.84,119000
12/22/2005,19.96,20.52,19.56,19.8,131600
12/23/2005,19.88,20.68,19.8,20.04,124400
12/27/2005,20.24,20.92,19.92,20.24,174900
12/28/2005,20.2,20.6,20,20.44,256600
12/29/2005,20.44,21.08,20.2,20.68,187200
12/30/2005,20.64,20.72,20.32,20.4,219900
01/03/2006,20.84,21.56,20.48,21.36,234200
01/04/2006,21.32,21.92,21,21,140900
01/05/2006,21.16,22.96,21,22.8,258500
01/06/2006,22.8,24.4,22.16,23.84,350500
01/09/2006,24,24.44,23.32,23.6,334600
01/10/2006,23.2,24.76,23.12,24.6,361400
01/11/2006,25.52,25.72,24.64,25.2,397900
01/12/2006,25.36,25.44,24.08,24.36,330900
01/13/2006,24.36,25.36,24.24,25.12,190600
01/17/2006,24.84,25.52,24.2,25.16,195600
01/18/2006,24.88,26,24.44,25.8,508000
01/19/2006,26,26.24,25.44,25.8,401000
01/20/2006,25.84,26,24.56,24.88,267700
01/23/2006,24.8,25.2,23.64,24.52,335300
01/24/2006,24.48,24.72,23.92,24.28,597100
01/25/2006,24.28,24.32,23.8,24.16,330200
01/26/2006,24.4,24.96,23.96,24.8,246900
01/27/2006,24.44,25.2,24.44,24.96,166700
01/30/2006,24.88,25.12,24.36,24.76,119800
01/31/2006,24,24.32,23.4,24.16,478000
02/01/2006,23.88,24.28,23.28,23.88,288900
02/02/2006,23.64,23.88,22.48,22.8,401200
02/03/2006,22.8,23.72,22.64,23.32,200000
02/06/2006,23.48,23.64,22.72,23.16,228200
02/07/2006,23,23.2,22.08,22.2,349800
02/08/2006,22.24,23.08,21.56,22.92,331000
02/09/2006,23.08,23.44,21.72,22.08,103300
02/10/2006,21.88,22.12,21.36,21.84,293300
02/13/2006,21.6,21.8,21.08,21.16,199700
02/14/2006,21.2,21.68,21,21.28,173100
02/15/2006,21.2,21.84,21,21.56,137700
02/16/2006,21.64,21.96,21.04,21.76,211100
02/17/2006,21.92,22.28,21.4,21.88,220400
02/21/2006,22.04,22.08,21,21.04,131300
02/22/2006,20.96,21.64,20.6,21.48,195600
02/23/2006,21.64,24.24,21.24,23.6,794200
02/24/2006,23.6,25.04,23.28,24.92,452300
02/27/2006,24.84,26,24.48,25.8,488100
02/28/2006,25.56,25.6,24.24,24.88,392600
03/01/2006,24.68,25,23.8,24.6,332700
03/02/2006,24.64,25,23.76,23.92,406700
03/03/2006,24.4,28.16,23.8,26.76,1005600
03/06/2006,26.68,26.96,24.84,25.2,419700
03/07/2006,24.96,25.28,24.04,24.6,414700
03/08/2006,24.56,24.56,22.44,22.68,835700
03/09/2006,23,23,21.92,22.36,486400
03/10/2006,22.4,23,22,22.88,396600
03/13/2006,22.92,23.12,21.96,22.28,294200
03/14/2006,22.28,22.28,21.44,21.56,570400
03/15/2006,21.6,22.76,21.4,22.52,319000
03/16/2006,22.76,23.56,22.76,23.24,207200
03/17/2006,23.44,23.52,22.96,23.04,476900
03/20/2006,22.96,23.36,22.2,22.96,317600
03/21/2006,22.6,23.88,22.48,22.6,456300
03/22/2006,22.6,23.36,22.2,23.32,527000
03/23/2006,23.4,25.44,23.24,24.28,989000
03/24/2006,24.44,24.72,24.16,24.52,190900
03/27/2006,24.6,25.2,24.4,25,374900
03/28/2006,25,27,25,26.2,464000
03/29/2006,26.04,27.6,26.04,27.28,424100
03/30/2006,27.24,27.6,26.2,26.4,347000
03/31/2006,26.4,27.2,25.76,26.24,272300
04/03/2006,26.28,26.56,25.32,25.52,222200
04/04/2006,25.68,26.12,25.16,25.48,277900
04/05/2006,25.36,27.6,25.2,27.16,307900
04/06/2006,26.84,26.84,25.8,26,309600
04/07/2006,25.72,26.4,25.2,25.36,228400
04/10/2006,25.28,25.48,24.88,25.28,121900
04/11/2006,25.2,26.68,25.2,25.64,215000
04/12/2006,25.8,25.8,24.84,25.48,130200
04/13/2006,25.36,26.44,25.08,25.84,99900
04/17/2006,25.96,26.6,25.32,25.96,149300
04/18/2006,25.72,27.12,25.6,26.8,461700
04/19/2006,27,28.32,26.6,27.76,470000
04/20/2006,27.88,27.88,26.12,27,231900
04/21/2006,27.6,27.6,25.64,26.28,286400
04/24/2006,26.12,26.44,25.28,25.36,234400
04/25/2006,25.36,25.68,24.92,25.28,154400
04/26/2006,25.2,25.56,24.92,25,195300
04/27/2006,24.92,25.16,24.04,24.96,316200
04/28/2006,25.04,25.64,24.16,24.56,282700
05/01/2006,24.68,24.92,23.8,24.2,297100
05/02/2006,24.36,24.6,22.8,23.68,397200
05/03/2006,23.6,25,21.8,24.72,482640
05/04/2006,24.84,25.68,24.6,25.48,320940
05/05/2006,25.42,26.06,24.94,25.54,323280
05/08/2006,25.48,26.12,25.3,25.96,156660
05/09/2006,25.72,27.2,25.72,27.12,476600
05/10/2006,27,27,25.76,26,286780
05/11/2006,25.84,26.32,24.08,24.48,183910
05/12/2006,24.28,24.8,23.8,24.32,170180
05/15/2006,24.24,24.48,23.2,24,224850
05/16/2006,24,24.52,23.92,24.2,138230
05/17/2006,24.04,24.2,23.2,24.04,209040
05/18/2006,24,24.76,23.92,24,193550
05/19/2006,24,24.62,22,23,245120
05/22/2006,22.72,23.04,21.4,22.52,175050
05/23/2006,22.72,23.76,21.2,21.48,434300
05/24/2006,21.56,22.48,20.32,21.6,667670
05/25/2006,21.94,23.34,21.74,23.34,955000
05/26/2006,23.24,24.32,23.24,24.28,1017030
05/30/2006,24.24,24.24,22.84,22.96,265560
05/31/2006,23.2,24.4,22.76,23.84,242970
06/01/2006,23.84,24.36,23.16,23.96,144220
06/02/2006,23.96,23.96,23.06,23.32,189440
06/05/2006,23.2,23.2,21.76,22,203520
06/06/2006,22.2,22.64,21.39,21.64,217420
06/07/2006,21.56,22.88,21.04,21.16,158300
06/08/2006,21.08,21.84,19.92,21.48,173240
06/09/2006,21.72,22.24,20.6,21.2,164360
06/12/2006,21.04,21.16,20.12,20.12,149830
06/13/2006,20.45,20.51,18.709,18.709,319900
06/14/2006,18.739,20.021,18.699,19.901,158320
06/15/2006,20.12,22.68,19.92,21.96,214290
06/16/2006,21.88,21.88,19,20.8,458370
06/19/2006,20.84,21.12,19.36,19.68,326870
06/20/2006,19.72,20.24,19.48,19.52,163840
06/21/2006,19.36,20.44,19.36,19.68,364380
06/22/2006,19.52,20,18.92,19.08,203350
06/23/2006,19.08,20,18.84,19.92,166350
06/26/2006,20,20.2,18.92,19.52,188630
06/27/2006,19.36,19.799,18.921,19.72,207340
06/28/2006,19.6,20,18.96,19.68,251260
06/29/2006,19.654,20.92,18.744,20.84,337030
06/30/2006,21.26,22.91,20.8,21.92,1249740
07/03/2006,21.8,22.72,20.72,21.56,176240
07/05/2006,21.28,21.36,19.16,20.24,785480
07/06/2006,20.24,20.56,19.8,19.92,329040
07/07/2006,19.28,19.84,19,19.12,224200
07/10/2006,19,19.24,18.28,18.52,276450
07/11/2006,18.4,18.64,17.6,18.44,531020
07/12/2006,18.2,18.88,17.84,18.48,328690
07/13/2006,18.36,19.16,18.16,18.88,280670
07/14/2006,18.72,18.835,17.8,18.32,179740
07/17/2006,18.24,19,17.96,18.6,136550
07/18/2006,18.64,19,17.96,18.2,208560
07/19/2006,18.04,19.12,17.72,18.4,191450
07/20/2006,18.36,18.96,17,17.08,179570
07/21/2006,17.08,17.72,16.28,17.44,221590
07/24/2006,17.56,18.36,17.56,18.36,98040
07/25/2006,18.32,20.32,18.2,18.72,95070
07/26/2006,18.48,18.8,17.84,17.92,197180
07/27/2006,18.101,18.581,16.539,16.539,291560
07/28/2006,16.64,18,16.64,17.72,168150
07/31/2006,17.56,18.12,17.52,17.6,142610
08/01/2006,17.4,18.28,17.16,17.2,145420
08/02/2006,17.4,18.08,17.28,18,132810
08/03/2006,17.08,18.28,17,18.04,179710
08/04/2006,19.2,19.2,16,17.44,530470
08/07/2006,17.24,17.64,16.84,17.44,105370
08/08/2006,17.24,17.52,16.32,16.48,122220
08/09/2006,16.72,17.16,15.92,16.08,258480
08/10/2006,15.92,16.52,15.36,16.04,182000
08/11/2006,16,16.08,15.16,15.6,331750
08/14/2006,15.8,15.8,14.92,15.28,281870
08/15/2006,15.56,15.92,15.48,15.8,246470
08/16/2006,15.88,16.2,15.32,16.2,635850
08/17/2006,16.2,16.96,16.2,16.84,91690
08/18/2006,16.92,17,16.52,16.96,50780
08/21/2006,16.72,16.76,16.28,16.48,88410
08/22/2006,16.42,16.78,16.38,16.7,173610
08/23/2006,16.8,17,16.44,16.44,93850
08/24/2006,16.56,16.96,16.44,16.76,60750
08/25/2006,16.6,17.84,16.44,17.16,639960
08/28/2006,17.041,17.959,17.041,17.919,171600
08/29/2006,17.88,18.2,17.44,18,100010
08/30/2006,17.88,18.68,17.72,18.44,237580
08/31/2006,18.6,18.92,18.32,18.32,180700
09/01/2006,18.806,18.927,18.16,18.16,102420
09/05/2006,18.24,19,17.8,18.36,85380
09/06/2006,18.22,18.902,18.059,18.34,99610
09/07/2006,18.12,18.76,17.88,18.24,63610
09/08/2006,18.2,18.8,17.88,18.8,228810
09/11/2006,18.52,18.959,18.281,18.68,36700
09/12/2006,18.779,20.26,18.579,20.18,324280
09/13/2006,20.08,21.04,19.64,20.8,175920
09/14/2006,20.6,21,20.2,20.8,141690
09/15/2006,21.04,21.4,20.88,21.24,341130
09/18/2006,21.12,21.28,20.16,20.64,173820
09/19/2006,20.76,21.16,18.24,19.48,374220
09/20/2006,19.76,20.12,19.479,19.76,276280
09/21/2006,19.8,20.2,19.68,19.8,171680
09/22/2006,19.64,20.12,19.64,19.72,98500
09/25/2006,19.84,20,19.4,19.68,56770
09/26/2006,19.72,20.28,19.68,19.92,85570
09/27/2006,19.82,19.86,18.94,18.98,164400
09/28/2006,18.76,19.443,18.56,19.16,207570
09/29/2006,19.2,20.05,19,19.64,425530
10/02/2006,19.52,19.88,18.44,18.96,135350
10/03/2006,18.86,19.22,18.66,18.7,68890
10/04/2006,18.72,20,18.6,19.96,96480
10/05/2006,20.6,20.6,19.76,19.92,109460
10/06/2006,19.92,20.24,19.72,20.12,38420
10/09/2006,19.8,19.999,19.6,19.72,32150
10/10/2006,19.84,20,19.56,19.84,35260
10/11/2006,19.76,19.76,18.76,19,51300
10/12/2006,19.16,20.48,19.16,20.48,72750
10/13/2006,20.44,21.24,20.24,21.12,110240
10/16/2006,21.2,21.4,20.68,21.32,139080
10/17/2006,21.08,21.16,20.16,21.12,95320
10/18/2006,21.32,21.6,20.68,21.04,51010
10/19/2006,21.04,21.36,20.4,20.68,69690
10/20/2006,20.8,20.84,19.72,19.84,80910
10/23/2006,19.8,20.6,19.32,20,72280
10/24/2006,19.84,19.84,19.24,19.32,67690
10/25/2006,19.4,19.56,18.52,19,106040
10/26/2006,19.2,19.6,18.6,19.48,90560
10/27/2006,19.36,19.76,18.68,19,49410
10/30/2006,19,19.16,18.32,19.12,106430
10/31/2006,19.08,19.32,18.84,19.12,106380
11/01/2006,19.36,19.4,17.88,18,142750
11/02/2006,18,18.8,17.28,17.6,549760
11/03/2006,17.681,18.639,17.681,18.639,510340
11/06/2006,18.76,20.24,18.64,20.16,333200
11/07/2006,20.02,20.18,19.461,19.98,286590
11/08/2006,19.8,20.48,19.64,20,137490
11/09/2006,20,20.28,19.4,19.68,133870
11/10/2006,19.86,20.14,19.62,19.78,197270
11/13/2006,19.92,20.16,19.72,19.96,79680
11/14/2006,20.2,21.16,20.2,21.08,136250
11/15/2006,20.96,21.76,20.84,21.72,175930
11/16/2006,21.8,22,21.36,21.68,144370
11/17/2006,21.7,21.86,21.54,21.78,124430
11/20/2006,21.8,22,21.64,21.96,94040
11/21/2006,22,22,21.44,21.76,204640
11/22/2006,21.68,22.52,21.68,22.08,190510
11/24/2006,21,22.52,21,22.04,114940
11/27/2006,22,22,21.24,21.24,238570
11/28/2006,21.16,21.92,21.12,21.56,124280
11/29/2006,21.76,22.04,21.24,21.56,114030
11/30/2006,21.48,22.48,21.44,22.2,301760
12/01/2006,22.24,23.32,22.24,22.8,259870
12/04/2006,23.04,23.56,22.56,23.12,156210
12/05/2006,23.32,23.32,22.52,22.68,107710
12/06/2006,22.52,22.72,21.84,22.2,122930
12/07/2006,22.24,22.36,21.52,21.64,102960
12/08/2006,21.48,21.8,21.24,21.68,78160
12/11/2006,21.74,22.26,21.58,21.62,55110
12/12/2006,21.68,21.88,20.99,21.36,89120
12/13/2006,21.4,21.72,20.8,20.8,107860
12/14/2006,20.96,21.8,20.96,21.76,68240
12/15/2006,21.68,22.4,21.68,22.24,119540
12/18/2006,22.2,22.56,21.04,21.28,159520
12/19/2006,21.12,21.28,20.52,20.64,103700
12/20/2006,20.74,20.94,20.62,20.78,110190
12/21/2006,20.8,21.08,20.28,20.8,160620
12/22/2006,20.56,20.84,20.01,20.6,117330
12/26/2006,20.64,21.44,20.64,21.4,50340
12/27/2006,21.36,22,21.04,21.92,280650
12/28/2006,21.92,22.6,21.84,22.56,157920
12/29/2006,22.64,22.8,21.6,22.04,132080
01/03/2007,22.18,22.42,20.94,21.3,139310
01/04/2007,21.32,22.08,20.88,21.88,154160
01/05/2007,21.72,21.8,21.04,21.6,119630
01/08/2007,22,22.8,21.56,22.56,275390
01/09/2007,22.64,23.16,22.28,23,189510
01/10/2007,22.2,23.73,22.12,23.52,170380
01/11/2007,23.52,24.2,23.08,24.08,275970
01/12/2007,24,24.6,23.84,24.28,196070
01/16/2007,24.26,24.58,24.1,24.3,251230
01/17/2007,24.4,25.28,24.4,24.96,234250
01/18/2007,24.92,25,23.84,24.12,300150
01/19/2007,24.08,24.08,23.6,23.96,106820
01/22/2007,24,24.08,23.6,23.8,99610
01/23/2007,23.64,24.48,23.56,24.32,473370
01/24/2007,24.32,25.48,24.32,25.32,342610
01/25/2007,25.36,25.72,24.64,25,284900
01/26/2007,24.68,25.12,24.52,24.92,259100
01/29/2007,24.8,25.24,24.6,25.24,130200
01/30/2007,25.32,25.36,24.84,25.08,65360
01/31/2007,25.08,25.61,24.88,25.28,116770
02/01/2007,25.36,25.92,25.28,25.48,229590
02/02/2007,25.48,25.76,25,25.16,211780
02/05/2007,25.02,25.42,24.7,25.26,416170
02/06/2007,25.32,25.88,25.12,25.6,126010
02/07/2007,25.6,26.12,25.2,25.96,228610
02/08/2007,25.52,26.12,25.4,26.04,165450
02/09/2007,26.08,26.2,25.48,25.84,193750
02/12/2007,26.04,26.12,25.8,25.96,123900
02/13/2007,26.2,26.4,25.96,26.4,103050
02/14/2007,26.4,26.6,26,26.4,493940
02/15/2007,26.32,26.76,26.28,26.4,243160
02/16/2007,26.36,26.36,25.36,25.4,495610
02/20/2007,25.48,26.24,24.8,25.84,203320
02/21/2007,25.6,26.03,25.36,25.84,149700
02/22/2007,25.68,26,23.92,24.04,397570
02/23/2007,23.4,25.28,23,25.04,708290
02/26/2007,25.08,25.2,24.64,25.2,228850
02/27/2007,24.54,24.7,23.42,23.86,172010
02/28/2007,24,24.2,23.2,23.88,158290
03/01/2007,23.2,24,22.36,23.6,192890
03/02/2007,23.28,23.92,22.84,22.88,179990
03/05/2007,22.56,23,21.72,22.2,181110
03/06/2007,22.48,23.64,22.32,23.08,301450
03/07/2007,23,23.2,22.56,22.88,171950
03/08/2007,22.78,23.02,22.66,22.74,176730
03/09/2007,22.9,23.02,22.54,22.82,392530
03/12/2007,22.88,23.6,22.84,23.4,143200
03/13/2007,23.16,23.16,22.6,22.76,267830
03/14/2007,22.68,22.76,21.12,21.44,372690
03/15/2007,21.5,22.06,21.38,22.06,563510
03/16/2007,22,22.52,21.56,21.88,294280
03/19/2007,22.04,22.44,22.04,22.16,208610
03/20/2007,22.2,22.2,21.8,22,111740
03/21/2007,22,22.36,21.68,22.32,161770
03/22/2007,22.4,22.48,22.04,22.36,83540
03/23/2007,22.28,23.12,22.24,22.96,179190
03/26/2007,22.92,23.2,22.4,23,138640
03/27/2007,22.88,22.92,22.2,22.8,160680
03/28/2007,22.6,22.96,21.96,22.76,290580
03/29/2007,22.96,23.24,21.64,22.16,177850
03/30/2007,22.12,22.32,21.8,22.16,201760
04/02/2007,22.24,22.36,21.56,21.84,102140
04/03/2007,21.88,22.36,21.84,22.16,178280
04/04/2007,22.24,22.24,21.2,21.32,328360
04/05/2007,21.24,21.36,20.96,21.04,173390
04/09/2007,21.02,21.06,20.38,20.38,233490
04/10/2007,20.38,20.54,19.98,20.02,698230
04/11/2007,19.6,20,19.6,19.88,242260
04/12/2007,19.9,20.02,19.58,19.98,163000
04/13/2007,19.92,20.36,19.8,20.2,241910
04/16/2007,20.26,20.74,20.26,20.66,311590
04/17/2007,20.36,20.68,20.16,20.28,493200
04/18/2007,20.24,20.76,20.08,20.48,616420
04/19/2007,20.28,20.48,20.04,20.2,164910
04/20/2007,20.52,20.64,20.2,20.32,101230
04/23/2007,20.12,20.44,19.8,19.84,154960
04/24/2007,19.96,20,19.521,19.92,180870
04/25/2007,19.76,19.8,19.241,19.4,314520
04/26/2007,19.28,19.8,19.2,19.56,142950
04/27/2007,19.48,19.6,18.84,19,175250
04/30/2007,19,19.44,18.4,18.56,307250
05/01/2007,18.84,18.96,18.2,18.8,135720
05/02/2007,17.36,17.48,15.2,16.6,1364570
05/03/2007,16.24,18.121,16.24,17.84,955600
05/04/2007,17.8,17.96,17.279,17.56,305310
05/07/2007,17.6,17.6,17.2,17.28,359100
05/08/2007,17.16,17.44,16.96,17.32,302540
05/09/2007,17.16,17.6,17,17.36,122870
05/10/2007,17.32,17.32,16.36,16.4,288680
05/11/2007,16.7,17.18,16.381,17.14,161130
05/14/2007,17.24,17.321,16.96,16.96,257620
05/15/2007,16.88,17.04,16.44,16.48,414110
05/16/2007,16.48,16.6,15.84,16.28,311460
05/17/2007,16.14,16.26,15.94,16.06,209020
05/18/2007,16.04,16.6,16,16.52,255250
05/21/2007,16.4,17.6,16.4,17.24,346240
05/22/2007,17.12,17.6,17.08,17.56,340000
05/23/2007,17.601,18.001,17.119,17.119,289120
05/24/2007,17.2,17.84,16.52,16.84,278210
05/25/2007,16.96,17.24,16.68,16.76,119470
05/29/2007,16.92,17.6,16.8,17.24,218880
05/30/2007,17,17.08,16.6,17,227300
05/31/2007,17.02,17.101,16.579,16.74,165860
06/01/2007,16.56,17.6,16.56,16.76,130920
06/04/2007,16.68,16.8,16.32,16.56,164860
06/05/2007,16.4,16.72,16,16.2,162870
06/06/2007,16.18,16.42,15.781,16.38,102510
06/07/2007,16.2,16.661,16.08,16.48,241850
06/08/2007,16.4,17.08,16.32,17,148350
06/11/2007,16.92,17.2,16.48,17,114430
06/12/2007,16.84,16.92,16.44,16.6,161350
06/13/2007,16.7,16.82,16.37,16.42,84100
06/14/2007,16.44,17.015,16.44,16.84,146680
06/15/2007,17.26,17.82,17.059,17.78,392400
06/18/2007,17.8,17.8,17.199,17.44,120840
06/19/2007,17.4,17.88,17.2,17.76,237800
06/20/2007,17.82,17.94,17.62,17.74,165140
06/21/2007,17.56,18.4,17.24,18.4,362350
06/22/2007,17.994,18.15,17.407,17.72,497420
06/25/2007,17.66,18.378,17.501,17.94,279070
06/26/2007,17.92,18.56,17.28,17.56,294400
06/27/2007,17.32,18.2,17.2,18.08,470070
06/28/2007,18,18.12,17.64,17.76,158250
06/29/2007,17.84,18.8,17.6,17.92,235320
07/02/2007,18,18.2,17.68,17.72,112280
07/03/2007,17.8,17.8,17.36,17.68,83400
07/05/2007,17.6,17.6,16.8,17,159670
07/06/2007,16.92,17.12,16.72,16.92,158350
07/09/2007,16.88,17.16,16.4,16.48,573690
07/10/2007,16.68,16.68,15.84,16.04,256800
07/11/2007,15.98,16.34,15.823,16.06,242790
07/12/2007,16.2,16.32,15.88,16.2,114390
07/13/2007,16.24,16.32,15.968,16,105640
07/16/2007,15.96,16.36,15.88,16.08,136440
07/17/2007,16.02,16.14,15.7,15.94,139850
07/18/2007,15.86,16.1,15.7,16.02,257640
07/19/2007,16.12,16.2,15.96,16.04,117090
07/20/2007,16,16.16,15.56,15.68,202170
07/23/2007,15.72,15.92,15.4,15.68,208190
07/24/2007,15.44,15.88,15.12,15.44,360190
07/25/2007,15.4,15.6,14.64,15,373930
07/26/2007,14.8,15.201,13.918,14.68,396210
07/27/2007,14.6,14.64,13.6,13.64,505180
07/30/2007,13.6,14.28,13.44,14.2,629500
07/31/2007,14.299,14.339,13.381,13.421,467340
08/01/2007,13.4,13.76,12.64,12.76,986700
08/02/2007,12.48,13.36,12.28,12.64,1048240
08/03/2007,12.04,12.602,11.398,11.84,591830
08/06/2007,11.8,11.88,10.24,11.56,872880
08/07/2007,11.44,11.48,10.8,11.24,396560
08/08/2007,11.28,14.96,11.24,13.08,661300
08/09/2007,12.72,13.4,11.6,12.08,672700
08/10/2007,11.8,13.12,11.44,12.2,491180
08/13/2007,12.08,12.678,11.681,11.8,458580
08/14/2007,11.8,12,10.875,11.2,424820
08/15/2007,11.08,11.56,10.92,10.96,359930
08/16/2007,11.213,11.663,10.476,10.64,529970
08/17/2007,11.04,11.04,10.08,10.44,532050
08/20/2007,10.52,11.16,10.2,10.36,534020
08/21/2007,10.24,10.84,9.72,10.44,506860
08/22/2007,10.56,10.56,10.12,10.32,268480
08/23/2007,10.36,10.564,9.8,9.8,304580
08/24/2007,9.8,10.68,9.44,10.32,503800
08/27/2007,10.28,10.32,9.64,10.04,326240
08/28/2007,10,10.12,9.56,9.92,232210
08/29/2007,10.02,10.22,9.659,9.98,130860
08/30/2007,9.979,10.941,9.859,10.901,447770
08/31/2007,10.96,12.2,10.8,12,520340
09/04/2007,11.96,12.24,11.4,11.84,244770
09/05/2007,11.76,11.96,11.119,11.36,232510
09/06/2007,11.26,11.781,11.26,11.66,165160
09/07/2007,11.48,11.68,10.2,10.8,280790
09/10/2007,10.84,11.16,10.24,10.68,215220
09/11/2007,10.72,11.4,10.64,11,242190
09/12/2007,11.08,11.68,11,11.24,371150
09/13/2007,11.44,11.76,11.4,11.64,126190
09/14/2007,11.56,11.76,11.24,11.32,141310
09/17/2007,11.32,11.72,11.28,11.44,155870
09/18/2007,12.08,12.76,12.04,12.56,577400
09/19/2007,12.6,13.12,12.344,12.68,213530
09/20/2007,12.68,12.92,11.88,12.12,233050
09/21/2007,12.24,12.24,11.48,11.84,254210
09/24/2007,11.88,11.96,11.36,11.44,118630
09/25/2007,11.4,11.759,11.32,11.48,135570
09/26/2007,11.52,11.8,11.4,11.8,191530
09/27/2007,11.88,11.96,11.48,11.68,86280
09/28/2007,11.64,11.64,11,11.04,245980
10/01/2007,11.059,12.141,11.019,12.101,183290
10/02/2007,12.18,12.34,11.659,12.18,159150
10/03/2007,12.08,12.2,11.8,11.88,104390
10/04/2007,11.96,12.08,11.44,11.6,214360
10/05/2007,11.76,12.2,11.2,11.28,324870
10/08/2007,11.36,11.48,10.8,10.92,226660
10/09/2007,10.96,11.12,10.72,11,234500
10/10/2007,11.04,11.16,9.96,10.32,378060
10/11/2007,10.32,10.52,9.84,10.12,333500
10/12/2007,10.04,10.32,9.96,10.28,106260
10/15/2007,10.24,10.4,9.72,9.92,166220
10/16/2007,9.88,10.04,9.52,9.68,207090
10/17/2007,9.84,9.84,9.36,9.48,271780
10/18/2007,9.5,9.54,9.34,9.38,242640
10/19/2007,9.42,9.461,8.98,8.98,348360
10/22/2007,8.96,9.16,8.8,9,145030
10/23/2007,9.08,9.84,9.08,9.8,377600
10/24/2007,9.884,9.884,9.36,9.4,304770
10/25/2007,9.48,9.68,9.28,9.6,194620
10/26/2007,9.72,9.76,9.2,9.76,182220
10/29/2007,9.74,10.139,9.58,9.74,139470
10/30/2007,9.8,9.88,9.6,9.72,106050
10/31/2007,9.78,10.18,9.539,10.14,141210
11/01/2007,9.64,9.96,9.32,9.52,196800
11/02/2007,9.24,11.48,9.2,11.24,673840
11/05/2007,10.841,11.285,10.478,10.68,400740
11/06/2007,10.72,11.28,10.6,11.28,177060
11/07/2007,11.16,11.16,10.6,10.76,236210
11/08/2007,10.84,10.92,10.397,10.64,183330
11/09/2007,10.52,10.88,10.2,10.88,113270
11/12/2007,10.6,10.962,10.329,10.56,114850
11/13/2007,10.66,10.9,10.46,10.78,77660
11/14/2007,10.804,10.966,9.833,10.156,264660
11/15/2007,10.04,10.12,9.92,9.96,143450
11/16/2007,9.96,10.16,9.76,10,327830
11/19/2007,9.88,9.96,9.08,9.28,425890
11/20/2007,9.24,9.44,9,9.16,517300
11/21/2007,9.14,9.381,9.1,9.14,284300
11/23/2007,8.92,9.96,8.92,9.88,251430
11/26/2007,9.861,9.881,9.139,9.299,246030
11/27/2007,9.26,9.579,8.821,8.9,198910
11/28/2007,9,9.64,9,9.28,417040
11/29/2007,9.26,9.54,9.26,9.42,284960
11/30/2007,9.52,9.56,9.24,9.4,245320
12/03/2007,9.4,9.44,9.2,9.2,224720
12/04/2007,9.08,9.24,9.04,9.12,241830
12/05/2007,9.18,9.539,9.1,9.22,597000
12/06/2007,9.2,9.28,8.92,9.2,382280
12/07/2007,9.001,9.439,9.001,9.16,327800
12/10/2007,9.16,9.68,9.16,9.32,837630
12/11/2007,9.24,10.88,9.12,9.2,375570
12/12/2007,9.64,10.616,9.36,10.4,328350
12/13/2007,10.28,10.72,9.72,9.88,203080
12/14/2007,9.82,10.421,9.78,9.82,152160
12/17/2007,9.841,10.162,9.238,9.68,219520
12/18/2007,9.76,10.28,9.64,10.16,182200
12/19/2007,10.16,10.6,10,10.24,530540
12/20/2007,10.36,10.6,10.2,10.56,185400
12/21/2007,10.76,11,10.32,10.84,388340
12/24/2007,10.84,11.2,10.8,10.88,77750
12/26/2007,11,11,10.48,10.8,80050
12/27/2007,10.88,10.88,10.12,10.12,102960
12/28/2007,10.24,10.28,9.6,9.8,95890
12/31/2007,9.8,9.961,9.639,9.8,136750
01/02/2008,9.76,10.12,9.296,9.4,133430
01/03/2008,9.44,9.56,8.8,8.84,138120
01/04/2008,8.72,9.2,8.6,9.04,171700
01/07/2008,9.28,9.4,9,9.16,171560
01/08/2008,9.318,9.358,8.76,8.84,193660
01/09/2008,8.7,9.019,8.58,8.78,184240
01/10/2008,8.701,9.219,8.621,9.179,292340
01/11/2008,9.16,9.16,8.56,8.56,203620
01/14/2008,8.64,8.76,8.36,8.4,144280
01/15/2008,8.24,8.36,7.72,7.88,227290
01/16/2008,7.64,7.92,7.6,7.76,207710
01/17/2008,7.74,7.9,7.381,7.74,192340
01/18/2008,7.52,7.68,7,7.12,177250
01/22/2008,7,7.48,6.48,7.24,200150
01/23/2008,7.04,7.96,6.92,7.8,274780
01/24/2008,7.88,8.48,7.84,8.4,179830
01/25/2008,8.46,8.739,8.221,8.54,177860
01/28/2008,8.56,8.84,8.48,8.8,85470
01/29/2008,8.88,9.76,8.56,9.52,454480
01/30/2008,9.44,9.8,9.24,9.56,303800
01/31/2008,9.84,9.84,9.4,9.6,615870
02/01/2008,9.64,10.371,9.4,10.24,139940
02/04/2008,10.04,10.52,9.76,10.44,167320
02/05/2008,10,10.48,9.8,10.04,189510
02/06/2008,10.12,10.32,9.6,10,170610
02/07/2008,10.04,10.16,9.72,9.92,138790
02/08/2008,9.92,10.16,9.76,10.04,120480
02/11/2008,10,10.12,9.88,10,151200
02/12/2008,10.04,10.4,10,10.24,147840
02/13/2008,10.38,10.58,10.14,10.34,212050
02/14/2008,10.36,10.36,10.121,10.28,151560
02/15/2008,10.18,10.26,9.581,10.26,178310
02/19/2008,10.32,10.84,10.28,10.64,170680
02/20/2008,10.84,11.52,10.6,11.4,145100
02/21/2008,11.5,11.859,11.3,11.46,302790
02/22/2008,11.44,11.44,10.78,11,238150
02/25/2008,11.04,11.68,10.96,11.36,83260
02/26/2008,11.28,11.72,11.28,11.6,107800
02/27/2008,11.48,11.6,10.96,11.16,285310
02/28/2008,11.188,11.267,10.081,10.16,222570
02/29/2008,9.8,10.72,9.44,10.04,369180
03/03/2008,9.68,10.198,9.441,9.64,207250
03/04/2008,9.5,9.58,9.221,9.46,149430
03/05/2008,9.48,10.52,9.36,9.96,94140
03/06/2008,9.482,9.924,8.839,9.12,247760
03/07/2008,9,10.08,8.84,9.2,434290
03/10/2008,9.24,9.64,8.8,9.2,243680
03/11/2008,9.48,10.2,9.24,10.2,155980
03/12/2008,10.28,10.28,9.8,10.08,247770
03/13/2008,9.96,10.08,9.32,9.72,222730
03/14/2008,9.8,10.2,9.24,9.56,197210
03/17/2008,9.2,10.24,9.2,9.68,117550
03/18/2008,9.979,11.101,9.418,10.981,170180
03/19/2008,11.12,11.56,10.72,10.72,259330
03/20/2008,11.439,11.921,10.797,11.68,519890
03/24/2008,11.64,12.88,11.32,12.24,266710
03/25/2008,12.28,12.76,12.16,12.56,256240
03/26/2008,12.48,12.52,12.04,12.2,278390
03/27/2008,12.18,12.3,11.661,12.18,182060
03/28/2008,12.2,12.683,11.88,12.28,179050
03/31/2008,12.24,12.8,12.16,12.32,109720
04/01/2008,12.6,12.68,12.28,12.56,240320
04/02/2008,12.64,13.4,12.32,12.96,351420
04/03/2008,12.88,13.84,12.76,13.4,118160
04/04/2008,13.52,13.68,13.08,13.2,80350
04/07/2008,13.34,13.861,13.22,13.54,228730
04/08/2008,13.48,13.841,13.199,13.52,86920
04/09/2008,13.6,13.6,12.48,12.64,148940
04/10/2008,12.6,13.361,12.4,12.88,80310
04/11/2008,12.74,12.939,12.181,12.26,78730
04/14/2008,12.32,13.16,12.24,12.48,84020
04/15/2008,12.481,12.959,12.162,12.959,140360
04/16/2008,13.02,13.661,12.899,13.58,336530
04/17/2008,13.56,13.64,13,13.12,80280
04/18/2008,13.42,13.54,13.099,13.5,107490
04/21/2008,13.4,13.6,13.16,13.32,75180
04/22/2008,13.596,13.596,12.161,12.4,104790
04/23/2008,12.48,13.28,12.28,12.88,109630
04/24/2008,12.92,13.6,12.48,13.4,119590
04/25/2008,13.62,13.82,13.42,13.78,95830
04/28/2008,13.88,13.88,13.04,13.28,70610
04/29/2008,13.28,13.4,12.96,13.12,56180
04/30/2008,13.2,13.28,12.4,12.6,106460
05/01/2008,12.6,12.984,12.6,12.8,96940
05/02/2008,12.92,13.08,12.48,12.68,114320
05/05/2008,12.52,12.841,12.44,12.48,66050
05/06/2008,12.499,13.421,12.379,13.341,76200
05/07/2008,13.4,13.4,11.84,12,1073380
05/08/2008,12.2,13.2,11.6,12.44,200730
05/09/2008,12.16,13.56,11.92,13.36,232760
05/12/2008,12.82,12.86,11.979,12.54,193510
05/13/2008,12.56,13.197,12.36,13,184630
05/14/2008,12.98,13.101,12.42,12.42,97400
05/15/2008,12.36,12.44,12.04,12.24,130610
05/16/2008,12.32,12.32,11.48,11.56,149120
05/19/2008,11.52,12.563,11.4,12.24,141620
05/20/2008,12.16,12.16,11.536,12,137610
05/21/2008,12,12.2,11.6,11.8,129590
05/22/2008,11.88,12.281,11.64,12.04,128130
05/23/2008,11.96,12,11.398,11.72,123180
05/27/2008,11.779,12.821,11.779,12.741,159970
05/28/2008,12.84,12.84,11.6,12.12,271240
05/29/2008,12.04,12.361,11.76,11.88,116810
05/30/2008,12,12.444,11.919,12.04,220920
06/02/2008,12.04,12.24,11.64,11.92,117110
06/03/2008,12,12.08,11.56,11.84,128590
06/04/2008,11.8,12.24,11.64,12.04,177290
06/05/2008,12.12,12.2,11.801,12.2,150360
06/06/2008,12.12,12.32,11.72,11.84,147010
06/09/2008,11.76,11.88,11.395,11.6,176720
06/10/2008,11.46,12.019,11.46,11.98,86680
06/11/2008,11.92,12.2,11.64,11.84,80150
06/12/2008,11.96,12,11.6,11.6,68970
06/13/2008,11.76,12,11.6,11.76,53250
06/16/2008,11.72,12,11.64,11.76,72450
06/17/2008,11.76,12,11.6,11.76,62140
06/18/2008,11.72,12.32,11.6,12.2,243660
06/19/2008,12.26,12.42,11.919,12.38,92490
06/20/2008,12.32,12.36,11.64,12,262190
06/23/2008,12.019,12.059,11.261,11.301,152230
06/24/2008,11.16,11.36,10.041,10.24,290230
06/25/2008,10.2,10.72,10.12,10.4,297110
06/26/2008,10.301,10.381,9.539,9.539,168170
06/27/2008,9.727,9.768,9.076,9.32,872180
06/30/2008,9.04,10.08,9.04,9.32,762170
07/01/2008,9.2,9.4,8.76,9.04,98210
07/02/2008,9,9.12,8.48,8.56,150530
07/03/2008,8.56,8.96,8.4,8.52,113850
07/07/2008,8.44,8.92,8.4,8.44,133020
07/08/2008,8.499,9.021,8.379,8.941,142250
07/09/2008,9,9.04,8.4,8.4,136680
07/10/2008,8.38,8.78,8.261,8.78,173670
07/11/2008,8.659,9.261,8.459,9.141,160970
07/14/2008,9.2,9.84,8.28,8.56,100520
07/15/2008,8.48,9.04,8.24,8.68,119820
07/16/2008,8.72,9.96,8.52,9.92,119540
07/17/2008,10,10.08,9.04,9.36,130680
07/18/2008,9.44,9.52,9.04,9.16,91190
07/21/2008,9.22,9.38,9.019,9.14,46080
07/22/2008,9.12,10.16,9.04,9.4,154080
07/23/2008,9.36,10.56,9.32,9.76,127670
07/24/2008,9.84,10.4,9.64,10.08,89590
07/25/2008,10.28,10.641,10.16,10.52,138510
07/28/2008,10.499,10.539,9.581,9.621,96860
07/29/2008,9.68,10.12,9.56,9.8,121840
07/30/2008,9.88,10.08,9.08,9.52,218080
07/31/2008,9.3,9.741,9.18,9.3,134010
08/01/2008,9.28,9.68,8.84,9,81400
08/04/2008,9,9.2,8.4,8.4,165720
08/05/2008,8.58,8.701,8.3,8.3,136950
08/06/2008,8.2,9.24,8,8.56,240240
08/07/2008,8.56,9.44,8.219,9.24,191360
08/08/2008,9.437,11.044,9.397,10.803,244790
08/11/2008,10.8,11.96,10.2,11.96,180240
08/12/2008,11.96,12.012,11.4,11.6,166400
08/13/2008,11.56,12.64,11,12.2,248770
08/14/2008,12.12,12.16,11.88,12,135960
08/15/2008,12.16,12.2,11.68,11.96,119960
08/18/2008,12,12.44,11.68,11.68,146310
08/19/2008,11.44,11.52,10.88,11.12,114780
08/20/2008,11.08,11.28,10.16,10.4,119020
08/21/2008,10.28,10.56,9.76,9.84,159950
08/22/2008,9.88,10.28,9.68,10.16,54030
08/25/2008,10.08,10.4,9.92,10,60490
08/26/2008,10,10.32,9.44,9.6,109090
08/27/2008,9.68,11.33,9.64,10.68,183200
08/28/2008,10.72,11.8,10.2,11.56,102370
08/29/2008,11.48,11.52,10.4,10.8,90350
09/02/2008,11.08,11.84,10.426,10.68,74970
09/03/2008,10.642,11.758,10.522,11.758,105870
09/04/2008,11.6,11.8,10.64,10.96,98860
09/05/2008,11.04,11.16,10.52,10.68,99910
09/08/2008,11.18,11.579,10.821,11.18,198530
09/09/2008,11.2,11.2,10.6,10.6,127150
09/10/2008,10.88,10.88,9.92,10.36,128970
09/11/2008,10.12,10.442,9.76,10.28,76670
09/12/2008,10.16,10.48,9.76,10.24,69210
09/15/2008,9.516,10.071,8.921,9.04,82080
09/16/2008,8.64,9.52,8.64,9.52,192630
09/17/2008,9.586,9.743,8.323,8.56,127760
09/18/2008,9.16,10,8.48,9.84,372620
09/19/2008,10.84,11.28,10,10.8,547830
09/22/2008,10.68,10.8,9,9.64,86390
09/23/2008,9.64,10.04,9.48,9.48,94550
09/24/2008,9.32,9.917,9.2,9.28,76170
09/25/2008,9.24,10.117,9.121,9.32,98260
09/26/2008,9.06,9.459,8.98,9.14,246480
09/29/2008,8.92,9.68,8.08,8.08,116030
09/30/2008,8.163,8.876,8.004,8.48,127130
10/01/2008,8.12,8.7,8.08,8.36,141550
10/02/2008,8.08,8.8,8,8,55380
10/03/2008,8.16,8.6,6.32,7.4,404250
10/06/2008,7.16,7.441,6.48,6.92,162690
10/07/2008,7.101,7.542,6.3389,6.3389,93030
10/08/2008,6.32,7.6,6.28,6.96,185320
10/09/2008,6.36,7.48,6.36,6.48,136060
10/10/2008,6.2,9,6.04,9,155260
10/13/2008,8.28,9.32,7.72,8.84,172410
10/14/2008,9.08,9.08,7,7.08,102610
10/15/2008,6.48,7.44,6.4,6.4,121490
10/16/2008,6.7383,8.062,6.618,7.982,203630
10/17/2008,7.72,8.08,7.2,7.2,251800
10/20/2008,7.32,7.88,6.68,7.68,128400
10/21/2008,7.12,7.637,6.961,7.12,77330
10/22/2008,7.04,7.32,6.68,6.76,70190
10/23/2008,6.76,7,6.4,6.76,163650
10/24/2008,6.48,6.72,6.4,6.6,91740
10/27/2008,6.52,6.6,6.04,6.04,117890
10/28/2008,6.1807,6.6592,6.0212,6.6193,176260
10/29/2008,6.6589,6.7785,5.9013,5.9811,213950
10/30/2008,7.08,7.08,5.92,6,154910
10/31/2008,5.88,6.72,5.8,6.72,205400
11/03/2008,6.72,6.76,6.2088,6.36,148770
11/04/2008,6.2184,6.2184,4.0083,4.72,816240
11/05/2008,5.32,5.92,5,5.8,328830
11/06/2008,5.2,5.88,5.2,5.68,90470
11/07/2008,6,6,5.72,5.96,67800
11/10/2008,6.08,6.4,5.28,5.48,58130
11/11/2008,6.12,6.12,5.28,5.28,61820
11/12/2008,5.2,5.32,4.44,4.92,113860
11/13/2008,4.88,5.08,4.24,4.28,998240
11/14/2008,4.2,4.72,4.04,4.04,256110
11/17/2008,4.16,4.32,3.6,4.04,337010
11/18/2008,4.0415,4.12,3.5314,4.12,828990
11/19/2008,4.12,4.2,3.88,3.96,260590
11/20/2008,3.92,4,3.68,3.8,233790
11/21/2008,3.84,3.84,2.56,3.56,383600
11/24/2008,3.6,3.8,3.48,3.72,218730
11/25/2008,3.76,3.76,3.44,3.6,1531970
11/26/2008,3.7138,4.4404,3.5931,4.4,323410
11/28/2008,4.32,4.76,4,4.76,75100
12/01/2008,4.52,4.56,3.96,4.04,113960
12/02/2008,4.2,4.52,4.16,4.36,80660
12/03/2008,4.2,4.92,4.2,4.72,117520
12/04/2008,4.6,5.24,4.48,4.76,185050
12/05/2008,4.64,5.36,4.52,5.32,129510
12/08/2008,5.4383,5.8814,5.2369,5.68,234530
12/09/2008,5.8723,5.8723,4.7216,4.92,175350
12/10/2008,5.04,5.52,4.92,5.52,106960
12/11/2008,5.32,5.44,4.8292,4.96,102640
12/12/2008,4.8,5.52,4.4,5.48,72790
12/15/2008,5.4,5.64,4.88,5.2,272400
12/16/2008,5.3106,5.8417,5.3106,5.76,213320
12/17/2008,5.68,6.72,5.6,6.4,153130
12/18/2008,6.3099,6.3887,5.5211,5.6,139560
12/19/2008,5.8016,6.2752,5.5253,5.92,198890
12/22/2008,5.92,6.12,5.52,5.96,77450
12/23/2008,6.04,6.28,5.64,5.72,98900
12/24/2008,5.72,5.92,5.48,5.52,95110
12/26/2008,5.56,5.68,5.32,5.52,22310
12/29/2008,5.36,5.6,5.04,5.56,91270
12/30/2008,5.68,6.32,5.44,6.12,107490
12/31/2008,6.238,6.481,6.0759,6.4,90520
01/02/2009,6.5146,6.9625,6.2296,6.8,85630
01/05/2009,6.68,7.76,6.44,7.36,81930
01/06/2009,7.38,7.62,7.219,7.5,67130
01/07/2009,7.36,7.36,6.64,6.88,54360
01/08/2009,6.92,7.36,6.88,7.2,67590
01/09/2009,7.106,7.106,6.001,6.08,114350
01/12/2009,6.08,6.4,5.76,5.76,106590
01/13/2009,5.72,6.32,5.72,5.92,61540
01/14/2009,5.84,6.32,5.48,5.56,75760
01/15/2009,5.56,5.96,5.28,5.92,130270
01/16/2009,5.7552,6.2416,5.7552,6.12,60620
01/20/2009,6.04,6.04,5.48,5.8,134880
01/21/2009,5.88,6.32,5.76,6.08,80810
01/22/2009,5.88,6.56,5.84,6.48,167650
01/23/2009,6.24,7.12,6.24,6.8,105840
01/26/2009,6.84,7.16,6.48,6.92,279100
01/27/2009,6.9401,7.181,6.7435,6.8999,72930
01/28/2009,7.04,7.16,6.84,6.88,210200
01/29/2009,6.8,6.92,6.2,6.4,97560
01/30/2009,6.48,7,5.96,6.76,141470
02/02/2009,6.2611,6.4167,5.5222,5.6,421540
02/03/2009,5.64,5.84,5.28,5.48,395570
02/04/2009,5.44,6.12,5.36,5.84,114230
02/05/2009,5.7788,6.6215,5.7788,6.5412,144580
02/06/2009,6.52,7,6.52,7,208240
02/09/2009,7,7.08,6.8,7.08,82070
02/10/2009,7.04,7.08,6.52,6.6,155630
02/11/2009,6.8,6.88,6.28,6.36,185690
02/12/2009,6.24,6.8,6.2,6.64,197040
02/13/2009,6.68,7.08,6.52,7,132540
02/17/2009,6.96,7,6.5593,6.68,113290
02/18/2009,6.76,7.08,6.56,7,133590
02/19/2009,7.12,7.16,6.8,7,48800
02/20/2009,6.84,6.96,6.6,6.8,77330
02/23/2009,6.88,7.04,6.48,6.6,112280
02/24/2009,6.4,6.88,6.4,6.8,129120
02/25/2009,6.76,6.84,6.4,6.6,231170
02/26/2009,6.68,6.76,6.44,6.48,105800
02/27/2009,6.32,6.6011,6.12,6.48,72260
03/02/2009,6.12,6.48,5.64,5.64,311770
03/03/2009,5.96,6.12,4.52,5.32,472180
03/04/2009,5.44,5.6,4.6,4.8,382670
03/05/2009,4.6,4.72,4.119,4.48,277790
03/06/2009,4.56,5.48,4.32,5.04,136270
03/09/2009,4.96,5,4.68,4.88,119500
03/10/2009,4.84,5.76,4.84,5.48,90920
03/11/2009,5.52,5.8,5,5.12,97500
03/12/2009,5.08,5.64,4.96,5.56,128740
03/13/2009,5.8,5.88,5.52,5.8,94410
03/16/2009,5.92,5.92,4.96,5.08,102330
03/17/2009,5.08,5.76,5.08,5.76,63730
03/18/2009,5.76,6.08,5.72,6.08,349910
03/19/2009,6.16,6.36,5.92,6.2,74100
03/20/2009,6.28,6.3116,5.6,5.92,175220
03/23/2009,6.0994,6.5408,5.979,6.4606,178580
03/24/2009,6.36,6.52,5.2,5.24,245730
03/25/2009,5.76,5.84,5.4,5.68,223940
03/26/2009,5.8,6.28,5.8,6.28,114110
03/27/2009,6.32,6.32,5.4,5.4,105760
03/30/2009,5.36,5.64,5.24,5.56,109770
03/31/2009,5.68,6.0011,5.48,5.8,121140
04/01/2009,5.68,6.2,5.48,6.2,156360
04/02/2009,6.32,6.6187,6.24,6.48,172320
04/03/2009,6.44,6.8,6.44,6.76,91200
04/06/2009,6.64,7,6.24,6.8,50630
04/07/2009,6.6,6.76,6.28,6.28,97740
04/08/2009,6.36,6.6,6.28,6.52,49090
04/09/2009,6.76,6.88,6.48,6.88,144730
04/13/2009,6.8,7.12,6.72,7.08,65380
04/14/2009,7.12,7.12,6.48,6.68,136050
04/15/2009,6.6,7.24,6.6,7.24,104330
04/16/2009,7.36,8.24,7.12,8.04,435440
04/17/2009,8.08,9.2,8,8.68,381260
04/20/2009,8.52,8.72,7.56,7.8,342430
04/21/2009,7.78,7.9,7.62,7.78,233340
04/22/2009,7.62,7.981,7.62,7.9,110980
04/23/2009,7.56,8,7.52,7.68,119120
04/24/2009,7.78,8.06,7.74,7.98,266930
04/27/2009,7.8,7.88,7.52,7.8,165110
04/28/2009,7.68,7.96,7.56,7.64,190830
04/29/2009,7.779,8.341,7.619,8.261,163560
04/30/2009,8.36,8.52,8.12,8.2,119470
05/01/2009,7.96,8.4,7.96,8.2,80810
05/04/2009,8.34,8.741,8.219,8.7,111700
05/05/2009,8.68,9.16,8.6,8.96,192980
05/06/2009,9.059,9.059,8.461,8.541,137300
05/07/2009,8.6,8.8,7.839,8.12,170230
05/08/2009,8.12,8.12,7.68,8.04,243520
05/11/2009,8.24,9.16,7.96,8.92,262030
05/12/2009,9,9.6,8.12,8.56,160450
05/13/2009,8.4,8.4,7.76,7.76,217340
05/14/2009,8,8.48,7.48,8.32,271350
05/15/2009,8.4,8.4,7.6,7.92,190230
05/18/2009,7.84,8.8,7.4,8.76,162890
05/19/2009,8.52,9,8.12,8.44,135630
05/20/2009,8.52,8.92,8.08,8.12,84800
05/21/2009,8,8.36,7.44,7.64,100760
05/22/2009,7.72,7.96,7.24,7.24,102830
05/26/2009,7.32,8.36,7.32,8.32,128970
05/27/2009,8.2,8.44,7.84,8.04,90050
05/28/2009,8.36,8.4,7.6,8,86350
05/29/2009,7.994,8.481,7.832,8.4,161180
06/01/2009,8.44,8.88,8,8.6,113880
06/02/2009,8.32,8.52,8,8.24,157600
06/03/2009,8.16,8.36,7.96,8.2,67090
06/04/2009,8.24,8.52,8,8.32,50500
06/05/2009,8.32,8.6,8.2,8.44,63410
06/08/2009,8.56,8.68,8.16,8.48,55160
06/09/2009,8.56,8.56,7.84,7.96,183440
06/10/2009,8.1,8.34,7.739,8.3,181920
06/11/2009,8.32,8.68,8.12,8.6,124380
06/12/2009,8.48,8.72,8.12,8.64,62090
06/15/2009,8.68,8.68,8,8.2,76270
06/16/2009,8.08,8.52,8.08,8.2,123260
06/17/2009,8.24,8.64,8.08,8.24,112910
06/18/2009,8.04,8.44,8.04,8.28,83780
06/19/2009,8.402,8.64,8.204,8.64,184350
06/22/2009,8.36,8.6,8.04,8.04,98420
06/23/2009,8.359,8.439,8.041,8.2,89880
06/24/2009,8.28,8.28,7.64,7.76,142650
06/25/2009,7.781,8.419,7.781,8.419,99250
06/26/2009,8.36,8.64,8.08,8.64,1197620
06/29/2009,8.58,8.66,8.42,8.54,98260
06/30/2009,8.58,8.78,8.221,8.66,135040
07/01/2009,8.76,9.6,8.72,9.08,235070
07/02/2009,8.88,9.16,8.28,8.36,153590
07/06/2009,8.36,8.68,7.88,8.44,145950
07/07/2009,8.48,8.48,7.96,8,131680
07/08/2009,8.08,8.44,7.88,7.92,110300
07/09/2009,7.96,8.04,7.84,7.96,102480
07/10/2009,7.94,8.06,7.82,7.98,65900
07/13/2009,8.04,8.32,7.84,8.32,74530
07/14/2009,8.3,8.34,8.021,8.34,30790
07/15/2009,8.4,8.64,8.28,8.64,197490
07/16/2009,8.6,8.72,8.36,8.52,102080
07/17/2009,8.56,8.8,8.32,8.44,120910
07/20/2009,8.48,8.96,8.32,8.84,146650
07/21/2009,8.92,8.96,8.6,8.96,96580
07/22/2009,8.94,9.06,8.699,8.98,75600
07/23/2009,9,10.6,8.799,10.24,408630
07/24/2009,10.18,10.38,9.739,10.1,78150
07/27/2009,10.08,10.72,10.08,10.52,57460
07/28/2009,10.48,10.88,10.2,10.88,81010
07/29/2009,10.76,11.08,10.24,10.72,58170
07/30/2009,10.92,11.96,10.76,11.08,134320
07/31/2009,11.08,11.44,10.64,10.68,126390
08/03/2009,10.84,11.32,10.48,11,62230
08/04/2009,10.92,11.36,10.8,11,63920
08/05/2009,10.96,11,10.24,10.88,120190
08/06/2009,10.92,11.2,10.08,10.44,104650
08/07/2009,10.56,11.04,10.48,10.88,149810
08/10/2009,10.76,11.36,10.56,10.64,79280
08/11/2009,10.64,10.8,10.28,10.52,121580
08/12/2009,10.54,10.941,10.219,10.5,86900
08/13/2009,10.64,10.84,10.32,10.52,70920
08/14/2009,10.499,10.579,9.661,9.741,108880
08/17/2009,9.58,9.78,9.339,9.66,72900
08/18/2009,9.8,9.92,9.6,9.8,104560
08/19/2009,9.64,9.88,9.64,9.84,83930
08/20/2009,9.84,9.88,9.76,9.88,101730
08/21/2009,10.16,10.6,9.88,10.52,287260
08/24/2009,10.6,10.6,10.2,10.28,56970
08/25/2009,10.36,10.44,10.16,10.2,105720
08/26/2009,10.16,11.36,10.16,11.36,333150
08/27/2009,11.4,11.96,10.76,11.96,195270
08/28/2009,11.96,11.96,11.32,11.72,175110
08/31/2009,11.6,11.64,11.078,11.52,135260
09/01/2009,11.501,11.821,10.539,10.539,111190
09/02/2009,10.48,10.72,10.4,10.6,59590
09/03/2009,10.64,11.08,10.4,10.96,40910
09/04/2009,10.64,11.12,10.4,11.08,67100
09/08/2009,11.16,11.16,10.64,10.8,44600
09/09/2009,10.76,11.04,10.52,11,69710
09/10/2009,10.96,11.24,10.8,11.16,61010
09/11/2009,11.22,11.38,10.899,11.22,96400
09/14/2009,11.08,11.44,11.04,11.44,34840
09/15/2009,11.36,11.36,10.88,11.24,55940
09/16/2009,11.28,11.64,10.84,11.64,100670
09/17/2009,11.64,12.4,11.04,12.4,380670
09/18/2009,12.48,12.72,12.04,12.48,270690
09/21/2009,12.28,12.52,11.96,11.96,74810
09/22/2009,12.12,12.28,11.64,12.24,98850
09/23/2009,12.32,12.44,11.96,12,61090
09/24/2009,12.04,12.04,10.8,11.36,90570
09/25/2009,11.36,11.6,11.16,11.52,57300
09/28/2009,11.6,12.24,11.4,12.12,56140
09/29/2009,12.2,12.36,11.6,11.6,44070
09/30/2009,11.56,11.72,10.56,10.8,282780
10/01/2009,10.84,11,9.96,10.04,161360
10/02/2009,9.84,10.16,9.52,9.92,97700
10/05/2009,9.96,10.52,9.96,10.44,71110
10/06/2009,10.56,10.92,10.4,10.88,67840
10/07/2009,10.8,10.88,10.48,10.8,31280
10/08/2009,10.92,10.92,10.56,10.8,139190
10/09/2009,10.76,10.94,10.64,10.92,63270
10/12/2009,11,11.08,10.8,11,105760
10/13/2009,11.04,11.08,10.68,10.84,49280
10/14/2009,11.04,11.04,10.8,11,81870
10/15/2009,10.88,10.88,10.56,10.6,57440
10/16/2009,10.52,10.64,10.08,10.24,87150
10/19/2009,10.32,10.96,10.32,10.76,96220
10/20/2009,10.92,10.92,9.96,10.48,80270
10/21/2009,10.38,11.118,10.14,10.22,179480
10/22/2009,10.2,10.56,9.96,10.28,127320
10/23/2009,10.28,10.76,9.72,10.04,117950
10/26/2009,10.04,10.4,9.36,9.36,112540
10/27/2009,9.279,9.715,8.961,9.12,66080
10/28/2009,9.12,9.48,8.32,8.36,208820
10/29/2009,8.52,8.92,8.48,8.64,100000
10/30/2009,8.64,8.84,7.88,8.2,556120
11/02/2009,8.24,8.381,7.8,7.88,126680
11/03/2009,8,8.08,7.68,7.88,191730
11/04/2009,7.92,8.16,7.48,7.56,145560
11/05/2009,7.64,7.72,7.56,7.64,268440
11/06/2009,6.4,7.28,6,6.64,860960
11/09/2009,6.6996,7.063,6.6189,6.7804,216310
11/10/2009,6.68,6.8,6.36,6.4,192120
11/11/2009,6.48,6.8,6.44,6.8,262240
11/12/2009,7.06,7.778,6.7006,6.7804,308250
11/13/2009,6.76,7.16,6.68,6.92,178690
11/16/2009,6.84,7.44,6.84,7.28,184670
11/17/2009,7.28,7.4,7.04,7.28,60710
11/18/2009,7.28,7.32,6.56,6.68,292830
11/19/2009,6.8,6.8,6.4,6.56,134100
11/20/2009,6.48,6.76,6.4,6.64,106460
11/23/2009,6.76,6.92,6.76,6.84,80920
11/24/2009,6.84,6.84,6.48,6.56,93820
11/25/2009,6.56,6.56,6.28,6.4,187910
11/27/2009,6.28,6.44,6.28,6.28,73810
11/30/2009,6.28,6.284,5.8,6.16,250070
12/01/2009,6.24,6.28,6.08,6.28,122020
12/02/2009,6.28,6.52,6.24,6.44,121780
12/03/2009,6.44,6.52,6.36,6.4,130990
12/04/2009,6.56,6.72,6.28,6.36,208330
12/07/2009,6.4,6.48,6.16,6.2,437690
12/08/2009,6.12,7.24,5.96,6.92,718840
12/09/2009,6.92,7.36,6.68,7.2,216630
12/10/2009,7.16,7.32,6.76,6.88,164370
12/11/2009,6.92,6.92,6.28,6.52,280230
12/14/2009,6.52,6.68,6.36,6.68,90340
12/15/2009,6.48,6.72,6.4,6.4,127390
12/16/2009,6.48,6.76,6.36,6.52,265010
12/17/2009,6.52,6.56,6.36,6.36,99040
12/18/2009,6.44,6.52,6.24,6.48,394790
12/21/2009,6.52,6.76,6.48,6.64,114080
12/22/2009,6.6,6.8,6.52,6.76,131680
12/23/2009,6.8,6.92,6.64,6.84,87070
12/24/2009,6.84,6.84,6.64,6.76,55740
12/28/2009,6.84,6.92,6.76,6.88,158580
12/29/2009,6.92,6.92,6.64,6.88,87390
12/30/2009,6.7802,6.8998,6.3016,6.8998,163740
12/31/2009,6.84,6.84,6.6,6.64,117840
01/04/2010,6.72,6.8,6.56,6.8,130900
01/05/2010,6.76,6.84,6.56,6.56,101310
01/06/2010,6.6,6.8,6.56,6.72,326640
01/07/2010,6.72,6.76,6.6,6.76,230520
01/08/2010,6.7801,6.8202,6.6196,6.7399,197360
01/11/2010,6.8,6.8,6.68,6.8,177110
01/12/2010,6.741,7.419,6.6213,7.419,347590
01/13/2010,7.36,8.16,7.28,7.88,449150
01/14/2010,7.8,7.88,7.56,7.72,117590
01/15/2010,7.8,7.8,7.4,7.48,155290
01/19/2010,7.48,7.88,7.16,7.88,198040
01/20/2010,7.76,7.76,7.4,7.6,204370
01/21/2010,7.6,7.66,7.08,7.08,133030
01/22/2010,7.06,7.3,6.901,7.26,226600
01/25/2010,7.64,7.68,7.16,7.32,278880
01/26/2010,7.28,7.44,6.88,7,205570
01/27/2010,6.9798,7.18,6.8194,7.1,105030
01/28/2010,7.16,7.24,6.88,7.16,181250
01/29/2010,7.16,7.48,6.92,7,186530
02/01/2010,7.04,7.2,6.96,7.04,116140
02/02/2010,7.04,7.08,6.88,6.92,175750
02/03/2010,6.88,7.04,6.8,6.8,109750
02/04/2010,6.8,6.88,6.32,6.4,213590
02/05/2010,6.4,6.8,6.32,6.8,218140
02/08/2010,6.8,6.8,6.44,6.56,148470
02/09/2010,6.48,6.72,6.44,6.52,121200
02/10/2010,6.4,6.64,6.4,6.52,172280
02/11/2010,6.48,6.68,6.4,6.64,98070
02/12/2010,6.56,6.76,6.48,6.64,109090
02/16/2010,6.5799,6.7203,6.4595,6.6601,115980
02/17/2010,6.68,6.76,6.52,6.56,94100
02/18/2010,6.52,6.6,6.4,6.6,119400
02/19/2010,6.6,6.6,6.36,6.4,236990
02/22/2010,6.3801,6.5197,6.3422,6.4599,421310
02/23/2010,6.42,6.5396,6.3402,6.42,187760
02/24/2010,6.4,6.48,6.32,6.44,145340
02/25/2010,6.36,6.44,6.28,6.36,83720
02/26/2010,6.2401,6.2799,6.1606,6.2799,219370
03/01/2010,6.32,6.52,6.16,6.44,144180
03/02/2010,6.48,6.84,6.36,6.76,105950
03/03/2010,6.8,7,6.6,6.8,132790
03/04/2010,6.8,6.92,6.68,6.8,102290
03/05/2010,6.84,7.96,6.84,7.92,497840
03/08/2010,8.16,8.16,7.48,7.84,138400
03/09/2010,7.76,7.96,7.52,7.8,159930
03/10/2010,7.819,8.381,7.699,8.261,237770
03/11/2010,8.24,8.28,8.04,8.16,178760
03/12/2010,8.2,8.32,8.12,8.2,142470
03/15/2010,8.28,8.36,8.12,8.28,96710
03/16/2010,8.32,8.92,8.2,8.76,205540
03/17/2010,8.76,8.76,8.44,8.64,138640
03/18/2010,8.68,8.68,8.4,8.52,76100
03/19/2010,8.72,8.8,8.2,8.32,175540
03/22/2010,8.24,8.6,8.2,8.56,95030
03/23/2010,8.6,8.852,8.36,8.72,102210
03/24/2010,8.68,8.72,8.24,8.32,252780
03/25/2010,8.36,8.48,8.12,8.16,111440
03/26/2010,8.16,8.32,8.08,8.12,65410
03/29/2010,8.1,8.3,8.06,8.14,110710
03/30/2010,8.16,8.28,8.08,8.16,90390
03/31/2010,8.08,8.4,8.04,8.36,239860
04/01/2010,8.4,8.72,8.2,8.56,97470
04/05/2010,8.92,9.16,8.6,9,115600
04/06/2010,8.94,9.101,8.78,8.78,52460
04/07/2010,8.68,8.76,8.2,8.52,122740
04/08/2010,8.44,8.72,8.44,8.6,26890
04/09/2010,8.6,8.68,8.4,8.48,56680
04/12/2010,8.44,8.6,8.4,8.52,78740
04/13/2010,8.48,8.52,8.32,8.48,31840
04/14/2010,8.54,8.901,8.379,8.82,166280
04/15/2010,8.8,8.84,8.7,8.76,28970
04/16/2010,8.74,8.86,8.578,8.78,237170
04/19/2010,8.8,8.8,8.12,8.4,236060
04/20/2010,8.48,8.76,8.48,8.76,44570
04/21/2010,8.8,8.92,8.76,8.92,64630
04/22/2010,8.76,8.8,8.28,8.64,382770
04/23/2010,8.64,8.88,8.52,8.76,90290
04/26/2010,8.72,8.84,8.32,8.48,136770
04/27/2010,8.8,8.8,8.52,8.72,126730
04/28/2010,8.8,9.44,8.72,9.16,195250
04/29/2010,9.2,9.88,9.117,9.36,97460
04/30/2010,9.32,9.4,8.64,8.8,122530
05/03/2010,8.92,9.28,8.76,9.24,65700
05/04/2010,9.16,9.16,8.76,8.8,107880
05/05/2010,8.76,8.88,8.56,8.6,128700
05/06/2010,8.48,8.6,7.8,8.16,133350
05/07/2010,8.2,8.52,7.8,8,277510
05/10/2010,8.48,8.48,8.12,8.24,211590
05/11/2010,8.16,8.6,8,8.52,115860
05/12/2010,8.52,8.92,8.52,8.88,163500
05/13/2010,8.92,9.16,8.88,9,97160
05/14/2010,8.92,9,8.4,8.52,104470
05/17/2010,8.56,8.88,8.36,8.48,101330
05/18/2010,8.6,8.88,8.2,8.28,136650
05/19/2010,8.2,8.36,7.68,7.96,149160
05/20/2010,7.8,7.84,7.16,7.32,218720
05/21/2010,7.28,7.84,7.038,7.52,166010
05/24/2010,7.52,8.04,7.52,7.52,89750
05/25/2010,7.28,7.88,7.2,7.44,460530
05/26/2010,7.56,7.92,7.56,7.84,172970
05/27/2010,7.96,8.6,7.64,8.6,125450
05/28/2010,8.5,9.102,8.219,8.38,135030
06/01/2010,8.32,8.44,8.08,8.08,133920
06/02/2010,8.019,8.501,8.019,8.461,153670
06/03/2010,8.4,8.8,8.12,8.28,77760
06/04/2010,8.12,8.16,7.92,8,144010
06/07/2010,8.061,8.161,7.499,7.499,116880
06/08/2010,7.6,8.12,7.52,7.92,176210
06/09/2010,8.04,8.561,8.04,8.24,162770
06/10/2010,8.44,8.8,8.32,8.8,150340
06/11/2010,8.6,8.84,8.6,8.8,100860
06/14/2010,8.88,9.16,8.88,8.96,79090
06/15/2010,9.08,9.12,8.84,9.04,160240
06/16/2010,8.92,9.16,8.92,9.08,56440
06/17/2010,9.14,9.3,8.901,9.3,136960
06/18/2010,9.32,9.56,9.2,9.52,255710
06/21/2010,9.68,9.68,9.12,9.2,71780
06/22/2010,9.2,9.44,8.88,9,120800
06/23/2010,8.98,9.06,8.7,8.7,58650
06/24/2010,8.58,8.859,8.501,8.66,61260
06/25/2010,9.067,10.232,8.984,9.4,454300
06/28/2010,9.24,9.36,9.04,9.12,38290
06/29/2010,8.92,9.08,8.2,8.48,132760
06/30/2010,8.48,8.76,8.16,8.2,93100
07/01/2010,8.181,8.619,8.181,8.619,118850
07/02/2010,8.72,8.72,8.24,8.4,63720
07/06/2010,8.64,9.04,8.44,8.8,210690
07/07/2010,8.88,9.16,8.72,9.12,148580
07/08/2010,9.28,9.48,9.04,9.12,74990
07/09/2010,8.86,9.18,8.78,9.14,39450
07/12/2010,9.12,9.16,8.84,8.96,48170
07/13/2010,9.16,9.2,8.92,9.2,87600
07/14/2010,9.12,9.48,9.12,9.2,39640
07/15/2010,9.2,9.28,8.88,9.2,78580
07/16/2010,9.059,9.059,8.421,8.501,117600
07/19/2010,8.52,9,8.32,8.64,72640
07/20/2010,8.48,8.64,8.28,8.64,73080
07/21/2010,8.72,8.72,8.2,8.32,95400
07/22/2010,8.54,8.941,8.54,8.9,105440
07/23/2010,8.88,9.44,8.76,9.44,107780
07/26/2010,9.52,9.76,9.32,9.52,115290
07/27/2010,9.6,9.687,9.2,9.2,92360
07/28/2010,9.14,9.259,8.82,8.86,58170
07/29/2010,8.92,9.16,8.8,9.08,38180
07/30/2010,8.84,9.12,8.76,9.04,51930
08/02/2010,9.16,9.24,8.88,9.2,104110
08/03/2010,9.16,9.32,9,9.04,66420
08/04/2010,9.08,9.16,8.88,8.92,78650
08/05/2010,8.9,9.22,8.9,9.18,124040
08/06/2010,8.96,9.36,8.92,9.04,127350
08/09/2010,9.16,9.16,8.88,8.92,70230
08/10/2010,8.88,8.92,8.44,8.44,75660
08/11/2010,8.24,8.28,7.8,7.88,165430
08/12/2010,7.62,7.9,7.58,7.86,100390
08/13/2010,7.74,7.9,7.581,7.9,134170
08/16/2010,7.8,8,7.8,8,123220
08/17/2010,8.16,8.2,7.96,8,151490
08/18/2010,7.96,8.24,7.96,8.16,75430
08/19/2010,8.08,8.16,7.56,7.8,115890
08/20/2010,7.76,7.88,7.56,7.84,90810
08/23/2010,7.88,7.96,7.64,7.64,84530
08/24/2010,7.6,7.72,7.36,7.36,91070
08/25/2010,7.32,7.64,7.2,7.64,161780
08/26/2010,7.66,7.923,7.58,7.66,73100
08/27/2010,7.8,8.04,7.52,7.96,107530
08/30/2010,7.88,8.12,7.6,7.6,101480
08/31/2010,7.6,7.76,7.36,7.52,186130
09/01/2010,7.68,7.76,7.56,7.72,168450
09/02/2010,7.88,7.96,7.68,7.96,176060
09/03/2010,8.02,8.1,7.978,7.98,84330
09/07/2010,7.94,8.099,7.66,7.7,72710
09/08/2010,7.84,7.92,7.72,7.8,58870
09/09/2010,7.92,8,7.76,7.8,41690
09/10/2010,7.88,7.96,7.52,7.6,56980
09/13/2010,7.68,7.92,7.6,7.84,94450
09/14/2010,7.8,7.8,7.559,7.6,105050
09/15/2010,7.52,7.68,7.44,7.64,93730
09/16/2010,7.6,7.92,7.6,7.88,104310
09/17/2010,8.04,8.04,7.72,8,236760
09/20/2010,8,8.64,7.84,8.24,207950
09/21/2010,8.2,8.64,8.2,8.6,127990
09/22/2010,8.52,8.6,8.2,8.32,39970
09/23/2010,8.2,8.48,8.08,8.2,66710
09/24/2010,8.4,8.64,8.24,8.64,86300
09/27/2010,8.7,8.7,8.5,8.66,55510
09/28/2010,8.68,9,8.4,8.96,54090
09/29/2010,8.88,9,8.72,8.88,56450
09/30/2010,9.02,9.02,8.635,8.9,148140
10/01/2010,8.88,9,8.68,8.96,64850
10/04/2010,8.96,8.96,8.52,8.68,52100
10/05/2010,8.84,9,8.68,8.84,157530
10/06/2010,8.84,8.92,8.6,8.68,109640
10/07/2010,8.8,8.8,8.64,8.68,77630
10/08/2010,8.64,9.24,8.56,9.16,94530
10/11/2010,9.12,9.12,8.88,8.92,43260
10/12/2010,8.84,8.92,8.72,8.8,58500
10/13/2010,8.84,9.44,8.76,9.36,151390
10/14/2010,9.34,9.34,9.14,9.3,48570
10/15/2010,9.44,9.52,9.24,9.48,137810
10/18/2010,9.54,9.62,9.46,9.58,42230
10/19/2010,9.36,9.6,8.96,9.08,85850
10/20/2010,9.16,9.6,8.84,9.32,50320
10/21/2010,9.4,9.44,9.08,9.32,93890
10/22/2010,9.22,9.32,9.1,9.26,40080
10/25/2010,9.36,9.48,9.28,9.4,26600
10/26/2010,9.28,9.6,9.28,9.56,102810
10/27/2010,9.44,9.72,9.28,9.64,46100
10/28/2010,9.72,9.72,9.36,9.36,32530
10/29/2010,9.28,9.52,9.28,9.44,47580
11/01/2010,9.5,9.5,9.3,9.38,56680
11/02/2010,9.36,9.84,9.36,9.8,98160
11/03/2010,9.8,9.8,9.48,9.6,41160
11/04/2010,9.84,10,9.56,9.8,167260
11/05/2010,10,10,9.56,9.56,240100
11/08/2010,9.56,9.72,9.52,9.64,137990
11/09/2010,9.8,9.8,9.36,9.48,64590
11/10/2010,9.52,9.64,9.4,9.48,727870
11/11/2010,9.44,9.56,9.4,9.44,341500
11/12/2010,9.36,9.44,9.16,9.2,68880
11/15/2010,9.26,9.26,9.06,9.06,43690
11/16/2010,9.04,9.12,8.718,8.88,115340
11/17/2010,8.88,9.32,8.72,9.28,132370
11/18/2010,9.4,9.88,9.2,9.6,175240
11/19/2010,9.44,9.84,9.44,9.8,139750
11/22/2010,9.68,9.68,9.4,9.52,87630
11/23/2010,9.36,9.48,9.078,9.2,55370
11/24/2010,9.28,9.8,9.28,9.68,110400
11/26/2010,9.56,9.6,9.4,9.56,20880
11/29/2010,9.48,10.4,9.48,10.08,499150
11/30/2010,9.92,10.44,9.8,10.12,620060
12/01/2010,10.46,10.62,10.26,10.5,162100
12/02/2010,10.52,10.72,10.4,10.68,105550
12/03/2010,10.56,10.84,10.4,10.76,87490
12/06/2010,10.68,11.52,10.4,11.4,2137340
12/07/2010,11.52,11.56,10.72,11.16,225980
12/08/2010,11.2,11.36,10.96,11.36,182480
12/09/2010,11.4,11.4,11,11.04,182070
12/10/2010,11.1,11.1,10.7,10.78,254650
12/13/2010,10.76,11.322,10.76,11,177780
12/14/2010,11.02,11.34,10.819,11.26,129230
12/15/2010,11.26,11.26,10.781,10.86,104390
12/16/2010,10.84,10.92,10.56,10.8,96790
12/17/2010,10.84,11.12,10.68,10.76,184190
12/20/2010,10.78,11.019,10.54,10.58,66520
12/21/2010,10.64,10.64,10.2,10.24,125500
12/22/2010,10.4,10.48,10.24,10.36,104820
12/23/2010,10.32,10.56,10.12,10.16,78260
12/27/2010,10.1,10.421,9.94,9.98,268710
12/28/2010,10.02,10.14,9.9,10.14,240050
12/29/2010,10.18,10.38,9.98,10.26,46500
12/30/2010,10.12,10.32,10.12,10.12,46810
12/31/2010,10.12,10.28,9.84,10.28,134750
01/03/2011,10.36,10.641,10.12,10.48,130580
01/04/2011,10.56,10.68,10,10.16,86620
01/05/2011,10.12,10.48,10.08,10.44,62610
01/06/2011,10.4,11.04,10.36,10.8,234350
01/07/2011,10.88,11,10.08,10.4,99980
01/10/2011,10.3,10.34,10.1,10.22,77500
01/11/2011,10.28,10.52,10.08,10.28,46900
01/12/2011,10.36,10.6,10.2,10.56,104280
01/13/2011,10.46,10.699,10.22,10.3,47940
01/14/2011,10.92,11.04,10.4,10.56,121660
01/18/2011,10.48,10.48,10.08,10.12,85090
01/19/2011,10.099,10.339,9.141,9.181,179620
01/20/2011,9.56,9.6,8.64,8.76,320100
01/21/2011,9,9.16,8.84,9,253300
01/24/2011,8.96,9.04,8.76,8.84,269960
01/25/2011,8.96,9.08,8.64,8.8,191080
01/26/2011,8.84,8.92,8.4,8.48,206940
01/27/2011,8.44,8.52,8.12,8.32,253080
01/28/2011,8.32,8.56,8.16,8.48,420750
01/31/2011,8.56,9.04,8.4,9,198010
02/01/2011,9.06,9.221,8.82,8.82,95610
02/02/2011,8.78,8.94,8.62,8.78,57800
02/03/2011,8.78,8.9,8.62,8.62,49500
02/04/2011,8.64,8.72,8.48,8.72,95810
02/07/2011,8.7,9.06,8.619,9.02,78860
02/08/2011,9.02,9.3,8.861,9.3,152790
02/09/2011,9.24,9.64,9.04,9.64,190530
02/10/2011,9.619,10.301,9.419,10.221,203410
02/11/2011,9.68,10.76,9.64,10.64,289850
02/14/2011,10.6,10.88,9.92,9.96,1025810
02/15/2011,9.9,10.02,9.66,9.78,142070
02/16/2011,9.88,9.96,9.32,9.8,173710
02/17/2011,9.82,9.98,9.62,9.74,135670
02/18/2011,9.76,9.76,9.54,9.56,123770
02/22/2011,9.48,9.52,9.278,9.36,144930
02/23/2011,9.16,9.28,8.68,8.88,227730
02/24/2011,8.92,9.08,8.6,8.72,315250
02/25/2011,8.74,8.9,8.7,8.78,187740
02/28/2011,8.76,8.8,8.32,8.48,677760
03/01/2011,8.48,8.64,8.12,8.32,1407320
03/02/2011,8.28,8.48,8.16,8.36,401900
03/03/2011,8.4,8.8,8.32,8.64,915740
03/04/2011,8.66,8.74,8.5,8.66,158290
03/07/2011,8.68,8.72,8.2,8.52,220770
03/08/2011,8.52,8.72,8.4,8.6,284410
03/09/2011,8.6,8.72,8.56,8.72,149130
03/10/2011,8.6,8.92,8.52,8.76,179040
03/11/2011,8.7,8.981,8.54,8.54,155760
03/14/2011,8.46,8.659,8.38,8.42,210780
03/15/2011,8.22,8.499,8.18,8.3,137460
03/16/2011,8.24,8.4,8.04,8.2,157040
03/17/2011,8.32,8.56,8.24,8.4,123090
03/18/2011,8.48,8.64,8.32,8.64,232080
03/21/2011,8.64,9,8.44,8.88,100600
03/22/2011,8.981,9.021,8.099,8.099,335580
03/23/2011,8.16,8.52,7.76,8.52,238930
03/24/2011,8.56,8.8,8.44,8.64,131520
03/25/2011,8.72,8.96,8.44,8.88,247530
03/28/2011,9.16,9.52,8.92,9.48,315980
03/29/2011,9.4,9.4,9.12,9.28,167640
03/30/2011,9.28,9.56,9.12,9.52,151340
03/31/2011,9.44,9.64,9.16,9.56,306780
04/01/2011,9.56,9.597,9.32,9.44,147200
04/04/2011,9.52,9.52,9.04,9.08,115740
04/05/2011,9.04,9.292,8.88,9.12,228090
04/06/2011,9.18,9.34,9.02,9.18,171000
04/07/2011,9.24,9.28,8.8,8.92,157920
04/08/2011,8.98,8.98,8.62,8.7,80240
04/11/2011,8.64,8.8,8.52,8.72,141010
04/12/2011,8.58,8.739,8.34,8.42,197500
04/13/2011,8.44,8.64,8.24,8.28,169340
04/14/2011,8.2,8.6,8.16,8.6,257180
04/15/2011,8.44,8.92,8.44,8.76,214500
04/18/2011,8.62,8.66,8.46,8.62,223580
04/19/2011,8.68,8.84,8.6,8.76,187080
04/20/2011,8.92,8.96,8.759,8.88,97450
04/21/2011,8.96,9.2,8.88,9.2,306500
04/25/2011,9.12,9.12,8.88,8.96,92160
04/26/2011,9,9.24,8.96,9.12,275230
04/27/2011,9.08,9.48,9.04,9.44,169790
04/28/2011,9.4,9.64,9.2,9.64,246100
04/29/2011,9.8,9.88,9.36,9.56,177620
05/02/2011,9.756,9.756,9.121,9.24,137160
05/03/2011,9.2,9.4,8.88,9.24,125470
05/04/2011,9.28,9.44,8.92,9.08,244160
05/05/2011,9.04,9.28,8.76,8.92,93500
05/06/2011,8.48,8.88,7.6,8.64,1377550
05/09/2011,8.4,8.72,8.32,8.64,203660
05/10/2011,8.659,9.341,8.619,9.261,365010
05/11/2011,9.259,9.259,8.621,8.661,178030
05/12/2011,8.68,8.84,8.48,8.64,135580
05/13/2011,8.72,8.76,8.4,8.48,303880
05/16/2011,8.48,8.56,8.2,8.2,220090
05/17/2011,8.14,8.26,7.98,8.18,289310
05/18/2011,8.16,8.36,8.12,8.32,369580
05/19/2011,8.24,8.28,8,8.24,410830
05/20/2011,8.16,8.16,7.92,8,608490
05/23/2011,7.86,7.904,7.541,7.82,411550
05/24/2011,7.78,7.9,7.581,7.78,593500
05/25/2011,7.76,7.96,7.72,7.84,400230
05/26/2011,7.82,8.181,7.579,7.78,460210
05/27/2011,7.8,8,7.64,7.72,441570
05/31/2011,7.88,7.88,7.52,7.88,631210
06/01/2011,8,8,7.28,7.44,901060
06/02/2011,7.42,7.579,7.221,7.5,243410
06/03/2011,7.36,7.8,7.24,7.48,176160
06/06/2011,7.44,7.88,7.44,7.56,308120
06/07/2011,7.66,7.78,7.54,7.7,162760
06/08/2011,7.68,8.16,7.64,8,517630
06/09/2011,9.1,9.14,8.218,8.86,1162070
06/10/2011,8.84,8.84,8.32,8.4,557090
06/13/2011,8.52,8.8,7.64,7.92,569330
06/14/2011,8.08,8.48,8,8.36,468690
06/15/2011,8.24,8.44,7.92,8.04,436490
06/16/2011,8.16,8.32,7.56,7.64,404660
06/17/2011,7.7,8.02,7.581,7.98,449020
06/20/2011,7.92,8.04,7.64,7.84,770130
06/21/2011,7.96,8.28,7.84,8.2,334020
06/22/2011,8.2,8.28,8.12,8.24,166960
06/23/2011,8.12,8.56,8.04,8.48,223130
06/24/2011,8.499,8.539,7.941,8.021,446480
06/27/2011,8.2,8.48,7.96,8.36,402160
06/28/2011,8.28,8.52,8.2,8.52,249690
06/29/2011,8.64,9.2,8.48,9,674170
06/30/2011,9.2,9.2,8.6,8.76,309470
07/01/2011,8.84,8.88,8.64,8.76,142510
07/05/2011,8.72,8.92,8.6,8.88,147940
07/06/2011,8.8,9,8.6,8.96,175810
07/07/2011,9.06,9.461,8.819,9.38,1840320
07/08/2011,9.18,9.38,9.02,9.18,94670
07/11/2011,9.1,9.179,8.581,8.66,162270
07/12/2011,8.6,8.96,8.48,8.6,517600
07/13/2011,8.68,8.8,8.4,8.72,376810
07/14/2011,8.8,8.8,8.32,8.36,380130
07/15/2011,8.4,8.8,8.32,8.44,451430
07/18/2011,8.42,8.859,8.42,8.82,270810
07/19/2011,8.92,9.4,8.84,9.12,359940
07/20/2011,9.32,10.24,9.04,9.16,2149000
07/21/2011,9.32,9.32,8.88,9.04,248250
07/22/2011,9.04,9.08,8.88,8.92,120920
07/25/2011,8.8,8.92,8.6,8.68,264200
07/26/2011,8.8,8.8,8.4,8.64,468110
07/27/2011,8.56,8.72,8.4,8.56,581910
07/28/2011,8.56,8.68,8.4,8.4,280570
07/29/2011,8.36,8.52,8.2,8.2,634940
08/01/2011,8.36,8.52,8,8.16,596680
08/02/2011,8.08,8.32,7.8,7.84,456250
08/03/2011,7.88,7.96,7.52,7.72,661640
08/04/2011,7.6,7.8,7.12,7.12,436950
08/05/2011,7.219,7.379,6.621,6.7007,330370
08/08/2011,6.48,6.8,5.72,5.72,475190
08/09/2011,6.12,6.44,5.84,6.36,672170
08/10/2011,6.4,6.4,6,6,350610
08/11/2011,6.12,6.64,6.08,6.48,330460
08/12/2011,6.56,6.64,6.04,6.2,248550
08/15/2011,6.26,6.5023,6.26,6.26,156750
08/16/2011,6.12,6.36,5.92,5.96,267720
08/17/2011,6.0599,6.1396,5.9004,5.9801,316310
08/18/2011,5.72,5.8,5.36,5.56,366210
08/19/2011,5.44,5.76,5.0793,5.28,656740
08/22/2011,5.52,5.68,5.08,5.24,392350
08/23/2011,5.28,5.68,5.2,5.64,330750
08/24/2011,5.68,6.1,5.64,6.08,268770
08/25/2011,6.12,6.2,5.8399,5.96,325550
08/26/2011,5.8205,6.1793,5.6212,6.1395,170400
08/29/2011,6.28,6.68,6.24,6.68,285590
08/30/2011,6.72,7.24,6.56,7,466710
08/31/2011,7.12,7.24,6.6,7.24,341850
09/01/2011,7.16,7.36,6.72,6.88,498870
09/02/2011,6.88,6.88,6.159,6.36,324460
09/06/2011,6.1815,7.179,6.1017,7.179,305020
09/07/2011,7.36,7.44,7.08,7.28,254710
09/08/2011,7.24,7.4,6.8,6.84,236140
09/09/2011,6.72,6.84,6.28,6.32,541330
09/12/2011,6.16,6.2,5.52,5.72,3010160
09/13/2011,5.76,6.16,5.56,5.8,714960
09/14/2011,5.88,5.88,5.4,5.52,1173410
09/15/2011,5.72,6.4,5.56,6.28,471080
09/16/2011,6.24,6.56,5.96,6.4,320110
09/19/2011,6.1804,6.4196,6.1405,6.4196,264780
09/20/2011,6.4,6.92,6.36,6.6,769920
09/21/2011,6.76,6.92,6.48,6.6,456120
09/22/2011,6.32,6.68,5.8,6.12,612860
09/23/2011,6.12,6.32,5.8,6.24,160300
09/26/2011,6.28,6.48,6.04,6.44,169810
09/27/2011,6.56,6.68,6.28,6.6,411040
09/28/2011,6.56,6.56,5.9824,6.12,392440
09/29/2011,6.1992,6.2787,5.7621,6.08,308770
09/30/2011,5.96,6.08,5.44,5.8,457310
10/03/2011,5.64,5.68,5.34,5.4,351740
10/04/2011,5.32,6,4.68,5.8,502850
10/05/2011,5.8,6,5.36,5.88,636980
10/06/2011,5.9,5.9401,5.4585,5.9,247540
10/07/2011,5.92,6.08,5.52,5.8,187440
10/10/2011,6,6.3245,5.84,6.2,206110
10/11/2011,6.16,6.6,6.08,6.56,123350
10/12/2011,6.4,6.84,6.4,6.68,305090
10/13/2011,6.6,6.84,6.4,6.72,136990
10/14/2011,6.84,6.96,6.68,6.8,156910
10/17/2011,6.68,6.8,6.44,6.52,143880
10/18/2011,6.56,7,6.4,6.88,168300
10/19/2011,6.84,7.08,6.68,6.76,178810
10/20/2011,6.84,6.88,6.4,6.76,134180
10/21/2011,6.92,6.92,6.6432,6.92,143190
10/24/2011,6.96,7.48,6.88,7.32,235180
10/25/2011,7.24,7.32,6.88,6.96,172000
10/26/2011,7.12,7.4,6.84,7.24,165860
10/27/2011,7.4,7.72,7.28,7.56,478840
10/28/2011,7.6,7.8,7.48,7.6,229540
10/31/2011,7.52,7.56,7.2,7.36,254970
11/01/2011,6.9399,7.3787,6.7804,6.9001,221780
11/02/2011,7.12,7.16,6.76,6.96,205790
11/03/2011,7.1,7.261,6.7795,6.7795,258680
11/04/2011,6.72,7.601,6.48,7.4,208730
11/07/2011,7.32,7.48,7,7.4,129580
11/08/2011,7.5,7.62,7.099,7.54,187200
11/09/2011,7.28,7.36,6.96,7,189670
11/10/2011,7.26,7.32,7.06,7.06,92040
11/11/2011,7.24,7.32,7.12,7.2,134480
11/14/2011,7.16,7.16,6.8388,6.92,112920
11/15/2011,6.88,6.98,6.68,6.8,242470
11/16/2011,6.68,6.84,6.68,6.68,94820
11/17/2011,6.68,6.84,6.16,6.16,567270
11/18/2011,6.28,6.36,6.0784,6.16,111290
11/21/2011,4.04,7.83,4.04,6.78,59020
11/22/2011,6.81,6.86,6.55,6.59,165270
11/23/2011,6.52,6.52,6.02,6.25,267690
11/25/2011,6.22,6.5,5.89,5.91,57710
11/28/2011,6.09,6.5,6.09,6.35,214990
11/29/2011,6.5,6.5,6.2,6.27,87970
11/30/2011,6.5,6.57,6.39,6.49,285040
12/01/2011,6.42,6.57,6.37,6.37,641240
12/02/2011,6.5,6.68,6.37,6.55,227030
12/05/2011,6.64,6.72,6.45,6.5,188260
12/06/2011,6.53,6.58,6.19,6.24,266880
12/07/2011,6.2,6.4,6.03,6.37,179700
12/08/2011,6.27,6.33,6.07,6.12,232270
12/09/2011,6.15,6.26,6.06,6.07,211170
12/12/2011,6.02,6.22,6.02,6.22,335340
12/13/2011,6.26,6.26,5.89,5.93,603370
12/14/2011,5.9,5.97,5.67,5.79,232130
12/15/2011,5.89,6.01,5.63,5.95,212010
12/16/2011,6.05,6.19,5.66,5.88,480570
12/19/2011,5.93,5.93,5.63,5.64,193810
12/20/2011,5.77,6.2,5.77,6.01,707920
12/21/2011,5.99,6.19,5.8,6.18,240710
12/22/2011,6.21,6.65,6.21,6.34,212310
12/23/2011,6.4,6.53,6.35,6.35,105400
12/27/2011,6.33,6.34,6.25,6.28,104740
12/28/2011,6.28,6.37,6.12,6.33,150370
12/29/2011,6.38,6.4,6.05,6.385,478530
12/30/2011,6.38,6.45,6.24,6.32,280030
01/03/2012,6.47,6.74,6.47,6.6,215160
01/04/2012,6.565,6.65,6.5,6.56,100100
01/05/2012,6.51,6.67,6.43,6.58,120940
01/06/2012,6.56,6.67,6.47,6.49,503970
01/09/2012,6.52,6.6,6.36,6.43,456970
01/10/2012,6.52,6.55,6.43,6.45,274290
01/11/2012,6.45,6.91,6.41,6.9,221470
01/12/2012,6.93,7.12,6.86,7.05,166910
01/13/2012,6.97,7.07,6.82,7.03,110800
01/17/2012,7.1,7.22,6.89,6.95,390160
01/18/2012,6.97,7.2,6.93,7.15,252180
01/19/2012,7.17,7.43,7.14,7.19,522160
01/20/2012,7.17,7.22,7.11,7.12,185760
01/23/2012,7.14,7.16,7,7.1,281290
01/24/2012,7.05,7.14,7.05,7.13,122260
01/25/2012,7.11,7.32,7.08,7.17,119510
01/26/2012,7.21,7.38,7.01,7.28,110740
01/27/2012,7.23,7.41,7.04,7.38,93150
01/30/2012,7.35,7.35,7.16,7.19,87340
01/31/2012,7.25,7.39,7.1,7.2,137890
02/01/2012,7.29,7.48,7.24,7.29,164170
02/02/2012,7.34,7.7507,7.17,7.71,229410
02/03/2012,7.86,7.93,7.72,7.79,293270
02/06/2012,7.78,7.87,7.77,7.85,384960
02/07/2012,7.84,8,7.75,7.99,285970
02/08/2012,7.99,8.07,7.72,7.83,466700
02/09/2012,7.87,7.87,7.56,7.58,285770
02/10/2012,7.72,9.37,7.72,8.74,1981440
02/13/2012,8.55,9.09,8.52,8.99,451860
02/14/2012,9.01,9.11,8.78,9.1,222410
02/15/2012,9.11,9.12,8.8,8.89,210970
02/16/2012,8.92,9.12,8.91,8.98,192480
02/17/2012,9,9.02,8.82,8.85,256200
02/21/2012,8.88,8.88,8.53,8.6,176050
02/22/2012,8.6,8.75,8.46,8.51,171630
02/23/2012,8.53,8.81,8.45,8.78,157440
02/24/2012,8.8,8.87,8.6,8.76,103140
02/27/2012,8.69,9,8.65,8.93,92520
02/28/2012,8.965,9.051,8.586,8.96,82530
02/29/2012,8.97,8.99,8.67,8.76,332290
03/01/2012,8.78,9.0113,8.63,8.89,332540
03/02/2012,8.87,9.06,8.61,8.77,267210
03/05/2012,8.72,9.02,8.51,8.95,209440
03/06/2012,8.8,8.84,8.5,8.66,170140
03/07/2012,8.66,8.8,8.63,8.72,159420
03/08/2012,8.82,8.97,8.6,8.72,254410
03/09/2012,8.76,8.94,8.66,8.78,284850
03/12/2012,8.8,9.14,8.79,9.09,346150
03/13/2012,9.15,9.28,9.03,9.26,419350
03/14/2012,9.28,9.5,9.26,9.45,161190
03/15/2012,9.48,9.64,9.3,9.59,91380
03/16/2012,9.64,9.64,9.3,9.45,355830
03/19/2012,9.44,9.68,9.12,9.6,328340
03/20/2012,9.56,9.7,9.28,9.3,252150
03/21/2012,9.37,9.48,9.1,9.25,144950
03/22/2012,9.24,9.58,9.21,9.49,431570
03/23/2012,9.5,9.84,9.3,9.77,323820
03/26/2012,9.84,10.05,9.75,9.8,387780
03/27/2012,9.83,9.86,9.57,9.6,192640
03/28/2012,9.59,9.7,9.43,9.63,158300
03/29/2012,9.49,9.79,9.44,9.75,167890
03/30/2012,9.85,9.876,9.48,9.71,182080
04/02/2012,9.67,9.89,9.56,9.82,179510
04/03/2012,9.83,9.99,9.49,9.61,257270
04/04/2012,9.47,9.54,9.18,9.26,181120
04/05/2012,9.085,9.4,9.085,9.38,108590
04/09/2012,9.2,9.2,8.99,9.02,234790
04/10/2012,8.98,9.12,8.68,8.74,361860
04/11/2012,8.81,9.15,8.8,9.11,161040
04/12/2012,9.16,9.49,9.11,9.22,151220
04/13/2012,9.18,9.27,9.03,9.1,101140
04/16/2012,9.15,9.27,8.84,9.14,128580
04/17/2012,9.26,9.3,9.13,9.14,113830
04/18/2012,9.07,9.16,8.85,8.96,154280
04/19/2012,9,9.14,8.76,8.86,149480
04/20/2012,8.95,8.97,8.74,8.78,188670
04/23/2012,8.72,8.72,8.4,8.47,262030
04/24/2012,8.49,8.73,8.4,8.69,89420
04/25/2012,8.82,9.01,8.62,8.64,118800
04/26/2012,8.64,8.87,8.47,8.7,102080
04/27/2012,8.75,8.83,8.53,8.79,92140
04/30/2012,8.76,8.8,8.6,8.7,127840
05/01/2012,8.71,8.8502,8.6,8.6,125680
05/02/2012,8.53,8.7,8.33,8.65,133830
05/03/2012,8.62,9.01,8.48,8.99,380280
05/04/2012,8.7,8.93,8.31,8.61,547910
05/07/2012,8.54,9.01,8.365,8.545,304050
05/08/2012,8.46,8.68,8.42,8.57,226880
05/09/2012,8.45,8.53,8.355,8.41,189270
05/10/2012,8.51,8.59,8.358,8.41,100170
05/11/2012,8.33,8.53,8.21,8.38,192900
05/14/2012,8.25,8.3549,8.195,8.21,110960
05/15/2012,8.2,8.46,8.2,8.39,105960
05/16/2012,8.39,8.6,8.37,8.48,85960
05/17/2012,8.46,8.5,8.05,8.1,145420
05/18/2012,8.09,8.37,7.91,7.95,170740
05/21/2012,7.99,8.3,7.87,8.15,97980
05/22/2012,8.13,8.26,8.04,8.24,291540
05/23/2012,8.14,8.52,8.05,8.48,208820
05/24/2012,8.52,8.52,8.13,8.22,179840
05/25/2012,8.24,8.24,8.05,8.07,98530
05/29/2012,8.17,8.41,8.12,8.29,122080
05/30/2012,8.23,8.28,8.01,8.03,173200
05/31/2012,8.06,8.31,7.84,8.27,475450
06/01/2012,8.04,8.3,7.94,8.04,191850
06/04/2012,8.06,8.2,7.855,8.07,215230
06/05/2012,8.01,8.44,8.01,8.36,153440
06/06/2012,8.41,8.75,8.41,8.72,287210
06/07/2012,8.89,9,8.67,8.67,175890
06/08/2012,8.64,8.84,8.53,8.77,142110
06/11/2012,8.91,8.91,8.6,8.64,210850
06/12/2012,8.68,8.77,8.4,8.73,129310
06/13/2012,8.69,8.85,8.51,8.61,233550
06/14/2012,8.595,8.74,8.4552,8.61,151990
06/15/2012,8.65,8.79,8.59,8.72,238110
06/18/2012,8.69,8.9,8.57,8.88,247220
06/19/2012,8.88,9.16,8.67,9.02,240350
06/20/2012,8.99,9.31,8.97,9.08,225640
06/21/2012,9.09,9.22,8.67,8.7,204690
06/22/2012,8.74,8.87,8.58,8.77,243000
06/25/2012,8.66,8.66,8.5,8.53,131050
06/26/2012,8.62,8.97,8.53,8.72,232390
06/27/2012,8.74,8.92,8.74,8.87,240460
06/28/2012,8.82,8.95,8.49,8.87,204110
06/29/2012,9.04,9.12,8.69,9.1,248480
07/02/2012,9.13,9.35,9,9.27,332830
07/03/2012,9.26,9.45,9.2,9.31,166950
07/05/2012,9.31,9.57,9.2,9.47,194730
07/06/2012,9.38,9.57,9.23,9.35,149210
07/09/2012,9.31,9.35,9.14,9.32,125560
07/10/2012,9.42,9.44,9,9.05,79830
07/11/2012,9.04,9.12,8.89,8.99,106400
07/12/2012,8.89,9.27,8.89,9.17,145290
07/13/2012,9.22,9.46,9.11,9.12,160400
07/16/2012,9.06,9.18,8.94,8.95,138700
07/17/2012,9.03,9.25,8.94,9.25,115200
07/18/2012,9.26,9.44,9.02,9.15,232200
07/19/2012,9.17,9.43,9.06,9.25,91740
07/20/2012,9.17,9.17,8.88,9.03,102930
07/23/2012,8.83,8.83,8.52,8.72,99280
07/24/2012,8.74,8.74,8.56,8.69,110350
07/25/2012,8.77,8.84,8.62,8.7,96390
07/26/2012,8.85,8.91,8.73,8.86,258920
07/27/2012,8.93,9.31,8.81,9.18,127630
07/30/2012,9.18,9.37,9.12,9.2,134200
07/31/2012,9.15,9.38,9.15,9.21,109820
08/01/2012,9.29,9.33,9.19,9.25,212750
08/02/2012,9.12,9.12,8.81,8.85,211230
08/03/2012,8.55,9.15,8.55,8.78,241380
08/06/2012,8.85,9.04,8.52,8.54,289680
08/07/2012,8.63,8.75,8.5,8.65,208150
08/08/2012,8.6,8.75,8.54,8.58,132090
08/09/2012,8.56,8.62,8.38,8.53,199320
08/10/2012,8.53,8.54,8.33,8.51,93080
08/13/2012,8.48,8.52,8.4,8.46,118690
08/14/2012,8.5,8.51,8.11,8.19,181090
08/15/2012,8.15,8.19,7.72,7.97,523630
08/16/2012,7.98,8.23,7.92,8.09,267330
08/17/2012,8.05,8.08,7.77,7.86,252310
08/20/2012,7.83,7.97,7.81,7.83,179470
08/21/2012,7.89,7.96,7.74,7.77,254020
08/22/2012,7.78,7.86,7.71,7.74,83140
08/23/2012,7.7,7.81,7.69,7.74,126980
08/24/2012,7.71,7.952,7.71,7.9,822350
08/27/2012,7.93,7.97,7.77,7.83,67200
08/28/2012,7.8,7.88,7.79,7.83,116860
08/29/2012,7.83,7.85,7.75,7.7501,149920
08/30/2012,7.76,7.81,7.74,7.76,94300
08/31/2012,7.8,7.85,7.75,7.78,209720
09/04/2012,7.8,7.9,7.7,7.9,238230
09/05/2012,7.88,8.22,7.88,8.19,284690
09/06/2012,8.28,8.56,8.16,8.41,295310
09/07/2012,8.47,8.87,8.43,8.67,417440
09/10/2012,8.59,8.79,8.3,8.43,255310
09/11/2012,8.46,8.54,8.28,8.32,149410
09/12/2012,8.32,8.4,8.1751,8.335,123740
09/13/2012,8.32,8.73,8.23,8.24,758840
09/14/2012,8.29,8.995,8.25,8.995,447000
09/17/2012,8.93,8.96,8.618,8.66,280790
09/18/2012,8.63,8.71,8.49,8.58,103840
09/19/2012,8.62,8.86,8.48,8.73,338800
09/20/2012,8.66,8.84,8.46,8.68,224400
09/21/2012,8.7,8.73,8.61,8.67,326980
09/24/2012,8.61,8.82,8.4668,8.57,97920
09/25/2012,8.6,8.81,8.39,8.43,190970
09/26/2012,8.4,8.44,8.17,8.21,126070
09/27/2012,8.21,8.685,8.21,8.66,103910
09/28/2012,8.59,8.7,8.56,8.62,112020
10/01/2012,8.66,8.72,8.46,8.56,110500
10/02/2012,8.61,8.67,8.48,8.64,72810
10/03/2012,8.63,8.86,8.54,8.58,111370
10/04/2012,8.61,8.62,8.4,8.54,118420
10/05/2012,8.6,8.65,8.5,8.52,60010
10/08/2012,8.49,8.52,8.31,8.36,34180
10/09/2012,8.38,8.38,8.19,8.3,62290
10/10/2012,8.33,8.42,8.26,8.37,53260
10/11/2012,8.46,8.66,8.455,8.53,83420
10/12/2012,8.51,8.58,8.28,8.36,67060
10/15/2012,8.36,8.38,8.21,8.33,41270
10/16/2012,8.37,8.41,8.267,8.31,51250
10/17/2012,8.33,8.5,8.28,8.36,52200
10/18/2012,8.36,8.53,8.16,8.2,97420
10/19/2012,8.12,8.2,7.94,8.125,118900
10/22/2012,8.11,8.12,7.985,8.12,168370
10/23/2012,8.04,8.38,7.99,8.09,187210
10/24/2012,8.14,8.25,8.06,8.13,110320
10/25/2012,8.21,8.32,8.16,8.31,98830
10/26/2012,8.32,8.3678,8.205,8.23,39250
10/31/2012,8.25,8.35,8.2,8.29,65050
11/01/2012,8.25,8.31,8.1,8.15,167060
11/02/2012,8.22,8.24,7.7897,7.8,1108340
11/05/2012,7.8,7.97,7.71,7.78,240730
11/06/2012,7.79,7.92,7.55,7.69,513440
11/07/2012,7.6,7.63,7.39,7.48,212540
11/08/2012,7.5,7.54,7.395,7.49,92680
11/09/2012,7.43,7.61,7.37,7.51,610490
11/12/2012,7.52,7.61,7.46,7.56,121100
11/13/2012,7.5,7.6,7.42,7.44,94610
11/14/2012,7.46,7.47,7.31,7.34,148310
11/15/2012,7.32,7.4,7.3,7.33,258170
11/16/2012,7.32,7.39,7.26,7.38,202590
11/19/2012,7.49,7.62,7.41,7.59,172170
11/20/2012,7.59,7.81,7.54,7.8,137460
11/21/2012,7.81,7.86,7.74,7.78,70200
11/23/2012,7.82,7.89,7.779,7.885,95720
11/26/2012,7.86,8,7.77,7.88,119600
11/27/2012,7.89,7.91,7.59,7.59,454210
11/28/2012,7.56,7.56,7.2,7.37,2548590
11/29/2012,7.45,7.49,7.25,7.4,488050
11/30/2012,7.42,7.55,7.3,7.53,440020
12/03/2012,7.59,7.7,7.49,7.51,241460
12/04/2012,7.55,7.57,7.31,7.35,144680
12/05/2012,7.39,7.39,7.22,7.34,98270
12/06/2012,7.31,7.46,7.3,7.39,86400
12/07/2012,7.45,7.45,7.22,7.23,88850
12/10/2012,7.24,7.31,7.16,7.23,102250
12/11/2012,7.24,7.38,7.185,7.24,146670
12/12/2012,7.28,7.312,7.15,7.2,195500
12/13/2012,7.19,7.26,7.12,7.15,478450
12/14/2012,7.15,7.3,6.92,7.18,111000
12/17/2012,7.2,7.25,7.09,7.14,557680
12/18/2012,7.13,7.42,7.13,7.33,396340
12/19/2012,7.34,7.43,7.31,7.42,172850
12/20/2012,7.41,7.62,7.34,7.58,163200
12/21/2012,7.51,7.6,7.35,7.43,309820
12/24/2012,7.42,7.46,7.32,7.42,31130
12/26/2012,7.43,7.56,7.4,7.51,104480
12/27/2012,7.5,7.63,7.37,7.6,141970
12/28/2012,7.56,7.66,7.46,7.54,148150
12/31/2012,7.6,7.62,7.47,7.57,293080
01/02/2013,7.65,7.95,7.64,7.9,251850
01/03/2013,7.9,8,7.83,7.9,165550
01/04/2013,7.96,8.06,7.78,8,131400
01/07/2013,7.94,8.1,7.84,8,119090
01/08/2013,8,8.15,7.85,8.07,262250
01/09/2013,8.07,8.21,8.06,8.08,221140
01/10/2013,8.17,8.35,7.94,8.3,415550
01/11/2013,8.31,8.46,8.27,8.38,285360
01/14/2013,8.42,8.42,8.083,8.12,123020
01/15/2013,8.05,8.15,7.97,8.08,72130
01/16/2013,8.08,8.08,7.99,7.99,155150
01/17/2013,8.02,8.13,8,8.07,104060
01/18/2013,8.06,8.66,8.05,8.58,1049340
01/22/2013,8.59,8.65,8.46,8.55,173990
01/23/2013,8.52,8.9,8.515,8.8,388140
01/24/2013,8.8,9.07,8.8,9.05,478520
01/25/2013,9.07,9.14,8.93,9.1,200440
01/28/2013,9.1,9.25,9.01,9.21,228310
01/29/2013,9.18,9.27,9.105,9.185,289270
01/30/2013,9.14,9.27,9.13,9.21,404290
01/31/2013,9.21,9.44,9.16,9.43,357870
02/01/2013,9.45,9.56,9.35,9.49,250710
02/04/2013,9.37,9.52,9.165,9.38,313830
02/05/2013,9.38,9.59,9.33,9.36,145530
02/06/2013,9.3,9.415,9.2,9.41,120270
02/07/2013,9.38,9.49,9.25,9.46,178430
02/08/2013,9.45,9.61,9.45,9.59,348250
02/11/2013,9.64,9.79,9.59,9.73,359660
02/12/2013,9.77,10.04,9.7,9.95,680790
02/13/2013,9.9,9.9,9,9.61,650210
02/14/2013,9.55,9.951,9.55,9.89,299500
02/15/2013,9.95,9.95,9.6,9.85,341930
02/19/2013,9.8,10.08,9.795,9.97,302460
02/20/2013,9.9348,10.125,9.64,9.72,260700
02/21/2013,9.68,9.88,9.53,9.72,151140
02/22/2013,9.79,9.88,9.66,9.77,99430
02/25/2013,9.73,9.8,9.41,9.43,250860
02/26/2013,9.5,9.8,9.44,9.73,175050
02/27/2013,9.63,10.13,9.58,10.05,259560
02/28/2013,9.8,9.94,9.48,9.76,407460
03/01/2013,9.47,9.84,9.27,9.77,196820
03/04/2013,9.66,10.09,9.59,10.07,306210
03/05/2013,10.08,10.23,9.86,10.1,173480
03/06/2013,10.1,10.19,10,10.14,197420
03/07/2013,10.11,10.35,10.11,10.31,245640
03/08/2013,10.4,10.6,10.36,10.54,273120
03/11/2013,10.49,10.63,10.39,10.53,142970
03/12/2013,10.52,11.24,10.47,11.23,490940
03/13/2013,11.29,11.66,11.1,11.58,702900
03/14/2013,11.68,11.97,11.49,11.49,574510
03/15/2013,11.48,11.64,11.3301,11.37,296260
03/18/2013,11.15,11.34,10.83,11.24,207910
03/19/2013,11.27,11.63,11.27,11.46,236760
03/20/2013,11.55,11.61,11.44,11.57,102940
03/21/2013,11.45,11.64,11.42,11.54,187780
03/22/2013,11.56,11.86,11.54,11.8,151690
03/25/2013,11.87,11.87,11.69,11.8,145220
03/26/2013,11.83,12.12,11.82,12.1,317820
03/27/2013,11.98,12.05,11.83,11.88,329590
03/28/2013,11.91,12.04,11.71,11.95,210360
04/01/2013,11.84,11.88,11.54,11.7,169550
04/02/2013,11.69,11.78,11.5,11.58,198100
04/03/2013,11.62,11.62,11.21,11.25,148380
04/04/2013,11.21,11.32,11.01,11.04,199550
04/05/2013,10.82,11.17,10.82,11.17,240400
04/08/2013,11.2,11.2,11,11.02,152380
04/09/2013,11.07,11.29,11,11,134970
04/10/2013,10.98,11.15,10.95,11.08,244340
04/11/2013,11.03,11.43,10.99,11.26,126720
04/12/2013,11.18,11.35,10.87,11.05,141700
04/15/2013,11.02,11.06,10.46,10.74,423600
04/16/2013,10.8,10.86,10.66,10.84,189930
04/17/2013,10.78,10.98,10.41,10.64,231630
04/18/2013,10.69,10.77,10.37,10.6,150720
04/19/2013,10.57,10.785,10.53,10.765,157940
04/22/2013,10.74,10.77,10.3496,10.67,144780
04/23/2013,10.78,11.09,10.78,11.07,184160
04/24/2013,11.09,11.22,11.02,11.19,143130
04/25/2013,11.24,11.48,11.15,11.19,210230
04/26/2013,11.15,11.28,11.09,11.27,149420
04/29/2013,11.27,11.453,11.27,11.29,93460
04/30/2013,11.28,11.48,11.28,11.41,128380
05/01/2013,11.6,11.74,11.22,11.29,381920
05/02/2013,11.33,11.58,11.225,11.31,241290
05/03/2013,11.7,11.7,10.63,10.91,406110
05/06/2013,10.94,11.07,10.82,11,182190
05/07/2013,10.99,11.1,10.93,10.96,182950
05/08/2013,10.96,11,10.42,10.54,259120
05/09/2013,10.6,10.81,10.57,10.66,124280
05/10/2013,10.65,10.8,10.62,10.63,61490
05/13/2013,10.65,10.75,10.38,10.48,161200
05/14/2013,10.5,10.74,10.5,10.65,142090
05/15/2013,10.65,10.78,10.45,10.56,314520
05/16/2013,10.4,10.61,9.91,10.48,722940
05/17/2013,10.54,10.66,10.41,10.45,871470
05/20/2013,10.47,12.06,10.47,11.33,854600
05/21/2013,11.37,11.4,11.04,11.11,298130
05/22/2013,11.09,11.32,10.699,10.76,252890
05/23/2013,10.69,10.88,10.64,10.88,104670
05/24/2013,10.88,11.15,10.76,10.98,96270
05/28/2013,11.16,11.63,11.12,11.23,302770
05/29/2013,11.19,11.39,10.98,11.16,116480
05/30/2013,11.17,11.39,11.1,11.35,136400
05/31/2013,11.27,11.5,11.24,11.39,201890
06/03/2013,11.39,11.68,11.17,11.53,471400
06/04/2013,11.61,12,11.43,11.85,538880
06/05/2013,11.8,11.91,11.56,11.84,391250
06/06/2013,11.87,12.18,11.69,11.92,309220
06/07/2013,11.95,12.01,11.77,11.97,252580
06/10/2013,11.99,12.31,11.731,12.2,724830
06/11/2013,12.13,12.16,11.92,12.07,516000
06/12/2013,12.03,12.39,11.67,11.75,211520
06/13/2013,11.75,12.03,11.66,12,136690
06/14/2013,11.96,12.13,11.855,11.86,139860
06/17/2013,11.97,12.19,11.93,12.16,346370
06/18/2013,12.16,12.33,12.16,12.22,240910
06/19/2013,12.18,12.244,12.11,12.18,226180
06/20/2013,11.99,12.04,11.71,12,311860
06/21/2013,12.05,12.105,11.82,12.02,221650
06/24/2013,11.88,12.05,11.65,11.65,320270
06/25/2013,11.75,11.93,11.5605,11.93,185500
06/26/2013,12,12.26,11.96,12.22,214310
06/27/2013,12.26,12.99,12.16,12.85,901210
06/28/2013,13,13.11,12.72,12.82,627210
07/01/2013,12.82,13.02,12.66,12.7,326350
07/02/2013,12.64,12.96,12.56,12.94,365950
07/03/2013,12.72,13.1,12.72,13.09,214490
07/05/2013,13.13,13.15,12.87,12.96,234730
07/08/2013,12.93,13.15,12.93,12.99,156250
07/09/2013,13.02,13.09,12.83,13.04,193250
07/10/2013,13,13.14,12.84,12.845,145350
07/11/2013,13.02,13.03,12.89,12.96,206300
07/12/2013,12.94,12.98,12.8,12.85,150510
07/15/2013,12.87,12.972,12.79,12.92,264960
07/16/2013,13.08,13.68,12.96,13.57,977590
07/17/2013,13.75,13.96,13.54,13.73,460320
07/18/2013,13.78,13.9126,13.65,13.66,445650
07/19/2013,13.67,13.83,13.59,13.7,231380
07/22/2013,13.67,13.82,13.51,13.73,392410
07/23/2013,13.76,13.76,13.38,13.39,265100
07/24/2013,13.46,13.69,13.26,13.275,499850
07/25/2013,13.34,13.93,13.34,13.9,1087540
07/26/2013,13.89,14.2101,13.87,14.06,728390
07/29/2013,14.02,14.06,13.685,13.71,174890
07/30/2013,13.73,13.89,13.63,13.81,149720
07/31/2013,13.82,13.99,13.7199,13.89,201210
08/01/2013,14,14.57,13.76,14.43,1245750
08/02/2013,14.96,14.99,14.18,14.75,719140
08/05/2013,14.69,14.98,14.48,14.53,578230
08/06/2013,14.36,14.43,13.66,13.9,849330
08/07/2013,13.92,14.13,13.64,13.68,2908280
08/08/2013,13.58,13.9,13.43,13.7,401220
08/09/2013,13.71,14.01,13.71,13.97,196580
08/12/2013,13.95,14.54,13.87,14.49,506880
08/13/2013,14.55,14.59,14.34,14.49,175740
08/14/2013,14.47,14.67,14.4,14.65,458500
08/15/2013,14.55,14.59,14.24,14.29,508850
08/16/2013,14.3,14.51,14.23,14.45,295530
08/19/2013,14.41,14.48,14.24,14.32,309100
08/20/2013,14.29,14.47,14.26,14.47,326950
08/21/2013,14.46,14.65,14.31,14.45,244270
08/22/2013,14.45,14.88,14.45,14.84,428280
08/23/2013,14.83,14.96,14.67,14.89,319850
08/26/2013,14.9,15.22,14.8019,14.96,475260
08/27/2013,14.76,14.79,14.46,14.58,863480
08/28/2013,14.63,14.74,14.6,14.65,267340
08/29/2013,14.59,14.77,14.54,14.72,284400
08/30/2013,14.67,14.7,14.1,14.5,679990
09/03/2013,14.68,14.78,14.2,14.38,403840
09/04/2013,14.35,14.61,14.3,14.55,355530
09/05/2013,14.52,14.6,14.42,14.49,316880
09/06/2013,14.61,14.67,14.24,14.48,448760
09/09/2013,14.46,14.93,14.42,14.91,755780
09/10/2013,15.01,15.13,14.8,15.13,567270
09/11/2013,15.04,15.56,15.04,15.49,511540
09/12/2013,15.47,15.75,15.31,15.41,408070
09/13/2013,15.53,15.88,15.53,15.75,460460
09/16/2013,16,16,15.37,15.41,445780
09/17/2013,15.32,15.67,15.26,15.34,411460
09/18/2013,15.4,15.97,15.29,15.85,658140
09/19/2013,15.93,16,15.81,15.97,492690
09/20/2013,15.99,16.48,15.89,16.22,958320
09/23/2013,16.23,16.31,15.85,16.18,485740
09/24/2013,16.25,16.58,15.98,16.37,518150
09/25/2013,16.39,16.57,16.15,16.45,388180
09/26/2013,16.5,16.865,16.446,16.85,620180
09/27/2013,16.77,16.89,16.51,16.57,301380
09/30/2013,16.53,17.01,16.53,16.96,695440
10/01/2013,16.96,17.17,16.68,17.15,763210
10/02/2013,16.96,17.56,16.96,17.5,507830
10/03/2013,17.4,17.61,16.82,17.11,639630
10/04/2013,17.15,17.66,17.15,17.52,536200
10/07/2013,17.28,17.39,16.65,16.73,412180
10/08/2013,16.68,16.71,15.88,16.32,613340
10/09/2013,16.33,16.58,15.72,16.46,511810
10/10/2013,16.62,16.92,16.62,16.88,308180
10/11/2013,16.87,17.68,16.77,17.41,350400
10/14/2013,17.28,17.79,17.07,17.63,314870
10/15/2013,17.57,17.83,17.3401,17.51,358030
10/16/2013,17.69,18.01,17.3,17.94,546060
10/17/2013,17.9,18.139,17.81,17.92,335260
10/18/2013,18,18.34,17.96,18.3,479150
10/21/2013,18.3,18.36,18.09,18.24,374310
10/22/2013,18.29,18.3,17.74,17.82,447280
10/23/2013,17.61,17.93,17.24,17.8,288570
10/24/2013,17.78,17.97,17.72,17.81,319270
10/25/2013,17.88,17.9,17.09,17.17,295440
10/28/2013,17.17,17.62,17.13,17.51,437220
10/29/2013,17.61,17.94,17.33,17.84,405950
10/30/2013,18.35,18.35,16.7,17.07,941260
10/31/2013,17.03,17.26,16.83,16.97,273250
11/01/2013,16.94,17.17,16.46,16.51,422060
11/04/2013,16.62,16.99,16.62,16.9,376870
11/05/2013,16.89,17.73,16.73,17.64,677810
11/06/2013,17.83,17.87,16.55,16.64,444510
11/07/2013,16.68,16.68,15.42,15.84,856130
11/08/2013,15.62,16.26,15.56,16.09,418660
11/11/2013,16.01,16.29,15.77,15.95,258490
11/12/2013,15.91,16.13,15.75,16.13,165640
11/13/2013,16.03,16.77,15.91,16.76,469800
11/14/2013,16.78,17.02,16.51,16.84,376080
11/15/2013,16.92,17.17,16.81,16.96,238270
11/18/2013,16.99,17.05,16.56,16.65,187570
11/19/2013,16.57,16.57,15.88,16,271360
11/20/2013,16.11,16.22,15.68,15.86,311690
11/21/2013,15.92,16.11,15.43,15.48,493990
11/22/2013,15.54,15.54,14.6,15.41,1410530
11/25/2013,15.52,15.52,14.67,14.8,550680
11/26/2013,14.78,15.11,14.59,15.05,480590
11/27/2013,15.02,15.3,14.73,15.25,278230
11/29/2013,15.37,15.5,15.18,15.45,142960
12/02/2013,15.4,15.4,14.94,14.99,408420
12/03/2013,14.97,15.17,14.69,14.77,264650
12/04/2013,14.63,15.06,14.45,15.025,463010
12/05/2013,15.02,15.6,14.9,15.27,740290
12/06/2013,15.45,16.03,15.05,15.88,641080
12/09/2013,15.9,15.91,15.17,15.23,571470
12/10/2013,15.24,15.38,14.87,15.12,450530
12/11/2013,15.1,15.6,15.04,15.19,694820
12/12/2013,15.24,15.36,15.13,15.235,172180
12/13/2013,15.235,15.35,15.07,15.24,140020
12/16/2013,15.35,15.48,14.83,15,420630
12/17/2013,14.95,15.15,14.79,14.91,264030
12/18/2013,14.98,15.01,14.55,14.95,386920
12/19/2013,14.75,15.18,14.66,15.06,243070
12/20/2013,15.14,15.44,14.92,15.33,365230
12/23/2013,15.44,15.7,15.3,15.64,202650
12/24/2013,15.69,15.85,15.51,15.65,64440
12/26/2013,15.77,15.976,15.72,15.85,182380
12/27/2013,15.86,16.125,15.57,16.115,248890
12/30/2013,16.02,16.1,15.67,15.86,265430
12/31/2013,15.94,16.1,15.61,15.99,246940
01/02/2014,15.91,15.91,15.55,15.65,257850
01/03/2014,15.67,15.89,15.5,15.75,167140
01/06/2014,15.79,15.92,15.42,15.56,206530
01/07/2014,15.63,16.06,15.63,16.03,280510
01/08/2014,16.04,16.15,15.87,16.05,212740
01/09/2014,16.06,16.07,15.53,15.72,148320
01/10/2014,15.72,16.11,15.61,15.98,145630
01/13/2014,15.87,15.95,15.39,15.58,240950
01/14/2014,15.71,15.972,15.38,15.93,234140
01/15/2014,15.97,16.04,15.65,15.89,125770
01/16/2014,15.83,15.91,15.45,15.49,183600
01/17/2014,15.43,15.58,15.14,15.19,208520
01/21/2014,15.33,15.62,14.97,15,291000
01/22/2014,15.08,15.43,14.5,14.73,313100
01/23/2014,14.65,14.67,13.88,14.12,564510
01/24/2014,13.995,14.3,13.53,13.55,375330
01/27/2014,13.52,13.67,12.99,13.09,517380
01/28/2014,13.15,13.63,13.01,13.3,520690
01/29/2014,13.23,14.37,13.03,13.82,915280
01/30/2014,14.15,14.64,13.83,13.84,400290
01/31/2014,13.69,14.342,13.65,14.14,323640
02/03/2014,14.15,14.32,13.146,13.3,419480
02/04/2014,13.42,13.72,13.17,13.34,170630
02/05/2014,13.25,13.44,12.78,13.14,198920
02/06/2014,13.14,13.35,12.98,13.06,284650
02/07/2014,13.06,13.59,13.01,13.45,284790
02/10/2014,13.48,13.69,13.28,13.57,183500
02/11/2014,13.55,13.74,13.16,13.24,411170
02/12/2014,13.29,14.05,13.29,13.96,323900
02/13/2014,13.88,13.89,13.5139,13.83,377560
02/14/2014,12.98,13.48,12.59,13.09,1223840
02/18/2014,13.19,13.4,12.97,13.14,484010
02/19/2014,13.07,13.42,13.07,13.11,322960
02/20/2014,13.17,13.31,12.88,12.9,429660
02/21/2014,12.99,13.18,12.72,12.95,361290
02/24/2014,12.8,13.24,12.75,12.99,339100
02/25/2014,13.01,13.2,12.86,12.95,175960
02/26/2014,12.96,13.21,12.72,12.92,290130
02/27/2014,12.82,13.25,12.82,13.25,222000
02/28/2014,13.25,13.4,12.78,12.91,244610
03/03/2014,12.61,12.8886,12.6,12.68,438790
03/04/2014,12.9,13.16,12.65,13.07,430200
03/05/2014,13.06,13.2,13.04,13.12,148500
03/06/2014,13.08,13.3,12.52,12.84,1176520
03/07/2014,12.88,12.89,12.55,12.66,426630
03/10/2014,12.62,12.71,12.51,12.62,384110
03/11/2014,12.6,12.7,12.25,12.33,518870
03/12/2014,12.26,12.56,12.25,12.47,231430
03/13/2014,12.52,12.53,12.26,12.31,597200
03/14/2014,12.24,12.476,12.14,12.3,201810
03/17/2014,12.4,12.5,12.3,12.37,293660
03/18/2014,12.37,12.74,12.26,12.65,173170
03/19/2014,12.66,12.676,12.285,12.305,245720
03/20/2014,12.255,12.42,12.125,12.205,220820
03/21/2014,12.23,12.23,11.82,11.84,533380
03/24/2014,11.85,12.58,11.6101,12.17,559890
03/25/2014,12.2,12.5,12.12,12.27,325850
03/26/2014,12.4,12.4,11.82,11.88,308020
03/27/2014,11.88,11.98,11.59,11.7,379900
03/28/2014,11.56,11.8248,11.5,11.56,287780
03/31/2014,11.62,11.71,11.38,11.56,589230
04/01/2014,11.6,11.8,11.39,11.66,412190
04/02/2014,11.69,11.83,11.49,11.8,435190
04/03/2014,11.83,11.83,11.68,11.72,329100
04/04/2014,11.79,11.79,11.3,11.36,721140
04/07/2014,11.33,11.33,10.949,11.05,339620
04/08/2014,11.05,11.52,10.97,11.5,558110
04/09/2014,11.59,11.95,11.53,11.59,444800
04/10/2014,11.55,11.6,11.07,11.15,476400
04/11/2014,11.03,11.16,10.62,10.65,893730
04/14/2014,10.8,10.87,10.415,10.44,335830
04/15/2014,10.45,10.6,9.98,10.4,411750
04/16/2014,10.52,10.63,10.26,10.5,617130
04/17/2014,10.43,10.82,10.4,10.79,275010
04/21/2014,10.82,11.11,10.69,11.02,310079
04/22/2014,11.07,11.87,10.95,11.8,677059
04/23/2014,11.68,12.26,11.61,12.23,1037225
04/24/2014,12.35,12.4599,11.825,11.9699,471535
04/25/2014,11.85,11.889,11.21,11.63,638723
04/28/2014,11.69,11.77,10.84,10.92,645686
04/29/2014,10.95,11.55,10.62,10.67,844004
04/30/2014,10.6,10.905,10.27,10.7,661420
05/01/2014,10.62,10.84,10.5534,10.66,452988
05/02/2014,10.72,10.84,10.53,10.62,213378
05/05/2014,10.51,10.775,10.5,10.68,197895
05/06/2014,10.61,10.6899,10.15,10.19,612212
05/07/2014,12.19,12.24,9.47,9.82,2355307
05/08/2014,9.72,10.15,9.59,9.67,895164
05/09/2014,9.6,9.94,9.49,9.885,326725
05/12/2014,9.96,10.55,9.96,10.4,624183
05/13/2014,10.37,10.46,10.17,10.35,314630
05/14/2014,10.28,10.36,10.0196,10.08,325445
05/15/2014,9.99,10.2,9.81,10.16,649556
05/16/2014,10.16,10.32,9.94,10.19,257533
05/19/2014,10.17,10.86,10.17,10.7,384440
05/20/2014,10.64,10.85,10.31,10.68,462169
05/21/2014,10.7,10.94,10.55,10.9,316363
05/22/2014,10.91,11.45,10.83,11.145,457658
05/23/2014,11.23,12.38,11.17,12.29,1411856
05/27/2014,12.31,13.38,12.31,12.95,1776695
05/28/2014,12.86,13.3,12.6,13.24,557492
05/29/2014,13.35,13.66,13.34,13.44,830670
05/30/2014,13.39,13.4,12.95,13.09,462334
06/02/2014,13.13,13.15,12.74,13.02,535069
06/03/2014,12.95,13.13,12.7,12.85,371458
06/04/2014,12.77,13.075,12.5,13.02,274987
06/05/2014,13.07,13.55,12.93,13.36,372600
06/06/2014,13.39,13.63,13.25,13.55,242908
06/09/2014,13.57,13.72,13.34,13.57,338846
06/10/2014,13.61,13.78,13.472,13.64,225310
06/11/2014,13.53,13.58,13.27,13.53,230945
06/12/2014,13.52,13.71,13.3,13.435,264353
06/13/2014,13.59,13.87,13.52,13.81,583183
06/16/2014,13.8,13.92,13.52,13.905,269261
06/17/2014,13.82,15.46,13.71,14.98,4611818
06/18/2014,14.91,15.05,14.3701,14.85,818148
06/19/2014,14.85,14.8895,14.38,14.85,453867
06/20/2014,14.83,14.85,14.38,14.52,810416
06/23/2014,14.57,14.68,14.05,14.2,536493
06/24/2014,14.14,14.62,13.87,13.95,690166
06/25/2014,13.94,14.5,13.89,14.47,579018
06/26/2014,14.45,14.7,14.23,14.43,365840
06/27/2014,14.37,14.73,14.36,14.57,517886
06/30/2014,14.61,14.92,14.44,14.8,354399
07/01/2014,14.81,15,14.18,14.27,743304
07/02/2014,14.23,14.53,14.18,14.225,441821
07/03/2014,14.39,15.03,14.37,14.92,317431
07/07/2014,14.93,14.96,14.44,14.52,273285
07/08/2014,14.48,14.63,13.58,13.96,642854
07/09/2014,13.96,14.58,13.96,14.48,556058
07/10/2014,14.03,14.52,13.78,14.22,450023
07/11/2014,14.25,14.65,14.1925,14.58,426083
07/14/2014,14.75,15.07,14.65,14.96,918960
07/15/2014,14.91,14.955,14.27,14.45,356327
07/16/2014,14.61,14.74,14.25,14.47,234920
07/17/2014,14.32,14.6299,13.54,13.68,773756
07/18/2014,13.68,14.31,13.68,14.11,374671
07/21/2014,14.06,14.175,13.85,13.97,416234
07/22/2014,14.07,14.15,13.86,13.96,589817
07/23/2014,14.04,14.55,13.9,14.51,445807
07/24/2014,14.58,15.53,14.37,14.64,3515102
07/25/2014,14.48,14.59,13.93,14.14,1425761
07/28/2014,14.42,15.57,14.42,15.17,2307179
07/29/2014,15.19,15.22,14.38,14.54,890141
07/30/2014,14,14.81,13.7,14.43,959709
07/31/2014,14.19,14.68,14.07,14.6,944366
08/01/2014,14.55,15.07,14.09,14.395,780845
08/04/2014,14.41,14.57,14.305,14.5601,388806
08/05/2014,14.49,14.72,14.34,14.52,281684
08/06/2014,14.39,14.75,14.39,14.5,171427
08/07/2014,14.59,14.76,14.48,14.56,312462
08/08/2014,14.57,14.87,14.34,14.77,501998
08/11/2014,14.82,15.19,14.54,15,522054
08/12/2014,14.94,15.06,14.63,14.69,203151
08/13/2014,14.75,14.93,14.6,14.75,378973
08/14/2014,14.76,14.98,14.52,14.66,308755
08/15/2014,14.82,15.07,14.55,14.86,253376
08/18/2014,15,15.57,14.98,15.44,712080
08/19/2014,15.54,15.85,15.36,15.51,324596
08/20/2014,15.39,15.61,15.19,15.54,239186
08/21/2014,15.51,15.79,15.394,15.72,222554
08/22/2014,15.71,16.25,15.65,16.02,713141
08/25/2014,16.06,16.18,15.76,15.92,300387
08/26/2014,15.89,16.13,15.83,15.99,562352
08/27/2014,16,16.005,15.62,15.73,246828
08/28/2014,15.64,16.01,15.45,15.85,482116
08/29/2014,15.86,16.04,15.6806,15.9,148453
09/02/2014,15.98,16.03,15.67,15.82,287541
09/03/2014,15.85,15.96,15.63,15.69,414518
09/04/2014,15.71,16.1,15.64,15.73,369880
09/05/2014,15.51,15.89,15.51,15.84,195870
09/08/2014,15.87,16.16,15.65,15.815,280311
09/09/2014,15.81,15.87,15.49,15.6,271570
09/10/2014,15.63,15.72,15.1,15.59,276591
09/11/2014,15.48,15.76,15.281,15.69,342170
09/12/2014,15.77,15.87,15.46,15.52,152908
09/15/2014,15.51,15.51,14.86,14.98,345319
09/16/2014,14.89,15.58,14.89,15.31,331054
09/17/2014,15.3,15.32,15.07,15.12,131954
09/18/2014,15.2,15.48,15.12,15.41,144225
09/19/2014,15.5,15.64,14.9,15.12,337403
09/22/2014,15,15.31,14.51,14.65,279390
09/23/2014,14.6,14.76,14.37,14.47,362811
09/24/2014,14.55,14.85,14.34,14.75,143842
09/25/2014,14.73,14.85,14.27,14.37,174749
09/26/2014,14.42,14.67,14.372,14.565,146211
09/29/2014,14.73,15.39,14.73,15.29,627279
09/30/2014,20.93,21.13,20.9,20.98,41761473
10/01/2014,20.95,20.97,20.91,20.92,4508836
10/02/2014,20.92,21,20.915,20.93,3207829
10/03/2014,20.96,21.03,20.91,20.93,2865141
10/06/2014,20.95,20.98,20.92,20.92,877827
10/07/2014,20.94,20.99,20.94,20.97,657996
10/08/2014,20.95,20.99,20.93,20.94,1160215
10/09/2014,20.95,20.96,20.91,20.91,1729323
10/10/2014,20.93,20.955,20.91,20.91,962684
10/13/2014,20.92,20.955,20.85,20.85,1551195
10/14/2014,20.9,20.96,20.9,20.91,1975089
10/15/2014,20.9,20.93,20.88,20.88,3104641
10/16/2014,20.88,20.92,20.86,20.88,1653048
10/17/2014,20.94,20.94,20.86,20.86,2798805
10/20/2014,20.86,20.89,20.835,20.87,2767390
10/21/2014,20.89,20.93,20.87,20.895,1223738
10/22/2014,20.93,20.945,20.84,20.86,2471387
10/23/2014,20.9,20.9,20.86,20.885,843280
10/24/2014,20.89,20.91,20.88,20.9,595005
10/27/2014,20.8999,20.9149,20.8799,20.89,483209
10/28/2014,20.9,20.91,20.88,20.89,1931224
10/29/2014,20.9,20.94,20.89,20.91,2042682
10/30/2014,20.9,20.95,20.9,20.935,694151
10/31/2014,20.96,20.98,20.94,20.94,1765431
11/03/2014,20.98,20.98,20.94,20.95,868499
11/04/2014,20.95,20.96,20.95,20.96,918306
11/05/2014,20.96,20.97,20.95,20.95,571797
11/06/2014,20.96,20.98,20.95,20.965,410270
11/07/2014,20.96,20.98,20.955,20.965,438320
11/10/2014,20.96,21,20.92,20.995,800768
11/11/2014,20.95,20.97,20.95,20.965,436247
11/12/2014,20.96,20.99,20.96,20.98,180908
11/13/2014,20.99,21,20.94,20.95,3637237
