2015-06-24 00:00:00,5.0,5.4999,4.5,1240.0,1657038.0
2015-06-25 00:00:00,5.01,5.08,4.55,1195.0,279339.0
2015-06-26 00:00:00,4.75,4.8022,4.51,1172.5,101717.0
2015-06-29 00:00:00,4.75,4.78,4.4,1102.5,72924.0
2015-06-30 00:00:00,4.41,4.59,3.8022,1112.5,123549.0
2015-07-01 00:00:00,4.49,4.7,4.45,1145.0,60640.0
2015-07-02 00:00:00,4.46,4.6,4.45,1125.0,18056.0
2015-07-06 00:00:00,4.69,4.69,4.21,1105.0,18001.0
2015-07-07 00:00:00,4.4,4.64,4.3,1120.0,197771.0
2015-07-08 00:00:00,4.4,4.49,4.22,1085.0,105211.0
2015-07-09 00:00:00,4.4,4.49,4.27,1085.0,61054.0
2015-07-10 00:00:00,4.34,4.3927,4.15,1072.5,26840.0
2015-07-13 00:00:00,4.28,4.29,3.9432,1025.0,85976.0
2015-07-14 00:00:00,4.1,4.15,3.91,1000.0,23556.0
2015-07-15 00:00:00,4.0,4.0799,3.82,985.0,48148.0
2015-07-16 00:00:00,3.9,3.92,3.57,922.5,93028.0
2015-07-17 00:00:00,3.61,3.86,3.58,962.5,95883.0
2015-07-20 00:00:00,3.6,3.71,3.53,882.5,36760.0
2015-07-21 00:00:00,3.61,3.618,3.13,847.5,29827.0
2015-07-22 00:00:00,3.4,3.7,3.02,887.5,284750.0
2015-07-23 00:00:00,3.8,4.45,3.56,1102.5,281462.0
2015-07-24 00:00:00,4.69,4.69,3.96,1039.975,102179.0
2015-07-27 00:00:00,4.05,4.3,3.75,987.5,29711.0
2015-07-28 00:00:00,3.81,3.98,3.81,962.5,28730.0
2015-07-29 00:00:00,3.86,4.04,3.86,1000.0,6102.0
2015-07-30 00:00:00,4.0,4.0,3.348,922.5,99967.0
2015-07-31 00:00:00,3.62,3.8399,3.5,917.5,4399.0
2015-08-03 00:00:00,3.52,3.89,3.52,962.5,17177.0
2015-08-04 00:00:00,3.85,3.93,3.71,967.5,6539.0
2015-08-05 00:00:00,3.91,3.91,3.54,897.5,14397.0
2015-08-06 00:00:00,3.73,3.73,3.25,850.0,24081.0
2015-08-07 00:00:00,3.4,3.6,3.38,861.25,23400.0
2015-08-10 00:00:00,3.4,3.8299,3.4,892.5,48909.0
2015-08-11 00:00:00,3.532,3.77,3.48,890.0,7481.0
2015-08-12 00:00:00,3.5,3.5799,3.06,807.5,48719.0
2015-08-13 00:00:00,3.25,3.25,3.03,767.5,11864.0
2015-08-14 00:00:00,3.0301,3.24,3.03,795.0,11138.0
2015-08-17 00:00:00,3.22,4.42,3.22,877.5,1247135.0
2015-08-18 00:00:00,3.26,3.63,3.25,822.5,140033.0
2015-08-19 00:00:00,3.201,3.25,2.79,737.5,135447.0
2015-08-20 00:00:00,2.93,3.198,2.7,727.5,105922.0
2015-08-21 00:00:00,2.9,2.98,2.51,675.0,89990.0
2015-08-24 00:00:00,2.5,2.86,2.5,692.5,26546.0
2015-08-25 00:00:00,2.63,3.39,2.63,725.0,156347.0
2015-08-26 00:00:00,3.02,3.1799,2.9001,770.0,23624.0
2015-08-27 00:00:00,2.8301,3.2,2.8301,715.0,46691.0
2015-08-28 00:00:00,2.7,3.45,2.63,807.5,161536.0
2015-08-31 00:00:00,3.2,3.5,3.13,822.5,127047.0
2015-09-01 00:00:00,3.25,3.25,3.01,780.0,48278.0
2015-09-02 00:00:00,3.0366,3.25,3.0,807.5,32088.0
2015-09-03 00:00:00,3.23,3.4,3.14,842.5,51008.0
2015-09-04 00:00:00,3.34,3.39,3.05,825.0,15982.0
2015-09-08 00:00:00,3.25,3.37,3.05,807.5,27218.0
2015-09-09 00:00:00,3.09,3.37,3.09,825.0,13483.0
2015-09-10 00:00:00,3.3,3.38,3.1801,835.0,14343.0
2015-09-11 00:00:00,3.34,3.4,3.23,845.0,18877.0
2015-09-14 00:00:00,3.26,3.39,3.0,840.0,34742.0
2015-09-15 00:00:00,3.21,3.34,3.06,797.5,10313.0
2015-09-16 00:00:00,3.19,3.34,3.18,825.0,8482.0
2015-09-17 00:00:00,3.09,3.34,3.05,787.5,47851.0
2015-09-18 00:00:00,3.26,3.26,2.5,625.0,99435.0
2015-09-21 00:00:00,2.9,3.39,2.86,746.25,161750.0
2015-09-22 00:00:00,2.91,3.1699,2.86,750.0,63291.0
2015-09-23 00:00:00,3.03,3.1348,2.73,740.0,22137.0
2015-09-24 00:00:00,2.91,2.95,2.8,725.0,30367.0
2015-09-25 00:00:00,2.89,3.05,2.66,670.0,63860.0
2015-09-28 00:00:00,2.6,2.7399,2.5,625.0,52470.0
2015-09-29 00:00:00,2.5001,2.56,2.01,520.0,71778.0
2015-09-30 00:00:00,2.15,2.27,2.0,512.5,45695.0
2015-10-01 00:00:00,2.1,2.34,2.1,550.0,19731.0
2015-10-02 00:00:00,2.1524,2.4,2.1524,600.0,18217.0
2015-10-05 00:00:00,2.39,2.485,2.39,612.5,12450.0
2015-10-06 00:00:00,2.5,2.53,2.38,607.5,14265.0
2015-10-07 00:00:00,2.3001,2.4799,2.3001,597.5,6656.0
2015-10-08 00:00:00,2.3701,2.4451,2.3701,605.0,1801.0
2015-10-09 00:00:00,2.47,2.52,2.4535,613.375,2607.0
2015-10-12 00:00:00,2.46,2.4794,2.32,617.5,10133.0
2015-10-13 00:00:00,2.3849,2.404,2.2,562.5,12353.0
2015-10-14 00:00:00,2.23,2.3,2.15,567.5,4061.0
2015-10-15 00:00:00,2.34,2.43,2.31,607.5,3021.0
2015-10-16 00:00:00,2.4501,2.6,2.4501,647.5,10826.0
2015-10-19 00:00:00,2.4086,2.6,2.4086,612.5,7671.0
2015-10-20 00:00:00,2.3901,2.44,2.25,572.5,9286.0
2015-10-21 00:00:00,2.33,2.52,2.33,607.5,16739.0
2015-10-22 00:00:00,2.4,2.54,2.21,593.25,8896.0
2015-10-23 00:00:00,2.26,2.55,2.2326,627.4,3913.0
2015-10-26 00:00:00,2.4101,2.5899,2.4101,613.6,1214.0
2015-10-27 00:00:00,2.26,2.305,2.15,570.0,27945.0
2015-10-28 00:00:00,2.43,2.44,2.2901,600.0,6124.0
2015-10-29 00:00:00,2.34,2.35,2.3256,585.0,4231.0
2015-10-30 00:00:00,2.389,2.411,2.35,590.0,11672.0
2015-11-02 00:00:00,2.38,2.39,2.25,575.0,4162.0
2015-11-03 00:00:00,2.306,2.341,2.25,570.0,7536.0
2015-11-04 00:00:00,2.27,2.3299,2.15,537.5,14468.0
2015-11-05 00:00:00,2.2,2.275,2.2,560.5,8394.0
2015-11-06 00:00:00,2.32,2.34,2.25,575.0,33308.0
2015-11-09 00:00:00,2.34,2.485,2.062,587.5,26206.0
2015-11-10 00:00:00,2.26,2.32,2.17,560.0,32861.0
2015-11-11 00:00:00,2.3072,2.3072,2.18,560.0,26365.0
2015-11-12 00:00:00,2.2899,2.2899,2.22,555.0,34459.0
2015-11-13 00:00:00,2.18,2.235,2.16,555.0,7210.0
2015-11-16 00:00:00,2.2112,2.35,2.16,587.5,18835.0
2015-11-17 00:00:00,2.37,2.45,2.23,580.0,21750.0
2015-11-18 00:00:00,2.35,2.375,2.18,552.5,64839.0
2015-11-19 00:00:00,2.2499,2.45,2.22,595.0,79441.0
2015-11-20 00:00:00,2.39,2.4,2.26,580.0,48327.0
2015-11-23 00:00:00,2.38,2.4,2.22,559.0,67900.0
2015-11-24 00:00:00,2.28,2.4,2.17,545.0,62731.0
2015-11-25 00:00:00,2.29,2.31,2.11,567.5,70871.0
2015-11-27 00:00:00,2.32,2.38,2.15,562.5,57124.0
2015-11-30 00:00:00,2.26,2.27,2.1739,544.975,44848.0
2015-12-01 00:00:00,2.17,2.21,2.13,549.975,76114.0
2015-12-02 00:00:00,2.27,2.63,2.2,587.5,346950.0
2015-12-03 00:00:00,2.36,2.504,2.25,567.5,45842.0
2015-12-04 00:00:00,2.35,2.4209,2.26,565.0,31378.0
2015-12-07 00:00:00,2.27,2.32,2.11,550.0,88854.0
2015-12-08 00:00:00,2.18,2.26,2.13,550.0,72524.0
2015-12-09 00:00:00,2.201,2.208,2.16,542.525,59138.0
2015-12-10 00:00:00,2.18,2.21,2.13,540.0,67000.0
2015-12-11 00:00:00,2.14,2.16,1.91,497.5,241295.0
2015-12-14 00:00:00,1.9316,1.962,1.61,402.5,237681.0
2015-12-15 00:00:00,1.69,1.97,1.69,422.5,129207.0
2015-12-16 00:00:00,1.7,1.89,1.7,437.5,55045.0
2015-12-17 00:00:00,1.75,1.8599,1.6183,417.525,49209.0
2015-12-18 00:00:00,1.65,1.86,1.65,447.5,26828.0
2015-12-21 00:00:00,1.82,2.12,1.7201,530.0,236297.0
2015-12-22 00:00:00,2.0,2.1695,1.86,490.0,164548.0
2015-12-23 00:00:00,1.9408,2.05,1.92,500.0,15511.0
2015-12-24 00:00:00,1.97,1.97,1.81,475.0,40036.0
2015-12-28 00:00:00,1.87,2.0,1.76,442.5,156094.0
2015-12-29 00:00:00,1.78,1.839,1.63,447.5,391585.0
2015-12-30 00:00:00,1.75,1.76,1.7,437.5,24622.0
2015-12-31 00:00:00,1.69,1.75,1.54,425.0,38028.0
2016-01-04 00:00:00,1.7,1.7,1.5316,407.5,45183.0
2016-01-05 00:00:00,1.68,1.72,1.53,409.975,16914.0
2016-01-06 00:00:00,1.68,1.76,1.31,372.5,387271.0
2016-01-07 00:00:00,1.675,1.675,1.39,380.0,80242.0
2016-01-08 00:00:00,1.64,1.64,1.47,390.0,89897.0
2016-01-11 00:00:00,1.5,1.5299,1.32,342.5,114511.0
2016-01-12 00:00:00,1.46,1.47,1.12,350.0,105462.0
2016-01-13 00:00:00,1.406,1.56,1.27,335.0,18568.0
2016-01-14 00:00:00,1.41,1.419,1.27,337.5,15747.0
2016-01-15 00:00:00,1.39,1.44,1.2334,332.525,23968.0
2016-01-19 00:00:00,1.2828,1.45,1.08,362.5,390405.0
2016-01-20 00:00:00,1.35,1.35,1.1358,320.0,67860.0
2016-01-21 00:00:00,1.18,1.41,1.1301,340.0,55581.0
2016-01-22 00:00:00,1.41,1.4582,1.22,340.0,60640.0
2016-01-25 00:00:00,1.37,1.4,1.27,342.5,26464.0
2016-01-26 00:00:00,1.36,1.4599,1.36,347.5,53416.0
2016-01-27 00:00:00,1.45,1.45,1.27,322.5,29421.0
2016-01-28 00:00:00,1.32,1.36,1.27,327.5,17256.0
2016-01-29 00:00:00,1.36,1.3752,1.27,342.5,24985.0
2016-02-01 00:00:00,1.32,1.32,1.16,290.0,20217.0
2016-02-02 00:00:00,1.1501,1.24,1.1501,304.15,21126.0
2016-02-03 00:00:00,1.2,1.33,1.09,304.0,71975.0
2016-02-04 00:00:00,1.2375,1.3352,1.15,318.925,22521.0
2016-02-05 00:00:00,1.3042,1.3599,1.09,297.5,71644.0
2016-02-08 00:00:00,1.2399,1.2399,1.02,305.0,90516.0
2016-02-09 00:00:00,1.04,1.1289,0.9807,267.5,27550.0
2016-02-10 00:00:00,1.07,1.6883,1.07,352.5,164751.0
2016-02-11 00:00:00,1.45,1.55,1.2601,377.5,121516.0
2016-02-12 00:00:00,1.581,1.581,1.41,352.525,19069.0
2016-02-16 00:00:00,1.401,1.47,1.32,365.0,15950.0
2016-02-17 00:00:00,1.5,1.665,1.28,352.5,178463.0
2016-02-18 00:00:00,1.35,1.5005,1.35,369.0,6208.0
2016-02-19 00:00:00,1.57,1.65,1.5001,382.675,13201.0
2016-02-22 00:00:00,1.5996,1.66,1.56,397.5,33200.0
2016-02-23 00:00:00,1.68,1.72,1.5,383.65,39369.0
2016-02-24 00:00:00,1.55,1.65,1.42,387.5,68561.0
2016-02-25 00:00:00,1.58,1.72,1.5,387.5,59146.0
2016-02-26 00:00:00,1.56,1.56,1.4301,373.45,20764.0
2016-02-29 00:00:00,1.52,1.53,1.4008,362.5,8053.0
2016-03-01 00:00:00,1.6399,1.71,1.5016,387.5,78267.0
2016-03-02 00:00:00,1.5,1.6,1.38,375.0,49217.0
2016-03-03 00:00:00,1.54,1.55,1.523,387.475,7279.0
2016-03-04 00:00:00,1.4422,1.5499,1.4422,375.0,22618.0
2016-03-07 00:00:00,1.5,1.73,1.47,387.5,41333.0
2016-03-08 00:00:00,1.56,1.56,1.4201,375.0,15460.0
2016-03-09 00:00:00,1.4899,1.7599,1.4201,415.0,38996.0
2016-03-10 00:00:00,1.6282,1.78,1.57,445.0,48903.0
2016-03-11 00:00:00,1.69,1.79,1.6733,446.25,8687.0
2016-03-14 00:00:00,1.7585,1.79,1.72,432.5,11742.0
2016-03-15 00:00:00,1.7,1.72,1.32,407.5,128032.0
2016-03-16 00:00:00,1.63,1.63,1.39,355.0,36657.0
2016-03-17 00:00:00,1.39,1.51,1.39,351.25,17246.0
2016-03-18 00:00:00,1.43,1.46,1.26,330.0,54600.0
2016-03-21 00:00:00,1.28,1.4299,1.28,345.0,32786.0
2016-03-22 00:00:00,1.4,1.48,1.26,327.5,104714.0
2016-03-23 00:00:00,1.34,1.39,1.0698,287.5,264679.0
2016-03-24 00:00:00,1.18,1.23,1.08,280.0,121028.0
2016-03-28 00:00:00,1.16,1.21,1.07,287.5,28245.0
2016-03-29 00:00:00,1.15,1.18,1.03,275.0,50544.0
2016-03-30 00:00:00,1.07,1.24,1.07,275.0,15550.0
2016-03-31 00:00:00,1.11,1.17,1.11,282.5,9352.0
2016-04-01 00:00:00,1.14,1.2001,1.14,295.0,31873.0
2016-04-04 00:00:00,1.18,1.2949,1.12,295.0,52452.0
2016-04-05 00:00:00,1.11,1.29,1.1,295.0,63513.0
2016-04-06 00:00:00,1.21,1.402,1.17,315.0,118385.0
2016-04-07 00:00:00,1.18,1.49,1.18,362.5,126676.0
2016-04-08 00:00:00,1.46,1.54,1.2701,345.0,136366.0
2016-04-11 00:00:00,1.4,1.42,1.2966,332.5,68808.0
2016-04-12 00:00:00,1.3301,1.4,1.25,347.5,74463.0
2016-04-13 00:00:00,1.36,1.41,1.26,350.0,110072.0
2016-04-14 00:00:00,1.51,1.64,1.46,372.5,102053.0
2016-04-15 00:00:00,1.51,1.5899,1.51,380.0,12545.0
2016-04-18 00:00:00,1.558,1.82,1.558,425.0,151193.0
2016-04-19 00:00:00,1.65,1.71,1.61,412.5,31811.0
2016-04-20 00:00:00,1.6,1.656,1.52,400.0,6055.0
2016-04-21 00:00:00,1.5701,1.68,1.5701,410.0,18790.0
2016-04-22 00:00:00,1.65,1.6999,1.5476,410.0,13714.0
2016-04-25 00:00:00,1.5729,1.68,1.5729,405.0,5643.0
2016-04-26 00:00:00,1.65,1.65,1.5428,392.5,12219.0
2016-04-27 00:00:00,1.6001,1.65,1.5605,402.5,6883.0
2016-04-28 00:00:00,1.61,1.67,1.6,402.5,5778.0
2016-04-29 00:00:00,1.6383,1.68,1.57,407.5,25305.0
2016-05-02 00:00:00,1.63,1.85,1.63,430.0,22890.0
2016-05-03 00:00:00,1.7,1.87,1.64,440.0,29935.0
2016-05-04 00:00:00,1.68,1.875,1.68,432.5,17877.0
2016-05-05 00:00:00,1.8,1.86,1.75,450.0,20284.0
2016-05-06 00:00:00,1.85,1.8688,1.7605,450.0,21249.0
2016-05-09 00:00:00,1.87,1.89,1.72,430.0,40869.0
2016-05-10 00:00:00,1.72,1.82,1.72,437.5,5532.0
2016-05-11 00:00:00,1.7943,1.7943,1.79,447.5,777.0
2016-05-12 00:00:00,1.7943,1.81,1.7,430.0,8449.0
2016-05-13 00:00:00,1.699,1.75,1.699,430.0,12012.0
2016-05-16 00:00:00,1.73,1.73,1.71,427.5,1689.0
2016-05-17 00:00:00,1.68,1.68,1.6,415.0,5188.0
2016-05-18 00:00:00,1.5901,1.6483,1.55,387.5,1236.0
2016-05-19 00:00:00,1.699,1.7,1.53,382.5,7290.0
2016-05-20 00:00:00,1.5601,1.66,1.5,400.0,8754.0
2016-05-23 00:00:00,1.6,1.675,1.51,400.0,1794.0
2016-05-24 00:00:00,1.64,1.64,1.64,410.0,314.0
2016-05-25 00:00:00,1.64,1.69,1.6,415.025,12547.0
2016-05-26 00:00:00,1.5801,1.695,1.5801,410.0,5072.0
2016-05-27 00:00:00,1.64,1.6501,1.63,410.0,8436.0
2016-05-31 00:00:00,1.649,1.65,1.625,412.5,6061.0
2016-06-01 00:00:00,1.6,1.74,1.57,392.5,4735.0
2016-06-02 00:00:00,1.6,1.64,1.57,405.0,4740.0
2016-06-03 00:00:00,1.5601,1.6999,1.5601,416.25,16657.0
2016-06-06 00:00:00,1.71,1.73,1.69,427.5,1839.0
2016-06-07 00:00:00,1.68,1.73,1.68,425.0,3995.0
2016-06-08 00:00:00,1.7,1.7,1.7,425.0,601.0
2016-06-09 00:00:00,1.6165,1.65,1.58,400.0,1272.0
2016-06-10 00:00:00,1.58,1.59,1.5401,395.0,6178.0
2016-06-13 00:00:00,1.62,1.73,1.62,422.5,23197.0
2016-06-14 00:00:00,1.7,1.73,1.6882,427.5,3319.0
2016-06-15 00:00:00,1.5901,1.73,1.5901,422.5,3180.0
2016-06-16 00:00:00,1.65,1.74,1.64,435.0,3862.0
2016-06-17 00:00:00,1.73,1.8299,1.72,445.0,23313.0
2016-06-20 00:00:00,1.73,1.88,1.644,427.5,10753.0
2016-06-21 00:00:00,1.7,1.71,1.62,425.0,8603.0
2016-06-22 00:00:00,1.624,1.88,1.61,402.5,16709.0
2016-06-23 00:00:00,1.7,1.78,1.55,422.5,13875.0
2016-06-24 00:00:00,1.51,1.83,1.51,425.0,4707.0
2016-06-27 00:00:00,1.7,1.89,1.6001,417.5,47747.0
2016-06-28 00:00:00,1.61,1.7,1.5,399.975,23814.0
2016-06-29 00:00:00,1.75,1.75,1.4,367.5,39429.0
2016-06-30 00:00:00,1.48,1.72,1.48,382.5,62310.0
2016-07-01 00:00:00,1.51,1.65,1.5,399.975,7274.0
2016-07-05 00:00:00,1.6,1.63,1.47,383.7,32835.0
2016-07-06 00:00:00,1.4777,1.55,1.4777,375.875,4402.0
2016-07-07 00:00:00,1.49,1.61,1.41,395.0,5770.0
2016-07-08 00:00:00,1.55,1.6,1.55,395.0,12533.0
2016-07-11 00:00:00,1.58,1.65,1.54,385.0,4810.0
2016-07-12 00:00:00,1.61,1.62,1.45,390.0,28669.0
2016-07-13 00:00:00,1.53,1.5328,1.49,372.5,23889.0
2016-07-14 00:00:00,1.44,1.49,1.44,365.0,9459.0
2016-07-15 00:00:00,1.46,1.5048,1.46,365.0,2628.0
2016-07-18 00:00:00,1.514,1.514,1.4776,372.25,11735.0
2016-07-19 00:00:00,1.49,1.51,1.46,365.0,1703.0
2016-07-20 00:00:00,1.46,1.46,1.27,351.25,2788.0
2016-07-21 00:00:00,1.36,1.38,1.36,345.0,9204.0
2016-07-22 00:00:00,1.3799,1.38,1.3799,345.0,6010.0
2016-07-25 00:00:00,1.39,2.47,1.39,387.5,1733036.0
2016-07-26 00:00:00,1.45,1.53,1.25,360.0,349264.0
2016-07-27 00:00:00,1.44,1.44,1.33,347.5,50678.0
2016-07-28 00:00:00,1.39,1.54,1.32,355.0,164507.0
2016-07-29 00:00:00,1.43,1.52,1.4,362.5,39409.0
2016-08-01 00:00:00,1.4,1.5,1.3101,332.5,33474.0
2016-08-02 00:00:00,1.35,1.47,1.23,307.5,56368.0
2016-08-03 00:00:00,1.23,1.49,1.23,337.5,32564.0
2016-08-04 00:00:00,1.35,1.38,1.3,327.5,26712.0
2016-08-05 00:00:00,1.32,1.4299,1.24,327.5,24869.0
2016-08-08 00:00:00,1.35,1.44,1.3101,340.0,12148.0
2016-08-09 00:00:00,1.29,1.35,1.2601,332.5,13961.0
2016-08-10 00:00:00,1.3304,1.359,1.28,330.0,17458.0
2016-08-11 00:00:00,1.2801,1.2908,1.26,321.9,21833.0
2016-08-12 00:00:00,1.27,1.43,1.25,320.0,20525.0
2016-08-15 00:00:00,1.37,1.5,1.37,345.0,84702.0
2016-08-16 00:00:00,1.41,1.4452,1.3383,340.0,15482.0
2016-08-17 00:00:00,1.33,1.42,1.33,345.0,6322.0
2016-08-18 00:00:00,1.37,1.3963,1.31,345.0,10072.0
2016-08-19 00:00:00,1.31,1.38,1.31,340.0,10187.0
2016-08-22 00:00:00,1.37,1.4,1.33,332.5,24005.0
2016-08-23 00:00:00,1.35,1.36,1.3,325.0,6975.0
2016-08-24 00:00:00,1.35,1.38,1.3201,330.025,7227.0
2016-08-25 00:00:00,1.361,1.361,1.25,315.0,27884.0
2016-08-26 00:00:00,1.35,1.37,1.27,324.75,14218.0
2016-08-29 00:00:00,1.28,1.35,1.28,325.0,2622.0
2016-08-30 00:00:00,1.32,1.33,1.285,332.5,27944.0
2016-08-31 00:00:00,1.2711,1.35,1.2711,335.0,12817.0
2016-09-01 00:00:00,1.32,1.321,1.28,320.0,7003.0
2016-09-02 00:00:00,1.3,1.44,1.3,352.5,64535.0
2016-09-06 00:00:00,1.37,1.4899,1.3,350.0,33947.0
2016-09-07 00:00:00,1.37,1.47,1.3,342.5,37371.0
2016-09-08 00:00:00,1.36,1.46,1.36,360.0,85746.0
2016-09-09 00:00:00,1.42,1.42,1.27,317.5,81018.0
2016-09-12 00:00:00,1.28,1.35,1.2,319.0,53471.0
2016-09-13 00:00:00,1.31,1.3305,1.26,320.0,9493.0
2016-09-14 00:00:00,1.29,1.34,1.29,335.0,12624.0
2016-09-15 00:00:00,1.3251,1.38,1.321,340.0,3868.0
2016-09-16 00:00:00,1.35,1.49,1.3,372.5,90323.0
2016-09-19 00:00:00,1.45,1.45,1.3801,352.5,14536.0
2016-09-20 00:00:00,1.409,1.465,1.35,362.5,83556.0
2016-09-21 00:00:00,1.45,1.55,1.4,387.5,605401.0
2016-09-22 00:00:00,1.55,1.7,1.5,415.0,188001.0
2016-09-23 00:00:00,1.72,1.8,1.7,435.0,108341.0
2016-09-26 00:00:00,1.75,1.77,1.6816,427.5,41008.0
2016-09-27 00:00:00,1.7,1.7,1.68,420.0,18073.0
2016-09-28 00:00:00,1.71,1.71,1.5611,405.0,29110.0
2016-09-29 00:00:00,1.5228,1.68,1.45,400.0,154871.0
2016-09-30 00:00:00,1.64,1.68,1.4601,420.0,34337.0
2016-10-03 00:00:00,1.7,1.8,1.62,442.525,86680.0
2016-10-04 00:00:00,1.74,1.8917,1.7301,446.875,49314.0
2016-10-05 00:00:00,1.8,1.8099,1.7507,442.775,5321.0
2016-10-06 00:00:00,1.79,2.1799,1.7601,497.5,315026.0
2016-10-07 00:00:00,2.05,2.05,1.79,492.5,182702.0
2016-10-10 00:00:00,1.98,2.0489,1.79,450.0,62505.0
2016-10-11 00:00:00,1.82,1.82,1.675,432.5,67442.0
2016-10-12 00:00:00,1.76,1.8,1.6565,445.0,21093.0
2016-10-13 00:00:00,1.78,1.78,1.685,430.0,22613.0
2016-10-14 00:00:00,1.7089,1.71,1.69,425.0,9751.0
2016-10-17 00:00:00,1.72,1.87,1.7036,467.5,25927.0
2016-10-18 00:00:00,2.1,2.45,1.9,575.0,1344183.0
2016-10-19 00:00:00,2.25,3.0,2.25,692.5,3131979.0
2016-10-20 00:00:00,2.78,2.8,2.5,675.0,867651.0
2016-10-21 00:00:00,2.7,2.78,2.49,650.0,217968.0
2016-10-24 00:00:00,2.67,3.26,2.6,800.0,791468.0
2016-10-25 00:00:00,3.15,3.15,2.5,650.0,581888.0
2016-10-26 00:00:00,2.54,3.0,2.45,670.0,1021846.0
2016-10-27 00:00:00,2.65,2.65,2.5,632.5,293546.0
2016-10-28 00:00:00,2.56,2.56,2.37,622.5,147509.0
2016-10-31 00:00:00,2.5,2.57,2.38,595.0,65225.0
2016-11-01 00:00:00,2.36,2.417,2.32,587.5,62554.0
2016-11-02 00:00:00,2.39,2.3964,2.3,582.5,57976.0
2016-11-03 00:00:00,2.34,2.34,2.2,557.5,82054.0
2016-11-04 00:00:00,2.06,2.16,2.05,520.0,182712.0
2016-11-07 00:00:00,2.01,2.219,2.01,542.5,49567.0
2016-11-08 00:00:00,2.15,2.47,2.15,617.5,111386.0
2016-11-09 00:00:00,2.3,2.4554,2.26,585.0,92867.0
2016-11-10 00:00:00,2.32,2.58,2.3077,590.0,112193.0
2016-11-11 00:00:00,2.42,2.62,2.3101,650.0,100789.0
2016-11-14 00:00:00,2.62,2.62,2.46,637.5,62849.0
2016-11-15 00:00:00,2.61,2.61,2.28,625.0,140549.0
2016-11-16 00:00:00,2.52,2.52,2.19,582.5,51914.0
2016-11-17 00:00:00,2.3115,2.382,2.31,587.5,26357.0
2016-11-18 00:00:00,2.48,2.48,2.2003,610.0,81771.0
2016-11-21 00:00:00,2.45,2.48,2.27,602.5,55780.0
2016-11-22 00:00:00,2.4,2.4,2.25,587.5,42861.0
2016-11-23 00:00:00,2.36,2.37,2.25,565.0,9489.0
2016-11-25 00:00:00,2.31,2.3699,2.3033,590.0,24871.0
2016-11-28 00:00:00,2.37,2.4,2.27,587.5,28467.0
2016-11-29 00:00:00,2.2763,2.4,2.2763,592.5,10382.0
2016-11-30 00:00:00,2.37,2.37,2.28,577.5,13223.0
2016-12-01 00:00:00,2.2901,2.39,2.26,575.0,77697.0
2016-12-02 00:00:00,2.3001,2.69,2.27,622.5,129415.0
2016-12-05 00:00:00,2.58,2.68,2.4711,640.0,129934.0
2016-12-06 00:00:00,2.59,2.73,2.59,675.0,114867.0
2016-12-07 00:00:00,2.72,2.81,2.5,640.0,121474.0
2016-12-08 00:00:00,2.51,3.11,2.4608,732.5,553157.0
2016-12-09 00:00:00,2.82,3.05,2.82,727.5,125257.0
2016-12-12 00:00:00,3.0,3.022,2.71,692.5,125427.0
2016-12-13 00:00:00,2.96,2.97,2.62,665.0,110132.0
2016-12-14 00:00:00,2.74,2.75,2.6,675.0,35792.0
2016-12-15 00:00:00,2.72,2.81,2.7151,697.5,5562.0
2016-12-16 00:00:00,2.79,2.83,2.65,702.5,34642.0
2016-12-19 00:00:00,2.84,2.89,2.8166,715.0,25313.0
2016-12-20 00:00:00,2.8325,2.86,2.66,692.5,41265.0
2016-12-21 00:00:00,2.76,2.8,2.7,677.5,17681.0
2016-12-22 00:00:00,2.7771,2.7771,2.7019,684.175,9672.0
2016-12-23 00:00:00,2.7,2.7599,2.61,680.0,36091.0
2016-12-27 00:00:00,2.7,2.71,2.6101,675.0,12751.0
2016-12-28 00:00:00,2.71,2.71,2.57,675.0,41593.0
2016-12-29 00:00:00,2.69,2.7059,2.55,660.0,36866.0
2016-12-30 00:00:00,2.68,2.73,2.6413,677.5,44427.0
2017-01-03 00:00:00,2.76,2.9,2.5849,722.475,41733.0
2017-01-04 00:00:00,3.18,3.18,2.75,692.5,151830.0
2017-01-05 00:00:00,2.85,2.9845,2.8001,730.0,53191.0
2017-01-06 00:00:00,2.99,2.99,2.7601,702.5,72863.0
2017-01-09 00:00:00,3.01,3.0266,2.8601,732.5,98200.0
2017-01-10 00:00:00,2.93,3.0,2.9,737.5,70604.0
2017-01-11 00:00:00,2.97,2.98,2.9,745.0,51744.0
2017-01-12 00:00:00,2.96,2.98,2.84,716.8,75095.0
2017-01-13 00:00:00,2.9,2.95,2.84,730.0,27218.0
2017-01-17 00:00:00,3.19,3.19,2.9344,750.0,136567.0
2017-01-18 00:00:00,3.01,3.05,3.01,762.5,45255.0
2017-01-19 00:00:00,3.05,3.0699,2.95,747.5,96487.0
2017-01-20 00:00:00,3.04,3.04,2.97,742.5,64865.0
2017-01-23 00:00:00,3.0,3.04,2.81,707.5,96384.0
2017-01-24 00:00:00,2.81,2.96,2.77,720.0,82141.0
2017-01-25 00:00:00,2.9,2.9,2.87,722.475,28851.0
2017-01-26 00:00:00,2.92,2.999,2.89,727.5,97686.0
2017-01-27 00:00:00,2.94,2.98,2.85,730.0,109642.0
2017-01-30 00:00:00,2.95,3.3399,2.85,828.75,202521.0
2017-01-31 00:00:00,3.35,3.7,3.32,855.0,639911.0
2017-02-01 00:00:00,3.43,3.55,3.0901,817.5,149514.0
2017-02-02 00:00:00,3.41,3.41,3.2,822.5,80473.0
2017-02-03 00:00:00,3.37,3.59,3.326,892.5,240337.0
2017-02-06 00:00:00,3.53,3.75,3.41,867.5,215919.0
2017-02-07 00:00:00,3.43,3.4496,3.05,860.0,89735.0
2017-02-08 00:00:00,3.48,3.5624,3.25,857.5,84375.0
2017-02-09 00:00:00,3.49,3.56,3.41,875.0,72213.0
2017-02-10 00:00:00,3.57,3.57,3.39,870.0,75105.0
2017-02-13 00:00:00,3.5,3.55,3.39,872.5,70763.0
2017-02-14 00:00:00,3.52,3.58,3.32,837.5,157169.0
2017-02-15 00:00:00,3.4,3.42,3.05,850.0,86678.0
2017-02-16 00:00:00,3.36,3.3923,3.22,837.5,30424.0
2017-02-17 00:00:00,3.29,3.3101,3.11,797.5,85005.0
2017-02-21 00:00:00,3.25,3.25,3.05,777.5,138499.0
2017-02-22 00:00:00,3.13,3.39,3.1,805.0,208077.0
2017-02-23 00:00:00,3.22,3.27,2.85,737.5,246540.0
2017-02-24 00:00:00,2.85,3.08,2.85,722.5,114371.0
2017-02-27 00:00:00,3.05,3.05,2.58,700.0,322288.0
2017-02-28 00:00:00,2.82,2.8225,2.535,640.0,146384.0
2017-03-01 00:00:00,2.7,2.7556,2.55,670.0,157298.0
2017-03-02 00:00:00,2.7,3.1299,2.6637,765.0,316253.0
2017-03-03 00:00:00,3.03,3.35,2.9544,770.0,261083.0
2017-03-06 00:00:00,3.1,3.202,2.9,730.0,125486.0
2017-03-07 00:00:00,2.92,3.11,2.8005,775.0,94129.0
2017-03-08 00:00:00,3.11,3.2,3.01,780.0,91280.0
2017-03-09 00:00:00,3.13,3.13,2.89,760.0,273470.0
2017-03-10 00:00:00,3.05,3.05,2.85,750.0,126544.0
2017-03-13 00:00:00,3.0,3.1392,2.95,740.0,105299.0
2017-03-14 00:00:00,2.96,2.97,2.66,672.5,339523.0
2017-03-15 00:00:00,2.61,2.799,2.21,570.0,505264.0
2017-03-16 00:00:00,2.3,2.4399,2.3,577.5,89676.0
2017-03-17 00:00:00,2.33,2.439,2.2346,565.0,122226.0
2017-03-20 00:00:00,2.15,2.21,1.81,465.0,590496.0
2017-03-21 00:00:00,1.91,1.93,1.72,455.0,246893.0
2017-03-22 00:00:00,1.8,1.83,1.65,425.0,121667.0
2017-03-23 00:00:00,1.7,1.878,1.64,450.0,137627.0
2017-03-24 00:00:00,1.8,1.83,1.59,452.475,85697.0
2017-03-27 00:00:00,1.81,1.97,1.755,490.0,156058.0
2017-03-28 00:00:00,2.0,2.03,1.9021,487.5,332493.0
2017-03-29 00:00:00,1.98,1.99,1.3832,400.0,2356613.0
2017-03-30 00:00:00,1.6,1.6,1.37,350.0,1029321.0
2017-03-31 00:00:00,1.48,1.48,1.2935,355.0,411231.0
2017-04-03 00:00:00,1.42,1.42,1.32,342.5,188646.0
2017-04-04 00:00:00,1.37,1.37,1.25,312.5,237916.0
2017-04-05 00:00:00,1.15,1.25,1.1,277.5,603253.0
2017-04-06 00:00:00,1.11,1.25,1.1,282.5,297854.0
2017-04-07 00:00:00,1.13,1.2,1.11,285.0,160846.0
2017-04-10 00:00:00,1.14,1.1467,1.0,257.5,359992.0
2017-04-11 00:00:00,1.02,1.13,0.95,275.0,1085097.0
2017-04-12 00:00:00,1.21,1.46,1.02,265.0,4451490.0
2017-04-13 00:00:00,1.07,1.11,0.95,270.0,953742.0
2017-04-17 00:00:00,1.09,1.17,1.01,275.0,655101.0
2017-04-18 00:00:00,1.07,1.12,0.9898,270.0,707743.0
2017-04-19 00:00:00,1.07,1.1,0.99,267.5,1033640.0
2017-04-20 00:00:00,1.06,1.14,1.02,257.5,1942364.0
2017-04-21 00:00:00,1.04,1.07,0.99,267.5,1251430.0
2017-04-24 00:00:00,1.09,1.1,1.02,257.5,911383.0
2017-04-25 00:00:00,1.04,1.04,0.84,222.275,2233751.0
2017-04-26 00:00:00,0.8865,0.91,0.76,212.5,1615744.0
2017-04-27 00:00:00,0.845,0.85,0.8,205.275,345990.0
2017-04-28 00:00:00,0.82,0.8255,0.78,200.0,686483.0
2017-05-01 00:00:00,0.7855,0.7855,0.68,182.5,903568.0
2017-05-02 00:00:00,0.71,0.95,0.6803,204.75,3224363.0
2017-05-03 00:00:00,0.772,0.7988,0.69,181.225,770562.0
2017-05-04 00:00:00,0.7,0.74,0.66,170.025,545131.0
2017-05-05 00:00:00,0.75,0.75,0.6701,177.5,270244.0
2017-05-08 00:00:00,0.71,0.71,0.655,163.775,301625.0
2017-05-09 00:00:00,0.65,0.67,0.5501,165.0,823349.0
2017-05-10 00:00:00,0.63,0.6596,0.55,161.05,146531.0
2017-05-11 00:00:00,0.61,0.6301,0.5804,155.0,185532.0
2017-05-12 00:00:00,0.64,0.64,0.6012,155.9,237880.0
2017-05-15 00:00:00,0.63,0.68,0.6208,167.5,344255.0
2017-05-16 00:00:00,0.67,0.78,0.65,165.0,1281452.0
2017-05-17 00:00:00,0.68,0.68,0.61,160.0,314379.0
2017-05-18 00:00:00,0.6415,0.6415,0.58,160.0,372608.0
2017-05-19 00:00:00,0.66,0.69,0.6358,167.5,324133.0
2017-05-22 00:00:00,0.6546,0.6875,0.651,171.25,225075.0
2017-05-23 00:00:00,0.685,0.7,0.66,169.625,103893.0
2017-05-24 00:00:00,0.685,0.7501,0.66,174.5,376917.0
2017-05-25 00:00:00,0.72,0.72,0.671,172.45,186500.0
2017-05-26 00:00:00,0.68,0.698,0.67,167.55,88020.0
2017-05-30 00:00:00,0.695,0.695,0.65,165.0,134656.0
2017-05-31 00:00:00,0.66,0.6601,0.59,153.75,226164.0
2017-06-01 00:00:00,0.62,0.64,0.59,149.025,92592.0
2017-06-02 00:00:00,0.64,0.64,0.6,151.0,56282.0
2017-06-05 00:00:00,0.615,0.63,0.6001,155.0,60384.0
2017-06-06 00:00:00,0.604,0.62,0.5901,150.0,164368.0
2017-06-07 00:00:00,0.618,0.618,0.59,152.5,89985.0
2017-06-08 00:00:00,0.6,0.6125,0.58,150.0,89419.0
2017-06-09 00:00:00,0.6,0.6499,0.6,157.5,565351.0
2017-06-12 00:00:00,0.62,0.74,0.61,180.0,1748682.0
2017-06-13 00:00:00,0.74,0.798,0.6922,175.0,1244989.0
2017-06-14 00:00:00,0.6901,0.7149,0.6502,169.875,307884.0
2017-06-15 00:00:00,0.64,0.698,0.6302,167.35,161760.0
2017-06-16 00:00:00,0.65,0.66,0.6251,156.275,196262.0
2017-06-19 00:00:00,0.61,0.6597,0.61,153.75,109689.0
2017-06-20 00:00:00,0.61,0.64,0.605,151.8,205217.0
2017-06-21 00:00:00,0.61,0.629,0.6,150.0,300917.0
2017-06-22 00:00:00,0.6199,0.62,0.58,146.25,402669.0
2017-06-23 00:00:00,0.6,0.615,0.5801,150.0,128098.0
2017-06-26 00:00:00,0.62,0.63,0.575,145.0,600113.0
2017-06-27 00:00:00,0.56,0.58,0.536,140.0,682938.0
2017-06-28 00:00:00,0.567,0.57,0.52,135.0,285880.0
2017-06-29 00:00:00,0.529,0.546915,0.52,132.65,239404.0
2017-06-30 00:00:00,0.53,0.596,0.53,137.5,1004744.0
2017-07-03 00:00:00,0.575,0.575,0.552,138.075,210087.0
2017-07-05 00:00:00,0.5495,0.5798,0.52,141.5,681877.0
2017-07-06 00:00:00,0.5798,0.75,0.5595,151.25,3857837.0
2017-07-07 00:00:00,0.6,0.605,0.563,142.5,473175.0
2017-07-10 00:00:00,0.59,0.63,0.5655,144.825,244977.0
2017-07-11 00:00:00,0.609,0.61,0.566,141.65,198357.0
2017-07-12 00:00:00,0.5949,0.6,0.566,142.75,237952.0
2017-07-13 00:00:00,0.571,0.65,0.571,158.7,750062.0
2017-07-14 00:00:00,0.64,0.684,0.6351,162.525,506559.0
2017-07-17 00:00:00,0.6798,0.6798,0.6015,157.5,398773.0
2017-07-18 00:00:00,0.601,0.626618,0.5,127.5,620950.0
2017-07-19 00:00:00,0.51,0.599,0.51,131.0,401614.0
2017-07-20 00:00:00,0.525,0.56,0.525,133.125,297915.0
2017-07-21 00:00:00,0.54,0.57,0.53,142.5,270524.0
2017-07-24 00:00:00,0.57,0.57,0.54,137.175,178487.0
2017-07-25 00:00:00,0.55,0.59,0.54,142.5,141968.0
2017-07-26 00:00:00,0.555,0.59,0.55,140.025,106380.0
2017-07-27 00:00:00,0.565,0.6,0.55,145.0,305556.0
2017-07-28 00:00:00,0.609,0.609,0.565,145.0,175663.0
2017-07-31 00:00:00,0.58,0.58,0.55,140.0,125268.0
2017-08-01 00:00:00,0.57,0.58,0.555,138.825,185313.0
2017-08-02 00:00:00,0.56,0.57,0.5553,142.5,113842.0
2017-08-03 00:00:00,0.57,0.65,0.57,155.0,1403683.0
2017-08-04 00:00:00,0.61,0.62,0.582,150.0,262899.0
2017-08-07 00:00:00,0.6,0.6,0.54,150.0,138535.0
2017-08-08 00:00:00,0.6,0.6,0.5601,143.4,116069.0
2017-08-09 00:00:00,0.6,0.6,0.5601,140.125,49757.0
2017-08-10 00:00:00,0.5885,0.5924,0.55,142.5,94762.0
2017-08-11 00:00:00,0.57,0.57,0.54,140.0,104669.0
2017-08-14 00:00:00,0.57,0.57,0.54,142.375,98807.0
2017-08-15 00:00:00,0.57,0.57,0.54,140.0,99643.0
2017-08-16 00:00:00,0.552,0.569,0.5205,130.125,354901.0
2017-08-17 00:00:00,0.5465,0.559,0.53,132.5,102739.0
2017-08-18 00:00:00,0.55,0.63,0.525,150.0,819702.0
2017-08-21 00:00:00,0.6,0.6,0.55,143.25,168371.0
2017-08-22 00:00:00,0.55,0.571,0.54,142.5,159786.0
2017-08-23 00:00:00,0.54,0.57,0.54,138.75,53661.0
2017-08-24 00:00:00,0.555,0.58,0.5505,142.5,94391.0
2017-08-25 00:00:00,0.58,0.58,0.5584,140.15,81912.0
2017-08-28 00:00:00,0.56,0.5638,0.53,136.25,170506.0
2017-08-29 00:00:00,0.57,0.57,0.54,140.0,61143.0
2017-08-30 00:00:00,0.56,0.6,0.557,147.475,247809.0
2017-08-31 00:00:00,0.588,0.63,0.561,142.575,428830.0
2017-09-01 00:00:00,0.6467,0.6467,0.59,154.375,148845.0
2017-09-05 00:00:00,0.6175,0.6175,0.57,142.5,125530.0
2017-09-06 00:00:00,0.59,0.6,0.57,146.275,99765.0
2017-09-07 00:00:00,0.61,0.61,0.55,144.85,94577.0
2017-09-08 00:00:00,0.567,0.578,0.55,142.5,165633.0
2017-09-11 00:00:00,0.57,0.58,0.5528,139.25,118191.0
2017-09-12 00:00:00,0.579,0.589,0.5575,143.125,65847.0
2017-09-13 00:00:00,0.59,0.59,0.552,143.75,181894.0
2017-09-14 00:00:00,0.585,0.5864,0.56,140.0,102941.0
2017-09-15 00:00:00,0.56,0.5699,0.54,135.0,257171.0
2017-09-18 00:00:00,0.558,0.5671,0.51,133.0,225739.0
2017-09-19 00:00:00,0.53,0.545,0.5297,134.5,41239.0
2017-09-20 00:00:00,0.545,0.545,0.5252,132.85,109605.0
2017-09-21 00:00:00,0.539,0.539,0.5071,130.0,251332.0
2017-09-22 00:00:00,0.521,0.5278,0.48,125.55,399707.0
2017-09-25 00:00:00,0.51,0.5399,0.5011,128.0,87605.0
2017-09-26 00:00:00,0.54,0.55,0.5124,135.0,163707.0
2017-09-27 00:00:00,0.5309,0.5499,0.512,136.275,91780.0
2017-09-28 00:00:00,0.543,0.5451,0.49,123.775,322840.0
2017-09-29 00:00:00,0.34,0.3699,0.3366,87.5,5178142.0
2017-10-02 00:00:00,0.37,0.37,0.36,90.75,1746490.0
2017-10-03 00:00:00,0.37,0.41,0.3433,90.95,9906868.0
2017-10-04 00:00:00,0.3889,0.39,0.363,93.25,3090507.0
2017-10-05 00:00:00,0.385,0.385,0.365,93.5,1134772.0
2017-10-06 00:00:00,0.38,0.385,0.37,94.425,1226000.0
2017-10-09 00:00:00,0.39,0.39,0.38,96.25,577514.0
2017-10-10 00:00:00,0.39,0.3998,0.38,95.975,1395341.0
2017-10-11 00:00:00,0.385,0.385,0.37,93.475,534775.0
2017-10-12 00:00:00,0.38,0.38,0.3611,90.75,407878.0
2017-10-13 00:00:00,0.361,0.385,0.335,85.975,1461616.0
2017-10-16 00:00:00,0.37,0.37,0.3404,86.25,741039.0
2017-10-17 00:00:00,0.3598,0.3608,0.32,87.875,1076806.0
2017-10-18 00:00:00,0.36,0.37,0.3401,90.25,493588.0
2017-10-19 00:00:00,0.3618,0.38,0.36,93.75,406733.0
2017-10-20 00:00:00,0.376,0.38,0.36,92.075,315668.0
2017-10-23 00:00:00,0.38,0.38,0.345,89.8,616265.0
2017-10-24 00:00:00,0.351,0.37,0.345,87.5,504531.0
2017-10-25 00:00:00,0.351,0.37,0.3472,87.5,1389558.0
2017-10-26 00:00:00,0.365,0.374,0.355,92.25,682649.0
2017-10-27 00:00:00,0.37,0.4152,0.362,91.25,9314773.0
2017-10-30 00:00:00,0.39,0.39,0.365,94.65,2497742.0
2017-10-31 00:00:00,0.396,0.405,0.356,91.45,4859847.0
2017-11-01 00:00:00,0.37,0.3749,0.3421,87.85,1511136.0
2017-11-02 00:00:00,0.3562,0.36,0.3445,87.5,776446.0
2017-11-03 00:00:00,0.3541,0.3583,0.3252,84.125,1338734.0
2017-11-06 00:00:00,0.338,0.3474,0.3323,85.2,717184.0
2017-11-07 00:00:00,0.31,0.3298,0.2855,76.6,1457079.0
2017-11-08 00:00:00,0.3017,0.3198,0.295,76.425,661112.0
2017-11-09 00:00:00,0.3,0.332,0.2955,81.75,912270.0
2017-11-10 00:00:00,0.3351,0.35,0.3126,84.5,728634.0
2017-11-13 00:00:00,0.341,0.344,0.32,81.675,529291.0
2017-11-14 00:00:00,0.34,0.35,0.311,86.625,1118049.0
2017-11-15 00:00:00,0.35,0.35,0.322,84.975,642772.0
2017-11-16 00:00:00,0.34,0.349,0.3251,85.0,340087.0
2017-11-17 00:00:00,0.34,0.3449,0.3368,85.75,242275.0
2017-11-20 00:00:00,0.346,0.3638,0.344,88.3,1140767.0
2017-11-21 00:00:00,0.355,0.3599,0.3482,88.0,430176.0
2017-11-22 00:00:00,0.355,0.355,0.3222,86.775,820185.0
2017-11-24 00:00:00,0.34,0.353,0.34,87.875,316152.0
2017-11-27 00:00:00,0.3458,0.355,0.32,87.225,409309.0
2017-11-28 00:00:00,0.348,0.348,0.32,82.75,551666.0
2017-11-29 00:00:00,0.325,0.344,0.325,83.475,381613.0
2017-11-30 00:00:00,0.326,0.3397,0.3183,80.275,459572.0
2017-12-01 00:00:00,0.335,0.335,0.31,80.0,358070.0
2017-12-04 00:00:00,0.335,0.335,0.3006,78.75,920703.0
2017-12-05 00:00:00,0.32,0.32,0.3,76.8,452548.0
2017-12-06 00:00:00,0.3097,0.315,0.2821,75.675,949034.0
2017-12-07 00:00:00,0.29,0.325,0.28,77.5,671268.0
2017-12-08 00:00:00,0.325,0.325,0.3,75.525,224659.0
2017-12-11 00:00:00,0.3089,0.3199,0.2908,77.3,413398.0
2017-12-12 00:00:00,0.3,0.3103,0.29,76.25,320665.0
2017-12-13 00:00:00,0.306,0.3094,0.2851,71.75,432501.0
2017-12-14 00:00:00,0.29,0.307,0.2849,73.075,392863.0
2017-12-15 00:00:00,0.2995,0.306,0.2927,75.75,225993.0
2017-12-18 00:00:00,0.3,0.315,0.2999,77.4,264576.0
2017-12-19 00:00:00,0.3,0.32,0.3,77.5,494483.0
2017-12-20 00:00:00,0.31,0.315,0.31,77.5,280261.0
2017-12-21 00:00:00,0.3095,0.315,0.2862,77.5,519427.0
2017-12-22 00:00:00,0.315,0.328,0.3014,81.5,294736.0
2017-12-26 00:00:00,0.325,0.35,0.325,81.5,636390.0
2017-12-27 00:00:00,0.348,0.348,0.32,81.125,211986.0
2017-12-28 00:00:00,0.322,0.34,0.315,80.0,332219.0
2017-12-29 00:00:00,0.32,0.3328,0.31,82.35,326430.0
2018-01-02 00:00:00,0.3325,0.3325,0.3116,78.025,210908.0
2018-01-03 00:00:00,0.318,0.3305,0.3,81.225,257515.0
2018-01-04 00:00:00,0.3249,0.327,0.315,81.125,185992.0
2018-01-05 00:00:00,0.32,0.3289,0.315,80.0,181781.0
2018-01-08 00:00:00,0.315,0.327,0.3023,79.75,239638.0
2018-01-09 00:00:00,0.312,0.324,0.3116,78.25,256647.0
2018-01-10 00:00:00,0.31,0.3265,0.305,78.75,345917.0
2018-01-11 00:00:00,0.325,0.35,0.3201,87.475,863208.0
2018-01-12 00:00:00,0.35,0.353,0.3326,88.25,600621.0
2018-01-16 00:00:00,0.36,0.38,0.34,92.5,841418.0
2018-01-17 00:00:00,0.3589,0.371,0.3326,84.925,409743.0
2018-01-18 00:00:00,0.365,0.365,0.33531,85.0,451301.0
2018-01-19 00:00:00,0.35,0.35,0.33,82.525,332480.0
2018-01-22 00:00:00,0.335,0.3438,0.3304,83.075,229970.0
2018-01-23 00:00:00,0.3416,0.3446,0.33531,84.75,158908.0
2018-01-24 00:00:00,0.34,0.353,0.33611,87.5,311422.0
2018-01-25 00:00:00,0.3557,0.3557,0.3421,85.875,137926.0
2018-01-26 00:00:00,0.3462,0.3638,0.33501,87.25,1068949.0
2018-01-29 00:00:00,0.3529,0.3529,0.317,81.25,647640.0
2018-01-30 00:00:00,0.33,0.339,0.31,81.275,353582.0
2018-01-31 00:00:00,0.3299,0.3299,0.312,81.975,307291.0
2018-02-01 00:00:00,0.3248,0.3302,0.313,82.475,406220.0
2018-02-02 00:00:00,0.3299,0.333,0.3131,79.75,169243.0
2018-02-05 00:00:00,0.3226,0.3277,0.2905,77.5,546715.0
2018-02-06 00:00:00,0.3,0.31,0.28,73.75,454989.0
2018-02-07 00:00:00,0.295,0.305,0.27,75.05,442622.0
2018-02-08 00:00:00,0.3,0.3147,0.3,76.5,160852.0
2018-02-09 00:00:00,0.34,0.34,0.281,73.5,260728.0
2018-02-12 00:00:00,0.3087,0.3098,0.29,74.5,190698.0
2018-02-13 00:00:00,0.3129,0.3129,0.29531,75.45,199997.0
2018-02-14 00:00:00,0.3201,0.329,0.3,79.975,153109.0
2018-02-15 00:00:00,0.329,0.3329,0.306,80.969,181156.0
2018-02-16 00:00:00,0.301,0.33,0.301,79.0,177694.0
2018-02-20 00:00:00,0.314,0.3298,0.3097,79.65,416852.0
2018-02-21 00:00:00,0.315,0.3197,0.3103,77.95,101310.0
2018-02-22 00:00:00,0.3118,0.32,0.29,74.75,344811.0
2018-02-23 00:00:00,0.299,0.3079,0.2803,72.375,415049.0
2018-02-26 00:00:00,0.29,0.3,0.2805,71.025,304148.0
2018-02-27 00:00:00,0.28,0.29,0.269,67.65,492459.0
2018-02-28 00:00:00,0.27,0.2857,0.269,67.25,1545256.0
2018-03-01 00:00:00,0.2749,0.2749,0.2335,62.5,1198043.0
2018-03-02 00:00:00,0.24,0.2475,0.183,54.25,2896785.0
2018-03-05 00:00:00,0.2278,0.25,0.225,57.475,1416075.0
2018-03-06 00:00:00,0.23,0.2467,0.225,59.2405,569464.0
2018-03-07 00:00:00,0.25,0.25,0.23,60.0,476407.0
2018-03-08 00:00:00,0.2489,0.2999,0.23,69.975,1716904.0
2018-03-09 00:00:00,0.29,0.3119,0.276,72.975,1784322.0
2018-03-12 00:00:00,0.31,0.3297,0.28,76.725,2738034.0
2018-03-13 00:00:00,0.31,0.32,0.3,75.8,662607.0
2018-03-14 00:00:00,0.302,0.3105,0.285,75.0,830755.0
2018-03-15 00:00:00,0.31,0.31,0.29401,76.25,378105.0
2018-03-16 00:00:00,0.3075,0.31,0.2825,75.0,517099.0
2018-03-19 00:00:00,0.3,0.322,0.28,73.9,1707072.0
2018-03-20 00:00:00,0.292,0.2952,0.27,71.325,660480.0
2018-03-21 00:00:00,0.29,0.2941,0.28,72.0,440614.0
2018-03-22 00:00:00,0.281,0.3078,0.271,72.5,1500681.0
2018-03-23 00:00:00,2.88,3.8,2.731,77.0,632373.0
2018-03-26 00:00:00,3.17,3.42,2.76,76.75,356478.0
2018-03-27 00:00:00,3.01,3.17,2.82,72.5,102267.0
2018-03-28 00:00:00,2.92,2.92,2.69,69.0,60171.0
2018-03-29 00:00:00,2.74,2.9999,2.621,68.0,119578.0
2018-04-02 00:00:00,2.8,2.8,2.411,65.5,71064.0
2018-04-03 00:00:00,2.55,2.58,2.42,61.75,66801.0
2018-04-04 00:00:00,2.43,2.9576,2.2,65.0,178901.0
2018-04-05 00:00:00,2.6,2.6,2.49,62.25,60447.0
2018-04-06 00:00:00,2.49,2.5696,2.41,62.0,52304.0
2018-04-09 00:00:00,2.45,2.5296,2.38,62.0,86465.0
2018-04-10 00:00:00,2.3898,2.67,2.3898,63.5,57487.0
2018-04-11 00:00:00,2.55,2.735,2.55,65.0,60674.0
2018-04-12 00:00:00,2.62,3.079,2.6,74.75,319516.0
2018-04-13 00:00:00,2.99,3.0673,2.8,74.0,158280.0
2018-04-16 00:00:00,2.96,2.99,2.8012,70.75,79839.0
2018-04-17 00:00:00,2.84,3.23,2.801,80.2925,178570.0
2018-04-18 00:00:00,3.3,3.38,3.05,82.0,188493.0
2018-04-19 00:00:00,3.31,3.68,3.1083,79.25,336756.0
2018-04-20 00:00:00,3.12,3.189,3.02,77.0,77570.0
2018-04-23 00:00:00,3.08,3.08,2.88,72.2925,45846.0
2018-04-24 00:00:00,2.88,2.959,2.686,71.75,104924.0
2018-04-25 00:00:00,2.89,2.95,2.68,68.25,46558.0
2018-04-26 00:00:00,2.75,2.82,2.6983,68.0,21863.0
2018-04-27 00:00:00,2.74,2.8805,2.74,69.75,16444.0
2018-04-30 00:00:00,2.77,2.8607,2.7,68.5,38104.0
2018-05-01 00:00:00,2.75,3.03,2.75,73.75,176549.0
2018-05-02 00:00:00,2.97,3.08,2.84,74.75,97658.0
2018-05-03 00:00:00,3.08,3.1,2.74,75.0,216928.0
2018-05-04 00:00:00,2.97,3.0,2.8353,73.75,40235.0
2018-05-07 00:00:00,2.91,3.1,2.9,72.5,47847.0
2018-05-08 00:00:00,2.9,2.96,2.8321,71.5225,19821.0
2018-05-09 00:00:00,2.9,2.9,2.75,69.5,51354.0
2018-05-10 00:00:00,2.8101,2.96,2.8101,73.5,56766.0
2018-05-11 00:00:00,3.0,3.0,2.88,73.0,30783.0
2018-05-14 00:00:00,2.94,2.99,2.795,70.5,53426.0
2018-05-15 00:00:00,2.7,2.94,2.59,72.5,99438.0
2018-05-16 00:00:00,2.92,2.9333,2.8,71.25,81818.0
2018-05-17 00:00:00,2.99,3.48,2.9087,80.25,422012.0
2018-05-18 00:00:00,3.25,3.349,3.07,79.75,58559.0
2018-05-21 00:00:00,3.21,3.39,3.01,83.0,103059.0
2018-05-22 00:00:00,3.46,3.77,2.88,78.0,457636.0
2018-05-23 00:00:00,3.07,3.35,3.0501,83.0,72368.0
2018-05-24 00:00:00,3.3,3.43,3.211,84.25,46468.0
2018-05-25 00:00:00,3.41,3.44,3.31,84.75,36557.0
2018-05-29 00:00:00,3.4,3.4,3.1,78.0,69081.0
2018-05-30 00:00:00,3.2,3.48,3.2,83.75,38026.0
2018-05-31 00:00:00,3.33,3.7495,3.3,90.0,567662.0
2018-06-01 00:00:00,3.65,3.98,3.6,98.5,838300.0
2018-06-04 00:00:00,3.98,4.0,3.56,92.5,318414.0
2018-06-05 00:00:00,3.84,3.94,3.23,85.75,284765.0
2018-06-06 00:00:00,3.58,3.649,3.15,79.5,193825.0
2018-06-07 00:00:00,3.14,3.199,2.8,75.0,246830.0
2018-06-08 00:00:00,3.09,3.1624,3.01,77.25,70550.0
2018-06-11 00:00:00,3.1,3.1506,2.9741,74.5,66323.0
2018-06-12 00:00:00,2.96,3.1235,2.9345,75.5,15503.0
2018-06-13 00:00:00,2.99,3.01,2.86,73.75,123959.0
2018-06-14 00:00:00,2.94,3.03,2.92,75.75,21203.0
2018-06-15 00:00:00,2.99,3.03,2.9518,75.75,46569.0
2018-06-18 00:00:00,3.05,3.05,2.92,74.25,43932.0
2018-06-19 00:00:00,2.96,3.0,2.901,73.5,37872.0
2018-06-20 00:00:00,2.94,3.0,2.91,72.75,42655.0
2018-06-21 00:00:00,2.91,3.35,2.8,72.25,417620.0
2018-06-22 00:00:00,2.88,2.8801,2.6,70.25,64525.0
2018-06-25 00:00:00,2.79,2.79,2.68,69.25,48533.0
2018-06-26 00:00:00,2.75,2.77,2.68,68.25,12759.0
2018-06-27 00:00:00,2.79,2.91,2.71,68.75,126041.0
2018-06-28 00:00:00,2.75,2.75,2.4072,63.0,167636.0
2018-06-29 00:00:00,2.541,2.64,2.52,64.25,47164.0
2018-07-02 00:00:00,2.57,2.5893,2.5001,63.5,49002.0
2018-07-03 00:00:00,2.56,2.56,2.5,64.0,16349.0
2018-07-05 00:00:00,2.55,2.58,2.511,63.0,27717.0
2018-07-06 00:00:00,2.56,2.5999,2.3,59.5,177410.0
2018-07-09 00:00:00,2.41,2.49,2.2401,61.25,123940.0
2018-07-10 00:00:00,2.519,2.519,2.3,58.75,66548.0
2018-07-11 00:00:00,2.33,2.61,2.3056,60.25,57731.0
2018-07-12 00:00:00,2.5,2.5,2.37,60.2525,96506.0
2018-07-13 00:00:00,2.5,2.5,2.36,60.99,16962.0
2018-07-16 00:00:00,2.43,2.43,2.26,57.5,65612.0
2018-07-17 00:00:00,2.3,2.33,2.251,57.75,21103.0
2018-07-18 00:00:00,2.29,2.3399,2.25,56.7125,78810.0
2018-07-19 00:00:00,2.26,2.3,2.05,52.5,250633.0
2018-07-20 00:00:00,2.0,2.24,2.0,54.0,96095.0
2018-07-23 00:00:00,2.14,2.29,2.1249,55.5,36597.0
2018-07-24 00:00:00,2.249,2.2499,2.0401,52.5,108982.0
2018-07-25 00:00:00,2.08,2.179,2.011,53.75,36210.0
2018-07-26 00:00:00,2.15,2.52,2.14,55.25,304569.0
2018-07-27 00:00:00,2.21,2.2615,2.125,53.25,48833.0
2018-07-30 00:00:00,2.19,2.36,2.121,54.75,26005.0
2018-07-31 00:00:00,2.19,2.39,2.15,54.5,91574.0
2018-08-01 00:00:00,2.2258,2.24,2.16,54.75,18418.0
2018-08-02 00:00:00,2.19,2.1975,2.11,53.25,34676.0
2018-08-03 00:00:00,2.22,2.38,2.1316,54.0,37260.0
2018-08-06 00:00:00,2.11,2.5,2.11,58.75,49145.0
2018-08-07 00:00:00,2.51,2.51,2.26,58.75,21859.0
2018-08-08 00:00:00,2.32,2.32,2.16,54.0,32023.0
2018-08-09 00:00:00,2.4,2.4,2.116,56.5,51665.0
2018-08-10 00:00:00,2.24,2.24,2.1101,53.0,31675.0
2018-08-13 00:00:00,2.168,2.168,2.02,51.25,54713.0
2018-08-14 00:00:00,2.07,2.07,2.0,50.25,76909.0
2018-08-15 00:00:00,2.05,2.11,2.0,50.0,20318.0
2018-08-16 00:00:00,2.0,2.07,1.87,49.25,75677.0
2018-08-17 00:00:00,1.9584,2.05,1.91,48.25,83686.0
2018-08-20 00:00:00,1.95,1.95,1.8,46.25,72877.0
2018-08-21 00:00:00,1.88,1.95,1.801,48.75,108115.0
2018-08-22 00:00:00,1.91,1.9809,1.89,48.5,80867.0
2018-08-23 00:00:00,1.91,2.14,1.83,46.25,213016.0
2018-08-24 00:00:00,1.88,2.0,1.8,48.25,129896.0
2018-08-27 00:00:00,1.94,2.05,1.86,47.75,30637.0
2018-08-28 00:00:00,1.8924,2.1,1.891,52.5,79332.0
2018-08-29 00:00:00,2.09,2.1,2.02,52.25,43926.0
2018-08-30 00:00:00,2.05,2.09,2.03,51.5,59000.0
2018-08-31 00:00:00,2.07,2.0759,1.96,50.0,33763.0
2018-09-04 00:00:00,2.01,2.115,1.9645,52.5,56410.0
2018-09-05 00:00:00,2.2,2.2,2.0124,53.5,44101.0
2018-09-06 00:00:00,1.96,2.0015,1.85,46.25,154759.0
2018-09-07 00:00:00,1.85,1.9082,1.68,45.0,85252.0
2018-09-10 00:00:00,1.85,1.8535,1.66,43.5,58560.0
2018-09-11 00:00:00,1.79,1.79,1.61,44.75,90690.0
2018-09-12 00:00:00,1.81,1.81,1.76,44.5,26073.0
2018-09-13 00:00:00,1.78,1.78,1.55,41.75,76908.0
2018-09-14 00:00:00,1.68,1.73,1.67,41.75,18782.0
2018-09-17 00:00:00,1.69,1.72,1.67,42.75,14899.0
2018-09-18 00:00:00,1.7,1.7695,1.6501,42.25,22985.0
2018-09-19 00:00:00,1.67,1.78,1.67,43.5,34495.0
2018-09-20 00:00:00,1.8,1.95,1.6601,45.0,116582.0
2018-09-21 00:00:00,1.79,1.94,1.67,48.5,80424.0
2018-09-24 00:00:00,1.91,1.9499,1.76,46.75,29531.0
2018-09-25 00:00:00,1.87,2.07,1.79,47.75,209282.0
2018-09-26 00:00:00,1.89,1.89,1.79,44.75,27381.0
2018-09-27 00:00:00,1.81,2.04,1.801,48.75,130200.0
2018-09-28 00:00:00,1.96,2.04,1.8014,46.5,79944.0
2018-10-01 00:00:00,1.88,2.02,1.83,46.375,72095.0
2018-10-02 00:00:00,1.87,1.98,1.87,49.25,113101.0
2018-10-03 00:00:00,1.96,2.1,1.9,52.25,97779.0
2018-10-04 00:00:00,2.07,2.23,2.0001,50.5,275283.0
2018-10-05 00:00:00,2.04,2.1699,2.0335,53.0,120053.0
2018-10-08 00:00:00,2.1,2.56,1.85,48.5,1174500.0
2018-10-09 00:00:00,2.12,2.12,1.67,48.0,336196.0
2018-10-10 00:00:00,1.92,2.07,1.82,46.25,159878.0
2018-10-11 00:00:00,1.87,1.87,1.68,43.25,78629.0
2018-10-12 00:00:00,1.76,1.85,1.68,43.5,75369.0
2018-10-15 00:00:00,1.73,1.73,1.4,41.0,279887.0
2018-10-16 00:00:00,1.67,1.74,1.62,43.5,43572.0
2018-10-17 00:00:00,1.72,1.74,1.6201,41.75,59421.0
2018-10-18 00:00:00,1.68,1.72,1.66,43.0,13989.0
2018-10-19 00:00:00,1.69,1.74,1.68,42.0,43834.0
2018-10-22 00:00:00,1.67,1.78,1.67,44.5,49240.0
2018-10-23 00:00:00,1.7237,1.8497,1.6908,45.875,35659.0
2018-10-24 00:00:00,1.8,1.81,1.75,43.75,28825.0
2018-10-25 00:00:00,1.72,1.7621,1.47,37.0,287215.0
2018-10-26 00:00:00,1.45,1.48,1.4,36.25,50384.0
2018-10-29 00:00:00,1.45,1.45,1.18,32.0,248262.0
2018-10-30 00:00:00,1.28,1.28,1.175,30.75,43562.0
2018-10-31 00:00:00,1.19,1.195,1.04,28.75,233464.0
2018-11-01 00:00:00,1.14,1.166,1.09,29.0,67415.0
2018-11-02 00:00:00,1.18,1.2,1.14,29.5,78550.0
2018-11-05 00:00:00,1.21,1.2691,1.1,28.75,116109.0
2018-11-06 00:00:00,1.15,1.2,1.1,29.25,41726.0
2018-11-07 00:00:00,1.15,1.2353,1.05,26.75,313479.0
2018-11-08 00:00:00,1.08,1.09,0.795,24.5,662665.0
2018-11-09 00:00:00,0.87,0.9724,0.87,22.96,66186.0
2018-11-12 00:00:00,0.9085,1.0522,0.82,21.55,107482.0
2018-11-13 00:00:00,0.9,0.92,0.85,21.28,21389.0
2018-11-14 00:00:00,0.831,0.9699,0.8001,21.5,129129.0
2018-11-15 00:00:00,0.858,0.9099,0.815,22.7475,46066.0
2018-11-16 00:00:00,0.84,0.8986,0.8241,21.2523,40477.0
2018-11-19 00:00:00,0.8926,0.91,0.822,20.625,40149.0
2018-11-20 00:00:00,0.9,0.9,0.8001,20.75,45027.0
2018-11-21 00:00:00,0.82,0.88,0.8,21.75,47592.0
2018-11-23 00:00:00,0.85,0.861,0.81,20.751,31302.0
2018-11-26 00:00:00,0.86,0.86,0.71,18.725,81589.0
2018-11-27 00:00:00,0.74,0.749,0.72,18.41,53795.0
2018-11-28 00:00:00,0.75,0.81,0.74,19.405,39517.0
2018-11-29 00:00:00,0.79,0.9,0.79,22.2475,59553.0
2018-11-30 00:00:00,0.89,0.94,0.878,22.25,36983.0
2018-12-03 00:00:00,0.88,0.92,0.8718,22.497525,93025.0
2018-12-04 00:00:00,0.95,0.95,0.81,21.425,95609.0
2018-12-06 00:00:00,0.8998,0.93,0.88,22.0,26025.0
2018-12-07 00:00:00,0.924,0.924,0.8,20.2475,36031.0
2018-12-10 00:00:00,0.84,0.8766,0.73,19.125,45272.0
2018-12-11 00:00:00,0.8085,0.8085,0.731,18.5125,40402.0
2018-12-12 00:00:00,0.731,0.7754,0.73,19.25,20849.0
2018-12-13 00:00:00,0.769,0.79,0.76,19.1275,15329.0
2018-12-14 00:00:00,0.761,0.8,0.76,19.75,42267.0
2018-12-17 00:00:00,0.79,0.7965,0.699,17.5,45298.0
2018-12-18 00:00:00,0.75,0.75,0.67,17.5,26694.0
2018-12-19 00:00:00,0.67,0.7,0.65,17.5,35971.0
2018-12-20 00:00:00,0.67,0.67,0.57,15.7475,107122.0
2018-12-21 00:00:00,0.59,0.6299,0.565,14.5125,46593.0
2018-12-24 00:00:00,0.6095,0.62,0.5003,13.0,21769.0
2018-12-26 00:00:00,0.5775,0.5901,0.47,11.75,48253.0
2018-12-27 00:00:00,0.52,0.6325,0.47,14.5,59521.0
2018-12-28 00:00:00,0.59641,0.64,0.52,15.5,86230.0
2018-12-31 00:00:00,0.58,0.6168,0.56,15.0,38165.0
2019-01-02 00:00:00,0.59,0.85,0.59,20.925,228179.0
2019-01-03 00:00:00,0.734,0.88,0.7211,20.7475,53459.0
2019-01-04 00:00:00,0.84,0.845,0.7313,19.5,21294.0
2019-01-07 00:00:00,0.78,0.87,0.77,20.7725,69661.0
2019-01-08 00:00:00,0.83,0.862,0.78,20.825,53237.0
2019-01-09 00:00:00,0.85,0.87,0.7855,20.0,56971.0
2019-01-10 00:00:00,0.84,0.886437,0.785,20.35,141075.0
2019-01-11 00:00:00,0.85,0.86,0.785,20.2475,33992.0
2019-01-14 00:00:00,0.7912,0.9499,0.7912,20.885,717322.0
2019-01-15 00:00:00,0.885,0.885,0.73,19.0,607029.0
2019-01-16 00:00:00,0.76,0.79,0.655,18.25,292800.0
2019-01-17 00:00:00,0.75,0.763,0.68,17.25,46126.0
2019-01-18 00:00:00,0.72,0.73,0.67,17.0,139320.0
2019-01-22 00:00:00,0.728,0.728,0.68,17.4975,640405.0
2019-01-23 00:00:00,0.7,0.71,0.655,16.862725,248697.0
2019-01-24 00:00:00,0.696,0.696,0.655,16.469725,207026.0
2019-01-25 00:00:00,0.67,0.699,0.6,16.25,735638.0
2019-01-28 00:00:00,0.66,0.66,0.61,15.875,224521.0
2019-01-29 00:00:00,0.6589,0.68,0.61,15.9775,250454.0
2019-01-30 00:00:00,0.639,0.645,0.5624,15.26,208803.0
2019-01-31 00:00:00,0.62,0.6699,0.56,14.7525,250547.0
2019-02-01 00:00:00,0.65,0.65,0.585,14.9975,175522.0
2019-02-04 00:00:00,0.6204,0.65,0.58,14.75,320119.0
2019-02-05 00:00:00,0.61,0.61,0.58,15.0,188603.0
2019-02-06 00:00:00,0.6,0.61,0.55,14.995,258533.0
2019-02-07 00:00:00,0.59,0.6,0.55,14.5,101999.0
2019-02-08 00:00:00,0.57,0.58231,0.55,14.0,91092.0
2019-02-11 00:00:00,0.56,0.5788,0.56,14.2775,52405.0
2019-02-12 00:00:00,0.574536,0.63,0.51,13.5,1746612.0
2019-02-13 00:00:00,0.538,0.559,0.48,13.25,509017.0
2019-02-14 00:00:00,0.53,0.65,0.53,15.5,944749.0
2019-02-15 00:00:00,0.65,0.689,0.58,15.125,509931.0
2019-02-19 00:00:00,0.65,0.7388,0.64,17.4975,1226013.0
2019-02-20 00:00:00,0.707,0.73,0.62,16.6175,795366.0
2019-02-21 00:00:00,0.6612,0.67,0.6401,16.13,277647.0
2019-02-22 00:00:00,0.65,0.65,0.6,15.25,370135.0
2019-02-25 00:00:00,0.5959,0.62,0.5701,15.375,225047.0
2019-02-26 00:00:00,0.601,0.65,0.572,16.0,246826.0
2019-02-27 00:00:00,0.6382,0.655,0.61,16.125,117498.0
2019-02-28 00:00:00,0.6799,0.68,0.62,15.75,296704.0
2019-03-01 00:00:00,0.636,0.6659,0.62,15.9575,160172.0
2019-03-04 00:00:00,0.65,0.659,0.6009,16.28,232841.0
2019-03-05 00:00:00,0.6799,0.93,0.649,22.0,4481599.0
2019-03-06 00:00:00,0.8512,1.08,0.7501,22.5,3807025.0
2019-03-07 00:00:00,0.89,0.897,0.731,20.5,1009236.0
2019-03-08 00:00:00,0.8,0.8,0.671,19.245,607434.0
2019-03-11 00:00:00,0.76,0.8199,0.71,20.05,222207.0
2019-03-12 00:00:00,0.82,0.84,0.8021,20.375,262680.0
2019-03-13 00:00:00,0.8151,0.87,0.8101,21.325,231957.0
2019-03-14 00:00:00,0.8876,1.2499,0.85,29.9675,3416557.0
2019-03-15 00:00:00,1.17,1.35,0.972,26.5,2840754.0
2019-03-18 00:00:00,1.03,1.1669,1.0,26.5,598223.0
2019-03-19 00:00:00,1.06,1.12,1.0,25.75,331671.0
2019-03-20 00:00:00,1.02,1.09,1.01,26.25,318009.0
2019-03-21 00:00:00,1.14,1.15,1.03,26.0,435349.0
2019-03-22 00:00:00,1.03,1.06,0.96,24.25,433763.0
2019-03-25 00:00:00,1.04,1.0431,0.88,23.745,263856.0
2019-03-26 00:00:00,0.952,0.952,0.870811,23.0025,399591.0
2019-03-27 00:00:00,0.922,0.95,0.83,21.695,225030.0
2019-03-28 00:00:00,0.8889,0.8889,0.81,21.475,90538.0
2019-03-29 00:00:00,0.87,0.887,0.7,21.8125,239830.0
2019-04-01 00:00:00,0.89,0.96,0.89,23.995,182174.0
2019-04-02 00:00:00,0.9817,1.0,0.91,24.0,100289.0
2019-04-03 00:00:00,0.97,1.0,0.95,24.1025,93972.0
2019-04-04 00:00:00,0.96,0.96,0.920001,23.37375,111229.0
2019-04-05 00:00:00,0.92,0.955,0.89,23.875,71352.0
2019-04-08 00:00:00,0.945,0.9499,0.9,22.75,200721.0
2019-04-09 00:00:00,0.905,0.93,0.9,23.225,94519.0
2019-04-10 00:00:00,0.902,0.9496,0.8801,23.3325,141868.0
2019-04-11 00:00:00,0.96,0.97,0.8902,22.255,79471.0
2019-04-12 00:00:00,0.899,0.9436,0.8903,22.26,65920.0
2019-04-15 00:00:00,0.92,0.92,0.87,22.375,81490.0
2019-04-16 00:00:00,0.91,0.9495,0.87,23.125,68554.0
2019-04-17 00:00:00,0.9359,0.9494,0.892,23.5,146627.0
2019-04-18 00:00:00,0.94,0.988,0.911,23.43,128094.0
2019-04-22 00:00:00,0.96,0.96,0.915,23.0,33791.0
2019-04-23 00:00:00,0.9557,0.9557,0.87,22.25,105391.0
2019-04-24 00:00:00,0.92,0.921,0.89,22.4975,61022.0
2019-04-25 00:00:00,0.888,0.908,0.87,21.75,37948.0
2019-04-26 00:00:00,0.87,0.8947,0.867919,22.2025,41666.0
2019-04-29 00:00:00,0.9,0.9,0.8503,21.995,50773.0
2019-04-30 00:00:00,0.872,0.872,0.75,19.375,318118.0
2019-05-01 00:00:00,0.775,0.8295,0.77,19.505,77317.0
2019-05-02 00:00:00,0.78,0.799,0.75,19.5,97271.0
2019-05-03 00:00:00,0.78,0.8,0.75,18.7525,66532.0
2019-05-06 00:00:00,0.7876,1.09,0.76,21.75,2375168.0
2019-05-07 00:00:00,0.92,1.1733,0.92,25.25,7858016.0
2019-05-08 00:00:00,0.96,1.07,0.901,23.0,1012424.0
2019-05-09 00:00:00,0.91,0.92,0.85,22.975,398053.0
2019-05-10 00:00:00,0.9,0.94,0.872,22.75,211572.0
2019-05-13 00:00:00,0.92,0.92,0.8591,22.2225,208246.0
2019-05-14 00:00:00,0.92,0.92,0.8704,22.125,92251.0
2019-05-15 00:00:00,0.885,0.9,0.84,21.135,200525.0
2019-05-16 00:00:00,0.8454,0.88,0.8454,21.5,108658.0
2019-05-17 00:00:00,0.868,0.87,0.815,20.5,168411.0
2019-05-20 00:00:00,0.83,0.83,0.8,20.005,143630.0
2019-05-21 00:00:00,0.8142,0.84,0.8,20.845,82420.0
2019-05-22 00:00:00,0.8,0.85,0.8,20.75,111984.0
2019-05-23 00:00:00,0.812,0.8396,0.81,20.4275,45575.0
2019-05-24 00:00:00,0.85,0.85,0.82,20.5,96611.0
2019-05-28 00:00:00,0.828,0.89,0.828,22.2225,157399.0
2019-05-29 00:00:00,0.862,0.89,0.84,22.2075,56511.0
2019-05-30 00:00:00,0.89,0.94,0.89,23.1175,265770.0
2019-05-31 00:00:00,0.914,0.9238,0.8555,22.111875,203110.0
2019-06-03 00:00:00,0.87,0.915,0.82,21.4925,110793.0
2019-06-04 00:00:00,0.83,0.89,0.825,21.9975,89578.0
2019-06-05 00:00:00,0.88,0.88,0.8202,20.75,113954.0
2019-06-06 00:00:00,0.83,0.83,0.8,20.25,116766.0
2019-06-07 00:00:00,0.8099,0.86,0.8,21.219075,207878.0
2019-06-10 00:00:00,0.835,0.84,0.805,20.625,73346.0
2019-06-11 00:00:00,0.815,0.8203,0.8,20.255925,64422.0
2019-06-12 00:00:00,0.8041,0.82,0.78,19.7475,133720.0
2019-06-13 00:00:00,0.7805,0.819,0.78,20.45,55799.0
2019-06-14 00:00:00,0.84,0.845113,0.7832,20.9925,65594.0
2019-06-17 00:00:00,0.8314,0.89,0.825,21.875,110228.0
2019-06-18 00:00:00,0.88,0.88,0.8529,22.0,94280.0
2019-06-19 00:00:00,0.88,0.96,0.8701,24.0,238188.0
2019-06-20 00:00:00,1.03,1.0879,0.865,23.9875,1308339.0
2019-06-21 00:00:00,0.9505,0.9505,0.88,23.0825,458525.0
2019-06-24 00:00:00,0.9055,0.9419,0.9,22.7575,43385.0
2019-06-25 00:00:00,0.91,1.13,0.91,27.5,1486004.0
2019-06-26 00:00:00,1.14,1.14,1.01,26.5,447082.0
2019-06-27 00:00:00,1.05,1.11,1.0354,26.5,146989.0
2019-06-28 00:00:00,1.1,1.1,1.05,26.75,180729.0
2019-07-01 00:00:00,1.09,1.13,1.07,28.0,213023.0
2019-07-02 00:00:00,1.17,1.27,1.02,26.25,1555319.0
2019-07-03 00:00:00,1.04,1.05,1.0106,26.0,95155.0
2019-07-05 00:00:00,1.04,1.1,1.01,26.875,157795.0
2019-07-08 00:00:00,1.09,1.09,1.0568,26.8675,87891.0
2019-07-09 00:00:00,1.05,1.09,1.0101,26.0,163304.0
2019-07-10 00:00:00,1.03,1.08,1.02,25.75,138481.0
2019-07-11 00:00:00,1.01,1.07,1.01,25.5,197661.0
2019-07-12 00:00:00,1.09,1.0994,1.01,26.5,310497.0
2019-07-15 00:00:00,1.06,1.06,0.93,23.375,354760.0
2019-07-16 00:00:00,0.93,1.11,0.92,25.25,930726.0
2019-07-17 00:00:00,1.01,1.04,0.98,25.0,123590.0
2019-07-18 00:00:00,1.0,1.0392,0.954,24.5975,148233.0
2019-07-19 00:00:00,0.98,1.01,0.9591,24.75,75742.0
2019-07-22 00:00:00,1.02,1.02,0.9701,24.7475,45667.0
2019-07-23 00:00:00,0.98,1.01,0.9607,25.0775,62810.0
2019-07-24 00:00:00,1.01,1.032,0.97,24.5,63413.0
2019-07-25 00:00:00,0.98,0.98,0.84,22.025,924195.0
2019-07-26 00:00:00,0.86,0.95,0.8493,23.5,114354.0
2019-07-29 00:00:00,0.912,0.98,0.8501,23.765,184529.0
2019-07-30 00:00:00,0.9521,1.0799,0.92,26.0,648930.0
2019-07-31 00:00:00,1.05,1.08,1.0,25.75,362780.0
2019-08-01 00:00:00,1.04,1.06,1.01,25.25,127849.0
2019-08-02 00:00:00,1.0,1.05,1.0,26.0,96890.0
2019-08-05 00:00:00,1.03,1.03,0.98,24.5,128030.0
2019-08-06 00:00:00,1.0,1.05,0.9701,24.2575,103768.0
2019-08-07 00:00:00,0.97,0.99,0.95,23.962675,170682.0
2019-08-08 00:00:00,1.0,1.0,0.9,24.5025,116407.0
2019-08-09 00:00:00,0.98,0.989,0.92,24.5,80954.0
2019-08-12 00:00:00,0.96,0.96,0.9,22.5525,132192.0
2019-08-13 00:00:00,0.9,0.9565,0.8533,22.81,97478.0
2019-08-14 00:00:00,0.9124,0.95,0.86,21.75,101989.0
2019-08-15 00:00:00,0.871,0.9556,0.871,22.5,112998.0
2019-08-16 00:00:00,0.95,0.95,0.9,23.085,59763.0
2019-08-19 00:00:00,0.9205,0.97,0.9045,23.725,56132.0
2019-08-20 00:00:00,0.95,0.97,0.93,23.535,46219.0
2019-08-21 00:00:00,0.93,1.07,0.93,26.0,969493.0
2019-08-22 00:00:00,1.05,1.08,1.02,26.0,193670.0
2019-08-23 00:00:00,1.03,1.0394,0.99,25.0,99377.0
2019-08-26 00:00:00,1.0,1.06,0.98,25.25,115599.0
2019-08-27 00:00:00,1.02,1.05,0.99,25.25,48409.0
2019-08-28 00:00:00,1.0,1.05,0.99,25.25,64777.0
2019-08-29 00:00:00,1.01,1.05,1.01,25.75,34852.0
2019-08-30 00:00:00,1.02,1.05,1.0,25.75,144693.0
2019-09-03 00:00:00,1.03,1.1895,1.03,28.5,947038.0
2019-09-04 00:00:00,1.15,1.16,1.1,27.75,154478.0
2019-09-05 00:00:00,1.12,1.19,1.1,28.5,213300.0
2019-09-06 00:00:00,1.17,1.23,1.15,29.0,498386.0
2019-09-09 00:00:00,1.2,1.2,1.1514,30.0,266302.0
2019-09-10 00:00:00,1.2,1.23,1.06,28.75,386515.0
2019-09-11 00:00:00,1.13,1.14,1.07,27.75,162388.0
2019-09-12 00:00:00,1.1,1.13,1.07,27.0,2195964.0
2019-09-13 00:00:00,0.3,0.3388,0.2901,8.1,7289574.0
2019-09-16 00:00:00,0.326,0.3398,0.3,7.975,1653090.0
2019-09-17 00:00:00,0.3085,0.319,0.25,6.925,2268548.0
2019-09-18 00:00:00,0.277,0.28,0.26,6.6875,570941.0
2019-09-19 00:00:00,0.27,0.299,0.255,7.3775,1734886.0
2019-09-20 00:00:00,0.3,0.315,0.274,7.15,1057581.0
2019-09-23 00:00:00,0.2803,0.2848,0.26,6.5475,389949.0
2019-09-24 00:00:00,0.27,0.27,0.25,6.2875,316558.0
2019-09-25 00:00:00,0.26,0.2612,0.23,6.3075,410829.0
2019-09-26 00:00:00,0.2523,0.277,0.2523,6.48,372437.0
2019-09-27 00:00:00,0.2711,0.2711,0.23,6.1,297547.0
2019-09-30 00:00:00,0.24,0.32,0.233304,7.75,2436714.0
2019-10-01 00:00:00,0.295,0.298,0.27,6.8925,411621.0
2019-10-02 00:00:00,0.27,0.2768,0.241,6.5575,464122.0
2019-10-03 00:00:00,0.2751,0.2801,0.25,6.6975,382700.0
2019-10-04 00:00:00,0.2799,0.2799,0.2515,6.33125,129605.0
2019-10-07 00:00:00,0.27,0.445,0.262,9.5,9494215.0
2019-10-08 00:00:00,0.38,0.38,0.267698,6.775,2704115.0
2019-10-09 00:00:00,0.277,0.42,0.27,8.754325,11542182.0
2019-10-10 00:00:00,0.3395,0.3699,0.3,8.0,1720534.0
2019-10-11 00:00:00,0.35,0.35,0.282,7.65,1513111.0
2019-10-14 00:00:00,0.3064,0.3291,0.2603,7.375,1009664.0
2019-10-15 00:00:00,0.2813,0.3097,0.2756,7.5125,683894.0
2019-10-16 00:00:00,0.29,0.33,0.2756,7.7375,821401.0
2019-10-17 00:00:00,0.3078,0.32,0.2904,7.625,219712.0
2019-10-18 00:00:00,0.305,0.3155,0.29,7.3175,241377.0
2019-10-21 00:00:00,0.294,0.308,0.28,7.1575,181536.0
2019-10-22 00:00:00,0.286,0.3,0.2756,7.125,259981.0
2019-10-23 00:00:00,0.29,0.295,0.2515,6.774975,470416.0
2019-10-24 00:00:00,0.27,0.27,0.26,6.625,245468.0
2019-10-25 00:00:00,0.2786,0.2786,0.2596,6.72,222722.0
2019-10-28 00:00:00,0.268,0.272,0.25,6.505,201049.0
2019-10-29 00:00:00,0.25,0.2688,0.248,6.4375,214255.0
2019-10-30 00:00:00,0.251,0.2575,0.2472,6.3,141649.0
2019-10-31 00:00:00,0.2416,0.2599,0.24,6.4975,331582.0
2019-11-01 00:00:00,0.26,0.2825,0.2501,6.715,789804.0
2019-11-04 00:00:00,0.285,0.285,0.252,6.4625,411603.0
2019-11-05 00:00:00,0.254,0.2599,0.241,6.25,323112.0
2019-11-06 00:00:00,0.255,0.29,0.244,7.0,1539441.0
2019-11-07 00:00:00,0.279,0.279,0.252,6.502225,384081.0
2019-11-08 00:00:00,0.2731,0.2731,0.249,6.5175,266140.0
2019-11-11 00:00:00,0.25,0.2583,0.2457,6.37,292976.0
2019-11-12 00:00:00,0.2455,0.25,0.24,6.0025,352899.0
2019-11-13 00:00:00,0.2414,0.2499,0.2301,6.0275,615682.0
2019-11-14 00:00:00,0.2475,0.2475,0.1991,5.14,568324.0
2019-11-15 00:00:00,0.2147,0.2147,0.2,5.025,178249.0
2019-11-18 00:00:00,0.21,0.21,0.16441,4.375,414813.0
2019-11-19 00:00:00,0.19,0.19,0.1644,4.5025,226635.0
2019-11-20 00:00:00,0.189,0.1955,0.1705,4.6,256977.0
2019-11-21 00:00:00,0.1995,0.21,0.180547,4.9171,186911.0
2019-11-22 00:00:00,0.2065,0.2195,0.1905,4.79,271319.0
2019-11-25 00:00:00,0.201,0.2155,0.1909,5.046525,288491.0
2019-11-26 00:00:00,0.2099,0.21175,0.195,5.1975,112479.0
2019-11-27 00:00:00,0.196,0.205,0.1811,4.9975,180587.0
2019-11-29 00:00:00,0.1947,0.199,0.17,4.4625,273279.0
2019-12-02 00:00:00,0.1786,0.19,0.1755,4.4857,417766.0
2019-12-03 00:00:00,0.19,0.2035,0.1756,4.54,714184.0
2019-12-04 00:00:00,0.1935,0.2,0.177,4.775,937890.0
2019-12-05 00:00:00,0.2,0.264,0.185,4.8625,4659660.0
2019-12-06 00:00:00,0.192,0.22,0.175,5.0,4403088.0
2019-12-09 00:00:00,0.2095,0.2394,0.195,5.35,3280500.0
2019-12-10 00:00:00,0.2146,0.22,0.185,4.6375,1961205.0
2019-12-11 00:00:00,0.19,0.2049,0.176,4.4675,1509548.0
2019-12-12 00:00:00,0.18,0.181,0.155,4.3375,2484655.0
2019-12-13 00:00:00,0.17,0.175402,0.1616,4.115,1543287.0
2019-12-16 00:00:00,0.167,0.1709,0.1575,4.0475,1282805.0
2019-12-17 00:00:00,0.1619,0.1649,0.155,3.9275,1593712.0
2019-12-18 00:00:00,0.155,0.17,0.1501,4.04275,2296415.0
2019-12-19 00:00:00,0.16,0.165,0.1548,3.975,1380461.0
2019-12-20 00:00:00,0.1596,0.1733,0.1576,4.1825,1674572.0
2019-12-23 00:00:00,0.1698,0.172,0.1602,4.065,1806465.0
2019-12-24 00:00:00,0.165,0.165,0.1522,3.9075,1510102.0
2019-12-26 00:00:00,0.16,0.16,0.15,3.895,1539393.0
2019-12-27 00:00:00,0.163,0.164,0.1501,3.875,1762080.0
2019-12-30 00:00:00,0.16,0.182,0.1542,4.417875,5501880.0
2019-12-31 00:00:00,0.19,0.19,0.1651,4.2225,3865228.0
2020-01-02 00:00:00,0.171,0.225,0.17,5.175,16691383.0
2020-01-03 00:00:00,0.2548,0.285,0.213,5.495,31162934.0
2020-01-06 00:00:00,0.2336,0.257,0.22,6.1875,12222438.0
2020-01-07 00:00:00,0.245,0.245,0.21,5.87,5126177.0
2020-01-08 00:00:00,0.2051,0.2199,0.2,5.2,4521178.0
2020-01-09 00:00:00,0.214,0.23,0.201,5.6975,3521248.0
2020-01-10 00:00:00,0.2274,0.231,0.205,5.2925,2128767.0
2020-01-13 00:00:00,0.21,0.2156,0.1885,4.775,3657676.0
2020-01-14 00:00:00,0.188,0.1995,0.182,4.8725,2005586.0
2020-01-15 00:00:00,0.2,0.229,0.1902,5.575,9780016.0
2020-01-16 00:00:00,0.225,0.227,0.202,5.455,4549307.0
2020-01-17 00:00:00,0.219,0.248,0.211,5.590775,7031131.0
2020-01-21 00:00:00,0.3,0.32,0.221,5.625,25240880.0
2020-01-22 00:00:00,0.23,0.233,0.2,5.05,7591573.0
2020-01-23 00:00:00,0.202,0.2073,0.1801,4.875,3787835.0
2020-01-24 00:00:00,0.199,0.207,0.193,4.8975,2496425.0
2020-01-27 00:00:00,0.2198,0.235,0.2085,5.6,10989986.0
2020-01-28 00:00:00,0.2192,0.22,0.2,5.2025,3540787.0
2020-01-29 00:00:00,0.21,0.215,0.195,4.9025,2396312.0
2020-01-30 00:00:00,0.206,0.21,0.195,5.075,2576649.0
2020-01-31 00:00:00,0.2052,0.223,0.1951,5.2475,6132098.0
2020-02-03 00:00:00,0.2115,0.23,0.1978,5.325,5853658.0
2020-02-04 00:00:00,0.2034,0.228,0.2,5.2375,5256588.0
2020-02-05 00:00:00,0.2107,0.25,0.2106,6.225,13353894.0
2020-02-06 00:00:00,0.2468,0.247,0.2112,5.3875,6265450.0
2020-02-07 00:00:00,0.2156,0.2199,0.201,5.185,3428200.0
2020-02-10 00:00:00,0.211,0.215,0.2013,5.25,3382812.0
2020-02-11 00:00:00,0.214,0.214,0.204,5.175,1617979.0
2020-02-12 00:00:00,0.209,0.2099,0.2,5.1,2217757.0
2020-02-13 00:00:00,0.205,0.205,0.193,4.9025,2782820.0
2020-02-14 00:00:00,0.195,0.205,0.1833,4.65,4112952.0
2020-02-18 00:00:00,0.189,0.193,0.18,4.7575,1996322.0
2020-02-19 00:00:00,0.19,0.191,0.1822,4.7525,2497164.0
2020-02-20 00:00:00,0.2105,0.2175,0.199,5.175,7993453.0
2020-02-21 00:00:00,0.2,0.247,0.19,5.8225,24562540.0
2020-02-24 00:00:00,0.225,0.23,0.2112,5.4375,5951281.0
2020-02-25 00:00:00,0.2195,0.22,0.195,5.125,4995428.0
2020-02-26 00:00:00,0.207,0.224,0.2021,5.25,6067995.0
2020-02-27 00:00:00,0.21,0.365939,0.21,7.0925,54568370.0
2020-02-28 00:00:00,0.71,0.8,0.4567,17.25,74799778.0
2020-03-02 00:00:00,0.83,0.8599,0.55,15.325,23573244.0
2020-03-03 00:00:00,0.525,0.55,0.4033,11.73,14401654.0
2020-03-04 00:00:00,0.4115,0.48,0.354,11.2475,20662874.0
2020-03-05 00:00:00,0.48,0.57,0.4129,12.875,24628737.0
2020-03-06 00:00:00,0.4799,0.48,0.4,10.15,9717828.0
2020-03-09 00:00:00,0.41,0.41,0.3512,9.0,7654485.0
2020-03-10 00:00:00,0.3247,0.3449,0.2607,7.55,15103085.0
2020-03-11 00:00:00,0.28,0.2987,0.24,6.7,10639358.0
2020-03-12 00:00:00,0.25,0.2501,0.213,5.58,5621412.0
2020-03-13 00:00:00,0.236,0.305,0.22,5.75025,11742773.0
2020-03-16 00:00:00,0.2221,0.23,0.17,5.1,4831305.0
2020-03-17 00:00:00,0.202,0.2399,0.19,5.4725,6993453.0
2020-03-18 00:00:00,0.202,0.2099,0.185,4.725,3635025.0
2020-03-19 00:00:00,0.202,0.2199,0.185,4.7375,4603311.0
2020-03-20 00:00:00,0.21,0.285,0.195,6.95,16294248.0
2020-03-23 00:00:00,0.28,0.499,0.2256,11.225,58839551.0
2020-03-24 00:00:00,0.44,0.462,0.303,7.875,24401296.0
2020-03-25 00:00:00,0.315,0.355,0.268,7.75,9327951.0
2020-03-26 00:00:00,0.321,0.3488,0.29,8.25,6250144.0
2020-03-27 00:00:00,0.31,0.3498,0.3,7.94,5598044.0
2020-03-30 00:00:00,0.3,0.335,0.29,7.5625,5410355.0
2020-03-31 00:00:00,0.3,0.3049,0.265,6.675,4714667.0
2020-04-01 00:00:00,0.3,0.3,0.26,6.5,2799157.0
2020-04-02 00:00:00,0.261,0.2659,0.2102,6.025,3197739.0
2020-04-03 00:00:00,0.245,0.265,0.23,6.55,3363059.0
2020-04-06 00:00:00,0.2698,0.275,0.2522,6.6125,3070920.0
2020-04-07 00:00:00,0.25,0.261,0.236,6.165,3638336.0
2020-04-08 00:00:00,0.24,0.2775,0.24,6.675,3947560.0
2020-04-09 00:00:00,0.257,0.2749,0.244,6.175,3416601.0
2020-04-13 00:00:00,0.261,0.295,0.255,6.9575,9114980.0
2020-04-14 00:00:00,0.29,0.304,0.2648,7.475,7730056.0
2020-04-15 00:00:00,0.301,0.3565,0.285,7.7425,13140031.0
2020-04-16 00:00:00,0.31,0.315,0.2701,7.0975,5334786.0
2020-04-17 00:00:00,0.275,0.282,0.25,6.75,4346782.0
2020-04-20 00:00:00,0.264,0.3,0.261,7.085,4405833.0
2020-04-21 00:00:00,0.2828,0.2828,0.2656,6.785,2355081.0
2020-04-22 00:00:00,0.265,0.3,0.265,7.35,7239246.0
2020-04-23 00:00:00,0.2955,0.3359,0.285,7.725,8949627.0
2020-04-24 00:00:00,0.3,0.37,0.293,8.9875,16184232.0
2020-04-27 00:00:00,0.3413,0.3563,0.318,8.25,7933455.0
2020-04-28 00:00:00,0.3349,0.3349,0.3096,8.0,4687871.0
2020-04-29 00:00:00,0.32,0.3655,0.313,8.6625,8448419.0
2020-04-30 00:00:00,0.35,0.35,0.31501,8.11,3955052.0
2020-05-01 00:00:00,0.33,0.4189,0.3201,9.4825,31032083.0
2020-05-04 00:00:00,0.36,0.36,0.332,8.525,5568102.0
2020-05-05 00:00:00,0.3416,0.7389,0.3416,16.0,158414572.0
2020-05-06 00:00:00,0.553,0.61,0.4,11.0,41189055.0
2020-05-07 00:00:00,0.412,0.5241,0.3805,12.0,25465261.0
2020-05-08 00:00:00,0.5,0.5365,0.45,12.225,14930549.0
2020-05-11 00:00:00,0.5696,0.645,0.5248,13.64,35951920.0
2020-05-12 00:00:00,0.5449,0.75,0.5,18.05,76372459.0
2020-05-13 00:00:00,0.67,0.708,0.58,15.3025,38408750.0
2020-05-14 00:00:00,0.6499,0.685,0.4526,13.6775,36454304.0
2020-05-15 00:00:00,0.532,0.6695,0.532,15.75,23986711.0
2020-05-18 00:00:00,0.63,0.79,0.582,16.0,42636522.0
2020-05-19 00:00:00,0.601,0.602,0.4802,12.975,21529443.0
2020-05-20 00:00:00,0.4801,0.51,0.45,11.325,10638216.0
2020-05-21 00:00:00,0.45,0.48,0.42,11.0,6986992.0
2020-05-22 00:00:00,0.46,0.5399,0.4401,11.2,17888966.0
2020-05-26 00:00:00,9.51,9.6521,7.1462,7.8,403145.0
2020-05-27 00:00:00,7.25,7.48,6.1,6.4,464195.0
2020-05-28 00:00:00,6.33,6.8957,6.3,6.4,208827.0
2020-05-29 00:00:00,6.4,6.5,6.11,6.45,159575.0
2020-06-01 00:00:00,6.39,6.39,5.8,5.89,270086.0
2020-06-02 00:00:00,6.1,6.2,5.51,5.59,578979.0
2020-06-03 00:00:00,5.49,5.57,4.86,5.08,411989.0
2020-06-04 00:00:00,5.18,5.215,4.89,5.0,322691.0
2020-06-05 00:00:00,5.09,5.39,4.87,5.13,398986.0
2020-06-08 00:00:00,5.34,6.19,5.01,5.89,1712070.0
2020-06-09 00:00:00,6.0,6.0599,5.25,5.39,563788.0
2020-06-10 00:00:00,6.0,6.1,5.4,5.42,1069802.0
2020-06-11 00:00:00,5.25,5.25,4.56,4.85,400825.0
2020-06-12 00:00:00,4.99,5.24,4.75,5.0,539357.0
2020-06-15 00:00:00,4.85,5.0899,4.75,4.91,442880.0
2020-06-16 00:00:00,5.07,5.39,4.92,4.99,759394.0
2020-06-17 00:00:00,5.02,5.1447,4.8601,4.99,704953.0
2020-06-18 00:00:00,5.1,5.35,4.97,5.11,942459.0
2020-06-19 00:00:00,5.2,5.28,4.9,4.96,849654.0
2020-06-22 00:00:00,5.0,5.07,4.77,4.97,858948.0
2020-06-23 00:00:00,5.03,5.05,4.8,4.93,546799.0
2020-06-24 00:00:00,4.9,4.93,4.59,4.75,611420.0
2020-06-25 00:00:00,4.62,4.83,4.57,4.7,412530.0
2020-06-26 00:00:00,4.7,4.86,4.27,4.4,785767.0
2020-06-29 00:00:00,4.56,4.78,4.15,4.4,772991.0
2020-06-30 00:00:00,4.25,4.3,3.71,3.97,1124035.0
2020-07-01 00:00:00,6.45,7.5,4.4,4.57,44502401.0
2020-07-02 00:00:00,4.35,4.5,4.0,4.1,2446808.0
2020-07-06 00:00:00,4.23,4.26,3.9,4.04,1200413.0
2020-07-07 00:00:00,4.0,4.24,3.91,4.04,815673.0
2020-07-08 00:00:00,4.1,4.16,3.99,4.11,650783.0
2020-07-09 00:00:00,4.15,4.3,4.01,4.25,809024.0
2020-07-10 00:00:00,4.27,4.5,4.11,4.46,1019546.0
2020-07-13 00:00:00,4.63,4.7,4.13,4.2,1341912.0
2020-07-14 00:00:00,4.2,4.23,4.02,4.2,645988.0
2020-07-15 00:00:00,4.25,4.3,4.04,4.3,925088.0
2020-07-16 00:00:00,4.19,4.35,4.16,4.3,824673.0
2020-07-17 00:00:00,4.28,4.45,4.25,4.38,845015.0
2020-07-20 00:00:00,4.651,4.96,4.5,4.96,2031216.0
2020-07-21 00:00:00,5.6,6.06,5.07,5.79,7583944.0
2020-07-22 00:00:00,5.98,6.1499,5.22,5.3,4296289.0
2020-07-23 00:00:00,5.13,5.15,4.68,4.99,3039426.0
2020-07-24 00:00:00,5.1,5.78,4.96,5.55,3565507.0
2020-07-27 00:00:00,5.63,5.67,5.061,5.36,2231870.0
2020-07-28 00:00:00,5.15,5.21,4.88,5.05,1696731.0
2020-07-29 00:00:00,5.05,7.34,4.85,6.42,13084120.0
2020-07-30 00:00:00,6.98,7.2,5.71,5.93,8645787.0
2020-07-31 00:00:00,5.86,5.87,5.26,5.72,2687293.0
2020-08-03 00:00:00,5.59,5.79,5.35,5.48,1868223.0
2020-08-04 00:00:00,5.49,5.7,5.43,5.51,1280025.0
2020-08-05 00:00:00,5.63,6.18,5.6227,5.88,3060558.0
2020-08-06 00:00:00,5.85,5.9374,5.61,5.78,1308794.0
2020-08-07 00:00:00,5.65,5.75,5.33,5.56,2054523.0
2020-08-10 00:00:00,5.61,5.9,5.49,5.73,2065718.0
2020-08-11 00:00:00,5.91,5.91,5.4,5.41,1478818.0
2020-08-12 00:00:00,5.41,5.75,4.9113,5.52,3440949.0
2020-08-13 00:00:00,5.4,5.6,5.15,5.4,1183316.0
2020-08-14 00:00:00,5.47,5.64,5.36,5.5,1463574.0
2020-08-17 00:00:00,5.47,5.8,5.3001,5.54,1367409.0
2020-08-18 00:00:00,5.5,5.8401,5.34,5.6,2970978.0
2020-08-19 00:00:00,5.46,5.46,5.2,5.23,1743097.0
2020-08-20 00:00:00,5.23,5.2523,5.01,5.16,1645939.0
2020-08-21 00:00:00,5.07,5.07,4.66,4.79,1996435.0
2020-08-24 00:00:00,4.8,4.9,4.56,4.62,1367631.0
2020-08-25 00:00:00,4.76,5.11,4.52,4.98,1582431.0
2020-08-26 00:00:00,4.93,5.04,4.8,4.97,780277.0
2020-08-27 00:00:00,4.95,4.95,4.57,4.7,910203.0
2020-08-28 00:00:00,4.65,5.03,4.6,4.93,942955.0
2020-08-31 00:00:00,4.85,4.93,4.76,4.81,580866.0
2020-09-01 00:00:00,4.86,4.86,4.71,4.77,552040.0
2020-09-02 00:00:00,4.71,4.725,4.37,4.53,964044.0
2020-09-03 00:00:00,4.38,4.46,4.06,4.2,855276.0
2020-09-04 00:00:00,4.08,4.18,3.785,4.08,794522.0
2020-09-08 00:00:00,3.97,4.1,3.86,3.99,580690.0
2020-09-09 00:00:00,4.0385,4.4389,3.92,4.27,947729.0
2020-09-10 00:00:00,4.26,4.32,4.12,4.28,595189.0
2020-09-11 00:00:00,4.18,4.53,4.1401,4.49,578212.0
2020-09-14 00:00:00,4.5,4.57,4.26,4.43,610681.0
2020-09-15 00:00:00,4.4,4.45,4.18,4.29,821297.0
2020-09-16 00:00:00,4.33,4.7895,4.27,4.69,1413519.0
2020-09-17 00:00:00,4.73,4.8504,4.45,4.55,856010.0
2020-09-18 00:00:00,4.5,4.78,4.4,4.72,1246316.0
2020-09-21 00:00:00,4.65,5.19,4.55,5.145,1656974.0
2020-09-22 00:00:00,5.15,5.15,4.8,5.04,855999.0
2020-09-23 00:00:00,5.04,5.17,4.75,4.93,1121024.0
2020-09-24 00:00:00,4.61,4.6975,4.37,4.4,997192.0
2020-09-25 00:00:00,4.37,4.62,4.37,4.47,415834.0
2020-09-28 00:00:00,4.54,4.88,4.5001,4.75,665375.0
2020-09-29 00:00:00,4.71,5.0,4.58,4.88,1104590.0
2020-09-30 00:00:00,4.88,4.95,4.73,4.95,792649.0
2020-10-01 00:00:00,4.91,4.9305,4.72,4.84,661221.0
2020-10-02 00:00:00,4.65,4.82,4.53,4.78,648251.0
2020-10-05 00:00:00,4.81,5.03,4.76,5.0,1146062.0
2020-10-06 00:00:00,5.05,5.43,4.95,5.31,1781812.0
2020-10-07 00:00:00,5.2,5.4699,5.085,5.21,996471.0
2020-10-08 00:00:00,5.41,5.46,5.19,5.23,1187451.0
2020-10-09 00:00:00,5.16,5.18,4.92,5.07,1542999.0
2020-10-12 00:00:00,4.98,5.02,4.85,4.9,638974.0
2020-10-13 00:00:00,4.94,5.08,4.77,5.02,443391.0
2020-10-14 00:00:00,5.06,5.06,4.86,4.87,371483.0
2020-10-15 00:00:00,4.71,4.79,4.65,4.74,534254.0
2020-10-16 00:00:00,4.66,4.78,4.62,4.73,531939.0
2020-10-19 00:00:00,4.69,4.75,4.56,4.56,541140.0
2020-10-20 00:00:00,4.57,4.6,4.38,4.45,575233.0
2020-10-21 00:00:00,4.46,4.54,4.32,4.35,597353.0
2020-10-22 00:00:00,4.29,4.5,4.21,4.43,548507.0
2020-10-23 00:00:00,4.41,4.45,4.33,4.42,196252.0
2020-10-26 00:00:00,4.37,4.43,4.165,4.2,643273.0
2020-10-27 00:00:00,4.19,4.2199,4.0566,4.08,479163.0
2020-10-28 00:00:00,4.05,4.25,3.86,4.04,1442556.0
2020-10-29 00:00:00,3.99,4.09,3.91,3.97,553291.0
2020-10-30 00:00:00,3.98,3.98,3.76,3.84,546359.0
2020-11-02 00:00:00,3.87,3.96,3.85,3.9,327081.0
2020-11-03 00:00:00,3.92,4.04,3.85,4.03,473793.0
2020-11-04 00:00:00,4.0,4.03,3.87,3.87,353928.0
2020-11-05 00:00:00,3.92,4.02,3.88,3.92,472768.0
2020-11-06 00:00:00,3.89,3.94,3.82,3.88,652516.0
2020-11-09 00:00:00,3.8,3.87,3.52,3.58,1081034.0
2020-11-10 00:00:00,3.65,3.68,3.2907,3.38,1096347.0
2020-11-11 00:00:00,3.4,3.67,3.29,3.59,830471.0
2020-11-12 00:00:00,3.6,3.7,3.47,3.49,709234.0
2020-11-13 00:00:00,3.21,3.53,3.18,3.44,875034.0
2020-11-16 00:00:00,3.41,3.5,3.36,3.46,410590.0
2020-11-17 00:00:00,3.49,3.58,3.38,3.55,483482.0
2020-11-18 00:00:00,3.63,3.84,3.6001,3.65,545068.0
2020-11-19 00:00:00,3.7,3.725,3.56,3.64,353539.0
2020-11-20 00:00:00,3.645,3.67,3.515,3.54,359481.0
2020-11-23 00:00:00,3.6,3.6,3.3,3.34,959571.0
2020-11-24 00:00:00,3.33,3.37,3.16,3.3,1133256.0
2020-11-25 00:00:00,3.3,3.47,3.25,3.46,660431.0
2020-11-27 00:00:00,3.47,3.7,3.47,3.55,641116.0
2020-11-30 00:00:00,3.63,3.6399,3.41,3.48,540948.0
2020-12-01 00:00:00,3.48,3.53,3.38,3.43,581930.0
2020-12-02 00:00:00,3.41,3.48,3.3,3.35,534180.0
2020-12-03 00:00:00,3.35,3.44,3.33,3.44,472167.0
2020-12-04 00:00:00,3.41,3.57,3.34,3.56,911311.0
2020-12-07 00:00:00,3.6,3.6142,3.42,3.52,624226.0
2020-12-08 00:00:00,3.52,3.7,3.43,3.6,920166.0
2020-12-09 00:00:00,3.6,3.97,3.37,3.9,2844173.0
2020-12-10 00:00:00,4.09,4.14,3.7394,4.09,2787245.0
2020-12-11 00:00:00,4.0,4.02,3.78,3.83,1014782.0
2020-12-14 00:00:00,3.84,3.86,3.5201,3.54,946964.0
2020-12-15 00:00:00,3.646,4.66,3.58,4.07,14236498.0
2020-12-16 00:00:00,3.8,4.0105,3.6,3.64,3650835.0
2020-12-17 00:00:00,3.65,3.65,3.445,3.49,1647902.0
2020-12-18 00:00:00,3.47,3.52,3.33,3.33,1793750.0
2020-12-21 00:00:00,3.38,3.44,3.33,3.37,696618.0
2020-12-22 00:00:00,3.44,3.44,3.25,3.42,1349764.0
2020-12-23 00:00:00,3.36,3.4264,3.25,3.33,950481.0
2020-12-24 00:00:00,3.31,3.33,3.15,3.2,1118447.0
2020-12-28 00:00:00,3.22,3.2498,3.1101,3.13,1335842.0
2020-12-29 00:00:00,3.13,3.16,2.87,3.01,1770128.0
2020-12-30 00:00:00,3.08,3.1986,3.0,3.08,928942.0
2020-12-31 00:00:00,3.1,3.11,2.975,3.01,789265.0
2021-01-04 00:00:00,3.01,3.24,2.9615,3.15,875988.0
2021-01-05 00:00:00,3.17,3.34,3.16,3.27,769475.0
2021-01-06 00:00:00,3.26,3.31,3.05,3.07,760495.0
2021-01-07 00:00:00,3.19,3.27,3.11,3.18,493676.0
2021-01-08 00:00:00,3.18,3.33,3.08,3.27,1345345.0
2021-01-11 00:00:00,3.36,3.6399,3.3,3.58,3697303.0
2021-01-12 00:00:00,3.7,3.7699,3.475,3.61,1852394.0
2021-01-13 00:00:00,3.64,3.67,3.39,3.54,1218121.0
2021-01-14 00:00:00,3.51,3.58,3.43,3.45,825331.0
2021-01-15 00:00:00,3.45,3.48,3.3,3.4,943691.0
2021-01-19 00:00:00,3.42,3.51,3.36,3.36,930757.0
2021-01-20 00:00:00,3.42,3.44,3.26,3.35,736231.0
2021-01-21 00:00:00,3.39,3.53,3.29,3.46,959613.0
2021-01-22 00:00:00,3.46,3.55,3.37,3.48,1019214.0
2021-01-25 00:00:00,3.46,3.65,3.38,3.48,1466217.0
2021-01-26 00:00:00,3.59,3.6,3.475,3.54,1334289.0
2021-01-27 00:00:00,3.47,4.04,3.31,3.64,7516218.0
2021-01-28 00:00:00,3.74,3.8,3.45,3.58,2031804.0
2021-01-29 00:00:00,3.59,3.59,3.21,3.4,2050051.0
2021-02-01 00:00:00,3.41,3.4119,3.29,3.36,1167964.0
2021-02-02 00:00:00,3.4,3.43,3.2001,3.32,1606722.0
2021-02-03 00:00:00,3.3,3.47,3.28,3.33,1842821.0
2021-02-04 00:00:00,3.42,3.88,3.3501,3.87,7050725.0
2021-02-05 00:00:00,3.86,4.17,3.62,3.99,6543559.0
2021-02-08 00:00:00,4.14,4.35,3.95,4.23,4028182.0
2021-02-09 00:00:00,4.33,4.33,3.82,4.13,5845777.0
2021-02-10 00:00:00,4.19,4.28,3.7201,4.07,2884147.0
2021-02-11 00:00:00,4.1,4.1199,3.8207,3.88,1862311.0
2021-02-12 00:00:00,3.8235,3.97,3.69,3.95,1549743.0
2021-02-16 00:00:00,4.21,4.434,4.11,4.19,2798025.0
2021-02-17 00:00:00,4.285,4.32,3.95,4.07,1628977.0
2021-02-18 00:00:00,3.99,4.07,3.89,4.0,1345395.0
2021-02-19 00:00:00,4.0,4.04,3.92,3.97,813081.0
2021-02-22 00:00:00,3.95,3.9799,3.75,3.75,990401.0
