12/12/2016,50.8,50.8,50.5,50.5,602050
12/13/2016,50.5,50.6,49.55,49.75,119990
12/14/2016,48.6893,49.07,48.65,48.65,64445
12/15/2016,48.9,49.1699,48.5201,48.57,32092
12/16/2016,49.1299,49.75,48.82,48.94,9711
12/19/2016,49.1699,49.74,49.0023,49.74,13537
12/20/2016,49.8378,49.93,49.23,49.7,49464
12/21/2016,48.84,50,48.84,49.68,182916
12/22/2016,50.055,50.075,48.85,48.98,20988
12/23/2016,48.9799,48.98,48.5316,48.91,4720
12/27/2016,49.05,51.049,48.9685,50.19,12497
12/28/2016,50.12,50.85,48.761,49.26,8672
12/29/2016,49.7,49.7,48.53,49.14,9400
12/30/2016,48.95,50.34,48.79,49.01,23230
01/03/2017,49.39,50.18,49.39,49.89,17049
01/04/2017,50.28,50.9,50.22,50.9,55206
01/05/2017,50.95,50.95,50.36,50.76,101972
01/06/2017,50.6,51.79,50.48,51.79,68265
01/09/2017,51.08,51.7,50.57,50.85,71288
01/10/2017,50.4,51.91,50.4,51.73,76175
01/11/2017,51.98,52.48,51.96,52.24,41595
01/12/2017,51.59,52.2,51.24,52.2,117573
01/13/2017,52.2,52.83,52.2,52.59,19162
01/17/2017,51.75,52,51.57,51.96,16380
01/18/2017,51.075,52.49,51.075,52.47,20808
01/19/2017,52.14,53,52.1,52.99,31392
01/20/2017,52.53,54.55,52.53,53.91,1060977
01/23/2017,53.78,53.8,52.25,52.54,8181
01/24/2017,53.21,54.27,53.18,54.25,9548
01/25/2017,54,54.53,54,54.36,2834
01/26/2017,53.99,54.16,53.9,54.16,1907
01/27/2017,53.75,54.25,53.58,54,3382
01/30/2017,52.33,52.55,52.06,52.55,4000
01/31/2017,52.32,53.23,52.25,53.08,34111
02/01/2017,53.15,53.2436,52.72,52.88,3092
02/02/2017,53.14,53.2499,52.2874,52.59,7424
02/03/2017,53.18,53.88,53.127,53.46,5529
02/06/2017,53.76,53.81,53.6864,53.81,2940
02/07/2017,54.02,54.04,53.8099,54.02,1426
02/08/2017,53.67,53.67,53.4124,53.4124,1056
02/09/2017,53.42,53.52,53.25,53.35,1905
02/10/2017,53.3,53.85,53.3,53.72,127440
02/13/2017,54.09,54.21,53.8,53.8,1523
02/14/2017,53.5999,53.5999,53,53,1153
02/15/2017,53.12,53.76,53.12,53.69,2498
02/16/2017,53.12,53.12,53.0778,53.0778,280
02/21/2017,53.55,53.95,53.55,53.8986,3072
02/22/2017,53.31,53.7836,53.1,53.49,3340
02/23/2017,53.48,53.48,52.733,52.733,3387
02/27/2017,53.65,53.6906,53.56,53.6101,3010
02/28/2017,53.63,53.63,53.63,53.63,1100
03/02/2017,54.39,55.13,54.39,54.44,1430
03/03/2017,54.48,54.9,54.4,54.9,5883
03/06/2017,54.49,54.5962,54.49,54.5962,4340
03/07/2017,54.34,54.45,54.34,54.35,1307
03/08/2017,53.97,54.3,53.97,54.08,1657
03/09/2017,53.3491,53.75,53.12,53.23,1692
03/10/2017,54.11,54.28,53.82,54.28,26888
03/13/2017,54.31,54.8099,54.31,54.8,24755
03/14/2017,54.6,55.11,54.6,55.0564,7620
03/15/2017,56.14,56.45,56,56.28,87124
03/16/2017,56.44,56.8047,56.44,56.8047,67710
03/17/2017,56.73,56.9,56.65,56.741,1943
03/20/2017,56.35,56.35,55.87,56.15,1375
03/21/2017,56.23,56.23,55.41,55.56,1277
03/22/2017,54.95,54.95,54.95,54.95,1000
03/23/2017,54.83,54.86,54.83,54.86,705
03/24/2017,54.94,54.94,53.714,53.714,639
03/27/2017,53.18,53.18,53.18,53.18,364
03/28/2017,53.29,54.12,53.29,53.9764,685
03/29/2017,54.27,54.36,54.22,54.36,2160
03/30/2017,54.33,54.3605,54.33,54.3605,265
03/31/2017,54.8099,54.93,54.61,54.61,850
04/03/2017,54.58,54.58,53.92,53.92,5441
04/04/2017,53.75,53.95,53.75,53.95,266
04/05/2017,54.33,54.33,54.17,54.17,200
04/06/2017,53.8,54.2,53.78,53.78,715
04/10/2017,54.55,54.55,54.55,54.55,100
04/11/2017,54.2,54.2,54.2,54.2,500
04/12/2017,54.34,54.34,53.86,53.86,490
04/13/2017,53.68,53.68,52.62,52.8,2990
04/17/2017,52.44,52.6158,52.44,52.52,792
04/18/2017,52.75,52.94,52.75,52.94,1997
04/19/2017,53.01,53.36,52.81,52.8892,1100
04/20/2017,54.209,54.209,54.11,54.11,700
04/21/2017,53.47,53.65,53.42,53.62,66373
04/24/2017,54.8,55.39,54.65,54.9,58030
04/25/2017,55.45,56.23,55.45,55.85,26451
04/26/2017,55.83,57.09,55.83,56.81,72308
04/27/2017,55.9712,55.9712,55.6,55.6,1000
04/28/2017,56.4,56.46,56.17,56.39,3410
05/01/2017,56.28,56.33,55.921,56.2,767
05/02/2017,55.93,56.23,55.93,56.2,464
05/03/2017,56.0253,56.28,55.93,56.28,3333
05/04/2017,55.69,55.7,55.3901,55.7,482
05/05/2017,55.5,55.5,55.5,55.5,381
05/08/2017,55.14,55.65,55.07,55.13,4885
05/09/2017,55.02,55.02,54.52,54.65,900
05/10/2017,54.83,54.92,54.41,54.85,114645
05/12/2017,53.6,53.6,53.6,53.6,14200
05/15/2017,54.19,54.22,54.12,54.22,1600
05/17/2017,53.25,53.25,53.25,53.25,100
05/18/2017,54.29,56.44,53.95,54.32,1153
05/19/2017,54.84,54.84,53.56,53.62,4115
05/22/2017,54.02,54.37,53.95,54.07,800
05/23/2017,53.79,53.79,53.79,53.79,139
05/25/2017,53.36,53.5799,53.36,53.5799,282
05/26/2017,53.44,53.6,53.44,53.6,1091
05/30/2017,53.45,53.635,53.24,53.24,6546
05/31/2017,52.77,53.12,52.58,53.09,4391
06/01/2017,53.89,54.38,53.89,54.085,2064
06/02/2017,54.49,55.11,54.49,54.56,3998
06/05/2017,54.3,54.54,53.91,53.91,1432
06/06/2017,53.47,53.94,53.45,53.85,1600
06/07/2017,53.2267,53.2267,53.2267,53.2267,140
06/08/2017,53.16,53.83,53.16,53.62,482
06/09/2017,53.9799,53.9799,53.64,53.89,200700
06/12/2017,54.58,54.84,54.57,54.57,801
06/14/2017,54.95,54.95,53.63,54.09,7889
06/15/2017,54.245,54.61,54.245,54.59,3100
06/16/2017,54.56,54.63,54.1601,54.39,8610
06/19/2017,54.94,54.94,54.65,54.83,900
06/20/2017,54.715,55.131,54.71,55.05,10100
06/21/2017,54.595,54.595,53.21,53.34,18409
06/22/2017,53.71,53.71,53.4157,53.7,250426
06/23/2017,53.49,53.76,53.16,53.76,1634
06/26/2017,53.57,53.7,53.19,53.66,123336
06/27/2017,53.63,53.7091,53.36,53.36,18400
06/28/2017,54.15,54.18,53.97,53.97,89100
06/29/2017,53.75,54.16,53.75,54.05,1600
06/30/2017,54.59,54.61,54.2,54.2,6429
07/03/2017,54.43,54.43,54.38,54.38,200
07/05/2017,53.5,53.5,53.5,53.5,160
07/06/2017,53.21,53.21,52.97,53.01,25500
07/07/2017,53.18,53.43,53.18,53.43,1699
07/10/2017,53.12,54.11,53.12,53.56,63730
07/11/2017,53.6599,53.7,53.5,53.7,3500
07/12/2017,54.56,54.67,54.23,54.5,9647
07/13/2017,54.34,55.05,54.34,54.93,1400
07/14/2017,56.11,56.14,55.71,55.71,2658
07/17/2017,55.72,55.72,55.5,55.55,835
07/18/2017,54.98,54.98,54.85,54.85,293
07/19/2017,55.3,55.34,55.16,55.16,4138
07/20/2017,55.4,55.58,55.38,55.38,52752
07/21/2017,55.4,55.54,55.4,55.54,5892
07/24/2017,54.84,54.84,54.84,54.84,100100
07/25/2017,55.49,55.61,55.35,55.53,639
07/26/2017,54.61,54.61,54.46,54.46,200
07/27/2017,54.5399,54.54,53.91,53.95,3500
07/28/2017,53.49,53.8,53.31,53.77,85500
07/31/2017,53.44,53.55,53.34,53.35,1500
08/01/2017,53.36,53.46,53.18,53.42,852
08/02/2017,53.45,53.45,52.7101,52.7101,1677
08/03/2017,54.31,56.16,52.57,55.84,129219
08/04/2017,57,57.111,56.62,56.62,2277
08/07/2017,56.74,56.74,56.08,56.08,573
08/08/2017,56.73,56.73,56.22,56.34,533
08/09/2017,56.05,56.05,55.64,55.75,50587
08/10/2017,55.4,55.4,55.4,55.4,349
08/11/2017,54.83,54.83,54.41,54.53,3812
08/14/2017,55.78,55.8,55.78,55.8,500
08/15/2017,55.22,55.22,55.22,55.22,400
08/16/2017,55.58,55.71,55.58,55.66,870
08/17/2017,54.3,54.3,54.11,54.11,500
08/18/2017,54.6014,54.6014,54.5,54.5,36944
08/21/2017,54.31,54.31,54.28,54.28,14400
08/22/2017,54.74,54.97,54.74,54.87,914
08/23/2017,54.8682,54.8682,54.8682,54.8682,15800
08/24/2017,54.27,54.4,54.27,54.4,720
08/25/2017,54.715,54.78,54.715,54.72,5500
08/28/2017,54.6,54.71,54.42,54.7,27535
08/29/2017,54.39,54.81,54.36,54.79,18925
08/30/2017,54.81,54.82,54.81,54.82,1242
08/31/2017,55.04,55.04,54.8,54.93,78153
09/01/2017,54.72,55.3,54.72,55.062,22938
09/05/2017,55.21,55.38,54.4445,54.4445,12646
09/06/2017,54.79,55.58,54.79,55.54,1214
09/07/2017,55.5,55.5,55.12,55.12,364
09/11/2017,56.39,56.39,56.38,56.38,425
09/12/2017,56.61,57.01,56.51,56.94,6500
09/14/2017,56.98,57.04,56.98,57,10166
09/15/2017,56.34,56.34,56.23,56.23,200
09/18/2017,56.5,56.5,56.5,56.5,207
09/19/2017,56.38,56.69,56.38,56.54,85950
09/21/2017,57.28,57.51,57.22,57.26,59765
09/22/2017,57.5,57.9,57.5,57.9,63674
09/25/2017,57.31,57.31,56.98,56.9801,2994
09/26/2017,57.26,57.26,57.26,57.26,100
09/27/2017,58.46,58.5,58.18,58.18,80589
09/28/2017,58.39,58.39,58.33,58.33,639
09/29/2017,58.21,58.21,58.07,58.07,306
10/02/2017,58.1,58.33,58.1,58.32,6718
10/03/2017,58.96,58.96,58.96,58.96,1270
10/04/2017,58.6,58.6,58.6,58.6,744
10/05/2017,58.51,58.67,58,58.43,9246
10/06/2017,58.31,58.56,58.31,58.38,3960
10/09/2017,58.41,58.41,58.41,58.41,770
10/10/2017,58.44,58.44,58.095,58.14,55637
10/11/2017,57.88,57.89,57.88,57.89,304
10/13/2017,59.1,59.1,59.06,59.06,65100
10/17/2017,58.48,58.48,58.48,58.48,1548
10/18/2017,58.46,58.46,58.46,58.46,112
10/19/2017,58.03,58.03,57.9608,58.02,2338
10/20/2017,58.4634,58.4758,58.3872,58.3872,915
10/23/2017,58.1097,58.1097,58.1097,58.1097,100
10/24/2017,59.08,59.11,58.97,58.97,20377
10/25/2017,58.66,58.93,57.72,57.87,142771
10/26/2017,58.61,58.61,58.4,58.6,78715
10/27/2017,58.98,58.98,58.16,58.4969,112979
10/30/2017,57.8707,58.15,57.77,58.15,624
10/31/2017,57.54,57.67,57.54,57.67,1172
11/01/2017,57.97,57.97,57.09,57.09,627
11/02/2017,57.2456,57.31,56.24,56.47,972
11/03/2017,56.81,57.32,56.81,57.32,406
11/06/2017,56.97,57,56.67,56.67,2053
11/07/2017,55.93,56.3247,55.9,56.05,3465
11/08/2017,55.47,55.63,55.47,55.63,1321
11/09/2017,55.7339,55.7339,55.32,55.32,3907
11/10/2017,55.49,55.49,54.9896,55.11,65535
11/13/2017,54.8,54.8,54.6701,54.6701,655
11/14/2017,54.12,54.12,53.15,53.38,12025
11/15/2017,53.28,53.54,52.97,52.97,23188
11/16/2017,53.71,54.56,53.71,54.56,27077
11/17/2017,54.82,54.82,54.82,54.82,2002
11/20/2017,55.12,55.12,54.5238,54.5238,33060
11/21/2017,55.04,55.28,54.94,54.94,2696
11/22/2017,55.24,55.27,55.1202,55.27,467
11/24/2017,54.87,54.87,54.87,54.87,700
11/27/2017,54.73,54.86,54.73,54.83,12058
11/28/2017,55.02,55.56,55,55.56,24921
11/29/2017,55.99,56.1,55.885,56.09,93373
11/30/2017,56.7466,56.82,56.49,56.49,28162
12/01/2017,56.65,57.84,54.81,55.8,82153
12/04/2017,57.2,57.3,56.7953,56.7953,6083
12/05/2017,56.45,57.14,56.1362,56.8,8187
12/06/2017,56.6,56.6,56.13,56.16,2965
12/07/2017,55.92,56.24,55.92,56.24,1393
12/08/2017,55.98,56.55,55.87,56.27,2610
12/11/2017,56.2,56.27,56.13,56.1579,6402
12/12/2017,56.15,56.15,55.87,55.87,83092
12/13/2017,56.15,56.15,55.689,55.689,1195
12/14/2017,55.75,55.75,54.87,55.12,74037
12/15/2017,55.43,55.95,55.43,55.55,8041
12/18/2017,56.43,56.63,56.41,56.5699,2942
12/19/2017,56.42,56.65,56.42,56.552,55788
12/20/2017,57,58.17,56.96,58.14,13379
12/21/2017,58.56,59.32,58.4,58.4,38760
12/22/2017,58.38,58.38,57.75,58.2199,5682
12/26/2017,58.13,58.249,58.1,58.249,2552
12/27/2017,58.35,58.72,58.35,58.72,216
12/28/2017,58.43,58.72,58.43,58.48,1734
12/29/2017,58.5,58.52,58.46,58.52,900
01/02/2018,58.31,58.31,58.11,58.18,1352
01/03/2018,58.31,58.66,58.225,58.66,83070
01/04/2018,59.0791,60.17,58.8,58.8,23520
01/05/2018,59.3521,59.3521,58.84,58.94,31185
01/08/2018,60.25,62.14,60.16,61.59,3319
01/09/2018,61.21,61.61,61,61.2987,2369
01/10/2018,61.3,61.54,60.73,60.91,53895
01/11/2018,60.921,62.46,60.81,62.19,22260
01/12/2018,61.85,63.37,61.85,63.37,2875
01/16/2018,62.5695,62.58,61.2,61.44,5610
01/17/2018,61.15,61.36,61.15,61.36,20784
01/18/2018,61.3,61.45,60.61,60.76,95953
01/19/2018,61.84,63.275,61.8,63.275,93354
01/22/2018,62.73,62.83,62.25,62.51,143231
01/23/2018,62.11,62.8399,61.5,62.7,108753
01/24/2018,62.87,62.9161,62.618,62.64,4805
01/25/2018,62.77,62.78,60.36,62.55,21369
01/26/2018,62.46,62.65,62.28,62.65,52336
01/29/2018,62.38,62.81,62.38,62.81,4094
01/30/2018,61.98,62.29,61.94,62.29,204191
01/31/2018,61.63,61.63,61.05,61.33,56245
02/01/2018,62.86,66.24,62.86,63.52,8134
02/02/2018,62.23,62.58,61.7,62.11,64272
02/05/2018,62.05,62.67,60.46,61.21,39343
02/06/2018,58.49,60.44,58.49,60.44,10100
02/07/2018,60.04,60.43,60.04,60.43,25881
02/08/2018,60.12,60.12,59.05,59.05,5251
02/09/2018,58.77,59.03,57.14,59.03,47450
02/12/2018,58.89,58.89,58.65,58.82,794
02/13/2018,59.02,59.42,59.02,59.42,2517
02/14/2018,58.82,59.83,58.81,59.83,1861
02/15/2018,59.99,60.97,59.99,60.97,1486
02/20/2018,61.5332,61.5332,61.34,61.34,23563
02/21/2018,61.68,62.7514,61.68,62.5485,26592
02/22/2018,63.03,63.43,63.03,63.43,80507
02/23/2018,63.19,63.19,62.81,62.89,11522
02/26/2018,64.097,64.097,64.097,64.097,17609
02/27/2018,64.24,64.26,64.24,64.26,507
02/28/2018,63.79,63.94,63.24,63.24,6078
03/01/2018,62.445,62.445,62.32,62.32,282
03/02/2018,61.49,61.5,60.87,60.87,751
03/05/2018,61.8134,62,61.8134,62,710
03/06/2018,62.1,63.65,61.82,63.58,96963
03/07/2018,64.34,64.5,62.96,64.44,104876
03/08/2018,64.62,64.72,63.85,64.6122,9875
03/09/2018,65.12,65.86,65.12,65.86,300
03/12/2018,66.4,66.4,65.355,65.355,837
03/13/2018,65.02,65.37,65.02,65.12,1561
03/14/2018,64.81,64.96,64.25,64.45,20807
03/15/2018,64.51,64.51,64,64,100011
03/16/2018,63.98,64.36,63.65,64.1498,1124
03/19/2018,63.59,63.67,63.57,63.57,335
03/20/2018,65.11,65.11,65.11,65.11,200
03/21/2018,65.27,65.28,65.23,65.27,5400
03/22/2018,65.0074,65.0074,64.17,64.21,10050
03/23/2018,63.78,64.04,63.47,63.47,7246
03/26/2018,63.36,63.47,63.36,63.47,827
03/27/2018,63.92,64.0032,63.92,64.0031,876
03/29/2018,64.1501,64.1501,64.1501,64.1501,331
04/02/2018,64.1,64.1,63.0228,63.0228,21150
04/03/2018,63.2,64.02,63.158,64.02,3337
04/04/2018,63.85,64.7,63.85,64.7,1593
04/05/2018,65.66,65.66,65.41,65.41,1035
04/06/2018,65,65,63.23,63.23,1019
04/09/2018,64.2,64.2,63.29,63.97,36878
04/10/2018,64.57,64.87,64.46,64.48,800
04/11/2018,64.52,64.52,64.21,64.23,745
04/12/2018,65.21,65.33,65.2,65.2,1002
04/13/2018,65.53,65.53,65.18,65.31,23149
04/16/2018,65.85,65.85,65.03,65.32,1304
04/17/2018,65.37,65.46,64.9,65.46,5389
04/18/2018,65.56,66.44,65.56,66.01,1678
04/19/2018,66.34,66.34,65.59,65.63,1396
04/20/2018,65.55,65.65,65.48,65.52,10178
04/23/2018,65.79,65.79,65.31,65.31,482
04/24/2018,65.7,65.7,62.5,62.68,2450
04/25/2018,63.03,63.2212,63.03,63.2212,45357
04/26/2018,62.5,62.5,61.93,62.34,4339
04/30/2018,59.809,59.809,59.78,59.78,75000
05/01/2018,59.62,59.62,59.62,59.62,100
05/02/2018,60.08,60.08,60.08,60.08,200
05/03/2018,58.918,58.918,58.918,58.918,1050
05/04/2018,58.75,59.8,58.71,59.8,8057
05/07/2018,60.18,61.1,60.18,60.81,51461
05/08/2018,61.4,62.09,61.4,61.95,215923
05/09/2018,61.445,61.445,61.35,61.35,9826
05/10/2018,61.89,62.15,61.869,62.08,14662
05/11/2018,62.04,62.54,62.01,62.06,14305
05/15/2018,63.58,63.58,60.77,61.41,51760
05/16/2018,61.47,62.25,61.04,61.6,20049
05/17/2018,62.13,62.13,61.41,61.54,29571
05/18/2018,61.36,62.4,61.29,62.35,5009
05/21/2018,62.77,62.86,62.07,62.22,4228
05/22/2018,62.32,62.35,61.79,61.86,2257
05/23/2018,61.56,61.95,61.56,61.73,11298
05/24/2018,61.85,62.093,61.85,62.093,200
05/29/2018,61.94,62,61.61,61.95,20074
05/30/2018,62.85,62.85,62.85,62.85,100
05/31/2018,62.45,62.62,62.42,62.62,11070
06/01/2018,62.96,63.54,62.96,63.19,12869
06/04/2018,63.61,63.7,63.47,63.48,13277
06/05/2018,64.47,64.48,64.41,64.48,600
06/06/2018,64.4,64.4,64.4,64.4,979
06/07/2018,65.2,65.2,63.705,64.45,1520
06/08/2018,64.6,64.6,64.23,64.3,300
06/12/2018,64.15,64.15,64.15,64.15,109
06/13/2018,64.16,64.16,64.16,64.16,428
06/19/2018,62.89,64.38,62.89,63.36,23854
06/20/2018,63.77,64.34,63.32,64.1,67025
06/21/2018,64.02,64.02,63.65,63.69,900
06/22/2018,65.4,65.4,65,65,372
06/25/2018,63.49,63.49,62.77,62.77,490
06/26/2018,62.99,62.99,62.95,62.95,590
06/27/2018,63.1,63.1,63.08,63.08,399
06/28/2018,62,62,62,62,25535
06/29/2018,62.78,62.87,62.45,62.45,991
07/02/2018,61.34,62.36,61.32,62.36,1300
07/03/2018,62.62,62.62,61.82,61.82,2874
07/05/2018,61.78,62.09,61.65,62.09,356382
07/06/2018,61.84,62.03,61.3,61.9,2798
07/09/2018,62.035,62.49,62.035,62.24,4239
07/10/2018,63.16,63.425,62.44,62.54,4068
07/11/2018,61.85,61.97,61.31,61.51,2835
07/12/2018,61.59,61.73,60.16,61.51,29117
07/13/2018,61.85,62.54,61.85,62.04,9413
07/16/2018,62.36,62.47,62.12,62.46,16308
07/17/2018,63.02,63.02,62.47,62.47,13744
07/18/2018,62.36,62.45,62.36,62.36,652
07/19/2018,62.27,63.34,62.27,63.17,15489
07/20/2018,63.52,63.89,63.43,63.54,28600
07/23/2018,63.32,63.6,63.32,63.4,13803
07/24/2018,64.28,64.33,63.57,64.22,62949
07/25/2018,64.13,64.13,63.46,63.95,792
07/26/2018,64.94,64.94,64.34,64.75,64822
07/27/2018,64.39,64.6,63.54,64.4,29975
07/30/2018,64.02,64.02,63.86,63.86,400
07/31/2018,63.46,63.71,63.46,63.71,158292
08/01/2018,64.01,64.01,61.95,61.95,20708
08/02/2018,61.58,61.58,61.58,61.58,364
08/06/2018,62.8496,62.9723,62.8496,62.9723,101110
08/07/2018,63.62,63.62,63.3,63.3,1415
08/08/2018,62.77,62.77,62.29,62.65,7300
08/09/2018,62.52,62.52,62.105,62.105,541
08/10/2018,61.55,61.55,61.21,61.21,494
08/13/2018,60.86,61.42,60.86,61.42,1577
08/14/2018,61.41,61.58,61.36,61.36,300
08/15/2018,60,60.27,60,60,62600
08/16/2018,60.62,60.62,60.29,60.29,24573
08/17/2018,60.63,60.63,60.63,60.63,139
08/20/2018,61.78,62.03,61.14,61.16,19875
08/21/2018,61.77,62.14,61.77,62.14,714
08/22/2018,61.75,61.75,61.4,61.4,754
08/23/2018,60.76,61.2,60.31,60.41,2200
08/24/2018,60.68,60.9,60.66,60.9,1268
08/28/2018,61.5611,61.5611,61.13,61.13,1357
08/29/2018,61.06,62.03,61.06,62.03,44884
08/30/2018,61.78,61.78,61.32,61.32,700
08/31/2018,61.55,61.66,61.55,61.64,728
09/04/2018,61.08,61.08,60.54,60.89,16993
09/05/2018,60.8,61.31,60.8,61.31,52491
09/06/2018,61.72,61.72,61.25,61.25,1127
09/07/2018,60.93,61.03,60.6,61,6002
09/10/2018,61.44,61.55,61.39,61.44,1024
09/11/2018,61.12,62.3,61.12,62.3,1145
09/12/2018,62.5,63.06,62.5,62.97,22743
09/13/2018,63.15,63.17,62.97,63.17,3202
09/14/2018,63.53,64.99,63.53,64.99,100200
09/17/2018,64.48,65.07,63.0045,65.02,53790
09/18/2018,64.72,65.05,64.57,65,1309
09/19/2018,65.65,66.2,65.57,66.1499,18086
09/20/2018,66.26,66.76,66.26,66.76,884
09/21/2018,66.84,66.84,66.75,66.75,300
09/24/2018,66.71,66.71,65.5943,65.5943,642
09/25/2018,66.3,66.3,65.43,65.73,844
09/26/2018,65.77,66.1699,65.77,66.1699,777
09/27/2018,65.07,65.25,64.93,65.1551,2358
09/28/2018,65.29,65.29,64.42,64.87,33237
10/01/2018,64.75,64.93,64.27,64.72,23257
10/02/2018,64.5,65.18,64.5,64.83,3831
10/03/2018,64.99,66.16,64.62,66.1399,6595
10/04/2018,66.02,66.54,65.66,66.11,53729
10/05/2018,66.0157,66.0157,65.43,65.95,4188
10/08/2018,65.99,65.99,65.48,65.79,1886
10/09/2018,64.61,64.6891,64.03,64.09,1000
10/10/2018,63.52,63.52,61.33,61.33,3451
10/11/2018,60.77,60.83,59.61,59.64,34717
10/12/2018,59.58,59.58,57.86,58.36,3945
10/15/2018,58.49,59.16,58.49,59.01,38102
10/16/2018,59.765,60.34,59.74,60.23,5324
10/17/2018,59.69,59.69,58.7,58.77,134446
10/18/2018,58.41,58.59,56.95,57.11,51631
10/19/2018,56.37,56.37,55.85,55.85,82331
10/22/2018,56.1208,56.1208,56.1208,56.1208,30500
10/23/2018,55.24,55.24,54.54,54.94,128664
10/24/2018,54.09,54.34,53.73,53.73,21165
10/25/2018,53.71,54.2,53.71,54.01,86951
10/26/2018,53.16,54.15,53.16,54.01,1252
10/29/2018,54.96,55.17,52.51,52.91,2344
10/30/2018,53.16,53.71,53.16,53.7,772
10/31/2018,54.31,59,54.31,57.75,30541
11/01/2018,58.6,59.6,58.6,59.17,85143
11/02/2018,59.15,59.64,59.05,59.64,1303
11/05/2018,59.99,60.69,59.65,60.44,66096
11/06/2018,60.71,61.11,60.55,60.55,1382
11/07/2018,60.48,61.56,60.44,61.56,1617
11/08/2018,62.15,62.16,61.93,62.03,1523
11/09/2018,60.43,61.35,60.43,61.03,34258
11/12/2018,60.79,60.91,60.17,60.36,2028
11/14/2018,59.38,59.38,58.84,58.84,41134
11/15/2018,58.2,60.87,58.2,60.87,51079
11/16/2018,60.91,61.03,60.21,60.98,4872
11/19/2018,60.46,60.67,59.36,59.46,1168
11/20/2018,58.26,58.46,57.94,58.33,3424
11/21/2018,59.09,59.14,59.02,59.14,821
11/23/2018,58.13,58.13,57.84,57.98,1116
11/26/2018,58.72,58.72,57.71,58.03,19428
11/27/2018,57.89,57.9,57.34,57.52,58092
11/28/2018,57.53,58.73,56.92,58.73,2182
11/29/2018,58.59,58.59,58.59,58.59,385
11/30/2018,58.75,59.82,58.75,59.63,1262
12/03/2018,60.37,60.61,60,60.38,49141
12/04/2018,58.79,58.79,56.9,56.91,3475
12/06/2018,55.85,56.05,54.8375,56.05,2513
12/07/2018,56.44,56.44,54.83,55.19,66113
12/10/2018,54.9,54.9,53.95,54.05,67881
12/11/2018,54.65,55.3,53.89,54.26,27292
12/12/2018,55.15,55.73,54.35,55,215859
12/13/2018,54.95,55.16,54.43,54.8433,30394
12/14/2018,54.64,55.2,54.44,54.94,99957
12/17/2018,54.37,54.41,52.98,52.98,70071
12/18/2018,53.01,53.5207,52.57,52.57,115247
12/19/2018,52.77,52.85,51.77,51.94,4113
12/20/2018,51.34,52.12,50.9,51.05,47660
12/21/2018,50.81,51.2,49.94,49.94,8328
12/24/2018,49.5,49.5,48.94,49.21,3356
12/26/2018,48.58,49.79,48.52,49.79,3926
12/27/2018,49.72,50.2,49.58,49.64,2933
12/28/2018,50.48,50.92,50.35,50.8,2475
12/31/2018,50.6,50.71,50.09,50.5,27682
01/02/2019,50.39,51.5,50.39,51.5,2614
01/03/2019,49.87,50.7,49.5,49.5,4250
01/04/2019,49.74,51,49.74,50.81,36889
01/07/2019,50.94,51.55,50.63,51.06,117552
01/08/2019,51.67,51.96,51.06,51.87,17095
01/09/2019,52.26,53.34,52.26,52.92,19889
01/10/2019,52.6,53.85,52.6,53.85,15642
01/11/2019,53.33,53.35,53.13,53.29,31635
01/14/2019,52.62,52.87,52.43,52.57,32390
01/15/2019,52.92,52.92,52.08,52.46,1744
01/16/2019,53,53.24,52.45,52.6,29587
01/17/2019,52.49,53.27,52.49,53.265,998
01/18/2019,53.5,54.58,53.5,54.575,23536
01/22/2019,53.5,53.79,53.5,53.79,478
01/23/2019,53.082,53.09,52.97,53.09,32385
01/24/2019,53.86,53.86,53.54,53.72,22836
01/25/2019,53.95,54.67,53.95,53.98,2655
01/28/2019,53.1,53.46,52.77,53.35,1991
01/29/2019,54.15,54.2,53.71,53.78,6995
01/30/2019,54.22,55.39,54.2,55.39,11782
01/31/2019,56.04,56.83,55.09,55.5,63231
02/01/2019,55.51,56,55.51,55.67,3190
02/04/2019,55.42,55.76,55.42,55.76,2219
02/05/2019,55.87,55.87,55.47,55.67,3387
02/06/2019,55.85,55.9781,55.49,55.89,27923
02/07/2019,55.6,55.62,54.77,55.05,2673
02/08/2019,54.45,54.64,54.45,54.6,1672
02/11/2019,55.1,55.85,55.1,55.708,122492
02/12/2019,56.58,56.58,56.45,56.4501,821
02/13/2019,56.84,57,56.74,56.91,30178
02/14/2019,57.09,57.09,56.83,56.95,1154
02/15/2019,58.18,58.47,58.18,58.46,1047
02/19/2019,58.75,58.75,58.75,58.75,100
02/20/2019,58,58.17,58,58.17,500
02/21/2019,58.2,58.2,57.83,57.87,1657
02/22/2019,58.44,58.56,57.85,57.92,1150
02/25/2019,58.16,58.16,57.9,57.9,300
02/26/2019,57.21,57.59,57.17,57.37,20012
02/27/2019,56.77,57.05,56.77,57.02,1110
02/28/2019,56.55,56.625,56.02,56.11,91276
03/01/2019,56.71,57.01,56.355,57.01,4785
03/04/2019,56.72,56.72,56.55,56.58,2650
03/05/2019,56.49,56.77,56.2,56.56,123936
03/06/2019,56.58,56.74,56.08,56.08,1858
03/07/2019,55.47,55.85,55.33,55.47,48938
03/08/2019,55.18,55.45,55.08,55.28,2332
03/11/2019,56.13,56.61,56.13,56.45,1610
03/12/2019,56.4,56.76,56.4,56.76,372
03/13/2019,56.6,57.265,56.6,57.1,1026
03/14/2019,56.63,56.63,56.45,56.46,812
03/15/2019,57.01,57.06,56.745,56.745,5002
03/18/2019,57.25,57.5,57.25,57.42,3812
03/19/2019,57.33,57.37,56.82,56.83,8013
03/20/2019,56.36,56.59,55.69,55.93,26472
03/21/2019,56.12,56.22,56.12,56.22,546
03/22/2019,55.05,55.05,53.53,53.66,14756
03/25/2019,53.9,54.1,53.2,53.25,47456
03/26/2019,53.57,53.83,52.92,53.07,28396
03/27/2019,52.8,52.8,52.22,52.22,127924
03/28/2019,52.63,53.03,52.51,52.92,2712
03/29/2019,53.87,53.87,53.5,53.58,19922
04/01/2019,54.11,54.72,54.11,54.54,2484
04/02/2019,54.67,54.97,54.605,54.84,115487
04/03/2019,55.22,55.28,55.02,55.25,2923
04/04/2019,55.71,55.84,55.65,55.69,3038
04/05/2019,55.94,55.94,55.51,55.81,91017
04/08/2019,55.6,56.62,55.52,56.41,58645
04/09/2019,56.04,56.27,56.01,56.0542,2264
04/10/2019,56.21,56.3,56.13,56.19,51307
04/11/2019,56.29,56.45,56.21,56.43,25656
04/12/2019,56.71,57.16,56.71,57.07,428
04/15/2019,57.05,57.05,57.05,57.05,100
04/16/2019,58.1,58.2,58.1,58.2,1675
04/17/2019,58.01,58.01,58,58,213
04/18/2019,58.49,58.49,58.15,58.33,750
04/22/2019,58.06,58.52,58.06,58.52,26100
04/23/2019,59.07,59.59,59.07,59.43,2413
04/24/2019,59.36,60.15,59.36,60.02,1607
04/25/2019,59.3698,59.7,58.83,58.83,4912
04/26/2019,59.09,60.1,59.09,59.72,1140
04/29/2019,60.04,60.49,59.79,60.13,30958
04/30/2019,58.74,58.86,58.6,58.76,28140
05/01/2019,59.01,59.33,58.63,58.89,2172
05/02/2019,58.39,58.527,58.39,58.527,200
05/03/2019,59.33,59.67,59.33,59.6,1382
05/06/2019,58.98,58.98,58.98,58.98,198
05/07/2019,57.7,57.83,57.6,57.81,661
05/08/2019,58,58,57.98,57.98,269
05/09/2019,58.73,59.01,57.55,59.01,2402
05/10/2019,58.3,58.89,58.3,58.84,772
05/13/2019,57.3,57.3,56.93,56.93,300
05/14/2019,56.93,57.14,56.93,57.14,500
05/15/2019,56.63,57.54,56.63,57.54,1494
05/16/2019,58.09,58.53,58.04,58.04,1687
05/17/2019,57.36,57.53,57.17,57.17,1810
05/20/2019,56.56,56.69,56.38,56.45,2009
05/21/2019,57,57.24,56.978,57.24,50700
05/22/2019,57.17,57.17,56.67,56.67,833
05/23/2019,55.86,56,55.14,55.34,714
05/24/2019,55.76,55.76,55.35,55.39,714
05/28/2019,55.7,55.79,55.13,55.13,26037
05/29/2019,54.6,56.28,54.6,56.28,1415
05/30/2019,56.83,57,56.47,57,1753
05/31/2019,55.82,55.845,54.85,54.93,64808
06/03/2019,55.69,55.9,55.4,55.44,4504
06/04/2019,56.39,57.53,56.32,57.53,1399
06/05/2019,57.25,58.07,57.25,57.84,4197
06/06/2019,58.21,58.21,57.6,57.77,32694
06/07/2019,58.52,58.52,57.74,57.8,4240
06/10/2019,58.58,58.72,58.41,58.458,1698
06/11/2019,59.34,59.34,58.49,58.83,1182
06/13/2019,58.82,58.82,58.72,58.72,476
06/14/2019,58.05,58.76,57.96,58.71,1582
06/17/2019,58.44,58.72,58.43,58.47,2013
06/18/2019,59.64,59.64,59.41,59.56,1653
06/19/2019,58.88,59.51,58.88,59.51,800
06/20/2019,60.04,60.15,59.88,60.11,1789
06/21/2019,59.58,59.82,59.5,59.74,1088
06/24/2019,59.8,59.935,59.2,59.2,2972
06/25/2019,59.15,59.26,58.93,58.97,2047
06/26/2019,58.96,59.16,58.83,59.11,2530
06/27/2019,59.08,59.88,58.97,59.88,7140
06/28/2019,61.21,61.5,61.03,61.43,46584
07/01/2019,61.64,61.64,61.02,61.3,20038
07/02/2019,61.08,61.24,60.91,61,50524
07/03/2019,60.94,61,60.84,61,11960
07/05/2019,60.65,60.93,60.18,60.85,8212
07/08/2019,60.35,60.41,59.91,59.91,26577
07/09/2019,59.46,59.48,59.02,59.07,6892
07/10/2019,58.79,58.9,58.79,58.9,400
07/11/2019,58.86,59,58.14,58.48,920
07/12/2019,57.82,59.05,57.71,59.05,42889
07/15/2019,59.21,59.23,58.7,58.79,980
07/16/2019,58.53,59.08,58.53,59.07,476
07/17/2019,58.67,58.74,58.16,58.16,1722
07/18/2019,57.81,58.03,57.69,57.69,1577
07/19/2019,58.02,58.41,58.02,58.21,4220
07/22/2019,58.2,58.2,57.94,58.12,1299
07/23/2019,58.75,59.61,58.4,59.52,11984
07/24/2019,59.94,60.8,59.76,60.71,3011
07/25/2019,60.51,60.52,59.57,59.65,30178
07/26/2019,59.59,60.03,59.34,60.03,800
07/29/2019,59.54,59.63,59.25,59.32,6268
07/30/2019,58.83,60.13,58.83,60.02,5780
07/31/2019,60.32,60.4,59.18,59.18,31520
08/01/2019,59.11,59.8,57.87,57.96,17016
08/02/2019,57.49,57.99,57.46,57.88,83897
08/05/2019,56.02,56.02,55.39,55.97,800
08/06/2019,56.59,56.78,56.31,56.63,3900
08/07/2019,55.95,56.24,55.95,56.12,1418
08/08/2019,57.18,57.44,56.98,57.42,5215
08/09/2019,57.05,57.3,57.05,57.3,898
08/12/2019,56.44,56.53,55.34,55.34,4440
08/13/2019,54.65,56.3561,54.65,55.58,4848
08/14/2019,54.06,54.54,54.06,54.38,1300
08/15/2019,53.74,53.81,52.73,53.3,18123
08/16/2019,53.42,53.98,53.42,53.63,1313
08/19/2019,53.9,53.9,53.83,53.83,880
08/20/2019,53.24,53.6,53.24,53.56,1032
08/21/2019,54.05,54.13,54,54.02,10948
08/22/2019,54.29,54.37,53.85,53.85,2312
08/23/2019,53.68,53.68,52.41,52.41,1600
08/26/2019,52.57,52.94,52.57,52.9,59443
08/27/2019,52.88,52.88,52.18,52.27,2657
08/28/2019,52.25,52.72,52.25,52.64,1609
08/29/2019,53.19,53.51,53.19,53.41,7296
08/30/2019,53.79,54.07,53.56,53.79,63628
09/03/2019,53.2,53.2,52.46,53.01,11904
09/04/2019,53.71,53.71,53.31,53.53,5730
09/05/2019,54.15,54.9,54.15,54.745,2810
09/06/2019,55.27,55.43,55.215,55.215,8352
09/09/2019,55.17,56.35,55.17,56.26,5607
09/10/2019,56.24,56.78,56.24,56.62,4661
09/11/2019,56.69,57.69,56.69,57.58,5943
09/12/2019,57.13,57.82,57.13,57.82,860
09/13/2019,58,58.43,57.64,57.85,89130
09/16/2019,57.6,57.71,57.41,57.58,41868
09/17/2019,56.71,56.96,56.12,56.25,113550
09/18/2019,56.07,56.2,55.83,56.2,2691
09/19/2019,56.09,56.45,55.85,55.85,2838
09/20/2019,56.22,56.66,55.92,55.94,2534
09/23/2019,56.05,56.44,55.85,56.43,1430
09/24/2019,55.88,55.88,55.14,55.29,2615
09/25/2019,55.57,55.93,55.49,55.9,1973
09/26/2019,54.67,54.75,54.6,54.75,3728
09/27/2019,54.79,54.79,54.67,54.67,429
09/30/2019,54.42,54.91,54.42,54.8,34125
10/01/2019,55.35,55.35,53.6,53.6,6690
10/02/2019,53.0556,53.35,52.39,53.35,137726
10/03/2019,52.79,53,52.28,53,33729
10/04/2019,52.83,52.83,52.56,52.69,809
10/07/2019,53,53.31,52.96,53.1,7126
10/08/2019,52.38,52.95,52.38,52.55,9785
10/09/2019,52.75,52.96,52.68,52.95,17660
10/10/2019,52.99,53.15,52.84,52.84,4200
10/11/2019,54.16,54.63,53.91,54.17,5749
10/14/2019,53.68,53.69,53.4,53.4,3393
10/15/2019,53.35,54.12,53.35,53.97,7893
10/16/2019,53.95,54.08,53.54,53.82,2376
10/17/2019,54.16,55.09,54.08,55.04,21418
10/18/2019,55.27,55.28,54.99,55.17,1256
10/21/2019,56.01,56.01,55.61,55.7,13720
10/22/2019,55.4,56.64,55.18,56.25,15753
10/23/2019,56.61,57.52,56.6,57.24,1351
10/24/2019,57.02,57.07,56.63,57.07,1268
10/25/2019,57.17,57.56,57.14,57.21,737
10/28/2019,57.84,58.8,57.82,58.8,79095
10/29/2019,57.61,58.07,57.04,57.13,3660
10/30/2019,61.23,61.23,55.57,58.95,96868
10/31/2019,57.67,57.67,55.7,56.16,73239
11/01/2019,56.23,57.46,55.82,57.46,13059
11/04/2019,57.93,59.91,57.93,59.21,6017
11/05/2019,60.25,60.9,60.05,60.31,8068
11/06/2019,59.72,60.7,59.18,60.7,2370
11/07/2019,61.52,61.81,60.55,60.66,8190
11/08/2019,60.89,61.19,60.88,61.19,1398
11/11/2019,61.53,61.53,61.09,61.09,800
11/12/2019,61.16,61.76,60.89,61.47,3653
11/13/2019,60.38,60.4344,60.01,60.05,1599
11/14/2019,60.31,60.43,59.1,59.63,952832
