2016-07-25 00:00:00,0.49,0.49,0.49,0.49,1000.0
2016-07-26 00:00:00,0.49,0.49,0.49,0.49,0.0
2016-07-27 00:00:00,0.49,0.49,0.49,0.49,160.0
2016-07-28 00:00:00,1.19,1.25,0.71,1.25,4020.0
2016-07-29 00:00:00,1.25,1.25,1.25,1.25,230.0
2016-08-01 00:00:00,1.45,1.45,0.72,1.45,2596.0
2016-08-02 00:00:00,1.15,1.15,1.1099,1.15,1550.0
2016-08-03 00:00:00,1.15,1.15,1.15,1.15,7.0
2016-08-04 00:00:00,1.15,1.15,1.15,1.15,0.0
2016-08-05 00:00:00,1.45,1.45,1.4492,1.45,6470.0
2016-08-08 00:00:00,1.45,1.45,1.45,1.45,0.0
2016-08-09 00:00:00,1.5,1.5,1.49,1.5,6427.0
2016-08-10 00:00:00,1.2501,1.5,1.2501,1.395,2100.0
2016-08-11 00:00:00,1.395,1.395,1.395,1.395,51.0
2016-08-12 00:00:00,1.5,1.5,1.4999,1.4999,5027.0
2016-08-15 00:00:00,1.4999,1.4999,1.4999,1.4999,0.0
2016-08-16 00:00:00,1.4999,1.4999,1.4999,1.4999,27.0
2016-08-17 00:00:00,1.4955,1.4955,1.4955,1.4955,373.0
2016-08-18 00:00:00,1.4955,1.4955,1.4955,1.4955,0.0
2016-08-19 00:00:00,1.4955,1.4955,1.4955,1.4955,0.0
2016-08-22 00:00:00,1.09,1.09,1.06,1.06,1102.0
2016-08-23 00:00:00,1.49,1.49,1.46,1.47,676.0
2016-08-24 00:00:00,1.1,1.1,1.1,1.1,455.0
2016-08-25 00:00:00,1.12,1.2432,1.12,1.12,1300.0
2016-08-26 00:00:00,1.12,1.1233,1.12,1.1233,1000.0
2016-08-29 00:00:00,1.1233,1.1233,1.1233,1.1233,0.0
2016-08-30 00:00:00,1.1,1.1,1.1,1.1,200.0
2016-08-31 00:00:00,1.4,1.4,1.3999,1.4,1000.0
2016-09-01 00:00:00,1.4,1.4413,1.39,1.4402,3088.0
2016-09-02 00:00:00,1.45,1.45,1.43,1.45,3511.0
2016-09-06 00:00:00,1.43,1.45,1.43,1.45,4800.0
2016-09-07 00:00:00,1.45,1.45,1.45,1.45,45.0
2016-09-08 00:00:00,1.45,1.45,1.45,1.45,0.0
2016-09-09 00:00:00,1.11,1.11,1.11,1.11,100.0
2016-09-12 00:00:00,1.11,1.11,1.11,1.11,0.0
2016-09-13 00:00:00,1.12,1.12,1.12,1.12,700.0
2016-09-14 00:00:00,1.12,1.132,1.12,1.12,450.0
2016-09-15 00:00:00,1.12,1.12,1.12,1.12,0.0
2016-09-16 00:00:00,1.12,1.12,1.12,1.12,0.0
2016-09-19 00:00:00,1.03,1.1395,1.03,1.1,2222.0
2016-09-20 00:00:00,1.1,1.1,1.1,1.1,3.0
2016-09-21 00:00:00,1.04,1.04,1.01,1.01,800.0
2016-09-22 00:00:00,1.01,1.01,1.01,1.01,0.0
2016-09-23 00:00:00,1.01,1.01,1.01,1.01,10.0
2016-09-26 00:00:00,1.01,1.01,1.01,1.01,419.0
2016-09-27 00:00:00,1.01,1.01,1.01,1.01,0.0
2016-09-28 00:00:00,1.01,1.01,1.01,1.01,0.0
2016-09-29 00:00:00,1.28,1.28,1.28,1.28,210.0
2016-09-30 00:00:00,1.28,1.2949,1.28,1.28,2619.0
2016-10-03 00:00:00,1.01,1.3,1.01,1.3,4535.0
2016-10-04 00:00:00,1.05,1.2,1.05,1.1,1325.0
2016-10-05 00:00:00,1.2,1.22,1.2,1.22,300.0
2016-10-06 00:00:00,1.22,1.22,1.22,1.22,0.0
2016-10-07 00:00:00,1.22,1.22,1.22,1.22,0.0
2016-10-10 00:00:00,1.15,1.15,1.15,1.15,200.0
2016-10-11 00:00:00,1.15,1.15,1.15,1.15,0.0
2016-10-12 00:00:00,1.15,1.15,1.15,1.15,0.0
2016-10-13 00:00:00,1.15,1.15,1.15,1.15,479.0
2016-10-14 00:00:00,1.15,1.15,1.15,1.15,0.0
2016-10-17 00:00:00,1.15,1.15,1.15,1.15,0.0
2016-10-18 00:00:00,1.15,1.15,1.15,1.15,0.0
2016-10-19 00:00:00,1.07,1.3,1.04,1.04,1500.0
2016-10-20 00:00:00,1.04,1.04,1.04,1.04,0.0
2016-10-21 00:00:00,1.04,1.04,1.04,1.04,0.0
2016-10-24 00:00:00,1.04,1.04,1.04,1.04,0.0
2016-10-25 00:00:00,1.24,1.24,1.24,1.24,479.0
2016-10-26 00:00:00,1.24,1.24,1.24,1.24,0.0
2016-10-27 00:00:00,1.24,1.24,1.24,1.24,0.0
2016-10-28 00:00:00,1.24,1.24,1.24,1.24,10.0
2016-10-31 00:00:00,1.24,1.24,1.24,1.24,0.0
2016-11-01 00:00:00,1.24,1.24,1.24,1.24,0.0
2016-11-02 00:00:00,1.24,1.24,1.24,1.24,30.0
2016-11-03 00:00:00,1.24,1.24,1.24,1.24,0.0
2016-11-04 00:00:00,1.24,1.24,1.24,1.24,0.0
2016-11-07 00:00:00,1.24,1.24,1.24,1.24,0.0
2016-11-08 00:00:00,0.9295,0.9295,0.9295,0.9295,227.0
2016-11-09 00:00:00,0.9296,0.9296,0.7901,0.7901,300.0
2016-11-10 00:00:00,0.7901,0.7901,0.7901,0.7901,9.0
2016-11-11 00:00:00,0.7901,0.7901,0.7901,0.7901,0.0
2016-11-14 00:00:00,0.7901,0.7901,0.7901,0.7901,0.0
2016-11-15 00:00:00,0.7901,0.7901,0.7901,0.7901,12.0
2016-11-16 00:00:00,0.65,0.6501,0.5108,0.52,8200.0
2016-11-17 00:00:00,0.52,0.52,0.52,0.52,107.0
2016-11-18 00:00:00,0.7967,0.7967,0.7967,0.7967,160.0
2016-11-21 00:00:00,0.7967,0.7967,0.7967,0.7967,0.0
2016-11-22 00:00:00,0.7967,0.7967,0.7967,0.7967,0.0
2016-11-23 00:00:00,0.7967,0.7967,0.7967,0.7967,0.0
2016-11-25 00:00:00,0.7967,0.7967,0.7967,0.7967,0.0
2016-11-28 00:00:00,0.7967,0.7967,0.7967,0.7967,0.0
2016-11-29 00:00:00,0.75,0.8,0.75,0.8,8810.0
2016-11-30 00:00:00,0.8,0.8,0.8,0.8,0.0
2016-12-01 00:00:00,0.8001,0.94,0.8001,0.8001,2772.0
2016-12-02 00:00:00,0.8001,0.8001,0.8001,0.8001,0.0
2016-12-05 00:00:00,0.79,0.8,0.79,0.795,2750.0
2016-12-06 00:00:00,0.795,0.795,0.795,0.795,0.0
2016-12-07 00:00:00,0.8224,0.8476,0.8224,0.8476,400.0
2016-12-08 00:00:00,0.8476,0.8476,0.8476,0.8476,0.0
2016-12-09 00:00:00,0.8476,0.8476,0.8476,0.8476,0.0
2016-12-12 00:00:00,0.8476,0.8476,0.8476,0.8476,0.0
2016-12-13 00:00:00,0.8476,0.8476,0.8476,0.8476,0.0
2016-12-14 00:00:00,0.8476,0.8476,0.8476,0.8476,43.0
2016-12-15 00:00:00,0.8476,0.8476,0.8476,0.8476,0.0
2016-12-16 00:00:00,0.8476,0.8476,0.8476,0.8476,0.0
2016-12-19 00:00:00,0.8476,0.8476,0.8476,0.8476,0.0
2016-12-20 00:00:00,0.8476,0.8476,0.8476,0.8476,0.0
2016-12-21 00:00:00,0.8476,0.8476,0.8476,0.8476,0.0
2016-12-22 00:00:00,0.8476,0.8476,0.8476,0.8476,0.0
2016-12-23 00:00:00,0.8476,0.8476,0.8476,0.8476,0.0
2016-12-27 00:00:00,0.8476,0.8476,0.8476,0.8476,0.0
2016-12-28 00:00:00,0.8476,0.8476,0.8476,0.8476,0.0
2016-12-29 00:00:00,0.45,0.5,0.45,0.5,1000.0
2016-12-30 00:00:00,0.5,0.5,0.5,0.5,0.0
2017-01-03 00:00:00,0.5,0.5,0.5,0.5,0.0
2017-01-04 00:00:00,0.5,0.5,0.5,0.5,0.0
2017-01-05 00:00:00,0.5,0.5,0.5,0.5,0.0
2017-01-06 00:00:00,0.5,0.5,0.5,0.5,0.0
2017-01-09 00:00:00,0.5,0.5,0.5,0.5,0.0
2017-01-10 00:00:00,0.5,0.5,0.5,0.5,0.0
2017-01-11 00:00:00,0.5,0.5,0.5,0.5,0.0
2017-01-12 00:00:00,0.5,0.5,0.5,0.5,0.0
2017-01-13 00:00:00,0.5,0.5,0.5,0.5,0.0
2017-01-17 00:00:00,0.5,0.65,0.4995,0.65,1228.0
2017-01-18 00:00:00,0.624,0.624,0.43,0.624,700.0
2017-01-19 00:00:00,0.624,0.624,0.624,0.624,0.0
2017-01-20 00:00:00,0.624,0.624,0.624,0.624,0.0
2017-01-23 00:00:00,0.624,0.624,0.624,0.624,0.0
2017-01-24 00:00:00,0.99,0.99,0.99,0.99,277.0
2017-01-25 00:00:00,0.99,0.99,0.99,0.99,190.0
2017-01-26 00:00:00,0.99,0.99,0.99,0.99,100.0
2017-01-27 00:00:00,0.99,0.99,0.99,0.99,0.0
2017-01-30 00:00:00,0.99,0.99,0.99,0.99,0.0
2017-01-31 00:00:00,0.5,0.5,0.5,0.5,100.0
2017-02-01 00:00:00,0.6,0.6,0.6,0.6,150.0
2017-02-02 00:00:00,0.6,0.6,0.6,0.6,0.0
2017-02-03 00:00:00,0.6,0.6,0.6,0.6,0.0
2017-02-06 00:00:00,0.6,0.6,0.6,0.6,0.0
2017-02-07 00:00:00,0.6,0.6,0.6,0.6,0.0
2017-02-08 00:00:00,0.6,0.6,0.6,0.6,0.0
2017-02-09 00:00:00,0.6,0.6,0.6,0.6,0.0
2017-02-10 00:00:00,0.6,0.6,0.6,0.6,0.0
2017-02-13 00:00:00,0.6,0.6,0.6,0.6,0.0
2017-02-14 00:00:00,0.6,0.6,0.6,0.6,0.0
2017-02-15 00:00:00,0.8,0.8,0.8,0.8,200.0
2017-02-16 00:00:00,0.76,1.0,0.76,1.0,2060.0
2017-02-17 00:00:00,0.95,0.95,0.8973,0.8973,500.0
2017-02-21 00:00:00,0.8973,0.8973,0.8973,0.8973,20.0
2017-02-22 00:00:00,0.62,0.62,0.62,0.62,2870.0
2017-02-23 00:00:00,0.62,0.62,0.62,0.62,0.0
2017-02-24 00:00:00,0.62,0.62,0.62,0.62,1000.0
2017-02-27 00:00:00,0.62,0.62,0.62,0.62,12.0
2017-02-28 00:00:00,0.62,0.62,0.62,0.62,0.0
2017-03-01 00:00:00,0.62,0.62,0.62,0.62,0.0
2017-03-02 00:00:00,0.62,0.62,0.62,0.62,140.0
2017-03-03 00:00:00,0.62,0.62,0.62,0.62,45.0
2017-03-06 00:00:00,0.62,0.62,0.62,0.62,0.0
2017-03-07 00:00:00,0.62,0.62,0.62,0.62,0.0
2017-03-08 00:00:00,0.62,0.62,0.62,0.62,25.0
2017-03-09 00:00:00,0.62,0.62,0.62,0.62,0.0
2017-03-10 00:00:00,0.62,0.62,0.62,0.62,0.0
2017-03-13 00:00:00,0.62,0.62,0.6,0.6,7500.0
2017-03-14 00:00:00,0.6,0.6,0.6,0.6,0.0
2017-03-15 00:00:00,0.6,0.6,0.6,0.6,0.0
2017-03-16 00:00:00,0.6,0.6,0.6,0.6,0.0
2017-03-17 00:00:00,0.6,0.6,0.6,0.6,200.0
2017-03-20 00:00:00,0.6,0.6,0.6,0.6,0.0
2017-03-21 00:00:00,0.6,0.6,0.6,0.6,68.0
2017-03-22 00:00:00,0.6012,0.6012,0.6,0.6,1000.0
2017-03-23 00:00:00,0.6,0.6,0.6,0.6,250.0
2017-03-24 00:00:00,0.6,0.6,0.6,0.6,0.0
2017-03-27 00:00:00,0.6,0.6,0.6,0.6,0.0
2017-03-28 00:00:00,0.6,0.6,0.6,0.6,0.0
2017-03-29 00:00:00,0.6,0.6,0.6,0.6,0.0
2017-03-30 00:00:00,0.6,0.6,0.6,0.6,0.0
2017-03-31 00:00:00,0.88,0.88,0.88,0.88,100.0
2017-04-03 00:00:00,0.88,0.88,0.88,0.88,0.0
2017-04-04 00:00:00,0.88,0.88,0.88,0.88,0.0
2017-04-05 00:00:00,0.6012,0.6012,0.6,0.6012,2000.0
2017-04-06 00:00:00,0.6012,0.6012,0.6012,0.6012,0.0
2017-04-07 00:00:00,0.6012,0.6012,0.6012,0.6012,0.0
2017-04-10 00:00:00,0.6012,0.6012,0.6012,0.6012,0.0
2017-04-11 00:00:00,0.6012,0.6012,0.6012,0.6012,0.0
2017-04-12 00:00:00,0.6012,0.6012,0.6012,0.6012,0.0
2017-04-13 00:00:00,0.6012,0.6012,0.6012,0.6012,0.0
2017-04-17 00:00:00,0.6,0.6,0.6,0.6,2000.0
2017-04-18 00:00:00,0.6,0.6,0.6,0.6,0.0
2017-04-19 00:00:00,0.6,0.6,0.6,0.6,0.0
2017-04-20 00:00:00,0.6,0.6,0.6,0.6,0.0
2017-04-21 00:00:00,0.6,0.6,0.6,0.6,0.0
2017-04-24 00:00:00,0.6,0.6,0.6,0.6,0.0
2017-04-25 00:00:00,0.6,0.6,0.6,0.6,0.0
2017-04-26 00:00:00,0.6,0.6,0.6,0.6,0.0
2017-04-27 00:00:00,0.6,0.6,0.6,0.6,1100.0
2017-04-28 00:00:00,0.62,0.62,0.62,0.62,4365.0
2017-05-01 00:00:00,0.62,0.62,0.62,0.62,0.0
2017-05-02 00:00:00,0.62,0.62,0.62,0.62,0.0
2017-05-03 00:00:00,0.62,0.62,0.62,0.62,0.0
2017-05-04 00:00:00,0.62,0.62,0.62,0.62,0.0
2017-05-05 00:00:00,0.6,0.6,0.6,0.6,5000.0
2017-05-08 00:00:00,0.6,0.6,0.6,0.6,0.0
2017-05-09 00:00:00,0.6,0.6,0.6,0.6,0.0
2017-05-10 00:00:00,0.6,0.6,0.6,0.6,300.0
2017-05-11 00:00:00,0.6,0.6,0.6,0.6,0.0
2017-05-12 00:00:00,0.6,0.6,0.6,0.6,0.0
2017-05-15 00:00:00,0.6,0.6,0.6,0.6,0.0
2017-05-16 00:00:00,0.6,0.6,0.6,0.6,0.0
2017-05-17 00:00:00,0.6,0.6,0.6,0.6,0.0
2017-05-18 00:00:00,0.6,0.6,0.6,0.6,0.0
2017-05-19 00:00:00,0.62,0.65,0.6,0.6,500.0
2017-05-22 00:00:00,0.6,0.6,0.6,0.6,300.0
2017-05-23 00:00:00,0.6,0.6,0.6,0.6,0.0
2017-05-24 00:00:00,0.6,0.6,0.6,0.6,0.0
2017-05-25 00:00:00,0.6,0.6,0.6,0.6,0.0
2017-05-26 00:00:00,0.6,0.6,0.6,0.6,23.0
2017-05-30 00:00:00,0.6,0.6,0.6,0.6,0.0
2017-05-31 00:00:00,0.6,0.6,0.6,0.6,0.0
2017-06-01 00:00:00,0.6,0.6,0.6,0.6,0.0
2017-06-02 00:00:00,0.6,0.6,0.6,0.6,0.0
2017-06-05 00:00:00,0.6,0.6,0.6,0.6,0.0
2017-06-06 00:00:00,0.6,0.6,0.6,0.6,0.0
2017-06-07 00:00:00,0.6,0.6,0.6,0.6,0.0
2017-06-08 00:00:00,0.6,0.6,0.6,0.6,0.0
2017-06-09 00:00:00,0.6,0.6,0.6,0.6,0.0
2017-06-12 00:00:00,0.6,0.6,0.6,0.6,0.0
2017-06-13 00:00:00,0.6,0.6,0.6,0.6,0.0
2017-06-14 00:00:00,0.6,0.6,0.6,0.6,0.0
2017-06-15 00:00:00,0.6,0.6,0.6,0.6,0.0
2017-06-16 00:00:00,0.6,0.6,0.6,0.6,0.0
2017-06-19 00:00:00,0.6,0.6,0.6,0.6,0.0
2017-06-20 00:00:00,0.6,0.6,0.6,0.6,0.0
2017-06-21 00:00:00,0.6,0.6,0.6,0.6,454.0
2017-06-22 00:00:00,0.6,0.6,0.6,0.6,0.0
2017-06-23 00:00:00,0.6,0.6,0.6,0.6,0.0
2017-06-26 00:00:00,0.6,0.6,0.6,0.6,0.0
2017-06-27 00:00:00,0.6,0.6,0.6,0.6,0.0
2017-06-28 00:00:00,0.6,0.6,0.6,0.6,0.0
2017-06-29 00:00:00,0.6,0.6,0.6,0.6,0.0
2017-06-30 00:00:00,0.6,0.6,0.6,0.6,0.0
2017-07-03 00:00:00,0.6,0.6,0.6,0.6,0.0
2017-07-05 00:00:00,0.6,0.6,0.6,0.6,0.0
2017-07-06 00:00:00,0.6,0.6,0.6,0.6,0.0
2017-07-07 00:00:00,0.6,0.6,0.6,0.6,0.0
2017-07-10 00:00:00,0.6,0.6,0.6,0.6,10000.0
2017-07-11 00:00:00,0.6,0.6,0.6,0.6,0.0
2017-07-12 00:00:00,0.6,0.6,0.6,0.6,0.0
2017-07-13 00:00:00,0.6,0.6,0.6,0.6,0.0
2017-07-14 00:00:00,0.6,0.6,0.6,0.6,1130.0
2017-07-17 00:00:00,0.6,0.6,0.6,0.6,0.0
2017-07-18 00:00:00,0.6,0.6,0.6,0.6,0.0
2017-07-19 00:00:00,0.6,0.6,0.6,0.6,0.0
2017-07-20 00:00:00,0.6,0.6,0.6,0.6,0.0
2017-07-21 00:00:00,0.6,0.6,0.6,0.6,0.0
2017-07-24 00:00:00,0.6,0.6,0.6,0.6,0.0
2017-07-25 00:00:00,0.6,0.6,0.6,0.6,0.0
2017-07-26 00:00:00,0.6,0.6,0.6,0.6,0.0
2017-07-27 00:00:00,0.6,0.6,0.6,0.6,0.0
2017-07-28 00:00:00,0.6,0.6,0.6,0.6,0.0
2017-07-31 00:00:00,0.6,0.6,0.6,0.6,12718.0
2017-08-01 00:00:00,0.6,0.6,0.6,0.6,0.0
2017-08-02 00:00:00,0.55,0.55,0.41,0.44,37474.0
2017-08-03 00:00:00,0.6,0.6,0.5971,0.5971,3524.0
2017-08-04 00:00:00,0.6,0.6,0.5861,0.5861,3000.0
2017-08-07 00:00:00,0.68,0.68,0.68,0.68,212.0
2017-08-08 00:00:00,0.68,0.68,0.68,0.68,0.0
2017-08-09 00:00:00,0.68,0.68,0.68,0.68,14.0
2017-08-10 00:00:00,0.68,0.68,0.68,0.68,0.0
2017-08-11 00:00:00,0.6,0.6,0.6,0.6,1241.0
2017-08-14 00:00:00,0.74,0.74,0.74,0.74,500.0
2017-08-15 00:00:00,0.58,0.58,0.58,0.58,415.0
2017-08-16 00:00:00,0.6,0.6,0.6,0.6,718.0
2017-08-17 00:00:00,0.6,0.6,0.6,0.6,0.0
2017-08-18 00:00:00,0.65,0.65,0.64,0.64,3400.0
2017-08-21 00:00:00,0.64,0.64,0.64,0.64,0.0
2017-08-22 00:00:00,0.64,0.64,0.64,0.64,0.0
2017-08-23 00:00:00,0.64,0.64,0.64,0.64,0.0
2017-08-24 00:00:00,0.7525,1.0,0.75,1.0,3500.0
2017-08-25 00:00:00,0.9,0.9,0.9,0.9,100.0
2017-08-28 00:00:00,0.86,0.9,0.85,0.85,1200.0
2017-08-29 00:00:00,0.85,0.85,0.85,0.85,0.0
2017-08-30 00:00:00,0.85,0.85,0.85,0.85,0.0
2017-08-31 00:00:00,0.85,0.85,0.85,0.85,0.0
2017-09-01 00:00:00,0.75,0.75,0.75,0.75,100.0
2017-09-05 00:00:00,0.75,0.75,0.75,0.75,0.0
2017-09-06 00:00:00,0.9,0.9,0.9,0.9,300.0
2017-09-07 00:00:00,0.9,0.9,0.9,0.9,2200.0
2017-09-12 00:00:00,0.9,0.9,0.9,0.9,0.0
2017-09-13 00:00:00,0.9,0.9,0.9,0.9,0.0
2017-09-14 00:00:00,0.9,0.9,0.9,0.9,0.0
2017-09-18 00:00:00,0.75,0.78,0.75,0.78,788.0
2017-09-20 00:00:00,0.66,0.66,0.65,0.65,4273.0
2017-09-22 00:00:00,0.6,0.6,0.6,0.6,3400.0
2017-09-26 00:00:00,0.6,0.6,0.6,0.6,100.0
2017-09-28 00:00:00,0.58,0.58,0.58,0.58,200.0
2017-10-13 00:00:00,0.75,0.904,0.7,0.85,23835.0
2017-10-16 00:00:00,0.77,1.0,0.75,1.0,3715.0
2017-10-17 00:00:00,0.65,1.18,0.65,1.175,389.0
2017-10-18 00:00:00,1.37,3.0,1.37,1.98,26506.0
2017-10-19 00:00:00,1.98,1.9887,1.98,1.9887,1106.0
2017-10-23 00:00:00,2.0,2.0,2.0,2.0,197.0
2017-10-24 00:00:00,1.28,2.0,1.25,2.0,34303.0
2017-10-27 00:00:00,1.96,2.0,1.72,2.0,1100.0
2017-10-31 00:00:00,1.0,1.0,1.0,1.0,100.0
2017-11-01 00:00:00,1.01,1.01,1.01,1.01,500.0
2017-11-02 00:00:00,1.89,1.89,1.89,1.89,100.0
2017-11-07 00:00:00,1.35,1.35,1.35,1.35,500.0
2017-11-09 00:00:00,0.78,0.79,0.75,0.75,1100.0
2017-11-13 00:00:00,0.7,0.9,0.7,0.7,800.0
2017-11-16 00:00:00,0.8,1.045,0.8,0.8,200.0
2017-11-20 00:00:00,1.0,1.1,1.0,1.1,418.0
2017-11-21 00:00:00,1.0,1.0,0.92,0.92,3200.0
2017-11-22 00:00:00,0.77,0.77,0.77,0.77,300.0
2017-11-27 00:00:00,1.0,1.0,0.955,1.0,6200.0
2017-12-01 00:00:00,0.5501,0.5501,0.5501,0.5501,1000.0
2017-12-04 00:00:00,0.7151,0.7151,0.6999,0.7,1100.0
2017-12-05 00:00:00,0.8,0.85,0.8,0.85,300.0
2017-12-06 00:00:00,0.8,0.8,0.8,0.8,100.0
2017-12-07 00:00:00,1.04,1.04,0.8,0.8,950.0
2017-12-11 00:00:00,1.177,1.25,1.177,1.25,2000.0
2017-12-12 00:00:00,1.25,1.25,1.25,1.25,88.0
2017-12-13 00:00:00,1.25,1.25,1.25,1.25,88.0
2017-12-18 00:00:00,1.5,1.5,1.35,1.35,498.0
2017-12-20 00:00:00,1.0,1.01,1.0,1.0,500.0
2017-12-22 00:00:00,1.0,1.0,1.0,1.0,1100.0
2017-12-27 00:00:00,0.6,0.9,0.6,0.9,42408.0
2017-12-28 00:00:00,0.6837,0.7,0.65,0.7,8500.0
2018-01-02 00:00:00,0.75,0.75,0.51,0.75,18000.0
2018-01-03 00:00:00,0.75,0.97,0.75,0.97,1000.0
2018-01-04 00:00:00,0.97,0.97,0.97,0.97,87.0
2018-01-05 00:00:00,0.63,0.63,0.63,0.63,100.0
2018-01-08 00:00:00,0.7,0.7,0.7,0.7,2500.0
2018-01-11 00:00:00,0.7103,0.7103,0.7,0.7,42200.0
2018-01-12 00:00:00,0.69,0.69,0.69,0.69,19000.0
2018-01-19 00:00:00,0.67,0.67,0.67,0.67,11000.0
2018-01-22 00:00:00,0.62,0.62,0.61,0.61,288.0
2018-01-24 00:00:00,0.68,0.68,0.68,0.68,3500.0
2018-01-25 00:00:00,0.69,0.69,0.69,0.69,700.0
2018-01-26 00:00:00,0.61,0.69,0.61,0.6804,6069.0
2018-01-30 00:00:00,0.6804,0.6804,0.6804,0.6804,13.0
2018-01-31 00:00:00,0.615,0.615,0.615,0.615,3650.0
2018-02-01 00:00:00,0.78,0.78,0.78,0.78,193.0
2018-02-02 00:00:00,0.78,0.78,0.78,0.78,10.0
2018-02-07 00:00:00,0.55,0.55,0.5133,0.5133,1530.0
2018-02-09 00:00:00,0.47,0.47,0.4,0.4,221963.0
2018-02-12 00:00:00,0.6,0.6,0.4988,0.6,1600.0
2018-02-13 00:00:00,0.6,0.6,0.6,0.6,191.0
2018-02-15 00:00:00,0.6,0.64,0.6,0.64,2770.0
2018-02-16 00:00:00,0.7,0.7,0.7,0.7,400.0
2018-02-20 00:00:00,0.7,0.7,0.7,0.7,200.0
2018-02-22 00:00:00,0.62,0.68,0.62,0.68,1200.0
2018-03-01 00:00:00,0.57,0.57,0.52,0.52,1100.0
2018-03-02 00:00:00,0.62,0.62,0.45,0.59,6900.0
2018-03-07 00:00:00,0.51,0.51,0.51,0.51,600.0
2018-03-09 00:00:00,0.53,0.53,0.53,0.53,2400.0
2018-03-12 00:00:00,0.44,0.5315,0.44,0.53,1220.0
2018-03-13 00:00:00,0.5708,0.5708,0.5708,0.5708,500.0
2018-03-14 00:00:00,0.59,0.675,0.58,0.675,29077.0
2018-03-15 00:00:00,0.6,0.603,0.6,0.603,14000.0
2018-03-19 00:00:00,0.62,0.62,0.55,0.5511,4500.0
2018-03-22 00:00:00,0.5092,0.518,0.5092,0.518,600.0
2018-03-23 00:00:00,0.52,0.52,0.52,0.52,100.0
2018-03-29 00:00:00,0.6,0.6,0.6,0.6,500.0
2018-04-06 00:00:00,0.45,0.6,0.45,0.6,7639.0
2018-04-09 00:00:00,0.5136,0.6,0.5136,0.6,4000.0
2018-04-13 00:00:00,0.68,0.68,0.68,0.68,300.0
2018-04-17 00:00:00,0.6362,0.6362,0.6362,0.6362,200.0
2018-04-18 00:00:00,0.62,0.67,0.62,0.67,1300.0
2018-05-03 00:00:00,0.6632,0.985,0.6632,0.985,5100.0
2018-05-04 00:00:00,0.93,0.9721,0.86,0.91,14785.0
2018-05-08 00:00:00,0.698,0.698,0.698,0.698,880.0
2018-05-10 00:00:00,0.7678,0.7678,0.748,0.748,4060.0
2018-05-15 00:00:00,0.862,0.917,0.852,0.916,6920.0
2018-05-17 00:00:00,0.734,0.744,0.716,0.722,8140.0
2018-05-21 00:00:00,0.69,0.8143,0.69,0.814,3300.0
2018-05-22 00:00:00,0.95,0.95,0.94,0.95,286440.0
2018-05-25 00:00:00,0.9407,0.9407,0.9407,0.9407,300.0
2018-05-29 00:00:00,0.9,0.9045,0.9,0.9,9700.0
2018-05-30 00:00:00,0.92,0.92,0.9,0.92,6016.0
2018-05-31 00:00:00,0.92,0.92,0.92,0.92,11.0
2018-06-01 00:00:00,0.9,0.9045,0.609,0.7999,43900.0
2018-06-04 00:00:00,0.8,0.8,0.8,0.8,100.0
2018-06-05 00:00:00,0.8,0.82,0.8,0.8173,17000.0
2018-06-06 00:00:00,2.93,3.8,1.5,1.5,751.0
2018-06-08 00:00:00,0.9001,1.47,0.9001,1.4655,300.0
2018-06-11 00:00:00,1.49,1.49,1.49,1.49,100.0
2018-06-14 00:00:00,1.49,1.49,1.49,1.49,100.0
2018-06-15 00:00:00,1.5,1.5,1.4955,1.4955,1000.0
2018-06-19 00:00:00,0.99,0.99,0.99,0.99,100.0
2018-06-20 00:00:00,1.25,1.25,1.25,1.25,950.0
2018-06-21 00:00:00,1.5,1.5,1.25,1.25,21801.0
2018-06-25 00:00:00,1.25,1.25,1.25,1.25,4014.0
2018-06-26 00:00:00,1.0,1.0,1.0,1.0,300.0
2018-06-27 00:00:00,1.01,1.25,1.01,1.25,5965.0
2018-07-03 00:00:00,1.03,1.27,1.03,1.27,275.0
2018-07-05 00:00:00,1.27,1.27,1.27,1.27,18.0
2018-07-06 00:00:00,1.35,1.85,1.35,1.5876,2900.0
2018-07-09 00:00:00,1.6,1.6,1.4549,1.5,29430.0
2018-07-11 00:00:00,1.88,1.88,1.5501,1.5501,250.0
2018-07-12 00:00:00,1.6337,1.7001,1.6337,1.7001,1700.0
2018-07-13 00:00:00,1.7001,1.7001,1.7001,1.7001,90.0
2018-07-17 00:00:00,1.84,1.84,1.8337,1.8337,300.0
2018-07-23 00:00:00,1.8337,1.8337,1.8337,1.8337,25.0
2018-07-24 00:00:00,1.4341,1.4341,1.2772,1.2772,1775.0
2018-07-25 00:00:00,1.2772,1.2772,1.2772,1.2772,160.0
2018-07-31 00:00:00,1.2772,1.2772,1.2772,1.2772,147.0
2018-08-02 00:00:00,1.2772,1.2772,1.2772,1.2772,79.0
2018-08-03 00:00:00,1.2999,1.3,1.2999,1.3,600.0
2018-08-09 00:00:00,1.3,1.3,0.8961,1.2499,4700.0
2018-08-10 00:00:00,1.24,1.24,1.24,1.24,206.0
2018-08-16 00:00:00,1.3,1.3,1.3,1.3,500.0
2018-08-22 00:00:00,1.1062,1.11,0.936,0.936,4988.0
2018-08-28 00:00:00,1.2,1.7039,1.2,1.3266,5888.0
2018-08-29 00:00:00,1.33,1.45,1.32,1.45,1286.0
2018-08-30 00:00:00,1.43,1.43,1.43,1.43,100.0
2018-08-31 00:00:00,1.6499,1.6499,1.6499,1.6499,125.0
2018-09-04 00:00:00,1.3,1.54,1.25,1.5335,2500.0
2018-09-05 00:00:00,1.5335,1.5335,1.5335,1.5335,15.0
2018-09-06 00:00:00,1.41,1.41,1.32,1.34,1773.0
2018-09-07 00:00:00,1.3001,1.35,1.27,1.3,1850.0
2018-09-10 00:00:00,1.62,1.62,1.5,1.5075,11885.0
2018-09-11 00:00:00,1.77,2.0,1.77,2.0,5565.0
2018-09-12 00:00:00,2.0,2.199,2.0,2.0,15451.0
2018-09-13 00:00:00,1.6,2.0,1.3,1.306,31414.0
2018-09-14 00:00:00,1.66,1.66,0.9142,1.35,11702.0
2018-09-17 00:00:00,1.3,1.3,1.28,1.3,2500.0
2018-09-21 00:00:00,1.5416,1.69,1.5416,1.6799,2900.0
2018-09-24 00:00:00,1.67,1.7,1.6699,1.6909,6300.0
2018-09-25 00:00:00,1.7,1.8,1.6931,1.8,13834.0
2018-09-26 00:00:00,2.1535,2.25,2.0,2.1485,2566.0
2018-09-28 00:00:00,2.25,2.25,2.14,2.18,14450.0
2018-10-01 00:00:00,2.021,2.1501,2.02,2.15,10050.0
2018-10-02 00:00:00,2.15,2.21,2.1402,2.21,4449.0
2018-10-03 00:00:00,2.0,2.25,1.9924,2.11,4015.0
2018-10-04 00:00:00,1.69,2.0229,1.671,2.0229,1200.0
2018-10-05 00:00:00,1.95,2.2,1.65,2.1912,1012.0
2018-10-11 00:00:00,2.1912,2.1912,2.1912,2.1912,275.0
2018-10-19 00:00:00,1.4,1.82,1.3,1.8,2030.0
2018-10-22 00:00:00,1.78,1.78,1.72,1.72,207.0
2018-10-23 00:00:00,1.63,1.63,1.63,1.63,123.0
2018-10-26 00:00:00,1.7,1.7,1.7,1.7,107.0
2018-10-30 00:00:00,1.17,1.32,1.16,1.25,2825.0
2018-11-02 00:00:00,1.22,1.22,1.22,1.22,300.0
2018-11-08 00:00:00,1.15,1.1558,1.15,1.1558,200.0
2018-11-09 00:00:00,1.17,1.17,1.1656,1.1656,600.0
2018-11-14 00:00:00,1.15,1.15,1.15,1.15,100.0
2018-11-19 00:00:00,1.11,1.11,1.11,1.11,100.0
2018-11-23 00:00:00,1.14,1.14,1.14,1.14,100.0
2018-12-06 00:00:00,1.15,1.1505,1.15,1.15,1045.0
2018-12-12 00:00:00,0.7,0.7,0.6969,0.6969,2214.0
2018-12-13 00:00:00,0.66,0.6631,0.52,0.52,2201.0
2018-12-18 00:00:00,0.5,0.5,0.5,0.5,100.0
2018-12-19 00:00:00,0.35,0.45,0.35,0.45,8688.0
2018-12-21 00:00:00,0.6,0.8205,0.6,0.8205,1580.0
2018-12-27 00:00:00,0.82,0.82,0.82,0.82,500.0
2018-12-31 00:00:00,0.9748,0.9748,0.9748,0.9748,100.0
2019-01-02 00:00:00,0.8,0.8,0.8,0.8,300.0
2019-01-03 00:00:00,0.8,0.8,0.8,0.8,35.0
2019-01-07 00:00:00,0.95,0.95,0.95,0.95,2200.0
2019-01-08 00:00:00,1.25,1.25,1.25,1.25,500.0
2019-01-09 00:00:00,1.25,1.25,1.25,1.25,53700.0
2019-01-10 00:00:00,1.25,1.25,1.25,1.25,589.0
2019-01-11 00:00:00,1.25,1.25,1.25,1.25,1000.0
2019-01-15 00:00:00,1.085,1.085,0.95,0.95,1000.0
2019-01-16 00:00:00,0.95,0.95,0.95,0.95,311.0
2019-01-17 00:00:00,0.95,0.95,0.95,0.95,14265.0
2019-01-18 00:00:00,0.85,0.965,0.85,0.9414,2247.0
2019-01-22 00:00:00,1.134,1.15,1.134,1.15,4556.0
2019-01-25 00:00:00,1.27,1.3,1.26,1.3,2800.0
2019-01-28 00:00:00,1.3,1.3,1.3,1.3,400.0
2019-01-29 00:00:00,1.02,1.04,1.0,1.0,37094.0
2019-01-30 00:00:00,0.97,0.97,0.77,0.77,17419.0
2019-02-01 00:00:00,0.9,0.9,0.9,0.9,17357.0
2019-02-04 00:00:00,0.9,0.9,0.9,0.9,9400.0
2019-02-05 00:00:00,0.9,0.9,0.9,0.9,8801.0
2019-02-07 00:00:00,0.9,0.9,0.9,0.9,589.0
2019-02-08 00:00:00,0.9649,0.9749,0.9649,0.9749,2900.0
2019-02-13 00:00:00,0.9749,0.9749,0.9749,0.9749,400.0
2019-02-14 00:00:00,1.0999,1.0999,1.01,1.015,9475.0
2019-02-15 00:00:00,1.015,1.015,1.015,1.015,5675.0
2019-02-19 00:00:00,1.015,1.015,1.015,1.015,50.0
2019-02-20 00:00:00,0.75,1.01,0.7,1.01,1700.0
2019-02-21 00:00:00,1.0,1.0,1.0,1.0,501.0
2019-02-22 00:00:00,1.05,1.05,1.05,1.05,1948.0
2019-02-25 00:00:00,1.05,1.05,1.05,1.05,50100.0
2019-02-26 00:00:00,1.05,1.05,1.05,1.05,2856.0
2019-02-27 00:00:00,1.05,1.0549,0.8,0.8,3705.0
2019-02-28 00:00:00,0.8,0.8,0.8,0.8,18.0
2019-03-01 00:00:00,0.8,0.8,0.8,0.8,24117.0
2019-03-04 00:00:00,0.8,0.8,0.8,0.8,11548.0
2019-03-05 00:00:00,1.0,1.0,1.0,1.0,1000.0
2019-03-06 00:00:00,1.0,1.005,0.85,0.85,3328.0
2019-03-07 00:00:00,0.75,0.75,0.75,0.75,10237.0
2019-03-11 00:00:00,0.75,0.75,0.75,0.75,28190.0
2019-03-12 00:00:00,0.75,0.75,0.75,0.75,7678.0
2019-03-13 00:00:00,0.64,0.6431,0.6,0.6101,3000.0
2019-03-15 00:00:00,0.6101,0.6101,0.6101,0.6101,8937.0
2019-03-18 00:00:00,0.82,0.9284,0.82,0.9284,10393.0
2019-03-19 00:00:00,1.0,1.0,1.0,1.0,50100.0
2019-03-20 00:00:00,1.0,1.0,1.0,1.0,200.0
2019-03-21 00:00:00,0.8,0.8,0.63,0.65,5172.0
2019-03-28 00:00:00,0.5,0.55,0.465,0.475,4500.0
2019-03-29 00:00:00,0.5,0.5,0.5,0.5,900.0
2019-04-01 00:00:00,0.5,0.5,0.4,0.4,1000.0
2019-04-02 00:00:00,0.4,0.4,0.4,0.4,1038.0
2019-04-03 00:00:00,0.402,0.402,0.4009,0.4009,676.0
2019-04-04 00:00:00,0.4009,0.4009,0.4009,0.4009,189.0
2019-04-10 00:00:00,0.31,0.31,0.31,0.31,250.0
2019-04-12 00:00:00,0.26,0.26,0.26,0.26,5430.0
2019-04-17 00:00:00,0.33,0.33,0.1051,0.1051,1650.0
2019-04-18 00:00:00,0.17,0.17,0.17,0.17,145.0
2019-04-23 00:00:00,0.23,0.23,0.23,0.23,1010.0
2019-04-26 00:00:00,0.15,0.25,0.11,0.2499,4395.0
2019-04-29 00:00:00,0.25,0.25,0.25,0.25,3205.0
2019-04-30 00:00:00,0.25,0.25,0.25,0.25,95.0
2019-05-06 00:00:00,0.1101,0.1101,0.1101,0.1101,1000.0
2019-05-07 00:00:00,0.1901,0.1901,0.1901,0.1901,185.0
2019-05-08 00:00:00,0.13,0.13,0.1052,0.1052,1300.0
2019-05-10 00:00:00,0.0301,0.0301,0.02,0.02,25214.0
2019-05-13 00:00:00,0.015,0.015,0.015,0.015,559.0
2019-05-14 00:00:00,0.02,0.0989,0.02,0.0989,1880.0
2019-05-15 00:00:00,0.0989,0.0989,0.02,0.02,546.0
2019-05-16 00:00:00,0.0255,0.0989,0.0254,0.03,10285.0
2019-05-17 00:00:00,0.0402,0.0782,0.02,0.0203,82800.0
2019-05-30 00:00:00,0.02,0.02,0.02,0.02,2000.0
2019-05-31 00:00:00,0.02315,0.02315,0.02315,0.02315,1000.0
2019-06-03 00:00:00,0.024,0.024,0.015,0.015,910.0
2019-06-04 00:00:00,0.02,0.25,0.02,0.25,64526.0
2019-06-05 00:00:00,0.25,0.285,0.19,0.273,56750.0
2019-06-06 00:00:00,0.2889,0.34,0.2889,0.34,6350.0
2019-06-07 00:00:00,0.34,0.34,0.34,0.34,80.0
2019-06-10 00:00:00,0.2,0.325361,0.2,0.325,50280.0
2019-06-11 00:00:00,0.3,0.31,0.3,0.31,8092.0
2019-06-12 00:00:00,0.3,0.3014,0.3,0.3014,1000.0
2019-06-14 00:00:00,0.22,0.22,0.22,0.22,500.0
2019-06-17 00:00:00,0.35,0.35,0.35,0.35,600.0
2019-06-18 00:00:00,0.4,0.4789,0.39,0.39,5500.0
2019-06-19 00:00:00,0.4689,0.4689,0.4689,0.4689,200.0
2019-06-20 00:00:00,0.4789,0.4789,0.4789,0.4789,120.0
2019-06-21 00:00:00,0.4789,0.4789,0.4789,0.4789,10.0
2019-06-24 00:00:00,0.416648,0.416648,0.39,0.39,2750.0
2019-06-26 00:00:00,0.37,0.37,0.37,0.37,250.0
2019-07-01 00:00:00,0.37,0.4,0.35,0.4,3600.0
2019-07-02 00:00:00,0.4,0.4,0.4,0.4,50.0
2019-07-05 00:00:00,0.265,0.265,0.265,0.265,326.0
2019-07-08 00:00:00,0.265,0.265,0.265,0.265,20.0
2019-07-12 00:00:00,0.265,0.265,0.265,0.265,71.0
2019-07-16 00:00:00,0.27,0.27,0.26,0.26,451.0
2019-07-19 00:00:00,0.2601,0.2601,0.2601,0.2601,126.0
2019-07-29 00:00:00,0.26,0.26,0.26,0.26,2500.0
2019-08-09 00:00:00,0.35,0.37,0.35,0.37,1300.0
2019-08-12 00:00:00,0.4749,0.4749,0.45,0.45,308.0
2019-08-13 00:00:00,0.34,0.45,0.34,0.45,2900.0
2019-08-14 00:00:00,0.42,0.4201,0.42,0.4201,800.0
2019-08-15 00:00:00,0.4789,0.48,0.395,0.42,22700.0
2019-08-16 00:00:00,0.4,0.4,0.3981,0.3981,7820.0
2019-08-19 00:00:00,0.43,0.45,0.43,0.4478,5100.0
2019-08-20 00:00:00,0.5,0.5,0.46,0.46,3920.0
2019-08-23 00:00:00,0.45,0.45,0.41,0.41,1980.0
2019-09-05 00:00:00,0.29,0.29,0.29,0.29,500.0
2019-09-18 00:00:00,0.45,0.45,0.45,0.45,5000.0
2019-09-19 00:00:00,0.24,0.27,0.24,0.25,5000.0
2019-10-02 00:00:00,0.22,0.22,0.22,0.22,960.0
2019-10-04 00:00:00,0.3,0.32138,0.3,0.32138,400.0
2019-10-07 00:00:00,0.3215,0.323,0.3215,0.323,200.0
2019-10-08 00:00:00,0.28,0.323,0.28,0.323,700.0
2019-10-17 00:00:00,0.2613,0.2613,0.2613,0.2613,300.0
2019-10-18 00:00:00,0.25,0.35,0.25,0.35,1700.0
2019-10-21 00:00:00,0.3113,0.3113,0.2051,0.27,5300.0
2019-10-22 00:00:00,0.272,0.272,0.272,0.272,100.0
2019-10-24 00:00:00,0.28,0.2813,0.28,0.2813,200.0
2019-10-28 00:00:00,0.196,0.25,0.1558,0.25,1100.0
2019-11-01 00:00:00,0.28,0.28,0.2327,0.2327,7200.0
2019-11-05 00:00:00,0.24,0.2401,0.24,0.2401,200.0
2019-11-14 00:00:00,0.15,0.22,0.1221,0.22,1100.0
2019-11-18 00:00:00,0.1113,0.1113,0.1113,0.1113,1100.0
2019-11-22 00:00:00,0.1113,0.1113,0.1113,0.1113,1000.0
2019-11-26 00:00:00,0.125,0.125,0.125,0.125,15000.0
2019-12-09 00:00:00,0.12,0.12,0.12,0.12,500.0
2019-12-10 00:00:00,0.12,0.12,0.0518,0.06,19118.0
2019-12-12 00:00:00,0.06,0.08,0.06,0.08,2553.0
2019-12-13 00:00:00,0.072,0.1,0.072,0.1,1100.0
2019-12-17 00:00:00,0.07,0.07,0.07,0.07,200.0
2019-12-19 00:00:00,0.1,0.1005,0.09,0.0905,800.0
2019-12-23 00:00:00,0.11,0.11,0.1004,0.1004,200.0
2019-12-27 00:00:00,0.1004,0.1004,0.1004,0.1004,100.0
2020-01-07 00:00:00,0.0575,0.0575,0.0575,0.0575,100.0
2020-01-09 00:00:00,0.1,0.1,0.1,0.1,10001.0
2020-01-10 00:00:00,0.1,0.1,0.1,0.1,668.0
2020-01-13 00:00:00,0.07,0.07,0.07,0.07,667.0
2020-01-16 00:00:00,0.12,0.12,0.12,0.12,200.0
2020-01-22 00:00:00,0.14,0.14,0.14,0.14,300.0
2020-01-27 00:00:00,0.15,0.20095,0.1213,0.1213,9700.0
2020-01-29 00:00:00,0.15,0.15,0.1,0.1,1510.0
2020-01-31 00:00:00,0.1,0.1,0.1,0.1,3.0
2020-02-05 00:00:00,0.075,0.0904,0.075,0.0904,2000.0
2020-02-13 00:00:00,0.061,0.061,0.061,0.061,4001.0
2020-02-19 00:00:00,0.07,0.07,0.06,0.06,10265.0
2020-02-26 00:00:00,0.0508,0.0508,0.0508,0.0508,1000.0
2020-02-27 00:00:00,0.0508,0.0508,0.0508,0.0508,3084.0
2020-03-02 00:00:00,0.0508,0.0508,0.0508,0.0508,98.0
2020-03-09 00:00:00,0.061,0.061,0.05,0.05,2901.0
2020-03-13 00:00:00,0.09,0.09,0.09,0.09,600.0
2020-03-16 00:00:00,0.09,0.09,0.09,0.09,30.0
2020-03-17 00:00:00,0.1,0.1,0.08,0.08,1266.0
2020-03-23 00:00:00,0.05,0.05,0.0349,0.0349,4500.0
2020-04-03 00:00:00,0.0349,0.0349,0.0349,0.0349,15.0
2020-04-07 00:00:00,0.036,0.08,0.0209,0.08,19020.0
2020-04-08 00:00:00,0.08,0.08,0.08,0.08,28505.0
2020-04-13 00:00:00,0.08,0.08,0.08,0.08,35.0
2020-04-14 00:00:00,0.04,0.06,0.0201,0.06,22900.0
2020-04-15 00:00:00,0.055,0.055,0.055,0.055,2066.0
2020-04-16 00:00:00,0.04,0.0402,0.025,0.03,2600.0
2020-04-17 00:00:00,0.03,0.03,0.03,0.03,100.0
2020-04-20 00:00:00,0.05,0.05,0.0493,0.0493,1538.0
2020-04-21 00:00:00,0.0493,0.0494,0.0493,0.0493,5962.0
2020-04-28 00:00:00,0.05,0.05,0.05,0.05,300.0
2020-05-01 00:00:00,0.05,0.05,0.05,0.05,3.0
2020-05-05 00:00:00,0.0479,0.0489,0.0479,0.0489,1301.0
2020-05-08 00:00:00,0.03,0.03,0.03,0.03,1300.0
2020-05-11 00:00:00,0.0489,0.0493,0.0489,0.0493,10100.0
2020-05-12 00:00:00,0.0207,0.0207,0.0207,0.0207,640.0
2020-05-13 00:00:00,0.0207,0.0207,0.0207,0.0207,2.0
2020-05-14 00:00:00,0.0493,0.0493,0.027899,0.0349,2464.0
2020-05-18 00:00:00,0.0349,0.0349,0.0349,0.0349,1.0
2020-05-21 00:00:00,0.0435,0.0435,0.0435,0.0435,1505.0
2020-05-26 00:00:00,0.0302,0.0302,0.0207,0.0207,10343.0
2020-05-27 00:00:00,0.021,0.021,0.021,0.021,2000.0
2020-05-29 00:00:00,0.0207,0.0207,0.0207,0.0207,602.0
2020-06-01 00:00:00,0.0207,0.0207,0.0168,0.0168,2400.0
2020-06-02 00:00:00,0.02,0.02,0.02,0.02,1616.0
2020-06-03 00:00:00,0.03,0.3,0.03,0.139701,143492.0
2020-06-04 00:00:00,0.3,0.7756,0.14,0.2101,232628.0
