06/28/2018,25,29.84,23.96,27.78,2503321
06/29/2018,26.77,27.949,25,26.61,164823
07/02/2018,26.03,28,24.1,26.41,126336
07/03/2018,26.87,27.03,24.53,26.96,89742
07/05/2018,27.12,27.99,24.74,25.88,108597
07/06/2018,26.31,27.39,24.68,25.5,116177
07/09/2018,25.51,26.03,24.5,25.11,139093
07/10/2018,26.98,26.98,25.12,26.12,218454
07/11/2018,26,26.32,25.31,26.14,81192
07/12/2018,25.615,26.45,25.555,25.77,31363
07/13/2018,26.19,26.19,24.86,24.99,29822
07/16/2018,25,27.45,25,27.24,112729
07/17/2018,27,28.03,26.47,26.8,124477
07/18/2018,26.75,27.514,25.2969,26.99,102138
07/19/2018,26.85,27.77,26.105,26.54,24753
07/20/2018,26.24,26.8,25.44,26.74,33251
07/23/2018,26.25,26.98,25.84,26.01,41231
07/24/2018,26.79,27,25.73,26.44,136379
07/25/2018,26.38,26.75,25.85,26.44,131121
07/26/2018,26.11,27.25,25.285,26.2,63132
07/27/2018,26.14,26.99,25.255,25.795,13804
07/30/2018,25.56,26.54,25.3279,25.54,47697
07/31/2018,25.62,26.1,24.99,25,79202
08/01/2018,24.96,27.05,24.96,26.48,52194
08/02/2018,26.08,26.51,24.3,24.9497,94957
08/03/2018,24.51,25.2,23.9505,24.33,20943
08/06/2018,24.6,25.88,24.55,25.8,66879
08/07/2018,25.75,29.67,24.755,25.41,17308
08/08/2018,26,29.08,26,28.2,73864
08/09/2018,28.39,31.5,27.66,30.95,38203
08/10/2018,30.79,33.85,24.63,33.85,70686
08/13/2018,33.7,36,32.75,33.08,78875
08/14/2018,35,35,28,32.33,121363
08/15/2018,33.99,33.99,29.73,32.515,56408
08/16/2018,32.66,34.7333,31.38,32,50376
08/17/2018,32.08,33.015,30.375,31.51,80583
08/20/2018,29.02,33,29,31.62,59742
08/21/2018,31.94,32.33,30.535,32.03,46892
08/22/2018,32.12,33.83,30.395,33.77,158459
08/23/2018,33.83,34.47,32.3,32.89,147415
08/24/2018,33.01,33.49,32.13,32.9,35146
08/27/2018,33.14,33.54,32.39,33.35,45236
08/28/2018,33.27,33.9864,32.28,32.69,61351
08/29/2018,32.88,35,32.76,33.85,70042
08/30/2018,33.78,34,33.1,33.37,98832
08/31/2018,33.44,34.3692,32.555,33.075,31087
09/04/2018,33.16,34.97,33.11,33.8,63204
09/05/2018,33.81,35.4,33.17,34.74,57537
09/06/2018,34.88,36.79,34.2,36.08,129425
09/07/2018,35.8,39.39,34.77,36.33,75651
09/10/2018,36.27,38.4,35.45,37.6,71266
09/11/2018,37.55,39.1064,36.32,37.53,65671
09/12/2018,37.3501,37.8,35.545,37.2,36209
09/13/2018,37.5,37.5,34.5,35.29,110468
09/14/2018,35.37,36.84,34.52,35.145,58670
09/17/2018,34.88,35.59,31.92,33.6,164541
09/18/2018,33.6,34.88,31.885,34,89045
09/19/2018,33.85,34.99,33.45,33.47,97102
09/20/2018,33.64,34.815,33.17,33.23,111510
09/21/2018,33.16,34.94,32.385,34.295,785072
09/24/2018,34.47,34.73,32.521,33.34,74455
09/25/2018,33.21,36.88,32.015,34.55,111066
09/26/2018,34.64,35.31,32.27,32.655,68219
09/27/2018,32.77,33.04,31.3,33.02,36806
09/28/2018,33,33.57,31.1,32.06,26855
10/01/2018,32.23,34,31.085,31.83,173761
10/02/2018,31.88,31.88,29.95,30.08,39445
10/03/2018,30.06,30.45,28.56,29.08,212436
10/04/2018,29.08,29.71,26.99,28.19,153533
10/05/2018,28.29,29.46,26.25,27.09,331432
10/08/2018,27.01,27.41,26.79,27.04,137897
10/09/2018,27.1,27.62,26.84,27.41,38646
10/10/2018,27.34,27.34,24.25,24.26,131889
10/11/2018,24.23,25.7217,23.26,23.31,173483
10/12/2018,23.76,24.68,22.665,24.22,102326
10/15/2018,24.43,24.43,23.11,23.63,105414
10/16/2018,23.84,24.525,23.01,24.175,153560
10/17/2018,23.97,24.56,20.6969,22.43,306329
10/18/2018,22.78,23.27,21.39,23.15,88689
10/19/2018,23.17,25.45,23.15,24.96,77778
10/22/2018,25,25.67,24.02,24.94,107800
10/23/2018,24.75,25.575,24.35,24.78,50334
10/24/2018,24.77,25.32,23.87,23.93,42566
10/25/2018,24.2,24.6217,22.71,23.05,97227
10/26/2018,22.73,24.28,21.8186,23.05,76042
10/29/2018,23.32,24.05,22.86,23.3,55305
10/30/2018,23.52,24.3,23.52,24.17,48853
10/31/2018,24.38,26.08,24,25.54,42535
11/01/2018,25.73,26.27,25,25.4301,40853
11/02/2018,25.6,25.6,23.92,24.78,40328
11/05/2018,24.69,25.71,24.42,24.69,50460
11/06/2018,25.41,26.3597,24,25.83,39177
11/07/2018,26.14,27.36,25.045,25.24,142194
11/08/2018,25.38,27.345,24.98,25.45,69780
11/09/2018,25.21,25.97,24.38,24.66,63035
11/12/2018,24.53,24.59,22,22,30633
11/13/2018,22.03,23.235,21.1,21.6,154060
11/14/2018,21.72,22.28,18.01,18.52,243910
11/15/2018,18.34,18.8032,17.4601,17.55,151940
11/16/2018,17.52,19.21,16.38,18.02,238580
11/19/2018,18.04,19.56,15.78,16,176750
11/20/2018,15.68,16.8508,15.4,16.14,102646
11/21/2018,16.22,18.3,16.22,18.2,150596
11/23/2018,17.89,18.325,17.24,17.81,44624
11/26/2018,17.98,18,17.47,17.85,58447
11/27/2018,17.72,17.95,17.3,17.45,51093
11/28/2018,17.52,18.49,17.52,17.87,127466
11/29/2018,17.79,18.3,17.37,18,251660
11/30/2018,17.9,18,16.99,17.89,111931
12/03/2018,18,18,17.2,18,93615
12/04/2018,17.76,18.985,17.415,18.565,224849
12/06/2018,18.43,20.445,18.425,19.91,121030
12/07/2018,19.87,20.14,19.27,19.7,82126
12/10/2018,19.65,20.78,19.165,19.87,71569
12/11/2018,20.3,21.25,19.19,20.66,59175
12/12/2018,20.99,20.99,19.59,19.65,108364
12/13/2018,19.75,20.14,19.27,19.95,112470
12/14/2018,19.87,20.47,19.62,20.0701,100241
12/17/2018,20.06,20.29,19,19.27,197180
12/18/2018,19.4,20.36,19.12,19.75,70653
12/19/2018,19.81,20.04,18.51,19.23,107339
12/20/2018,19.33,19.5499,18.65,18.78,167005
12/21/2018,18.79,19.99,18.74,19.38,323770
12/24/2018,19.18,19.69,18.41,18.66,34557
12/26/2018,18.83,19.4,18.02,18.98,122640
12/27/2018,18.94,19.13,17.94,18.92,126765
12/28/2018,18.91,19.54,18.6,18.96,72559
12/31/2018,19,19.69,18.76,19.25,83089
01/02/2019,19.14,19.75,18.86,19.59,162443
01/03/2019,19.61,19.64,18.6201,18.71,111879
01/04/2019,19.05,19.38,18.63,19.18,76231
01/07/2019,19.18,19.85,17.48,17.52,148174
01/08/2019,17.91,18.245,16.5,17,205272
01/09/2019,16.99,17.66,16.7,17.37,181713
01/10/2019,17.35,18.085,17.01,17.49,34437
01/11/2019,17.5,18.21,17.01,17.13,68353
01/14/2019,17.21,17.21,15.64,15.7,88299
01/15/2019,15.56,15.975,15.065,15.29,80446
01/16/2019,15.33,15.47,14.85,14.96,118098
01/17/2019,14.94,15.035,14.62,14.75,112581
01/18/2019,14.82,14.82,14.08,14.34,64871
01/22/2019,14.23,14.23,13.67,13.85,55079
01/23/2019,13.89,14,13.26,13.59,107401
01/24/2019,13.58,14.26,13.58,14.02,33602
01/25/2019,14.06,15.27,13.89,15.27,85123
01/28/2019,15.5,16.392,15.3,16.27,98518
01/29/2019,16.39,16.9787,15.62,16.8,104759
01/30/2019,16.71,16.9574,15.71,16.84,167265
01/31/2019,16.81,17.15,16.485,17.09,104159
02/01/2019,17.12,17.29,16.66,17.07,278808
02/04/2019,17.09,17.5,17.01,17.25,83277
02/05/2019,17.32,17.56,17.07,17.175,73607
02/06/2019,17.14,17.215,16.84,17.095,75994
02/07/2019,16.99,17.25,16.7,17.15,118262
02/08/2019,16.81,17.245,16.29,17.18,60447
02/11/2019,17.36,17.36,16.69,17.34,47950
02/12/2019,17.41,17.65,17.33,17.55,29635
02/13/2019,17.55,17.58,17.03,17.53,33584
02/14/2019,17.4197,17.63,16.7,17.34,190256
02/15/2019,17.51,18.45,17.51,18.09,74505
02/19/2019,18.08,18.08,16.82,17.335,168898
02/20/2019,17.25,17.85,16.78,17.63,55308
02/21/2019,17.82,17.82,15.76,16.965,440219
02/22/2019,17.01,17.25,15.76,16.13,235338
02/25/2019,16.42,17.995,16.37,17.62,121286
02/26/2019,17.55,18.15,16.89,16.99,59585
02/27/2019,17.04,18,16.5701,17.11,95198
02/28/2019,17.17,17.62,16.981,17.45,77453
03/01/2019,17.6,17.69,17.18,17.33,63944
03/04/2019,17.6,17.6,15.89,16.07,134490
03/05/2019,16.33,18.35,16.33,16.6,243968
03/06/2019,16.45,17.06,16.14,17.01,147067
03/07/2019,16.46,16.9,15.315,15.62,183215
03/08/2019,15.61,16.505,15.61,16.45,75215
03/11/2019,16.47,17.5,16.075,17.19,115462
03/12/2019,17.12,17.3,16.2,16.37,56059
03/13/2019,16.37,17.05,16.34,16.59,62229
03/14/2019,16.51,16.64,15.76,16.23,92504
03/15/2019,16.24,16.32,15.87,16.11,613395
03/18/2019,16.09,16.63,15.81,16.39,84628
03/19/2019,16.43,17.68,16.39,17.46,224861
03/20/2019,17.34,17.51,16.89,16.95,94135
03/21/2019,16.85,17.2,16.68,16.7,77651
03/22/2019,16.6,16.6,14.4,14.44,110102
03/25/2019,14.68,16.174,13.99,14.51,61554
03/26/2019,14.61,15.14,14.36,14.67,28693
03/27/2019,14.62,14.88,13.965,14.81,32231
03/28/2019,15.63,15.71,14.47,15.39,71318
03/29/2019,15.41,15.62,14.82,15.31,103723
04/01/2019,15.37,15.77,14.53,14.73,92594
04/02/2019,14.69,15.82,14.5,15.7,52724
04/03/2019,15.81,16.0053,15.38,15.77,33597
04/04/2019,15.7,17.55,15.7,17.18,115823
04/05/2019,17.2,17.64,16.78,16.97,80090
04/08/2019,17.02,17.44,15.4491,17.21,127924
04/09/2019,17.25,17.59,16.485,17.01,58680
04/10/2019,17.09,17.42,16.64,16.84,70302
04/11/2019,16.89,16.89,16.0801,16.65,33003
04/12/2019,16.74,17.18,16.6,16.63,59731
04/15/2019,16.7,17.13,15.95,16.33,80536
04/16/2019,16.39,16.79,16,16.14,70733
04/17/2019,16.18,16.4,15.4,15.56,42682
04/18/2019,15.57,16.265,15.115,15.565,123799
04/22/2019,15.36,15.75,15,15.71,25259
04/23/2019,15.41,16.29,15.41,15.99,39590
04/24/2019,16.13,16.435,15.655,15.78,46074
04/25/2019,15.73,16.23,15.211,15.47,39760
04/26/2019,15.5,17.22,15.5,17.16,63413
04/29/2019,17.25,17.76,16.88,17.2,75432
04/30/2019,17.22,17.43,16.51,16.7,55781
05/01/2019,16.87,17.215,16.27,16.79,34902
05/02/2019,17.01,17.13,15.845,16.29,55088
05/03/2019,16.35,16.995,16.16,16.5,52302
05/06/2019,16.21,17.27,15.9921,17.23,112379
05/07/2019,16.7,17.71,15.585,15.7,54747
05/08/2019,15.75,16.81,15.53,16.16,32221
05/09/2019,16.03,16.4,14.5,15.22,68081
05/10/2019,15.11,15.435,14.13,14.27,41998
05/13/2019,14.04,14.82,14.015,14.5,34342
05/14/2019,14.49,15.41,14.4,15.03,37151
05/15/2019,14.89,15.48,14.4,14.87,35633
05/16/2019,14.95,15.19,14.24,14.86,19934
05/17/2019,14.67,14.77,14,14.49,32646
05/20/2019,14.26,14.83,14.0073,14.82,29371
05/21/2019,14.85,15.29,14.49,14.97,26948
05/22/2019,14.96,15.425,14.193,14.57,37047
05/23/2019,14.4,14.44,13.74,13.98,78768
05/24/2019,14.11,14.11,12.03,13.11,196801
05/28/2019,13.22,14.1,13,13.34,156833
05/29/2019,13.2,13.34,12.15,12.31,80787
05/30/2019,12.18,12.23,11.19,11.27,146004
05/31/2019,11.18,11.59,10.62,11.4,83618
06/03/2019,11.42,12.28,10.9,11.79,75483
06/04/2019,11.95,11.98,10.4807,10.55,161381
06/05/2019,9.99,10.25,9.65,9.96,177145
06/06/2019,9.94,10.11,8.9,8.995,216126
06/07/2019,8.95,10.37,8.95,9.92,121973
06/10/2019,9.9,11.385,9.9,11.07,105590
06/11/2019,11,11.02,10.575,10.82,100231
06/12/2019,10.85,10.87,10.245,10.46,160049
06/13/2019,10.41,12.23,10.2635,12.03,354994
06/14/2019,11.96,12.1,11.43,11.48,73581
06/17/2019,11.41,11.99,10.73,11.45,62177
06/18/2019,11.75,12,11.33,11.5,57646
06/19/2019,11.49,12,11.27,12,81970
06/20/2019,12.02,12.93,11.78,12.9,227912
06/21/2019,12.79,12.98,12.31,12.65,98539
06/24/2019,12.61,13.13,12.255,12.54,262382
06/25/2019,12.53,12.53,11.88,11.88,96618
06/26/2019,11.99,12,10.73,10.82,72752
06/27/2019,10.84,11.87,10.7,10.84,79755
06/28/2019,10.95,12.74,10.95,12.46,258774
07/01/2019,12.68,13.2,12.07,12.57,85339
07/02/2019,12.5,12.9,12.39,12.55,67125
07/03/2019,12.69,13.055,12.5,12.51,63001
07/05/2019,12.47,13.17,12.4509,12.98,46606
07/08/2019,12.9,12.9,12.4,12.52,80984
07/09/2019,12.42,12.57,12.335,12.485,24432
07/10/2019,12.62,12.8138,12.38,12.75,39049
07/11/2019,12.77,13.1991,12.55,13.03,41404
07/12/2019,13.04,13.31,12.62,12.8,72959
07/15/2019,12.87,12.9,12.35,12.89,35208
07/16/2019,12.87,12.97,12.51,12.57,14001
07/17/2019,13,13,12.61,12.79,96514
07/18/2019,12.87,12.87,12.41,12.63,38361
07/19/2019,12.66,12.705,12.41,12.41,42699
07/22/2019,12.57,12.57,11.39,11.395,26878
07/23/2019,11.53,11.53,10.91,11.06,33652
07/24/2019,11.11,11.59,10.785,11.46,81339
07/25/2019,11.41,12.02,10.89,10.99,17844
07/26/2019,11.05,11.77,10.98,11.52,16615
07/29/2019,11.82,11.82,11.07,11.35,88891
07/30/2019,11.28,12.24,11.26,12.09,35023
07/31/2019,12.05,12.24,11.42,11.87,34959
08/01/2019,11.82,12,11.2,11.45,17361
08/02/2019,11.45,11.99,11.16,11.31,43832
08/05/2019,11.1,11.32,10.24,10.43,51242
08/06/2019,10.65,11.67,9.97,10.57,32736
08/07/2019,10.45,10.83,10.015,10.47,19404
08/08/2019,10.53,10.53,9.97,10.06,119192
08/09/2019,10.13,10.37,9.87,9.98,33543
08/12/2019,9.9,10.215,9.89,9.99,44957
08/13/2019,9.92,10.34,9.9,10,43439
08/14/2019,9.85,10.02,9.68,9.68,59463
08/15/2019,9.8,9.92,9.545,9.66,46395
08/16/2019,9.76,10.03,9.75,9.97,46563
08/19/2019,10.16,10.46,10,10.07,28715
08/20/2019,10.06,10.21,9.9,9.91,28787
08/21/2019,10.06,10.09,9.85,9.915,18285
08/22/2019,9.89,10,9.52,9.815,49078
08/23/2019,9.7,9.8,9.4,9.51,133923
08/26/2019,9.58,9.74,9.3566,9.68,33192
08/27/2019,9.75,9.75,9.02,9.43,22881
08/28/2019,9.67,9.67,9.24,9.435,97766
08/29/2019,9.57,9.93,9.435,9.87,54604
08/30/2019,9.89,10.74,9.89,10.73,24120
09/03/2019,10.46,10.9846,10.07,10.48,26738
09/04/2019,10.54,11,10.31,10.52,67409
09/05/2019,10.77,11.07,10.22,10.96,62042
09/06/2019,10.98,11.585,10.845,11.38,28704
09/09/2019,11.63,12.2,11.19,11.96,58869
09/10/2019,11.76,11.8837,11.43,11.55,55703
09/11/2019,11.62,11.68,11.0884,11.45,51078
09/12/2019,11.53,11.57,10.8201,11.45,76650
09/13/2019,11.29,11.56,11.23,11.29,88696
09/16/2019,11.27,11.27,10.305,10.54,66257
09/17/2019,10.51,11.13,10.51,11,73145
09/18/2019,10.96,11.1,10.83,11,50118
09/19/2019,11,11.12,10.5,10.65,63146
09/20/2019,10.74,10.98,10.18,10.27,292571
09/23/2019,10.34,10.34,9.69,10.11,86413
09/24/2019,10.04,10.22,9.1012,9.27,77851
09/25/2019,9.29,9.395,8.91,8.98,116632
09/26/2019,8.98,9.15,8.58,8.7,57976
09/27/2019,8.71,8.835,8.46,8.76,230821
09/30/2019,8.8,8.93,8.23,8.32,66122
10/01/2019,8.3,8.46,7.94,8.28,179087
10/02/2019,8.33,8.54,8.24,8.53,50053
10/03/2019,8.48,9.47,8.47,8.81,47320
10/04/2019,8.78,9.1,8.7,8.98,55046
10/07/2019,8.99,9.3,8.9,9.2,56353
10/08/2019,9.06,9.25,8.83,8.955,30682
10/09/2019,9.04,9.3,8.83,8.98,63227
10/10/2019,8.98,9.03,8.85,8.96,55962
10/11/2019,9.05,9.15,8.83,8.9,68075
10/14/2019,8.84,9.02,8.73,8.86,52570
10/15/2019,8.9,9.1,8.79,8.9,32872
10/16/2019,8.91,9.01,8.82,8.87,19389
10/17/2019,8.91,9.23,8.91,9.05,35289
10/18/2019,9.01,9.39,8.95,9,65920
10/21/2019,9.13,9.18,8.95,9.05,38534
10/22/2019,9.05,9.265,8.97,8.99,54477
10/23/2019,8.93,9.06,8.85,8.88,26586
10/24/2019,8.86,8.99,8.49,8.65,51255
10/25/2019,8.62,9.02,8.6,8.92,61807
10/28/2019,8.97,9.1,8.81,8.93,89883
10/29/2019,8.94,8.99,8.63,8.88,36348
10/30/2019,8.96,8.98,8.865,8.95,33098
10/31/2019,8.94,9,8.85,8.91,34368
11/01/2019,8.98,9.05,8.93,8.985,43044
11/04/2019,9.08,9.08,8.94,8.97,53386
11/05/2019,8.51,8.51,5.34,5.455,381707
11/06/2019,5.41,5.4625,5.07,5.1,242465
11/07/2019,5.2,5.5846,4.81,4.88,216849
11/08/2019,4.88,5.08,4.83,4.87,130446
11/11/2019,4.86,4.92,4.62,4.74,130993
11/12/2019,4.76,4.99,4.72,4.85,167066
11/13/2019,4.82,4.83,4.36,4.44,63695
11/14/2019,4.42,4.63,4.42,4.5801,130896
11/15/2019,4.63,4.68,4.39,4.51,124341
11/18/2019,4.58,4.58,4,4.14,127354
11/19/2019,4.12,4.35,4.02,4.12,123568
11/20/2019,4.24,4.45,4.105,4.17,172953
11/21/2019,4.17,4.325,4.07,4.2,119750
11/22/2019,4.18,4.32,4.15,4.23,130699
11/25/2019,4.27,4.33,4.15,4.19,96926
11/26/2019,4.23,4.3,4,4.05,178535
11/27/2019,4.09,4.4,3.96,4.27,707978
11/29/2019,4.32,4.41,4.29,4.32,160480
12/02/2019,4.28,4.33,4.245,4.28,150371
12/03/2019,4.28,4.76,4.28,4.54,337727
12/04/2019,4.57,4.57,4.3402,4.5,138732
12/05/2019,4.5,4.89,4.36,4.54,190585
12/06/2019,4.67,4.6713,4.47,4.59,161040
12/09/2019,4.63,4.65,4.46,4.63,72763
12/10/2019,4.55,4.625,4.385,4.52,163988
12/11/2019,4.49,4.53,4.38,4.48,91355
12/12/2019,4.45,4.59,4.35,4.48,110452
12/13/2019,4.5,4.56,4.12,4.29,253611
12/16/2019,4.34,4.55,4.29,4.4,124494
12/17/2019,4.41,4.53,4.31,4.42,108030
12/18/2019,4.4,4.58,4.39,4.5,120378
12/19/2019,4.58,4.7099,4.41,4.49,301940
12/20/2019,4.5,4.53,4.39,4.5,319148
12/23/2019,4.46,4.54,4.43,4.49,175219
12/24/2019,4.52,4.56,4.43,4.5,77208
12/26/2019,4.5,4.521,4.29,4.44,147726
12/27/2019,4.42,4.5,4.28,4.49,93406
12/30/2019,4.49,4.51,4.35,4.48,98176
12/31/2019,4.44,4.6,4.4,4.49,171003
01/02/2020,4.52,4.6562,4.44,4.49,74060
01/03/2020,4.42,4.51,4.32,4.47,54153
01/06/2020,4.49,4.57,4.33,4.42,93594
01/07/2020,4.42,4.465,4.28,4.32,100605
01/08/2020,4.35,4.375,4.3,4.3,42432
01/09/2020,4.26,4.4,4.2,4.2,103544
01/10/2020,4.23,4.3,4.15,4.26,60536
01/13/2020,4.29,4.32,4.2,4.22,38602
01/14/2020,4.22,4.29,4.02,4.15,62432
01/15/2020,4.11,4.22,4.08,4.16,70630
01/16/2020,4.19,4.42,4.13,4.35,146094
01/17/2020,4.35,4.41,4.25,4.38,146122
01/21/2020,4.55,4.55,4.3167,4.35,128538
01/22/2020,4.36,4.39,4.2,4.28,56054
01/23/2020,4.28,4.34,4.18,4.25,67613
01/24/2020,4.28,4.32,4.15,4.19,71616
01/27/2020,4.14,4.14,3.94,3.97,84238
01/28/2020,3.99,3.99,3.66,3.8,605078
01/29/2020,3.81,4.05,3.81,3.91,78558
01/30/2020,3.89,3.93,3.6,3.87,67432
01/31/2020,3.87,3.91,3.57,3.62,40385
02/03/2020,3.63,3.8,3.58,3.71,55782
02/04/2020,3.79,3.79,3.54,3.62,53148
02/05/2020,3.64,3.74,3.57,3.66,57987
02/06/2020,4.17,4.17,3.46,3.5,159089
02/07/2020,3.51,3.59,3.08,3.32,328933
02/10/2020,3.26,3.41,3.25,3.27,51587
02/11/2020,3.33,3.47,3.25,3.39,109854
02/12/2020,3.46,3.55,3.19,3.22,105745
02/13/2020,3.21,3.27,3.1,3.22,54097
02/14/2020,3.25,3.45,3.23,3.37,64182
02/18/2020,3.45,3.4786,3.17,3.26,119993
02/19/2020,3.27,3.39,3.2,3.31,132831
02/20/2020,3.31,3.31,3.15,3.25,49665
02/21/2020,3.27,3.28,3.11,3.27,81363
02/24/2020,3.17,3.2,3.08,3.17,55210
02/25/2020,3.18,3.2058,2.99,3.04,147025
02/26/2020,3.06,3.16,2.91,2.98,74961
02/27/2020,2.92,3.02,2.83,2.95,141237
02/28/2020,2.86,2.94,2.78,2.89,147169
03/02/2020,2.92,3,2.83,2.9,240299
03/03/2020,3,3.21,2.39,2.48,563853
03/04/2020,2.55,2.82,2.55,2.66,307160
03/05/2020,2.68,2.81,2.5,2.71,361499
03/06/2020,3.2,3.57,2.49,2.61,2971205
03/09/2020,2.5,2.65,1.86,1.965,517457
03/10/2020,2.1,2.21,1.95,2.05,412696
03/11/2020,2.04,2.16,1.86,2.1,250471
03/12/2020,1.98,2.45,1.93,2.21,227592
03/13/2020,2.22,2.43,1.98,2.07,315549
03/16/2020,1.96,2.09,1.87,1.92,117404
03/17/2020,2.04,2.08,1.57,1.72,407786
03/18/2020,1.66,1.79,1.25,1.32,460866
03/19/2020,1.37,1.58,1.32,1.495,202362
03/20/2020,1.51,1.78,1.42,1.43,187550
03/23/2020,1.45,1.54,1.26,1.28,233791
03/24/2020,1.35,1.55,1.31,1.45,1457972
03/25/2020,1.7,1.9,1.47,1.51,1090448
03/26/2020,1.54,1.74,1.49,1.67,230555
03/27/2020,1.61,1.7,1.54,1.59,154590
03/30/2020,1.62,2.2799,1.47,2.01,1611207
03/31/2020,2,2.16,1.76,1.89,490591
04/01/2020,1.83,1.87,1.61,1.63,269720
04/02/2020,1.61,1.65,1.48,1.51,173340
04/03/2020,1.56,1.5799,1.39,1.43,190151
04/06/2020,1.48,1.695,1.4301,1.64,161638
04/07/2020,1.76,1.83,1.6085,1.68,98961
04/08/2020,1.68,1.79,1.61,1.77,158217
04/09/2020,1.83,2.13,1.75,1.9716,420756
04/13/2020,2.04,2.1,1.82,1.96,134141
04/14/2020,2.03,2.35,1.99,2.32,401249
04/15/2020,2.33,2.47,2.25,2.4,197188
04/16/2020,2.41,2.47,2.12,2.15,245073
04/17/2020,2.21,2.39,2.21,2.37,130187
04/20/2020,2.4,2.45,2.01,2.14,161237
04/21/2020,2.1,2.15,2,2.09,220322
04/22/2020,2.14,2.15,2.01,2.1,85699
04/23/2020,2.11,2.27,2.07,2.16,204226
04/24/2020,2.16,2.38,2.1048,2.31,61224
04/27/2020,2.35,2.65,2.31,2.59,175405
04/28/2020,2.7,2.78,2.45,2.48,202328
04/29/2020,2.54,2.66,2.49,2.61,107566
04/30/2020,2.61,2.61,2.36,2.5,150410
05/01/2020,2.39,2.45,2.2,2.29,213865
05/04/2020,2.27,2.4,2.2,2.35,95923
05/05/2020,2.22,2.43,2.16,2.24,352876
05/06/2020,2.25,2.29,2.18,2.22,103128
05/07/2020,2.25,2.27,2.15,2.18,161282
05/08/2020,2.22,2.49,2.2,2.3,163913
05/11/2020,2.32,2.45,2.2,2.44,112271
05/12/2020,2.44,2.44,2.23,2.24,86952
05/13/2020,2.23,2.29,2.01,2.12,177472
05/14/2020,2.05,2.05,1.89,1.98,90703
05/15/2020,1.97,2.15,1.95,2.08,79578
05/18/2020,2.12,2.176,1.99,2.03,113138
05/19/2020,2.02,2.05,1.83,1.98,229525
05/20/2020,2,2.08,1.98,1.99,94888
05/21/2020,1.99,2.06,1.94,2.03,38369
05/22/2020,2.03,2.03,1.92,1.96,82739
05/26/2020,2.03,2.05,1.97,1.99,58312
05/27/2020,2.04,2.05,1.92,2.02,62106
05/28/2020,2.04,2.12,1.905,1.92,229988
05/29/2020,1.93,1.935,1.8,1.86,147732
06/01/2020,1.85,1.96,1.83,1.83,154113
06/02/2020,1.85,1.86,1.78,1.805,142714
06/03/2020,1.81,2.11,1.81,1.89,493390
06/04/2020,1.89,1.96,1.79,1.8,309384
06/05/2020,1.88,2.04,1.87,2.02,337685
06/08/2020,2.06,2.33,2,2.3,458559
06/09/2020,2.32,2.33,2.1,2.31,274958
06/10/2020,2.34,2.34,2.21,2.23,196524
06/11/2020,2.2,2.2,1.9,1.94,316144
06/12/2020,2.05,2.06,1.84,1.9,186552
06/15/2020,1.92,1.98,1.78,1.88,246626
06/16/2020,1.95,1.98,1.84,1.9,102531
06/17/2020,1.94,1.94,1.85,1.87,184088
06/18/2020,1.9,1.9,1.81,1.85,115476
06/19/2020,1.87,1.89,1.78,1.82,201279
06/22/2020,1.83,1.85,1.7,1.77,221216
06/23/2020,2.13,3.06,2.04,2.095,17249216
06/24/2020,2.02,2.05,1.83,1.97,1099858
06/25/2020,1.94,2.11,1.84,2.1,1092928
06/26/2020,2.06,2.1,1.91,2.05,1623592
06/29/2020,2.08,2.1899,1.93,2.06,772707
06/30/2020,2.04,2.11,1.94,1.94,600601
07/01/2020,1.92,1.98,1.85,1.87,336728
07/02/2020,1.89,1.9,1.82,1.83,253053
07/06/2020,1.85,1.9285,1.82,1.8899,252406
07/07/2020,1.86,2.12,1.8,1.91,1642769
07/08/2020,1.92,1.94,1.86,1.89,473086
07/09/2020,1.9,1.91,1.81,1.81,495361
07/10/2020,1.8,2.06,1.8,1.96,740188
07/13/2020,1.97,1.98,1.86,1.87,324951
07/14/2020,1.87,2,1.87,1.98,541985
07/15/2020,2.21,3.64,2.19,2.76,20549621
07/16/2020,2.7,3.22,2.46,3.05,2282223
07/17/2020,2.98,3.5,2.96,3.23,1132956
07/20/2020,3.33,3.34,2.91,3.01,544500
07/21/2020,3,3.14,2.98,3.11,290848
07/22/2020,3.1,3.45,3.1,3.3,466017
07/23/2020,3.35,3.35,2.96,2.98,303795
07/24/2020,2.96,3.14,2.91,3.01,126374
07/27/2020,3.01,3.07,2.87,2.97,200374
07/28/2020,2.98,3,2.89,2.89,161291
07/29/2020,2.97,3,2.78,2.82,189010
07/30/2020,2.8,2.83,2.62,2.63,295559
07/31/2020,2.65,2.71,2.6101,2.67,147107
08/03/2020,2.7,2.82,2.68,2.72,353199
08/04/2020,3.25,3.2699,2.86,3.01,752342
08/05/2020,3.12,3.24,2.99,3.23,626614
08/06/2020,3.22,3.7,3.16,3.64,1019715
08/07/2020,3.6,4,3.42,3.51,910006
08/10/2020,3.54,4.37,3.43,4.3019,840102
08/11/2020,4.42,4.97,4.35,4.7819,1403573
08/12/2020,4.84,5.1,4.49,4.54,640664
08/13/2020,4.43,4.5,4.25,4.39,291703
08/14/2020,4.32,4.81,4.17,4.7239,365886
08/17/2020,4.75,4.95,4.62,4.89,333440
08/18/2020,4.89,4.9557,4.39,4.47,232347
08/19/2020,4.46,4.72,4.45,4.65,97585
08/20/2020,4.7,4.83,4.58,4.72,242933
08/21/2020,4.68,5.35,4.68,5.3022,548363
08/24/2020,5.645,5.68,5,5.37,566109
08/25/2020,5.39,5.44,5.05,5.33,368685
08/26/2020,5.33,5.5,5.06,5.245,216372
08/27/2020,5.21,5.465,5.11,5.35,193272
08/28/2020,5.34,5.415,5.18,5.38,133192
08/31/2020,5.39,6.34,5.39,5.86,732252
09/01/2020,5.82,5.8551,4.62,4.73,808054
09/02/2020,4.77,4.79,4.3501,4.52,481925
09/03/2020,4.53,4.54,4.15,4.25,362855
09/04/2020,4.2,4.26,3.96,4.21,285048
09/08/2020,4.17,4.39,4.03,4.2,251299
09/09/2020,4.22,4.38,4.0801,4.26,201197
09/10/2020,4.25,4.32,4.09,4.11,353529
09/11/2020,4.16,4.2319,4.07,4.15,94182
09/14/2020,4.17,4.615,4.11,4.46,325436
09/15/2020,4.46,4.46,4.15,4.23,270620
09/16/2020,4.3,4.44,4.24,4.25,128945
09/17/2020,4.25,4.3,4.07,4.19,145277
09/18/2020,4.17,4.7,4.17,4.23,281176
09/21/2020,4.21,4.34,4.02,4.2199,220420
09/22/2020,4.24,4.68,4.13,4.54,247654
09/23/2020,4.6,4.63,4.03,4.16,255339
09/24/2020,4.05,4.92,4.01,4.4,768176
09/25/2020,4.36,4.41,4.15,4.32,150413
09/28/2020,4.32,4.72,4.32,4.48,377900
09/29/2020,4.6,5.2,4.52,5.05,455285
09/30/2020,5.03,5.3719,4.78,4.85,289405
10/01/2020,4.85,5.15,4.73,5.05,207994
10/02/2020,4.91,5.28,4.8,5.1979,139967
10/05/2020,5.33,5.7931,5,5.19,415943
10/06/2020,5.32,6.15,5.2473,5.86,711539
10/07/2020,5.87,6.35,5.841,6.04,297331
10/08/2020,6.23,6.44,6.16,6.43,215417
10/09/2020,6.45,6.75,6.34,6.52,191309
10/12/2020,6.49,6.85,6.43,6.72,225805
10/13/2020,6.77,6.8471,6.21,6.34,164387
10/14/2020,6.28,6.59,6.2,6.47,140453
10/15/2020,6.31,6.31,5.86,6.17,146491
10/16/2020,6.18,6.47,6.05,6.24,154559
10/19/2020,6.27,6.54,5.9,6.03,167794
10/20/2020,6.05,6.3,5.8501,6.15,117811
10/21/2020,6.25,6.2824,5.65,5.77,157661
10/22/2020,5.75,5.85,5.59,5.73,64752
10/23/2020,5.82,5.82,5.31,5.62,136881
10/26/2020,5.79,5.9299,5.29,5.71,164781
10/27/2020,5.75,5.75,5.35,5.4,86032
10/28/2020,5.28,5.35,4.88,5.15,162010
10/29/2020,5.14,5.4,5.11,5.31,79146
10/30/2020,5.3,5.3,4.87,4.95,175462
11/02/2020,4.99,5.37,4.78,5.22,107707
11/03/2020,5.22,5.98,4.975,5.75,220959
11/04/2020,5.76,6.07,5.63,6.05,141348
11/05/2020,6.16,6.65,6.16,6.62,168758
11/06/2020,6.56,6.94,6.24,6.85,187057
11/09/2020,6.9,6.97,6.36,6.36,176882
11/10/2020,6.34,6.7,6,6.64,106210
11/11/2020,6.68,7.28,6.4359,6.65,194885
11/12/2020,6.52,6.76,6.31,6.74,117674
11/13/2020,6.85,7.25,6.85,7.17,138915
11/16/2020,7.24,7.95,7.15,7.9,405109
11/17/2020,7.83,8.05,7.48,7.73,185009
11/18/2020,7.78,7.89,7.52,7.73,248813
11/19/2020,7.75,7.82,7.53,7.63,114791
11/20/2020,7.62,7.93,7.54,7.9,60979
11/23/2020,8.44,8.44,7.676,7.93,320527
11/24/2020,8.44,8.44,7.79,8.11,198237
11/25/2020,8.15,8.57,7.8536,8.47,177517
11/27/2020,8.755,8.755,8.4001,8.45,56787
11/30/2020,8.42,8.77,8.4132,8.63,183107
12/01/2020,8.7,9.26,7.73,7.9,337226
12/02/2020,7.8,8,7.7,7.82,75325
12/03/2020,7.94,7.95,7.75,7.84,70644
12/04/2020,8.07,8.535,7.86,8.31,125131
12/07/2020,8.74,8.96,8.47,8.67,201032
12/08/2020,8.67,8.92,8.52,8.85,146271
12/09/2020,8.92,9.74,8.8647,9.08,242705
12/10/2020,9.25,9.63,8.88,9.36,107301
12/11/2020,9.34,9.5537,8.79,9.43,194805
12/14/2020,9.5,9.99,8.96,8.96,183117
12/15/2020,9.04,9.47,8.81,9.35,157311
12/16/2020,9.33,9.705,9.04,9.56,102878
12/17/2020,9.69,9.71,8.72,8.74,320544
12/18/2020,8.8,9.29,8.7,8.85,132387
12/21/2020,8.61,9.62,8.5,9.4,178061
12/22/2020,9.33,10.05,9.33,9.9,691352
12/23/2020,9.86,11.31,9.86,11.23,472445
12/24/2020,11.32,11.32,10.3,10.65,122496
12/28/2020,10.67,11.71,10.6507,11.42,229150
12/29/2020,11.45,11.47,10.65,11.08,167173
12/30/2020,11,11.315,10.75,10.99,77316
12/31/2020,11.04,11.4,10.77,10.98,84649
