06/17/2014,8.6,8.6,8.16,8.3,17125
06/18/2014,8.25,8.292,8.235,8.292,2212
06/19/2014,8.29,8.4,8,8.0999,16365
06/20/2014,7.94,8.051,7.9,7.9,4731
06/23/2014,7.901,8,7.66,7.7,11628
06/24/2014,7.421,7.68,7.27,7.38,17935
06/25/2014,7.32,7.51,7.16,7.17,17700
06/26/2014,7.3063,7.46,7.05,7.4,9936
06/27/2014,7.96,7.96,7.17,7.2,18600
06/30/2014,7.18,7.35,6.85,7,11601
07/01/2014,7.25,7.5,7.25,7.25,1384
07/02/2014,7.3499,7.49,7.01,7.49,11949
07/03/2014,7.45,7.55,7.4,7.4,5116
07/07/2014,7.4,7.4,7.2,7.2,2700
07/08/2014,7.27,7.4,6.87,6.95,11270
07/09/2014,6.93,7.0501,6.8,7.0499,8013
07/10/2014,6.95,7,6.8499,6.85,7508
07/11/2014,6.92,7.49,6.68,6.68,16718
07/14/2014,6.52,6.95,6.52,6.75,6730
07/15/2014,6.66,6.75,6.6,6.75,23673
07/16/2014,6.7,7.15,6.7,6.75,15765
07/17/2014,6.75,6.75,6.5,6.5,8153
07/18/2014,6.4999,6.59,6.49,6.59,24570
07/21/2014,6.69,6.8,6.54,6.542,13241
07/22/2014,6.7425,6.7425,5.95,6.4,55550
07/23/2014,6.59,6.59,6.25,6.29,10457
07/24/2014,6.33,6.36,6.33,6.36,1677
07/25/2014,6.3,6.55,6.3,6.4201,5265
07/28/2014,6.52,6.5499,6.45,6.5,5649
07/29/2014,6.45,6.5,6.4001,6.5,14117
07/31/2014,6.51,6.51,6.51,6.51,1333
08/01/2014,6.511,6.57,6.5,6.5,2275
08/04/2014,6.4,6.4,6.3199,6.4,8096
08/05/2014,6.4,6.75,6.4,6.75,3585
08/06/2014,6.9,6.9,6.5501,6.65,1707
08/07/2014,6.603,6.603,6.603,6.603,400
08/08/2014,6.75,6.8399,6.75,6.8399,716
08/11/2014,6.7,6.72,6.6889,6.6889,2601
08/12/2014,6.69,6.695,6.6,6.6,669
08/13/2014,6.43,6.46,6.4,6.4,11270
08/14/2014,6.4999,6.5,6.4,6.4,6361
08/18/2014,6.41,6.41,6.4,6.4,648
08/19/2014,6.31,6.31,6.25,6.25,3270
08/20/2014,6.2999,6.2999,6.2501,6.2899,8205
08/21/2014,6.2995,6.49,6.2995,6.4899,18123
08/22/2014,6.4411,6.57,6.4411,6.56,6302
08/25/2014,6.51,6.5201,6.51,6.5201,1118
08/26/2014,6.5101,6.99,6.5101,6.7601,5678
08/27/2014,7,7,7,7,342
08/28/2014,6.9999,7,6.9999,7,341
08/29/2014,7,7,6.85,7,6910
09/02/2014,7,7,6.85,6.85,1399
09/03/2014,6.78,7,6.6,7,4429
09/04/2014,6.73,6.73,6.73,6.73,171
09/05/2014,6.75,6.85,6.6,6.85,6832
09/08/2014,7.09,7.09,6.86,6.9,3074
09/09/2014,6.99,7,6.85,6.9,3799
09/10/2014,7,7,6.9,6.9,2902
09/11/2014,7,7.75,6.99,7.7,9111
09/12/2014,7.71,7.74,7.6,7.71,1653
09/15/2014,7.9,8,7.52,7.52,2808
09/16/2014,7.43,7.43,6.44,6.44,16700
09/17/2014,6.44,6.7738,6.44,6.66,3147
09/18/2014,6.84,6.84,6.44,6.44,5682
09/19/2014,6.37,6.59,6.17,6.17,7978
09/22/2014,6.25,6.35,5.85,5.98,8473
09/23/2014,5.9999,6.034,5.89,6.034,2293
09/24/2014,5.999,6,5.83,5.99,7067
09/25/2014,6.1,6.1,5.91,5.91,730
09/26/2014,6,6,5.95,5.9501,6234
09/29/2014,6,6.07,6,6.01,3019
09/30/2014,6,6.2,6,6.02,23022
10/01/2014,6.0501,6.17,6,6.0705,8352
10/02/2014,6,6.26,6,6.26,8391
10/03/2014,6.02,6.0301,6,6,6656
10/07/2014,6,6.0601,6,6.02,9500
10/08/2014,6,6.02,5,5.47,20039
10/09/2014,5.69,5.9,5.51,5.89,3315
10/10/2014,5.53,6.05,5.44,6.05,11165
10/13/2014,5.73,6.01,5.55,5.7501,12581
10/14/2014,5.79,5.79,5.41,5.41,10647
10/15/2014,5.77,5.77,5.77,5.77,150
10/16/2014,5.6,6,5.49,6,6864
10/17/2014,5.99,5.99,5.99,5.99,107
10/20/2014,5.9999,6,5.9999,6,204
10/22/2014,6.02,6.02,5.9,5.9,504
10/23/2014,6.2,6.22,6.2,6.22,267
10/27/2014,5.55,5.97,5.55,5.97,2177
10/28/2014,5.511,5.55,5.02,5.45,3447
10/30/2014,5.24,5.27,5.24,5.27,200
10/31/2014,5.02,5.044,4.76,4.9597,2356
11/03/2014,4.74,4.74,4.46,4.52,4241
11/04/2014,4.35,4.44,4.29,4.315,2059
11/05/2014,4.43,4.43,4.43,4.43,139
11/06/2014,4.15,4.3,4.15,4.29,3536
11/07/2014,4.03,4.48,4.03,4.48,10602
11/10/2014,4.48,4.48,4.41,4.4101,6700
11/11/2014,4.31,4.31,4.1,4.24,3870
11/12/2014,4.12,4.12,4.1,4.1,2900
11/13/2014,4.48,4.48,4.1,4.1,6130
11/14/2014,4.3,4.3,4.11,4.25,2587
11/17/2014,4,4,3.81,4,19571
11/18/2014,3.85,3.85,3.7,3.7,4140
11/19/2014,3.7,3.7,3.6999,3.6999,2500
11/20/2014,3.78,3.99,3.78,3.99,3585
11/21/2014,3.75,4.05,3.75,3.9,3600
11/24/2014,3.9,4.07,3.9,3.9201,1034
11/25/2014,4,4.57,4,4.3,10481
11/26/2014,4.071,4.46,4.071,4.46,500
11/28/2014,4.01,4.15,3.99,4.0001,19398
12/01/2014,3.93,3.93,3.81,3.81,11983
12/02/2014,3.8,3.98,3.8,3.8,2285
12/03/2014,3.76,3.8,3.75,3.75,11832
12/04/2014,3.89,4.87,3.5,3.54,59718
12/05/2014,3.4,3.42,3.26,3.26,1762
12/08/2014,3.19,3.236,2.42,2.42,15762
12/09/2014,2.52,2.69,2.52,2.6,8405
12/10/2014,2.56,2.75,2.21,2.21,8866
12/11/2014,2.326,2.326,2.326,2.326,151
12/12/2014,2,2.59,2,2.1,6340
12/15/2014,2.1,2.4,2.045,2.25,11767
12/16/2014,2.39,2.77,2.3299,2.45,27715
12/17/2014,2.59,2.7,2.52,2.65,12759
12/18/2014,2.7,2.75,2.421,2.65,24394
12/19/2014,2.75,3.9699,2.35,2.35,65137
12/22/2014,2.4,2.5,2.14,2.22,9427
12/23/2014,2.26,2.4,2.22,2.4,2562
12/24/2014,2.41,2.46,2.35,2.43,2214
12/26/2014,2.38,2.38,2.24,2.32,2215
12/29/2014,2.4,2.4,1.87,2.02,10871
12/30/2014,1.93,2.15,1.93,2.15,6971
12/31/2014,2.01,2.03,2,2,26336
01/02/2015,2.14,2.25,2.0601,2.07,2650
01/05/2015,2.0001,2.02,1.88,1.88,5827
01/06/2015,1.95,1.95,1.58,1.6394,6438
01/07/2015,1.6401,1.6401,1.38,1.41,21135
01/08/2015,1.49,1.59,1.49,1.52,4360
01/09/2015,1.42,1.47,1.33,1.35,7457
01/12/2015,1.36,1.36,1.28,1.3,17819
01/13/2015,1.25,1.36,1.25,1.32,10887
01/14/2015,1.31,1.4,1.3,1.31,7699
01/15/2015,1.35,1.35,1.3,1.3,2317
01/16/2015,1.3,1.3,1.3,1.3,283
01/20/2015,1.3001,1.31,1.3,1.3,7159
01/21/2015,1.24,1.24,1.24,1.24,200
01/22/2015,1.24,1.78,1.24,1.52,128705
01/23/2015,1.6,1.81,1.36,1.39,58185
01/26/2015,1.4,1.44,1.28,1.39,12513
01/27/2015,1.39,1.458,1.39,1.4,6181
01/28/2015,1.33,1.4,1.3,1.36,5490
01/29/2015,1.31,1.316,1.17,1.21,13148
01/30/2015,1.57,1.57,1.33,1.33,9918
02/02/2015,1.38,1.65,1.35,1.6,44450
02/03/2015,1.72,3.44,1.72,3.06,475767
02/04/2015,3.15,3.2,2.6501,2.68,147817
02/05/2015,2.95,3.5,2.62,3.12,91922
02/06/2015,3.25,3.4,3,3.15,60162
02/09/2015,3.48,3.72,3.1,3.44,38313
02/10/2015,3.3,3.331,3.09,3.31,19173
02/11/2015,3.44,3.44,3.1,3.1224,15282
02/12/2015,3.48,3.5,2.75,2.75,20703
02/13/2015,3.18,3.18,2.79,2.81,6694
02/17/2015,2.95,3,2.7801,2.7944,7298
02/18/2015,2.7,2.8,2.67,2.705,3619
02/19/2015,2.7,2.86,2.6713,2.8317,6447
02/20/2015,2.9,3.04,2.81,2.83,15951
02/23/2015,2.758,2.758,2.69,2.74,18912
02/24/2015,3.04,3.04,2.68,2.68,2011
02/25/2015,2.74,2.74,2.56,2.69,7288
02/26/2015,2.66,2.72,2.57,2.72,3962
02/27/2015,2.814,3,2.814,2.95,4670
03/02/2015,2.7445,2.91,2.7,2.71,17602
03/03/2015,2.61,2.69,2.25,2.3,45107
03/04/2015,2.3201,2.3201,2.06,2.1,23413
03/05/2015,2.22,2.9599,2.22,2.51,92927
03/06/2015,2.63,2.6399,2.51,2.62,20509
03/09/2015,2.54,2.66,2.54,2.55,8817
03/10/2015,2.51,2.51,2.41,2.411,23940
03/11/2015,2.41,2.41,1.93,1.93,42108
03/12/2015,1.94,1.94,1.52,1.59,62019
03/13/2015,1.55,1.62,1.42,1.5,32761
03/16/2015,1.4,1.59,1.3501,1.54,19096
03/17/2015,1.4368,1.6,1.4368,1.54,8210
03/18/2015,1.6,1.6,1.52,1.52,11146
03/19/2015,1.45,1.5,1.4463,1.46,12038
03/20/2015,1.38,1.7,1.38,1.61,15331
03/23/2015,1.65,1.65,1.4798,1.5,14644
03/24/2015,1.5,1.64,1.35,1.52,13961
03/25/2015,1.599,1.6,1.5201,1.56,6966
03/26/2015,1.55,1.55,1.5001,1.55,5254
03/27/2015,1.4999,1.5,1.45,1.5,1927
03/30/2015,1.49,1.5,1.47,1.47,4919
03/31/2015,1.4,1.56,1.4,1.48,4325
04/01/2015,1.48,1.98,1.48,1.48,46642
04/02/2015,1.55,1.6,1.496,1.5,10771
04/06/2015,1.5,1.75,1.5,1.67,15238
04/07/2015,1.67,2.035,1.67,2,102193
04/08/2015,2.07,2.4766,2.07,2.19,135112
04/09/2015,2.2,2.35,1.9,2.19,36322
04/10/2015,2.1,2.19,2,2.0869,40948
04/13/2015,2.02,2.12,1.8,1.93,60807
04/14/2015,1.91,1.93,1.76,1.84,53657
04/15/2015,1.9,2.09,1.78,1.87,105126
04/16/2015,1.87,1.9495,1.76,1.9195,15553
04/17/2015,1.97,1.97,1.8,1.85,8678
04/20/2015,1.78,1.87,1.76,1.8,12186
04/21/2015,1.75,1.83,1.6999,1.6999,10180
04/22/2015,1.81,1.81,1.68,1.75,18128
04/23/2015,1.68,1.8,1.61,1.667,23194
04/24/2015,1.68,1.78,1.6501,1.7,30689
04/27/2015,1.83,1.83,1.66,1.66,16534
04/28/2015,1.62,1.74,1.62,1.7299,14473
04/29/2015,1.7,1.75,1.61,1.7,44521
04/30/2015,1.7,1.7,1.63,1.69,6667
05/01/2015,1.6201,1.7,1.6201,1.66,12472
05/04/2015,1.77,1.77,1.66,1.7,8777
05/05/2015,1.7,1.74,1.7,1.74,9607
05/06/2015,1.73,1.84,1.73,1.79,46173
05/07/2015,1.87,1.9,1.79,1.85,55102
05/08/2015,1.7901,1.88,1.75,1.76,16167
05/11/2015,1.84,1.84,1.74,1.77,4692
05/12/2015,1.64,1.82,1.64,1.68,10846
05/13/2015,1.75,1.77,1.7,1.76,1459
05/14/2015,1.76,1.82,1.64,1.71,14381
05/15/2015,1.79,1.79,1.69,1.74,29885
05/18/2015,1.8,1.9,1.79,1.89,50350
05/19/2015,1.97,1.97,1.83,1.83,30559
05/20/2015,1.95,1.95,1.83,1.8394,27469
05/21/2015,1.9,1.9,1.84,1.89,18631
05/22/2015,1.85,1.99,1.85,1.87,24000
05/26/2015,1.85,1.9,1.81,1.81,28261
05/27/2015,1.821,1.821,1.75,1.75,50781
05/28/2015,1.82,1.85,1.75,1.78,15536
05/29/2015,1.9,1.9,1.71,1.71,12762
06/01/2015,1.71,1.79,1.69,1.69,34018
06/02/2015,1.65,1.7299,1.65,1.68,20266
06/03/2015,1.75,1.75,1.69,1.71,5882
06/04/2015,1.6896,1.71,1.67,1.71,12314
06/05/2015,1.71,1.71,1.6544,1.66,9998
06/08/2015,1.72,1.74,1.7,1.73,17279
06/09/2015,1.72,1.76,1.68,1.76,20878
06/10/2015,1.74,1.79,1.74,1.74,8740
06/11/2015,1.7479,1.78,1.67,1.74,17980
06/12/2015,1.66,1.75,1.62,1.63,30081
06/15/2015,1.6,1.71,1.59,1.64,18804
06/16/2015,1.7,1.7,1.51,1.51,29391
06/17/2015,1.54,1.62,1.54,1.55,20412
06/18/2015,1.55,1.69,1.54,1.58,26348
06/19/2015,1.54,1.58,1.2201,1.28,73186
06/22/2015,1.21,1.3499,1.21,1.25,12396
06/23/2015,1.325,1.34,1.25,1.3,13309
06/24/2015,1.31,1.586,1.27,1.51,43572
06/25/2015,1.45,1.61,1.44,1.58,35964
06/26/2015,1.65,1.65,1.36,1.51,35479
06/29/2015,1.57,1.57,1.4,1.55,8624
06/30/2015,1.5,1.58,1.5,1.5,1517
07/01/2015,1.53,1.53,1.4288,1.53,4155
07/02/2015,1.49,1.5,1.36,1.42,19567
07/06/2015,1.3,1.32,1.2401,1.25,18879
07/07/2015,1.2,1.35,1.2,1.2999,3972
07/08/2015,1.35,1.35,1.27,1.3,14573
07/09/2015,1.32,1.32,1.22,1.23,3200
07/10/2015,1.31,1.55,1.3,1.47,28227
07/13/2015,1.46,1.54,1.37,1.48,31755
07/14/2015,1.5,1.5,1.33,1.38,28328
07/15/2015,1.48,1.59,1.3801,1.42,17233
07/16/2015,1.45,1.48,1.22,1.36,32012
07/17/2015,1.41,1.42,1.31,1.41,4215
07/20/2015,1.41,1.45,1.32,1.38,12660
07/21/2015,1.4,1.45,1.3,1.35,11526
07/22/2015,1.4,1.4,1.26,1.35,9694
07/23/2015,1.44,1.44,1.28,1.35,1946
07/24/2015,1.43,1.43,1.35,1.35,2498
07/27/2015,1.25,1.33,1.15,1.21,8765
07/28/2015,1.15,1.29,1.15,1.21,4364
07/29/2015,1.16,1.28,1.16,1.24,2400
07/30/2015,1.3,1.39,1.2052,1.2052,2686
07/31/2015,1.2,1.25,1.2,1.21,6637
08/03/2015,1.23,1.23,1.08,1.13,17699
08/04/2015,1.08,1.22,1.04,1.14,27291
08/05/2015,1.12,1.17,1.06,1.14,6408
08/06/2015,1.21,1.21,1.0101,1.07,6810
08/07/2015,1.15,1.21,1.1493,1.1493,4111
08/10/2015,1.14,1.14,1.04,1.1102,5306
08/11/2015,1.071,1.14,1.071,1.14,2554
08/12/2015,1.06,1.13,0.852,1.13,12588
08/13/2015,1.101,1.14,1.101,1.14,683
08/14/2015,1.09,1.14,1.09,1.1001,1400
08/17/2015,1.09,1.14,1.07,1.11,5617
08/18/2015,1.1,1.13,1.02,1.12,2000
08/19/2015,1.05,1.12,1.01,1.12,3081
08/20/2015,1.094,1.094,0.97,1.08,17409
08/21/2015,1.11,1.12,1,1,6848
08/24/2015,1.01,1.08,0.98,1.08,3856
08/25/2015,1.05,1.0799,0.94,1.0101,11037
08/26/2015,0.97,1.05,0.87,0.93,14045
08/27/2015,0.93,1.02,0.93,0.9501,6532
08/28/2015,0.9,0.958,0.82,0.9021,49151
08/31/2015,0.97,0.97,0.8,0.88,8740
09/01/2015,0.8,0.86,0.7401,0.79,27646
09/02/2015,0.75,0.8,0.721,0.77,12025
09/03/2015,0.7999,0.8,0.69,0.7001,18498
09/04/2015,0.71,0.72,0.71,0.7199,2483
09/08/2015,0.632,0.74,0.625,0.74,38317
09/09/2015,0.77,0.77,0.6333,0.696,35412
09/10/2015,0.68,0.68,0.59,0.65,27803
09/11/2015,0.64,0.67,0.61,0.63,20117
09/14/2015,0.6,0.63,0.55,0.58,36610
09/15/2015,0.5,0.54,0.4801,0.5101,28100
09/16/2015,0.52,0.6761,0.52,0.6761,31592
09/17/2015,0.64,0.845,0.61,0.845,18975
09/18/2015,0.75,0.82,0.61,0.76,70161
09/21/2015,0.77,0.8084,0.62,0.8084,10282
09/22/2015,0.6606,0.6994,0.61,0.614,10424
09/23/2015,0.62,0.6201,0.55,0.56,14884
09/24/2015,0.6,0.84,0.55,0.68,25296
09/25/2015,0.694,0.7,0.61,0.612,13948
09/28/2015,0.62,0.6258,0.44,0.52,28953
09/29/2015,0.5,0.5199,0.5,0.5199,11759
09/30/2015,0.49,0.5,0.49,0.49,11252
10/01/2015,0.49,0.495,0.49,0.495,5115
10/02/2015,0.5,0.5165,0.5,0.5084,1413
10/05/2015,0.52,0.52,0.461,0.5099,52288
10/06/2015,0.47,0.6336,0.47,0.6336,55033
10/07/2015,0.634,0.74,0.634,0.6651,77598
10/08/2015,0.7,0.77,0.67,0.77,54601
10/09/2015,0.7802,0.919,0.77,0.87,84319
10/12/2015,0.85,0.968,0.85,0.93,14444
10/13/2015,0.93,0.97,0.8,0.9273,23565
10/14/2015,0.9,0.9193,0.8501,0.8501,6648
10/15/2015,0.9,0.9,0.8,0.8399,7290
10/16/2015,0.821,0.87,0.821,0.83,3612
10/19/2015,0.8,0.84,0.63,0.69,64710
10/20/2015,0.58,0.7017,0.58,0.6864,22621
10/21/2015,0.64,0.672,0.64,0.6613,3040
10/22/2015,0.6613,0.68,0.602,0.61,8345
10/23/2015,0.6405,0.66,0.54,0.63,10878
10/26/2015,0.6,0.6,0.5397,0.55,20249
10/27/2015,0.56,0.58,0.54,0.54,6531
10/28/2015,0.5831,0.595,0.5501,0.5702,2896
10/29/2015,0.5987,0.5987,0.5987,0.5987,186
10/30/2015,0.6286,0.6286,0.54,0.5401,9626
11/02/2015,0.5401,0.56,0.4201,0.48,18394
11/03/2015,0.48,0.525,0.4799,0.49,41159
11/04/2015,0.54,0.5832,0.5096,0.5096,7832
11/05/2015,0.5,0.51,0.4811,0.49,12028
11/06/2015,0.5,0.5,0.5,0.5,2032
11/09/2015,0.511,0.5399,0.51,0.5399,946
11/10/2015,0.529,0.529,0.43,0.44,33806
11/11/2015,0.426,0.516,0.426,0.5146,3685
11/12/2015,0.5001,0.5146,0.48,0.48,2349
11/13/2015,0.484,0.484,0.42,0.4801,10906
11/16/2015,0.366,0.45,0.326,0.45,24765
11/17/2015,0.4471,0.467,0.4001,0.4001,6813
11/18/2015,0.4,0.42,0.3001,0.4,69477
11/19/2015,0.4,0.4,0.33,0.35,29041
11/20/2015,0.4,0.44,0.36,0.38,17787
11/24/2015,0.3379,0.38,0.33,0.38,2285
11/25/2015,0.4081,0.4081,0.38,0.38,1518
11/27/2015,0.3735,0.4001,0.3301,0.4001,8278
11/30/2015,0.392,0.4116,0.3707,0.3707,9042
12/01/2015,0.3892,0.45,0.3892,0.4192,22539
12/02/2015,0.39,0.39,0.33,0.369,39837
12/03/2015,0.331,0.389,0.331,0.372,7380
12/04/2015,0.3813,0.3813,0.33,0.369,23653
12/07/2015,0.369,0.369,0.35,0.35,1052
12/08/2015,0.335,0.41,0.335,0.41,23517
12/09/2015,0.42,0.439,0.336,0.336,12028
12/10/2015,0.342,0.398,0.342,0.39,8812
12/11/2015,0.369,0.4,0.369,0.395,7031
12/14/2015,0.36,0.399,0.36,0.399,12835
12/15/2015,0.399,0.399,0.34,0.35,14313
12/16/2015,0.38,0.38,0.361,0.3699,4244
12/17/2015,0.37,0.3899,0.3699,0.37,14162
12/18/2015,0.358,0.37,0.358,0.36,1543
12/21/2015,0.37,0.37,0.35,0.35,21441
12/22/2015,0.344,0.3442,0.33,0.33,28082
12/23/2015,0.3399,0.3542,0.3399,0.354,11889
12/24/2015,0.33,0.3526,0.33,0.3526,1694
12/28/2015,0.34,0.359,0.331,0.35,14691
12/29/2015,0.34,0.35,0.33,0.35,16709
12/30/2015,0.21,0.35,0.21,0.3,51842
12/31/2015,0.3,0.32,0.2803,0.3,20950
01/04/2016,0.3001,0.3101,0.26,0.26,11139
01/05/2016,0.2948,0.389,0.2805,0.29,9944
01/06/2016,0.3132,0.59,0.29,0.56,87392
01/07/2016,0.53,0.53,0.38,0.38,25166
01/08/2016,0.38,0.41,0.38,0.38,7031
01/11/2016,0.39,0.41,0.38,0.38,15780
01/12/2016,0.38,0.38,0.33,0.33,12345
01/13/2016,0.356,0.3599,0.3266,0.3429,11814
01/14/2016,0.3125,0.3299,0.292,0.3,5074
01/15/2016,0.3197,0.3225,0.318,0.32,2893
01/19/2016,0.3149,0.3149,0.26,0.26,31424
01/20/2016,0.273,0.273,0.2006,0.235,22930
01/21/2016,0.2665,0.279,0.225,0.259,3959
01/22/2016,0.2546,0.2572,0.225,0.2572,4304
01/25/2016,0.255,0.279,0.25,0.25,8856
01/26/2016,0.26,0.2684,0.26,0.2684,5716
01/27/2016,0.26,0.28,0.26,0.27,12868
01/28/2016,0.289,0.289,0.2645,0.2645,3517
01/29/2016,0.28,0.28,0.24,0.25,8843
02/01/2016,0.2799,0.2799,0.23,0.23,3493
02/02/2016,0.24,0.25,0.24,0.24,4734
02/03/2016,0.26,0.26,0.24,0.2499,1722
02/04/2016,0.25,0.25,0.2132,0.2132,11566
02/05/2016,0.2238,0.2238,0.1999,0.2,15157
02/09/2016,0.17,0.229,0.17,0.22,16652
02/10/2016,0.22,0.22,0.2199,0.2199,10120
02/11/2016,0.219,0.239,0.219,0.22,4923
02/12/2016,0.2177,0.2799,0.2177,0.26,73711
02/16/2016,0.23,0.27,0.22,0.23,52782
02/17/2016,0.23,0.345,0.221,0.27,138274
02/18/2016,0.27,0.2701,0.23,0.25,17493
02/19/2016,0.26,0.26,0.225,0.225,7086
02/22/2016,0.22,0.259,0.22,0.24,31303
02/23/2016,0.221,0.2499,0.209,0.249,9968
02/24/2016,0.2265,0.27,0.22,0.27,67205
02/25/2016,0.255,0.27,0.2385,0.254,90500
02/26/2016,0.2426,0.26,0.22,0.2301,32965
02/29/2016,0.25,0.27,0.22,0.23,34587
03/01/2016,0.2415,0.272,0.225,0.24,287707
03/02/2016,0.2421,0.2422,0.18,0.2,103296
03/03/2016,0.21,0.3,0.2,0.26,224588
03/04/2016,0.349,0.3532,0.25,0.25,284503
03/07/2016,0.3,0.3498,0.2713,0.3441,131873
03/08/2016,0.3613,0.3622,0.2528,0.285,92587
03/09/2016,0.3141,0.349,0.285,0.3185,105420
03/10/2016,0.31,0.31,0.289,0.289,66859
03/11/2016,0.31,0.3509,0.3,0.3,67480
03/14/2016,0.37,0.37,0.2116,0.2835,134356
03/15/2016,0.32,0.32,0.23,0.26,14781
03/16/2016,0.273,0.28,0.273,0.273,3742
03/17/2016,0.2867,0.29,0.22,0.25,29640
03/18/2016,0.26,0.309,0.245,0.309,54587
03/21/2016,0.32,0.34,0.28,0.28,6421
03/22/2016,0.3,0.3,0.25,0.25,35879
03/23/2016,0.27,0.272,0.245,0.245,9171
03/24/2016,0.2835,0.2835,0.24,0.25,63938
03/28/2016,0.2419,0.2625,0.24,0.2625,1393
03/29/2016,0.2625,0.2801,0.23,0.25,9929
03/30/2016,0.24,0.26,0.24,0.2555,545
03/31/2016,0.24,0.25,0.24,0.25,209
04/01/2016,0.2591,0.2592,0.22,0.231,31101
04/04/2016,0.25,0.25,0.221,0.24,25268
04/05/2016,0.221,0.23,0.22,0.23,6271
04/06/2016,0.2228,0.25,0.2228,0.25,1748
04/07/2016,0.25,0.26,0.24,0.25,3849
04/08/2016,0.27,0.32,0.235,0.315,111747
04/11/2016,0.32,0.32,0.27,0.27,14972
04/12/2016,0.29,0.35,0.29,0.32,99800
04/13/2016,0.32,0.329,0.25,0.26,68816
04/14/2016,0.279,0.279,0.26,0.26,8775
04/15/2016,0.26,0.28,0.26,0.27,23196
04/18/2016,0.2835,0.29,0.2635,0.271,11614
04/19/2016,0.28,0.3899,0.2766,0.3749,82941
04/20/2016,0.31,0.3401,0.31,0.33,73799
04/21/2016,0.36,0.36,0.33,0.3325,16602
04/22/2016,0.3291,0.3291,0.28,0.2916,44362
04/25/2016,0.3,0.3133,0.291,0.295,3786
04/26/2016,0.32,0.32,0.3,0.3,7604
04/27/2016,0.3331,0.41,0.3206,0.35,134289
04/28/2016,0.4,0.4199,0.34,0.34,98005
04/29/2016,0.3888,0.3888,0.35,0.35,40539
05/02/2016,0.37,0.37,0.33,0.33,10684
05/03/2016,0.3601,0.38,0.31,0.32,18442
05/04/2016,0.32,0.32,0.25,0.27,55307
05/05/2016,0.298,0.31,0.27,0.29,52372
05/06/2016,0.276,0.2762,0.26,0.2601,29444
05/09/2016,0.25,0.429,0.25,0.3565,38852
05/10/2016,0.35,0.3558,0.271,0.325,37573
05/11/2016,0.26,0.38,0.26,0.36,23380
05/12/2016,0.378,0.4,0.273,0.31,73257
05/13/2016,0.2801,0.349,0.2801,0.34,9843
05/16/2016,0.3128,0.37,0.3128,0.37,5260
05/17/2016,0.37,0.37,0.273,0.3,70378
05/18/2016,0.3151,0.33,0.25,0.27,70055
05/19/2016,0.282,0.2961,0.25,0.2679,24557
05/20/2016,0.2842,0.2842,0.2623,0.265,3032
05/23/2016,0.265,0.29,0.265,0.2716,11811
05/24/2016,0.275,0.345,0.275,0.345,4241
05/25/2016,0.25,0.299,0.25,0.299,15840
05/26/2016,0.299,0.32,0.28,0.295,71908
05/27/2016,0.3,0.372,0.3,0.34,144031
05/31/2016,0.31,0.3352,0.29,0.3352,26557
06/01/2016,0.325,0.325,0.28,0.3,56972
06/02/2016,0.3,0.32,0.29,0.319,17588
06/03/2016,0.301,0.35,0.301,0.33,18493
06/06/2016,0.31,0.48,0.31,0.38,333729
06/07/2016,0.399,0.4255,0.34,0.3601,137887
06/08/2016,0.3826,0.3976,0.33,0.3605,53760
06/09/2016,0.344,0.374,0.3,0.3216,30821
06/10/2016,0.32,0.4,0.3199,0.379,52385
06/13/2016,0.49,0.49,0.351,0.351,47045
06/14/2016,0.365,0.4,0.3603,0.3756,8931
06/15/2016,0.3773,0.4116,0.3756,0.3756,17628
06/16/2016,0.39,0.39,0.272,0.336,57012
06/17/2016,0.29,0.3398,0.27,0.28,77321
06/20/2016,0.335,0.337,0.2975,0.3,20030
06/21/2016,0.3,0.339,0.29,0.29,69647
06/22/2016,0.3112,0.338,0.3112,0.338,681
06/23/2016,0.3499,0.3499,0.29,0.31,5859
06/24/2016,0.3,0.32,0.27,0.29,28107
06/27/2016,0.3073,0.31,0.25,0.2601,52791
06/28/2016,0.2651,0.3,0.265,0.2803,35191
06/29/2016,0.3,0.31,0.28,0.3,27796
06/30/2016,0.295,0.298,0.27,0.28,24600
07/01/2016,0.3,0.3,0.265,0.2841,23945
07/05/2016,0.27,0.29,0.2699,0.2826,17473
07/06/2016,0.29,0.29,0.27,0.2701,3482
07/07/2016,0.2836,0.2836,0.26,0.27,12156
07/08/2016,0.2771,0.2771,0.2601,0.2684,632
07/11/2016,0.26,0.2782,0.25,0.2651,85609
07/12/2016,0.2783,0.2807,0.25,0.2501,26487
07/13/2016,0.2693,0.27,0.2637,0.2689,5131
07/14/2016,0.2501,0.28,0.2501,0.279,52268
07/15/2016,0.28,0.3494,0.279,0.2965,518707
07/18/2016,0.3113,0.57,0.26,0.2799,1639537
07/19/2016,0.2671,0.2799,0.23,0.2649,225774
07/20/2016,0.27,0.27,0.25,0.25,39717
07/21/2016,0.25,0.2651,0.24,0.25,35805
07/22/2016,0.255,0.3199,0.243,0.2722,914929
07/25/2016,0.268,0.288,0.263,0.2749,42949
07/26/2016,0.2969,0.2969,0.2603,0.28,4988
07/27/2016,0.28,0.28,0.25,0.276,24860
07/28/2016,0.2518,0.273,0.25,0.25,13111
07/29/2016,0.2789,0.2789,0.25,0.261,29981
08/01/2016,0.261,0.27,0.25,0.251,115612
08/02/2016,0.251,0.27,0.2475,0.2696,39972
08/03/2016,0.2475,0.3149,0.2475,0.2839,381987
08/04/2016,0.256,0.32,0.256,0.28,154551
08/05/2016,0.28,0.311,0.28,0.3,62162
08/08/2016,0.309,0.309,0.2864,0.3,12714
08/09/2016,0.3069,0.35,0.3,0.3199,96313
08/10/2016,0.31,0.33,0.301,0.32,43539
08/11/2016,0.322,0.4,0.32,0.39,448655
08/12/2016,0.379,0.379,0.3312,0.3372,65101
08/15/2016,0.33,0.4346,0.2948,0.42,144918
08/16/2016,0.42,0.42,0.31,0.332,280080
08/17/2016,0.35,0.35,0.28,0.3,133203
08/18/2016,0.34,0.83,0.3301,0.54,5375028
08/19/2016,0.54,0.749,0.5397,0.6071,2662244
08/22/2016,0.5701,0.6204,0.4561,0.49,542232
08/23/2016,0.4501,0.49,0.345,0.42,485448
08/24/2016,0.441,0.441,0.352,0.41,261776
08/25/2016,0.4795,0.6,0.4305,0.4478,423136
08/26/2016,0.45,0.45,0.4,0.42,154897
08/29/2016,0.3818,0.4285,0.3721,0.3922,40106
08/30/2016,0.374,0.3915,0.3718,0.3855,65622
08/31/2016,0.38,0.399,0.35,0.3722,53695
09/01/2016,0.34,0.4,0.34,0.37,18526
09/02/2016,0.37,0.49,0.37,0.4,333831
09/06/2016,0.42,0.42,0.37,0.4001,98944
09/07/2016,0.4201,0.4201,0.37,0.3802,31002
09/08/2016,0.3797,0.45,0.3793,0.435,448473
09/09/2016,0.405,0.5668,0.405,0.43,945146
09/12/2016,0.5,0.5,0.39,0.41,148957
09/13/2016,0.41,0.439,0.39,0.39,55833
09/14/2016,0.39,0.434,0.3799,0.4172,127364
09/15/2016,0.445,0.445,0.38,0.403,58191
09/16/2016,0.403,0.4086,0.38,0.3999,61170
09/19/2016,0.3816,0.41,0.38,0.38,45054
09/20/2016,0.3816,0.3816,0.32,0.36,116960
09/21/2016,0.363,0.363,0.32,0.36,172533
09/22/2016,0.358,0.3597,0.3227,0.34,207858
09/23/2016,0.33,0.3395,0.3067,0.32,99166
09/26/2016,0.44,0.44,0.3047,0.31,149082
09/27/2016,0.3,0.3078,0.2801,0.2801,46346
09/28/2016,0.29,0.3731,0.28,0.3399,545035
09/29/2016,0.37,0.5439,0.3399,0.4199,2101584
09/30/2016,0.4408,0.4408,0.37,0.397,505534
10/03/2016,0.38,0.395,0.3602,0.3781,151665
10/04/2016,0.3628,0.3746,0.33,0.3571,130980
10/05/2016,0.3799,0.42,0.36,0.39,116594
10/06/2016,0.4095,0.4095,0.36,0.3601,54655
10/07/2016,0.3743,0.3782,0.3613,0.3623,47280
10/10/2016,0.377,0.39,0.355,0.362,136065
10/11/2016,0.3801,0.3969,0.3266,0.3556,42840
10/12/2016,0.3316,0.3482,0.325,0.3301,73451
10/13/2016,0.33,0.35,0.32,0.325,45519
10/14/2016,0.3412,0.3475,0.3112,0.321,74528
10/17/2016,0.3111,0.3255,0.3011,0.3011,59995
10/18/2016,0.305,0.33,0.302,0.302,66937
10/19/2016,0.3,0.39,0.3,0.3277,612218
10/20/2016,0.3121,0.33,0.305,0.325,93506
10/21/2016,0.33,0.33,0.31,0.32,22566
10/24/2016,0.3151,0.3189,0.3,0.3094,65206
10/25/2016,0.31,0.3135,0.3,0.3,41460
10/26/2016,0.3,0.3299,0.295,0.302,168717
10/27/2016,0.31,0.34,0.26,0.308,719607
10/28/2016,0.307,0.307,0.275,0.28,144394
10/31/2016,0.287,0.287,0.27,0.2729,34928
11/01/2016,0.2731,0.2999,0.265,0.265,33632
11/02/2016,0.27,0.305,0.265,0.2799,98179
11/03/2016,0.2799,0.2799,0.265,0.265,20399
11/04/2016,0.265,0.285,0.2501,0.28,92035
11/07/2016,0.28,0.28,0.26,0.2694,46880
11/08/2016,0.2692,0.2692,0.2501,0.256,44594
11/09/2016,0.2501,0.2601,0.25,0.26,69712
11/10/2016,0.2699,0.2901,0.2406,0.2804,140517
11/11/2016,0.28,0.28,0.2609,0.28,21593
11/14/2016,0.28,0.28,0.2557,0.2557,54496
11/15/2016,0.2701,0.2901,0.2618,0.2618,480487
11/16/2016,0.2748,0.285,0.2516,0.283,155069
11/17/2016,0.28,0.36,0.2726,0.315,774708
11/18/2016,0.309,0.34,0.2757,0.3038,86071
11/21/2016,0.3035,0.35,0.3035,0.342,208805
11/22/2016,0.342,0.345,0.2897,0.324,101560
11/23/2016,0.3139,0.3386,0.305,0.3201,35540
11/25/2016,0.3069,0.3178,0.26,0.3,21795
11/28/2016,0.315,0.3184,0.2801,0.3049,47342
11/29/2016,0.3141,0.3141,0.26,0.28,52753
11/30/2016,0.3001,0.38,0.2944,0.3395,537126
12/01/2016,0.34,0.39,0.3171,0.319,502935
12/02/2016,0.32,0.34,0.29,0.3,141937
12/05/2016,0.29,0.3368,0.2872,0.31,98354
12/06/2016,0.3,0.3098,0.293,0.3,55256
12/07/2016,0.293,0.31,0.29,0.2935,39130
12/08/2016,0.29,0.329,0.2872,0.3,82591
12/09/2016,0.32,0.3475,0.315,0.337,200977
12/12/2016,0.4,0.46,0.338,0.399,988869
12/13/2016,0.305,0.4,0.305,0.341,414779
12/14/2016,0.33,0.3655,0.33,0.3655,146061
12/15/2016,0.369,0.369,0.3061,0.349,63843
12/16/2016,0.37,0.37,0.3302,0.3603,30698
12/19/2016,0.3675,0.37,0.3323,0.37,55394
12/20/2016,0.37,0.3701,0.33,0.35,37959
12/21/2016,0.335,0.3441,0.32,0.335,72232
12/22/2016,0.3302,0.3451,0.3302,0.339,11205
12/23/2016,0.3206,0.348,0.3206,0.34,13281
12/27/2016,0.325,0.33,0.305,0.31,81134
12/28/2016,0.32,0.32,0.3,0.302,19688
12/29/2016,0.3171,0.3171,0.3,0.3,63844
12/30/2016,0.3008,0.3045,0.29,0.29,28750
01/03/2017,0.29,0.32,0.2734,0.3149,30465
01/04/2017,0.32,0.32,0.3005,0.3028,25143
01/05/2017,0.32,0.3225,0.29,0.29,46216
01/06/2017,0.3095,0.33,0.2999,0.31,31738
01/09/2017,0.2999,0.3199,0.2999,0.305,16286
01/10/2017,0.3184,0.3185,0.2612,0.2949,57605
01/11/2017,0.3,0.315,0.2955,0.31,38651
01/12/2017,0.3025,0.4,0.297,0.3207,441347
01/13/2017,0.3367,0.35,0.3065,0.31,91378
01/17/2017,0.295,0.33,0.295,0.31,61659
01/18/2017,0.34,0.3468,0.31,0.315,52227
01/19/2017,0.33,0.35,0.3104,0.34,88865
01/20/2017,0.35,0.628,0.35,0.49,1507375
01/23/2017,0.5,0.5,0.351,0.45,461419
01/24/2017,0.47,0.47,0.4,0.45,179343
01/25/2017,0.48,0.4849,0.45,0.4802,130582
01/26/2017,0.489,0.6,0.4856,0.57,481053
01/27/2017,0.5985,0.68,0.58,0.66,737995
01/30/2017,0.7,0.8091,0.67,0.77,1071167
01/31/2017,0.7,0.72,0.5898,0.6484,621159
02/01/2017,0.65,0.65,0.5023,0.54,322218
02/02/2017,0.55,0.58,0.4701,0.551,231845
02/03/2017,0.59,0.59,0.51,0.55,110606
02/06/2017,0.64,0.64,0.52,0.53,123547
02/07/2017,0.51,0.56,0.5005,0.513,91382
02/08/2017,0.5386,0.5396,0.5,0.5023,109646
02/09/2017,0.5274,0.5279,0.47,0.5,124324
02/10/2017,0.46,0.55,0.46,0.472,255412
02/13/2017,0.4712,0.5097,0.455,0.48,137803
02/14/2017,0.5,0.5,0.45,0.452,49045
02/15/2017,0.47,0.47,0.41,0.4214,130226
02/16/2017,0.44,0.4493,0.39,0.412,184089
02/17/2017,0.4326,0.49,0.3934,0.4617,226066
02/21/2017,0.58,0.5974,0.46,0.48,281763
02/22/2017,0.48,0.4999,0.4221,0.4417,158252
02/23/2017,0.44,0.46,0.41,0.4201,63172
02/24/2017,0.425,0.44,0.41,0.4311,55895
02/27/2017,0.46,0.46,0.3801,0.412,174307
02/28/2017,0.39,0.41,0.3061,0.37,112324
03/01/2017,0.34,0.3847,0.34,0.3602,78040
03/02/2017,0.3636,0.387,0.35,0.3756,81829
03/03/2017,0.38,0.4079,0.38,0.4,55097
03/06/2017,0.42,0.42,0.3737,0.388,57518
03/07/2017,0.4074,0.4074,0.3133,0.35,128430
03/08/2017,0.38,0.3834,0.36,0.38,67762
03/09/2017,0.41,0.41,0.3503,0.36,71269
03/10/2017,0.36,0.38,0.36,0.37,27717
03/13/2017,0.39,0.39,0.37,0.3701,61095
03/14/2017,0.398,0.398,0.35,0.3685,22589
03/15/2017,0.3832,0.3869,0.36,0.3663,33130
03/16/2017,0.3846,0.385,0.32,0.3201,128166
03/17/2017,0.3837,0.3837,0.3497,0.3599,40063
03/20/2017,0.3778,0.3798,0.3515,0.3798,59060
03/21/2017,0.3815,0.3815,0.35,0.37,35807
03/22/2017,0.3501,0.37,0.345,0.3547,29363
03/23/2017,0.35,0.3547,0.3202,0.3371,55446
03/24/2017,0.3224,0.35,0.32,0.3404,32233
03/27/2017,0.3785,0.3785,0.33,0.346,51740
03/28/2017,0.33,0.3507,0.32,0.3308,43403
03/29/2017,0.347,0.3847,0.345,0.3601,309051
03/30/2017,0.3781,0.38,0.34,0.37,157860
03/31/2017,0.379,0.379,0.342,0.36,53372
04/03/2017,0.36,0.375,0.3509,0.351,15751
04/04/2017,0.332,0.36,0.332,0.355,41570
04/05/2017,0.3423,0.48,0.3345,0.3736,579186
04/06/2017,0.3736,0.3881,0.34,0.37,68401
04/07/2017,0.38,0.402,0.375,0.3847,521226
04/10/2017,0.64,1.15,0.6,0.64,4541870
04/11/2017,0.5,0.59,0.41,0.55,958344
04/12/2017,0.51,0.5619,0.47,0.47,213276
04/13/2017,0.45,0.545,0.45,0.5,190447
04/17/2017,0.5,0.5,0.4,0.43,226235
04/18/2017,0.4515,0.4526,0.4,0.41,84191
04/19/2017,0.4305,0.4399,0.42,0.4252,35957
04/20/2017,0.44,0.45,0.4201,0.448,83196
04/21/2017,0.45,0.4592,0.42,0.42,98865
04/24/2017,0.41,0.43,0.4001,0.4202,66741
04/25/2017,0.43,0.4399,0.416,0.43,45861
04/26/2017,0.4499,0.5,0.4354,0.4712,133676
04/27/2017,0.47,0.52,0.426,0.5085,174882
04/28/2017,0.54,0.64,0.48,0.492,1205480
05/01/2017,0.48,0.49,0.41,0.46,418320
05/02/2017,0.45,0.45,0.3983,0.42,299314
05/03/2017,0.41,0.43,0.36,0.4,211408
05/04/2017,0.37,0.3937,0.3401,0.369,231992
05/05/2017,0.35,0.3886,0.35,0.38,142303
05/08/2017,0.399,0.399,0.3452,0.3462,153638
05/09/2017,0.34,0.35,0.3075,0.3075,300822
05/10/2017,0.3228,0.37,0.293,0.325,1024670
05/11/2017,0.32,0.3255,0.3087,0.3136,361181
05/12/2017,0.3075,0.3218,0.3035,0.3097,114359
05/15/2017,0.32,0.34,0.3056,0.3197,400131
05/16/2017,0.3197,0.3197,0.28,0.294,343664
05/17/2017,0.3087,0.3087,0.27,0.28,143318
05/18/2017,0.27,0.2987,0.27,0.29,115180
05/19/2017,0.33,0.33,0.27,0.29,278824
05/22/2017,0.3045,0.31,0.29,0.31,237818
05/23/2017,0.31,0.31,0.2956,0.2995,160538
05/24/2017,0.3,0.325,0.29,0.325,111227
05/25/2017,0.3,0.3,0.2702,0.2868,235271
05/26/2017,0.2868,0.293,0.272,0.293,104027
05/30/2017,0.26,0.2899,0.26,0.2679,235218
05/31/2017,0.27,0.2758,0.25,0.2554,204453
06/01/2017,0.2681,0.28,0.25,0.2599,218676
06/02/2017,0.2728,0.28,0.245,0.28,231718
06/05/2017,0.28,0.28,0.2113,0.246,352103
06/06/2017,0.2579,0.2579,0.2438,0.2578,168283
06/07/2017,0.2579,0.2579,0.243,0.245,115313
06/08/2017,0.2487,0.47,0.2487,0.2838,3757740
06/09/2017,0.2838,0.2838,0.255,0.275,488938
06/12/2017,0.289,0.3065,0.27,0.29,259579
06/13/2017,0.28,0.2933,0.271,0.28,234505
06/14/2017,0.29,0.29,0.255,0.2699,317899
06/15/2017,0.28,0.29,0.27,0.2783,150802
06/16/2017,0.27,0.32,0.26,0.32,109692
06/19/2017,0.29,0.29,0.2615,0.28,223970
06/20/2017,0.27,0.2845,0.2603,0.2603,193248
06/21/2017,0.2733,0.281,0.261,0.2786,306440
06/22/2017,0.2799,0.34,0.2711,0.295,1919133
06/23/2017,0.309,0.3097,0.2765,0.2815,365038
06/26/2017,0.29,0.295,0.28,0.2802,141112
06/27/2017,0.2701,0.3036,0.2701,0.28,343236
06/28/2017,0.28,0.2985,0.28,0.29,176555
06/29/2017,0.2998,0.325,0.282,0.315,827291
06/30/2017,0.335,0.335,0.285,0.32,473990
07/03/2017,0.301,0.32,0.29,0.3,175590
07/05/2017,0.3,0.3,0.285,0.285,157895
07/06/2017,0.3,0.3,0.28,0.2901,162989
07/07/2017,0.3046,0.3046,0.2805,0.3,170386
07/10/2017,0.292,0.3425,0.282,0.32,1366890
07/11/2017,0.33,0.3305,0.2896,0.2992,916334
07/12/2017,0.29,0.307,0.2802,0.285,339621
07/13/2017,0.2989,0.3188,0.2826,0.295,859474
07/14/2017,0.2951,0.307,0.295,0.3045,216792
07/17/2017,0.3197,0.4172,0.305,0.38,2420198
07/18/2017,0.4095,0.46,0.32,0.333,2519907
07/19/2017,0.331,0.35,0.3,0.3471,638584
07/20/2017,0.3475,0.3475,0.312,0.328,345344
07/21/2017,0.33,0.3304,0.3031,0.3228,346401
07/24/2017,0.337,0.337,0.3031,0.3111,127399
07/25/2017,0.3,0.325,0.3,0.3103,241564
07/26/2017,0.3258,0.3345,0.31,0.3279,273600
07/27/2017,0.3028,0.3278,0.3028,0.3179,182869
07/28/2017,0.33,0.33,0.305,0.3256,202666
07/31/2017,0.326,0.326,0.31,0.3111,151599
08/01/2017,0.31,0.32,0.301,0.31,138582
08/02/2017,0.3075,0.32,0.305,0.3143,118996
08/03/2017,0.3185,0.319,0.307,0.307,116674
08/04/2017,0.3223,0.3223,0.307,0.311,132178
08/07/2017,0.3199,0.3199,0.307,0.311,138425
08/08/2017,0.32,0.322,0.311,0.314,145293
08/09/2017,0.314,0.3176,0.305,0.305,107720
08/10/2017,0.31,0.3219,0.305,0.318,126552
08/11/2017,0.318,0.318,0.305,0.3086,118680
08/14/2017,0.324,0.3255,0.3052,0.3115,80261
08/15/2017,0.31,0.3115,0.282,0.2997,188306
08/16/2017,0.305,0.305,0.286,0.2947,95126
08/17/2017,0.301,0.3253,0.2947,0.2966,158255
08/18/2017,0.3,0.3095,0.295,0.305,133382
08/21/2017,0.305,0.32,0.28,0.29,308206
08/22/2017,0.3045,0.315,0.29,0.29,232741
08/23/2017,0.297,0.297,0.282,0.2824,141162
08/24/2017,0.292,0.2965,0.28,0.286,114801
08/25/2017,0.296,0.296,0.28,0.2835,112795
08/28/2017,0.285,0.2906,0.285,0.2858,99404
08/29/2017,0.3,0.3,0.28,0.2879,116321
08/30/2017,0.295,0.295,0.2602,0.2893,144704
08/31/2017,0.29,0.3092,0.2893,0.299,242058
09/01/2017,0.3139,0.32,0.29,0.302,181123
09/05/2017,0.32,0.32,0.3,0.3002,187983
09/06/2017,0.303,0.32,0.3,0.32,120624
09/07/2017,0.33,0.33,0.302,0.305,104276
09/08/2017,0.32,0.32,0.295,0.2964,129295
09/11/2017,0.31,0.31,0.2953,0.3045,98083
09/12/2017,0.315,0.3176,0.296,0.3,64497
09/13/2017,0.3,0.315,0.29,0.315,128633
09/14/2017,0.2965,0.31,0.2894,0.3098,197521
09/15/2017,0.297,0.305,0.29,0.29,61255
09/18/2017,0.2811,0.305,0.2811,0.296,175148
09/19/2017,0.295,0.306,0.2902,0.2985,66971
09/20/2017,0.2985,0.304,0.2952,0.3019,74104
09/21/2017,0.315,0.445,0.291,0.3041,2987754
09/22/2017,0.31,0.3166,0.29,0.3,591022
09/25/2017,0.315,0.33,0.3,0.305,233998
09/26/2017,0.315,0.315,0.295,0.31,182800
09/27/2017,0.31,0.315,0.3003,0.3023,114873
09/28/2017,0.31,0.31,0.3012,0.31,101685
09/29/2017,0.3,0.303,0.3,0.3012,85271
10/02/2017,0.301,0.301,0.29,0.2966,179043
10/03/2017,0.2967,0.3,0.2871,0.29,128810
10/04/2017,0.2995,0.2995,0.285,0.2877,123677
10/05/2017,0.294,0.2949,0.2878,0.29,47685
10/06/2017,0.2979,0.2979,0.285,0.287,84054
10/09/2017,0.29,0.29,0.2819,0.283,105707
10/10/2017,0.2899,0.2899,0.2789,0.28,92032
10/11/2017,0.282,0.282,0.27,0.2801,98904
10/12/2017,0.281,0.281,0.2725,0.275,75180
10/13/2017,0.2867,0.2867,0.2523,0.2675,152645
10/16/2017,0.2675,0.2739,0.2675,0.27,44383
10/17/2017,0.275,0.275,0.254,0.27,66717
10/18/2017,0.257,0.27,0.257,0.2615,61428
10/19/2017,0.2601,0.2711,0.2601,0.271,15726
10/20/2017,0.59,0.85,0.38,0.39,26364723
10/23/2017,0.4,0.4,0.303,0.32,3189359
10/24/2017,0.329,0.329,0.29,0.304,1141090
10/25/2017,0.304,0.3041,0.27,0.2751,1345201
10/26/2017,0.285,0.299,0.265,0.2825,1011153
10/27/2017,0.282,0.282,0.257,0.27,636999
10/30/2017,0.2695,0.29,0.26,0.274,1029209
10/31/2017,0.29,0.29,0.263,0.2718,461891
11/01/2017,0.2877,0.2898,0.2624,0.2644,356243
11/02/2017,0.2749,0.298,0.2619,0.28,1464125
11/03/2017,0.294,0.296,0.2705,0.28,435135
11/06/2017,0.28,0.345,0.2699,0.34,4915723
11/07/2017,0.39,0.41,0.3012,0.32,7898527
11/08/2017,0.328,0.35,0.28,0.28,2941376
11/09/2017,0.3,0.31,0.275,0.2889,1526256
11/10/2017,0.2851,0.34,0.285,0.3198,3355067
11/13/2017,0.34,0.34,0.29,0.2956,1455269
11/14/2017,0.3079,0.31,0.2963,0.3053,716215
11/15/2017,0.31,0.3349,0.3,0.3,991285
11/16/2017,0.3145,0.315,0.2925,0.304,780574
11/17/2017,0.309,0.309,0.2951,0.2997,539839
11/20/2017,0.306,0.306,0.285,0.2852,668750
11/21/2017,0.285,0.2874,0.2721,0.28,1192896
11/22/2017,0.285,0.2858,0.272,0.2721,850800
11/24/2017,0.2756,0.279,0.27,0.2724,333910
11/27/2017,0.272,0.274,0.252,0.2615,1118135
11/28/2017,0.26,0.277,0.25,0.267,989706
11/29/2017,0.277,0.277,0.2566,0.2608,402236
11/30/2017,0.252,0.289,0.252,0.2745,2031990
12/01/2017,0.2751,0.289,0.2623,0.27,972668
12/04/2017,0.27,0.277,0.256,0.261,510775
12/05/2017,0.262,0.263,0.245,0.2521,450294
12/06/2017,0.2573,0.2573,0.22,0.24,811963
12/07/2017,0.23,0.2425,0.226,0.235,312987
12/08/2017,0.235,0.2848,0.2225,0.2655,1453741
12/11/2017,0.258,0.2655,0.2416,0.25,387952
12/12/2017,0.24,0.2464,0.2325,0.2405,467460
12/13/2017,0.2361,0.2488,0.2361,0.2378,279836
12/14/2017,0.23,0.2438,0.23,0.237,603001
12/15/2017,0.2345,0.24,0.231,0.2311,218884
12/18/2017,0.2399,0.2399,0.23,0.2345,252048
12/19/2017,0.2345,0.2398,0.2301,0.2345,226156
12/20/2017,0.232,0.2343,0.22,0.224,521885
12/21/2017,0.23,0.2367,0.222,0.2277,596143
12/22/2017,0.239,0.239,0.2232,0.2327,222006
12/26/2017,0.24,0.24,0.21,0.225,560180
12/27/2017,0.231,0.24,0.2218,0.225,689424
12/28/2017,0.2499,0.25,0.22,0.2271,1077677
12/29/2017,0.2299,0.2299,0.1979,0.22,654157
01/02/2018,0.235,0.24,0.21,0.217,449360
01/03/2018,0.22,0.2649,0.2023,0.26,4550218
01/04/2018,0.26,0.2601,0.22,0.223,2087165
01/05/2018,0.23,0.2355,0.205,0.2164,1521001
01/08/2018,0.225,0.225,0.2085,0.214,1184670
01/09/2018,0.2257,0.2325,0.214,0.219,3792617
01/10/2018,0.22,0.229,0.2075,0.229,1580372
01/11/2018,0.2199,0.23,0.21,0.2175,2262144
01/12/2018,0.2199,0.22,0.2118,0.214,598167
01/16/2018,0.216,0.218,0.2089,0.21,1481886
01/17/2018,0.21,0.2133,0.162,0.202,2424993
01/18/2018,0.21,0.21,0.1861,0.1935,1075211
01/19/2018,0.1999,0.205,0.186,0.195,1397839
01/22/2018,0.21,0.21,0.1969,0.2,712852
01/23/2018,0.21,0.218,0.1975,0.2013,2339933
01/24/2018,0.2018,0.21,0.2001,0.2039,519011
01/25/2018,0.2023,0.215,0.2023,0.207,1654112
01/26/2018,0.2121,0.2129,0.198,0.2042,967021
01/29/2018,0.2,0.2043,0.198,0.2015,686426
01/30/2018,0.2015,0.207,0.19,0.195,1485654
01/31/2018,0.2,0.2,0.1905,0.1933,537494
02/01/2018,0.195,0.2,0.19,0.193,1250481
02/02/2018,0.197,0.197,0.189,0.19,553020
02/05/2018,0.19,0.2,0.186,0.1905,1511783
02/06/2018,0.1999,0.1999,0.1714,0.1784,855043
02/07/2018,0.1784,0.1849,0.175,0.1791,429369
02/08/2018,0.1782,0.182,0.1751,0.1751,446702
02/09/2018,0.18,0.18,0.11,0.1581,1406343
02/12/2018,0.1665,0.173,0.1588,0.16,1042578
02/13/2018,0.1648,0.169,0.16,0.1616,341295
02/14/2018,0.161,0.1665,0.16,0.16,374189
02/15/2018,0.1601,0.166,0.1575,0.1613,1284262
02/16/2018,0.1669,0.178,0.1575,0.172,848514
02/20/2018,0.1777,0.1777,0.167,0.168,548021
02/21/2018,0.1739,0.1739,0.159,0.164,365924
02/22/2018,0.1646,0.17,0.158,0.1663,336702
02/23/2018,0.169,0.169,0.16,0.1643,258343
02/26/2018,0.161,0.1648,0.1501,0.1617,450193
02/27/2018,0.1615,0.1617,0.1501,0.1516,439466
02/28/2018,0.1551,0.1636,0.15,0.163,778685
03/01/2018,0.168,0.168,0.15,0.1542,292544
03/02/2018,0.155,0.157,0.1505,0.157,431008
03/05/2018,0.1569,0.157,0.15,0.1555,340222
03/06/2018,0.153,0.1549,0.1475,0.1475,542323
03/07/2018,0.151,0.1545,0.148,0.1488,321492
03/08/2018,0.1545,0.1798,0.15,0.158,2122415
03/09/2018,0.167,0.1899,0.165,0.187,4028295
03/12/2018,0.2006,0.2479,0.2006,0.2298,7458635
03/13/2018,0.24,0.24,0.2,0.2049,3500900
03/14/2018,0.2151,0.2151,0.1874,0.2037,1570267
03/15/2018,0.2047,0.2095,0.1874,0.1942,977208
03/16/2018,0.204,0.204,0.19,0.1945,1003048
03/19/2018,0.213,0.5,0.2,0.291,40702337
03/20/2018,0.35,0.4849,0.32,0.36,49150311
03/21/2018,0.42,0.438,0.29,0.303,15095841
03/22/2018,0.249,0.2602,0.203,0.2083,9747024
03/23/2018,0.19,0.1988,0.1615,0.1715,7635696
03/26/2018,0.1797,0.27,0.174,0.2051,11396788
03/27/2018,6.1,7.55,5.22,6.33,59047
03/28/2018,6.96,9.7699,5.32,5.4699,467923
03/29/2018,5.52,5.65,3.55,4.33,290976
04/02/2018,3.83,5.29,3.801,4.7264,319890
04/03/2018,5.23,5.24,4.3501,4.75,254921
04/04/2018,4.7,5.35,4.55,4.96,353237
04/05/2018,5.2,5.2,4.75,5.19,157381
04/06/2018,4.81,5.4,4.66,4.96,235255
04/09/2018,4.94,4.94,4.5,4.5,206753
04/10/2018,4.53,4.86,3.75,4.09,263733
04/11/2018,4.05,4.5,3.76,4.33,358538
04/12/2018,4.5,5.03,4.01,4.7,343396
04/13/2018,4.75,4.8,4.2,4.49,312207
04/16/2018,4.42,4.5776,4,4.07,170054
04/17/2018,4.05,4.5,3.9141,4.31,411529
04/18/2018,4.32,4.75,4.3,4.45,324453
04/19/2018,4.48,4.495,4.15,4.35,207077
04/20/2018,4.31,4.31,3.97,4,212972
04/23/2018,4.01,4.0681,3.53,3.69,256047
04/24/2018,3.71,4.1,3.123,3.44,617211
04/25/2018,3.98,4.5,3.42,3.64,3230495
04/26/2018,3.6,3.63,2.64,2.68,883606
04/27/2018,2.66,2.82,2.2,2.36,508300
04/30/2018,2.44,2.53,1.9,2.15,575512
05/01/2018,2.32,2.41,1.9,2.11,559390
05/02/2018,2.18,2.18,1.94,2.01,204967
05/03/2018,1.99,2.089,1.75,1.84,382701
05/04/2018,1.84,2.32,1.6101,2.04,856463
05/07/2018,2.41,2.41,1.94,1.97,396678
05/08/2018,2.05,2.1189,1.85,1.95,182800
05/09/2018,2.06,2.4,1.94,2.13,884688
05/10/2018,2.21,2.21,2.011,2.1,213358
05/11/2018,2.1,2.1,1.93,1.99,182222
05/14/2018,2.05,2.1758,1.88,2.0429,308405
05/15/2018,2.15,2.249,1.971,2.02,757663
05/16/2018,2.06,2.069,1.98,1.99,117079
05/17/2018,2.05,2.22,1.99,2.11,340763
05/18/2018,2.11,2.5,2.11,2.45,1062666
05/21/2018,2.65,3.49,2.6,2.93,3916653
05/22/2018,2.95,3,2.41,2.54,744593
05/23/2018,2.41,2.65,2.395,2.55,240479
05/24/2018,2.62,2.62,2.21,2.27,167636
05/25/2018,2.34,2.359,2.138,2.26,187137
05/29/2018,2.23,2.45,2.12,2.39,183734
05/30/2018,2.38,2.389,2.23,2.36,122768
05/31/2018,2.31,2.5,2.21,2.3483,169926
06/01/2018,2.36,2.4,2.26,2.3373,103714
06/04/2018,2.31,2.49,2.3,2.4081,211033
06/05/2018,2.39,2.3918,2.11,2.22,126453
06/06/2018,2.37,2.37,2,2.262,183584
06/07/2018,2.22,2.29,2.12,2.22,152277
06/08/2018,2.16,2.31,2.16,2.29,94323
06/11/2018,2.33,2.33,2.16,2.1799,77318
06/12/2018,2.18,2.215,2.1019,2.2,68554
06/13/2018,2.2,2.2,2.1104,2.14,53069
06/14/2018,2.14,2.2,2.14,2.1842,40282
06/15/2018,2.26,2.27,2.12,2.1616,121565
06/18/2018,2.16,2.25,1.9,2.08,163551
06/19/2018,2.1,2.1,2.02,2.06,51014
06/20/2018,2.05,2.0641,1.95,2.005,85301
06/21/2018,2.08,2.08,1.92,1.959,61709
06/22/2018,2,2.14,1.9627,2.1263,108318
06/25/2018,2.08,2.1137,2,2.04,26564
06/26/2018,2.04,2.109,1.971,2.07,75073
06/27/2018,2.16,2.87,1.95,1.98,768217
06/28/2018,1.98,1.9964,1.751,1.8399,184032
06/29/2018,1.85,2.04,1.78,1.82,117791
07/02/2018,1.8,1.809,1.52,1.711,186422
07/03/2018,1.71,1.7164,1.6218,1.66,69244
07/05/2018,1.73,2.02,1.65,1.77,410561
07/06/2018,1.89,1.91,1.6701,1.71,136578
07/09/2018,1.71,1.85,1.67,1.77,214784
07/10/2018,1.84,1.84,1.731,1.7691,59348
07/11/2018,1.81,1.81,1.72,1.8099,79285
07/12/2018,1.82,1.85,1.76,1.85,130419
07/13/2018,1.95,1.95,1.78,1.879,87632
07/16/2018,1.86,1.8708,1.72,1.776,92720
07/17/2018,1.75,1.88,1.75,1.839,119469
07/18/2018,1.9,1.9099,1.76,1.859,45701
07/19/2018,1.84,1.92,1.84,1.88,47884
07/20/2018,1.94,2.03,1.68,1.8101,319966
07/23/2018,1.85,1.8998,1.73,1.86,65551
07/24/2018,1.81,2.13,1.74,2.119,723648
07/25/2018,1.9,2.03,1.79,1.8319,211443
07/26/2018,1.89,1.9,1.81,1.81,69221
07/27/2018,1.9,1.9,1.75,1.78,56267
07/30/2018,1.86,1.86,1.7,1.73,92897
07/31/2018,1.86,2.1,1.75,1.8099,751031
08/01/2018,1.85,1.85,1.75,1.77,68106
08/02/2018,1.74,1.789,1.65,1.66,96177
08/03/2018,1.74,1.74,1.65,1.65,57987
08/06/2018,1.72,1.72,1.661,1.71,40080
08/07/2018,1.71,1.78,1.661,1.75,41094
08/08/2018,1.75,1.82,1.631,1.67,240091
08/09/2018,1.77,1.78,1.67,1.77,58073
08/10/2018,1.7,1.77,1.6801,1.711,39652
08/13/2018,1.7501,1.7732,1.7013,1.72,21347
08/14/2018,1.78,1.78,1.6801,1.74,13601
08/15/2018,2.1,2.1,1.74,1.8,157637
08/16/2018,2.2,2.2,1.851,1.87,134600
08/17/2018,1.96,1.97,1.81,1.9,49400
08/20/2018,2,2,1.71,1.72,73546
08/21/2018,1.8,1.82,1.73,1.8,36676
08/22/2018,1.86,1.86,1.76,1.79,41096
08/23/2018,1.79,1.85,1.771,1.8101,22523
08/24/2018,1.86,1.86,1.77,1.85,44551
08/27/2018,1.9,1.929,1.78,1.92,70713
08/28/2018,1.93,2.1,1.87,2.0958,349880
08/29/2018,2.12,2.29,2.0201,2.22,467667
08/30/2018,2.3,2.31,1.95,1.991,240213
08/31/2018,2.0676,2.1,1.97,2.08,103284
09/04/2018,2.14,2.15,2.06,2.09,80377
09/05/2018,2.08,2.12,2.01,2.05,64239
09/06/2018,2.04,2.1,1.9,1.94,117009
09/07/2018,1.92,1.94,1.771,1.83,71479
09/10/2018,1.94,1.94,1.77,1.77,20784
09/11/2018,1.9,1.9,1.67,1.8,68768
09/12/2018,1.79,1.8473,1.75,1.77,33747
09/13/2018,1.85,1.85,1.75,1.7718,19342
09/14/2018,1.7727,1.83,1.73,1.76,25586
09/17/2018,1.76,1.84,1.701,1.754,23918
09/18/2018,1.74,1.75,1.65,1.7096,79799
09/19/2018,1.7,1.75,1.66,1.7009,36195
09/20/2018,1.76,1.7908,1.65,1.68,441451
09/21/2018,1.67,1.74,1.66,1.68,271439
09/24/2018,1.7,1.72,1.67,1.6802,77933
09/25/2018,1.68,1.78,1.65,1.7007,290748
09/26/2018,1.7206,1.84,1.65,1.75,431970
09/27/2018,1.82,1.82,1.68,1.69,75024
09/28/2018,1.71,1.73,1.62,1.6441,145810
10/01/2018,1.7,1.7,1.6,1.6,111346
10/02/2018,1.6,1.69,1.46,1.4982,203949
10/03/2018,1.55,1.55,1.1943,1.2,367676
10/04/2018,1.44,1.44,1.23,1.38,189317
10/05/2018,1.38,1.38,1.3,1.31,136618
10/08/2018,1.42,1.42,1.1927,1.2,53397
10/09/2018,1.2,1.2555,1.15,1.1742,46902
10/10/2018,1.2,1.25,0.8341,1.0776,728440
10/11/2018,1.07,1.07,0.95,0.9954,150743
10/12/2018,1.01,1.04,0.84,0.8496,136435
10/15/2018,0.8923,0.8924,0.7647,0.8018,123756
10/16/2018,0.79,0.9,0.782,0.8346,135260
10/17/2018,0.86,0.91,0.801,0.8333,53285
10/18/2018,0.83,0.8666,0.7777,0.8319,95828
10/19/2018,0.8348,0.965,0.81,0.85,343082
10/22/2018,0.82,0.835,0.8,0.82,43141
10/23/2018,0.82,0.82,0.7745,0.79,19768
10/24/2018,0.8154,1.48,0.79,0.9775,1782984
10/25/2018,1.19,1.54,0.9652,1.0899,7745172
10/26/2018,1.05,1.05,0.85,0.87,560506
10/29/2018,0.88,0.9199,0.78,0.7898,190447
10/30/2018,0.88,0.88,0.66,0.6651,298971
10/31/2018,0.6962,0.83,0.669,0.7902,330704
11/01/2018,0.823,0.84,0.745,0.81,90308
11/02/2018,0.85,0.85,0.7573,0.8456,77293
11/05/2018,0.85,0.98,0.761,0.95,219272
11/06/2018,1,1,0.895,0.9387,75157
11/07/2018,0.92,0.9423,0.865,0.9193,63880
11/08/2018,0.93,0.97,0.85,0.8736,92760
11/09/2018,0.8594,0.92,0.8501,0.86,60819
11/12/2018,0.903,0.903,0.75,0.82,37604
11/13/2018,0.79,0.89,0.7806,0.8183,27249
11/14/2018,0.8592,0.8592,0.7801,0.8,86721
11/15/2018,0.78,0.82,0.5911,0.703,161346
11/16/2018,0.7297,0.749,0.66,0.7259,44141
11/19/2018,0.7621,0.7643,0.645,0.7,48424
11/20/2018,0.6748,0.74,0.646,0.6638,30239
11/21/2018,0.62,0.7799,0.62,0.712,170032
11/23/2018,0.75,0.75,0.6603,0.73,14521
11/26/2018,0.75,0.75,0.6711,0.6901,54815
11/27/2018,1.11,1.38,0.74,0.7655,6823906
11/28/2018,0.75,0.79,0.7,0.7699,422767
11/29/2018,0.71,0.71,0.6501,0.6753,355600
11/30/2018,0.66,0.693,0.615,0.68,132816
12/03/2018,0.65,0.79,0.65,0.7485,232005
12/04/2018,0.7875,0.7913,0.7,0.7316,137774
12/06/2018,0.68,0.7245,0.68,0.71,83003
12/07/2018,0.71,0.74,0.6953,0.74,92218
12/10/2018,0.77,0.77,0.7,0.744,355340
12/11/2018,0.75,0.759,0.6695,0.682,223097
12/12/2018,0.598,0.7049,0.598,0.675,77315
12/13/2018,0.66,0.68,0.615,0.6322,99786
12/14/2018,0.59,0.6546,0.59,0.6199,48357
12/17/2018,0.635,0.64,0.6,0.6219,48944
12/18/2018,0.65,0.6699,0.61,0.6317,46142
12/19/2018,0.6243,0.67,0.62,0.6251,185047
12/20/2018,0.6019,0.66,0.6,0.6001,111592
12/21/2018,0.6,0.62,0.5132,0.532,97585
12/24/2018,0.5,0.5384,0.5,0.5069,32022
12/26/2018,0.5002,0.59,0.5002,0.5722,43784
12/27/2018,0.5878,0.5878,0.522,0.54,100082
12/28/2018,0.5719,0.5791,0.5211,0.567,100410
12/31/2018,0.5878,0.5878,0.53,0.565,63375
01/02/2019,0.57,0.57,0.5332,0.54,69067
01/03/2019,0.567,0.567,0.472,0.4821,259464
01/04/2019,0.53,0.5301,0.47,0.5,302973
01/07/2019,0.53,0.53,0.4725,0.5018,84450
01/08/2019,0.5239,0.5708,0.5062,0.5594,736199
01/09/2019,0.5699,0.57,0.51,0.5383,982457
01/10/2019,0.53,0.544,0.49,0.5075,315616
01/11/2019,0.51,0.52,0.4875,0.5024,139853
01/14/2019,0.531,0.5324,0.51,0.51,172365
01/15/2019,0.5355,0.5355,0.49,0.497,146098
01/16/2019,0.5088,0.55,0.49,0.5314,482868
01/17/2019,0.55,0.55,0.499,0.5199,183932
01/18/2019,0.536,0.536,0.4913,0.5092,104312
01/22/2019,0.5,0.5095,0.4985,0.499,39066
01/23/2019,0.5,0.5048,0.4,0.487,360834
01/24/2019,0.5049,0.5049,0.4601,0.476,105045
01/25/2019,0.4748,0.485,0.4522,0.4779,80416
01/28/2019,0.4578,0.4778,0.45,0.4548,83904
01/29/2019,0.4747,0.4778,0.44,0.4775,119507
01/30/2019,0.4694,0.4849,0.4611,0.4634,36352
01/31/2019,0.461,0.48,0.45,0.459,70502
02/01/2019,0.462,0.4623,0.44,0.45,107043
02/04/2019,0.4523,0.4589,0.44,0.445,48848
02/05/2019,0.45,0.458,0.4378,0.4402,144984
02/06/2019,0.4422,0.4477,0.4402,0.4402,30915
02/07/2019,0.458,0.51,0.4371,0.51,364459
02/08/2019,0.515,0.52,0.46,0.4803,428931
02/11/2019,0.46,0.47,0.44,0.444,174857
02/12/2019,0.47,0.4804,0.44,0.4789,237785
02/13/2019,0.4789,0.4791,0.4454,0.4696,57780
02/14/2019,0.48,0.48,0.4401,0.4525,41659
02/15/2019,0.44,0.465,0.44,0.45,43799
02/19/2019,0.44,0.4848,0.44,0.4676,105931
02/20/2019,0.47,0.4809,0.4502,0.4551,68326
02/21/2019,0.4778,0.4778,0.4551,0.462,59743
02/22/2019,0.4552,0.46,0.4506,0.4567,45190
02/25/2019,0.4567,0.4955,0.4567,0.4679,142972
02/26/2019,0.478,0.52,0.4556,0.5119,330090
02/27/2019,0.52,0.52,0.4701,0.49,559425
02/28/2019,0.52,0.54,0.47,0.4849,495466
03/01/2019,0.5091,0.56,0.4709,0.56,587656
03/04/2019,0.58,0.63,0.541,0.55,515178
03/05/2019,0.57,0.57,0.501,0.5337,126960
03/06/2019,0.5428,0.5428,0.501,0.51,100073
03/07/2019,0.5491,0.5491,0.5,0.5059,53867
03/08/2019,0.499,0.52,0.476,0.48,129194
03/11/2019,0.51,0.53,0.46,0.4913,166737
03/12/2019,0.5158,0.5158,0.465,0.465,109051
03/13/2019,0.47,0.48,0.4501,0.4683,71040
03/14/2019,0.5,0.5,0.46,0.4778,97286
03/15/2019,0.45,0.6,0.45,0.5811,1096314
03/18/2019,0.54,0.5597,0.51,0.5454,303899
03/19/2019,0.5,0.5277,0.4744,0.5001,90097
03/20/2019,0.5026,0.5106,0.495,0.4999,73535
03/21/2019,0.59,0.945,0.5195,0.52,10996846
03/22/2019,0.52,0.52,0.45,0.4861,1050804
03/25/2019,0.4999,0.4999,0.45,0.455,248333
03/26/2019,0.46,0.4749,0.45,0.465,218697
03/27/2019,0.48,0.48,0.4051,0.445,254715
03/28/2019,0.405,0.4395,0.4,0.4128,441967
03/29/2019,0.42,0.425,0.4,0.4154,143421
04/01/2019,0.42,0.42,0.3663,0.4075,129432
04/02/2019,0.402,0.408,0.38,0.3873,95919
04/03/2019,0.3918,0.42,0.3721,0.42,291786
04/04/2019,0.39,0.4089,0.385,0.3941,99431
04/05/2019,0.4,0.4505,0.385,0.4096,647605
04/08/2019,0.419,0.4305,0.395,0.4049,55173
04/09/2019,0.408,0.41,0.395,0.405,48253
04/10/2019,0.3863,0.4047,0.3849,0.395,81403
04/11/2019,0.3849,0.4073,0.3849,0.3939,101442
04/12/2019,0.4,0.4049,0.3939,0.4025,58183
04/15/2019,0.4026,0.4026,0.371,0.381,109558
04/16/2019,0.4,0.4,0.37,0.375,72649
04/17/2019,0.37,0.3899,0.37,0.3825,35290
04/18/2019,0.39,0.39,0.3698,0.38,117449
04/22/2019,0.399,0.4,0.35,0.3548,166766
04/23/2019,0.3725,0.3725,0.3001,0.3349,147492
04/24/2019,0.3449,0.3449,0.33,0.331,177651
04/25/2019,0.321,0.3425,0.3175,0.34,254475
04/26/2019,0.3518,0.3754,0.33,0.3625,339487
04/29/2019,0.3806,0.42,0.3506,0.4193,500883
04/30/2019,0.419,0.475,0.4,0.4095,1164659
05/01/2019,0.4,0.4,0.3502,0.3821,472752
05/02/2019,0.36,0.368,0.3302,0.331,200119
05/03/2019,0.33,0.3589,0.31,0.3351,102585
05/06/2019,0.3351,0.344,0.31,0.3357,66365
05/07/2019,0.3511,0.37,0.316,0.36,76359
05/08/2019,0.35,0.359,0.329,0.3331,33245
05/09/2019,0.329,0.3469,0.323,0.33,36800
05/10/2019,0.3307,0.45,0.32,0.33,1658384
05/13/2019,0.33,0.3311,0.3025,0.31,282520
05/14/2019,0.34,0.34,0.2604,0.288,181542
05/15/2019,0.3024,0.3024,0.27,0.2823,81979
05/16/2019,0.28,0.2999,0.26,0.2891,72077
05/17/2019,0.3,0.3,0.2704,0.278,87499
05/20/2019,0.265,0.2955,0.2625,0.2889,67686
05/21/2019,0.3,0.33,0.29,0.3135,310681
05/22/2019,0.292,0.3141,0.287,0.305,118382
05/23/2019,0.3152,0.38,0.29,0.304,579147
05/24/2019,0.349,0.349,0.3,0.32,116120
05/28/2019,0.336,0.36,0.312,0.3201,115769
05/29/2019,0.3283,0.33,0.28,0.3099,247118
05/30/2019,0.32,0.54,0.32,0.329,4350119
05/31/2019,0.31,0.356,0.29,0.2961,793185
06/03/2019,0.2993,0.2993,0.27,0.28,218500
06/04/2019,0.294,0.3118,0.275,0.286,348674
06/05/2019,0.294,0.352,0.275,0.3217,1406511
06/06/2019,0.32,0.32,0.29,0.29,305571
06/07/2019,0.2992,0.32,0.29,0.32,247506
06/10/2019,0.32,0.342,0.301,0.3194,393119
06/11/2019,0.3199,0.3262,0.3,0.3023,113345
06/12/2019,0.3024,0.3201,0.29,0.2921,122330
06/13/2019,0.3035,0.315,0.2911,0.31,125650
06/14/2019,0.3099,0.3099,0.29,0.2938,60590
06/17/2019,0.287,0.2967,0.287,0.2906,62607
06/18/2019,0.291,0.3,0.2795,0.285,113331
06/19/2019,0.281,0.3085,0.281,0.29,322290
06/20/2019,0.32,0.32,0.285,0.291,120929
06/21/2019,0.292,0.3,0.28,0.2811,124917
06/24/2019,0.28,0.2995,0.28,0.2893,140309
06/25/2019,0.282,0.31,0.282,0.305,131827
06/26/2019,0.32,0.32,0.29,0.2914,124294
06/27/2019,0.2925,0.3,0.2905,0.2925,51124
06/28/2019,0.3,0.3,0.29,0.295,22284
07/01/2019,0.3076,0.3076,0.285,0.2977,73375
07/02/2019,0.294,0.2989,0.28,0.288,99656
07/03/2019,0.3,0.328,0.28,0.29,441530
07/05/2019,0.3145,0.328,0.288,0.3121,480005
07/08/2019,0.3053,0.3201,0.2931,0.305,173482
07/09/2019,0.299,0.3199,0.291,0.295,195717
07/10/2019,0.3,0.31,0.295,0.307,133642
07/11/2019,0.315,0.38,0.3124,0.33,648597
07/12/2019,0.328,0.3332,0.3033,0.3052,133268
07/15/2019,0.31,0.3206,0.301,0.3081,127896
07/16/2019,0.3499,0.3499,0.301,0.3029,82729
07/17/2019,0.2962,0.31,0.29,0.2972,137446
07/18/2019,0.3005,0.3005,0.288,0.2997,107924
07/19/2019,0.2997,0.2997,0.291,0.2944,30785
07/22/2019,0.3,0.304,0.2833,0.2918,59163
07/23/2019,0.281,0.2995,0.28,0.2854,75861
07/24/2019,0.28,0.3248,0.28,0.282,388267
07/25/2019,0.2905,0.295,0.2801,0.2869,66065
07/26/2019,0.2894,0.29,0.2705,0.2899,108120
07/29/2019,0.29,0.29,0.275,0.2848,63541
07/30/2019,0.271,0.2899,0.271,0.2844,29534
07/31/2019,0.271,0.2799,0.241,0.2551,162692
08/01/2019,0.2531,0.27,0.241,0.2505,113168
08/02/2019,0.2576,0.27,0.25,0.2551,79694
08/05/2019,0.26,0.26,0.22,0.24,137323
08/06/2019,0.2418,0.25,0.23,0.2439,36094
08/07/2019,0.2495,0.2495,0.23,0.2335,28301
08/08/2019,0.234,0.2476,0.234,0.2401,24407
08/09/2019,0.2495,0.2495,0.23,0.2408,29501
08/12/2019,0.2495,0.28,0.23,0.27,178954
08/13/2019,0.25,0.27,0.242,0.2495,65806
08/14/2019,0.2618,0.2618,0.23,0.2391,54555
08/15/2019,0.26,0.26,0.2275,0.2317,48461
08/16/2019,0.24,0.2445,0.2305,0.2337,17311
08/19/2019,0.24,0.24,0.2125,0.227,58453
08/20/2019,0.2157,0.2328,0.2125,0.2297,39762
08/21/2019,0.23,0.2365,0.213,0.23,31263
08/22/2019,0.2315,0.2375,0.2231,0.232,19441
08/23/2019,0.2436,0.2584,0.23,0.24,90084
08/26/2019,0.225,0.275,0.225,0.2721,124241
08/27/2019,0.28,0.28,0.24,0.25,109263
08/28/2019,0.24,0.2741,0.2375,0.2559,119209
08/29/2019,0.2636,0.2699,0.247,0.2616,30071
08/30/2019,0.251,0.2688,0.2438,0.2605,6928
09/03/2019,0.2752,0.3659,0.2735,0.2901,1891173
09/04/2019,0.29,0.32,0.2704,0.289,245938
09/05/2019,0.2881,0.3024,0.2705,0.2749,126223
09/06/2019,0.2735,0.2886,0.255,0.2601,57258
09/09/2019,0.26,0.275,0.26,0.262,51064
09/10/2019,0.272,0.29,0.2571,0.2746,153947
09/11/2019,0.2883,0.29,0.27,0.2779,72060
09/12/2019,0.29,0.29,0.26,0.282,40325
09/13/2019,0.285,0.32,0.28,0.3022,305490
09/16/2019,0.32,0.32,0.2829,0.2944,190811
09/17/2019,0.2829,0.308,0.275,0.2785,69413
09/18/2019,0.2843,0.2924,0.2749,0.2835,75710
09/19/2019,0.2853,0.341,0.282,0.321,514700
09/20/2019,0.3852,0.3852,0.3019,0.3082,360432
09/23/2019,0.3151,0.345,0.3,0.3,127800
09/24/2019,0.3015,0.3275,0.29,0.296,86538
09/25/2019,0.2987,0.3253,0.291,0.3177,85673
09/26/2019,0.3268,0.3318,0.3,0.327,82011
09/27/2019,0.3177,0.3318,0.3,0.3088,79110
09/30/2019,0.2948,0.3245,0.2948,0.3,24192
10/01/2019,0.32,0.345,0.2975,0.3143,247658
10/02/2019,0.31,0.39,0.298,0.3675,786277
10/03/2019,0.3675,0.399,0.3313,0.3368,159757
10/04/2019,0.3313,0.344,0.3313,0.3398,117318
10/07/2019,0.3567,0.36,0.3313,0.3504,57740
10/08/2019,0.3675,0.399,0.3504,0.3748,202204
10/09/2019,0.38,0.395,0.3709,0.3721,76690
10/10/2019,0.382,0.4199,0.3701,0.3974,168542
10/11/2019,0.39,0.4,0.378,0.3925,87953
10/14/2019,0.4115,0.4115,0.3785,0.3797,77578
10/15/2019,0.3974,0.3999,0.376,0.38,142110
10/16/2019,0.3972,0.398,0.3604,0.364,64765
10/17/2019,0.3675,0.37,0.345,0.3485,102393
10/18/2019,0.378,0.379,0.352,0.3756,32556
10/21/2019,0.399,0.4029,0.36,0.386,73666
10/22/2019,0.365,0.3875,0.365,0.3875,33404
10/23/2019,0.371,0.4,0.365,0.39,76757
10/24/2019,0.376,0.416,0.376,0.4026,133491
10/25/2019,0.4305,0.4399,0.4039,0.4199,103541
10/28/2019,0.4384,0.44,0.4054,0.4122,82880
10/29/2019,0.4123,0.4123,0.38,0.412,85154
10/30/2019,0.399,0.419,0.3836,0.395,49314
10/31/2019,0.41,0.41,0.38,0.3949,56036
11/01/2019,0.395,0.395,0.37,0.382,36922
11/04/2019,0.371,0.4011,0.371,0.3896,46312
11/05/2019,0.395,0.396,0.3756,0.39,36577
11/06/2019,0.39,0.39,0.3707,0.38,49798
11/07/2019,0.39,0.39,0.37,0.3702,95545
11/08/2019,0.3782,0.3897,0.36,0.3819,72434
11/11/2019,0.3897,0.425,0.3653,0.4179,269905
11/12/2019,0.44,0.4694,0.4111,0.43,186464
11/13/2019,0.4307,0.55,0.4307,0.52,598917
11/14/2019,0.5764,0.6999,0.5,0.5089,1170613
11/15/2019,0.506,0.5443,0.506,0.51,195778
11/18/2019,0.5355,0.5355,0.45,0.456,246022
11/19/2019,0.41,0.51,0.4029,0.472,115671
11/20/2019,0.4729,0.51,0.47,0.5017,120698
11/21/2019,0.55,0.55,0.4682,0.53,124525
11/22/2019,0.5401,0.6123,0.54,0.57,166644
11/25/2019,0.5985,0.6,0.53,0.5607,89377
11/26/2019,0.5751,0.63,0.57,0.5988,369679
11/27/2019,0.6287,0.66,0.61,0.6461,188867
11/29/2019,0.66,0.66,0.575,0.6022,142217
12/02/2019,0.6,0.64,0.6,0.6298,107784
12/03/2019,0.64,0.64,0.5814,0.62,111253
12/04/2019,0.61,0.63,0.585,0.6004,124456
12/05/2019,0.59,0.63,0.59,0.6158,74643
12/06/2019,0.6,0.6168,0.58,0.5963,55886
12/09/2019,0.5964,0.5999,0.5062,0.5401,194639
12/10/2019,0.5011,0.5442,0.471,0.4902,253414
12/11/2019,0.5147,0.5147,0.46,0.462,73035
12/12/2019,0.49,0.49,0.4234,0.432,186015
12/13/2019,0.445,0.465,0.4222,0.4449,108876
12/16/2019,0.44,0.4699,0.4201,0.4622,95184
12/17/2019,0.47,0.5169,0.4476,0.4902,251269
12/18/2019,0.5,0.5025,0.44,0.45,816723
12/19/2019,0.45,0.46,0.44,0.4499,121278
12/20/2019,0.45,0.4549,0.4029,0.429,157129
12/23/2019,0.43,0.43,0.405,0.4071,97006
12/24/2019,0.42,0.42,0.38,0.41,67273
12/26/2019,0.4077,0.438,0.3703,0.4199,139900
12/27/2019,0.441,0.441,0.4,0.4274,82889
12/30/2019,0.4387,0.44,0.4,0.4377,180697
12/31/2019,0.415,0.47,0.4116,0.4493,208639
01/02/2020,0.45,0.4807,0.45,0.4699,179286
01/03/2020,0.48,0.65,0.46,0.615,528663
01/06/2020,0.57,0.6,0.55,0.5501,362277
01/07/2020,0.536,0.5501,0.52,0.5255,210956
01/08/2020,0.546,0.56,0.5221,0.53,78600
01/09/2020,0.5551,0.56,0.53,0.53,46215
01/10/2020,0.55,0.56,0.4702,0.5199,170502
01/13/2020,0.53,0.609,0.51,0.5631,512932
01/14/2020,0.54,0.567,0.5226,0.5485,83779
01/15/2020,0.5691,0.5691,0.54,0.545,85106
01/16/2020,0.5744,0.58,0.545,0.5699,259475
01/17/2020,0.58,0.6,0.545,0.59,117675
01/21/2020,0.6,0.62,0.575,0.599,236131
01/22/2020,0.606,0.73,0.6,0.72,1185672
01/23/2020,0.71,0.71,0.61,0.655,282477
01/24/2020,0.6877,0.6985,0.5,0.5894,271793
01/27/2020,0.53,0.593,0.51,0.5741,162999
01/28/2020,0.585,0.585,0.55,0.5603,145874
01/29/2020,0.5883,0.618,0.52,0.5445,234088
01/30/2020,0.5234,0.553,0.518,0.525,103363
01/31/2020,0.5252,0.5508,0.49,0.5299,123233
02/03/2020,0.5563,0.5563,0.48,0.515,98080
02/04/2020,0.5,0.5125,0.495,0.5052,93278
02/05/2020,0.515,0.515,0.49,0.49,51024
02/06/2020,0.53,0.53,0.4922,0.5049,62837
02/07/2020,0.5,0.525,0.468,0.5084,110774
02/10/2020,0.5237,0.5237,0.5,0.5094,37900
02/11/2020,0.52,0.52,0.5002,0.5101,49334
02/12/2020,0.515,0.519,0.49,0.5051,95175
02/13/2020,0.519,0.5879,0.4789,0.5499,517287
02/14/2020,0.58,0.6,0.5251,0.5686,206875
02/18/2020,0.597,0.597,0.53,0.5404,108371
02/19/2020,0.54,0.5501,0.52,0.5288,98747
02/20/2020,0.53,0.55,0.51,0.535,97661
02/21/2020,0.54,0.5799,0.5201,0.5201,109540
02/24/2020,0.51,0.565,0.49,0.5157,191591
02/25/2020,0.5312,0.535,0.4107,0.445,359480
02/26/2020,0.46,0.4879,0.445,0.4597,124799
02/27/2020,0.45,0.48,0.4027,0.44,211188
02/28/2020,0.43,0.4633,0.42,0.4348,73046
03/02/2020,0.43,0.462,0.43,0.4389,40710
03/03/2020,0.4521,0.4577,0.43,0.445,30390
03/04/2020,0.462,0.462,0.43,0.44,45413
03/05/2020,0.4349,0.5034,0.43,0.4788,485192
03/06/2020,0.5,0.5,0.46,0.47,68814
03/09/2020,0.46,0.4678,0.42,0.429,97142
03/10/2020,0.4552,0.63,0.42,0.459,1417060
03/11/2020,0.47,0.4972,0.4498,0.4626,134904
03/12/2020,0.46,0.46,0.3568,0.38,239110
03/13/2020,0.362,0.41,0.33,0.3699,214065
03/16/2020,0.349,0.3571,0.2737,0.32,159125
03/17/2020,0.33,0.3533,0.31,0.34,50875
03/18/2020,0.34,0.38,0.1901,0.3043,595669
03/19/2020,0.3885,0.3885,0.307,0.3423,87341
03/20/2020,0.35,0.36,0.32,0.3217,87612
03/23/2020,0.378,0.3836,0.33,0.3581,107091
03/24/2020,0.37,0.375,0.34,0.37,64740
03/25/2020,0.3491,0.3779,0.3302,0.3357,92217
03/26/2020,0.3554,0.3599,0.3393,0.34,56843
03/27/2020,0.34,0.4195,0.33,0.394,373927
03/30/2020,0.4188,0.4188,0.3772,0.3799,104006
03/31/2020,0.3608,0.4369,0.3608,0.4149,559751
04/01/2020,0.41,0.41,0.37,0.375,155947
04/02/2020,0.3897,0.3897,0.34,0.3546,131341
04/03/2020,0.35,0.3967,0.35,0.37,78615
04/06/2020,0.399,0.399,0.378,0.3875,64533
04/07/2020,0.397,0.399,0.36,0.3749,56676
04/08/2020,0.3525,0.36,0.301,0.36,942657
04/09/2020,0.36,0.3698,0.33,0.355,126293
04/13/2020,0.3675,0.3699,0.3499,0.3502,96396
04/14/2020,0.335,0.37,0.33,0.343,294187
04/15/2020,0.95,1.59,0.7735,1.06,63613339
04/16/2020,0.924,0.9292,0.67,0.672,7318990
04/17/2020,0.6175,0.64,0.5311,0.56,5439319
04/20/2020,0.5796,0.5999,0.53,0.585,4318098
04/21/2020,0.59,0.638,0.541,0.6,6731662
04/22/2020,0.6008,0.62,0.56,0.5869,5253049
04/23/2020,0.59,0.72,0.5713,0.702,11299671
04/24/2020,0.735,0.76,0.66,0.6899,6205087
04/27/2020,0.75,1.04,0.69,1.01,30389112
04/28/2020,0.93,0.9888,0.8,0.87,8629127
04/29/2020,0.95,2.69,0.93,2.27,90301385
04/30/2020,3.62,5.15,1.03,1.45,178572704
05/01/2020,1.38,1.45,1.21,1.32,15955517
05/04/2020,1.22,1.35,1.11,1.15,7062710
05/05/2020,1.17,1.35,1.14,1.3,11277405
05/06/2020,1.3,1.32,1.15,1.1584,4114333
05/07/2020,1.17,1.19,1,1.05,4933767
05/08/2020,1.03,1.07,1,1.058,3532058
05/11/2020,1.05,1.72,1.04,1.46,49351437
05/12/2020,1.17,1.33,1.14,1.23,12279065
05/13/2020,1.23,1.32,1.11,1.277,12677443
05/14/2020,1.32,1.39,1.21,1.27,11044489
05/15/2020,1.55,1.56,1.3,1.3327,19960389
05/18/2020,1.36,1.4,1.3,1.32,6178538
05/19/2020,1.33,1.34,1.23,1.2999,5517594
05/20/2020,1.34,1.39,1.27,1.32,5112396
05/21/2020,1.3,1.44,1.26,1.31,7322699
05/22/2020,1.3,1.35,1.27,1.295,3973740
05/26/2020,1.3,1.3,1.26,1.27,3317072
05/27/2020,1.25,1.25,1.16,1.24,3766744
05/28/2020,1.2,1.33,1.19,1.204,6493062
05/29/2020,1.2,1.23,1.17,1.1889,2822690
06/01/2020,1.23,1.52,1.22,1.44,31033341
06/02/2020,1.45,1.46,1.3,1.355,8033097
06/03/2020,1.31,1.39,1.24,1.325,7918716
06/04/2020,1.49,1.65,1.36,1.56,24070584
06/05/2020,1.48,1.49,1.37,1.44,6763202
06/08/2020,1.4,1.47,1.37,1.41,5047902
06/09/2020,1.4,1.94,1.35,1.83,25088195
06/10/2020,1.75,1.76,1.53,1.62,11391599
06/11/2020,1.4,1.47,1.35,1.37,6935385
06/12/2020,1.49,1.49,1.3798,1.415,3530278
06/15/2020,1.34,1.38,1.26,1.36,3343394
06/16/2020,1.39,1.39,1.31,1.35,2755543
06/17/2020,1.32,1.34,1.27,1.3044,2447837
06/18/2020,1.28,1.42,1.28,1.305,5011767
06/19/2020,1.32,1.33,1.28,1.28,3143423
06/22/2020,1.3,1.37,1.18,1.31,4939303
06/23/2020,1.3,1.32,1.28,1.305,2174678
06/24/2020,1.28,1.33,1.2,1.28,3718881
06/25/2020,1.26,1.28,1.22,1.25,2253213
06/26/2020,1.26,1.2699,1.2,1.215,2479319
06/29/2020,1.2,1.23,1.18,1.195,2096326
06/30/2020,1.19,1.22,1.17,1.185,1816953
07/01/2020,1.19,1.2,1.15,1.16,1799097
07/02/2020,1.16,1.29,1.14,1.195,4533344
07/06/2020,1.24,1.29,1.19,1.28,3880636
07/07/2020,1.7,1.76,1.38,1.66,65819711
07/08/2020,1.55,1.58,1.4,1.5,12901712
07/09/2020,1.59,1.65,1.5,1.5499,12560169
07/10/2020,1.62,1.98,1.55,1.93,41517354
07/13/2020,2.28,2.75,2.07,2.23,58824469
07/14/2020,2.29,2.56,2.13,2.55,25384569
07/15/2020,2.4,3.19,2.28,2.94,37393338
07/16/2020,2.98,3.92,2.82,3.43,47818876
07/17/2020,3.69,3.75,3.02,3.261,26234688
07/20/2020,3.25,3.28,2.75,3.105,15703948
07/21/2020,3,3.24,2.88,3.0565,9394207
07/22/2020,3.19,3.45,3.03,3.16,12285879
07/23/2020,3.26,3.27,2.9,3.13,7154375
07/24/2020,2.96,3.54,2.92,3.34,13208048
07/27/2020,3.35,3.35,3.1,3.19,4327040
07/28/2020,3.11,3.185,3.02,3.085,3443355
07/29/2020,3.03,3.07,2.76,2.85,6209295
07/30/2020,2.74,2.97,2.65,2.91,4531921
07/31/2020,2.87,2.8993,2.73,2.76,2446902
08/03/2020,2.71,2.85,2.55,2.84,4286900
08/04/2020,3.1,3.13,2.9,2.98,9106838
08/05/2020,3.15,3.4,3.01,3.09,13384605
08/06/2020,3.1,3.11,2.98,2.99,3291065
08/07/2020,3.03,3.28,2.98,3.24,8299483
08/10/2020,3.31,3.4,3.06,3.18,5338264
08/11/2020,3.2,3.22,3.03,3.0699,2831688
08/12/2020,3.09,3.11,2.9,3.0601,2614941
08/13/2020,3.02,3.21,2.97,3.205,3175883
08/14/2020,3.18,3.33,3.1,3.26,5496147
08/17/2020,3.02,3.2,3.02,3.175,2954801
08/18/2020,3.11,3.25,2.78,2.83,8311069
08/19/2020,2.91,2.94,2.69,2.6966,4492311
08/20/2020,2.6,2.64,2.16,2.29,9039771
08/21/2020,2.45,2.69,2.42,2.49,5400823
08/24/2020,2.6,2.605,2.3592,2.4002,2600904
08/25/2020,2.41,2.43,2.3,2.4,1646759
08/26/2020,2.43,2.54,2.38,2.43,1838338
08/27/2020,2.54,2.57,2.44,2.485,2102963
08/28/2020,2.52,2.57,2.46,2.505,1914581
08/31/2020,2.65,3.1996,2.51,3.095,15696794
09/01/2020,3.14,3.14,2.73,3.01,6394906
09/02/2020,3,3.05,2.85,3.03,3452207
09/03/2020,3,3.01,2.65,2.81,3907117
09/04/2020,2.73,2.85,2.4,2.7603,3953032
09/08/2020,2.65,2.93,2.5,2.8044,3541120
09/09/2020,2.91,3.075,2.83,2.86,5639705
09/10/2020,2.84,2.99,2.74,2.77,3759671
09/11/2020,2.78,2.8281,2.69,2.72,1959471
09/14/2020,2.74,2.78,2.67,2.695,1901534
09/15/2020,2.65,2.7,2.65,2.685,1462866
09/16/2020,2.7,2.85,2.68,2.78,1957722
09/17/2020,2.69,2.79,2.62,2.7,1464638
09/18/2020,2.71,2.7595,2.62,2.71,3023225
09/21/2020,2.65,2.71,2.585,2.67,1646850
09/22/2020,2.66,2.77,2.61,2.655,2688840
09/23/2020,2.58,2.73,2.4,2.53,3427853
09/24/2020,2.33,2.53,2.09,2.28,5621303
09/25/2020,2.21,2.31,2.1816,2.29,1515887
09/28/2020,2.35,2.4185,2.225,2.25,1657434
09/29/2020,2.22,2.32,2.18,2.26,1335079
09/30/2020,2.25,2.27,2.2,2.26,1278085
10/01/2020,2.2,2.3,2.2,2.28,905237
10/02/2020,2.18,2.3,2.18,2.26,941553
10/05/2020,2.21,2.27,2.14,2.18,1973672
10/06/2020,2.17,2.19,2.08,2.085,2075021
10/07/2020,2.08,2.265,2.08,2.22,2227203
10/08/2020,2.29,2.43,2.27,2.32,2137553
10/09/2020,2.34,2.38,2.21,2.225,980467
10/12/2020,2.32,2.33,2.18,2.22,1226714
10/13/2020,2.21,2.4,2.1617,2.37,2021781
10/14/2020,2.31,2.42,2.28,2.295,1235186
10/15/2020,2.58,2.72,2.36,2.58,7455846
10/16/2020,2.5,2.51,2.35,2.38,1687049
10/19/2020,2.55,2.55,2.36,2.44,1187926
10/20/2020,2.38,2.45,2.3,2.35,844264
10/21/2020,2.32,2.35,2.27,2.27,914758
10/22/2020,2.27,2.3314,2.17,2.26,969201
10/23/2020,2.25,2.32,2.21,2.305,583185
10/26/2020,2.31,2.3174,2.17,2.2,861969
10/27/2020,2.21,2.27,2.15,2.17,722272
10/28/2020,2.1,2.155,1.9601,2.05,1920985
10/29/2020,2.06,2.125,2.05,2.075,598708
10/30/2020,2.05,2.08,1.94,1.97,1784826
11/02/2020,2,2.06,1.98,2.03,1800834
11/03/2020,2.11,2.18,2.08,2.13,1116856
11/04/2020,2.16,2.16,2.05,2.06,974044
11/05/2020,2.09,2.19,2.08,2.17,1013587
11/06/2020,2.13,2.42,2.08,2.32,3492757
11/09/2020,2.24,2.325,2.21,2.315,1417512
11/10/2020,2.39,2.5,2.26,2.35,2377791
11/11/2020,2.38,2.49,2.3571,2.415,1646454
11/12/2020,2.5,2.64,2.43,2.625,2398263
11/13/2020,2.8,2.96,2.76,2.94,4952695
11/16/2020,2.89,3.17,2.55,2.69,8096459
11/17/2020,2.5,2.52,2.32,2.33,4790485
11/18/2020,2.43,2.45,2.35,2.373,1931937
11/19/2020,2.42,2.78,2.42,2.675,7140392
11/20/2020,2.92,2.94,2.69,2.795,4420764
11/23/2020,2.93,3.04,2.81,2.9325,5606414
11/24/2020,2.98,2.98,2.65,2.8,3892017
11/25/2020,2.8,2.878,2.7,2.803,1895549
11/27/2020,2.8,2.94,2.8,2.8535,1686189
11/30/2020,2.81,2.89,2.7,2.89,2755120
12/01/2020,2.75,2.855,2.75,2.81,1766661
12/02/2020,2.77,2.81,2.66,2.71,1696203
12/03/2020,2.7,2.76,2.67,2.68,1223385
12/04/2020,2.7,2.7594,2.68,2.69,1112411
12/07/2020,2.7,2.74,2.66,2.6675,1522438
12/08/2020,2.61,2.61,2.44,2.545,2653605
12/09/2020,2.74,2.78,2.6,2.68,3248220
12/10/2020,2.65,2.69,2.58,2.59,1291691
12/11/2020,2.61,2.86,2.61,2.8,2991525
12/14/2020,2.83,3,2.8,2.81,4000995
12/15/2020,2.9,2.91,2.82,2.88,1148995
12/16/2020,2.87,3.12,2.85,3.08,5619739
12/17/2020,3.09,3.29,2.96,3.19,6801802
12/18/2020,3.25,4.28,3.1975,4.01,30483410
12/21/2020,4,5.25,3.95,5.2,28024210
12/22/2020,6.54,7.3,5.79,6.78,47085996
12/23/2020,8.44,8.72,7.15,7.9493,26608598
12/24/2020,7.25,7.28,6.06,6.83,11219272
12/28/2020,7.51,7.95,6.1,6.36,9714329
12/29/2020,6.45,6.6917,5.34,6.095,5644111
12/30/2020,6.18,6.37,5.95,6.27,3053635
12/31/2020,6.2,6.2,5.76,6.01,2848348
