08/17/2012,25.02,25.1,24.95,24.99,712111
08/20/2012,24.95,25,24.84,25,1118187
08/21/2012,25,25.03,24.95,25,749990
08/22/2012,25.02,25.02,24.91,24.96,600301
08/23/2012,25,25.01,24.9,24.96,457145
08/24/2012,24.99,24.99,24.9,24.91,309184
08/27/2012,24.97,24.99,24.911,24.97,226080
08/28/2012,24.99,24.99,24.94,24.98,225636
08/29/2012,24.99,25,24.94,24.99,287191
08/30/2012,24.99,25,24.94,24.99,205959
08/31/2012,25,25.05,24.95,25.05,369985
09/04/2012,25.07,25.1,25,25.03,303063
09/05/2012,25.05,25.06,24.99,25,449251
09/06/2012,25.01,25.05,24.98,25.03,369269
09/07/2012,25.06,25.06,24.97,25.05,530028
09/10/2012,25.05,25.07,25.01,25.04,245010
09/11/2012,25.05,25.15,24.98,25.05,306191
09/12/2012,25.06,25.07,25.02,25.03,301376
09/13/2012,25.07,25.07,24.98,24.99,375479
09/14/2012,25,25.005,24.88,24.95,613763
09/17/2012,24.96,24.96,24.9,24.93,192386
09/18/2012,24.95,24.98,24.89,24.92,250148
09/19/2012,24.95,24.98,24.92,24.97,218460
09/20/2012,25,25,24.9,24.96,274693
09/21/2012,24.97,25,24.93,25,174636
09/24/2012,24.95,25.04,24.9301,25.04,140174
09/25/2012,25.03,25.13,25.03,25.05,252033
09/26/2012,25.06,25.09,25.02,25.03,166063
09/27/2012,25.09,25.2,25.0886,25.19,291301
09/28/2012,25.18,25.23,25.1401,25.2,172222
10/01/2012,25.22,25.23,25.15,25.2,116189
10/02/2012,25.21,25.21,25.11,25.19,238781
10/03/2012,25.19,25.2,25.1,25.15,391948
10/04/2012,25.18,25.23,25.14,25.23,195628
10/05/2012,25.24,25.39,25.2,25.35,149802
10/08/2012,25.4,25.48,25.4,25.44,172078
10/09/2012,25.47,25.52,25.34,25.46,384663
10/10/2012,25.48,25.48,25.39,25.4,144931
10/11/2012,25.43,25.49,25.42,25.45,138382
10/12/2012,25.48,25.52,25.44,25.5,115648
10/15/2012,25.5,25.5,25.32,25.45,214389
10/16/2012,25.46,25.54,25.42,25.49,419060
10/17/2012,25.54,25.56,25.3962,25.44,184922
10/18/2012,25.46,25.54,25.39,25.47,864287
10/19/2012,25.53,25.97,25.45,25.88,601776
10/22/2012,25.57,25.65,25.55,25.63,258135
10/23/2012,25.63,25.63,25.45,25.54,105725
10/24/2012,25.62,25.68,25.48,25.65,503183
10/25/2012,25.68,25.68,25.61,25.65,392482
10/26/2012,25.63,25.63,25.53,25.61,90172
10/31/2012,25.69,25.71,25.55,25.61,55233
11/01/2012,25.58,25.69,25.54,25.58,71684
11/02/2012,25.54,25.7,25.53,25.59,62100
11/05/2012,25.64,25.64,25.4201,25.47,204846
11/06/2012,25.45,25.5,25.4,25.48,62065
11/07/2012,25.4,25.5,25.33,25.5,284144
11/08/2012,25.52,25.56,25.4401,25.525,143075
11/09/2012,25.46,25.63,25.44,25.6,125849
11/12/2012,25.68,25.68,25.51,25.54,47049
11/13/2012,25.68,25.68,25.36,25.38,170062
11/14/2012,25.38,25.42,25.06,25.07,196245
11/15/2012,25.3,25.3,24.9,25.01,111129
11/16/2012,25,25.32,24.97,25.25,69899
11/19/2012,25.29,25.5,25.25,25.3,103431
11/20/2012,25.37,25.39,25.27,25.36,236570
11/21/2012,25.48,25.54,25.38,25.45,61748
11/23/2012,25.55,25.55,25.45,25.45,19832
11/26/2012,25.54,25.54,25.42,25.52,62360
11/27/2012,25.53,25.53,25.3895,25.52,87679
11/28/2012,25.21,25.21,25.02,25.1,103883
11/29/2012,25.07,25.12,25.05,25.07,155637
11/30/2012,25.05,25.1,24.99,25.02,122095
12/03/2012,25.04,25.05,25.01,25.03,130568
12/04/2012,25.01,25.09,25,25.03,110832
12/05/2012,25.09,25.09,24.98,25,177147
12/06/2012,25.02,25.03,24.98,25,139445
12/07/2012,24.97,25,24.9501,24.97,151711
12/10/2012,24.98,25,24.98,25,160582
12/11/2012,25,25.01,24.98,25,245702
12/12/2012,25,25.01,24.92,25,149017
12/13/2012,25,25.02,24.93,24.95,275720
12/14/2012,24.98,25.01,24.9,25,130212
12/17/2012,25,25.01,24.96,25,133808
12/18/2012,25,25.01,24.93,24.98,192784
12/19/2012,24.99,25,24.92,24.97,158587
12/20/2012,24.98,25.02,24.97,25,133374
12/21/2012,25.01,25.01,24.96,24.97,110992
12/24/2012,24.97,25.05,24.97,25,21386
12/26/2012,25,25,24.95,24.98,51314
12/27/2012,24.95,25.05,24.95,25.04,69160
12/28/2012,25.04,25.17,25,25.12,76965
12/31/2012,25.16,25.2,25.07,25.2,53899
01/02/2013,25.2,25.22,25.14,25.16,227330
01/03/2013,25.18,25.21,25.17,25.18,758799
01/04/2013,25.23,25.28,25.201,25.25,154448
01/07/2013,25.25,25.3,25.23,25.29,635270
01/08/2013,25.3,25.37,25.3,25.36,135103
01/09/2013,25.4,25.57,25.35,25.47,1029361
01/10/2013,25.48,25.52,25.41,25.42,125167
01/11/2013,25.48,25.51,25.4201,25.45,372092
01/14/2013,25.44,25.53,25.42,25.45,102824
01/15/2013,25.44,25.4899,25.3501,25.4,108192
01/16/2013,25.6,25.6,25.34,25.34,118190
01/17/2013,25.41,25.52,25.38,25.4999,125190
01/18/2013,25.5,25.51,25.43,25.5,93389
01/22/2013,25.43,25.49,25.35,25.44,139844
01/23/2013,25.47,25.47,25.3,25.39,158717
01/24/2013,25.4,25.4,25.28,25.29,115936
01/25/2013,25.3,25.33,25.22,25.3122,103659
01/28/2013,25.35,25.35,25.06,25.17,133503
01/29/2013,25.18,25.19,24.99,25,464892
01/30/2013,24.95,25.02,24.92,25.01,128685
01/31/2013,25.05,25.05,24.98,24.98,147168
02/01/2013,25.03,25.116,25,25.05,220375
02/04/2013,25.09,25.09,25.03,25.08,124170
02/05/2013,25.15,25.15,25.08,25.1,268902
02/06/2013,25.07,25.13,25.07,25.099,145941
02/07/2013,25.15,25.24,25.08,25.09,159106
02/08/2013,25.1,25.22,25.1,25.18,85671
02/11/2013,25.23,25.28,25.19,25.26,108684
02/12/2013,25.26,25.33,25.2,25.3,70699
02/13/2013,25.37,25.37,25.27,25.29,75842
02/14/2013,25.25,25.4,25.25,25.36,51618
02/15/2013,25.45,25.48,25.29,25.45,303898
02/19/2013,25.48,25.48,25.32,25.43,226420
02/20/2013,25.45,25.55,25.4,25.5,49423
02/21/2013,25.54,25.54,25.4201,25.49,44137
02/22/2013,25.5,25.5,25.43,25.48,41823
02/25/2013,25.5,25.59,25.4999,25.55,133582
02/26/2013,25.32,25.34,25.18,25.3,118885
02/27/2013,25.3,25.89,25.23,25.3,67892
02/28/2013,25.3,25.34,25.24,25.3,91258
03/01/2013,25.3,25.36,25.17,25.28,160351
03/04/2013,25.39,25.43,25.25,25.25,68810
03/05/2013,25.33,25.34,25.16,25.22,220529
03/06/2013,25.28,25.28,25.23,25.26,72373
03/07/2013,25.32,25.32,25.15,25.19,146821
03/08/2013,25.19,25.26,25.1,25.16,101929
03/11/2013,25.14,25.22,25.14,25.2,51054
03/12/2013,25.24,25.25,25.15,25.17,55690
03/13/2013,25.3,25.3,25.13,25.16,60370
03/14/2013,25.23,25.24,25.17,25.2,44752
03/15/2013,25.18,25.18,24.93,24.96,306127
03/18/2013,24.96,25.03,24.95,24.95,185081
03/19/2013,25,25,24.77,24.9799,205438
03/20/2013,25,25,24.95,24.95,162532
03/21/2013,25.02,25.02,24.95,24.95,124977
03/22/2013,24.99,25.14,24.99,25.1,88067
03/25/2013,25.13,25.2,25.04,25.15,119953
03/26/2013,25.16,25.24,25.13,25.18,147345
03/27/2013,25.24,25.24,25.18,25.21,129234
03/28/2013,25.25,25.31,25.2101,25.31,134417
04/01/2013,25.4,25.4,25.29,25.31,29107
04/02/2013,25.35,25.35,25.2,25.2499,73555
04/03/2013,25.19,25.27,25.19,25.2499,43584
04/04/2013,25.25,25.3,25.22,25.23,63507
04/05/2013,25.25,25.25,25.23,25.23,41433
04/08/2013,25.3,25.33,25.24,25.28,97268
04/09/2013,25.24,25.32,25.24,25.27,75327
04/10/2013,25.27,25.35,25.27,25.3299,92181
04/11/2013,25.38,25.38,25.28,25.35,67490
04/12/2013,25.3,25.39,25.3,25.35,38148
04/15/2013,25.39,25.44,25.38,25.38,55549
04/16/2013,25.33,25.54,25.33,25.4999,65341
04/17/2013,25.47,25.54,25.42,25.42,69338
04/18/2013,25.45,25.486,25.34,25.37,170813
04/19/2013,25.36,25.41,25.15,25.15,200516
04/22/2013,25.32,25.33,25.23,25.29,189310
04/23/2013,25.32,25.4,25.26,25.4,65000
04/24/2013,25.3826,25.52,25.37,25.5199,70761
04/25/2013,25.5,25.53,25.388,25.49,71662
04/26/2013,25.5,25.55,25.48,25.5,193704
04/29/2013,25.54,25.56,25.49,25.55,67713
04/30/2013,25.52,25.67,25.5,25.63,89389
05/01/2013,25.62,25.74,25.62,25.71,27294
05/02/2013,25.76,25.92,25.71,25.82,152229
05/03/2013,25.98,26.08,25.9,26,100115
05/06/2013,26.02,26.14,25.97,26.06,92443
05/07/2013,26,26.23,25.99,26.23,86614
05/08/2013,26.18,26.38,26.1,26.34,68330
05/09/2013,26.3,26.35,26.1,26.17,83119
05/10/2013,26.2,26.3,26.08,26.3,75652
05/13/2013,26.3,26.3,26.1,26.22,67296
05/14/2013,26.18,26.2,26.07,26.12,100971
05/15/2013,26.22,26.22,25.92,25.96,44610
05/16/2013,26,26.06,25.92,26.06,39842
05/17/2013,26.06,26.14,26.04,26.12,37985
05/20/2013,26.08,26.16,26.07,26.16,63008
05/21/2013,26.15,26.2099,26.12,26.2099,76672
05/22/2013,26.15,26.31,26.15,26.16,90701
05/23/2013,26.15,26.17,26.1,26.14,60964
05/24/2013,26.17,26.27,26.14,26.24,25541
05/28/2013,26.49,26.49,26.21,26.27,79038
05/29/2013,25.99,25.99,25.35,25.42,160844
05/30/2013,25.37,25.51,25.26,25.34,155308
05/31/2013,25.29,25.3599,24.9,25.03,209106
06/03/2013,25.1,25.1,24.7,24.8199,158901
06/04/2013,24.82,24.95,24.722,24.76,118370
06/05/2013,24.85,24.85,23.85,24.149,730530
06/06/2013,24.19,24.38,24.15,24.21,161611
06/07/2013,24.27,24.42,24.22,24.3299,83108
06/10/2013,24.33,24.36,24.03,24.1,150852
06/11/2013,24.05,24.05,23.37,23.75,269305
06/12/2013,23.67,23.82,22.5103,23.069,274514
06/13/2013,22.9,23.59,22.5203,23.54,223203
06/14/2013,23.54,23.85,23.54,23.71,121433
06/17/2013,24.08,24.23,23.89,24.02,178612
06/18/2013,24.08,24.08,23.75,23.95,121370
06/19/2013,24.07,24.07,23.45,23.68,124107
06/20/2013,23.47,23.47,22.92,23.23,184750
06/21/2013,23.38,23.38,22.71,23.1,235368
06/24/2013,22.86,23,22.06,23,473413
06/25/2013,23.01,23.44,22.5,22.98,107434
06/26/2013,23.03,23.63,23.03,23.43,100877
06/27/2013,23.51,23.85,23.51,23.71,91486
06/28/2013,23.7,23.7,23.4103,23.4799,73464
07/01/2013,23.65,23.71,23.28,23.4,76011
07/02/2013,23.42,23.67,23.35,23.53,71053
07/03/2013,23.45,23.53,23.42,23.4501,102338
07/05/2013,23.36,23.36,22.9,22.96,90376
07/08/2013,22.96,22.98,22.75,22.76,99362
07/09/2013,22.85,23,22.67,22.9,442369
07/10/2013,22.86,23.16,22.68,22.9255,143272
07/11/2013,23.1,23.28,23.1,23.15,119863
07/12/2013,23.17,23.3699,23.17,23.22,99561
07/15/2013,23.15,23.2299,23.034,23.2,210194
07/16/2013,23.28,23.28,22.96,23.05,85623
07/17/2013,23.07,23.12,22.65,23.05,138518
07/18/2013,23.05,23.05,22.93,22.93,79511
07/19/2013,23.01,23.07,22.8,22.9,189668
07/22/2013,22.81,22.89,22.79,22.82,122423
07/23/2013,22.89,22.89,22.66,22.78,105581
07/24/2013,22.75,22.75,22.51,22.55,197714
07/25/2013,22.5,22.65,22.4,22.65,114965
07/26/2013,22.59,22.65,22.5,22.61,58744
07/29/2013,22.52,22.6199,22.3801,22.429,81885
07/30/2013,22.41,22.45,22.31,22.33,73394
07/31/2013,22.25,22.37,22.19,22.2,181556
08/01/2013,22.22,22.45,22.05,22.11,176385
08/02/2013,22.2,22.3,22.04,22.04,198728
08/05/2013,22.23,22.23,21.8,21.88,170945
08/06/2013,21.81,21.98,21.81,21.92,72256
08/07/2013,21.91,22.06,21.84,21.94,109929
08/08/2013,21.9,21.95,21.82,21.8921,219926
08/09/2013,21.81,22.02,21.81,21.936,59105
08/12/2013,21.75,21.932,21.66,21.91,163564
08/13/2013,21.88,21.89,21.658,21.73,76211
08/14/2013,21.67,21.71,21.4,21.4601,147518
08/15/2013,21.26,21.3,21.09,21.2225,254261
08/16/2013,21.25,21.28,21.04,21.06,86349
08/19/2013,21.06,21.07,20.71,20.76,136752
08/20/2013,20.73,20.95,20.4701,20.91,148262
08/21/2013,20.85,20.9899,20.62,20.78,150370
08/22/2013,20.81,21,20.81,20.94,62967
08/23/2013,20.97,21.45,20.97,21.4096,87883
08/26/2013,21.84,21.84,21.51,21.61,95835
08/27/2013,21.53,21.75,21.42,21.65,117145
08/28/2013,21.43,21.43,21.2,21.23,80278
08/29/2013,21.17,21.4,21.17,21.25,74795
08/30/2013,21.24,21.28,21.12,21.19,99216
09/03/2013,21.25,21.25,20.87,21.03,123282
09/04/2013,20.94,21.19,20.94,21.15,70523
09/05/2013,21.2,21.2,20.9,20.96,100912
09/06/2013,21.02,21.03,20.88,20.96,93814
09/09/2013,20.92,21,20.8102,20.93,111936
09/10/2013,20.93,20.9699,20.8,20.87,79580
09/11/2013,20.95,20.95,20.81,20.85,79692
09/12/2013,20.87,20.9,20.71,20.75,96322
09/13/2013,20.69,20.83,20.69,20.83,62864
09/16/2013,21.35,21.35,20.81,20.81,114207
09/17/2013,20.9,20.92,20.82,20.86,72437
09/18/2013,20.82,21.32,20.67,21.22,181316
09/19/2013,21.23,21.3,21.01,21.07,144519
09/20/2013,20.95,21.07,20.89,21.011,68652
09/23/2013,20.97,21.07,20.89,20.9501,58824
09/24/2013,20.93,21,20.86,20.9,82184
09/25/2013,20.91,20.97,20.87,20.949,93964
09/26/2013,20.9,21.15,20.9,21.1,124881
09/27/2013,21.15,21.25,20.92,21.02,101027
09/30/2013,21,21.07,20.93,21.02,69874
10/01/2013,21.02,21.1,20.97,21.01,190426
10/02/2013,20.98,21.0297,20.9,20.97,405211
10/03/2013,20.98,21,20.84,20.85,80193
10/04/2013,20.82,20.9,20.8,20.86,100681
10/07/2013,20.9,20.92,20.78,20.82,77794
10/08/2013,20.78,20.78,20.57,20.7,99711
10/09/2013,20.63,20.6597,20.53,20.6,81662
10/10/2013,20.6,20.64,20.55,20.55,132482
10/11/2013,20.57,20.64,20.52,20.63,201804
10/14/2013,20.56,20.61,20.5,20.55,61256
10/15/2013,20.53,20.62,20.46,20.47,131856
10/16/2013,20.45,20.56,20.43,20.56,224921
10/17/2013,20.66,20.81,20.58,20.78,123638
10/18/2013,20.74,21.02,20.74,21,81948
10/21/2013,21.04,21.131,20.97,20.998,134774
10/22/2013,21.1,21.324,21.09,21.211,99341
10/23/2013,21.16,21.34,21.16,21.26,117108
10/24/2013,21.3,21.3699,21.15,21.3499,94891
10/25/2013,21.26,21.34,21.02,21.09,147511
10/28/2013,21.15,21.2,21.01,21.01,115216
10/29/2013,21.06,21.06,20.95,21,69228
10/30/2013,20.96,21.1,20.95,21,84221
10/31/2013,20.99,20.99,20.8,20.94,128291
11/01/2013,21,21,20.95,20.97,61753
11/04/2013,21,21.05,20.96,20.96,46362
11/05/2013,20.97,21.03,20.78,20.78,66202
11/06/2013,20.79,20.9,20.75,20.77,305754
11/07/2013,20.82,20.94,20.82,20.84,101258
11/08/2013,20.78,20.81,20.69,20.78,99253
11/11/2013,20.78,20.81,20.73,20.78,52707
11/12/2013,20.75,20.8,20.74,20.7501,78285
11/13/2013,20.75,20.77,20.67,20.67,97038
11/14/2013,20.67,20.74,20.59,20.63,212016
11/15/2013,20.63,20.66,20.556,20.63,80716
11/18/2013,20.6,20.7,20.6,20.7,103926
11/19/2013,20.7,20.7,20.58,20.58,116802
11/20/2013,20.61,20.64,20.41,20.52,248909
11/21/2013,20.45,20.84,20.45,20.7201,220504
11/22/2013,20.72,20.9,20.71,20.83,131858
11/25/2013,20.8,21,20.77,21,152361
11/26/2013,20.78,20.85,20.73,20.8,156718
11/27/2013,20.77,20.87,20.7,20.74,105145
11/29/2013,20.66,20.75,20.6,20.697,24186
12/02/2013,20.73,20.85,20.67,20.72,328109
12/03/2013,20.72,20.83,20.71,20.77,238144
12/04/2013,20.7,20.75,20.54,20.6,191154
12/05/2013,20.49,20.55,20.15,20.15,172977
12/06/2013,20.28,20.37,20.2,20.25,113660
12/09/2013,20.26,20.31,20.19,20.22,120248
12/10/2013,20.25,20.28,20.14,20.18,178273
12/11/2013,20.12,20.15,19.92,19.92,288086
12/12/2013,19.9,19.94,19.75,19.94,161047
12/13/2013,19.87,19.96,19.781,19.79,144165
12/16/2013,20.05,20.1,19.93,20.01,216641
12/17/2013,19.95,20.05,19.85,19.96,226754
12/18/2013,19.92,20,19.69,19.85,248270
12/19/2013,19.89,19.93,19.74,19.9015,219346
12/20/2013,19.85,20.05,19.83,19.91,198785
12/23/2013,19.91,20.0799,19.8,19.89,163800
12/24/2013,19.89,19.898,19.76,19.78,121234
12/26/2013,19.78,19.82,19.72,19.78,369530
12/27/2013,19.78,19.99,19.77,19.9021,271629
12/30/2013,19.86,20.2252,19.86,20.13,299384
12/31/2013,20.04,20.16,19.93,20.06,270737
01/02/2014,20.1,20.34,20.07,20.27,79362
01/03/2014,20.34,20.61,20.3,20.47,125029
01/06/2014,20.54,20.79,20.54,20.71,99341
01/07/2014,20.75,20.87,20.75,20.8,92076
01/08/2014,20.8,20.84,20.7,20.7901,81888
01/09/2014,20.8,21.15,20.78,21.13,146018
01/10/2014,21.32,21.35,21.16,21.21,109493
01/13/2014,21.37,21.4,21.2242,21.24,58744
01/14/2014,21.25,21.32,21.16,21.252,81364
01/15/2014,21.24,21.29,21.16,21.17,63082
01/16/2014,21.16,21.21,21.1,21.14,101541
01/17/2014,21.18,21.39,21.131,21.23,113775
01/21/2014,21.2,21.4,21.2,21.35,93043
01/22/2014,21.42,21.53,21.39,21.45,93350
01/23/2014,21.54,21.59,21.23,21.23,129273
01/24/2014,21.27,21.3,21.07,21.28,87926
01/27/2014,21.27,21.61,21.11,21.23,67787
01/28/2014,21.14,21.39,21.14,21.35,70607
01/29/2014,21.36,21.36,21.061,21.07,80154
01/30/2014,21.11,21.28,21.09,21.21,89372
01/31/2014,21.17,21.26,21.14,21.21,56933
02/03/2014,21.25,21.25,21.12,21.14,75400
02/04/2014,21.16,21.29,21.16,21.29,102367
02/05/2014,21.29,21.3,21.15,21.25,277195
02/06/2014,21.22,21.3,21.21,21.21,90107
02/07/2014,21.23,21.27,21.22,21.24,117418
02/10/2014,21.31,21.35,21.2501,21.32,72182
02/11/2014,21.34,21.46,21.32,21.36,107185
02/12/2014,21.41,21.4299,21.35,21.37,82644
02/13/2014,21.36,21.66,21.36,21.64,128429
02/14/2014,21.66,21.79,21.66,21.74,102548
02/18/2014,21.83,22.02,21.82,21.9,376323
02/19/2014,21.99,22.04,21.87,21.93,370577
02/20/2014,21.93,21.95,21.8,21.95,114495
02/21/2014,22.02,22.06,21.88,21.96,100016
02/24/2014,22,22.08,21.95,21.9598,107642
02/25/2014,21.97,22.03,21.9,21.9,103668
02/26/2014,21.69,21.7,21.58,21.6197,71003
02/27/2014,21.69,21.7,21.63,21.7,76407
02/28/2014,21.69,21.8,21.68,21.75,97546
03/03/2014,21.76,21.83,21.66,21.67,120528
03/04/2014,21.73,21.79,21.65,21.67,121835
03/05/2014,21.71,21.73,21.64,21.65,153966
03/06/2014,21.7,21.7,21.56,21.6,96960
03/07/2014,21.59,21.59,21.42,21.52,64278
03/10/2014,21.53,21.55,21.36,21.49,148775
03/11/2014,21.5,21.5,21.37,21.39,42849
03/12/2014,21.38,21.44,21.31,21.42,106630
03/13/2014,21.44,21.54,21.39,21.44,166241
03/14/2014,21.41,21.48,21.27,21.4575,340042
03/17/2014,21.6,21.72,21.45,21.47,127854
03/18/2014,21.5,21.529,21.35,21.45,143929
03/19/2014,21.47,21.47,21.36,21.4,115450
03/20/2014,21.38,21.38,21.26,21.35,101943
03/21/2014,21.37,21.42,21.36,21.36,2087057
03/24/2014,21.42,21.42,21.371,21.4,99828
03/25/2014,21.42,21.42,21.27,21.28,239345
03/26/2014,21.31,21.34,21.24,21.3,364917
03/27/2014,21.29,21.29,21.24,21.28,169559
03/28/2014,21.3,21.31,21.27,21.29,118770
03/31/2014,21.31,21.32,21.25,21.28,379485
04/01/2014,21.31,21.31,21.2503,21.29,237647
04/02/2014,21.3,21.37,21.3,21.32,214082
04/03/2014,21.34,21.34,21.3,21.3,150463
04/04/2014,21.35,21.35,21.29,21.29,256309
04/07/2014,21.34,21.34,21.29,21.29,347720
04/08/2014,21.34,21.35,21.3,21.32,152404
04/09/2014,21.34,21.35,21.31,21.32,596468
04/10/2014,21.35,21.42,21.33,21.37,365453
04/11/2014,21.36,21.4,21.343,21.38,131498
04/14/2014,21.43,21.43,21.39,21.4,147244
04/15/2014,21.44,21.45,21.41,21.42,317223
04/16/2014,21.47,21.47,21.41,21.44,170217
04/17/2014,21.47,21.47,21.38,21.39,227955
04/21/2014,21.42,21.44,21.41,21.42,114954
04/22/2014,21.44,21.51,21.42,21.47,186338
04/23/2014,21.53,21.6,21.512,21.57,179937
04/24/2014,21.62,21.78,21.62,21.72,240205
04/25/2014,21.71,21.82,21.7,21.82,134354
04/28/2014,21.89,21.9572,21.86,21.93,176589
04/29/2014,21.98,22.29,21.98,22.28,276893
04/30/2014,22.43,22.54,22.37,22.525,280262
05/01/2014,22.6,22.78,22.55,22.74,170139
05/02/2014,22.82,22.86,22.57,22.62,226697
05/05/2014,22.73,22.73,22.66,22.6901,97326
05/06/2014,22.75,22.75,22.63,22.66,329407
05/07/2014,22.66,22.77,22.66,22.7,104055
05/08/2014,22.71,22.81,22.71,22.76,112589
05/09/2014,22.79,22.8,22.71,22.73,65522
05/12/2014,22.76,22.79,22.73,22.74,112683
05/13/2014,22.77,22.79,22.73,22.75,67771
05/14/2014,22.78,22.82,22.75,22.78,105902
05/15/2014,22.82,22.88,22.79,22.87,158456
05/16/2014,22.87,22.93,22.83,22.86,85645
05/19/2014,22.89,22.92,22.87,22.9,152819
05/20/2014,22.92,23,22.9016,22.98,123569
05/21/2014,23.03,23.1,22.98,23.05,200739
05/22/2014,23.09,23.09,22.95,22.96,112714
05/23/2014,23.06,23.06,22.86,22.93,121586
05/27/2014,22.97,23.14,22.94,23.13,112269
05/28/2014,22.87,22.87,22.69,22.71,168459
05/29/2014,22.72,22.8,22.71,22.8,80383
05/30/2014,22.81,22.83,22.75,22.77,73019
06/02/2014,22.76,22.81,22.76,22.79,38367
06/03/2014,22.81,22.84,22.52,22.53,205965
06/04/2014,22.58,22.58,21.9,22.12,266402
06/05/2014,22.04,22.26,21.9,22.17,373310
06/06/2014,22.27,22.43,22.23,22.33,154241
06/09/2014,22.35,22.43,22.33,22.4,119102
06/10/2014,22.35,22.37,22.18,22.27,138338
06/11/2014,22.27,22.31,22.13,22.31,104182
06/12/2014,22.35,22.48,22.32,22.48,81407
06/13/2014,22.46,22.54,22.4,22.49,81307
06/16/2014,22.6,22.6,22.4,22.43,147490
06/17/2014,22.43,22.61,22.36,22.61,192482
06/18/2014,22.61,22.7,22.58,22.7,79739
06/19/2014,22.73,22.778,22.68,22.75,126838
06/20/2014,22.79,22.89,22.75,22.851,100218
06/23/2014,22.87,22.93,22.8,22.91,94622
06/24/2014,22.92,22.96,22.8,22.89,827595
06/25/2014,22.87,22.95,22.87,22.93,93198
06/26/2014,22.99,22.99,22.88,22.92,105005
06/27/2014,22.94,22.95,22.91,22.93,59882
06/30/2014,22.94,22.99,22.93,22.95,104254
07/01/2014,23,23,22.93,22.9691,53138
07/02/2014,22.94,23.06,22.93,22.93,141702
07/03/2014,22.87,22.9,22.79,22.8,75185
07/07/2014,22.88,22.95,22.83,22.84,514988
07/08/2014,22.91,22.95,22.88,22.9,66001
07/09/2014,22.92,23.03,22.88,22.88,200399
07/10/2014,22.86,22.9,22.74,22.74,238744
07/11/2014,22.74,23.08,22.74,23.08,78227
07/14/2014,23.05,23.15,22.88,22.95,225944
07/15/2014,22.9,22.99,22.86,22.95,102123
07/16/2014,22.93,22.94,22.86,22.86,59510
07/17/2014,22.86,22.95,22.72,22.77,101663
07/18/2014,22.71,22.86,22.7,22.7,109702
07/21/2014,22.74,22.82,22.74,22.77,107275
07/22/2014,22.77,22.81,22.63,22.71,140226
07/23/2014,22.72,22.85,22.72,22.85,83074
07/24/2014,22.82,22.87,22.8,22.87,68598
07/25/2014,22.83,22.91,22.81,22.853,49708
07/28/2014,22.84,22.89,22.84,22.875,49813
07/29/2014,22.89,22.92,22.86,22.92,98267
07/30/2014,22.9,22.9132,22.84,22.87,107467
07/31/2014,22.79,22.83,22.63,22.63,188797
08/01/2014,22.6,22.65,22.411,22.49,143215
08/04/2014,22.53,22.5799,22.37,22.47,80898
08/05/2014,22.44,22.46,22.29,22.34,83499
08/06/2014,22.21,22.41,22.1,22.37,110133
08/07/2014,22.45,22.54,22.45,22.49,96550
08/08/2014,22.59,22.62,22.53,22.62,90454
08/11/2014,22.65,22.82,22.61,22.77,65146
08/12/2014,22.77,22.85,22.77,22.85,53819
08/13/2014,22.84,22.99,22.84,22.99,123336
08/14/2014,23,23.18,23,23.174,53927
08/15/2014,23.18,23.27,23.1,23.25,67631
08/18/2014,23.24,23.34,23.24,23.33,75836
08/19/2014,23.31,23.33,23.23,23.28,66097
08/20/2014,23.3,23.3,23.18,23.18,81233
08/21/2014,23.25,23.2677,23.15,23.18,91601
08/22/2014,23.17,23.22,23.09,23.22,90577
08/25/2014,23.22,23.3,23.22,23.25,83590
08/26/2014,23.28,23.45,23.26,23.38,103643
08/27/2014,23.06,23.0701,22.92,22.9899,111392
08/28/2014,22.96,23.03,22.95,22.96,81209
08/29/2014,22.95,23.05,22.95,23.02,44949
09/02/2014,23.04,23.04,22.82,22.83,69241
09/03/2014,22.86,22.89,22.748,22.89,93855
09/04/2014,22.95,22.95,22.63,22.66,112526
09/05/2014,22.73,22.74,22.53,22.55,69865
09/08/2014,22.55,22.604,22.45,22.45,61216
09/09/2014,22.46,22.52,22.4,22.46,73084
09/10/2014,22.41,22.58,22.39,22.51,70599
09/11/2014,22.55,22.64,22.45,22.59,73597
09/12/2014,22.56,22.57,22.37,22.39,75159
09/15/2014,22.42,22.42,22.29,22.39,72208
09/16/2014,22.33,22.3899,22.29,22.3,66141
09/17/2014,22.31,22.4399,22.31,22.4199,76041
09/18/2014,22.43,22.52,22.41,22.42,98066
09/19/2014,22.45,22.54,22.42,22.5,42419
09/22/2014,22.51,22.53,22.344,22.42,91067
09/23/2014,22.38,22.436,22.32,22.35,60836
09/24/2014,22.33,22.51,22.33,22.47,114833
09/25/2014,22.47,22.52,22.35,22.52,69918
09/26/2014,22.43,22.54,22.4,22.54,63181
09/29/2014,22.45,22.65,22.42,22.6,117830
09/30/2014,22.61,22.81,22.595,22.69,144739
10/01/2014,22.79,22.79,22.64,22.69,57953
10/02/2014,22.69,22.71,22.61,22.63,29741
10/03/2014,22.67,22.69,22.55,22.6,52517
10/06/2014,22.61,22.69,22.57,22.585,64534
10/07/2014,22.61,22.61,22.52,22.523,62514
10/08/2014,22.58,22.68,22.57,22.68,61643
10/09/2014,22.7,22.75,22.55,22.66,51746
10/10/2014,22.73,22.73,22.55,22.68,50211
10/13/2014,22.61,22.68,22.58,22.66,38891
10/14/2014,22.64,22.8,22.55,22.56,63394
10/15/2014,22.51,22.7,22.5,22.67,37592
10/16/2014,22.56,22.8891,22.5301,22.84,42164
10/17/2014,22.77,22.94,22.77,22.91,41194
10/20/2014,22.91,23.11,22.91,23.0142,59799
10/21/2014,23.02,23.05,22.97,23.01,70001
10/22/2014,23.01,23.05,22.91,22.96,113490
10/23/2014,23,23.0799,22.96,23.0364,47796
10/24/2014,23.01,23.14,23.01,23.14,48839
10/27/2014,23.15,23.15,22.91,23.13,52341
10/28/2014,23.15,23.18,23.13,23.16,42323
10/29/2014,23.18,23.18,23.141,23.15,21140
10/30/2014,23.17,23.27,23.15,23.17,66273
10/31/2014,23.32,23.33,23.19,23.23,63188
11/03/2014,23.2,23.27,23.2,23.25,65361
11/04/2014,23.22,23.25,23.21,23.25,98247
11/05/2014,23.28,23.28,23.2301,23.28,45874
11/06/2014,23.27,23.34,23.25,23.28,56761
11/07/2014,23.31,23.39,23.25,23.34,79790
11/10/2014,23.33,23.41,23.28,23.29,68007
11/11/2014,23.34,23.4199,23.3,23.39,56684
11/12/2014,23.44,23.52,23.39,23.52,108777
11/13/2014,23.52,23.63,23.48,23.62,97451
11/14/2014,23.63,23.66,23.6172,23.64,55669
11/17/2014,23.67,23.72,23.633,23.65,87995
11/18/2014,23.76,23.76,23.66,23.67,103638
11/19/2014,23.69,23.73,23.65,23.68,101222
11/20/2014,23.67,23.73,23.65,23.69,106712
11/21/2014,23.7,23.72,23.65,23.65,85594
11/24/2014,23.72,23.75,23.65,23.7146,74851
11/25/2014,23.45,23.48,23.37,23.4053,82718
11/26/2014,23.34,23.43,23.34,23.36,168746
11/28/2014,23.35,23.479,23.35,23.44,13431
12/01/2014,23.45,23.86,23.38,23.43,187974
12/02/2014,23.36,23.5,23.2,23.2,206314
12/03/2014,23.26,23.33,23.12,23.21,137904
12/04/2014,23.27,23.27,23,23,117787
12/05/2014,22.95,23.12,22.93,23.09,48973
12/08/2014,23,23.176,23,23.13,86295
12/09/2014,23.1,23.13,23.02,23.02,89459
12/10/2014,23.04,23.04,22.9,22.99,50473
12/11/2014,22.94,23.07,22.94,22.98,68674
12/12/2014,23,23,22.84,22.87,49864
12/15/2014,22.96,22.97,22.67,22.6701,98348
12/16/2014,22.68,22.74,22.6,22.62,80449
12/17/2014,22.62,22.72,22.62,22.72,48843
12/18/2014,22.8,22.9,22.7,22.87,58805
12/19/2014,22.88,23.02,22.842,22.99,56475
12/22/2014,22.92,23.01,22.87,23.01,65326
12/23/2014,23.03,23.09,22.95,22.99,67580
12/24/2014,23,23,22.85,22.87,25102
12/26/2014,22.9,22.9681,22.9,22.92,19174
12/29/2014,22.95,23.02,22.9,22.99,66129
12/30/2014,23.02,23.1399,22.96,23.09,81987
12/31/2014,23.08,23.21,23.08,23.1689,62595
01/02/2015,23.13,23.31,23.12,23.27,88798
01/05/2015,23.25,23.2893,23.18,23.2668,55618
01/06/2015,23.23,23.34,23.23,23.31,59895
01/07/2015,23.35,23.43,23.3,23.34,59214
01/08/2015,23.37,23.44,23.36,23.41,64987
01/09/2015,23.43,23.56,23.39,23.5045,51397
01/12/2015,23.54,23.68,23.49,23.65,49399
01/13/2015,23.72,23.79,23.69,23.77,57431
01/14/2015,23.77,23.872,23.72,23.79,74829
01/15/2015,23.81,23.81,23.59,23.73,177833
01/16/2015,23.78,23.85,23.7,23.85,84082
01/20/2015,23.9,23.94,23.78,23.94,151703
01/21/2015,23.93,24.08,23.845,24.06,126137
01/22/2015,24.02,24.28,24.02,24.21,87693
01/23/2015,24.24,24.32,24.2,24.3,114317
01/26/2015,24.3,24.41,24.3,24.37,90818
01/27/2015,24.388,24.433,24.36,24.36,137103
01/28/2015,24.36,24.41,24.29,24.39,104914
01/29/2015,24.42,24.45,24.3701,24.39,120333
01/30/2015,24.36,24.54,24.36,24.49,389198
02/02/2015,24.41,24.48,24.35,24.44,98814
02/03/2015,24.47,24.52,24.4,24.47,87793
02/04/2015,24.46,24.54,24.35,24.41,72883
02/05/2015,24.42,24.42,24.26,24.42,148507
02/06/2015,24.32,24.4,24.25,24.29,76813
02/09/2015,24.28,24.38,24.23,24.35,43170
02/10/2015,24.32,24.43,24.32,24.33,52265
02/11/2015,24.35,24.52,24.3301,24.52,68141
02/12/2015,24.5,24.59,24.48,24.58,53503
02/13/2015,24.6,24.63,24.5,24.52,41038
02/17/2015,24.42,24.5,24.36,24.36,125824
02/18/2015,24.3,24.3,24.01,24.12,118645
02/19/2015,24.03,24.3,23.81,24.15,112665
02/20/2015,24.2,24.29,24,24.1699,110859
02/23/2015,24.2435,24.3,24.18,24.23,90364
02/24/2015,24.27,24.32,24.24,24.2501,138432
02/25/2015,23.95,24.1,23.95,24.07,131012
02/26/2015,24.05,24.11,24,24.077,87256
02/27/2015,24.06,24.2,24.0545,24.1899,51608
03/02/2015,24.18,24.2,24.05,24.0853,60626
03/03/2015,24.13,24.2,24.071,24.12,83819
03/04/2015,24.18,24.31,24.14,24.2641,44104
03/05/2015,24.34,24.34,24.24,24.3,102705
03/06/2015,24.17,24.17,23.9,23.95,85194
03/09/2015,23.96,23.99,23.77,23.8,96048
03/10/2015,23.84,23.89,23.77,23.88,75354
03/11/2015,23.83,23.98,23.83,23.98,54761
03/12/2015,23.99,24.06,23.93,24.04,59902
03/13/2015,23.98,24.04,23.94,24.02,27685
03/16/2015,24.19,24.22,24.08,24.1,59992
03/17/2015,24.09,24.14,24.06,24.14,77753
03/18/2015,24.06,24.21,24.06,24.21,43421
03/19/2015,24.23,24.27,24.16,24.21,72503
03/20/2015,24.2,24.61,24.1901,24.55,157075
03/23/2015,24.56,24.59,24.45,24.5,74478
03/24/2015,24.53,24.53,24.4365,24.5,50385
03/25/2015,24.53,24.56,24.42,24.42,62913
03/26/2015,24.42,24.58,24.36,24.48,62796
03/27/2015,24.49,24.64,24.471,24.48,128415
03/30/2015,24.56,24.57,24.45,24.45,75090
03/31/2015,24.47,24.6,24.47,24.59,55145
04/01/2015,24.6,24.6,24.53,24.59,48669
04/02/2015,24.6,24.76,24.565,24.62,99589
04/06/2015,24.55,24.74,24.55,24.6,99591
04/07/2015,24.65,24.7,24.611,24.6963,117736
04/08/2015,24.69,24.77,24.68,24.7,106917
04/09/2015,24.69,24.7399,24.664,24.67,134874
04/10/2015,24.68,24.75,24.68,24.69,41686
04/13/2015,24.72,24.75,24.67,24.68,58092
04/14/2015,24.67,24.77,24.67,24.77,61606
04/15/2015,24.75,24.865,24.75,24.83,129811
04/16/2015,24.8247,24.85,24.75,24.8,70349
04/17/2015,24.75,24.79,24.54,24.64,196428
04/20/2015,24.64,24.67,24.6,24.65,69567
04/21/2015,24.7,24.79,24.65,24.67,85829
04/22/2015,24.7,24.77,24.6797,24.68,84335
04/23/2015,24.73,24.8,24.68,24.7,72066
04/24/2015,24.72,24.76,24.71,24.73,45158
04/27/2015,24.73,24.79,24.67,24.67,73254
04/28/2015,24.73,24.81,24.69,24.7186,48984
04/29/2015,24.68,24.74,24.57,24.6,105915
04/30/2015,24.63,24.63,24.42,24.44,94730
05/01/2015,24.55,24.57,24.33,24.33,92422
05/04/2015,24.44,24.47,24.36,24.36,106059
05/05/2015,24.33,24.47,24.21,24.25,119659
05/06/2015,24.22,24.268,23.7,23.75,133751
05/07/2015,23.8,23.96,23.7,23.8,94227
05/08/2015,24.03,24.2099,24,24.1,119893
05/11/2015,24.16,24.16,23.72,23.74,134909
05/12/2015,23.68,23.872,23.561,23.78,144991
05/13/2015,24,24.06,23.84,23.88,169426
05/14/2015,24.02,24.2,24.01,24.05,177100
05/15/2015,24.09,24.21,24.05,24.18,110853
05/18/2015,24.25,24.25,24.08,24.2,52003
05/19/2015,24.17,24.27,24.1,24.1949,78686
05/20/2015,24.27,24.36,24.19,24.25,164613
05/21/2015,24.31,24.3612,24.26,24.36,164320
05/22/2015,24.39,24.39,24.33,24.33,75859
05/26/2015,24.37,24.43,24.37,24.43,65109
05/27/2015,24.2,24.31,24.119,24.27,129357
05/28/2015,24.31,24.31,24.12,24.18,123096
05/29/2015,24.2,24.285,24.04,24.04,96446
06/01/2015,24.15,24.16,24.07,24.07,74686
06/02/2015,23.99,23.99,23.88,23.94,102910
06/03/2015,23.85,23.93,23.75,23.81,93740
06/04/2015,23.76,23.8127,23.68,23.76,200107
06/05/2015,23.65,23.8,23.62,23.7,82519
06/08/2015,23.67,23.7299,23.67,23.695,53532
06/09/2015,23.69,23.69,23.46,23.49,106759
06/10/2015,23.42,23.54,23.4,23.4401,78858
06/11/2015,23.5102,23.54,23.47,23.48,57341
06/12/2015,23.44,23.5278,23.44,23.45,42513
06/15/2015,23.54,23.54,23.4605,23.49,68457
06/16/2015,23.53,23.55,23.45,23.55,101607
06/17/2015,23.54,23.57,23.51,23.57,59848
06/18/2015,23.54,23.65,23.48,23.48,117139
06/19/2015,23.53,23.57,23.48,23.495,31508
06/22/2015,23.59,23.65,23.5275,23.6,53813
06/23/2015,23.6,23.6,23.52,23.52,58637
06/24/2015,23.51,23.61,23.48,23.48,49751
06/25/2015,23.55,23.55,23.25,23.31,71026
06/26/2015,23.33,23.33,23.15,23.1801,86956
06/29/2015,23.12,23.1799,23.05,23.1,42391
06/30/2015,23.16,23.3,23.12,23.17,66572
07/01/2015,23.23,23.34,23.23,23.2772,48026
07/02/2015,23.35,23.38,23.3245,23.34,51227
07/06/2015,23.21,23.35,23.21,23.25,76146
07/07/2015,23.26,23.51,23.26,23.51,56188
07/08/2015,23.5,23.58,23.36,23.47,40635
07/09/2015,23.48,23.59,23.48,23.5,60436
07/10/2015,23.53,23.56,23.45,23.48,111495
07/13/2015,23.48,23.54,23.45,23.4701,75230
07/14/2015,23.48,23.59,23.4601,23.57,209061
07/15/2015,23.6,23.78,23.54,23.72,41495
07/16/2015,23.73,23.9,23.73,23.9,156447
07/17/2015,23.96,23.99,23.9,23.99,71932
07/20/2015,24,24.18,23.99,24.05,63147
07/21/2015,24.08,24.1099,23.99,24.0066,61960
07/22/2015,23.99,23.99,23.89,23.93,40362
07/23/2015,23.93,23.93,23.8308,23.91,49489
07/24/2015,23.9,23.99,23.87,23.98,37156
07/27/2015,23.87,23.95,23.85,23.91,93533
07/28/2015,23.92,24.05,23.9,24.02,48332
07/29/2015,24.05,24.08,23.94,24.04,51675
07/30/2015,24.05,24.4,24.04,24.3801,202604
07/31/2015,24.45,24.5,24.4,24.43,49714
08/03/2015,24.46,24.46,24.37,24.45,35620
08/04/2015,24.41,24.46,24.32,24.36,68292
08/05/2015,24.34,24.43,24.3399,24.35,56771
08/06/2015,24.35,24.49,24.31,24.43,53687
08/07/2015,24.4,24.53,24.4,24.53,48411
08/10/2015,24.5499,24.63,24.5201,24.57,59211
08/11/2015,24.6,24.63,24.53,24.6,58559
08/12/2015,24.53,24.61,24.5005,24.61,54512
08/13/2015,24.63,24.63,24.52,24.62,62622
08/14/2015,24.59,24.62,24.589,24.611,28918
08/17/2015,24.64,24.65,24.55,24.65,60205
08/18/2015,24.65,24.65,24.5701,24.6,48317
08/19/2015,24.63,24.63,24.52,24.61,42124
08/20/2015,24.58,24.6299,24.56,24.57,19160
08/21/2015,24.54,24.59,24.46,24.51,34760
08/24/2015,24.24,24.34,24.04,24.17,85731
08/25/2015,24.26,24.49,24.26,24.398,57765
08/26/2015,24.45,24.49,24.22,24.45,57102
08/27/2015,24.26,24.42,24.05,24.31,126403
08/28/2015,24.31,24.4,24.14,24.17,62416
08/31/2015,24.24,24.4,24.1,24.2,114591
09/01/2015,24,24.13,23.95,23.95,129068
09/02/2015,24.05,24.05,23.962,24.03,30733
09/03/2015,24.06,24.14,24.0326,24.14,31456
09/04/2015,24.07,24.14,24.0525,24.1399,34806
09/08/2015,24.09,24.1,23.8865,23.9159,221297
09/09/2015,23.9,23.92,23.8201,23.83,54170
09/10/2015,23.91,23.93,23.84,23.9,60331
09/11/2015,23.92,23.92,23.85,23.9099,25521
09/14/2015,23.88,23.88,23.77,23.8,87439
09/15/2015,23.89,23.89,23.7,23.7,75450
09/16/2015,23.71,23.7991,23.67,23.74,59389
09/17/2015,23.7,23.8852,23.7,23.79,65352
09/18/2015,23.77,23.89,23.77,23.86,72827
09/21/2015,23.91,23.99,23.91,23.9599,49933
09/22/2015,23.92,23.99,23.89,23.9501,80995
09/23/2015,23.96,24.16,23.96,24.16,51960
09/24/2015,24.06,24.23,24.06,24.2,48537
09/25/2015,24.18,24.3299,24.18,24.286,70969
09/28/2015,24.18,24.22,24.04,24.2099,33338
09/29/2015,24.14,24.23,24.07,24.23,72115
09/30/2015,24.23,24.3,24.21,24.24,73649
10/01/2015,24.2404,24.2404,24.0932,24.1,38802
10/02/2015,24.01,24.19,24.01,24.1399,44868
10/05/2015,24.17,24.4,24.17,24.33,64772
10/06/2015,24.29,24.44,24.29,24.4299,57793
10/07/2015,24.35,24.46,24.35,24.46,56664
10/08/2015,24.45,24.51,24.4,24.4799,75042
10/09/2015,24.46,24.55,24.42,24.5,40515
10/12/2015,24.5,24.76,24.49,24.7,89915
10/13/2015,24.7,24.82,24.64,24.81,70293
10/14/2015,24.78,24.91,24.76,24.86,81677
10/15/2015,24.83,24.95,24.83,24.9,75237
10/16/2015,24.86,24.906,24.82,24.8762,64565
10/19/2015,24.91,24.95,24.85,24.88,62706
10/20/2015,24.89,24.95,24.85,24.95,59582
10/21/2015,24.91,24.95,24.87,24.93,59432
10/22/2015,24.95,25,24.95,25,70308
10/23/2015,24.99,25.01,24.92,24.9399,61305
10/26/2015,24.95,24.97,24.85,24.95,34909
10/27/2015,24.86,24.91,24.85,24.9,24250
10/28/2015,24.95,25,24.9101,24.9801,57635
10/29/2015,24.94,25,24.89,24.96,77388
10/30/2015,24.95,25.08,24.95,25.06,96490
11/02/2015,25.04,25.16,25.03,25.1,56307
11/03/2015,25.12,25.21,25.08,25.18,73736
11/04/2015,25.18,25.25,25.13,25.2,41597
11/05/2015,25.21,25.28,25.2,25.28,55000
11/06/2015,25.2,25.2,25,25.02,206799
11/09/2015,24.97,24.999,24.84,24.94,91805
11/10/2015,24.88,25,24.88,24.94,70183
11/11/2015,25.03,25.03,24.87,24.96,113568
11/12/2015,24.93,25.02,24.87,25.011,45012
11/13/2015,25,25.08,25,25.0799,55989
11/16/2015,25.05,25.055,24.95,25,64244
11/17/2015,24.95,24.9899,24.9205,24.96,49631
11/18/2015,24.99,25,24.94,24.97,64052
11/19/2015,24.99,25.09,24.94,25.06,58723
11/20/2015,25.01,25.18,25.01,25.18,119882
11/23/2015,25.15,25.23,25.09,25.2284,67948
11/24/2015,25.23,25.2699,25.2,25.26,88295
11/25/2015,24.96,25.0308,24.74,24.9799,59405
11/27/2015,24.95,25.08,24.948,25.0698,31526
11/30/2015,25.06,25.09,24.99,25.06,56104
12/01/2015,25.07,25.86,25.07,25.17,84111
12/02/2015,25.1,25.1204,24.999,25.03,68793
12/03/2015,24.98,25.05,24.86,25.05,88483
12/04/2015,25.03,25.11,24.98,25.06,53303
12/07/2015,25.03,25.05,24.9569,25,33095
12/08/2015,25,25.05,24.96,25.0499,34706
12/09/2015,25.01,25.1,25.01,25.04,23231
12/10/2015,24.99,25.0274,24.93,24.98,47465
12/11/2015,24.98,24.98,24.83,24.85,43666
12/14/2015,24.81,24.8387,24.2,24.3,122939
12/15/2015,24.61,24.67,24.32,24.52,107166
12/16/2015,24.54,24.73,24.5302,24.73,42232
12/17/2015,24.75,25.03,24.75,24.93,48931
12/18/2015,24.95,25.0199,24.9304,24.9576,36606
12/21/2015,24.98,25.13,24.98,25.07,46592
12/22/2015,25.1,25.12,25,25.0599,50443
12/23/2015,25,25.1,25,25.09,32422
12/24/2015,25.05,25.11,25.05,25.1,8307
12/28/2015,25.09,25.32,25.08,25.32,70574
12/29/2015,25.24,25.48,25.22,25.31,71279
12/30/2015,25.36,25.45,25.24,25.39,74236
12/31/2015,25.37,25.5,25.3101,25.5,23460
01/04/2016,25.18,25.49,25.16,25.49,159128
01/05/2016,25.42,25.82,25.42,25.78,155265
01/06/2016,25.52,25.6863,25.451,25.63,63589
01/07/2016,25.37,25.58,25.37,25.41,70662
01/08/2016,25.54,25.56,25.44,25.52,56080
01/11/2016,25.51,25.55,25.35,25.45,65735
01/12/2016,25.41,25.53,25.403,25.5,92481
01/13/2016,25.52,25.52,25.33,25.38,48161
01/14/2016,25.42,25.5,25.28,25.48,34730
01/15/2016,25.31,25.4,25.23,25.3,152334
01/19/2016,25.2,25.21,24.9601,25.11,211403
01/20/2016,25,25.07,24.56,24.8,87364
01/21/2016,24.9,24.98,24.73,24.78,116729
01/22/2016,24.8,25.12,24.8,25.1,93238
01/25/2016,25.08,25.08,24.92,24.96,41055
01/26/2016,25.03,25.04,24.84,25.03,62967
01/27/2016,25.04,25.14,24.96,25.09,106710
01/28/2016,25.15,25.38,25.1083,25.38,48754
01/29/2016,25.35,25.45,25.321,25.4243,50982
02/01/2016,25.41,25.45,25.267,25.35,54320
02/02/2016,25.34,25.39,25.3,25.335,52553
02/03/2016,25.35,25.4,25.2227,25.35,41410
02/04/2016,25.33,25.38,25.26,25.35,31651
02/05/2016,25.33,25.34,25.19,25.28,58516
02/08/2016,25.13,25.15,24.9,25.0674,55409
02/09/2016,24.8,25.1,24.6601,25.03,113328
02/10/2016,25.19,25.19,24.93,25.14,36045
02/11/2016,24.91,25.038,24.0401,24.23,138141
02/12/2016,24.74,24.74,24.23,24.28,91366
02/16/2016,24.47,24.97,24.46,24.91,117206
02/17/2016,25,25.17,24.94,24.98,40041
02/18/2016,24.96,25.24,24.9301,25.18,76880
02/19/2016,25.11,25.35,25,25.35,37242
02/22/2016,25.3,25.385,25.17,25.22,58886
02/23/2016,25.24,25.32,25.15,25.24,28022
02/24/2016,25.15,25.27,25.042,25.27,70706
02/25/2016,25,25.16,24.95,25.15,57515
02/26/2016,25.13,25.14,25.02,25.12,32058
02/29/2016,25.07,25.1,24.92,24.92,75060
03/01/2016,24.96,25.31,24.96,25.24,73097
03/02/2016,25.22,25.28,25.04,25.08,50311
03/03/2016,25.14,25.14,25.04,25.14,30177
03/04/2016,25.08,25.1699,25.07,25.1,25868
03/07/2016,25.05,25.166,25.03,25.13,116669
03/08/2016,25.1,25.1,25.05,25.07,19326
03/09/2016,25.09,25.2499,25.09,25.22,31366
03/10/2016,25.25,25.25,25.18,25.2119,26984
03/11/2016,25.24,25.32,25.186,25.231,38662
03/14/2016,25.25,25.32,25.215,25.28,30295
03/15/2016,25.28,25.32,25.17,25.17,48030
03/16/2016,25.23,25.33,25.1769,25.31,26298
03/17/2016,25.28,25.37,25.23,25.37,37045
03/18/2016,25.35,25.39,25.32,25.35,31110
03/21/2016,25.38,25.42,25.346,25.42,11800
03/22/2016,25.39,25.4301,25.3865,25.43,24455
03/23/2016,25.42,25.49,25.41,25.49,28655
03/24/2016,25.42,25.48,25.4,25.45,19671
03/28/2016,25.49,25.53,25.43,25.499,59170
03/29/2016,25.56,25.58,25.48,25.54,57776
03/30/2016,25.5,25.5899,25.48,25.57,38646
03/31/2016,25.59,25.65,25.55,25.65,33153
04/01/2016,25.54,25.64,25.4,25.4,34999
04/04/2016,25.49,25.49,25.21,25.26,95488
04/05/2016,25.24,25.4,25.15,25.39,41355
04/06/2016,25.31,25.46,25.31,25.37,27799
04/07/2016,25.409,25.409,25.248,25.3401,34337
04/08/2016,25.33,25.3957,25.33,25.37,14557
04/11/2016,25.35,25.52,25.35,25.511,36652
04/12/2016,25.42,25.63,25.42,25.611,27798
04/13/2016,25.62,25.71,25.5938,25.6799,89758
04/14/2016,25.71,25.71,25.62,25.6673,29889
04/15/2016,25.64,25.7,25.5701,25.65,76398
04/18/2016,25.7,25.72,25.61,25.69,130076
04/19/2016,25.64,25.7,25.64,25.679,97267
04/20/2016,25.71,25.72,25.6565,25.69,27478
04/21/2016,25.67,25.735,25.6499,25.67,24017
04/22/2016,25.68,25.75,25.66,25.68,29717
04/25/2016,25.71,25.73,25.53,25.55,33423
04/26/2016,25.55,25.63,25.55,25.5899,34964
04/27/2016,25.57,25.68,25.57,25.6199,77296
04/28/2016,25.62,25.75,25.6,25.6565,33144
04/29/2016,25.68,25.78,25.6,25.78,40105
05/02/2016,25.78,25.8299,25.72,25.79,34954
05/03/2016,25.77,25.84,25.73,25.8399,27354
05/04/2016,25.76,25.88,25.75,25.8599,31224
05/05/2016,25.83,25.85,25.77,25.78,24325
05/06/2016,25.83,25.882,25.79,25.882,14775
05/09/2016,25.88,25.93,25.87,25.88,35670
05/10/2016,25.87,25.95,25.87,25.92,24142
05/11/2016,25.89,25.97,25.8801,25.96,42964
05/12/2016,25.96,25.97,25.89,25.9299,15981
05/13/2016,25.92,25.9699,25.91,25.95,25592
05/16/2016,25.91,26.08,25.91,26.04,36315
05/17/2016,26.01,26.05,25.965,26.01,32428
05/18/2016,25.98,26.0264,25.88,25.92,40275
05/19/2016,25.85,25.8999,25.8001,25.8499,15398
05/20/2016,25.87,25.9299,25.82,25.9299,16353
05/23/2016,25.82,25.98,25.82,25.96,16096
05/24/2016,25.97,26.05,25.9,25.9,35403
05/25/2016,25.96,25.98,25.86,25.93,36801
05/26/2016,25.55,25.67,25.55,25.67,34596
05/27/2016,25.6,25.6298,25.56,25.592,11616
05/31/2016,25.58,25.66,25.56,25.62,35542
06/01/2016,25.61,25.68,25.6,25.67,35305
06/02/2016,25.66,25.71,25.61,25.71,19140
06/03/2016,25.69,25.97,25.69,25.9,51220
06/06/2016,25.98,25.98,25.86,25.94,32861
06/07/2016,25.92,25.9462,25.83,25.85,34997
06/08/2016,25.59,25.66,25.51,25.62,145166
06/09/2016,25.59,25.59,25.35,25.55,127010
06/10/2016,25.5,25.52,25.45,25.46,28706
06/13/2016,25.46,25.5799,25.45,25.49,75658
06/14/2016,25.52,25.52,25.3801,25.4375,30742
06/15/2016,25.6,25.68,25.51,25.58,63186
06/16/2016,25.46,25.52,25.3903,25.4999,36789
06/17/2016,25.455,25.65,25.455,25.6,21368
06/20/2016,25.63,25.76,25.63,25.76,58994
06/21/2016,25.7299,25.8,25.6706,25.8,79961
06/22/2016,25.7201,25.82,25.72,25.82,81979
06/23/2016,25.76,25.938,25.76,25.89,23090
06/24/2016,25.34,25.9,25.34,25.84,35138
06/27/2016,25.62,25.84,25.6101,25.84,36192
06/28/2016,25.84,26.0299,25.7938,25.97,36363
06/29/2016,26.12,26.12,26,26,31720
06/30/2016,25.91,26.08,25.89,25.99,72899
07/01/2016,25.97,26.06,25.89,25.91,36386
07/05/2016,25.9,25.94,25.83,25.9299,63406
07/06/2016,25.864,25.92,25.82,25.849,42998
07/07/2016,25.8531,25.98,25.84,25.98,47365
07/08/2016,25.99,26.18,25.98,26.1101,51543
07/11/2016,26.1465,26.15,26.02,26.13,57264
07/12/2016,26.12,26.12,26.05,26.05,27876
07/13/2016,26.04,26.1,25.97,26.0401,32108
07/14/2016,26.0575,26.1,26.01,26.04,32101
07/15/2016,26.01,26.19,26.0092,26.19,60733
07/18/2016,26.09,26.22,26.09,26.16,32598
07/19/2016,26.13,26.26,26.11,26.13,39169
07/20/2016,26.15,26.19,26.07,26.11,26504
07/21/2016,26.11,26.25,26.11,26.12,34499
07/22/2016,26.12,26.2399,26.12,26.2225,16880
07/25/2016,26.15,26.28,26.15,26.28,17580
07/26/2016,26.2492,26.25,26.15,26.2,44231
07/27/2016,26.18,26.24,26.13,26.24,37491
07/28/2016,26.17,26.33,26.17,26.27,26447
07/29/2016,26.2683,26.49,26.26,26.4504,25220
08/01/2016,26.3,26.46,26.3,26.44,20225
08/02/2016,26.38,26.43,26.28,26.37,24499
08/03/2016,26.42,26.42,26.2999,26.3,20978
08/04/2016,26.32,26.4,26.24,26.32,36156
08/05/2016,26.28,26.34,26.21,26.24,73679
08/08/2016,26.23,26.33,26.22,26.2825,44062
08/09/2016,26.3279,26.3895,26.29,26.31,111641
08/10/2016,26.33,26.37,26.253,26.34,47781
08/11/2016,26.37,26.4122,26.31,26.4,213729
08/12/2016,26.4,26.4,26.3009,26.36,36719
08/15/2016,26.34,26.39,26.28,26.3499,48068
08/16/2016,26.32,26.39,26.22,26.3228,66776
08/17/2016,26.33,26.35,26.23,26.29,50252
08/18/2016,26.33,26.38,26.31,26.3399,33080
08/19/2016,26.29,26.34,26.21,26.29,40842
08/22/2016,26.29,26.36,26.24,26.36,19792
08/23/2016,26.32,26.43,26.3,26.42,151964
08/24/2016,26.37,26.43,26.35,26.43,26261
08/25/2016,26.4,26.469,26.37,26.4301,27625
08/26/2016,26.41,26.48,26.37,26.43,51562
08/29/2016,26.11,26.17,26.08,26.08,28128
08/30/2016,26.12,26.14,26.0342,26.0859,41180
08/31/2016,26.06,26.1,26.04,26.08,52366
09/01/2016,26.08,26.098,26.05,26.0899,13227
09/02/2016,26.05,26.19,26.05,26.19,9959
09/06/2016,26.2,26.24,26.0707,26.23,72695
09/07/2016,26.16,26.2199,26.01,26.0299,36874
09/08/2016,26.0101,26.1,26,26.02,40145
09/09/2016,25.99,26.04,25.16,25.32,193772
09/12/2016,25.46,25.46,25.13,25.2501,97040
09/13/2016,25.35,25.35,25.102,25.22,61551
09/14/2016,25.23,25.36,25.1201,25.21,59170
09/15/2016,25.3,25.43,25.24,25.38,76789
09/16/2016,25.33,25.369,25.18,25.31,77268
09/19/2016,25.313,25.42,25.29,25.41,55132
09/20/2016,25.42,25.51,25.35,25.45,70456
09/21/2016,25.47,25.5228,25.35,25.48,290813
09/22/2016,25.55,25.72,25.55,25.63,52371
09/23/2016,25.6,25.63,25.52,25.6,23686
09/26/2016,25.53,25.5999,25.46,25.46,34174
09/27/2016,25.46,25.5393,25.41,25.47,56445
09/28/2016,25.5,25.513,25.36,25.3999,45626
09/29/2016,25.35,25.4,25.08,25.1632,106197
09/30/2016,25.13,25.25,25.02,25.25,130716
10/03/2016,25.19,25.2697,25.14,25.15,88986
10/04/2016,25.14,25.14,24.98,25.02,141859
10/05/2016,25.05,25.2,25.04,25.14,71064
10/06/2016,25.1,25.23,25.08,25.23,52006
10/07/2016,25.26,25.26,25.12,25.24,31426
10/10/2016,25.21,25.21,25.12,25.15,38853
10/11/2016,25.16,25.18,25.05,25.11,52653
10/12/2016,25.11,25.1178,25.03,25.0401,52581
10/13/2016,25.01,25.22,24.99,25.2,63620
10/14/2016,25.2,25.31,25.171,25.2599,37097
10/17/2016,25.3,25.32,25.178,25.22,53100
10/18/2016,25.28,25.48,25.21,25.4,78225
10/19/2016,25.467,25.59,25.41,25.45,19030
10/20/2016,25.45,25.5,25.3403,25.37,38959
10/21/2016,25.33,25.59,25.33,25.59,61494
10/24/2016,25.59,25.74,25.5306,25.57,34787
10/25/2016,25.5896,25.63,25.51,25.6,41181
10/26/2016,25.5,25.61,25.5,25.55,18594
10/27/2016,25.5,25.5099,25.3101,25.5099,12252
10/28/2016,25.49,25.5,25.32,25.33,20671
10/31/2016,25.361,25.38,25.29,25.31,14476
11/01/2016,25.29,25.318,25.0941,25.17,25583
11/02/2016,25.22,25.2885,25.06,25.0902,39053
11/03/2016,25.1153,25.12,25,25,54998
11/04/2016,25.05,25.1095,25.01,25.03,25260
11/07/2016,25.13,25.28,25,25.03,44719
11/08/2016,25.02,25.11,25,25,50053
11/09/2016,24.97,25.04,24.82,24.92,115221
11/10/2016,24.89,24.89,24,24.31,124465
11/11/2016,24.3,24.4,23.91,24.2,152056
11/14/2016,24.06,24.14,23.12,23.2,233971
11/15/2016,23.32,23.85,23.32,23.85,179059
11/16/2016,23.77,24.35,23.77,24.19,130992
11/17/2016,24.25,24.25,24.04,24.04,50392
11/18/2016,24.12,24.1599,23.7,23.71,79246
11/21/2016,23.87,24.13,23.76,23.8,90198
11/22/2016,24.06,24.0799,23.93,24,39593
11/23/2016,23.86,24.01,23.79,23.96,53147
11/25/2016,23.93,24.09,23.93,24.09,11658
11/28/2016,23.78,23.8935,23.75,23.82,47247
11/29/2016,23.81,23.86,23.7504,23.82,49196
11/30/2016,23.69,23.7,23.5,23.57,73237
12/01/2016,23.46,23.46,23.12,23.2,112544
12/02/2016,23.29,23.41,23.1316,23.14,88651
12/05/2016,23.2,23.26,23.1,23.1,84697
12/06/2016,23.15,23.24,23.125,23.144,58525
12/07/2016,23.16,23.3399,23.16,23.245,63710
12/08/2016,23.18,23.299,23.15,23.19,93810
12/09/2016,23.25,23.37,23.19,23.3,214728
12/12/2016,23.26,23.26,22.92,23,112210
12/13/2016,23,23.07,22.9,22.96,107654
12/14/2016,22.96,23.02,22.79,22.79,92875
12/15/2016,22.81,22.96,22.61,22.8465,124163
12/16/2016,22.98,23.06,22.81,22.95,74683
12/19/2016,22.98,23.1,22.931,23.0907,88248
12/20/2016,23.15,23.26,23.02,23.2,95175
12/21/2016,23.24,23.62,23.1717,23.5899,38229
12/22/2016,23.6,23.68,23.52,23.62,58277
12/23/2016,23.57,23.6544,23.44,23.555,41898
12/27/2016,23.52,23.52,23.33,23.4,89340
12/28/2016,23.45,23.45,23.25,23.3,54282
12/29/2016,23.24,23.39,23.16,23.2,59608
12/30/2016,23.25,23.26,23.1,23.17,55507
01/03/2017,23.16,23.41,23.12,23.37,50408
01/04/2017,23.39,23.89,23.39,23.89,76714
01/05/2017,23.92,24.2,23.64,23.81,129855
01/06/2017,23.8,23.91,23.63,23.63,70198
01/09/2017,23.66,23.8,23.6,23.71,42916
01/10/2017,23.61,23.83,23.61,23.76,43049
01/11/2017,23.9,23.98,23.76,23.9401,44002
01/12/2017,24.02,24.04,23.94,23.97,40605
01/13/2017,24.08,24.08,23.91,23.94,24587
01/17/2017,23.97,24,23.926,23.99,54055
01/18/2017,23.96,24,23.91,23.99,49489
01/19/2017,23.97,23.99,23.57,23.99,115732
01/20/2017,23.83,24,23.75,23.76,124886
01/23/2017,23.75,23.89,23.72,23.86,65967
01/24/2017,23.92,23.98,23.83,23.86,36089
01/25/2017,23.84,23.9,23.39,23.45,124529
01/26/2017,23.55,23.8,23.55,23.7292,61080
01/27/2017,23.71,23.72,23.6,23.68,92642
01/30/2017,23.707,23.89,23.62,23.82,45536
01/31/2017,23.78,24,23.78,23.95,64799
02/01/2017,23.955,24,23.86,23.98,58719
02/02/2017,23.94,24,23.906,24,39827
02/03/2017,24,24.0999,23.92,23.92,138885
02/06/2017,24.01,24.1,23.98,24,55628
02/07/2017,24.05,24.1,24.01,24.095,34636
02/08/2017,24.1,24.29,24.1,24.16,44257
02/09/2017,24.19,24.26,24.1085,24.165,39186
02/10/2017,24.15,24.35,24.15,24.34,33353
02/13/2017,24.33,24.5,24.2901,24.49,33073
02/14/2017,24.52,24.535,24.36,24.48,51559
02/15/2017,24.44,24.58,24.425,24.47,23817
02/16/2017,24.5,24.58,24.44,24.58,31077
02/17/2017,24.67,24.67,24.43,24.585,51707
02/21/2017,24.6,24.67,24.51,24.6201,39795
02/22/2017,24.635,24.75,24.57,24.69,51315
02/23/2017,24.68,24.77,24.68,24.7699,22357
02/24/2017,24.49,24.57,24.48,24.55,29591
02/27/2017,24.55,24.61,24.52,24.5426,31049
02/28/2017,24.46,24.67,24.46,24.66,50103
03/01/2017,24.55,24.61,24.48,24.58,45879
03/02/2017,24.53,24.5799,24.4,24.43,38141
03/03/2017,24.4,24.419,24.28,24.35,34322
03/06/2017,24.36,24.3799,24.21,24.23,47966
03/07/2017,24.28,24.28,24.16,24.21,26801
03/08/2017,24.03,24.13,23.895,23.95,39356
03/09/2017,23.97,23.97,23.62,23.8,44432
03/10/2017,23.73,23.9,23.7,23.9,41967
03/13/2017,23.84,23.886,23.77,23.7945,44389
03/14/2017,23.8241,23.8283,23.75,23.77,27167
03/15/2017,23.97,24.05,23.87,24.04,66712
03/16/2017,24.01,24.25,24.01,24.25,49181
03/17/2017,24.28,24.54,24.28,24.44,58386
03/20/2017,24.4,24.44,24.32,24.32,36811
03/21/2017,24.38,24.384,24.24,24.34,34363
03/22/2017,24.4,24.4899,24.31,24.47,27839
03/23/2017,24.43,24.5,24.4,24.4,33662
03/24/2017,24.55,24.58,24.43,24.43,26377
03/27/2017,24.46,24.588,24.4237,24.54,15451
03/28/2017,24.56,24.6376,24.51,24.51,44579
03/29/2017,24.53,24.62,24.43,24.494,31549
03/30/2017,24.43,24.49,24.42,24.47,38931
03/31/2017,24.44,24.5664,24.44,24.5,52679
04/03/2017,24.49,24.849,24.49,24.7,70413
04/04/2017,24.69,24.83,24.63,24.78,37731
04/05/2017,24.75,24.88,24.75,24.75,31461
04/06/2017,24.7,24.83,24.69,24.81,51177
04/07/2017,24.78,24.83,24.73,24.76,36327
04/10/2017,24.81,24.84,24.73,24.7786,39498
04/11/2017,24.75,24.76,24.6,24.67,117846
04/12/2017,24.68,24.7,24.62,24.7,55506
04/13/2017,24.735,24.74,24.63,24.73,67627
04/17/2017,24.71,24.71,24.5,24.69,83409
04/18/2017,24.69,24.7,24.57,24.6399,34915
04/19/2017,24.66,24.68,24.6,24.6,41984
04/20/2017,24.67,24.7,24.62,24.7,35642
04/21/2017,24.7,24.77,24.62,24.77,52606
04/24/2017,24.78,24.8,24.7,24.7,51828
04/25/2017,24.68,24.77,24.68,24.75,50474
04/26/2017,24.704,24.704,24.53,24.5747,45124
04/27/2017,24.54,24.74,24.54,24.7,47135
04/28/2017,24.7,24.8,24.58,24.76,117402
05/01/2017,24.76,24.81,24.6958,24.77,35865
05/02/2017,24.8,24.9,24.7164,24.84,85119
05/03/2017,24.85,24.94,24.78,24.93,45554
05/04/2017,24.9001,24.95,24.85,24.91,64173
05/05/2017,24.85,24.9201,24.82,24.92,31974
05/08/2017,24.93,24.97,24.9,24.935,44350
05/09/2017,24.87,24.99,24.87,24.9,63240
05/10/2017,24.91,24.9599,24.91,24.9128,28022
05/11/2017,24.91,25,24.89,24.99,48388
05/12/2017,24.95,25.14,24.9395,25.07,51313
05/15/2017,25.13,25.14,25.042,25.08,36780
05/16/2017,25.05,25.0814,25.03,25.04,11146
05/17/2017,24.99,25.05,24.95,24.95,21024
05/18/2017,24.9878,25.06,24.9878,25.015,35479
05/19/2017,25.04,25.09,25.03,25.05,29279
05/22/2017,25.06,25.15,25.06,25.1299,27362
05/23/2017,25.13,25.19,25.11,25.1399,25158
05/24/2017,25.1115,25.162,25.1,25.162,17925
05/25/2017,25.14,25.19,25.13,25.13,30083
05/26/2017,24.91,24.94,24.83,24.9,28423
05/30/2017,24.9,24.925,24.86,24.86,22939
05/31/2017,24.91,25,24.88,24.92,36870
06/01/2017,24.91,24.95,24.86,24.8999,33663
06/02/2017,24.89,24.99,24.89,24.9599,36359
06/05/2017,24.93,24.99,24.86,24.95,30419
06/06/2017,24.92,25.02,24.92,24.98,33127
06/07/2017,24.98,25.05,24.95,25.01,43398
06/08/2017,24.99,25.04,24.95,24.99,31565
06/09/2017,25,25.0033,24.93,24.95,28787
06/12/2017,24.99,24.99,24.88,24.9394,43628
06/13/2017,24.94,24.98,24.88,24.9,45921
06/14/2017,24.92,24.99,24.9,24.98,36605
06/15/2017,24.99,25.05,24.9611,25.05,33355
06/16/2017,25.05,25.08,25.01,25.06,33622
06/19/2017,25.07,25.09,25.03,25.0599,24939
06/20/2017,25.09,25.1,25.03,25.0607,37530
06/21/2017,25.02,25.08,25.02,25.03,20381
06/22/2017,25.03,25.07,25.02,25.03,30190
06/23/2017,25.03,25.07,25.02,25.07,29826
06/26/2017,25.06,25.13,25.0565,25.07,33462
06/27/2017,25.06,25.137,25.06,25.1001,33393
06/28/2017,25.08,25.12,25.0618,25.12,24156
06/29/2017,25.1,25.1,25,25.07,48064
06/30/2017,25.07,25.09,25.02,25.09,28287
07/03/2017,25.04,25.1,25.04,25.1,15747
07/05/2017,25.1,25.13,25.04,25.1199,30089
07/06/2017,25.08,25.12,25.05,25.05,40185
07/07/2017,25.08,25.15,25.04,25.07,33888
07/10/2017,25.04,25.069,25.01,25.01,41854
07/11/2017,25.02,25.07,25,25.02,33371
07/12/2017,25.02,25.09,25.01,25.07,22150
07/13/2017,25.04,25.05,25,25.03,40802
07/14/2017,25.0499,25.0593,25.01,25.01,28836
07/17/2017,25.04,25.04,25,25.01,31786
07/18/2017,25.03,25.1,25,25.1,33197
07/19/2017,25.03,25.1799,25.03,25.1,33018
07/20/2017,25.1,25.17,25.07,25.07,29947
07/21/2017,25.07,25.14,24.86,24.86,395700
07/24/2017,24.91,24.97,24.88,24.94,115326
07/25/2017,24.95,24.98,24.86,24.92,106909
07/26/2017,24.95,25.01,24.88,24.99,46003
07/27/2017,24.99,25.0107,24.96,24.99,25500
07/28/2017,24.99,25.02,24.57,25.01,22968
07/31/2017,25.03,25.05,24.9769,25.05,57834
08/01/2017,25.05,25.1,25.02,25.1,29462
08/02/2017,25.1,25.12,25.05,25.06,23862
08/03/2017,25.07,25.0999,25.04,25.0899,27271
08/04/2017,25.12,25.18,25.08,25.15,30846
08/07/2017,25.12,25.17,25.1,25.1599,33487
08/08/2017,25.19,25.19,25.14,25.15,26286
08/09/2017,25.15,25.19,25.09,25.19,81468
08/10/2017,25.13,25.17,25,25.11,37970
08/11/2017,25.1,25.15,25.01,25.12,28001
08/14/2017,25.17,25.24,25.14,25.14,39059
08/15/2017,25.17,25.24,25.15,25.16,35243
08/16/2017,25.2,25.2279,25.11,25.12,16776
08/17/2017,25.11,25.14,25.04,25.11,39960
08/18/2017,25.11,25.15,25.05,25.1401,9980
08/21/2017,25.1447,25.17,25.1035,25.15,11268
08/22/2017,25.18,25.2,25.11,25.19,22491
08/23/2017,25.22,25.24,25.18,25.18,23542
08/24/2017,25.24,25.2464,25.175,25.18,16539
08/25/2017,25.2,25.2456,25.2,25.23,15514
08/28/2017,25.21,25.24,25.15,25.18,12773
08/29/2017,24.91,25.03,24.91,25,36611
08/30/2017,24.96,25.12,24.96,25.12,27874
08/31/2017,25.14,25.14,24.94,25.01,74512
09/01/2017,25.03,25.03,24.98,24.99,61649
09/05/2017,25.12,25.12,24.95,25.02,79126
09/06/2017,25.05,25.1,25.01,25.0307,56647
09/07/2017,25.07,25.07,25,25.0299,30540
09/08/2017,25,25.04,25,25.04,26824
09/11/2017,25.04,25.06,25.011,25.03,14189
09/12/2017,25.05,25.0699,25.03,25.03,14286
09/13/2017,25.05,25.05,25.01,25.03,28219
09/14/2017,25.07,25.07,25.03,25.04,11184
09/15/2017,25.1,25.1,25.03,25.05,46121
09/18/2017,25.08,25.11,25.03,25.05,63692
09/19/2017,25.05,25.073,25.03,25.03,31225
09/20/2017,25.05,25.08,25.01,25.03,23862
09/21/2017,25.03,25.04,25,25.02,44682
09/22/2017,25.02,25.03,25,25,35011
09/25/2017,25.05,25.05,25,25,37014
09/26/2017,25.01,25.034,24.98,24.98,96701
09/27/2017,25,25.02,24.94,24.99,118828
09/28/2017,24.99,25.08,24.97,25.08,82536
09/29/2017,25.09,25.1,25.02,25.07,57159
10/02/2017,25.03,25.03,24.97,24.98,47979
10/03/2017,24.95,25.0601,24.95,25,34467
10/04/2017,25.04,25.05,24.99,25.02,52959
10/05/2017,25.04,25.09,25.02,25.05,29482
10/06/2017,25,25.0205,24.9,25,81426
10/09/2017,25,25,24.94,24.99,23432
10/10/2017,24.96,25.05,24.96,25.02,48874
10/11/2017,25.03,25.05,24.98,25.05,45125
10/12/2017,25.05,25.09,25.013,25.07,43686
10/13/2017,25.05,25.13,25.05,25.05,24395
10/16/2017,25.05,25.09,25.01,25.03,25085
10/17/2017,25.0602,25.1,25.01,25.1,32983
10/18/2017,25.06,25.1,25.04,25.09,17003
10/19/2017,25.07,25.1079,25.07,25.1,15444
10/20/2017,25.1,25.25,25.07,25.25,70877
10/23/2017,25.19,25.24,25.11,25.15,47097
10/24/2017,25.12,25.12,25.05,25.06,52907
10/25/2017,25.01,25.07,25,25.04,22526
10/26/2017,25.1,25.13,25.01,25.02,20117
10/27/2017,25.07,25.08,25.04,25.04,12918
10/30/2017,25.05,25.1,25.04,25.07,19308
10/31/2017,25.05,25.1399,25.05,25.06,24389
11/01/2017,25.05,25.0901,25.05,25.06,21870
11/02/2017,25.05,25.15,25.05,25.15,24052
11/03/2017,25.15,25.19,25.1217,25.19,23906
11/06/2017,25.17,25.17,25.1093,25.14,14902
11/07/2017,25.1101,25.16,25.1101,25.15,22022
11/08/2017,25.11,25.18,25.1,25.17,13329
11/09/2017,25.12,25.2,25.12,25.2,18648
11/10/2017,25.15,25.18,25.1089,25.18,20192
11/13/2017,25.14,25.19,25.12,25.12,23565
11/14/2017,25.11,25.18,25.11,25.18,18053
11/15/2017,25.15,25.24,25.1,25.23,47426
11/16/2017,25.25,25.31,25.25,25.25,33481
11/17/2017,25.25,25.31,25.25,25.27,53396
11/20/2017,25.34,25.38,25.285,25.32,18333
11/21/2017,25.319,25.3438,25.26,25.3,25811
11/22/2017,25.28,25.36,25.2176,25.36,33045
11/24/2017,25.27,25.3272,25.27,25.29,3549
11/27/2017,25.299,25.43,25.28,25.3,25935
11/28/2017,25.39,25.39,25.286,25.3356,18392
11/29/2017,25.14,25.14,25.03,25.07,26470
11/30/2017,25.01,25.17,25.01,25.12,24980
12/01/2017,25.03,25.18,25,25.17,30965
12/04/2017,25.19,25.24,25.14,25.16,40050
12/05/2017,25.15,25.23,25.1378,25.22,43516
12/06/2017,25.2,25.27,25.2,25.22,23524
12/07/2017,25.2,25.25,25.13,25.24,46415
12/08/2017,25.26,25.26,25.11,25.14,43462
12/11/2017,25.14,25.16,25.0786,25.15,50850
12/12/2017,25.09,25.13,25.09,25.1,24607
12/13/2017,25.14,25.14,25.01,25.1,33207
12/14/2017,25.06,25.12,25.054,25.07,25525
12/15/2017,25.16,25.18,25.1,25.13,36620
12/18/2017,25.16,25.19,25.1,25.138,42331
12/19/2017,25.07,25.16,25.02,25.16,93178
12/20/2017,25.06,25.1499,25.06,25.1,26793
12/21/2017,25.1,25.13,25.0601,25.07,16941
12/22/2017,25.03,25.12,25.03,25.08,21436
12/26/2017,25.07,25.099,25.06,25.07,17330
12/27/2017,25.06,25.13,25.05,25.13,21968
12/28/2017,25.08,25.12,25.06,25.08,10949
12/29/2017,25.03,25.1,25.03,25.09,24502
01/02/2018,25.1,25.1,24.96,25.05,68929
01/03/2018,25.06,25.07,25,25.01,54726
01/04/2018,25.07,25.07,25.02,25.03,20484
01/05/2018,25.06,25.06,25.01,25.0343,15176
01/08/2018,25.04,25.09,25.02,25.06,46726
01/09/2018,25.06,25.11,25.05,25.095,27388
01/10/2018,25.01,25.03,24.9769,25.01,71249
01/11/2018,25.06,25.08,24.98,25.07,39369
01/12/2018,25.04,25.0624,25.01,25.05,29563
01/16/2018,25.02,25.09,25.02,25.02,49272
01/17/2018,25.03,25.07,25.0238,25.04,21008
01/18/2018,25.01,25.01,24.9694,24.98,68988
01/19/2018,24.98,25,24.75,24.75,188204
01/22/2018,24.81,24.93,24.7801,24.88,47362
01/23/2018,24.89,24.93,24.85,24.91,62005
01/24/2018,24.89,24.92,24.82,24.91,78947
01/25/2018,24.8,24.8,24.71,24.7799,115968
01/26/2018,24.77,24.8,24.74,24.76,100715
01/29/2018,24.6,24.63,24.44,24.5,99860
01/30/2018,24.38,24.3879,24.17,24.32,96433
01/31/2018,24.34,24.49,24.31,24.4247,50686
02/01/2018,24.36,24.36,23.98,24,207516
02/02/2018,23.84,23.9899,23.7,23.9,74993
02/05/2018,23.68,23.87,23.65,23.73,108854
02/06/2018,23.51,23.95,23.51,23.93,106304
02/07/2018,23.88,24.09,23.88,24.03,55196
02/08/2018,24,24,23.85,23.8786,52394
02/09/2018,23.93,24.07,23.6503,24.04,74437
02/12/2018,24.03,24.09,23.95,24.05,46794
02/13/2018,24.08,24.08,23.94,24.04,107333
02/14/2018,24.04,24.09,23.95,24,36810
02/15/2018,24.05,24.07,23.99,23.99,40743
02/16/2018,24.02,24.13,24.02,24.12,30937
02/20/2018,24.12,24.18,24.1,24.135,48381
02/21/2018,24.16,24.36,24.14,24.24,99109
02/22/2018,24.34,24.36,24.27,24.36,65490
02/23/2018,24.34,24.53,24.34,24.53,53730
02/26/2018,24.57,24.6076,24.47,24.5997,54205
02/27/2018,24.39,24.47,24.33,24.39,58588
02/28/2018,24.44,24.46,24.35,24.46,57787
03/01/2018,24.44,24.4899,24.34,24.37,74050
03/02/2018,24.26,24.49,24.2465,24.3901,74981
03/05/2018,24.4,24.49,24.3897,24.47,30337
03/06/2018,24.5,24.55,24.41,24.47,122705
03/07/2018,24.5,24.54,24.41,24.41,97514
03/08/2018,24.48,24.49,24.39,24.42,90541
03/09/2018,24.48,24.496,24.43,24.4748,27452
03/12/2018,24.47,24.49,24.405,24.49,13511
03/13/2018,24.49,24.53,24.43,24.49,40550
03/14/2018,24.5299,24.6507,24.47,24.65,132263
03/15/2018,24.73,24.73,24.62,24.62,55277
03/16/2018,24.67,24.7,24.65,24.65,21816
03/19/2018,24.61,24.66,24.53,24.58,121550
03/20/2018,24.53,24.59,24.51,24.51,67100
03/21/2018,24.55,24.7,24.45,24.49,93854
03/22/2018,24.46,24.53,24.45,24.52,125746
03/23/2018,24.47,24.54,24.44,24.44,30232
03/26/2018,24.48,24.56,24.4,24.56,39714
03/27/2018,24.49,24.61,24.49,24.56,20193
03/28/2018,24.51,24.56,24.4864,24.54,23492
03/29/2018,24.59,24.63,24.511,24.55,37592
04/02/2018,24.51,24.589,24.51,24.5671,29963
04/03/2018,24.53,24.53,24.35,24.5,57645
04/04/2018,24.45,24.55,24.44,24.52,27936
04/05/2018,24.5,24.5465,24.45,24.52,25514
04/06/2018,24.46,24.51,24.41,24.46,14688
04/09/2018,24.39,24.47,24.39,24.4,26067
04/10/2018,24.45,24.48,24.41,24.41,26585
04/11/2018,24.4,24.43,24.4,24.4,36823
04/12/2018,24.4,24.48,24.31,24.33,65489
04/13/2018,24.35,24.39,24.27,24.3857,50453
04/16/2018,24.39,24.55,24.39,24.43,86668
04/17/2018,24.5,24.5,24.43,24.43,21452
04/18/2018,24.42,24.56,24.42,24.53,37105
04/19/2018,24.47,24.5,24.43,24.48,20469
04/20/2018,24.48,24.6,24.43,24.58,57556
04/23/2018,24.47,24.53,24.44,24.46,34358
04/24/2018,24.46,24.48,24.43,24.43,29582
04/25/2018,24.4,24.4,24.27,24.32,29785
04/26/2018,24.36,24.46,24.3401,24.37,33054
04/27/2018,24.43,24.48,24.4,24.46,12647
04/30/2018,24.38,24.45,24.38,24.431,7668
05/01/2018,24.42,24.49,24.38,24.48,20700
05/02/2018,24.46,24.53,24.4201,24.53,30299
05/03/2018,24.5,24.51,24.42,24.46,27675
05/04/2018,24.476,24.59,24.476,24.5499,19915
05/07/2018,24.51,24.58,24.51,24.58,21939
05/08/2018,24.54,24.56,24.43,24.4593,50948
05/09/2018,24.45,24.45,24.38,24.43,23756
05/10/2018,24.48,24.52,24.43,24.51,16094
05/11/2018,24.5,24.7,24.4001,24.67,55506
05/14/2018,24.6625,24.68,24.63,24.67,13143
05/15/2018,24.59,24.625,24.49,24.549,34733
05/16/2018,24.5,24.59,24.48,24.58,30121
05/17/2018,24.58,24.58,24.48,24.48,25481
05/18/2018,24.48,24.54,24.44,24.5,16195
05/21/2018,24.54,24.569,24.47,24.5301,30384
05/22/2018,24.55,24.58,24.51,24.58,22059
05/23/2018,24.56,24.67,24.56,24.67,64077
05/24/2018,24.652,24.88,24.65,24.84,84287
05/25/2018,24.89,24.95,24.814,24.85,36474
05/29/2018,24.89,24.95,24.77,24.93,47526
05/30/2018,24.59,24.67,24.55,24.55,17703
05/31/2018,24.55,24.6,24.52,24.58,46196
06/01/2018,24.61,24.71,24.59,24.705,38577
06/04/2018,24.65,24.75,24.6327,24.7489,36829
06/05/2018,24.74,24.8,24.7,24.8,49676
06/06/2018,24.76,24.875,24.76,24.83,49386
06/07/2018,24.87,24.87,24.7899,24.79,26236
06/08/2018,24.79,24.845,24.79,24.8238,22898
06/11/2018,24.84,24.8456,24.76,24.791,24713
06/12/2018,24.78,24.78,24.66,24.75,30836
06/13/2018,24.76,24.79,24.68,24.78,22176
06/14/2018,24.75,24.87,24.75,24.83,45389
06/15/2018,24.87,24.9,24.83,24.85,36120
06/18/2018,24.87,24.895,24.84,24.89,48464
06/19/2018,24.8,24.852,24.79,24.82,34052
06/20/2018,24.82,24.85,24.781,24.84,25141
06/21/2018,24.85,24.85,24.77,24.81,32761
06/22/2018,24.77,24.8,24.77,24.8,32049
06/25/2018,24.8,24.8,24.74,24.78,33509
06/26/2018,24.81,24.82,24.73,24.77,37753
06/27/2018,24.74,24.79,24.74,24.766,15570
06/28/2018,24.77,24.82,24.74,24.79,34404
06/29/2018,24.83,24.91,24.79,24.84,43371
07/02/2018,24.88,24.97,24.82,24.88,51269
07/03/2018,24.83,24.9127,24.82,24.85,37560
07/05/2018,24.86,24.93,24.7918,24.81,75136
07/06/2018,24.84,24.93,24.76,24.79,53674
07/09/2018,24.84,24.845,24.7,24.71,57406
07/10/2018,24.69,24.745,24.6,24.63,74031
07/11/2018,24.64,24.75,24.55,24.55,47766
07/12/2018,24.61,24.66,24.59,24.66,32503
07/13/2018,24.61,24.65,24.47,24.5,91045
07/16/2018,24.55,24.55,24.45,24.53,50583
07/17/2018,24.47,24.52,24.38,24.39,50134
07/18/2018,24.4,24.5,24.39,24.39,46480
07/19/2018,24.45,24.4699,24.3924,24.46,91206
07/20/2018,24.47,24.68,24.45,24.68,65575
07/23/2018,24.6,24.64,24.56,24.63,53841
07/24/2018,24.64,24.83,24.6301,24.77,60052
07/25/2018,24.77,24.77,24.61,24.68,47592
07/26/2018,24.63,24.68,24.63,24.64,30247
07/27/2018,24.66,24.66,24.54,24.55,18509
07/30/2018,24.5575,24.61,24.515,24.61,20568
07/31/2018,24.6099,24.68,24.605,24.65,21036
08/01/2018,24.54,24.625,24.54,24.5801,33184
08/02/2018,24.6,24.6,24.43,24.6,55995
08/03/2018,24.64,24.67,24.6077,24.65,23472
08/06/2018,24.65,24.6999,24.6,24.654,28736
08/07/2018,24.69,24.69,24.61,24.611,15850
08/08/2018,24.61,24.67,24.61,24.66,27595
08/09/2018,24.67,24.67,24.61,24.625,19462
08/10/2018,24.63,24.65,24.6,24.63,12198
08/13/2018,24.6,24.7,24.6,24.69,24535
08/14/2018,24.65,24.69,24.64,24.69,12920
08/15/2018,24.63,24.655,24.6,24.63,17293
08/16/2018,24.65,24.73,24.65,24.73,28332
08/17/2018,24.73,24.78,24.69,24.69,42083
08/20/2018,24.72,24.839,24.72,24.839,31845
08/21/2018,24.83,24.88,24.829,24.8601,20284
08/22/2018,24.88,24.88,24.8,24.82,25557
08/23/2018,24.859,24.86,24.8,24.82,30478
08/24/2018,24.85,24.9,24.8201,24.85,28743
08/27/2018,24.85,24.95,24.85,24.93,47778
08/28/2018,24.95,24.95,24.881,24.95,36161
08/29/2018,24.95,25,24.95,24.98,24224
08/30/2018,24.7,24.72,24.63,24.69,31455
08/31/2018,24.68,24.72,24.62,24.72,29137
09/04/2018,24.73,24.74,24.61,24.61,41709
09/05/2018,24.61,24.65,24.55,24.56,41094
09/06/2018,24.66,24.66,24.512,24.61,34681
09/07/2018,24.5,24.5,24.46,24.46,39652
09/10/2018,24.46,24.58,24.431,24.58,25952
09/11/2018,24.53,24.59,24.53,24.56,18163
09/12/2018,24.59,24.59,24.45,24.52,24581
09/13/2018,24.58,24.58,24.4,24.5035,46944
09/14/2018,24.48,24.48,24.41,24.44,19862
09/17/2018,24.48,24.49,24.42,24.45,36585
09/18/2018,24.45,24.45,24.41,24.445,27225
09/19/2018,24.42,24.46,24.36,24.43,49096
09/20/2018,24.37,24.4187,24.35,24.35,36653
09/21/2018,24.38,24.41,24.35,24.41,27140
09/24/2018,24.41,24.44,24.4,24.42,13253
09/25/2018,24.42,24.45,24.34,24.39,54426
09/26/2018,24.4,24.46,24.4,24.46,19969
09/27/2018,24.4392,24.53,24.4392,24.53,31133
09/28/2018,24.53,24.57,24.45,24.55,49202
10/01/2018,24.55,24.5768,24.26,24.28,60441
10/02/2018,24.3028,24.38,24.15,24.27,82562
10/03/2018,24.22,24.31,23.8453,24.16,69308
10/04/2018,23.99,23.99,23.58,23.8296,99007
10/05/2018,23.6,23.81,23.555,23.73,37996
10/08/2018,23.72,23.7719,23.5744,23.66,41587
10/09/2018,23.69,23.745,23.6116,23.64,22486
10/10/2018,23.61,23.61,23.25,23.37,38168
10/11/2018,23.31,23.31,23,23.07,119378
10/12/2018,23.18,23.2997,22.93,23,88077
10/15/2018,23.07,23.07,22.84,22.891,33508
10/16/2018,22.93,23.0458,22.91,22.92,42788
10/17/2018,22.93,22.95,22.8014,22.88,49241
10/18/2018,22.86,22.95,22.81,22.92,28011
10/19/2018,22.89,23.18,22.89,23.15,82006
10/22/2018,23.06,23.2988,23.06,23.2988,33295
10/23/2018,23.22,23.36,23.132,23.35,48863
10/24/2018,23.36,23.49,23.17,23.17,68036
10/25/2018,23.2,23.3883,23.2,23.32,19708
10/26/2018,23.24,23.33,23.15,23.26,29070
10/29/2018,23.251,23.36,23.16,23.3,30280
10/30/2018,23.29,23.3324,23.15,23.18,50850
10/31/2018,23.23,23.35,23.23,23.29,28366
11/01/2018,23.28,23.4,23.264,23.39,37216
11/02/2018,23.44,23.44,23.23,23.32,23805
11/05/2018,23.33,23.38,23.3105,23.33,19187
11/06/2018,23.2955,23.39,23.2955,23.36,14664
11/07/2018,23.39,23.48,23.28,23.29,43633
11/08/2018,23.31,23.39,23.28,23.3765,8049
11/09/2018,23.29,23.3399,23.231,23.28,25693
11/12/2018,23.25,23.3299,23.2,23.2073,32543
11/13/2018,23.21,23.32,23.21,23.2367,19661
11/14/2018,23.249,23.25,23.18,23.19,36331
11/15/2018,23.16,23.19,22.9533,22.99,41811
11/16/2018,23,23.06,22.9546,23.01,15619
11/19/2018,23.06,23.06,22.9,22.93,22851
11/20/2018,22.83,22.89,22.7457,22.81,43227
11/21/2018,22.85,22.93,22.7994,22.83,39631
11/23/2018,22.84,22.84,22.76,22.81,35930
11/26/2018,22.85,22.92,22.75,22.76,76271
11/27/2018,22.78,22.93,22.7,22.8621,52358
11/28/2018,22.91,23.03,22.85,22.98,55433
11/29/2018,22.66,22.72,22.45,22.45,60646
11/30/2018,22.49,22.49,22.18,22.2399,50981
12/03/2018,22.22,22.3,22.1,22.26,67018
12/04/2018,22.2673,22.27,22.03,22.14,193497
12/06/2018,22.11,22.11,21.9,22.06,58924
12/07/2018,22.07,22.19,22.01,22.0421,45882
12/10/2018,22.0785,22.1508,21.94,21.97,66269
12/11/2018,22.13,22.18,22.02,22.05,47697
12/12/2018,22.08,22.25,22.05,22.15,67300
12/13/2018,22.19,22.213,22.01,22.01,42793
12/14/2018,21.91,22.069,21.9,21.96,76001
12/17/2018,22.05,22.05,21.92,22.01,93560
12/18/2018,22.01,22.03,21.83,21.92,65209
12/19/2018,21.93,21.9467,21.8,21.9,55476
12/20/2018,21.86,21.99,21.71,21.8765,124800
12/21/2018,21.78,21.8951,21.59,21.8,83284
12/24/2018,21.77,21.78,21.4123,21.526,49270
12/26/2018,21.55,21.65,21.43,21.64,133997
12/27/2018,21.61,21.61,21.37,21.53,72742
12/28/2018,21.487,21.79,21.487,21.68,144445
12/31/2018,21.83,21.98,21.77,21.98,90183
01/02/2019,21.9,22.38,21.9,22.251,26624
01/03/2019,22.44,22.52,22.1,22.36,48190
01/04/2019,22.5262,22.89,22.5,22.74,62204
01/07/2019,22.77,23.05,22.77,22.82,59153
01/08/2019,22.89,22.9156,22.5601,22.62,52162
01/09/2019,22.64,22.7761,22.555,22.7,347062
01/10/2019,22.7,22.77,22.603,22.7,65675
01/11/2019,22.66,22.77,22.66,22.67,44495
01/14/2019,22.71,22.77,22.67,22.7,117267
01/15/2019,22.7222,22.7427,22.66,22.71,57957
01/16/2019,22.7,22.75,22.68,22.7,87506
01/17/2019,22.73,22.79,22.64,22.77,42555
01/18/2019,22.77,22.95,22.63,22.83,177279
01/22/2019,22.68,22.7972,22.63,22.73,80802
01/23/2019,22.76,22.85,22.69,22.7807,52920
01/24/2019,22.8,23.08,22.76,23.03,111439
01/25/2019,23.04,23.28,23.03,23.13,69216
01/28/2019,23.11,23.15,22.96,23.13,55926
01/29/2019,23.16,23.23,23.05,23.12,35681
01/30/2019,23.1279,23.34,23.1279,23.27,49531
01/31/2019,23.32,23.5,23.32,23.44,79519
02/01/2019,23.55,23.55,23.4027,23.46,40128
02/04/2019,23.46,23.5,23.35,23.48,23548
02/05/2019,23.49,23.5,23.4458,23.5,28984
02/06/2019,23.47,23.5,23.3,23.3828,33404
02/07/2019,23.42,23.43,23.3299,23.37,49471
02/08/2019,23.37,23.45,23.2667,23.34,35300
02/11/2019,23.42,23.47,23.39,23.46,21859
02/12/2019,23.49,23.66,23.4151,23.621,64017
02/13/2019,23.65,23.75,23.6,23.69,55272
02/14/2019,23.72,23.75,23.65,23.75,33003
02/15/2019,23.71,23.9589,23.7,23.85,53064
02/19/2019,23.79,23.99,23.79,23.87,57277
02/20/2019,23.96,24,23.9,23.9,30775
02/21/2019,23.93,23.9607,23.76,23.83,50899
02/22/2019,23.78,23.97,23.78,23.84,36641
02/25/2019,23.83,23.9461,23.83,23.84,32541
02/26/2019,23.85,23.96,23.82,23.83,55001
02/27/2019,23.6,23.67,23.54,23.67,54442
02/28/2019,23.64,23.82,23.57,23.82,88841
03/01/2019,23.87,24.18,23.87,24.14,113420
03/04/2019,24.08,24.18,24.01,24.13,41923
03/05/2019,24.12,24.33,24.12,24.33,58230
03/06/2019,24.36,24.45,24.325,24.4,70980
03/07/2019,24.39,24.42,24.33,24.39,41500
03/08/2019,24.35,24.414,24.3,24.38,25175
03/11/2019,24.38,24.42,24.35,24.35,26543
03/12/2019,24.4,24.449,24.38,24.39,33249
03/13/2019,24.45,24.49,24.44,24.44,20180
03/14/2019,24.41,24.5,24.41,24.45,23487
03/15/2019,24.49,24.59,24.4546,24.59,50137
03/18/2019,24.59,24.62,24.49,24.51,32038
03/19/2019,24.5299,24.5299,24.42,24.43,18410
03/20/2019,24.41,24.41,24.27,24.35,57098
03/21/2019,24.32,24.46,24.32,24.36,31228
03/22/2019,24.32,24.44,24.3,24.4,26250
03/25/2019,24.35,24.38,24.29,24.3,29435
03/26/2019,24.4,24.4272,24.33,24.38,43883
03/27/2019,24.36,24.4151,24.14,24.14,71389
03/28/2019,24.16,24.175,23.96,23.97,99458
03/29/2019,23.97,24.41,23.91,24.38,230326
04/01/2019,24.34,24.54,24.34,24.47,83424
04/02/2019,24.5136,24.55,24.48,24.53,22261
04/03/2019,24.54,24.61,24.5201,24.55,32723
04/04/2019,24.55,24.583,24.49,24.55,35277
04/05/2019,24.6,24.63,24.5586,24.615,29296
04/08/2019,24.63,24.6955,24.61,24.66,25609
04/09/2019,24.62,24.6699,24.47,24.52,44104
04/10/2019,24.52,24.64,24.43,24.6305,35182
04/11/2019,24.56,24.6775,24.56,24.63,26022
04/12/2019,24.65,24.685,24.625,24.631,19623
04/15/2019,24.62,24.68,24.5713,24.65,30966
04/16/2019,24.68,24.75,24.6243,24.68,26876
04/17/2019,24.72,24.76,24.6501,24.76,31924
04/18/2019,24.76,24.8,24.6801,24.8,48613
04/22/2019,24.79,24.79,24.6914,24.77,83926
04/23/2019,24.77,24.81,24.724,24.73,43999
04/24/2019,24.78,24.8,24.7187,24.76,55910
04/25/2019,24.78,24.78,24.66,24.66,38278
04/26/2019,24.67,24.698,24.63,24.63,27118
04/29/2019,24.63,24.8,24.62,24.74,82022
04/30/2019,24.75,24.95,24.71,24.95,156156
05/01/2019,24.92,24.92,24.85,24.9,48262
05/02/2019,24.85,24.9299,24.85,24.92,32555
05/03/2019,24.92,24.94,24.89,24.9,26540
05/06/2019,24.84,24.92,24.83,24.88,48757
05/07/2019,24.86,24.92,24.86,24.86,29506
05/08/2019,24.87,24.95,24.87,24.93,29237
05/09/2019,24.91,24.94,24.81,24.92,32026
05/10/2019,24.93,24.98,24.87,24.95,34807
05/13/2019,24.85,24.92,24.85,24.9,24554
05/14/2019,24.91,24.98,24.91,24.93,41492
05/15/2019,24.92,25.0438,24.9189,25.02,59030
05/16/2019,25.0374,25.09,25.025,25.06,32345
05/17/2019,25.05,25.1,25.05,25.0694,25002
05/20/2019,25.03,25.07,24.93,24.97,38735
05/21/2019,25.04,25.06,25,25.03,37332
05/22/2019,25.03,25.07,25.03,25.03,30705
05/23/2019,25.03,25.0489,24.95,24.97,30232
05/24/2019,25.07,25.1,25.03,25.07,23948
05/28/2019,25.05,25.0567,24.99,24.99,20476
05/29/2019,24.99,25.09,24.98,25.08,86627
05/30/2019,24.73,24.84,24.73,24.84,34020
05/31/2019,24.76,24.95,24.76,24.95,85233
06/03/2019,24.84,24.92,24.829,24.87,60818
06/04/2019,24.96,24.99,24.9,24.95,37747
06/05/2019,24.93,24.97,24.92,24.95,41906
06/06/2019,24.94,24.9649,24.9,24.92,51835
06/07/2019,24.92,24.99,24.92,24.9875,37677
06/10/2019,24.961,25.0076,24.96,24.96,46908
06/11/2019,24.97,25,24.91,24.95,22520
06/12/2019,24.97,24.9886,24.92,24.98,32274
06/13/2019,24.98,25.0198,24.93,25.0198,18239
06/14/2019,25.0031,25.0198,24.95,24.99,13110
06/17/2019,25.03,25.04,24.9607,25.02,42353
06/18/2019,25.01,25.095,24.96,25.05,117903
06/19/2019,25,25.1,25,25.02,31527
06/20/2019,25.09,25.09,25,25.01,30801
06/21/2019,25.03,25.06,24.98,25,55842
06/24/2019,25.02,25.1,25,25.1,22330
06/25/2019,25.05,25.0778,25,25.01,40255
06/26/2019,25.08,25.08,24.95,24.95,47246
06/27/2019,25,25.03,24.84,24.87,53658
06/28/2019,24.9,25.09,24.81,25.09,83911
07/01/2019,25.05,25.1,24.99,25.02,37632
07/02/2019,25,25.1,24.98,25.1,35510
07/03/2019,25.14,25.14,25.05,25.1,27110
07/05/2019,25.07,25.1,25.005,25.06,36107
07/08/2019,25.03,25.1,25.03,25.05,24588
07/09/2019,25.03,25.1,25.03,25.04,31637
07/10/2019,25.08,25.2,25.08,25.2,34749
07/11/2019,25.176,25.18,25.13,25.15,9736
07/12/2019,25.2,25.2,25.14,25.1972,7794
07/15/2019,25.16,25.25,25.16,25.19,35042
07/16/2019,25.22,25.34,25.22,25.22,34030
07/17/2019,25.278,25.3801,25.22,25.32,42157
07/18/2019,25.25,25.4,25.25,25.31,43211
07/19/2019,25.32,25.46,25.3,25.35,19985
07/22/2019,25.32,25.5891,25.32,25.58,45452
07/23/2019,25.44,25.53,25.42,25.43,16938
07/24/2019,25.4743,25.64,25.4743,25.58,59076
07/25/2019,25.48,25.5,25.35,25.36,29002
07/26/2019,25.36,25.46,25.26,25.27,27367
07/29/2019,25.33,25.56,25.33,25.52,46084
07/30/2019,25.51,25.51,25.3,25.3,40592
07/31/2019,25.31,25.58,25.31,25.58,69162
08/01/2019,25.5,25.64,25.5,25.51,17223
08/02/2019,25.49,25.59,25.445,25.58,42411
08/05/2019,25.45,25.54,25.3223,25.459,28756
08/06/2019,25.45,25.56,25.43,25.54,14910
08/07/2019,25.41,25.51,25.35,25.371,32937
08/08/2019,25.52,25.52,25.35,25.4493,30467
08/09/2019,25.44,25.5773,25.44,25.48,32332
08/12/2019,25.48,25.75,25.48,25.69,30538
08/13/2019,25.664,25.664,25.57,25.57,45362
08/14/2019,25.51,25.7,25.51,25.61,57145
08/15/2019,25.69,25.69,25.5456,25.6,46016
08/16/2019,25.58,25.6071,25.43,25.43,27595
08/19/2019,25.46,25.502,25.4,25.4,17417
08/20/2019,25.47,25.59,25.46,25.57,30452
08/21/2019,25.55,25.7,25.55,25.6,52646
08/22/2019,25.59,25.71,25.59,25.63,58085
08/23/2019,25.62,25.6535,25.53,25.535,15847
08/26/2019,25.53,25.5436,25.43,25.45,20596
08/27/2019,25.59,25.59,25.38,25.39,45525
08/28/2019,25.47,25.47,25.38,25.4173,79405
08/29/2019,25.1,25.17,25.07,25.12,52869
08/30/2019,25.14,25.26,25.13,25.14,408674
09/03/2019,25.19,25.23,25.149,25.149,46951
09/04/2019,25.19,25.2647,25.1797,25.24,58100
09/05/2019,25.24,25.2665,25.18,25.23,28361
09/06/2019,25.2242,25.2242,25.14,25.15,52484
09/09/2019,25.14,25.2114,25.14,25.17,46514
09/10/2019,25.24,25.24,25.1,25.1,52528
09/11/2019,25.19,25.1945,25.07,25.08,46339
09/12/2019,25.13,25.18,25.07,25.07,31533
09/13/2019,25.1,25.12,24.97,24.98,97703
09/16/2019,25.14,25.15,25.08,25.12,62301
09/17/2019,25.12,25.12,25,25,209562
09/18/2019,25.01,25.117,25,25.075,119046
09/19/2019,25.09,25.09,25,25,97000
09/20/2019,25.05,25.07,25.01,25.04,74135
09/23/2019,25.04,25.1099,24.94,24.945,144925
09/24/2019,25.01,25.01,24.92,24.93,128850
09/25/2019,24.98,24.98,24.94,24.97,80135
09/26/2019,24.99,25.021,24.96,25.02,157543
09/27/2019,25.02,25.09,25.01,25.09,32201
09/30/2019,25.09,25.1,24.91,24.98,822091
10/01/2019,25.01,25.0298,24.99,25.02,83113
10/02/2019,25,25.12,24.93,25.11,48732
10/03/2019,25.0841,25.14,25.06,25.13,26916
10/04/2019,25.14,25.23,25.1043,25.22,46507
10/07/2019,25.12,25.2099,25.12,25.2,45546
10/08/2019,25.2,25.24,25.167,25.2,34561
10/09/2019,25.2,25.23,25.16,25.1973,44533
10/10/2019,25.21,25.21,25.16,25.19,52942
10/11/2019,25.2,25.24,25.1689,25.24,32443
10/14/2019,25.24,25.32,25.2,25.3,14595
10/15/2019,25.25,25.39,25.25,25.35,46828
10/16/2019,25.37,25.38,25.331,25.36,30540
10/17/2019,25.4,25.4,25.33,25.39,15636
10/18/2019,25.34,25.4,25.34,25.37,15158
10/21/2019,25.37,25.39,25.34,25.39,30062
10/22/2019,25.38,25.38,25.32,25.38,31846
10/23/2019,25.37,25.43,25.37,25.41,39636
10/24/2019,25.41,25.41,25.33,25.36,55121
10/25/2019,25.33,25.38,25.33,25.3501,37433
10/28/2019,25.3275,25.33,25.2802,25.3215,31536
10/29/2019,25.29,25.33,25.29,25.33,21161
10/30/2019,25.3,25.37,25.3,25.37,36071
10/31/2019,25.32,25.44,25.29,25.31,311900
11/01/2019,25.35,25.36,25.32,25.35,27761
11/04/2019,25.35,25.4,25.33,25.379,65283
11/05/2019,25.34,25.37,25.2951,25.2951,38159
11/06/2019,25.3098,25.4,25.3098,25.38,45610
11/07/2019,25.32,25.3469,25.28,25.29,34134
11/08/2019,25.33,25.33,25.21,25.2949,153768
11/11/2019,25.29,25.36,25.29,25.33,25263
11/12/2019,25.28,25.34,25.27,25.335,22637
11/13/2019,25.34,25.4,25.34,25.39,20036
11/14/2019,25.4283,25.47,25.41,25.43,20220
11/15/2019,25.43,25.44,25.3974,25.4,9922
11/18/2019,25.4,25.4289,25.38,25.39,11592
11/19/2019,25.41,25.41,25.3408,25.39,25224
11/20/2019,25.41,25.428,25.38,25.4,19112
11/21/2019,25.39,25.4235,25.35,25.38,15449
11/22/2019,25.42,25.42,25.3729,25.4,22596
11/25/2019,25.42,25.46,25.25,25.42,41869
11/26/2019,25.42,25.445,25.4001,25.43,28160
11/27/2019,25.19,25.23,25.1429,25.22,36954
11/29/2019,25.2,25.28,25.1,25.19,40534
12/02/2019,25.2,25.23,25.134,25.22,43494
12/03/2019,25.17,25.2,25.1593,25.16,38964
12/04/2019,25.24,25.24,25.17,25.1997,33696
12/05/2019,25.2,25.2,25.16,25.17,38929
12/06/2019,25.2,25.2,25.1862,25.19,16851
12/09/2019,25.2,25.2,25.15,25.15,44086
12/10/2019,25.15,25.16,25.13,25.16,58075
12/11/2019,25.16,25.1877,25.15,25.17,27635
12/12/2019,25.17,25.27,25.15,25.2,40363
12/13/2019,25.21,25.26,25.2,25.24,23937
12/16/2019,25.24,25.29,25.2226,25.25,37710
12/17/2019,25.29,25.32,25.2699,25.32,28951
12/18/2019,25.3,25.35,25.29,25.33,33024
12/19/2019,25.35,25.35,25.28,25.3,14078
12/20/2019,25.312,25.3756,25.312,25.36,20417
12/23/2019,25.36,25.4,25.3315,25.3734,17083
12/24/2019,25.4,25.45,25.375,25.43,18842
12/26/2019,25.38,25.44,25.34,25.43,23000
12/27/2019,25.39,25.46,25.39,25.46,48961
12/30/2019,25.4,25.525,25.4,25.51,43139
12/31/2019,25.45,25.53,25.44,25.53,87155
01/02/2020,25.47,25.645,25.47,25.5878,42898
01/03/2020,25.57,25.7,25.5425,25.69,35231
01/06/2020,25.7,25.76,25.6,25.73,53565
01/07/2020,25.66,25.72,25.64,25.67,46474
01/08/2020,25.67,25.74,25.55,25.72,24289
01/09/2020,25.73,25.82,25.6001,25.8,30343
01/10/2020,25.78,25.86,25.66,25.855,14600
01/13/2020,25.76,25.84,25.66,25.8355,32738
01/14/2020,25.79,25.85,25.7706,25.8,30126
01/15/2020,25.86,25.86,25.75,25.82,17348
01/16/2020,25.82,25.82,25.69,25.71,34373
01/17/2020,25.7,25.747,25.61,25.65,27614
01/21/2020,25.63,25.6803,25.532,25.6,24792
01/22/2020,25.59,25.6576,25.53,25.55,17690
01/23/2020,25.53,25.57,25.47,25.52,18648
01/24/2020,25.55,25.55,25.435,25.5235,73855
01/27/2020,25.39,25.55,25.39,25.52,11670
01/28/2020,25.58,25.58,25.4,25.45,44153
01/29/2020,25.41,25.5,25.41,25.48,17946
01/30/2020,25.48,25.48,25.32,25.33,98573
01/31/2020,25.33,25.39,25.3,25.38,297628
02/03/2020,25.43,25.49,25.4,25.43,87067
02/04/2020,25.43,25.49,25.43,25.49,20377
02/05/2020,25.46,25.53,25.46,25.53,25475
02/06/2020,25.54,25.54,25.46,25.46,111263
02/07/2020,25.46,25.51,25.42,25.45,88199
02/10/2020,25.46,25.51,25.45,25.51,24843
02/11/2020,25.53,25.53,25.45,25.5,25060
02/12/2020,25.5,25.5707,25.5,25.53,23853
02/13/2020,25.48,25.5401,25.48,25.51,25913
02/14/2020,25.51,25.58,25.51,25.57,13909
02/18/2020,25.55,25.59,25.55,25.59,11773
02/19/2020,25.59,25.6,25.5,25.55,120771
02/20/2020,25.55,25.61,25.55,25.5536,57375
02/21/2020,25.56,25.5823,25.55,25.58,34634
02/24/2020,25.49,25.55,25.454,25.5,51667
02/25/2020,25.47,25.5,25.26,25.46,64145
02/26/2020,25.28,25.401,25.28,25.37,78699
02/27/2020,25.05,25.1,24.95,25.06,228935
02/28/2020,24.92,25.08,24.79,24.98,238048
03/02/2020,25.07,25.3202,25,25.29,48888
03/03/2020,25.29,25.5228,25.2114,25.34,63459
03/04/2020,25.39,25.545,25.39,25.5418,33456
03/05/2020,25.3,25.48,25.3,25.46,25002
03/06/2020,25.32,25.32,25.079,25.24,64489
03/09/2020,24.85,25.069,24.29,24.79,226400
03/10/2020,24.95,25.15,24.85,25,74201
03/11/2020,24.95,24.99,24.8217,24.85,148431
03/12/2020,24.45,24.5,23.25,23.25,144234
03/13/2020,23.7,23.975,23.24,23.71,92392
03/16/2020,23.16,23.2415,22,22.312,142726
03/17/2020,22.11,22.6,22.11,22.56,110635
03/18/2020,21.99,22.137,17.51,18.96,193985
03/19/2020,18.31,21.87,17.84,21.41,150173
03/20/2020,21.37,22.035,20.59,20.83,122906
03/23/2020,20.09,20.2235,18.5,19.5,136219
03/24/2020,19.63,21.12,19.63,20.91,114395
03/25/2020,21.64,23.75,21.17,22.65,139313
03/26/2020,23.47,24.1212,23.07,23.65,130810
03/27/2020,22.68,23.36,22.6701,23.08,91867
03/30/2020,23.09,23.25,22.6,23.04,65132
03/31/2020,22.97,23.46,22.97,23.37,86035
04/01/2020,22.98,23.0743,22.51,22.758,72633
04/02/2020,22.67,22.67,21.79,22.49,93713
04/03/2020,22.52,22.53,22.17,22.37,50824
04/06/2020,22.63,23.22,22.57,23.03,68999
04/07/2020,23.49,23.75,23.3,23.72,82082
04/08/2020,23.89,24.2,23.81,24.07,57484
04/09/2020,24.2,24.7,24.2,24.6,129577
04/13/2020,24.5,24.5384,23.8169,24.28,49403
04/14/2020,24.33,24.49,24,24.01,85184
04/15/2020,23.78,24.3,23.76,24.18,47342
04/16/2020,24.2,24.38,24.05,24.27,68067
04/17/2020,24.57,24.57,24.3,24.41,51528
04/20/2020,24.19,24.39,24.15,24.22,38940
04/21/2020,24.02,24.1126,23.67,23.82,75246
04/22/2020,24.03,24.25,23.78,24.05,82379
04/23/2020,24.05,24.3,24.05,24.3,35980
04/24/2020,24.34,24.34,24.17,24.22,22236
04/27/2020,24.33,24.44,24.28,24.41,34517
04/28/2020,24.49,24.5305,24.4278,24.5101,38099
04/29/2020,24.57,24.75,24.57,24.75,40833
04/30/2020,24.75,24.91,24.69,24.91,71122
05/01/2020,24.88,24.9,24.71,24.9,54906
05/04/2020,24.78,24.85,24.75,24.75,53047
05/05/2020,24.78,24.86,24.78,24.845,70272
05/06/2020,24.86,24.92,24.79,24.85,70906
05/07/2020,24.89,24.98,24.8,24.86,69760
05/08/2020,24.92,24.95,24.89,24.94,26056
05/11/2020,24.93,24.98,24.87,24.97,37992
05/12/2020,24.94,24.98,24.87,24.8742,26885
05/13/2020,24.86,24.86,24.27,24.43,98216
05/14/2020,24.33,24.4,24.02,24.4,62991
05/15/2020,24.39,24.5,24.25,24.43,22532
05/18/2020,24.52,24.67,24.5,24.6326,40305
05/19/2020,24.64,24.74,24.57,24.6,34191
05/20/2020,24.74,24.8,24.64,24.76,26316
05/21/2020,24.7201,24.93,24.7201,24.92,43615
05/22/2020,24.9,25,24.8933,25,25038
05/26/2020,25,25.16,24.973,25.1,105350
05/27/2020,25.1,25.24,25.07,25.21,81664
05/28/2020,25.01,25.01,24.85,24.91,92817
05/29/2020,24.99,25.05,24.91,25.045,55708
06/01/2020,25.04,25.04,24.97,25,46199
06/02/2020,25.01,25.09,25.01,25.06,37640
06/03/2020,25.05,25.12,25.02,25.06,37011
06/04/2020,25.0887,25.13,25.01,25.075,34062
06/05/2020,25.14,25.1698,25.09,25.1,19291
06/08/2020,25.1502,25.23,25.1,25.23,25245
06/09/2020,25.14,25.1897,25.09,25.18,17524
06/10/2020,25.17,25.185,25.03,25.13,30059
06/11/2020,25.01,25.0799,24.68,24.86,75842
06/12/2020,24.89,24.97,24.72,24.73,47470
06/15/2020,24.66,24.83,24.61,24.7325,86472
06/16/2020,24.86,25.02,24.8301,24.955,34602
06/17/2020,24.95,24.98,24.8699,24.9,39994
06/18/2020,24.96,24.96,24.9,24.91,33247
06/19/2020,24.96,24.96,24.86,24.9,56183
06/22/2020,24.93,24.93,24.79,24.845,35447
06/23/2020,24.86,24.93,24.81,24.8743,71933
06/24/2020,24.87,24.87,24.73,24.85,51483
06/25/2020,24.89,24.91,24.81,24.91,37683
06/26/2020,24.83,24.89,24.75,24.815,33983
06/29/2020,24.85,24.85,24.71,24.73,39989
06/30/2020,24.78,24.85,24.61,24.85,145323
07/01/2020,24.88,24.8886,24.78,24.88,37053
07/02/2020,24.94,24.99,24.86,24.9,25796
07/06/2020,24.86,24.97,24.85,24.93,47513
07/07/2020,24.87,24.94,24.87,24.93,22368
07/08/2020,24.93,24.96,24.9,24.9,14376
07/09/2020,24.97,24.98,24.8801,24.95,21486
07/10/2020,24.91,25,24.91,24.985,20206
07/13/2020,25,25.04,24.89,24.92,50141
07/14/2020,24.89,24.89,24.6,24.703,71730
07/15/2020,24.76,24.79,24.64,24.69,42492
07/16/2020,24.74,24.79,24.65,24.7028,55771
07/17/2020,24.7,24.82,24.7,24.77,52328
07/20/2020,24.75,24.78,24.68,24.74,43702
07/21/2020,24.74,24.88,24.74,24.88,36434
07/22/2020,24.83,24.9,24.82,24.89,29553
07/23/2020,24.84,24.96,24.831,24.96,22525
07/24/2020,24.89,25.0501,24.89,24.93,76144
07/27/2020,24.99,24.99,24.86,24.9028,31667
07/28/2020,24.9,24.99,24.9,24.9724,31183
07/29/2020,24.9668,25.06,24.93,25.06,46766
07/30/2020,25.0118,25.06,24.93,25.0592,43294
07/31/2020,25.06,25.19,25.0207,25.19,37217
08/03/2020,25.19,25.23,25.17,25.23,19947
08/04/2020,25.16,25.29,25.16,25.23,51097
08/05/2020,25.17,25.235,25.15,25.2,12461
08/06/2020,25.195,25.22,25.13,25.21,18552
08/07/2020,25.14,25.22,25.14,25.2107,18251
08/10/2020,25.22,25.31,25.2,25.23,22917
08/11/2020,25.23,25.36,25.23,25.36,14981
08/12/2020,25.3,25.39,25.24,25.39,15352
08/13/2020,25.37,25.39,25.3235,25.37,19418
08/14/2020,25.355,25.38,25.33,25.37,17946
08/17/2020,25.37,25.38,25.35,25.37,16089
08/18/2020,25.38,25.5,25.35,25.5,31158
08/19/2020,25.53,25.53,25.45,25.5,23487
08/20/2020,25.51,25.53,25.4606,25.53,10272
08/21/2020,25.48,25.55,25.48,25.52,17045
08/24/2020,25.5601,25.6,25.525,25.6,17049
08/25/2020,25.58,25.66,25.5529,25.66,16222
08/26/2020,25.6328,25.74,25.61,25.74,18229
08/27/2020,25.74,25.8,25.66,25.71,23516
08/28/2020,25.5,25.5,25.4,25.41,9585
08/31/2020,25.41,25.52,25.32,25.51,52777
09/01/2020,25.52,25.52,25.3904,25.455,62097
09/02/2020,25.37,25.52,25.37,25.42,39309
09/03/2020,25.41,25.49,25.24,25.43,22477
09/04/2020,25.35,25.35,25.17,25.21,23533
09/08/2020,25.11,25.2,25.1,25.1,16322
09/09/2020,25.19,25.34,25.19,25.29,25451
09/10/2020,25.26,25.43,25.26,25.4,14618
09/11/2020,25.33,25.3484,25.25,25.26,8411
09/14/2020,25.27,25.32,25.25,25.28,11929
09/15/2020,25.38,25.48,25.3447,25.47,33626
09/16/2020,25.4,25.58,25.4,25.5,31912
09/17/2020,25.39,25.5,25.38,25.39,16526
09/18/2020,25.42,25.45,25.36,25.45,14109
09/21/2020,25.29,25.2974,25.12,25.18,24146
09/22/2020,25.1948,25.27,25.17,25.19,20313
09/23/2020,25.2,25.2299,25,25.13,41229
09/24/2020,25.1,25.17,24.97,25.1028,39942
09/25/2020,25.09,25.3,25.09,25.2699,21390
09/28/2020,25.22,25.44,25.22,25.41,25050
09/29/2020,25.33,25.39,25.221,25.32,44475
09/30/2020,25.39,25.39,25.29,25.38,16048
10/01/2020,25.32,25.57,25.32,25.57,25265
10/02/2020,25.44,25.6,25.3817,25.6,15903
10/05/2020,25.52,25.72,25.52,25.687,20949
10/06/2020,25.71,25.71,25.5537,25.57,36325
10/07/2020,25.56,25.72,25.56,25.72,24903
10/08/2020,25.72,25.74,25.65,25.73,29885
10/09/2020,25.66,25.74,25.59,25.74,19541
10/12/2020,25.77,25.77,25.64,25.68,37835
10/13/2020,25.68,25.82,25.66,25.81,51511
10/14/2020,25.75,25.78,25.6,25.66,46391
10/15/2020,25.6204,25.6699,25.5555,25.63,16506
10/16/2020,25.63,25.69,25.56,25.61,35296
10/19/2020,25.5768,25.6,25.49,25.55,35575
10/20/2020,25.5,25.6,25.5,25.5407,32334
10/21/2020,25.49,25.51,25.4,25.43,23793
10/22/2020,25.42,25.5,25.42,25.495,14588
10/23/2020,25.5321,25.69,25.5015,25.69,40759
10/26/2020,25.55,25.64,25.55,25.59,17428
10/27/2020,25.6,25.64,25.5,25.5379,28695
10/28/2020,25.45,25.45,25.22,25.22,28721
10/29/2020,25.3,25.43,25.2,25.26,27632
10/30/2020,25.35,25.35,25.16,25.2,51918
11/02/2020,25.32,25.38,25.19,25.27,32316
11/03/2020,25.27,25.451,25.27,25.36,28150
11/04/2020,25.34,25.59,25.34,25.59,13632
11/05/2020,25.64,25.64,25.55,25.59,15795
11/06/2020,25.52,25.5572,25.49,25.51,8241
11/09/2020,25.54,25.72,25.535,25.69,20181
11/10/2020,25.66,25.69,25.57,25.65,8697
11/11/2020,25.65,25.69,25.58,25.6,24762
11/12/2020,25.6,25.67,25.59,25.62,15404
11/13/2020,25.6,25.68,25.6,25.68,16621
11/16/2020,25.65,26.18,25.64,26.04,128117
11/17/2020,26.04,26.05,25.95,26.02,43681
11/18/2020,26.05,26.1,25.95,25.95,33754
11/19/2020,25.9233,25.99,25.92,25.96,24577
11/20/2020,25.92,25.98,25.9,25.98,19316
11/23/2020,25.98,26.0007,25.94,25.94,29924
11/24/2020,25.95,26.02,25.91,25.91,25934
11/25/2020,25.935,25.9693,25.81,25.93,38227
11/27/2020,25.63,25.63,25.45,25.4783,28327
11/30/2020,25.44,25.49,25.35,25.49,151432
12/01/2020,25.49,25.49,25.4,25.45,62219
12/02/2020,25.46,25.52,25.4201,25.51,17778
12/03/2020,25.47,25.55,25.47,25.52,18941
12/04/2020,25.57,25.63,25.51,25.63,23919
12/07/2020,25.55,25.63,25.52,25.54,12150
12/08/2020,25.52,25.61,25.52,25.56,15099
12/09/2020,25.54,25.63,25.54,25.63,25705
12/10/2020,25.61,25.63,25.55,25.58,13009
12/11/2020,25.59,25.64,25.54,25.63,15367
12/14/2020,25.61,25.75,25.61,25.73,20282
12/15/2020,25.79,25.86,25.7241,25.86,23779
12/16/2020,25.86,25.92,25.8,25.92,24023
12/17/2020,25.97,26,25.8953,25.965,18895
12/18/2020,26.06,26.06,25.85,25.95,14126
12/21/2020,25.93,26.03,25.923,26,14613
12/22/2020,26.02,26.0697,25.835,25.87,56516
12/23/2020,25.87,25.93,25.81,25.85,30005
12/24/2020,25.85,25.93,25.85,25.91,32860
12/28/2020,25.87,25.95,25.84,25.95,27626
12/29/2020,25.88,25.915,25.83,25.84,47900
12/30/2020,25.84,25.92,25.81,25.92,25178
12/31/2020,25.85,26.19,25.84,26.15,142068
