2014-09-24 00:00:00,0.4139,0.4139,0.4095,0.4095,1000.0
2014-09-25 00:00:00,0.37,0.37,0.37,0.37,240.0
2014-09-30 00:00:00,0.4,0.4,0.4,0.4,2984.0
2014-10-01 00:00:00,0.3845,0.4,0.35,0.35,29500.0
2014-10-02 00:00:00,0.35,0.35,0.35,0.35,240.0
2014-10-03 00:00:00,0.36,0.3601,0.31,0.35,4800.0
2014-10-06 00:00:00,0.43,0.43,0.39,0.39,7200.0
2014-10-07 00:00:00,0.4,0.405,0.4,0.405,2200.0
2014-10-08 00:00:00,0.42,0.42,0.42,0.42,2400.0
2014-10-09 00:00:00,0.42,0.42,0.42,0.42,0.0
2014-10-13 00:00:00,0.35,0.35,0.3185,0.35,12558.0
2014-10-15 00:00:00,0.44,0.45,0.4,0.4,18200.0
2014-10-16 00:00:00,0.42,0.42,0.42,0.42,2300.0
2014-10-17 00:00:00,0.45,0.45,0.45,0.45,100.0
2014-10-20 00:00:00,0.45,0.45,0.45,0.45,7998.0
2014-10-22 00:00:00,0.45,0.45,0.45,0.45,8000.0
2014-10-23 00:00:00,0.45,0.45,0.45,0.45,7456.0
2014-10-24 00:00:00,0.52,0.52,0.45,0.45,17498.0
2014-10-27 00:00:00,0.48,0.48,0.48,0.48,960.0
2014-10-28 00:00:00,0.48,0.48,0.48,0.48,0.0
2014-10-29 00:00:00,0.48,0.5,0.48,0.5,3880.0
2014-10-30 00:00:00,0.45,0.4545,0.45,0.4545,2300.0
2014-10-31 00:00:00,0.5,0.5,0.35,0.45,3540.0
2014-11-03 00:00:00,0.45,0.45,0.45,0.45,0.0
2014-11-04 00:00:00,0.45,0.45,0.45,0.45,0.0
2014-11-05 00:00:00,0.35,0.35,0.246,0.246,7859.0
2014-11-06 00:00:00,0.25,0.25,0.25,0.25,2560.0
2014-11-07 00:00:00,0.25,0.25,0.25,0.25,0.0
2014-11-10 00:00:00,0.25,0.25,0.25,0.25,0.0
2014-11-11 00:00:00,0.2501,0.27,0.2501,0.27,4731.0
2014-11-12 00:00:00,0.4,0.4,0.3829,0.3829,1200.0
2014-11-13 00:00:00,0.31,0.35,0.31,0.35,700.0
2014-11-14 00:00:00,0.28,0.28,0.28,0.28,240.0
2014-11-17 00:00:00,0.28,0.35,0.28,0.35,440.0
2014-11-18 00:00:00,0.35,0.35,0.35,0.35,0.0
2014-11-19 00:00:00,0.35,0.35,0.35,0.35,210.0
2014-11-20 00:00:00,0.35,0.35,0.35,0.35,0.0
2014-11-21 00:00:00,0.28,0.28,0.27,0.27,1500.0
2014-11-24 00:00:00,0.27,0.27,0.27,0.27,0.0
2014-11-25 00:00:00,0.35,0.35,0.349,0.349,2100.0
2014-11-26 00:00:00,0.349,0.35,0.349,0.35,7591.0
2014-11-28 00:00:00,0.35,0.35,0.35,0.35,0.0
2014-12-01 00:00:00,0.35,0.35,0.35,0.35,0.0
2014-12-02 00:00:00,0.35,0.35,0.35,0.35,0.0
2014-12-03 00:00:00,0.35,0.35,0.35,0.35,0.0
2014-12-04 00:00:00,0.35,0.35,0.35,0.35,0.0
2014-12-05 00:00:00,0.35,0.35,0.35,0.35,0.0
2014-12-08 00:00:00,0.35,0.35,0.35,0.35,0.0
2014-12-09 00:00:00,0.27,0.27,0.27,0.27,2340.0
2014-12-10 00:00:00,0.27,0.27,0.27,0.27,0.0
2014-12-11 00:00:00,0.3,0.3,0.3,0.3,500.0
2014-12-12 00:00:00,0.28,0.28,0.28,0.28,240.0
2014-12-15 00:00:00,0.28,0.3,0.2747,0.2747,32160.0
2014-12-16 00:00:00,0.6399,0.6399,0.315,0.315,26256.0
2014-12-17 00:00:00,0.55,0.55,0.4108,0.4108,13281.0
2014-12-18 00:00:00,0.4108,0.4108,0.4108,0.4108,0.0
2014-12-19 00:00:00,0.3408,0.3409,0.3408,0.3408,3600.0
2014-12-22 00:00:00,0.3208,0.3208,0.3208,0.3208,100.0
2014-12-23 00:00:00,0.28,0.31,0.26,0.29,28919.0
2014-12-24 00:00:00,0.29,0.29,0.29,0.29,0.0
2014-12-26 00:00:00,0.29,0.29,0.29,0.29,0.0
2014-12-29 00:00:00,0.29,0.29,0.29,0.29,0.0
2014-12-30 00:00:00,0.27,0.27,0.27,0.27,1752.0
2014-12-31 00:00:00,0.27,0.27,0.27,0.27,58.0
2015-01-02 00:00:00,0.27,0.27,0.27,0.27,0.0
2015-01-05 00:00:00,0.27,0.27,0.27,0.27,0.0
2015-01-06 00:00:00,0.27,0.27,0.27,0.27,3000.0
2015-01-07 00:00:00,0.27,0.27,0.27,0.27,600.0
2015-01-08 00:00:00,0.27,0.27,0.27,0.27,0.0
2015-01-09 00:00:00,0.27,0.27,0.27,0.27,0.0
2015-01-12 00:00:00,0.27,0.27,0.27,0.27,240.0
2015-01-13 00:00:00,0.27,0.27,0.27,0.27,0.0
2015-01-14 00:00:00,0.27,0.27,0.27,0.27,0.0
2015-01-15 00:00:00,0.28,0.28,0.27,0.27,600.0
2015-01-16 00:00:00,0.27,0.27,0.27,0.27,0.0
2015-01-20 00:00:00,0.28,0.2933,0.25,0.25,4410.0
2015-01-21 00:00:00,0.25,0.25,0.25,0.25,0.0
2015-01-22 00:00:00,0.25,0.2501,0.25,0.2501,960.0
2015-01-23 00:00:00,0.2501,0.2501,0.2501,0.2501,0.0
2015-01-26 00:00:00,0.2501,0.2501,0.2501,0.2501,0.0
2015-01-27 00:00:00,0.2501,0.2501,0.2501,0.2501,0.0
2015-01-28 00:00:00,0.25,0.25,0.25,0.25,600.0
2015-01-29 00:00:00,0.25,0.25,0.25,0.25,420.0
2015-01-30 00:00:00,0.25,0.25,0.25,0.25,0.0
2015-02-02 00:00:00,0.25,0.25,0.25,0.25,750.0
2015-02-03 00:00:00,0.25,0.25,0.25,0.25,0.0
2015-02-04 00:00:00,0.25,0.25,0.25,0.25,0.0
2015-02-05 00:00:00,0.25,0.25,0.25,0.25,0.0
2015-02-06 00:00:00,0.25,0.25,0.25,0.25,432.0
2015-02-09 00:00:00,0.25,0.26,0.25,0.2578,2844.0
2015-02-10 00:00:00,0.2578,0.2578,0.2578,0.2578,0.0
2015-02-11 00:00:00,0.2578,0.2578,0.2578,0.2578,0.0
2015-02-12 00:00:00,0.1413,0.1413,0.1285,0.1285,600.0
2015-02-13 00:00:00,0.161,0.161,0.1314,0.1314,1924.0
2015-02-17 00:00:00,0.111,0.14,0.111,0.14,6070.0
2015-02-18 00:00:00,0.112,0.308,0.112,0.308,13580.0
2015-02-19 00:00:00,0.228,0.228,0.228,0.228,600.0
2015-02-20 00:00:00,0.228,0.228,0.228,0.228,0.0
2015-02-23 00:00:00,0.228,0.228,0.228,0.228,0.0
2015-02-24 00:00:00,0.25,0.25,0.25,0.25,360.0
2015-02-25 00:00:00,0.32,0.4,0.245,0.245,14500.0
2015-02-26 00:00:00,0.245,0.245,0.245,0.245,0.0
2015-02-27 00:00:00,0.245,0.245,0.245,0.245,0.0
2015-03-02 00:00:00,0.23,0.23,0.2093,0.2093,2190.0
2015-03-03 00:00:00,0.22,0.22,0.1569,0.1569,960.0
2015-03-04 00:00:00,0.1569,0.1569,0.1569,0.1569,0.0
2015-03-05 00:00:00,0.1569,0.1569,0.1569,0.1569,0.0
2015-03-06 00:00:00,0.2,0.3022,0.14,0.3022,16579.0
2015-03-09 00:00:00,0.3927,0.3927,0.3927,0.3927,110.0
2015-03-10 00:00:00,0.18,0.18,0.1638,0.1638,3206.0
2015-03-11 00:00:00,0.1638,0.1638,0.1638,0.1638,0.0
2015-03-12 00:00:00,0.1638,0.1638,0.1638,0.1638,0.0
2015-03-13 00:00:00,0.18,0.18,0.18,0.18,1872.0
2015-03-16 00:00:00,0.23,0.23,0.23,0.23,4899.0
2015-03-17 00:00:00,0.18,0.1919,0.18,0.18,2506.0
2015-03-18 00:00:00,0.18,0.18,0.18,0.18,3047.0
2015-03-19 00:00:00,0.15,0.15,0.0801,0.1426,118650.0
2015-03-20 00:00:00,0.1699,0.1699,0.09,0.0901,84133.0
2015-03-23 00:00:00,0.3,0.3,0.09,0.09,46090.0
2015-03-24 00:00:00,0.142,0.142,0.09,0.11,20600.0
2015-03-25 00:00:00,0.12,0.12,0.11,0.11,32645.0
2015-03-26 00:00:00,0.1,0.1,0.09,0.09,600.0
2015-03-27 00:00:00,0.133,0.2197,0.0928,0.13,39700.0
2015-03-30 00:00:00,0.1365,0.1686,0.13,0.13,9170.0
2015-03-31 00:00:00,0.14,0.14,0.1274,0.14,5703.0
2015-04-01 00:00:00,0.1,0.1172,0.1,0.1172,701.0
2015-04-02 00:00:00,0.13,0.14,0.129,0.1316,51974.0
2015-04-06 00:00:00,0.132,0.132,0.1084,0.1084,11391.0
2015-04-07 00:00:00,0.1084,0.1084,0.1084,0.1084,5.0
2015-04-08 00:00:00,0.1,0.1,0.09,0.091,29284.0
2015-04-09 00:00:00,0.1,0.11,0.09,0.11,9413.0
2015-04-10 00:00:00,0.0999,0.105,0.0999,0.105,4500.0
2015-04-13 00:00:00,0.104,0.104,0.09,0.09,5506.0
2015-04-14 00:00:00,0.09,0.1,0.09,0.1,3980.0
2015-04-15 00:00:00,0.1,0.1016,0.095,0.1016,10080.0
2015-04-16 00:00:00,0.1,0.1,0.09,0.09,5776.0
2015-04-17 00:00:00,0.094,0.094,0.094,0.094,1226.0
2015-04-20 00:00:00,0.09,0.1,0.09,0.1,11005.0
2015-04-21 00:00:00,0.09,0.094,0.09,0.09,13801.0
2015-04-22 00:00:00,0.0945,0.1,0.0945,0.1,6168.0
2015-04-23 00:00:00,0.09,0.09,0.09,0.09,240.0
2015-04-24 00:00:00,0.09,0.09,0.09,0.09,50.0
2015-04-27 00:00:00,0.09,0.09,0.09,0.09,0.0
2015-04-28 00:00:00,0.1,0.105,0.094,0.094,2267.0
2015-04-29 00:00:00,0.115,0.115,0.094,0.1,9094.0
2015-04-30 00:00:00,0.116,0.116,0.114,0.114,6600.0
2015-05-01 00:00:00,0.114,0.114,0.114,0.114,1.0
2015-05-04 00:00:00,0.114,0.114,0.114,0.114,1.0
2015-05-05 00:00:00,0.0953,0.0953,0.0867,0.0867,282.0
2015-05-06 00:00:00,0.094,0.094,0.094,0.094,432.0
2015-05-07 00:00:00,0.094,0.094,0.094,0.094,0.0
2015-05-08 00:00:00,0.0987,0.0987,0.0898,0.0928,674.0
2015-05-11 00:00:00,0.0869,0.0869,0.0869,0.0869,2400.0
2015-05-12 00:00:00,0.0869,0.0869,0.0869,0.0869,0.0
2015-05-13 00:00:00,0.0801,0.0801,0.0801,0.0801,521.0
2015-05-14 00:00:00,0.09,0.09,0.0819,0.0819,1089.0
2015-05-15 00:00:00,0.0904,0.11,0.0904,0.11,200.0
2015-05-18 00:00:00,0.1,0.115,0.1,0.115,2402.0
2015-05-19 00:00:00,0.12,0.12,0.12,0.12,771.0
2015-05-20 00:00:00,0.12,0.12,0.12,0.12,14.0
2015-05-21 00:00:00,0.12,0.12,0.12,0.12,2.0
2015-05-22 00:00:00,0.12,0.12,0.12,0.12,1.0
2015-05-26 00:00:00,0.12,0.12,0.12,0.12,1.0
2015-05-27 00:00:00,0.12,0.12,0.12,0.12,12.0
2015-05-28 00:00:00,0.12,0.12,0.12,0.12,61.0
2015-05-29 00:00:00,0.09,0.1,0.0631,0.0999,11050.0
2015-06-01 00:00:00,0.0999,0.0999,0.0999,0.0999,0.0
2015-06-02 00:00:00,0.0999,0.0999,0.0999,0.0999,0.0
2015-06-03 00:00:00,0.0999,0.0999,0.0999,0.0999,0.0
2015-06-04 00:00:00,0.0999,0.0999,0.0999,0.0999,0.0
2015-06-05 00:00:00,0.0999,0.0999,0.0999,0.0999,0.0
2015-06-08 00:00:00,0.0999,0.0999,0.0999,0.0999,0.0
2015-06-09 00:00:00,0.0999,0.0999,0.0999,0.0999,0.0
2015-06-10 00:00:00,0.134,0.1341,0.1131,0.1131,1974.0
2015-06-11 00:00:00,0.1001,0.1001,0.1,0.1,1904.0
2015-06-12 00:00:00,0.1,0.1,0.07,0.0914,1200.0
2015-06-15 00:00:00,0.09,0.09,0.085,0.085,1000.0
2015-06-16 00:00:00,0.09,0.1,0.085,0.085,1680.0
2015-06-17 00:00:00,0.085,0.085,0.085,0.085,0.0
2015-06-18 00:00:00,0.085,0.085,0.085,0.085,0.0
2015-06-19 00:00:00,0.085,0.085,0.085,0.085,600.0
2015-06-22 00:00:00,0.085,0.085,0.085,0.085,0.0
2015-06-23 00:00:00,0.099,0.099,0.099,0.099,1000.0
2015-06-24 00:00:00,0.099,0.099,0.099,0.099,1100.0
2015-06-25 00:00:00,0.0875,0.0875,0.0875,0.0875,300.0
2015-06-26 00:00:00,0.0875,0.0875,0.0875,0.0875,0.0
2015-06-29 00:00:00,0.085,0.085,0.085,0.085,144.0
2015-06-30 00:00:00,0.085,0.085,0.085,0.085,0.0
2015-07-01 00:00:00,0.085,0.085,0.085,0.085,450.0
2015-07-02 00:00:00,0.085,0.085,0.085,0.085,0.0
2015-07-06 00:00:00,0.095,0.095,0.085,0.085,200.0
2015-07-07 00:00:00,0.085,0.085,0.085,0.085,5058.0
2015-07-08 00:00:00,0.085,0.085,0.0629,0.0629,4400.0
2015-07-09 00:00:00,0.0629,0.0629,0.0629,0.0629,0.0
2015-07-10 00:00:00,0.0629,0.0629,0.0629,0.0629,0.0
2015-07-13 00:00:00,0.081,0.0922,0.081,0.0922,4800.0
2015-07-14 00:00:00,0.0922,0.0922,0.0922,0.0922,0.0
2015-07-15 00:00:00,0.0968,0.0968,0.0726,0.0744,1200.0
2015-07-16 00:00:00,0.08,0.08,0.08,0.08,100.0
2015-07-17 00:00:00,0.08,0.08,0.08,0.08,8.0
2015-07-20 00:00:00,0.08,0.08,0.08,0.08,0.0
2015-07-21 00:00:00,0.08,0.08,0.08,0.08,0.0
2015-07-22 00:00:00,0.08,0.08,0.08,0.08,0.0
2015-07-23 00:00:00,0.08,0.08,0.08,0.08,0.0
2015-07-24 00:00:00,0.08,0.08,0.08,0.08,0.0
2015-07-27 00:00:00,0.08,0.08,0.08,0.08,0.0
2015-07-28 00:00:00,0.08,0.08,0.08,0.08,0.0
2015-07-29 00:00:00,0.0272,0.0272,0.0272,0.0272,2200.0
2015-07-30 00:00:00,0.0701,0.1216,0.05,0.08,61539.0
2015-07-31 00:00:00,0.088,0.088,0.07,0.07,1699.0
2015-08-03 00:00:00,0.05,0.1125,0.05,0.1125,8466.0
2015-08-04 00:00:00,0.0716,0.09,0.0716,0.0752,3648.0
2015-08-05 00:00:00,0.0789,0.0907,0.0789,0.0907,700.0
2015-08-06 00:00:00,0.0378,0.0651,0.0114,0.0626,38357.0
2015-08-07 00:00:00,0.062,0.0782,0.0534,0.0782,4371.0
2015-08-10 00:00:00,0.0502,0.0527,0.045,0.045,1216.0
2015-08-11 00:00:00,0.0781,0.0781,0.0781,0.0781,388.0
2015-08-12 00:00:00,0.0781,0.0781,0.045,0.045,714.0
2015-08-13 00:00:00,0.0474,0.0474,0.0474,0.0474,607.0
2015-08-14 00:00:00,0.0474,0.0474,0.0474,0.0474,0.0
2015-08-17 00:00:00,0.045,0.07,0.045,0.07,886.0
2015-08-18 00:00:00,0.07,0.07,0.07,0.07,138.0
2015-08-19 00:00:00,0.07,0.07,0.07,0.07,132.0
2015-08-20 00:00:00,0.07,0.07,0.055,0.055,413.0
2015-08-21 00:00:00,0.055,0.055,0.055,0.055,0.0
2015-08-24 00:00:00,0.055,0.055,0.045,0.0525,1658.0
2015-08-25 00:00:00,0.0499,0.05,0.0499,0.05,824.0
2015-08-26 00:00:00,0.05,0.05,0.05,0.05,1305.0
2015-08-27 00:00:00,0.05,0.05,0.05,0.05,1800.0
2015-08-28 00:00:00,0.05,0.05,0.05,0.05,72.0
2015-08-31 00:00:00,0.05,0.05,0.05,0.05,0.0
2015-09-01 00:00:00,0.05,0.05,0.05,0.05,5.0
2015-09-02 00:00:00,0.05,0.06,0.05,0.06,1708.0
2015-09-03 00:00:00,0.06,0.06,0.06,0.06,1180.0
2015-09-04 00:00:00,0.0599,0.0599,0.05,0.0588,480.0
2015-09-08 00:00:00,0.06,0.06,0.05,0.05,1661.0
2015-09-09 00:00:00,0.05,0.05,0.05,0.05,70.0
2015-09-10 00:00:00,0.0525,0.0525,0.05,0.05,5400.0
2015-09-11 00:00:00,0.053,0.053,0.05,0.05,1737.0
2015-09-14 00:00:00,0.055,0.055,0.055,0.055,116.0
2015-09-15 00:00:00,0.05,0.0526,0.05,0.0525,2231.0
2015-09-16 00:00:00,0.06,0.06,0.06,0.06,140.0
2015-09-17 00:00:00,0.06,0.06,0.0599,0.0599,2750.0
2015-09-18 00:00:00,0.06,0.06,0.06,0.06,1721.0
2015-09-21 00:00:00,0.06,0.06,0.06,0.06,82.0
2015-09-22 00:00:00,0.05,0.06,0.05,0.05,1870.0
2015-09-23 00:00:00,0.08,0.08,0.076,0.076,260.0
2015-09-24 00:00:00,0.075,0.075,0.05,0.05,3518.0
2015-09-25 00:00:00,0.0649,0.0649,0.0649,0.0649,4183.0
2015-09-28 00:00:00,0.075,0.0902,0.07,0.0819,2799.0
2015-09-29 00:00:00,0.1023,0.1023,0.1023,0.1023,116.0
2015-09-30 00:00:00,0.1023,0.1023,0.1023,0.1023,1.0
2015-10-01 00:00:00,0.05,0.05,0.05,0.05,430.0
2015-10-02 00:00:00,0.05,0.05,0.05,0.05,300.0
2015-10-05 00:00:00,0.05,0.05,0.05,0.05,210.0
2015-10-06 00:00:00,0.056,0.056,0.0559,0.0559,2965.0
2015-10-07 00:00:00,0.0559,0.0559,0.0559,0.0559,266.0
2015-10-08 00:00:00,0.0559,0.0559,0.0559,0.0559,0.0
2015-10-09 00:00:00,0.0559,0.0559,0.0559,0.0559,30.0
2015-10-12 00:00:00,0.0559,0.0559,0.0559,0.0559,1.0
2015-10-13 00:00:00,0.0265,0.0265,0.0265,0.0265,2500.0
2015-10-14 00:00:00,0.026,0.026,0.026,0.026,648.0
2015-10-15 00:00:00,0.026,0.026,0.026,0.026,0.0
2015-10-16 00:00:00,0.026,0.026,0.026,0.026,0.0
2015-10-19 00:00:00,0.026,0.026,0.026,0.026,0.0
2015-10-20 00:00:00,0.0299,0.0299,0.0273,0.0273,3139.0
2015-10-21 00:00:00,0.0286,0.0286,0.0216,0.0216,939.0
2015-10-22 00:00:00,0.0216,0.0216,0.0216,0.0216,0.0
2015-10-23 00:00:00,0.0216,0.0216,0.0216,0.0216,348.0
2015-10-26 00:00:00,0.0216,0.0216,0.0216,0.0216,138.0
2015-10-27 00:00:00,0.0216,0.0216,0.0216,0.0216,0.0
2015-10-28 00:00:00,0.0216,0.0216,0.0216,0.0216,0.0
2015-10-29 00:00:00,0.0216,0.0216,0.0216,0.0216,0.0
2015-10-30 00:00:00,0.0216,0.0216,0.0216,0.0216,0.0
2015-11-02 00:00:00,0.0216,0.0216,0.0216,0.0216,0.0
2015-11-03 00:00:00,0.0216,0.0216,0.0216,0.0216,90.0
2015-11-04 00:00:00,0.0216,0.0216,0.0216,0.0216,0.0
2015-11-05 00:00:00,0.0216,0.0216,0.0216,0.0216,0.0
2015-11-06 00:00:00,0.0279,0.05,0.0279,0.05,6322.0
2015-11-09 00:00:00,0.05,0.05,0.0499,0.05,7458.0
2015-11-10 00:00:00,0.08,0.08,0.08,0.08,100.0
2015-11-11 00:00:00,0.0664,0.07,0.0664,0.07,574.0
2015-11-12 00:00:00,0.07,0.07,0.07,0.07,904.0
2015-11-13 00:00:00,0.07,0.07,0.07,0.07,0.0
2015-11-16 00:00:00,0.0735,0.08,0.0735,0.08,710.0
2015-11-17 00:00:00,0.08,0.08,0.08,0.08,0.0
2015-11-18 00:00:00,0.08,0.08,0.08,0.08,125.0
2015-11-19 00:00:00,0.08,0.08,0.08,0.08,5.0
2015-11-20 00:00:00,0.08,0.08,0.08,0.08,0.0
2015-11-23 00:00:00,0.027,0.027,0.027,0.027,489.0
2015-11-24 00:00:00,0.027,0.027,0.027,0.027,0.0
2015-11-25 00:00:00,0.027,0.027,0.027,0.027,0.0
2015-11-27 00:00:00,0.027,0.027,0.027,0.027,0.0
2015-11-30 00:00:00,0.0283,0.0283,0.027,0.027,2230.0
2015-12-01 00:00:00,0.0201,0.0201,0.0201,0.0201,639.0
2015-12-02 00:00:00,0.0211,0.03,0.0211,0.03,4490.0
2015-12-03 00:00:00,0.03,0.1774,0.03,0.1,50482.0
2015-12-04 00:00:00,0.105,0.105,0.0636,0.1,4312.0
2015-12-07 00:00:00,0.1,0.1,0.0601,0.0601,466.0
2015-12-08 00:00:00,0.0601,0.0601,0.0601,0.0601,10.0
2015-12-09 00:00:00,0.0601,0.0601,0.0601,0.0601,202.0
2015-12-10 00:00:00,0.0601,0.1,0.06,0.1,6486.0
2015-12-11 00:00:00,0.0999,0.0999,0.0701,0.0701,1493.0
2015-12-14 00:00:00,0.0701,0.0701,0.06,0.07,1607.0
2015-12-15 00:00:00,0.07,0.07,0.07,0.07,0.0
2015-12-16 00:00:00,0.07,0.07,0.07,0.07,60.0
2015-12-17 00:00:00,0.08,0.0824,0.055,0.06,5400.0
2015-12-18 00:00:00,0.06,0.06,0.06,0.06,100.0
2015-12-21 00:00:00,0.063,0.063,0.063,0.063,1860.0
2015-12-22 00:00:00,0.065,0.065,0.055,0.055,340.0
2015-12-23 00:00:00,0.055,0.055,0.055,0.055,0.0
2015-12-24 00:00:00,0.055,0.055,0.055,0.055,10.0
2015-12-28 00:00:00,0.055,0.055,0.055,0.055,0.0
2015-12-29 00:00:00,0.055,0.055,0.055,0.055,10.0
2015-12-30 00:00:00,0.055,0.055,0.055,0.055,0.0
2015-12-31 00:00:00,0.055,0.055,0.055,0.055,0.0
2016-01-04 00:00:00,0.055,0.055,0.055,0.055,161.0
2016-01-05 00:00:00,0.055,0.055,0.055,0.055,0.0
2016-01-06 00:00:00,0.055,0.055,0.055,0.055,0.0
2016-01-07 00:00:00,0.025,0.025,0.025,0.025,176.0
2016-01-08 00:00:00,0.025,0.025,0.025,0.025,0.0
2016-01-11 00:00:00,0.0363,0.0364,0.0263,0.0263,11423.0
2016-01-12 00:00:00,0.0263,0.0263,0.0263,0.0263,0.0
2016-01-13 00:00:00,0.0376,0.0376,0.0277,0.0303,3470.0
2016-01-14 00:00:00,0.0303,0.0303,0.0303,0.0303,0.0
2016-01-15 00:00:00,0.0303,0.0303,0.0303,0.0303,0.0
2016-01-19 00:00:00,0.0318,0.0318,0.0251,0.0251,1200.0
2016-01-20 00:00:00,0.0317,0.0599,0.0317,0.0599,2400.0
2016-01-21 00:00:00,0.0599,0.0599,0.0599,0.0599,1741.0
2016-01-22 00:00:00,0.0629,0.0629,0.0404,0.0404,3200.0
2016-01-25 00:00:00,0.0251,0.0917,0.0251,0.0733,4457.0
2016-01-26 00:00:00,0.0769,0.0769,0.0331,0.0331,477.0
2016-01-27 00:00:00,0.0448,0.0448,0.038,0.038,313.0
2016-01-28 00:00:00,0.038,0.038,0.038,0.038,97.0
2016-01-29 00:00:00,0.0399,0.0399,0.0399,0.0399,1067.0
2016-02-01 00:00:00,0.0399,0.0399,0.0399,0.0399,0.0
2016-02-02 00:00:00,0.0399,0.0399,0.0399,0.0399,0.0
2016-02-03 00:00:00,0.0399,0.0399,0.0399,0.0399,0.0
2016-02-04 00:00:00,0.0201,0.0201,0.0201,0.0201,401.0
2016-02-05 00:00:00,0.0201,0.0201,0.0201,0.0201,0.0
2016-02-08 00:00:00,0.0201,0.0201,0.0201,0.0201,0.0
2016-02-09 00:00:00,0.0201,0.0201,0.0201,0.0201,0.0
2016-02-10 00:00:00,0.0201,0.0201,0.0201,0.0201,0.0
2016-02-11 00:00:00,0.0201,0.0201,0.0201,0.0201,0.0
2016-02-12 00:00:00,0.0201,0.0201,0.0201,0.0201,0.0
2016-02-16 00:00:00,0.0201,0.0201,0.0201,0.0201,124.0
2016-02-17 00:00:00,0.0201,0.0201,0.0201,0.0201,0.0
2016-02-18 00:00:00,0.0201,0.0201,0.0201,0.0201,0.0
2016-02-19 00:00:00,0.0201,0.0201,0.0201,0.0201,72.0
2016-02-22 00:00:00,0.0201,0.0201,0.0201,0.0201,0.0
2016-02-23 00:00:00,0.0201,0.0201,0.0201,0.0201,0.0
2016-02-24 00:00:00,0.0201,0.0201,0.0201,0.0201,100.0
2016-02-25 00:00:00,0.0201,0.0201,0.0201,0.0201,0.0
2016-02-26 00:00:00,0.0239,0.0239,0.0239,0.0239,240.0
2016-02-29 00:00:00,0.0239,0.0239,0.0239,0.0239,3.0
2016-03-01 00:00:00,0.0239,0.0239,0.0239,0.0239,0.0
2016-03-02 00:00:00,0.0239,0.0239,0.0239,0.0239,0.0
2016-03-03 00:00:00,0.0239,0.0239,0.0239,0.0239,0.0
2016-03-04 00:00:00,0.0239,0.0239,0.0239,0.0239,0.0
2016-03-07 00:00:00,0.0238,0.0238,0.0238,0.0238,201.0
2016-03-08 00:00:00,0.0238,0.0238,0.0238,0.0238,0.0
2016-03-09 00:00:00,0.0251,0.07,0.025,0.025,1502.0
2016-03-10 00:00:00,0.025,0.025,0.025,0.025,23.0
2016-03-11 00:00:00,0.07,0.07,0.0264,0.0277,17270.0
2016-03-14 00:00:00,0.0291,0.0305,0.025,0.026,2399.0
2016-03-15 00:00:00,0.026,0.026,0.026,0.026,100.0
2016-03-16 00:00:00,0.026,0.026,0.026,0.026,0.0
2016-03-17 00:00:00,0.026,0.026,0.026,0.026,0.0
2016-03-18 00:00:00,0.026,0.026,0.026,0.026,48.0
2016-03-21 00:00:00,0.0273,0.0273,0.0273,0.0273,190.0
2016-03-22 00:00:00,0.0273,0.0273,0.0273,0.0273,10.0
2016-03-23 00:00:00,0.0273,0.0273,0.0273,0.0273,0.0
2016-03-24 00:00:00,0.0273,0.0273,0.0273,0.0273,0.0
2016-03-28 00:00:00,0.0287,0.0287,0.02,0.02,3112.0
2016-03-29 00:00:00,0.027,0.029,0.025,0.025,2795.0
2016-03-30 00:00:00,0.0262,0.0262,0.0183,0.0183,3700.0
2016-03-31 00:00:00,0.0183,0.0183,0.0183,0.0183,42.0
2016-04-01 00:00:00,0.0192,0.0192,0.0192,0.0192,1400.0
2016-04-04 00:00:00,0.0192,0.0192,0.0192,0.0192,0.0
2016-04-05 00:00:00,0.0202,0.0202,0.0201,0.0201,1500.0
2016-04-06 00:00:00,0.0211,0.0211,0.0211,0.0211,750.0
2016-04-07 00:00:00,0.0327,0.0327,0.0222,0.0222,1240.0
2016-04-08 00:00:00,0.0222,0.0222,0.0222,0.0222,1.0
2016-04-11 00:00:00,0.03,0.032,0.03,0.0315,3007.0
2016-04-12 00:00:00,0.1,0.1,0.0353,0.0389,22803.0
2016-04-13 00:00:00,0.0408,0.05,0.036,0.05,8033.0
2016-04-14 00:00:00,0.0525,0.0525,0.0288,0.042,9680.0
2016-04-15 00:00:00,0.0441,0.045,0.04,0.0421,4732.0
2016-04-18 00:00:00,0.0442,0.0442,0.0442,0.0442,648.0
2016-04-19 00:00:00,0.0442,0.0442,0.0442,0.0442,6.0
2016-04-20 00:00:00,0.0442,0.0442,0.0442,0.0442,27.0
2016-04-21 00:00:00,0.045,0.045,0.045,0.045,897.0
2016-04-22 00:00:00,0.0472,0.0472,0.04,0.0472,17121.0
2016-04-25 00:00:00,0.0472,0.0472,0.0472,0.0472,0.0
2016-04-26 00:00:00,0.0453,0.0453,0.045,0.045,845.0
2016-04-27 00:00:00,0.045,0.045,0.045,0.045,0.0
2016-04-28 00:00:00,0.025,0.025,0.025,0.025,100.0
2016-04-29 00:00:00,0.046,0.046,0.046,0.046,2139.0
2016-05-02 00:00:00,0.04,0.046,0.04,0.046,1772.0
2016-05-03 00:00:00,0.0483,0.0483,0.04,0.042,2392.0
2016-05-04 00:00:00,0.042,0.042,0.042,0.042,11.0
2016-05-05 00:00:00,0.04,0.042,0.04,0.042,1743.0
2016-05-06 00:00:00,0.04,0.04,0.04,0.04,253.0
2016-05-09 00:00:00,0.04,0.04,0.04,0.04,15.0
2016-05-10 00:00:00,0.04,0.04,0.04,0.04,0.0
2016-05-11 00:00:00,0.04,0.04,0.04,0.04,25.0
2016-05-12 00:00:00,0.04,0.04,0.04,0.04,15.0
2016-05-13 00:00:00,0.04,0.04,0.04,0.04,1.0
2016-05-16 00:00:00,0.04,0.04,0.04,0.04,0.0
2016-05-17 00:00:00,0.03,0.03,0.03,0.03,250.0
2016-05-18 00:00:00,0.03,0.03,0.03,0.03,0.0
2016-05-19 00:00:00,0.03,0.03,0.03,0.03,0.0
2016-05-20 00:00:00,0.0315,0.0315,0.03,0.03,300.0
2016-05-23 00:00:00,0.03,0.03,0.03,0.03,5.0
2016-05-24 00:00:00,0.03,0.03,0.03,0.03,0.0
2016-05-25 00:00:00,0.0407,0.0407,0.0407,0.0407,2421.0
2016-05-26 00:00:00,0.04,0.04,0.04,0.04,216.0
2016-05-27 00:00:00,0.04,0.04,0.04,0.04,133.0
2016-05-31 00:00:00,0.04,0.04,0.04,0.04,1811.0
2016-06-01 00:00:00,0.04,0.04,0.04,0.04,60.0
2016-06-02 00:00:00,0.04,0.04,0.04,0.04,0.0
2016-06-03 00:00:00,0.04,0.04,0.04,0.04,0.0
2016-06-06 00:00:00,0.042,0.0458,0.033,0.04,4400.0
2016-06-07 00:00:00,0.042,0.042,0.042,0.042,1080.0
2016-06-08 00:00:00,0.042,0.042,0.042,0.042,100.0
2016-06-09 00:00:00,0.042,0.042,0.042,0.042,9.0
2016-06-10 00:00:00,0.062,0.062,0.062,0.062,100.0
2016-06-13 00:00:00,0.062,0.062,0.062,0.062,1162.0
2016-06-14 00:00:00,0.0651,0.0651,0.0301,0.0301,530.0
2016-06-15 00:00:00,0.0316,0.0316,0.0316,0.0316,815.0
2016-06-16 00:00:00,0.0316,0.0316,0.0316,0.0316,1.0
2016-06-17 00:00:00,0.0316,0.0316,0.0316,0.0316,0.0
2016-06-20 00:00:00,0.0316,0.0316,0.0316,0.0316,0.0
2016-06-21 00:00:00,0.0316,0.0316,0.0316,0.0316,5.0
2016-06-22 00:00:00,0.0316,0.0316,0.0316,0.0316,30.0
2016-06-23 00:00:00,0.08,0.08,0.08,0.08,1890.0
2016-06-24 00:00:00,0.0451,0.0451,0.0451,0.0451,681.0
2016-06-27 00:00:00,0.0451,0.0451,0.0451,0.0451,0.0
2016-06-28 00:00:00,0.0451,0.0451,0.0451,0.0451,0.0
2016-06-29 00:00:00,0.0451,0.0451,0.0451,0.0451,0.0
2016-06-30 00:00:00,0.0474,0.0474,0.0474,0.0474,637.0
2016-07-01 00:00:00,0.0474,0.0474,0.0474,0.0474,100.0
2016-07-05 00:00:00,0.0474,0.0474,0.0474,0.0474,0.0
2016-07-06 00:00:00,0.0474,0.0474,0.0474,0.0474,0.0
2016-07-07 00:00:00,0.0474,0.0474,0.0474,0.0474,0.0
2016-07-08 00:00:00,0.0474,0.0474,0.0474,0.0474,25.0
2016-07-11 00:00:00,0.0474,0.0474,0.0474,0.0474,0.0
2016-07-12 00:00:00,0.0899,0.0899,0.0899,0.0899,2000.0
2016-07-13 00:00:00,0.0451,0.0498,0.0451,0.0451,1027.0
2016-07-14 00:00:00,0.0799,0.08,0.0755,0.0792,10355.0
2016-07-15 00:00:00,0.0501,0.0501,0.0501,0.0501,2102.0
2016-07-18 00:00:00,0.0451,0.0474,0.0451,0.0474,653.0
2016-07-19 00:00:00,0.0474,0.0474,0.0474,0.0474,0.0
2016-07-20 00:00:00,0.0792,0.08,0.0792,0.08,4501.0
2016-07-21 00:00:00,0.08,0.08,0.05,0.08,852.0
2016-07-22 00:00:00,0.075,0.08,0.061,0.08,6310.0
2016-07-25 00:00:00,0.061,0.061,0.061,0.061,101.0
2016-07-26 00:00:00,0.07,0.07,0.07,0.07,4559.0
2016-07-27 00:00:00,0.08,0.08,0.07,0.07,2827.0
2016-07-28 00:00:00,0.07,0.07,0.07,0.07,0.0
2016-07-29 00:00:00,0.0735,0.0735,0.0529,0.0735,1902.0
2016-08-01 00:00:00,0.0732,0.0732,0.0732,0.0732,1009.0
2016-08-02 00:00:00,0.0732,0.0732,0.0732,0.0732,16.0
2016-08-03 00:00:00,0.06,0.06,0.06,0.06,309.0
2016-08-04 00:00:00,0.0508,0.06,0.0508,0.0508,1948.0
2016-08-05 00:00:00,0.0508,0.0508,0.0508,0.0508,0.0
2016-08-08 00:00:00,0.0508,0.0508,0.0508,0.0508,0.0
2016-08-09 00:00:00,0.0533,0.0613,0.0533,0.0533,2388.0
2016-08-10 00:00:00,0.05,0.08,0.05,0.06,4661.0
2016-08-11 00:00:00,0.063,0.089,0.063,0.0661,3084.0
2016-08-12 00:00:00,0.0694,0.09,0.065,0.09,11606.0
2016-08-15 00:00:00,0.0872,0.089,0.0872,0.0883,1303.0
2016-08-16 00:00:00,0.09,0.09,0.08,0.0818,2363.0
2016-08-17 00:00:00,0.07,0.07,0.07,0.07,424.0
2016-08-18 00:00:00,0.09,0.09,0.09,0.09,3331.0
2016-08-19 00:00:00,0.09,0.09,0.0501,0.0726,6495.0
2016-08-22 00:00:00,0.0726,0.0726,0.0726,0.0726,2.0
2016-08-23 00:00:00,0.07,0.07,0.07,0.07,1188.0
2016-08-24 00:00:00,0.07,0.07,0.07,0.07,659.0
2016-08-25 00:00:00,0.09,0.09,0.0735,0.0735,2304.0
2016-08-26 00:00:00,0.09,0.09,0.09,0.09,2715.0
2016-08-29 00:00:00,0.08,0.08,0.08,0.08,460.0
2016-08-30 00:00:00,0.084,0.0887,0.0837,0.0887,20428.0
2016-08-31 00:00:00,0.0892,0.0892,0.0892,0.0892,1186.0
2016-09-01 00:00:00,0.0892,0.0892,0.0892,0.0892,38.0
2016-09-02 00:00:00,0.0892,0.0892,0.0892,0.0892,49.0
2016-09-06 00:00:00,0.08,0.08,0.08,0.08,3564.0
2016-09-07 00:00:00,0.084,0.084,0.08,0.08,4045.0
2016-09-08 00:00:00,0.08,0.08,0.076,0.08,671.0
2016-09-09 00:00:00,0.0807,0.0807,0.08,0.08,799.0
2016-09-12 00:00:00,0.08,0.08,0.08,0.08,0.0
2016-09-13 00:00:00,0.09,0.1,0.09,0.0994,4538.0
2016-09-14 00:00:00,0.1,0.1,0.09,0.0904,7606.0
2016-09-15 00:00:00,0.0904,0.0904,0.0904,0.0904,0.0
2016-09-16 00:00:00,0.09,0.0945,0.09,0.0945,670.0
2016-09-19 00:00:00,0.0992,0.0992,0.0942,0.0942,4600.0
2016-09-20 00:00:00,0.09,0.1,0.09,0.0945,9470.0
2016-09-21 00:00:00,0.09,0.1,0.09,0.1,9692.0
2016-09-22 00:00:00,0.09,0.09,0.09,0.09,252.0
2016-09-23 00:00:00,0.08,0.1,0.0662,0.084,55946.0
2016-09-26 00:00:00,0.0882,0.0941,0.0882,0.0926,6563.0
2016-09-27 00:00:00,0.08,0.1,0.08,0.08,9867.0
2016-09-28 00:00:00,0.0945,0.0964,0.0945,0.0945,2227.0
2016-09-29 00:00:00,0.085,0.0892,0.085,0.085,6200.0
2016-09-30 00:00:00,0.085,0.085,0.085,0.085,160.0
2016-10-03 00:00:00,0.085,0.085,0.085,0.085,160.0
2016-10-04 00:00:00,0.085,0.089,0.085,0.085,4690.0
2016-10-05 00:00:00,0.085,0.085,0.085,0.085,100.0
2016-10-06 00:00:00,0.0892,0.0892,0.08,0.08,4916.0
2016-10-07 00:00:00,0.084,0.092,0.084,0.084,544.0
2016-10-10 00:00:00,0.0882,0.09,0.0882,0.09,570.0
2016-10-11 00:00:00,0.0945,0.0945,0.0945,0.0945,416.0
2016-10-12 00:00:00,0.0992,0.0992,0.08,0.08,15856.0
2016-10-13 00:00:00,0.08,0.08,0.08,0.08,100.0
2016-10-14 00:00:00,0.052,0.08,0.052,0.08,249.0
2016-10-17 00:00:00,0.084,0.084,0.084,0.084,756.0
2016-10-18 00:00:00,0.08,0.081,0.08,0.081,461.0
2016-10-19 00:00:00,0.08,0.08,0.075,0.078,25040.0
2016-10-20 00:00:00,0.0797,0.08,0.075,0.08,1390.0
2016-10-21 00:00:00,0.075,0.0787,0.075,0.075,927.0
2016-10-24 00:00:00,0.0787,0.0787,0.0668,0.0668,11125.0
2016-10-25 00:00:00,0.07,0.07,0.06,0.06,3055.0
2016-10-26 00:00:00,0.0631,0.0631,0.0631,0.0631,1196.0
2016-10-27 00:00:00,0.07,0.07,0.065,0.065,5262.0
2016-10-28 00:00:00,0.0648,0.0648,0.0648,0.0648,100.0
2016-10-31 00:00:00,0.07,0.07,0.0611,0.062,4945.0
2016-11-01 00:00:00,0.062,0.062,0.062,0.062,100.0
2016-11-02 00:00:00,0.062,0.062,0.062,0.062,16.0
2016-11-03 00:00:00,0.0651,0.0651,0.0651,0.0651,100.0
2016-11-04 00:00:00,0.0685,0.07,0.065,0.065,5248.0
2016-11-07 00:00:00,0.065,0.065,0.065,0.065,100.0
2016-11-08 00:00:00,0.0682,0.0682,0.063,0.063,13933.0
2016-11-09 00:00:00,0.07,0.07,0.0664,0.0697,2929.0
2016-11-10 00:00:00,0.065,0.0691,0.065,0.0682,1869.0
2016-11-11 00:00:00,0.0687,0.0687,0.0687,0.0687,213.0
2016-11-14 00:00:00,0.064,0.064,0.064,0.064,314.0
2016-11-15 00:00:00,0.06,0.061,0.06,0.061,475.0
2016-11-16 00:00:00,0.066,0.07,0.0611,0.07,1951.0
2016-11-17 00:00:00,0.07,0.07,0.07,0.07,98.0
2016-11-18 00:00:00,0.0691,0.0691,0.0691,0.0691,253.0
2016-11-21 00:00:00,0.0692,0.0692,0.0692,0.0692,279.0
2016-11-22 00:00:00,0.0692,0.0692,0.0692,0.0692,13.0
2016-11-23 00:00:00,0.0692,0.0692,0.0692,0.0692,277.0
2016-11-25 00:00:00,0.0692,0.0692,0.05,0.05,4328.0
2016-11-28 00:00:00,0.05,0.05,0.05,0.05,180.0
2016-11-29 00:00:00,0.05,0.05,0.05,0.05,100.0
2016-11-30 00:00:00,0.0525,0.0525,0.0525,0.0525,480.0
2016-12-01 00:00:00,0.0525,0.0525,0.0525,0.0525,0.0
2016-12-02 00:00:00,0.0525,0.0525,0.0525,0.0525,0.0
2016-12-05 00:00:00,0.0551,0.0551,0.0551,0.0551,688.0
2016-12-06 00:00:00,0.0548,0.0548,0.0547,0.0547,202.0
2016-12-07 00:00:00,0.06,0.06,0.06,0.06,1501.0
2016-12-08 00:00:00,0.06,0.06,0.06,0.06,7235.0
2016-12-09 00:00:00,0.063,0.063,0.059,0.059,581.0
2016-12-12 00:00:00,0.059,0.059,0.059,0.059,0.0
2016-12-13 00:00:00,0.059,0.059,0.059,0.059,0.0
2016-12-14 00:00:00,0.0599,0.0599,0.0599,0.0599,1194.0
2016-12-15 00:00:00,0.059,0.059,0.054,0.054,3450.0
2016-12-16 00:00:00,0.063,0.0631,0.0546,0.0573,5690.0
2016-12-19 00:00:00,0.0601,0.0601,0.0302,0.0302,2186.0
2016-12-20 00:00:00,0.06,0.06,0.06,0.06,2699.0
2016-12-21 00:00:00,0.063,0.063,0.05,0.0555,2473.0
2016-12-22 00:00:00,0.06,0.0616,0.06,0.0616,2825.0
2016-12-23 00:00:00,0.0525,0.0554,0.0525,0.0554,214.0
2016-12-27 00:00:00,0.05,0.0526,0.04,0.04,33590.0
2016-12-28 00:00:00,0.042,0.0473,0.042,0.0441,12401.0
2016-12-29 00:00:00,0.047,0.05,0.0402,0.0402,19747.0
2016-12-30 00:00:00,0.0422,0.0468,0.0422,0.0467,2190.0
2017-01-03 00:00:00,0.049,0.0514,0.045,0.045,6126.0
2017-01-04 00:00:00,0.0472,0.051,0.0472,0.0472,4013.0
2017-01-05 00:00:00,0.048,0.048,0.0475,0.048,7058.0
2017-01-06 00:00:00,0.048,0.0504,0.044,0.0462,6250.0
2017-01-09 00:00:00,0.0485,0.0499,0.045,0.045,2004.0
2017-01-10 00:00:00,0.0472,0.0495,0.045,0.0451,4757.0
2017-01-11 00:00:00,0.0473,0.0499,0.045,0.0452,6393.0
2017-01-12 00:00:00,0.0474,0.0498,0.0454,0.0476,7698.0
2017-01-13 00:00:00,0.049,0.049,0.0452,0.0453,5161.0
2017-01-17 00:00:00,0.045,0.05,0.045,0.0499,7344.0
2017-01-18 00:00:00,0.0511,0.0511,0.0454,0.0498,2407.0
2017-01-19 00:00:00,0.045,0.045,0.045,0.045,1195.0
2017-01-20 00:00:00,0.0472,0.0472,0.0472,0.0472,1371.0
2017-01-23 00:00:00,0.0495,0.0498,0.045,0.0451,8662.0
2017-01-24 00:00:00,0.0473,0.0473,0.0473,0.0473,457.0
2017-01-25 00:00:00,0.0489,0.0489,0.047,0.047,546.0
2017-01-26 00:00:00,0.047,0.0491,0.047,0.0477,5693.0
2017-01-27 00:00:00,0.047,0.0488,0.047,0.0488,1724.0
2017-01-30 00:00:00,0.0487,0.0487,0.0487,0.0487,356.0
2017-01-31 00:00:00,0.0484,0.0487,0.0471,0.0471,741.0
2017-02-01 00:00:00,0.0487,0.0487,0.0487,0.0487,162.0
2017-02-02 00:00:00,0.051,0.051,0.05,0.05,4369.0
2017-02-03 00:00:00,0.05,0.05,0.048,0.048,1150.0
2017-02-06 00:00:00,0.05,0.05,0.048,0.048,2077.0
2017-02-07 00:00:00,0.048,0.048,0.048,0.048,0.0
2017-02-08 00:00:00,0.051,0.051,0.047,0.047,9603.0
2017-02-09 00:00:00,0.047,0.051,0.047,0.048,6512.0
2017-02-10 00:00:00,0.05,0.051,0.05,0.051,13881.0
2017-02-13 00:00:00,0.051,0.051,0.047,0.05,4968.0
2017-02-14 00:00:00,0.047,0.049,0.047,0.049,854.0
2017-02-15 00:00:00,0.049,0.051,0.048,0.048,956.0
2017-02-16 00:00:00,0.05,0.051,0.048,0.05,1290.0
2017-02-17 00:00:00,0.047,0.05,0.047,0.05,1271.0
2017-02-21 00:00:00,0.05,0.05,0.047,0.047,866.0
2017-02-22 00:00:00,0.048,0.05,0.048,0.05,1442.0
2017-02-23 00:00:00,0.05,0.05,0.05,0.05,482.0
2017-02-24 00:00:00,0.051,0.051,0.051,0.051,1617.0
2017-02-27 00:00:00,0.054,0.054,0.05,0.051,36299.0
2017-02-28 00:00:00,0.054,0.054,0.046,0.05,58549.0
2017-03-01 00:00:00,0.053,0.053,0.047,0.051,722.0
2017-03-02 00:00:00,0.053,0.053,0.05,0.05,2898.0
2017-03-03 00:00:00,0.052,0.052,0.05,0.052,11962.0
2017-03-06 00:00:00,0.044,0.052,0.03,0.047,2557.0
2017-03-07 00:00:00,0.05,0.052,0.048,0.048,3777.0
2017-03-08 00:00:00,0.043,0.043,0.043,0.043,476.0
2017-03-09 00:00:00,0.045,0.05,0.045,0.049,1166.0
2017-03-10 00:00:00,0.052,0.052,0.044,0.044,13288.0
2017-03-13 00:00:00,0.046,0.048,0.046,0.046,1608.0
2017-03-14 00:00:00,0.048,0.05,0.045,0.049,42798.0
2017-03-15 00:00:00,0.045,0.047,0.045,0.047,3354.0
2017-03-16 00:00:00,0.049,0.05,0.036,0.038,25821.0
2017-03-17 00:00:00,0.04,0.047,0.04,0.047,11758.0
2017-03-20 00:00:00,0.049,0.056,0.045,0.051,37762.0
2017-03-21 00:00:00,0.053,0.053,0.03,0.046,10133.0
2017-03-22 00:00:00,0.045,0.051,0.045,0.045,23614.0
2017-03-23 00:00:00,0.046,0.049,0.043,0.047,15391.0
2017-03-24 00:00:00,0.048,0.048,0.042,0.046,6812.0
2017-03-27 00:00:00,0.048,0.048,0.035,0.043,9676.0
2017-03-28 00:00:00,0.042,0.046,0.041,0.045,7189.0
2017-03-29 00:00:00,0.041,0.043,0.041,0.043,5750.0
2017-03-30 00:00:00,0.039,0.05,0.039,0.042,9712.0
2017-03-31 00:00:00,0.044,0.05,0.042,0.042,18059.0
2017-04-03 00:00:00,0.044,0.053,0.044,0.046,9003.0
2017-04-04 00:00:00,0.0487,0.051,0.0487,0.0509,9106.0
2017-04-05 00:00:00,0.0443,0.051,0.0443,0.0496,8153.0
2017-04-06 00:00:00,0.045,0.0472,0.0445,0.0467,2748.0
2017-04-07 00:00:00,0.039,0.049,0.039,0.0456,4436.0
2017-04-10 00:00:00,0.0478,0.0492,0.044,0.044,6452.0
2017-04-11 00:00:00,0.044,0.0462,0.044,0.0462,2297.0
2017-04-12 00:00:00,0.0492,0.0492,0.0484,0.0492,12385.0
2017-04-13 00:00:00,0.052,0.0542,0.0399,0.0488,17160.0
2017-04-17 00:00:00,0.0303,0.049,0.0303,0.0486,31782.0
2017-04-18 00:00:00,0.049,0.049,0.0406,0.043,7206.0
2017-04-19 00:00:00,0.0452,0.048,0.0451,0.0452,9593.0
2017-04-20 00:00:00,0.048,0.05,0.0459,0.05,35536.0
2017-04-21 00:00:00,0.05,0.05,0.0381,0.0437,43025.0
2017-04-24 00:00:00,0.0448,0.0448,0.0405,0.0408,15478.0
2017-04-25 00:00:00,0.0429,0.043,0.0428,0.0429,19493.0
2017-04-26 00:00:00,0.0402,0.0426,0.0402,0.0426,3839.0
2017-04-27 00:00:00,0.0402,0.042,0.0382,0.0401,12661.0
2017-04-28 00:00:00,0.0414,0.0421,0.0401,0.0421,5390.0
2017-05-01 00:00:00,0.0382,0.0441,0.0309,0.04,20917.0
2017-05-02 00:00:00,0.042,0.042148,0.0401,0.0401,3507.0
2017-05-03 00:00:00,0.0382,0.0401,0.0351,0.0354,2334.0
2017-05-04 00:00:00,0.0371,0.0371,0.036054,0.0371,1192.0
2017-05-05 00:00:00,0.0389,0.038964,0.0369,0.0388,3641.0
2017-05-08 00:00:00,0.0393,0.0393,0.030758,0.030758,11003.0
2017-05-09 00:00:00,0.0325,0.0387,0.0325,0.0376,21479.0
2017-05-10 00:00:00,0.038,0.038,0.0326,0.0376,4112.0
2017-05-11 00:00:00,0.033,0.033,0.033,0.033,473.0
2017-05-12 00:00:00,0.033,0.0346,0.033,0.033,2962.0
2017-05-15 00:00:00,0.037,0.037,0.0346,0.0363,2143.0
2017-05-16 00:00:00,0.036,0.036,0.036,0.036,3438.0
2017-05-17 00:00:00,0.036,0.036,0.0326,0.0358,1958.0
2017-05-18 00:00:00,0.037,0.037,0.0326,0.0345,6360.0
2017-05-19 00:00:00,0.035,0.0351,0.0349,0.035,5254.0
2017-05-22 00:00:00,0.0367,0.0369,0.0328,0.0329,4661.0
2017-05-23 00:00:00,0.0326,0.0368,0.0326,0.0342,8572.0
2017-05-24 00:00:00,0.0359,0.0367,0.0124,0.0272,29718.0
2017-05-25 00:00:00,0.027,0.027,0.027,0.0272,57.0
2017-05-26 00:00:00,0.0285,0.0316,0.0285,0.0285,2981.0
2017-05-30 00:00:00,0.03,0.05,0.0299,0.05,235800.0
2017-05-31 00:00:00,0.05,0.08,0.038,0.0666,404908.0
2017-06-01 00:00:00,0.08,0.08,0.055,0.0588,145010.0
2017-06-02 00:00:00,0.0596,0.72,0.0596,0.25,1915541.0
2017-06-05 00:00:00,0.3045,0.52,0.24,0.29,1207225.0
2017-06-06 00:00:00,0.3,0.336,0.101,0.215,580813.0
2017-06-07 00:00:00,0.252,0.2599,0.1516,0.189,192661.0
2017-06-08 00:00:00,0.18,0.1899,0.15,0.1732,223305.0
2017-06-09 00:00:00,0.18,0.25,0.1601,0.1763,251461.0
2017-06-12 00:00:00,0.2291,0.2291,0.1774,0.1935,183686.0
2017-06-13 00:00:00,0.204,0.2049,0.17,0.1798,128163.0
2017-06-14 00:00:00,0.18,0.185,0.1515,0.161,156905.0
2017-06-15 00:00:00,0.18,0.18,0.155,0.166,100769.0
2017-06-16 00:00:00,0.18,0.18,0.15,0.155,109296.0
2017-06-19 00:00:00,0.153,0.16,0.13,0.145,114368.0
2017-06-20 00:00:00,0.12,0.139,0.11,0.115,111777.0
2017-06-21 00:00:00,0.101,0.114,0.1,0.105,67482.0
2017-06-22 00:00:00,0.105,0.22,0.105,0.171,696261.0
2017-06-23 00:00:00,0.18,0.2,0.137,0.14,402479.0
2017-06-26 00:00:00,0.147,0.17,0.142,0.154,128033.0
2017-06-27 00:00:00,0.162,0.165,0.145,0.15,92107.0
2017-06-28 00:00:00,0.1576,0.17,0.1504,0.1583,103208.0
2017-06-29 00:00:00,0.1584,0.1584,0.14,0.1499,86400.0
2017-06-30 00:00:00,0.1499,0.155,0.1201,0.14,60385.0
2017-07-03 00:00:00,0.13,0.16,0.13,0.14,55505.0
2017-07-05 00:00:00,0.147,0.153,0.135,0.139,59979.0
2017-07-06 00:00:00,0.1352,0.15,0.1352,0.1409,33751.0
2017-07-07 00:00:00,0.145,0.145,0.135,0.135,28784.0
2017-07-10 00:00:00,0.135,0.14,0.066,0.129,46173.0
2017-07-11 00:00:00,0.1,0.13,0.1,0.12,37003.0
2017-07-12 00:00:00,0.113,0.12,0.083,0.109,117838.0
2017-07-13 00:00:00,0.104,0.116,0.1026,0.1031,48711.0
2017-07-14 00:00:00,0.108,0.129,0.108,0.116,162426.0
2017-07-17 00:00:00,0.122,0.128,0.108,0.114,47479.0
2017-07-18 00:00:00,0.1198,0.1198,0.11,0.1195,17260.0
2017-07-19 00:00:00,0.11,0.118,0.105,0.11,14577.0
2017-07-20 00:00:00,0.105,0.11,0.1,0.102,23897.0
2017-07-21 00:00:00,0.104,0.11,0.102,0.102,34443.0
2017-07-24 00:00:00,0.107,0.108,0.1,0.103,34685.0
2017-07-25 00:00:00,0.1,0.105,0.098,0.104,49468.0
2017-07-26 00:00:00,0.08,0.1,0.08,0.097,16680.0
2017-07-27 00:00:00,0.093,0.1,0.089,0.093,7584.0
2017-07-28 00:00:00,0.089,0.1,0.081,0.092,15300.0
2017-07-31 00:00:00,0.092,0.092,0.081,0.082,21583.0
2017-08-01 00:00:00,0.082,0.095,0.081,0.081,20360.0
2017-08-02 00:00:00,0.085,0.09,0.081,0.084,14557.0
2017-08-03 00:00:00,0.083,0.1,0.082,0.083,54355.0
2017-08-04 00:00:00,0.085,0.093,0.083,0.083,21747.0
2017-08-07 00:00:00,0.083,0.09,0.079,0.088,17078.0
2017-08-08 00:00:00,0.087,0.087,0.079,0.08,18019.0
2017-08-09 00:00:00,0.079,0.085,0.079,0.08,35410.0
2017-08-10 00:00:00,0.065,0.083,0.065,0.076,13314.0
2017-08-11 00:00:00,0.067,0.083,0.067,0.074,10162.0
2017-08-14 00:00:00,0.075,0.075,0.068,0.074,17966.0
2017-08-15 00:00:00,0.078,0.08,0.069,0.074,10020.0
2017-08-16 00:00:00,0.077,0.078,0.071,0.078,12230.0
2017-08-17 00:00:00,0.07,0.078,0.064,0.07,37081.0
2017-08-18 00:00:00,0.067,0.075,0.064,0.067,13817.0
2017-08-21 00:00:00,0.07,0.075,0.069,0.07,23519.0
2017-08-22 00:00:00,0.074,0.075,0.069,0.072,13375.0
2017-08-23 00:00:00,0.075,0.078,0.07,0.07,23497.0
2017-08-24 00:00:00,0.074,0.077,0.069,0.072,17726.0
2017-08-25 00:00:00,0.075,0.075,0.069,0.07,13512.0
2017-08-28 00:00:00,0.069,0.078,0.069,0.069,8764.0
2017-08-29 00:00:00,0.0688,0.0733,0.0688,0.07,7718.0
2017-08-30 00:00:00,0.074,0.074,0.068,0.071,8908.0
2017-08-31 00:00:00,0.0661,0.0719,0.0651,0.0699,10293.0
2017-09-01 00:00:00,0.0699,0.071,0.0651,0.0651,2582.0
2017-09-05 00:00:00,0.0651,0.0655,0.0501,0.0501,6028.0
2017-09-06 00:00:00,0.053,0.11,0.053,0.071,200581.0
2017-09-07 00:00:00,0.092,0.096,0.07,0.085,74375.0
2017-09-08 00:00:00,0.071,0.085,0.071,0.074,25041.0
2017-09-11 00:00:00,0.075,0.08,0.072,0.076,20146.0
2017-09-12 00:00:00,0.076,0.076,0.072,0.072,25419.0
2017-09-13 00:00:00,0.072,0.076,0.072,0.073,23419.0
2017-09-14 00:00:00,0.072,0.077,0.072,0.072,15452.0
2017-09-15 00:00:00,0.0755,0.0755,0.0711,0.072,23849.0
2017-09-18 00:00:00,0.075,0.095,0.072,0.085,37938.0
2017-09-19 00:00:00,0.085,0.085,0.072,0.077,16286.0
2017-09-20 00:00:00,0.081,0.083,0.074,0.081,12411.0
2017-09-21 00:00:00,0.075,0.081,0.073,0.078,8993.0
2017-09-22 00:00:00,0.072,0.079,0.072,0.072,10327.0
2017-09-25 00:00:00,0.076,0.077,0.073,0.075,17654.0
2017-09-26 00:00:00,0.076,0.076,0.051,0.072,23728.0
2017-09-27 00:00:00,0.065,0.072,0.065,0.069,8415.0
2017-09-28 00:00:00,0.072,0.075,0.069,0.072,25005.0
2017-09-29 00:00:00,0.075,0.079,0.065,0.072,58073.0
2017-10-02 00:00:00,0.076,0.078,0.061,0.068,17700.0
2017-10-03 00:00:00,0.071,0.075,0.065,0.068,29628.0
2017-10-04 00:00:00,0.071,0.077,0.055,0.055,55847.0
2017-10-05 00:00:00,0.06,0.065,0.059,0.059,2342.0
2017-10-06 00:00:00,0.063,0.065,0.062,0.064,29238.0
2017-10-09 00:00:00,0.064,0.068,0.062,0.068,12684.0
2017-10-10 00:00:00,0.068,0.068,0.055,0.06,32050.0
2017-10-11 00:00:00,0.063,0.065,0.056,0.065,15090.0
2017-10-12 00:00:00,0.065,0.065,0.06,0.061,20428.0
2017-10-13 00:00:00,0.06,0.063,0.06,0.063,9742.0
2017-10-16 00:00:00,0.064,0.065,0.055,0.063,21024.0
2017-10-17 00:00:00,0.058,0.061,0.058,0.059,9845.0
2017-10-18 00:00:00,0.059,0.059,0.051,0.051,47508.0
2017-10-19 00:00:00,0.051,0.056,0.05,0.05,24931.0
2017-10-20 00:00:00,0.05,0.056,0.05,0.05,4303.0
2017-10-23 00:00:00,0.053,0.055,0.052,0.052,20820.0
2017-10-24 00:00:00,0.05,0.053,0.05,0.052,20154.0
2017-10-25 00:00:00,0.04,0.05,0.021,0.025,55115.0
2017-10-26 00:00:00,0.022,0.03,0.022,0.022,31906.0
2017-10-27 00:00:00,0.021,0.04,0.021,0.025,15066.0
2017-10-30 00:00:00,0.021,0.022,0.021,0.021,2496.0
2017-10-31 00:00:00,0.021,0.021,0.021,0.021,1429.0
2017-11-01 00:00:00,0.021,0.045,0.02,0.045,50409.0
2017-11-02 00:00:00,0.044,0.053,0.02,0.049,92830.0
2017-11-03 00:00:00,0.029,0.045,0.029,0.045,15600.0
2017-11-06 00:00:00,0.029,0.035,0.029,0.035,7700.0
2017-11-07 00:00:00,0.03,0.03,0.022,0.022,34196.0
2017-11-08 00:00:00,0.04,0.04,0.031,0.039,41150.0
2017-11-09 00:00:00,0.04,0.045,0.02,0.02,40839.0
2017-11-10 00:00:00,0.021,0.021,0.021,0.021,1637.0
2017-11-13 00:00:00,0.0212,0.0212,0.0212,0.0212,2262.0
2017-11-14 00:00:00,0.0213,0.0213,0.0213,0.0213,599.0
2017-11-15 00:00:00,0.0213,0.0213,0.0212,0.0213,1961.0
2017-11-16 00:00:00,0.0213,0.0499,0.0211,0.047,8402.0
2017-11-17 00:00:00,0.021,0.04,0.021,0.03,9572.0
2017-11-20 00:00:00,0.021,0.03,0.021,0.022,21599.0
2017-11-21 00:00:00,0.021,0.023,0.021,0.022,15260.0
2017-11-22 00:00:00,0.022,0.022,0.022,0.022,173.0
2017-11-24 00:00:00,0.021,0.021,0.021,0.021,286.0
2017-11-27 00:00:00,0.0212,0.0212,0.0212,0.0212,392.0
2017-11-28 00:00:00,0.0213,0.0218,0.0207,0.0209,6751.0
2017-11-29 00:00:00,0.0207,0.0208,0.0207,0.0208,2410.0
2017-12-01 00:00:00,0.0208,0.0251,0.0206,0.0206,20737.0
2017-12-04 00:00:00,0.0207,0.0207,0.0202,0.0202,10019.0
2017-12-05 00:00:00,0.0206,0.021,0.0206,0.0206,4634.0
2017-12-06 00:00:00,0.0206,0.0206,0.0199,0.02,19060.0
2017-12-07 00:00:00,0.0145,0.0274,0.0145,0.0274,9166.0
2017-12-08 00:00:00,0.0274,0.0274,0.0274,0.0274,3.0
2017-12-11 00:00:00,0.0148,0.0148,0.0148,0.0148,813.0
2017-12-12 00:00:00,0.015,0.0165,0.015,0.0165,3557.0
2017-12-13 00:00:00,0.016,0.016,0.016,0.016,7706.0
2017-12-14 00:00:00,0.0167,0.0478,0.0167,0.039,90712.0
2017-12-15 00:00:00,0.04,0.04,0.034,0.034,8335.0
2017-12-18 00:00:00,0.021,0.0478,0.02,0.0291,6020.0
2017-12-19 00:00:00,0.0265,0.0265,0.0265,0.0265,3187.0
2017-12-20 00:00:00,0.027,0.0272,0.027,0.0272,2400.0
2017-12-21 00:00:00,0.044,0.044,0.044,0.044,8525.0
2017-12-22 00:00:00,0.0394,0.0394,0.0131,0.035,4796.0
2017-12-26 00:00:00,0.034,0.05,0.034,0.04,24799.0
2017-12-27 00:00:00,0.0131,0.04,0.0131,0.04,145200.0
2017-12-28 00:00:00,0.0394,0.0394,0.02,0.0394,8974.0
2017-12-29 00:00:00,0.025,0.0344,0.025,0.0344,616.0
2018-01-02 00:00:00,0.025,0.0394,0.025,0.0394,14809.0
2018-01-03 00:00:00,0.0394,0.0394,0.0394,0.0394,0.0
2018-01-04 00:00:00,0.01,0.038,0.007,0.0305,42701.0
2018-01-05 00:00:00,0.02,0.0331,0.018,0.0331,26375.0
2018-01-08 00:00:00,0.0394,0.0394,0.026,0.026,2400.0
2018-01-09 00:00:00,0.0394,0.0394,0.0211,0.0211,15923.0
2018-01-10 00:00:00,0.0394,0.0394,0.0213,0.0213,3448.0
2018-01-11 00:00:00,0.0213,0.0213,0.0213,0.0213,0.0
2018-01-12 00:00:00,0.025,0.025,0.025,0.025,5022.0
2018-01-16 00:00:00,0.025,0.0302,0.025,0.0302,1495.0
2018-01-17 00:00:00,0.029,0.05,0.0211,0.047,186769.0
2018-01-18 00:00:00,0.047,0.0494,0.0359,0.0359,750.0
2018-01-19 00:00:00,0.0276,0.0276,0.0276,0.0276,550.0
2018-01-22 00:00:00,0.0276,0.0276,0.0276,0.0276,7.0
2018-01-23 00:00:00,0.0275,0.0275,0.0211,0.0211,6932.0
2018-01-24 00:00:00,0.02,0.02,0.02,0.02,200.0
2018-01-25 00:00:00,0.02,0.03,0.02,0.03,533.0
2018-01-26 00:00:00,0.03,0.03,0.03,0.03,2666.0
2018-01-29 00:00:00,0.045,0.045,0.0449,0.0449,6060.0
2018-01-30 00:00:00,0.03,0.0378,0.02,0.0378,4045.0
2018-01-31 00:00:00,0.0378,0.0378,0.0378,0.0378,1.0
2018-02-01 00:00:00,0.02,0.0261,0.02,0.0261,1438.0
2018-02-02 00:00:00,0.0261,0.0261,0.0261,0.0261,0.0
2018-02-05 00:00:00,0.027,0.027,0.027,0.027,381.0
2018-02-06 00:00:00,0.0494,0.05,0.02,0.0209,8295.0
2018-02-07 00:00:00,0.0208,0.0208,0.0208,0.0208,3331.0
2018-02-08 00:00:00,0.0208,0.0208,0.0208,0.0208,741.0
2018-02-09 00:00:00,0.0208,0.0208,0.0208,0.0208,0.0
2018-02-12 00:00:00,0.0208,0.0208,0.0208,0.0208,774.0
2018-02-13 00:00:00,0.04,0.04,0.0251,0.0252,33902.0
2018-02-14 00:00:00,0.0252,0.0252,0.0252,0.0252,0.0
2018-02-15 00:00:00,0.0398,0.0398,0.0251,0.0252,6724.0
2018-02-16 00:00:00,0.0254,0.0254,0.0209,0.0252,1403.0
2018-02-20 00:00:00,0.03,0.03,0.03,0.03,1900.0
2018-02-21 00:00:00,0.0208,0.0208,0.0208,0.0208,6206.0
2018-02-22 00:00:00,0.0205,0.0387,0.0205,0.0379,12300.0
2018-02-23 00:00:00,0.0494,0.0494,0.04,0.04,2000.0
2018-02-26 00:00:00,0.04,0.04,0.04,0.04,116.0
2018-02-27 00:00:00,0.04,0.04,0.0399,0.0399,4000.0
2018-02-28 00:00:00,0.0208,0.0208,0.0208,0.0208,249.0
2018-03-01 00:00:00,0.0208,0.0209,0.0208,0.0209,1800.0
2018-03-02 00:00:00,0.0209,0.0209,0.0209,0.0209,60.0
2018-03-05 00:00:00,0.0209,0.0209,0.0209,0.0209,0.0
2018-03-06 00:00:00,0.0209,0.0209,0.0209,0.0209,862.0
2018-03-07 00:00:00,0.0209,0.0209,0.0209,0.0209,6.0
2018-03-08 00:00:00,0.0208,0.0209,0.0208,0.0209,5313.0
2018-03-09 00:00:00,0.0209,0.0209,0.0209,0.0209,0.0
2018-03-12 00:00:00,0.0208,0.0209,0.0208,0.0209,6504.0
2018-03-13 00:00:00,0.0208,0.021,0.0208,0.021,1112.0
2018-03-14 00:00:00,0.021,0.021,0.021,0.021,0.0
2018-03-15 00:00:00,0.0208,0.0209,0.02,0.0209,5000.0
2018-03-16 00:00:00,0.02,0.0201,0.02,0.0201,19600.0
2018-03-19 00:00:00,0.0395,0.0396,0.0395,0.0395,76200.0
2018-03-20 00:00:00,0.0494,0.0494,0.0174,0.0174,5139.0
2018-03-21 00:00:00,0.04,0.079,0.04,0.0786,165275.0
2018-03-22 00:00:00,0.0794,0.0794,0.02,0.06,19681.0
2018-03-23 00:00:00,0.021,0.07,0.021,0.047,13600.0
2018-03-26 00:00:00,0.047,0.047,0.047,0.047,5900.0
2018-03-27 00:00:00,0.0688,0.07,0.0688,0.0697,19148.0
2018-03-28 00:00:00,0.02,0.0398,0.0175,0.0376,273059.0
2018-03-29 00:00:00,0.028,0.06,0.027,0.027,29168.0
2018-04-02 00:00:00,0.02,0.05,0.02,0.05,13000.0
2018-04-03 00:00:00,0.022,0.039,0.02,0.0338,9567.0
2018-04-04 00:00:00,0.0338,0.0338,0.0338,0.0338,50.0
2018-04-05 00:00:00,0.027,0.0296,0.027,0.0296,2750.0
2018-04-06 00:00:00,0.027,0.027,0.025,0.025,10078.0
2018-04-09 00:00:00,0.03,0.0302,0.03,0.0302,2000.0
2018-04-10 00:00:00,0.027,0.027,0.027,0.027,750.0
2018-04-11 00:00:00,0.0302,0.0302,0.0302,0.0302,665.0
2018-04-12 00:00:00,0.0294,0.03,0.0294,0.03,5100.0
2018-04-13 00:00:00,0.0278,0.0278,0.0278,0.0278,117.0
2018-04-16 00:00:00,0.027,0.045,0.027,0.045,4000.0
2018-04-17 00:00:00,0.024,0.024,0.024,0.024,400.0
2018-04-18 00:00:00,0.024,0.024,0.024,0.024,0.0
2018-04-19 00:00:00,0.0248,0.025,0.024,0.0247,6100.0
2018-04-20 00:00:00,0.024,0.024,0.024,0.024,1500.0
2018-04-23 00:00:00,0.018,0.018,0.018,0.018,1400.0
2018-04-24 00:00:00,0.0175,0.0175,0.0175,0.0175,100.0
2018-04-25 00:00:00,0.02,0.02,0.02,0.02,100.0
2018-04-26 00:00:00,0.025,0.035,0.0187,0.0192,13581.0
2018-04-27 00:00:00,0.0192,0.0192,0.0192,0.0192,0.0
2018-04-30 00:00:00,0.0192,0.0271,0.0192,0.0271,19205.0
2018-05-01 00:00:00,0.0192,0.0192,0.0192,0.0192,100.0
2018-05-02 00:00:00,0.02,0.0246,0.0197,0.0246,7100.0
2018-05-03 00:00:00,0.0192,0.0192,0.0192,0.0192,530.0
2018-05-04 00:00:00,0.02,0.0284,0.02,0.02,2800.0
2018-05-07 00:00:00,0.02,0.02,0.02,0.02,0.0
2018-05-08 00:00:00,0.023,0.023,0.023,0.023,10000.0
2018-05-09 00:00:00,0.023,0.023,0.023,0.023,0.0
2018-05-10 00:00:00,0.0249,0.025,0.023,0.0231,4200.0
2018-05-11 00:00:00,0.0231,0.0231,0.0231,0.0231,0.0
2018-05-14 00:00:00,0.02,0.02,0.02,0.02,800.0
2018-05-15 00:00:00,0.02,0.02,0.02,0.02,1792.0
2018-05-16 00:00:00,0.02,0.02,0.02,0.02,2500.0
2018-05-17 00:00:00,0.02,0.02,0.02,0.02,1660.0
2018-05-18 00:00:00,0.0175,0.0175,0.0175,0.0175,100.0
2018-05-21 00:00:00,0.02,0.02,0.02,0.02,3006.0
2018-05-22 00:00:00,0.035,0.035,0.0175,0.034,8853.0
2018-05-23 00:00:00,0.034,0.034,0.034,0.034,300.0
2018-05-24 00:00:00,0.0238,0.0249,0.0151,0.0249,11100.0
2018-05-25 00:00:00,0.03,0.03,0.03,0.03,201.0
2018-05-29 00:00:00,0.027,0.03,0.027,0.03,23000.0
2018-05-30 00:00:00,0.03,0.03,0.03,0.03,0.0
2018-05-31 00:00:00,0.03,0.03,0.03,0.03,0.0
2018-06-01 00:00:00,0.013,0.013,0.013,0.013,424.0
2018-06-04 00:00:00,0.027,0.027,0.027,0.027,7100.0
2018-06-05 00:00:00,0.027,0.0349,0.027,0.0349,20568.0
2018-06-06 00:00:00,0.013,0.013,0.013,0.013,1036.0
2018-06-07 00:00:00,0.013,0.013,0.013,0.013,610.0
2018-06-08 00:00:00,0.013,0.013,0.013,0.013,0.0
2018-06-11 00:00:00,0.013,0.013,0.013,0.013,345.0
2018-06-12 00:00:00,0.013,0.013,0.013,0.013,0.0
2018-06-13 00:00:00,0.013,0.013,0.013,0.013,38.0
2018-06-14 00:00:00,0.013,0.013,0.013,0.013,73.0
2018-06-15 00:00:00,0.013,0.013,0.013,0.013,0.0
2018-06-18 00:00:00,0.013,0.013,0.013,0.013,0.0
2018-06-19 00:00:00,0.013,0.013,0.013,0.013,0.0
2018-06-20 00:00:00,0.013,0.013,0.013,0.013,0.0
2018-06-21 00:00:00,0.013,0.013,0.013,0.013,0.0
2018-06-22 00:00:00,0.013,0.013,0.013,0.013,101.0
2018-06-25 00:00:00,0.013,0.013,0.013,0.013,4.0
2018-06-26 00:00:00,0.0118,0.0118,0.0118,0.0118,107.0
2018-06-27 00:00:00,0.0118,0.0118,0.0118,0.0118,0.0
2018-06-28 00:00:00,0.0349,0.0349,0.0348,0.0348,10500.0
2018-06-29 00:00:00,0.0348,0.0348,0.0348,0.0348,0.0
2018-07-02 00:00:00,0.0245,0.0245,0.0141,0.0141,600.0
2018-07-03 00:00:00,0.0141,0.0141,0.0141,0.0141,0.0
2018-07-05 00:00:00,0.0141,0.0141,0.0141,0.0141,1248.0
2018-07-06 00:00:00,0.0141,0.0141,0.0141,0.0141,0.0
2018-07-09 00:00:00,0.02,0.0201,0.0118,0.0118,5716.0
2018-07-10 00:00:00,0.012,0.012,0.012,0.012,0.0
2018-07-11 00:00:00,0.0118,0.0118,0.0118,0.0118,684.0
2018-07-12 00:00:00,0.0118,0.0118,0.0118,0.0118,135.0
2018-07-13 00:00:00,0.0118,0.0118,0.0118,0.0118,900.0
2018-07-16 00:00:00,0.034,0.034,0.034,0.034,1004.0
2018-07-17 00:00:00,0.0113,0.0115,0.0113,0.0115,8934.0
2018-07-18 00:00:00,0.0114,0.034,0.0114,0.02,5430.0
2018-07-19 00:00:00,0.03,0.034,0.03,0.034,1000.0
2018-07-20 00:00:00,0.034,0.034,0.034,0.034,0.0
2018-07-23 00:00:00,0.0116,0.034,0.0116,0.0339,2161.0
2018-07-24 00:00:00,0.034,0.034,0.034,0.034,1300.0
2018-07-25 00:00:00,0.025,0.025,0.025,0.025,0.0
2018-07-26 00:00:00,0.0253,0.0253,0.0253,0.0253,0.0
2018-07-27 00:00:00,0.0253,0.0253,0.0253,0.0253,0.0
2018-07-30 00:00:00,0.0151,0.0152,0.0151,0.0152,400.0
2018-07-31 00:00:00,0.0172,0.0186,0.0172,0.0186,2543.0
2018-08-01 00:00:00,0.0186,0.0186,0.0186,0.0186,27.0
2018-08-02 00:00:00,0.0152,0.0152,0.0152,0.0152,258.0
2018-08-03 00:00:00,0.0166,0.0166,0.0166,0.0166,6529.0
2018-08-06 00:00:00,0.0166,0.0166,0.0166,0.0166,20.0
2018-08-07 00:00:00,0.0152,0.0152,0.0152,0.0152,744.0
2018-08-08 00:00:00,0.017,0.017,0.017,0.017,4600.0
2018-08-09 00:00:00,0.017,0.017,0.017,0.017,200.0
2018-08-10 00:00:00,0.017,0.017,0.017,0.017,0.0
2018-08-13 00:00:00,0.02,0.02,0.0152,0.0152,1480.0
2018-08-14 00:00:00,0.0152,0.0152,0.0152,0.0152,0.0
2018-08-15 00:00:00,0.015,0.015,0.015,0.015,0.0
2018-08-16 00:00:00,0.0152,0.0152,0.0152,0.0152,0.0
2018-08-17 00:00:00,0.0152,0.0152,0.0152,0.0152,93.0
2018-08-20 00:00:00,0.0152,0.0152,0.0152,0.0152,17.0
2018-08-21 00:00:00,0.0152,0.0153,0.0152,0.0153,3132.0
2018-08-22 00:00:00,0.0153,0.0153,0.0153,0.0153,0.0
2018-08-23 00:00:00,0.0153,0.0153,0.0153,0.0153,0.0
2018-08-24 00:00:00,0.0153,0.0153,0.0153,0.0153,0.0
2018-08-27 00:00:00,0.02,0.02,0.019,0.02,10000.0
2018-08-28 00:00:00,0.02,0.02,0.02,0.02,106.0
2018-08-29 00:00:00,0.015,0.015,0.015,0.015,3200.0
2018-08-30 00:00:00,0.0152,0.0152,0.0152,0.0152,1000.0
2018-08-31 00:00:00,0.0152,0.0152,0.0152,0.0152,0.0
2018-09-04 00:00:00,0.0152,0.0152,0.0152,0.0152,200.0
2018-09-05 00:00:00,0.0152,0.0152,0.0152,0.0152,0.0
2018-09-06 00:00:00,0.0152,0.0152,0.0152,0.0152,0.0
2018-09-07 00:00:00,0.0175,0.0175,0.0121,0.0135,10449.0
2018-09-10 00:00:00,0.014,0.014,0.014,0.014,0.0
2018-09-11 00:00:00,0.0135,0.0135,0.0135,0.0135,0.0
2018-09-12 00:00:00,0.0135,0.0135,0.0135,0.0135,0.0
2018-09-13 00:00:00,0.0135,0.0135,0.0135,0.0135,0.0
2018-09-14 00:00:00,0.0121,0.0121,0.0121,0.0121,16000.0
2018-09-17 00:00:00,0.0121,0.0121,0.0121,0.0121,10.0
2018-09-18 00:00:00,0.0121,0.0121,0.0121,0.0121,500.0
2018-09-19 00:00:00,0.0121,0.0121,0.0121,0.0121,105.0
2018-09-20 00:00:00,0.0121,0.0122,0.0121,0.0122,4106.0
2018-09-21 00:00:00,0.0122,0.0122,0.0122,0.0122,0.0
2018-09-24 00:00:00,0.0121,0.0121,0.0121,0.0121,502.0
2018-09-25 00:00:00,0.01,0.01,0.01,0.01,4200.0
2018-09-26 00:00:00,0.012,0.02,0.01,0.01,2800.0
2018-09-27 00:00:00,0.01,0.01,0.01,0.01,0.0
2018-09-28 00:00:00,0.01,0.01,0.01,0.01,0.0
2018-10-01 00:00:00,0.01,0.01,0.01,0.01,11.0
2018-10-02 00:00:00,0.01,0.01,0.01,0.01,0.0
2018-10-03 00:00:00,0.02,0.02,0.02,0.02,620.0
2018-10-04 00:00:00,0.018,0.02,0.018,0.02,6180.0
2018-10-05 00:00:00,0.014,0.014,0.0098,0.0098,2080.0
2018-10-08 00:00:00,0.01,0.01,0.0095,0.0095,720.0
2018-10-09 00:00:00,0.0095,0.0095,0.0095,0.0095,0.0
2018-10-10 00:00:00,0.0095,0.0095,0.0095,0.0095,25.0
2018-10-11 00:00:00,0.01,0.01,0.0085,0.0085,348.0
2018-10-12 00:00:00,0.0085,0.0085,0.0085,0.0085,0.0
2018-10-15 00:00:00,0.0085,0.0085,0.0085,0.0085,1200.0
2018-10-16 00:00:00,0.0085,0.0085,0.0085,0.0085,25.0
2018-10-17 00:00:00,0.0054,0.0085,0.0054,0.0085,5100.0
2018-10-18 00:00:00,0.009,0.009,0.009,0.009,0.0
2018-10-19 00:00:00,0.0085,0.0085,0.0085,0.0085,0.0
2018-10-22 00:00:00,0.0054,0.01,0.0054,0.01,5650.0
2018-10-23 00:00:00,0.009,0.009,0.009,0.009,200.0
2018-10-24 00:00:00,0.0086,0.0086,0.0086,0.0086,0.0
2018-10-25 00:00:00,0.0086,0.0086,0.0086,0.0086,0.0
2018-10-26 00:00:00,0.0111,0.0111,0.0111,0.0111,1820.0
2018-10-29 00:00:00,0.01,0.01,0.01,0.01,200.0
2018-10-30 00:00:00,0.01,0.01,0.01,0.01,1283.0
2018-10-31 00:00:00,0.01,0.01,0.01,0.01,0.0
2018-11-01 00:00:00,0.01,0.0101,0.01,0.0101,200.0
2018-11-02 00:00:00,0.0117,0.0118,0.0054,0.0082,10419.0
2018-11-05 00:00:00,0.01,0.01,0.0085,0.0085,1200.0
2018-11-06 00:00:00,0.009,0.009,0.009,0.009,0.0
2018-11-07 00:00:00,0.01,0.01,0.01,0.01,100.0
2018-11-08 00:00:00,0.01,0.01,0.01,0.01,998.0
2018-11-09 00:00:00,0.01,0.0101,0.0054,0.0054,4200.0
2018-11-12 00:00:00,0.0054,0.0054,0.0054,0.0054,100.0
2018-11-13 00:00:00,0.005,0.005,0.005,0.005,0.0
2018-11-14 00:00:00,0.01,0.0101,0.007,0.007,820.0
2018-11-15 00:00:00,0.007,0.007,0.007,0.007,0.0
2018-11-16 00:00:00,0.01,0.01,0.01,0.01,100.0
2018-11-19 00:00:00,0.007,0.007,0.007,0.007,15811.0
2018-11-20 00:00:00,0.007,0.007,0.007,0.007,0.0
2018-11-21 00:00:00,0.007,0.007,0.007,0.007,0.0
2018-11-26 00:00:00,0.007,0.007,0.007,0.007,0.0
2018-11-27 00:00:00,0.0131,0.0131,0.0131,0.0131,4000.0
2018-11-28 00:00:00,0.0198,0.0198,0.01,0.01,5045.0
2018-11-29 00:00:00,0.01,0.01,0.007,0.007,840.0
2018-11-30 00:00:00,0.01,0.0101,0.01,0.0101,3521.0
2018-12-03 00:00:00,0.01,0.01,0.01,0.01,260.0
2018-12-04 00:00:00,0.01,0.01,0.007,0.007,300.0
2018-12-07 00:00:00,0.007,0.007,0.007,0.007,0.0
2018-12-10 00:00:00,0.02,0.02,0.02,0.02,280.0
2018-12-11 00:00:00,0.02,0.0201,0.02,0.0201,8315.0
2018-12-12 00:00:00,0.02,0.02,0.02,0.02,0.0
2018-12-13 00:00:00,0.02,0.02,0.02,0.02,0.0
2018-12-14 00:00:00,0.01,0.01,0.007,0.007,4000.0
2018-12-18 00:00:00,0.03,0.03,0.0299,0.0299,4683.0
2018-12-19 00:00:00,0.0299,0.0299,0.0299,0.0299,22.0
2018-12-20 00:00:00,0.03,0.03,0.03,0.03,0.0
2018-12-21 00:00:00,0.0299,0.0299,0.0299,0.0299,35.0
2018-12-24 00:00:00,0.03,0.03,0.03,0.03,0.0
2018-12-26 00:00:00,0.01,0.0101,0.0075,0.01,2760.0
2018-12-27 00:00:00,0.01,0.01,0.0086,0.0086,300.0
2018-12-31 00:00:00,0.0297,0.0297,0.0297,0.0297,9250.0
2019-01-02 00:00:00,0.01,0.02,0.01,0.02,6010.0
2019-01-03 00:00:00,0.02,0.02,0.02,0.02,0.0
2019-01-04 00:00:00,0.01,0.01,0.0058,0.0058,2502.0
2019-01-07 00:00:00,0.0058,0.0058,0.0058,0.0058,104.0
2019-01-08 00:00:00,0.0058,0.0058,0.0058,0.0058,42.0
2019-01-09 00:00:00,0.0171,0.0295,0.0123,0.0126,7910.0
2019-01-10 00:00:00,0.013,0.013,0.013,0.013,0.0
2019-01-11 00:00:00,0.013,0.013,0.013,0.013,0.0
2019-01-14 00:00:00,0.0083,0.02,0.0083,0.0199,453.0
2019-01-15 00:00:00,0.01,0.01,0.01,0.01,100.0
2019-01-16 00:00:00,0.01,0.01,0.01,0.01,0.0
2019-01-17 00:00:00,0.01,0.01,0.01,0.01,0.0
2019-01-18 00:00:00,0.02,0.025,0.0066,0.0066,4279.0
2019-01-23 00:00:00,0.0066,0.0066,0.0066,0.0066,30.0
2019-01-24 00:00:00,0.007,0.007,0.007,0.007,0.0
2019-01-25 00:00:00,0.007,0.007,0.007,0.007,0.0
2019-01-28 00:00:00,0.007,0.007,0.007,0.007,0.0
2019-01-29 00:00:00,0.007,0.007,0.007,0.007,0.0
2019-01-30 00:00:00,0.01,0.01,0.007,0.007,3420.0
2019-01-31 00:00:00,0.007,0.007,0.007,0.007,2324.0
2019-02-01 00:00:00,0.007,0.007,0.007,0.007,0.0
2019-02-04 00:00:00,0.007,0.007,0.007,0.007,11.0
2019-02-05 00:00:00,0.0105,0.0295,0.0105,0.015,23970.0
2019-02-06 00:00:00,0.0337,0.04,0.0113,0.0113,11200.0
2019-02-07 00:00:00,0.04,0.04,0.0273,0.0299,11005.0
2019-02-08 00:00:00,0.0299,0.0299,0.0299,0.0299,10.0
2019-02-11 00:00:00,0.03,0.03,0.03,0.03,3344.0
2019-02-12 00:00:00,0.03,0.0301,0.03,0.0301,20000.0
2019-02-13 00:00:00,0.02,0.02,0.0072,0.0072,12000.0
2019-02-14 00:00:00,0.0072,0.0072,0.0072,0.0072,2.0
2019-02-15 00:00:00,0.007,0.007,0.007,0.007,0.0
2019-02-19 00:00:00,0.025,0.034,0.025,0.025,3515.0
2019-02-20 00:00:00,0.03,0.03,0.01,0.0299,2595.0
2019-02-21 00:00:00,0.021,0.021,0.0058,0.0058,2000.0
2019-02-22 00:00:00,0.01,0.01,0.0058,0.0058,1410.0
2019-02-25 00:00:00,0.02,0.02,0.02,0.02,7500.0
2019-02-26 00:00:00,0.03,0.03,0.0059,0.0199,8900.0
2019-02-27 00:00:00,0.01,0.01,0.01,0.01,100.0
2019-02-28 00:00:00,0.01,0.01,0.007,0.007,1000.0
2019-03-01 00:00:00,0.01,0.01,0.007,0.007,780.0
2019-03-04 00:00:00,0.01,0.01,0.01,0.01,120.0
2019-03-05 00:00:00,0.01,0.01,0.01,0.01,0.0
2019-03-06 00:00:00,0.01,0.01,0.01,0.01,0.0
2019-03-07 00:00:00,0.01,0.01,0.007,0.007,200.0
2019-03-08 00:00:00,0.02,0.02,0.01,0.0149,6300.0
2019-03-11 00:00:00,0.02,0.02,0.02,0.02,1000.0
2019-03-12 00:00:00,0.007,0.007,0.007,0.007,8010.0
2019-03-13 00:00:00,0.01,0.01,0.01,0.01,1493.0
2019-03-14 00:00:00,0.01,0.01,0.01,0.01,2.0
2019-03-18 00:00:00,0.01,0.01,0.01,0.01,104.0
2019-03-20 00:00:00,0.01,0.01,0.01,0.01,0.0
2019-03-21 00:00:00,0.01,0.01,0.01,0.01,0.0
2019-03-22 00:00:00,0.01,0.01,0.01,0.01,0.0
2019-03-25 00:00:00,0.01,0.01,0.01,0.01,0.0
2019-03-26 00:00:00,0.01,0.01,0.01,0.01,0.0
2019-03-27 00:00:00,0.01,0.01,0.01,0.01,7300.0
2019-03-28 00:00:00,0.015,0.015,0.015,0.015,1000.0
2019-03-29 00:00:00,0.015,0.015,0.015,0.015,0.0
2019-04-01 00:00:00,0.008,0.0081,0.007,0.007,738.0
2019-04-02 00:00:00,0.015,0.015,0.015,0.015,13996.0
2019-04-03 00:00:00,0.0191,0.02,0.0058,0.01,24448.0
2019-04-04 00:00:00,0.01,0.01,0.01,0.01,0.0
2019-04-05 00:00:00,0.0058,0.0058,0.0058,0.0058,100.0
2019-04-08 00:00:00,0.0101,0.0101,0.0058,0.0058,3497.0
2019-04-09 00:00:00,0.006,0.006,0.006,0.006,0.0
2019-04-10 00:00:00,0.007,0.007,0.007,0.007,262.0
2019-04-11 00:00:00,0.007,0.007,0.007,0.007,62.0
2019-04-12 00:00:00,0.007,0.007,0.007,0.007,0.0
2019-04-15 00:00:00,0.01,0.01,0.01,0.01,100.0
2019-04-16 00:00:00,0.01,0.01,0.01,0.01,22.0
2019-04-17 00:00:00,0.01,0.01,0.0075,0.0075,3100.0
2019-04-18 00:00:00,0.0115,0.02,0.0095,0.0199,26000.0
2019-04-22 00:00:00,0.014,0.0141,0.008,0.008,25690.0
2019-04-23 00:00:00,0.008,0.008,0.008,0.008,450.0
2019-04-24 00:00:00,0.01,0.0101,0.01,0.0101,4320.0
2019-04-25 00:00:00,0.01,0.01,0.01,0.01,0.0
2019-04-29 00:00:00,0.008,0.008,0.008,0.008,214.0
