01/03/2005,10.74,10.74,10.74,10.74,1610
01/05/2005,11.215,11.215,11.215,11.215,1560
01/11/2005,10.734,10.734,10.734,10.734,156
01/12/2005,11.625,11.625,11.625,11.625,780
01/13/2005,10.734,11.215,10.734,11.215,1716
01/20/2005,11.199,11.215,11.199,11.215,1092
01/21/2005,11.055,11.086,11.055,11.086,624
01/24/2005,11.054,11.086,11.054,11.054,4953
01/26/2005,11.085,11.086,11.085,11.086,312
01/28/2005,10.856,10.856,10.414,10.414,8317
01/31/2005,10.734,10.901,10.734,10.901,7738
02/01/2005,11.003,11.003,11.003,11.003,468
02/02/2005,10.894,10.894,10.83,10.83,12328
02/03/2005,10.998,11.082,10.888,11.063,2939
02/04/2005,10.914,11.095,10.914,11.05,1239
02/07/2005,11.07,11.186,10.921,11.044,930
02/08/2005,10.998,10.998,10.998,10.998,641
02/09/2005,10.998,10.998,10.998,10.998,928
02/10/2005,11.192,11.192,11.192,11.192,1540
02/11/2005,11.192,11.535,11.045,11.045,6985
02/17/2005,11.516,11.516,11.516,11.516,246
02/18/2005,11.516,11.516,11.483,11.483,969
02/24/2005,11.128,11.128,11.128,11.128,1488
02/28/2005,10.837,10.837,10.837,10.837,4637
03/04/2005,11.16,11.167,11.16,11.16,3787
03/11/2005,10.869,10.869,10.869,10.869,2319
03/14/2005,10.837,10.998,10.772,10.998,39569
03/21/2005,11.16,11.16,11.16,11.16,1713
03/24/2005,11.16,11.16,11.16,11.16,696
03/30/2005,10.901,10.901,10.901,10.901,1546
03/31/2005,10.901,10.901,10.901,10.901,386
04/05/2005,10.998,10.998,10.902,10.902,1739
04/06/2005,10.901,10.901,10.901,10.901,1700
04/07/2005,11.16,11.16,11.16,11.16,927
04/08/2005,11.128,11.128,10.934,10.934,10510
04/12/2005,10.998,11.16,10.998,11.16,2319
04/14/2005,10.901,10.901,10.901,10.901,309
04/15/2005,10.901,10.901,10.901,10.901,1719
04/19/2005,11.063,11.063,10.837,10.837,3942
04/22/2005,11.154,11.154,10.837,10.9,2164
05/03/2005,10.837,10.837,10.837,10.837,1237
05/04/2005,11.063,11.063,11.063,11.063,618
05/12/2005,10.939,10.939,10.939,10.939,2297
05/13/2005,10.874,10.939,10.841,10.841,7043
05/19/2005,10.972,10.972,10.972,10.972,306
05/20/2005,11.141,11.141,11.101,11.101,828
05/23/2005,10.939,11.168,10.841,10.972,18650
05/27/2005,11.004,11.004,11.004,11.004,277
05/31/2005,11.168,11.168,11.168,11.168,919
06/02/2005,10.841,10.841,10.841,10.841,306
06/08/2005,10.841,10.841,10.841,10.841,459
06/10/2005,10.848,10.848,10.848,10.848,1228
06/13/2005,11.168,11.168,11.168,11.168,1684
06/14/2005,11.168,11.168,10.841,10.9,4133
06/23/2005,11.168,11.168,11.168,11.168,459
06/29/2005,10.88,10.88,10.88,10.88,153
07/05/2005,10.9,10.9,10.9,10.9,349
07/06/2005,10.848,10.848,10.848,10.848,406
07/07/2005,10.776,10.789,10.547,10.789,859
07/13/2005,10.795,10.874,10.776,10.874,5359
07/15/2005,10.776,10.874,10.776,10.874,3828
07/18/2005,10.874,10.874,10.874,10.874,459
07/25/2005,10.932,10.932,10.776,10.776,1511
07/29/2005,11.102,11.102,10.776,10.776,880
08/02/2005,10.776,10.776,10.776,10.776,1684
08/03/2005,10.776,10.932,10.776,10.932,1148
08/04/2005,10.946,10.946,10.88,10.88,1231
08/08/2005,10.88,10.88,10.88,10.88,1115
08/09/2005,10.88,10.88,10.88,10.88,303
08/11/2005,10.88,10.88,10.88,10.88,1241
08/12/2005,10.88,10.88,10.88,10.88,1210
08/16/2005,10.88,10.88,10.88,10.88,4742
08/18/2005,10.88,10.88,10.88,10.88,470
08/19/2005,11.209,11.209,10.326,10.326,3566
08/22/2005,10.649,10.649,10.649,10.649,302
08/23/2005,10.853,10.853,10.853,10.853,304
08/25/2005,10.86,10.86,10.86,10.86,393
08/26/2005,10.715,10.754,10.715,10.754,455
08/29/2005,10.847,10.847,10.715,10.715,911
08/30/2005,10.867,10.88,10.814,10.814,3034
08/31/2005,10.88,11.11,10.88,10.926,20476
09/02/2005,11.209,11.209,10.715,10.715,1214
09/06/2005,11.078,11.078,10.715,10.715,1289
09/09/2005,10.715,10.715,10.715,10.715,593
09/14/2005,10.715,10.715,10.715,10.715,455
09/21/2005,10.715,10.715,10.715,10.715,1669
09/22/2005,10.715,10.88,10.715,10.721,10162
09/27/2005,10.616,10.88,10.616,10.814,1518
09/29/2005,10.972,10.972,10.616,10.616,609
10/04/2005,10.656,10.656,10.656,10.656,607
10/06/2005,10.682,10.88,10.682,10.88,1820
10/07/2005,10.616,10.616,10.616,10.616,455
10/13/2005,10.656,10.656,10.616,10.616,1998
10/18/2005,10.616,10.814,10.616,10.616,1214
10/20/2005,10.834,10.834,10.834,10.834,758
10/21/2005,10.616,10.616,10.55,10.55,607
10/25/2005,10.662,10.662,10.662,10.662,170
10/26/2005,10.715,10.715,10.715,10.715,1515
11/02/2005,10.616,10.656,10.616,10.656,443
11/08/2005,10.855,10.855,10.855,10.855,1051
11/14/2005,10.855,10.855,10.722,10.722,751
11/16/2005,10.722,10.822,10.722,10.822,1320
11/18/2005,10.949,10.949,10.762,10.762,799
11/23/2005,10.762,10.789,10.722,10.789,1520
11/25/2005,10.822,10.822,10.822,10.822,405
11/28/2005,10.949,10.949,10.949,10.949,751
11/29/2005,10.988,10.988,10.988,10.988,1399
11/30/2005,10.722,10.722,10.722,10.722,601
12/01/2005,11.235,11.235,11.235,11.235,150
12/05/2005,11.002,11.002,10.755,10.755,901
12/08/2005,10.755,10.755,10.718,10.737,631
12/12/2005,10.722,10.722,10.722,10.722,1501
12/14/2005,10.722,10.722,10.722,10.722,1503
12/15/2005,10.722,10.722,10.722,10.722,603
12/16/2005,10.849,10.849,10.849,10.849,901
12/19/2005,10.849,10.849,10.722,10.722,600
12/30/2005,10.722,10.795,10.722,10.795,10661
01/05/2006,10.722,10.724,10.722,10.724,1351
01/10/2006,10.722,10.722,10.656,10.656,19520
01/11/2006,10.755,10.755,10.722,10.722,450
01/13/2006,10.789,10.789,10.722,10.722,1652
01/18/2006,10.722,10.722,10.722,10.722,1502
01/19/2006,10.789,10.789,10.722,10.722,12227
01/23/2006,10.722,10.722,10.722,10.722,152
01/25/2006,10.722,10.722,10.722,10.722,150
01/26/2006,10.722,10.722,10.722,10.722,1204
01/30/2006,10.729,10.802,10.729,10.802,1652
01/31/2006,10.815,10.815,10.815,10.815,300
02/02/2006,10.93,10.93,10.93,10.93,149
02/07/2006,10.829,10.829,10.829,10.829,520
02/09/2006,10.856,10.856,10.829,10.829,500
02/10/2006,10.829,10.829,10.829,10.829,520
02/13/2006,10.829,10.829,10.829,10.829,3693
02/15/2006,10.829,10.829,10.829,10.829,3383
02/17/2006,11.246,11.246,10.826,10.826,1128
02/23/2006,11.199,11.199,11.098,11.199,8652
02/27/2006,11.131,11.131,11.131,11.131,149
02/28/2006,11.165,11.165,11.165,11.165,342
03/01/2006,11.165,11.165,11.165,11.165,781
03/02/2006,11.232,11.266,11.232,11.266,5947
03/03/2006,11.232,11.266,11.232,11.232,3717
03/07/2006,11.232,11.266,10.829,10.829,7359
03/08/2006,10.93,10.93,10.93,10.93,297
03/13/2006,10.829,10.862,10.829,10.862,693
03/17/2006,11.232,11.232,11.232,11.232,1040
03/21/2006,10.829,10.829,10.829,10.829,297
03/23/2006,11.064,11.064,11.064,11.064,155
03/24/2006,11.064,11.064,11.064,11.064,2081
03/27/2006,11.131,11.131,11.098,11.131,3569
03/28/2006,11.199,11.199,11.199,11.199,743
03/29/2006,11.387,11.434,11.374,11.434,2746
03/30/2006,11.427,11.596,11.209,11.209,868
03/31/2006,11.602,11.939,11.602,11.939,1798
04/03/2006,11.434,11.434,11.434,11.434,447
04/06/2006,11.165,11.165,11.165,11.165,1166
04/13/2006,11.165,11.165,11.165,11.165,1338
04/19/2006,12.161,12.161,11.77,11.77,1041
04/21/2006,11.77,11.77,11.77,11.77,743
04/27/2006,11.602,11.602,11.602,11.602,743
04/28/2006,11.602,11.609,11.602,11.602,1927
05/02/2006,11.602,11.602,11.602,11.602,297
05/03/2006,11.434,11.434,11.434,11.434,297
05/05/2006,11.203,11.203,11.203,11.203,1915
05/08/2006,11.135,11.203,11.135,11.203,5322
05/09/2006,11.298,11.298,11.298,11.298,1178
05/10/2006,11.203,11.516,11.203,11.516,3093
05/16/2006,11.19,11.19,11.19,11.19,2946
05/17/2006,11.203,11.203,11.19,11.19,5012
05/18/2006,11.203,11.203,11.203,11.203,2209
05/19/2006,11.258,11.373,11.258,11.373,1017
05/25/2006,11.373,11.373,11.373,11.373,442
05/26/2006,11.373,11.373,11.373,11.373,221
06/15/2006,11.373,11.373,11.373,11.373,149
06/21/2006,11.19,11.19,11.163,11.163,1767
06/22/2006,11.203,11.203,11.203,11.203,147
06/26/2006,11.203,11.203,11.203,11.203,1473
06/27/2006,11.536,11.536,11.536,11.536,370
06/28/2006,11.163,11.163,11.163,11.163,295
07/10/2006,11.536,11.536,11.135,11.135,884
07/19/2006,11.135,11.135,11.135,11.135,442
07/20/2006,11.135,11.135,11.135,11.135,295
07/21/2006,11.339,11.339,11.339,11.339,442
07/24/2006,10.993,10.993,10.993,10.993,295
07/25/2006,11.135,11.135,11.135,11.135,1031
07/27/2006,11.135,11.135,11.135,11.135,1774
07/28/2006,11.135,11.482,11.135,11.203,10899
07/31/2006,11.135,11.135,11.135,11.135,884
08/02/2006,11.135,11.135,11.135,11.135,147
08/10/2006,11.245,11.245,11.177,11.177,5834
08/11/2006,11.245,11.245,11.245,11.245,5105
08/14/2006,11.314,11.314,11.314,11.314,146
08/15/2006,11.245,11.245,11.245,11.245,1021
08/16/2006,11.314,11.314,11.314,11.314,146
08/17/2006,11.314,11.314,11.314,11.314,474
08/18/2006,11.298,11.444,11.298,11.444,807
08/22/2006,11.437,11.437,11.437,11.437,438
08/23/2006,11.245,11.245,11.245,11.245,753
08/24/2006,11.142,11.321,11.142,11.321,1313
08/25/2006,11.245,11.314,11.245,11.245,10938
08/30/2006,11.245,11.245,11.245,11.245,1171
08/31/2006,11.245,11.245,11.245,11.245,292
09/11/2006,11.245,11.245,11.245,11.245,1070
09/20/2006,11.245,11.245,11.245,11.245,292
09/27/2006,11.451,11.451,11.451,11.451,1040
10/02/2006,11.245,11.245,11.245,11.245,2484
10/03/2006,11.245,11.245,11.245,11.245,671
10/04/2006,11.244,11.286,11.244,11.244,587
10/05/2006,11.245,11.245,11.177,11.238,3526
10/06/2006,11.177,11.519,11.177,11.314,21586
10/09/2006,11.245,11.245,11.245,11.245,1466
10/10/2006,11.245,11.245,11.177,11.177,3509
10/11/2006,11.293,11.293,11.293,11.293,146
10/12/2006,11.313,11.313,11.313,11.313,2917
10/13/2006,11.307,11.54,11.307,11.54,1451
10/16/2006,11.245,11.3,11.245,11.3,582
10/17/2006,11.307,11.691,11.307,11.656,13311
10/18/2006,11.794,11.794,11.794,11.794,2187
10/19/2006,11.656,11.656,11.656,11.656,1458
10/20/2006,11.656,12.308,11.656,12.308,2114
10/23/2006,12.171,12.171,12.171,12.171,1167
10/24/2006,11.903,11.903,11.469,11.469,1375
10/25/2006,11.314,11.314,11.314,11.314,1534
10/26/2006,11.314,11.314,11.314,11.314,1458
10/27/2006,11.656,11.656,11.656,11.656,3645
10/30/2006,11.656,11.656,11.656,11.656,2918
10/31/2006,11.656,11.656,11.656,11.656,132
11/01/2006,11.273,11.273,11.273,11.273,146
11/02/2006,11.286,11.286,11.286,11.286,144
11/03/2006,11.286,11.286,11.286,11.286,144
11/08/2006,11.764,11.771,11.73,11.73,433
11/09/2006,11.356,11.459,11.356,11.459,2022
11/13/2006,11.425,11.425,11.356,11.356,2574
11/15/2006,11.356,11.356,11.356,11.356,664
11/16/2006,11.356,11.356,11.356,11.356,289
11/17/2006,11.73,11.73,11.356,11.389,1588
11/24/2006,11.584,11.584,11.425,11.425,866
12/04/2006,11.515,11.645,11.515,11.645,1220
12/05/2006,11.515,11.633,11.515,11.633,722
12/08/2006,11.702,11.702,11.702,11.702,722
12/11/2006,11.356,11.363,11.356,11.363,2316
12/27/2006,11.356,11.356,11.356,11.356,433
12/28/2006,11.432,11.432,11.425,11.425,1733
01/03/2007,11.356,11.356,11.356,11.356,719
01/05/2007,11.418,11.494,11.418,11.494,2311
01/08/2007,11.494,11.494,11.494,11.494,1394
01/09/2007,11.688,11.688,11.536,11.633,576
01/10/2007,11.771,11.771,11.771,11.771,1139
01/11/2007,11.432,11.432,11.432,11.432,578
01/12/2007,11.446,11.529,11.446,11.522,721
01/16/2007,11.529,11.57,11.515,11.57,1299
01/18/2007,11.577,11.674,11.356,11.674,2751
01/22/2007,11.425,11.459,11.356,11.369,1980
01/23/2007,11.439,11.439,11.363,11.363,1010
01/24/2007,11.383,11.397,11.356,11.356,1085
01/29/2007,11.425,11.73,11.356,11.73,2309
01/30/2007,11.66,11.66,11.36,11.381,1881
01/31/2007,11.425,11.473,11.425,11.473,1011
02/01/2007,11.669,11.669,11.669,11.669,286
02/02/2007,11.614,11.683,11.614,11.676,1573
02/06/2007,11.495,11.495,11.495,11.495,715
02/07/2007,11.551,11.621,11.467,11.621,4389
02/08/2007,11.502,11.586,11.467,11.586,5148
02/09/2007,11.781,11.886,11.781,11.851,998
02/12/2007,11.467,11.467,11.467,11.467,858
02/15/2007,11.537,11.711,11.537,11.572,9925
02/16/2007,11.704,11.704,11.704,11.704,365
02/21/2007,11.704,11.711,11.704,11.711,1449
02/23/2007,11.851,11.851,11.711,11.711,429
02/26/2007,11.676,11.676,11.676,11.676,1716
02/27/2007,11.572,11.572,11.572,11.572,1044
02/28/2007,11.635,11.635,11.635,11.635,143
03/01/2007,11.635,11.635,11.635,11.635,1430
03/02/2007,11.579,11.579,11.537,11.537,2002
03/05/2007,11.572,11.572,11.467,11.467,11870
03/06/2007,11.467,11.607,11.418,11.607,5249
03/07/2007,11.607,11.607,11.537,11.537,8867
03/09/2007,11.481,11.481,11.467,11.467,978
03/21/2007,11.467,12.026,11.467,12.026,4233
03/22/2007,11.886,11.886,11.886,11.886,715
03/29/2007,11.781,11.781,11.781,11.781,143
03/30/2007,11.746,12.026,11.746,12.026,5558
04/02/2007,12.026,12.026,11.481,11.683,3890
04/04/2007,11.467,11.467,11.467,11.467,286
04/05/2007,11.467,11.495,11.467,11.481,1393
04/10/2007,11.488,11.488,11.488,11.488,143
04/13/2007,11.467,11.579,11.467,11.467,5417
04/20/2007,11.809,11.809,11.806,11.809,4433
04/24/2007,11.977,11.977,11.474,11.495,841
04/25/2007,11.949,11.949,11.942,11.942,572
04/27/2007,11.509,11.509,11.467,11.467,429
05/01/2007,11.495,11.495,11.481,11.481,429
05/02/2007,11.467,11.495,11.467,11.467,1779
05/07/2007,11.746,11.746,11.746,11.746,143
05/08/2007,11.844,11.844,11.69,11.69,429
05/11/2007,11.578,11.585,11.578,11.578,1323
05/14/2007,11.592,11.592,11.578,11.578,283
05/18/2007,11.578,11.578,11.578,11.578,142
05/22/2007,11.592,11.592,11.592,11.592,142
05/24/2007,11.578,11.578,11.578,11.578,567
05/25/2007,11.803,11.803,11.803,11.803,354
05/30/2007,11.618,11.796,11.599,11.754,1843
06/01/2007,11.585,11.754,11.578,11.754,425
06/08/2007,11.578,11.578,11.578,11.578,283
06/18/2007,11.578,11.578,11.578,11.578,142
06/21/2007,11.578,11.578,11.578,11.578,2691
06/25/2007,11.578,11.578,11.578,11.578,745
06/26/2007,11.578,11.578,11.578,11.578,1417
06/27/2007,11.578,11.578,11.578,11.578,1558
06/29/2007,11.578,11.578,11.578,11.578,354
07/09/2007,11.578,11.578,11.578,11.578,5658
07/10/2007,11.585,11.719,11.585,11.648,10483
07/11/2007,11.648,11.648,11.648,11.648,214
07/12/2007,11.578,11.578,11.578,11.578,235
07/13/2007,11.578,11.712,11.133,11.712,19984
07/17/2007,11.719,11.719,11.627,11.627,17892
07/18/2007,11.578,11.578,11.578,11.578,1632
07/19/2007,11.578,11.648,11.578,11.578,10652
07/20/2007,11.578,11.578,11.578,11.578,1416
07/23/2007,11.578,11.578,11.578,11.578,142
07/24/2007,11.578,11.585,11.578,11.585,2126
07/25/2007,11.578,11.578,11.578,11.578,425
07/26/2007,11.578,11.578,11.578,11.578,850
07/30/2007,11.578,11.585,11.578,11.578,2695
08/01/2007,11.578,11.578,11.578,11.578,142
08/03/2007,11.719,11.719,11.648,11.648,8788
08/06/2007,11.578,11.578,11.578,11.578,283
08/07/2007,11.578,11.578,11.578,11.578,425
08/09/2007,11.692,11.692,11.62,11.692,10611
08/10/2007,11.834,11.834,11.692,11.692,12110
08/13/2007,11.834,11.834,11.692,11.692,609
08/14/2007,11.692,11.692,11.692,11.692,420
08/15/2007,11.692,11.692,11.692,11.692,1010
08/16/2007,11.692,11.692,11.692,11.692,842
08/17/2007,11.692,11.692,11.692,11.692,1263
08/20/2007,11.692,11.82,11.585,11.692,4585
08/21/2007,11.834,11.834,11.749,11.749,9540
08/24/2007,11.806,11.806,11.692,11.692,1629
08/27/2007,11.692,11.692,11.62,11.62,2807
08/28/2007,11.692,11.692,11.692,11.692,420
08/29/2007,11.692,11.692,11.692,11.692,560
08/30/2007,11.692,11.692,11.692,11.692,842
09/07/2007,11.692,11.692,11.692,11.692,281
09/11/2007,11.69,11.727,11.69,11.727,702
09/12/2007,11.692,11.692,11.692,11.692,281
09/13/2007,11.692,11.692,11.692,11.692,897
09/14/2007,11.727,11.82,11.727,11.82,13221
09/17/2007,11.699,11.699,11.699,11.699,271
09/26/2007,11.692,11.72,11.692,11.72,2287
10/08/2007,11.692,11.834,11.692,11.806,1402
10/15/2007,11.727,11.727,11.692,11.692,982
10/17/2007,11.834,11.834,11.834,11.834,561
10/30/2007,11.834,11.834,11.834,11.834,3198
10/31/2007,11.834,12.119,11.834,12.119,1416
11/02/2007,11.856,11.856,11.834,11.834,561
11/05/2007,12.248,12.248,12.232,12.232,561
11/06/2007,11.877,11.877,11.841,11.841,841
11/07/2007,11.856,12.057,11.834,11.834,17230
11/12/2007,12.374,12.374,11.625,11.625,556
11/13/2007,11.791,11.791,11.769,11.769,417
11/14/2007,11.791,11.791,11.769,11.769,695
11/15/2007,11.647,11.748,11.625,11.625,556
11/16/2007,11.647,11.647,11.625,11.625,278
11/19/2007,11.625,11.625,11.625,11.625,695
11/20/2007,11.798,11.812,11.798,11.798,1806
11/21/2007,11.769,11.784,11.755,11.784,2778
11/23/2007,12.244,12.244,12.244,12.244,487
11/27/2007,11.769,11.769,11.769,11.769,972
11/28/2007,11.841,11.841,11.517,11.589,13258
11/29/2007,12.021,12.021,11.589,11.589,1529
11/30/2007,11.863,11.863,11.863,11.863,278
12/03/2007,11.597,11.597,11.59,11.597,834
12/05/2007,11.611,11.611,11.589,11.589,1195
12/10/2007,11.611,11.611,11.589,11.589,695
12/14/2007,11.611,11.611,11.589,11.589,417
12/18/2007,11.611,11.611,11.589,11.589,1216
12/19/2007,11.856,11.856,11.856,11.856,649
12/21/2007,11.589,11.611,11.589,11.589,2570
12/27/2007,11.589,11.597,11.589,11.589,417
12/28/2007,11.589,11.589,11.589,11.589,139
12/31/2007,11.827,11.827,11.827,11.827,139
01/02/2008,11.611,11.611,11.589,11.589,1112
01/03/2008,11.589,11.611,11.589,11.611,695
01/04/2008,11.589,11.856,11.589,11.776,5835
01/08/2008,11.776,11.776,11.589,11.589,1251
01/09/2008,11.611,11.805,11.553,11.561,3201
01/16/2008,11.82,11.856,11.812,11.841,1834
01/17/2008,11.625,11.625,11.611,11.611,1251
01/18/2008,11.553,11.589,11.553,11.589,6242
01/22/2008,11.589,11.589,11.589,11.589,556
01/24/2008,11.848,11.848,11.553,11.553,12647
01/25/2008,11.575,11.841,11.575,11.697,973
01/30/2008,11.553,11.553,11.553,11.553,486
02/01/2008,11.575,11.589,11.445,11.589,2640
02/04/2008,11.625,11.625,11.553,11.553,992
02/06/2008,11.841,11.841,11.841,11.841,139
02/08/2008,11.558,11.594,11.558,11.558,1418
02/11/2008,11.587,11.587,11.485,11.551,4315
02/12/2008,11.689,11.689,11.689,11.689,138
02/13/2008,11.689,11.689,11.587,11.63,3302
02/19/2008,11.63,11.63,11.63,11.63,1070
02/22/2008,11.929,11.929,11.634,11.641,921
02/25/2008,11.703,11.703,11.703,11.703,138
02/26/2008,11.965,11.965,11.63,11.63,1107
02/27/2008,11.965,11.965,11.965,11.965,283
03/03/2008,11.652,11.652,11.558,11.558,708
03/04/2008,11.95,11.95,11.95,11.95,276
03/05/2008,11.638,11.638,11.638,11.638,138
03/10/2008,11.63,11.63,11.63,11.63,1100
03/11/2008,11.812,11.812,11.812,11.812,138
03/14/2008,11.63,11.63,11.63,11.63,1102
03/19/2008,11.63,11.63,11.63,11.63,285
03/24/2008,11.703,11.703,11.703,11.703,413
03/26/2008,11.63,11.63,11.558,11.558,1373
03/28/2008,11.63,11.63,11.63,11.63,1101
03/31/2008,11.63,11.63,11.63,11.63,1376
04/03/2008,11.63,11.63,11.63,11.63,2330
04/04/2008,11.812,11.812,11.812,11.812,3894
04/10/2008,11.63,11.63,11.63,11.63,195
04/22/2008,11.63,11.63,11.558,11.558,1373
04/23/2008,11.63,11.812,11.63,11.63,2613
04/29/2008,11.63,11.63,11.63,11.63,259
05/01/2008,11.634,11.652,11.634,11.652,1066
05/05/2008,11.63,11.63,11.63,11.63,688
05/09/2008,11.711,11.711,11.674,11.674,1016
05/12/2008,11.711,11.711,11.711,11.711,2724
05/15/2008,11.733,11.733,11.711,11.711,1716
05/19/2008,11.711,11.711,11.697,11.711,1634
05/20/2008,11.711,11.711,11.675,11.711,4086
05/22/2008,11.711,11.711,11.711,11.711,545
05/23/2008,11.902,11.902,11.902,11.902,518
05/27/2008,11.932,11.932,11.932,11.932,170
06/05/2008,11.763,11.821,11.675,11.814,4698
06/09/2008,11.675,11.675,11.675,11.675,451
06/10/2008,11.675,11.675,11.675,11.675,2860
06/12/2008,11.755,11.755,11.755,11.755,136
06/13/2008,11.829,11.851,11.689,11.689,5513
06/17/2008,11.675,11.675,11.675,11.675,2724
06/19/2008,11.755,11.755,11.755,11.755,817
06/20/2008,11.675,11.675,11.675,11.675,136
06/24/2008,11.675,11.675,11.675,11.675,681
06/30/2008,11.675,11.675,11.675,11.675,5175
07/07/2008,11.748,11.748,11.675,11.675,1300
07/08/2008,11.675,11.895,11.675,11.895,824
07/09/2008,11.865,11.865,11.865,11.865,204
07/15/2008,11.675,11.675,11.675,11.675,136
07/16/2008,11.675,11.675,11.675,11.675,1043
07/17/2008,11.675,11.675,11.675,11.675,1362
07/18/2008,11.675,11.711,11.675,11.711,1226
07/21/2008,11.711,11.711,11.601,11.675,11481
07/22/2008,11.711,11.711,11.653,11.675,16341
07/23/2008,11.968,11.968,11.968,11.968,2860
07/24/2008,11.895,11.895,11.733,11.733,20157
07/25/2008,11.675,11.675,11.675,11.675,681
07/28/2008,11.675,11.697,11.601,11.675,10895
07/29/2008,11.895,11.895,11.675,11.675,681
07/30/2008,11.748,11.748,11.675,11.733,27716
08/01/2008,11.675,11.675,11.675,11.675,681
08/05/2008,11.675,11.711,11.675,11.711,2315
08/07/2008,11.793,11.793,11.793,11.793,5557
08/08/2008,11.793,11.793,11.793,11.793,603
08/11/2008,11.793,11.793,11.793,11.793,1011
08/18/2008,11.793,11.993,11.793,11.993,809
08/19/2008,11.793,11.793,11.793,11.793,1076
08/20/2008,11.793,11.793,11.793,11.793,135
08/22/2008,12.045,12.052,12.045,12.052,788
08/28/2008,11.852,11.852,11.719,11.83,14636
09/02/2008,11.867,11.867,11.867,11.867,135
09/03/2008,11.867,11.978,11.83,11.83,2157
09/09/2008,11.904,11.904,11.904,11.904,570
09/12/2008,12.149,12.149,12.149,12.149,674
09/15/2008,11.83,11.867,11.83,11.867,796
09/16/2008,11.867,11.867,11.867,11.867,604
09/19/2008,12.164,12.164,11.83,12.052,2931
09/24/2008,11.867,11.867,11.867,11.867,270
09/25/2008,11.867,11.867,11.867,11.867,1618
09/29/2008,11.867,11.867,11.867,11.867,283
09/30/2008,11.874,12.164,11.867,12.164,5414
10/03/2008,11.867,11.867,11.867,11.867,674
10/06/2008,12.208,12.802,11.978,12.802,3514
10/08/2008,11.867,11.867,11.867,11.867,809
10/09/2008,11.867,11.867,11.867,11.867,135
10/10/2008,11.793,12.802,11.793,12.802,5548
10/13/2008,12.609,12.609,12.067,12.067,963
10/17/2008,12.052,12.09,12.052,12.09,952
10/23/2008,12.09,12.09,12.09,12.09,540
10/30/2008,11.867,12.238,11.793,11.793,6203
10/31/2008,12.052,12.609,12.052,12.609,742
11/03/2008,12.609,12.609,12.609,12.609,135
11/06/2008,12.092,12.728,12.092,12.728,1069
11/11/2008,12.055,12.055,12.055,12.055,477
11/13/2008,12.055,12.092,12.055,12.092,8911
11/14/2008,12.721,12.721,12.721,12.721,134
11/17/2008,11.987,12.182,11.98,12.182,4593
11/18/2008,12.055,12.055,12.055,12.055,5222
11/19/2008,12.055,12.167,12.055,12.167,1993
11/20/2008,11.905,12.167,11.905,12.167,4417
11/21/2008,12.055,12.728,11.905,11.905,5476
11/24/2008,11.905,11.927,11.905,11.927,1338
11/28/2008,12.167,12.167,11.98,11.98,3073
12/03/2008,11.905,11.905,11.905,11.905,4808
12/04/2008,11.905,12.055,11.905,11.905,18832
12/05/2008,11.905,11.905,11.905,11.905,1602
12/09/2008,11.905,11.905,11.905,11.905,134
12/16/2008,11.905,11.905,11.905,11.905,134
12/17/2008,11.927,12.294,11.927,12.294,268
12/18/2008,12.092,12.092,11.905,11.905,2698
12/19/2008,11.98,12.392,11.912,12.174,4546
12/23/2008,11.927,11.927,11.905,11.905,887
12/24/2008,12.159,12.159,12.159,12.159,134
12/29/2008,11.912,12.055,11.882,11.98,12220
12/31/2008,11.98,11.98,11.901,11.965,23429
01/02/2009,11.98,11.98,11.905,11.98,2671
01/05/2009,12.309,12.317,12.272,12.317,1335
01/06/2009,12.317,12.317,11.912,11.987,1813
01/08/2009,11.987,11.987,11.987,11.987,2678
01/13/2009,11.912,11.912,11.912,11.912,401
01/14/2009,11.972,11.98,11.972,11.98,606
01/15/2009,11.912,11.912,11.912,11.912,134
01/21/2009,11.905,11.905,11.905,11.905,535
01/22/2009,11.905,11.972,11.905,11.972,6812
01/23/2009,11.98,11.98,11.905,11.965,9752
01/26/2009,11.905,11.905,11.793,11.793,4141
01/28/2009,11.987,11.987,11.987,11.987,466
01/29/2009,11.98,11.98,11.905,11.905,2282
02/02/2009,11.945,11.95,11.908,11.908,4895
02/03/2009,11.942,11.942,11.905,11.905,2580
02/04/2009,11.942,11.942,11.905,11.905,268
02/05/2009,12.026,12.026,12.026,12.026,3883
02/06/2009,12.102,12.102,12.026,12.026,13051
02/09/2009,12.026,12.026,12.026,12.026,529
02/10/2009,12.026,12.026,12.026,12.026,2808
02/11/2009,12.026,12.026,12.026,12.026,132
02/13/2009,12.026,12.026,12.026,12.026,132
02/17/2009,12.041,12.079,12.041,12.041,1189
02/18/2009,12.024,12.041,12.024,12.041,6803
02/20/2009,12.48,12.48,12.026,12.086,17795
02/24/2009,12.033,12.033,12.026,12.026,2119
02/25/2009,12.026,12.026,12.026,12.026,397
03/02/2009,12.026,12.026,12.026,12.026,529
03/05/2009,12.026,12.026,12.026,12.026,1245
03/06/2009,12.026,12.139,12.026,12.033,2768
03/09/2009,12.026,12.026,11.912,12.026,15073
03/10/2009,11.194,11.368,11.194,11.194,2379
03/11/2009,11.194,11.534,11.194,11.353,2061
03/18/2009,11.345,11.345,11.345,11.345,1189
03/20/2009,11.345,11.345,11.345,11.345,134
03/24/2009,11.345,11.345,11.194,11.195,2773
03/26/2009,12.018,12.018,12.018,12.018,225
03/27/2009,12.018,12.018,11.738,11.738,700
03/31/2009,11.527,11.527,11.194,11.345,1719
04/01/2009,11.345,11.345,11.345,11.345,728
04/23/2009,11.198,11.224,11.198,11.224,2083
04/27/2009,11.981,11.981,11.981,11.981,132
04/28/2009,11.935,11.935,11.459,11.459,264
04/30/2009,11.345,11.345,11.345,11.345,1193
05/05/2009,11.194,11.194,11.194,11.194,2644
05/08/2009,11.316,11.316,11.316,11.316,131
05/13/2009,11.393,11.538,11.393,11.538,262
05/14/2009,11.316,11.316,11.316,11.316,1180
05/19/2009,11.316,11.316,11.087,11.087,10333
05/22/2009,11.162,11.79,11.162,11.238,10569
05/27/2009,12.111,12.111,12.111,12.111,262
05/29/2009,12.226,12.226,12.226,12.226,855
06/01/2009,12.196,12.196,12.196,12.196,262
06/02/2009,12.226,12.226,12.226,12.226,394
06/03/2009,12.226,12.226,12.157,12.157,785
06/04/2009,12.226,12.226,12.226,12.226,133
06/05/2009,12.081,12.081,12.081,12.081,262
06/08/2009,12.157,12.157,12.157,12.157,392
06/09/2009,12.234,12.234,12.234,12.234,3270
06/11/2009,12.417,12.456,12.31,12.456,1308
06/12/2009,12.387,13.342,12.234,13.151,5208
06/15/2009,12.998,12.998,12.234,12.998,7261
06/22/2009,12.241,12.241,12.169,12.169,3270
06/25/2009,12.238,12.238,12.238,12.238,1830
07/06/2009,12.234,12.234,12.196,12.196,2746
07/09/2009,12.272,12.272,12.272,12.272,131
07/10/2009,12.234,12.234,12.234,12.234,131
07/13/2009,12.234,12.234,12.234,12.234,523
07/20/2009,12.157,12.157,11.393,11.431,916
07/21/2009,11.5,12.54,11.431,11.431,6189
07/22/2009,11.4,11.4,11.179,11.179,1362
07/23/2009,11.278,12.501,11.27,12.501,1439
07/24/2009,12.272,12.272,11.63,12.15,2876
07/28/2009,12.073,12.203,12.073,12.203,653
08/04/2009,12.371,12.371,12.371,12.371,131
08/07/2009,11.7,11.7,11.584,11.584,905
08/12/2009,11.815,11.815,11.815,11.815,129
08/17/2009,11.584,11.584,11.584,11.584,378
08/20/2009,11.584,11.591,11.584,11.584,2428
08/21/2009,12.263,12.263,12.263,12.263,241
08/24/2009,12.171,12.171,11.584,11.588,2842
08/25/2009,11.869,12.055,11.615,11.738,7498
08/26/2009,11.754,11.754,11.75,11.75,258
08/27/2009,12.263,12.263,12.263,12.263,129
08/28/2009,11.757,11.815,11.738,11.738,646
08/31/2009,11.738,11.738,11.584,11.584,1424
09/02/2009,12.132,12.132,12.132,12.132,129
09/08/2009,11.588,11.591,11.356,11.356,3503
09/14/2009,11.638,11.638,11.506,11.584,7263
09/15/2009,11.584,11.584,11.584,11.584,647
10/16/2009,11.437,11.437,11.437,11.437,259
10/19/2009,11.46,11.46,11.46,11.46,227
10/21/2009,11.429,11.429,11.199,11.236,3131
10/22/2009,11.244,11.244,11.198,11.198,774
11/17/2009,11.334,11.408,11.323,11.323,800
11/18/2009,11.362,11.713,11.362,11.713,3841
11/19/2009,12.228,12.228,11.479,11.893,4209
11/20/2009,11.721,11.9,11.323,11.9,5176
11/27/2009,11.9,11.908,11.9,11.908,402
12/01/2009,11.908,11.908,11.908,11.908,768
12/02/2009,11.323,11.346,11.323,11.323,640
12/04/2009,11.338,11.338,11.323,11.323,1557
12/08/2009,11.323,11.323,11.323,11.323,128
12/09/2009,11.323,11.323,11.323,11.323,128
12/14/2009,11.362,11.362,11.323,11.323,672
12/15/2009,11.354,11.354,11.323,11.323,1409
12/17/2009,11.323,11.323,11.323,11.323,256
12/18/2009,11.323,11.323,11.244,11.323,20434
12/22/2009,11.151,11.151,11.151,11.151,1281
12/24/2009,11.127,11.127,11.127,11.127,1153
12/30/2009,11.127,11.127,11.127,11.127,2869
01/06/2010,11.127,11.323,11.127,11.315,2945
01/08/2010,11.315,11.315,11.307,11.307,256
01/11/2010,11.135,11.143,11.135,11.143,385
01/19/2010,11.198,11.198,11.127,11.127,384
01/25/2010,11.244,11.244,11.244,11.244,512
01/27/2010,11.244,11.244,11.244,11.244,512
02/02/2010,11.244,11.244,11.155,11.155,1025
02/03/2010,11.127,11.135,11.127,11.135,1281
02/04/2010,11.127,11.135,11.127,11.127,2092
02/09/2010,11.127,11.135,11.127,11.135,458
02/11/2010,11.056,11.056,11.056,11.056,127
02/16/2010,11.254,11.254,11.254,11.254,254
02/17/2010,11.025,11.025,11.025,11.025,253
02/23/2010,11.254,11.254,11.254,11.254,253
02/24/2010,11.254,11.254,11.254,11.254,3637
02/26/2010,11.491,11.491,11.491,11.491,3016
03/03/2010,11.056,11.056,11.056,11.056,490
03/04/2010,11.443,11.451,11.443,11.451,676
03/09/2010,11.064,11.064,11.064,11.064,253
03/19/2010,11.056,11.056,11.056,11.056,1266
03/23/2010,11.06,11.08,11.06,11.08,7012
03/24/2010,11.254,11.254,11.254,11.254,633
04/05/2010,11.056,11.056,11.056,11.056,4070
04/14/2010,11.056,11.056,11.029,11.029,571
04/19/2010,11.017,11.017,11.017,11.017,1266
04/20/2010,10.843,10.843,10.819,10.819,380
04/21/2010,10.819,10.819,10.819,10.819,760
04/26/2010,10.819,11.056,10.819,11.056,1550
04/30/2010,11.056,11.056,11.056,11.056,375
05/12/2010,11.144,11.144,11.144,11.144,1252
05/17/2010,10.585,10.585,10.585,10.585,626
05/20/2010,10.936,10.936,10.936,10.936,347
05/21/2010,10.944,10.944,10.585,10.585,526
05/28/2010,10.585,10.585,10.585,10.585,568
06/03/2010,10.864,10.864,10.864,10.864,125
06/04/2010,10.785,10.785,10.785,10.785,438
06/07/2010,10.92,10.92,10.92,10.92,125
06/14/2010,10.824,10.824,10.824,10.824,125
06/16/2010,10.257,10.257,10.185,10.185,1502
06/18/2010,8.388,9.786,8.388,9.586,20901
06/22/2010,9.586,9.586,9.466,9.466,751
06/23/2010,8.987,8.987,8.588,8.987,13206
06/24/2010,9.027,9.027,9,9.003,626
06/25/2010,8.915,8.987,8.915,8.987,2590
06/29/2010,8.787,8.979,8.787,8.787,1125
06/30/2010,8.787,8.787,8.676,8.787,2003
07/06/2010,8.787,8.787,8.588,8.596,3474
07/09/2010,8.787,8.987,8.787,8.987,1730
07/12/2010,8.987,8.987,8.987,8.987,1752
07/13/2010,8.58,8.979,8.58,8.979,2127
07/14/2010,8.987,8.987,8.987,8.987,250
07/21/2010,8.787,8.787,8.787,8.787,125
07/22/2010,8.787,8.787,8.787,8.787,1252
07/23/2010,8.811,8.811,8.803,8.803,500
07/26/2010,8.787,8.867,8.42,8.42,751
07/27/2010,8.42,8.42,8.42,8.42,133
07/28/2010,8.388,8.388,8.388,8.388,125
07/30/2010,8.787,8.787,8.787,8.787,125
08/02/2010,8.787,8.787,8.787,8.787,376
08/05/2010,8.188,8.228,7.989,8.22,3254
08/06/2010,8.22,8.22,8.22,8.22,250
08/09/2010,8.388,8.388,8.38,8.388,375
08/12/2010,8.007,8.283,6.7412,7.2442,4035
08/13/2010,8.003,8.031,7.82,8.031,986
08/16/2010,8.031,8.315,8.031,8.177,5587
08/17/2010,8.145,9.297,8.145,9.297,985
08/18/2010,9.159,9.159,8.923,8.923,616
08/19/2010,8.607,8.94,8.112,8.923,1233
08/20/2010,8.266,9.329,7.536,9.329,1110
08/23/2010,9.329,9.329,8.372,9.248,1726
08/24/2010,9.167,9.167,9.159,9.167,740
08/25/2010,9.151,9.151,9.126,9.126,493
08/26/2010,9.138,9.329,9.138,9.251,957
08/27/2010,9.248,9.248,9.248,9.248,414
08/30/2010,9.256,9.256,8.356,8.356,2042
09/03/2010,7.544,7.707,7.544,7.707,246
09/07/2010,7.844,8.923,7.844,8.899,3997
09/08/2010,8.972,8.972,8.274,8.899,1780
09/09/2010,8.907,8.907,8.907,8.907,494
09/13/2010,8.907,8.923,8.907,8.907,494
09/14/2010,8.834,10.684,8.834,10.684,3945
09/15/2010,10.611,10.611,9.653,9.66,4849
09/20/2010,9.645,9.645,9.629,9.638,2318
09/23/2010,9.021,9.021,9.021,9.021,1109
09/24/2010,8.923,8.923,8.923,8.923,1233
09/27/2010,8.639,8.923,8.639,8.883,8385
09/28/2010,8.883,8.883,8.834,8.834,369
09/29/2010,8.842,8.923,8.591,8.891,987
09/30/2010,8.85,8.85,8.599,8.599,10231
10/06/2010,8.599,8.672,8.599,8.672,1357
10/08/2010,8.599,8.599,8.599,8.599,7832
10/11/2010,8.575,8.575,8.575,8.575,123
10/12/2010,8.526,8.558,8.518,8.558,1228
10/19/2010,8.518,8.518,8.518,8.518,246
10/20/2010,8.526,8.526,8.526,8.526,123
10/21/2010,8.721,8.721,8.721,8.721,185
10/25/2010,8.923,8.923,8.923,8.923,247
10/26/2010,8.518,8.518,8.21,8.21,3667
10/29/2010,8.51,8.51,8.21,8.502,1552
11/08/2010,8.396,8.396,8.396,8.396,247
11/09/2010,8.112,8.112,8.112,8.112,616
11/10/2010,8.112,8.112,8.112,8.112,1479
11/12/2010,8.145,8.194,8.145,8.194,4911
11/15/2010,8.348,8.348,8.145,8.145,1351
11/18/2010,8.145,8.145,8.145,8.145,859
11/19/2010,8.145,8.145,8.023,8.023,4126
11/22/2010,8.023,8.023,8.023,8.023,2456
11/23/2010,8.019,8.112,7.897,7.905,17789
11/24/2010,7.941,7.957,7.9,7.904,4543
11/26/2010,7.941,7.941,7.941,7.941,124
11/29/2010,7.941,7.941,7.819,7.819,605
11/30/2010,7.941,7.941,7.819,7.819,369
12/01/2010,7.819,7.827,7.819,7.827,1473
12/02/2010,7.819,7.819,7.819,7.819,1228
12/03/2010,7.819,7.9,7.819,7.892,6157
12/06/2010,7.819,7.819,7.819,7.819,859
12/07/2010,7.819,7.819,7.729,7.819,12527
12/08/2010,7.738,7.738,7.738,7.738,1228
12/09/2010,7.819,7.819,7.697,7.697,2272
12/13/2010,7.738,7.738,7.738,7.738,307
12/15/2010,7.697,7.738,7.697,7.738,1474
12/16/2010,7.697,7.713,7.697,7.713,368
12/17/2010,7.697,7.697,7.534,7.534,2123
12/20/2010,7.493,7.575,7.216,7.338,26707
12/21/2010,7.249,7.371,7.249,7.371,5457
12/22/2010,7.33,7.33,7.33,7.33,1197
12/23/2010,7.33,7.33,7.33,7.33,614
12/27/2010,7.33,7.338,7.127,7.338,2222
12/28/2010,7.338,7.363,7.338,7.338,1702
12/29/2010,7.338,7.338,7.338,7.338,2578
12/30/2010,7.338,7.338,7.33,7.33,1473
12/31/2010,7.338,7.404,7.338,7.404,5034
01/05/2011,7.403,7.404,7.403,7.404,859
01/06/2011,7.412,7.412,7.338,7.338,4074
01/07/2011,7.338,7.338,7.338,7.338,246
01/10/2011,7.412,7.412,7.412,7.412,368
01/12/2011,7.412,7.423,7.412,7.423,1790
01/13/2011,7.469,7.583,7.412,7.509,3832
01/14/2011,7.452,7.452,7.452,7.452,431
01/19/2011,7.452,7.452,7.347,7.347,7102
01/20/2011,7.338,7.452,6.964,7.452,11863
01/21/2011,7.29,7.29,7.29,7.29,9208
01/25/2011,7.29,7.29,7.004,7.013,10990
01/26/2011,7.265,7.273,7.265,7.273,368
01/28/2011,7.127,7.127,7.127,7.127,246
01/31/2011,7.281,7.281,7.281,7.281,915
02/02/2011,7.127,7.135,7.127,7.135,492
02/03/2011,7.33,7.338,7.314,7.33,1504
02/08/2011,7.314,7.33,7.314,7.33,614
02/11/2011,7.15,7.15,7.134,7.142,1222
02/14/2011,7.126,7.126,7.126,7.126,367
02/23/2011,7.126,7.126,7.126,7.126,420
02/24/2011,7.126,7.126,7.126,7.126,122
02/25/2011,7.109,7.109,7.036,7.074,1650
02/28/2011,7.118,7.199,7.036,7.199,42330
03/01/2011,7.142,7.142,7.126,7.135,1782
03/02/2011,7.118,7.134,7.118,7.126,1633
03/07/2011,7.118,7.118,7.118,7.118,880
03/14/2011,7.093,7.093,7.077,7.077,733
03/15/2011,7.036,7.036,7.036,7.036,2071
03/17/2011,7.044,7.044,7.036,7.036,1467
03/18/2011,7.306,7.314,7.306,7.314,541
03/23/2011,7.24,7.24,7.036,7.036,785
03/28/2011,7.077,7.158,7.077,7.158,2254
03/29/2011,7.077,7.273,7.077,7.273,1344
03/31/2011,7.134,7.134,7.134,7.134,3667
04/05/2011,7.118,7.118,7.085,7.118,1222
04/07/2011,7.085,7.085,7.077,7.077,489
04/08/2011,7.24,7.24,7.24,7.24,611
04/11/2011,7.216,7.216,7.216,7.216,122
04/12/2011,7.085,7.199,7.077,7.199,1062
04/13/2011,7.216,7.216,7.158,7.158,733
04/15/2011,7.199,7.281,7.191,7.281,1931
04/20/2011,7.199,7.199,7.158,7.158,2567
04/21/2011,7.191,7.281,7.191,7.199,2689
04/26/2011,7.199,7.273,7.191,7.191,3436
04/27/2011,7.281,7.281,7.273,7.273,602
05/05/2011,7.158,7.158,7.109,7.109,1780
05/06/2011,7.125,7.125,7.109,7.109,1218
05/09/2011,7.191,7.191,7.191,7.191,730
05/11/2011,7.199,7.199,7.199,7.199,122
05/12/2011,7.199,7.331,7.199,7.331,1460
05/13/2011,7.281,7.281,7.273,7.273,730
05/16/2011,7.372,7.388,7.372,7.388,1095
05/17/2011,7.758,7.758,7.758,7.758,122
05/23/2011,7.717,7.717,7.717,7.717,243
05/24/2011,7.503,7.503,7.396,7.396,3580
05/25/2011,7.404,7.404,7.404,7.404,122
05/26/2011,7.405,7.405,7.404,7.404,391
05/27/2011,7.577,7.577,7.396,7.396,1344
06/01/2011,7.396,7.396,7.289,7.289,1460
06/03/2011,7.396,7.404,7.396,7.396,487
06/07/2011,7.404,7.404,7.404,7.404,122
06/08/2011,7.396,7.396,7.396,7.396,1217
06/10/2011,7.396,7.692,7.396,7.676,1339
06/14/2011,7.413,7.413,7.394,7.394,487
06/15/2011,7.561,7.561,7.561,7.561,150
06/17/2011,7.676,7.676,7.676,7.676,130
06/21/2011,7.404,7.413,7.404,7.413,730
06/30/2011,7.643,7.643,7.643,7.643,365
07/01/2011,7.404,7.404,7.404,7.404,153
07/07/2011,7.462,7.561,7.462,7.536,2914
07/11/2011,7.487,7.487,7.478,7.478,365
07/12/2011,7.643,7.643,7.643,7.643,1217
07/13/2011,7.437,7.437,7.396,7.396,1825
07/15/2011,7.618,7.618,7.437,7.437,643
07/18/2011,7.602,7.602,7.602,7.602,2433
07/19/2011,7.437,7.437,7.437,7.437,487
07/22/2011,7.511,7.52,7.511,7.52,1113
07/25/2011,7.561,7.561,7.561,7.561,1825
07/26/2011,7.561,7.561,7.544,7.561,863
07/28/2011,7.561,7.561,7.478,7.536,1407
07/29/2011,7.47,7.47,7.47,7.47,151
08/03/2011,7.404,7.404,7.404,7.404,243
08/17/2011,7.438,7.438,7.438,7.438,121
08/18/2011,7.041,7.083,7.017,7.025,1211
08/19/2011,7.429,7.429,7.429,7.429,339
08/22/2011,7.429,7.594,7.182,7.594,1962
08/25/2011,7.438,7.438,7.438,7.438,359
08/30/2011,8.197,8.213,8.197,8.213,484
08/31/2011,7.561,7.594,7.553,7.594,1575
09/02/2011,6.9092,7.446,6.9092,7.429,4879
09/15/2011,7.842,7.842,7.429,7.429,1610
09/16/2011,7.429,7.429,7.058,7.297,726
09/28/2011,7.223,7.223,7.223,7.223,274
09/29/2011,7.223,7.297,7.223,7.289,1543
10/07/2011,7.512,7.636,7.429,7.429,1411
10/10/2011,7.842,8.238,7.834,8.213,1695
10/11/2011,8.445,8.676,7.107,7.107,6903
10/12/2011,7.537,8.618,7.537,8.618,6179
10/13/2011,8.585,8.585,7.991,8.007,3755
10/17/2011,7.644,7.759,7.429,7.429,605
10/18/2011,7.537,8.164,7.537,7.842,2986
10/19/2011,8.057,8.057,7.429,7.429,4155
11/02/2011,7.842,7.842,7.842,7.842,121
11/03/2011,7.469,7.469,7.428,7.428,3197
11/09/2011,7.428,7.428,7.253,7.253,1064
11/10/2011,7.461,7.461,7.461,7.461,241
11/14/2011,7.461,7.461,7.253,7.253,603
11/21/2011,7.253,7.253,7.096,7.253,9573
11/22/2011,7.253,7.253,7.253,7.253,2796
11/23/2011,7.253,7.295,6.657,7.253,42889
11/28/2011,7.535,7.535,7.253,7.253,1412
11/30/2011,7.278,7.278,7.253,7.253,1206
12/01/2011,7.461,8.124,7.461,7.991,2554
12/02/2011,7.875,8.165,7.411,7.552,2535
12/05/2011,7.369,8.406,7.369,8.132,6878
12/06/2011,8.621,8.621,7.419,7.419,13459
12/07/2011,7.419,7.544,7.27,7.345,7000
12/08/2011,7.353,7.842,7.353,7.469,12909
12/09/2011,7.502,7.568,7.502,7.568,854
12/12/2011,7.51,7.602,7.502,7.527,1139
12/13/2011,7.502,7.527,7.477,7.519,1329
12/14/2011,7.602,7.602,7.585,7.585,604
12/15/2011,7.585,7.626,7.477,7.477,5327
12/16/2011,7.519,7.825,7.469,7.527,10164
12/19/2011,7.618,7.618,7.461,7.527,1570
12/20/2011,7.61,7.85,7.461,7.461,1331
12/21/2011,7.461,7.693,7.461,7.461,5879
12/22/2011,7.527,7.544,7.378,7.386,2172
12/23/2011,7.378,7.378,7.378,7.378,121
12/28/2011,7.378,7.452,7.378,7.452,603
12/29/2011,7.444,8.198,6.798,7.56,8445
12/30/2011,7.469,7.502,7.469,7.502,484
01/04/2012,7.461,7.461,7.461,7.461,5647
01/09/2012,6.9716,7.0296,6.9633,6.9965,1888
01/10/2012,7.063,7.063,7.063,7.063,121
01/13/2012,7.386,7.386,7.253,7.253,370
01/18/2012,7.253,7.295,7.154,7.162,2172
01/24/2012,7.071,7.071,7.071,7.071,121
01/25/2012,6.9633,7.046,6.9633,7.046,845
01/26/2012,7.378,7.378,7.378,7.378,362
02/03/2012,7.436,7.436,7.436,7.436,557
02/07/2012,7.311,7.311,7.088,7.088,2809
02/08/2012,7.096,7.096,7.096,7.096,121
02/09/2012,7.121,7.121,7.121,7.121,360
02/10/2012,7.129,7.304,7.004,7.004,6799
02/13/2012,7.163,7.371,7.1,7.1,1945
02/14/2012,7.379,7.379,7.204,7.204,6724
02/15/2012,7.146,7.204,7.146,7.204,1165
02/16/2012,7.088,7.088,6.996,6.996,5209
02/17/2012,7.071,7.154,6.996,7.054,3340
02/21/2012,7.079,7.154,7.079,7.079,3842
02/22/2012,7.029,7.029,6.996,6.996,1081
02/23/2012,7.029,7.071,7.029,7.071,371
02/24/2012,7.079,7.079,7.079,7.079,120
02/27/2012,7.071,7.071,7.071,7.071,600
03/01/2012,7.054,7.054,7.038,7.038,552
03/06/2012,6.996,7.0126,6.996,6.9961,1365
03/07/2012,7.004,7.004,6.996,6.996,720
03/08/2012,7.004,7.004,7.004,7.004,120
03/09/2012,7.071,7.088,7.071,7.088,3656
03/12/2012,7.079,7.121,7.079,7.079,4802
03/15/2012,7.004,7.004,6.971,6.971,1081
03/16/2012,7.138,7.138,7.038,7.038,1080
03/20/2012,6.9294,7.188,6.9294,7.188,3457
03/23/2012,6.9377,6.9377,6.9127,6.9127,600
03/26/2012,6.9127,6.9127,6.9127,6.9127,240
03/27/2012,7.071,7.163,6.996,6.996,600
03/30/2012,6.7461,6.7461,6.7461,6.7461,938
04/02/2012,6.7461,6.7878,6.5879,6.7628,4825
04/04/2012,6.6712,6.6712,6.6712,6.6712,120
04/05/2012,7.013,7.013,7.013,7.013,240
04/09/2012,6.6795,6.6795,6.6212,6.6212,5852
04/12/2012,6.6628,6.6628,6.6212,6.6212,1081
04/13/2012,6.6212,6.6212,6.6212,6.6212,1112
04/16/2012,5.9632,5.9632,5.9632,5.9632,360
04/17/2012,5.9966,5.9966,5.9966,5.9966,319
04/20/2012,6.2547,6.2547,6.2547,6.2547,335
04/27/2012,6.2464,6.5962,6.2464,6.2464,1321
05/01/2012,6.2881,6.2881,5.9966,6.1631,7641
05/02/2012,6.1798,6.313,6.0132,6.313,3174
05/03/2012,6.2879,6.3465,6.2879,6.3465,1911
05/04/2012,6.313,6.313,6.313,6.313,240
05/07/2012,6.3047,6.3047,5.5511,5.8191,6987
05/14/2012,5.9112,5.9112,5.7772,5.8107,1314
05/15/2012,6.2544,6.2796,6.2544,6.2796,5733
05/16/2012,6.6982,6.6982,6.6982,6.6982,119
05/17/2012,6.6396,6.6396,6.6396,6.6396,239
05/21/2012,6.648,6.6898,6.5307,6.5475,1516
05/22/2012,6.6647,6.6982,6.4638,6.4638,9649
05/23/2012,6.514,6.514,6.514,6.514,179
05/24/2012,6.5893,6.5893,6.5893,6.5893,131
05/25/2012,6.4708,6.5391,6.4679,6.4679,1296
05/30/2012,6.6228,6.6982,6.6228,6.6982,415
05/31/2012,6.38,6.38,6.38,6.38,165
06/01/2012,6.2712,6.2712,6.2712,6.2712,717
06/05/2012,6.2209,6.2209,6.1121,6.1122,643
06/06/2012,6.1623,6.1623,6.1623,6.1623,239
06/07/2012,6.1791,6.1791,6.1791,6.1791,129
06/11/2012,6.1456,6.1456,6.1121,6.1121,1304
06/12/2012,6.2795,6.2796,6.2628,6.2796,2508
06/13/2012,6.2963,6.2963,6.2963,6.2963,119
06/14/2012,6.1456,6.1456,6.1205,6.1205,717
06/18/2012,6.2293,6.2293,6.2293,6.2293,119
06/20/2012,6.3214,6.3214,6.2043,6.3214,1099
06/26/2012,6.3382,6.3382,5.8693,6.0284,13912
06/27/2012,6.1623,6.3047,6.1121,6.1121,3044
06/28/2012,6.154,6.154,6.0284,6.0284,597
06/29/2012,6.0702,6.154,6.0702,6.154,1911
07/05/2012,6.0535,6.0702,5.7102,6.0535,4834
07/06/2012,6.0284,6.087,6.0284,6.087,477
07/12/2012,6.6731,6.6731,6.6731,6.6731,119
07/13/2012,6.6563,6.6563,6.6563,6.6563,457
07/17/2012,6.6898,6.6898,6.4898,6.4898,776
07/18/2012,6.5475,6.5475,6.5475,6.5475,263
07/19/2012,6.6898,6.6982,6.6898,6.6982,2687
07/23/2012,6.6982,6.6982,6.6982,6.6982,490
07/24/2012,6.6814,6.6982,6.6814,6.6982,239
07/25/2012,6.8238,6.8238,6.8238,6.8238,597
07/26/2012,6.7066,6.7066,6.7066,6.7066,1374
07/27/2012,6.8322,7.284,6.6982,7.276,2985
07/30/2012,7.284,7.284,7.284,7.284,266
07/31/2012,6.7317,6.7317,6.6982,6.6982,1019
08/01/2012,7.259,7.326,7.259,7.284,3675
08/02/2012,7.242,7.242,6.9912,7.117,12898
08/03/2012,7.284,7.284,7.117,7.117,1432
08/09/2012,7.277,7.277,7.277,7.277,1165
08/20/2012,7.15,7.15,6.9822,7.0075,3150
08/22/2012,7.117,7.117,7.117,7.117,357
08/23/2012,7.108,7.235,7.083,7.235,18551
08/24/2012,6.9822,7.0159,6.9822,6.9822,1323
08/28/2012,7.092,7.092,7.066,7.066,507
08/29/2012,7.151,7.159,7.151,7.159,475
08/30/2012,7.15,7.15,7.15,7.15,1189
08/31/2012,7.184,7.277,7.184,7.277,1664
09/04/2012,7.277,7.453,7.277,7.453,1608
09/05/2012,7.319,7.445,7.302,7.302,12493
09/07/2012,7.226,7.336,7.226,7.319,1664
09/10/2012,7.302,7.319,7.302,7.319,18908
09/11/2012,7.243,7.277,7.243,7.277,3117
09/12/2012,7.277,7.319,7.268,7.319,3124
09/14/2012,7.167,7.167,7.167,7.167,238
09/17/2012,7.15,7.15,6.9828,6.9828,891
09/24/2012,6.9654,7.319,6.9654,7.15,8441
09/26/2012,7.016,7.016,6.999,6.999,475
09/28/2012,7.05,7.05,7.05,7.05,357
10/01/2012,7.15,7.15,7.15,7.15,1065
10/03/2012,7.176,7.176,7.15,7.15,535
10/04/2012,7.167,7.167,7.167,7.167,119
10/05/2012,7.167,7.167,7.167,7.167,119
10/09/2012,7.176,7.176,7.176,7.176,119
10/10/2012,7.167,7.226,7.167,7.226,476
10/17/2012,7.193,7.193,7.15,7.15,4161
10/19/2012,7.167,7.193,7.15,7.193,4159
10/24/2012,7.193,7.193,7.193,7.193,238
10/26/2012,7.15,7.15,7.15,7.15,246
10/31/2012,7.15,7.15,7.15,7.15,832
11/01/2012,7.184,7.184,7.15,7.15,1196
11/06/2012,7.176,7.176,7.176,7.176,119
11/09/2012,7.193,7.193,7.193,7.193,237
11/13/2012,7.581,7.59,6.9306,6.9306,16727
11/14/2012,6.9137,7.1,6.8883,7.1,4506
11/15/2012,5.7135,7.573,5.7135,6.9898,5090
11/29/2012,6.7869,7.057,6.7616,7.057,1243
11/30/2012,6.9729,6.9729,6.9729,6.9729,118
12/03/2012,7.159,7.159,7.159,7.159,118
12/05/2012,7.074,7.074,6.5503,7.015,1775
12/06/2012,7.015,7.015,7.015,7.015,355
12/07/2012,6.956,6.956,6.956,6.956,118
12/17/2012,7.142,7.184,6.77,7.091,4574
12/18/2012,7.142,7.159,6.8343,7.15,1926
12/19/2012,6.8461,7.184,6.8038,7.176,9855
12/20/2012,7.142,7.184,7.142,7.184,1321
12/26/2012,7.167,7.167,7.167,7.167,118
12/27/2012,7.15,7.184,7.15,7.184,236
01/03/2013,7.184,7.184,7.184,7.184,118
01/04/2013,7.193,7.193,7.167,7.184,3313
01/07/2013,7.197,7.624,7.197,7.624,8090
01/08/2013,7.581,7.607,7.581,7.607,7139
01/09/2013,7.818,8.029,7.818,8.029,710
01/10/2013,8.452,8.452,8.367,8.452,1538
01/11/2013,8.452,8.452,8.452,8.452,237
01/14/2013,7.243,7.243,7.235,7.235,355
01/15/2013,7.649,7.649,7.649,7.649,118
01/16/2013,7.429,7.607,7.404,7.607,828
01/18/2013,7.835,7.835,7.835,7.835,118
01/22/2013,7.945,7.945,7.945,7.945,6153
01/23/2013,7.962,7.962,7.962,7.962,118
01/24/2013,8.029,8.029,7.607,7.615,7572
01/25/2013,7.725,7.86,7.666,7.801,1710
01/28/2013,8.334,8.334,8.334,8.334,118
01/29/2013,8.359,8.621,8.359,8.452,7816
01/30/2013,8.148,8.148,8.029,8.029,1140
01/31/2013,8.875,8.875,8.029,8.029,17878
02/01/2013,8.029,8.029,8.029,8.029,355
02/04/2013,8.089,8.283,8.089,8.283,237
02/05/2013,8.055,8.173,8.055,8.173,710
02/06/2013,8.029,8.029,8.029,8.029,828
02/07/2013,8.097,8.547,8.097,8.547,1319
02/08/2013,8.428,8.445,8.428,8.445,1073
02/11/2013,8.326,9.336,8.326,9.209,7218
02/12/2013,8.513,9.158,8.063,8.488,3275
02/13/2013,8.946,8.946,8.912,8.912,354
02/15/2013,8.912,8.912,8.488,8.802,10920
02/20/2013,8.59,8.827,8.59,8.827,4714
02/21/2013,8.87,9.065,8.836,8.921,4655
02/22/2013,8.904,9.252,8.827,8.827,6321
02/27/2013,8.454,8.87,8.063,8.87,589
02/28/2013,8.793,8.912,8.793,8.912,471
03/01/2013,8.81,8.81,8.81,8.81,118
03/04/2013,8.81,8.81,8.81,8.81,239
03/05/2013,8.191,8.301,8.089,8.148,2178
03/06/2013,8.539,8.607,8.165,8.242,6128
03/07/2013,8.191,8.488,8.191,8.403,8365
03/08/2013,8.615,9.252,8.204,8.573,22268
03/11/2013,8.496,8.496,8.496,8.496,1329
03/12/2013,8.725,8.725,8.725,8.725,824
03/13/2013,8.581,8.581,8.581,8.581,353
03/14/2013,9.235,9.336,9.235,9.336,353
03/15/2013,9.082,9.116,8.836,9.116,1649
03/18/2013,9.336,9.336,9.336,9.336,2303
03/21/2013,9.336,9.336,9.336,9.336,250
03/25/2013,9.124,9.124,9.124,9.124,892
04/02/2013,8.793,9.124,8.7,9.124,4375
04/03/2013,9.056,9.056,9.056,9.056,118
04/04/2013,8.81,9.235,8.81,9.235,825
04/08/2013,8.912,8.912,8.912,8.912,937
04/15/2013,8.759,8.793,8.759,8.793,236
04/16/2013,8.81,8.81,8.81,8.81,130
04/19/2013,8.785,8.827,8.785,8.827,324
04/23/2013,9.303,9.303,9.056,9.056,236
04/24/2013,9.201,9.837,9.201,9.837,9870
04/25/2013,9.973,9.973,9.973,9.973,471
04/29/2013,9.837,9.846,9.803,9.803,707
04/30/2013,11.569,11.569,10.185,10.465,2809
05/01/2013,10.168,10.185,10.168,10.185,487
05/03/2013,10.185,10.185,10.185,10.185,1178
05/06/2013,10.177,10.177,10.177,10.177,2455
05/07/2013,9.863,10.151,9.846,10.151,859
05/08/2013,9.846,9.846,9.846,9.846,118
05/10/2013,10.212,10.22,10.195,10.22,1233
05/14/2013,10.22,10.22,10.22,10.22,117
05/15/2013,10.178,10.178,10.178,10.178,117
05/16/2013,10.178,10.178,9.846,9.846,6334
05/21/2013,9.922,9.922,9.369,9.795,4067
05/22/2013,9.607,9.871,9.607,9.871,744
05/23/2013,10.161,10.161,10.161,10.161,235
05/24/2013,10.135,10.135,10.135,10.135,117
05/29/2013,10.008,10.008,9.539,9.539,939
05/30/2013,9.565,9.624,9.565,9.624,234
05/31/2013,9.658,9.658,9.658,9.658,587
06/05/2013,9.684,9.684,9.411,9.582,5800
06/06/2013,10.101,10.101,9.539,9.675,352
06/10/2013,9.701,9.726,9.675,9.726,2455
06/12/2013,9.394,9.42,9.113,9.113,1350
06/13/2013,9.113,9.113,9.113,9.113,117
06/17/2013,8.943,9.113,8.943,8.943,5401
06/18/2013,9.02,9.147,9.02,9.113,4941
06/20/2013,8.968,9.054,8.943,8.951,3640
06/21/2013,8.943,8.943,8.943,8.943,176
06/24/2013,9.795,9.795,9.795,9.795,117
06/25/2013,8.866,9.786,8.841,9.744,1960
06/26/2013,9.658,9.658,9.658,9.658,352
06/27/2013,9.709,9.709,9.709,9.709,470
07/01/2013,9.786,9.795,9.701,9.795,3246
07/02/2013,9.767,9.786,9.665,9.699,1291
07/05/2013,9.369,9.752,9.369,9.752,5989
07/08/2013,9.607,9.607,9.079,9.122,1291
07/11/2013,9.156,9.241,9.037,9.037,703
07/12/2013,9.028,9.113,9.028,9.113,469
07/16/2013,9.224,9.224,9.224,9.224,234
07/23/2013,9.164,9.164,9.164,9.164,704
07/24/2013,9.088,9.088,9.037,9.037,963
07/29/2013,9.037,9.037,9.037,9.037,117
07/30/2013,9.037,9.037,9.037,9.037,235
07/31/2013,9.096,9.096,9.096,9.096,117
08/01/2013,9.275,9.284,9.267,9.267,972
08/05/2013,9.795,9.795,9.744,9.795,1637
08/06/2013,9.599,9.599,9.599,9.599,352
08/08/2013,9.53,9.53,9.53,9.53,234
08/12/2013,9.522,9.522,9.112,9.112,305
08/13/2013,9.402,9.402,9.368,9.402,1404
08/14/2013,9.359,9.359,9.359,9.359,291
08/15/2013,9.115,9.146,9.115,9.146,1113
08/16/2013,9.231,9.359,9.231,9.265,2106
08/19/2013,9.282,9.282,9.026,9.035,11338
08/20/2013,9.188,9.334,9.188,9.334,6437
08/22/2013,9.359,9.359,9.359,9.359,4431
08/23/2013,9.616,9.616,9.479,9.479,1478
08/28/2013,9.359,9.359,9.359,9.359,635
08/29/2013,9.359,9.359,9.359,9.359,702
08/30/2013,9.359,9.359,8.975,9.317,5442
09/03/2013,9.026,9.06,9.026,9.06,866
09/05/2013,9.556,9.83,9.556,9.744,32402
09/06/2013,9.676,10.129,9.616,9.83,12253
09/09/2013,9.83,9.872,9.83,9.872,1053
09/10/2013,9.83,9.847,9.83,9.847,351
09/11/2013,9.83,9.83,9.804,9.83,700
09/12/2013,9.471,9.471,9.471,9.471,117
09/13/2013,9.428,9.428,9.428,9.428,117
09/16/2013,9.488,9.573,9.488,9.573,234
09/17/2013,9.573,9.599,9.573,9.599,1404
09/18/2013,9.83,9.872,9.744,9.872,2105
09/19/2013,9.812,9.83,9.812,9.812,1260
09/20/2013,10.052,10.052,10.052,10.052,124
09/25/2013,10.043,10.043,10.043,10.043,351
09/26/2013,9.412,9.419,9.412,9.419,1404
09/30/2013,9.616,9.616,9.453,9.453,1287
10/03/2013,9.419,9.616,9.402,9.616,1638
10/07/2013,9.402,9.821,9.402,9.821,2298
10/09/2013,9.889,9.889,9.889,9.889,117
10/11/2013,9.787,9.787,9.641,9.65,819
10/17/2013,9.616,9.616,9.616,9.616,585
10/18/2013,9.402,9.402,9.402,9.402,234
10/21/2013,9.471,9.471,9.402,9.402,1287
10/22/2013,9.402,9.906,9.402,9.71,5908
10/23/2013,9.616,9.616,9.453,9.453,7488
10/24/2013,9.453,9.488,9.436,9.453,8371
10/25/2013,9.53,9.53,9.453,9.454,4798
10/28/2013,9.659,9.744,9.659,9.744,351
10/29/2013,9.428,9.471,9.402,9.471,1753
10/30/2013,9.445,9.445,9.445,9.445,117
10/31/2013,9.488,9.488,9.411,9.411,1003
11/04/2013,9.436,9.744,9.436,9.573,2239
11/05/2013,9.573,9.573,9.342,9.445,359
11/06/2013,9.548,9.548,9.522,9.522,2332
11/07/2013,9.538,9.565,9.521,9.565,5829
11/08/2013,9.565,9.565,9.565,9.565,1866
11/11/2013,9.436,9.522,9.282,9.436,8515
11/12/2013,9.436,9.479,9.436,9.479,466
11/21/2013,9.479,9.711,9.479,9.711,1016
11/22/2013,9.479,9.539,9.436,9.539,3081
11/26/2013,10.08,10.08,9.857,9.857,584
11/27/2013,9.651,9.651,9.651,9.651,1458
11/29/2013,9.694,9.779,9.685,9.737,1399
12/02/2013,9.994,9.994,9.985,9.994,2365
12/03/2013,10.08,10.123,10.08,10.123,932
12/06/2013,10.294,10.509,10.294,10.509,2640
12/09/2013,10.294,10.431,10.294,10.337,2605
12/10/2013,10.123,10.226,10.123,10.226,1398
12/11/2013,10.251,10.294,10.251,10.294,699
12/12/2013,10.307,10.32,10.307,10.311,466
12/13/2013,10.328,10.672,10.294,10.32,6993
12/16/2013,10.337,10.406,10.294,10.406,1167
12/17/2013,10.354,10.594,10.294,10.594,5946
12/20/2013,10.311,10.577,10.294,10.577,2684
12/26/2013,10.38,10.38,10.296,10.297,823
12/30/2013,10.294,10.294,10.294,10.294,1865
12/31/2013,10.509,10.509,10.509,10.509,233
01/02/2014,10.509,10.509,10.294,10.294,758
01/03/2014,10.337,10.337,10.123,10.165,6714
01/06/2014,10.466,10.466,10.148,10.303,1282
01/08/2014,10.346,10.346,10.346,10.346,787
01/09/2014,10.08,10.534,10.08,10.38,2471
01/10/2014,10.205,10.389,10.085,10.205,2215
01/13/2014,10.208,10.208,10.208,10.208,117
01/14/2014,10.208,10.551,10.208,10.551,1166
01/22/2014,10.183,10.183,10.176,10.176,233
01/23/2014,10.165,10.165,10.165,10.165,117
01/24/2014,10.14,10.14,10.14,10.14,225
02/03/2014,10.191,10.44,10.183,10.44,867
02/04/2014,10.483,10.509,10.483,10.509,557
02/05/2014,10.32,10.397,10.32,10.38,1167
02/11/2014,10.165,10.165,9.975,10.044,2896
02/12/2014,9.975,9.975,9.975,9.975,232
02/13/2014,10.328,10.328,10.328,10.328,116
02/18/2014,9.984,9.984,9.975,9.984,1859
02/20/2014,9.734,9.734,9.734,9.734,1627
02/24/2014,9.82,9.82,9.82,9.82,1750
02/25/2014,9.769,9.769,9.769,9.769,1156
02/26/2014,9.919,9.919,9.902,9.902,698
03/03/2014,9.984,9.984,9.984,9.984,1194
03/12/2014,9.95,9.95,9.95,9.95,407
03/18/2014,9.932,9.932,9.932,9.932,116
03/20/2014,9.936,9.958,9.91,9.91,348
03/21/2014,10.142,10.16,10.142,10.16,1124
03/28/2014,9.932,9.932,9.932,9.932,232
03/31/2014,9.932,9.932,9.932,9.932,6024
04/02/2014,10.07,10.328,10.07,10.328,6616
04/03/2014,10.328,10.759,10.328,10.759,3008
04/04/2014,10.5,10.5,10.5,10.5,1162
04/07/2014,10.328,10.346,10.328,10.337,1627
04/08/2014,10.328,10.337,10.087,10.087,8471
04/09/2014,9.924,10.156,9.769,9.898,9935
04/10/2014,10.13,10.13,10.13,10.13,53992
04/14/2014,9.958,9.975,9.889,9.975,929
04/30/2014,10.113,10.113,10.113,10.113,116
05/01/2014,10.113,10.13,10.113,10.113,3188
05/05/2014,9.959,10.113,9.959,9.959,1103
05/07/2014,9.993,10.036,9.941,9.958,2787
05/12/2014,9.941,9.941,9.941,9.941,116
05/13/2014,10.053,10.053,10.036,10.036,464
05/16/2014,10.105,10.105,10.105,10.105,232
05/19/2014,10.122,10.122,10.109,10.109,1157
05/23/2014,10.12,10.148,10.12,10.131,2201
05/27/2014,9.975,10.148,9.63,10.142,2373
05/30/2014,10.148,10.148,10.148,10.148,116
06/02/2014,9.76,9.906,9.76,9.846,1043
06/03/2014,9.544,9.699,9.5,9.544,1738
06/04/2014,9.544,9.604,9.414,9.5,19040
06/05/2014,9.76,9.76,9.678,9.678,470
06/06/2014,9.483,9.578,9.483,9.578,6716
06/09/2014,9.5,9.5,9.5,9.5,463
06/10/2014,9.5,9.5,9.5,9.5,2316
06/11/2014,9.513,9.518,9.418,9.418,2258
06/12/2014,9.492,9.492,9.375,9.375,1736
06/13/2014,9.492,9.863,9.371,9.371,2605
06/16/2014,9.431,9.457,9.349,9.457,3704
06/17/2014,9.418,9.483,9.41,9.418,1620
06/18/2014,9.492,9.492,9.375,9.392,1499
06/19/2014,9.483,9.483,9.362,9.414,4631
06/20/2014,9.492,9.492,9.349,9.349,2547
06/23/2014,9.397,9.397,9.397,9.397,116
06/24/2014,9.414,9.414,9.345,9.371,1853
06/25/2014,9.375,9.44,9.375,9.375,4051
06/26/2014,9.399,9.466,9.373,9.373,3126
06/27/2014,9.418,9.457,9.349,9.375,3241
06/30/2014,9.414,9.414,9.38,9.397,2547
07/01/2014,9.371,9.371,9.371,9.371,145
07/02/2014,9.452,9.483,9.452,9.483,231
07/03/2014,9.44,9.492,9.371,9.436,6658
07/07/2014,9.464,9.5,9.371,9.414,6400
07/08/2014,9.371,9.449,9.328,9.328,2085
07/10/2014,9.371,9.5,9.371,9.5,1622
07/11/2014,9.492,9.5,9.492,9.5,926
07/14/2014,9.444,9.457,9.375,9.418,13534
07/15/2014,9.392,9.457,9.349,9.457,2049
07/16/2014,9.423,9.423,9.371,9.38,1621
07/17/2014,9.414,9.5,9.38,9.38,4631
07/21/2014,9.427,9.483,9.354,9.459,3590
07/22/2014,9.375,9.44,9.358,9.358,3937
07/23/2014,9.423,9.423,9.371,9.371,1853
07/24/2014,9.38,9.38,9.328,9.371,2937
07/25/2014,9.5,9.5,9.328,9.328,3358
07/28/2014,9.496,9.5,9.371,9.371,5905
07/29/2014,9.397,9.397,9.369,9.381,2896
07/31/2014,9.492,9.492,9.492,9.492,232
08/01/2014,9.468,9.468,9.466,9.466,464
08/04/2014,9.436,9.466,9.371,9.371,4400
08/05/2014,9.371,9.371,9.371,9.371,1158
08/06/2014,9.371,9.371,9.371,9.371,2125
08/07/2014,9.348,9.348,9.336,9.336,290
08/11/2014,9.397,9.397,9.397,9.397,346
08/12/2014,9.406,9.449,9.371,9.406,7170
08/13/2014,9.388,9.388,9.388,9.388,1009
08/14/2014,9.388,9.406,9.388,9.406,3494
08/15/2014,9.406,9.414,9.406,9.406,5792
08/19/2014,9.388,9.926,9.319,9.544,12193
08/20/2014,9.596,9.596,9.596,9.596,115
08/21/2014,9.553,9.553,9.406,9.449,8188
08/22/2014,9.362,9.527,9.345,9.406,14074
08/29/2014,9.614,9.614,9.614,9.614,577
09/02/2014,9.449,9.449,9.449,9.449,115
09/04/2014,9.536,9.562,9.492,9.562,1154
09/05/2014,9.501,9.501,9.501,9.501,231
09/09/2014,9.614,9.614,9.505,9.505,461
09/12/2014,9.527,9.536,9.492,9.492,2377
09/15/2014,9.406,9.588,9.406,9.492,8905
09/16/2014,9.475,9.475,9.406,9.406,461
09/17/2014,9.423,9.423,9.423,9.423,115
09/18/2014,9.44,9.579,9.406,9.492,3471
09/19/2014,9.466,9.466,9.406,9.406,1186
09/23/2014,9.449,9.492,9.406,9.406,577
09/24/2014,9.414,9.423,9.414,9.414,807
09/25/2014,9.536,9.536,9.536,9.536,231
09/26/2014,9.405,9.406,9.371,9.371,3691
09/29/2014,9.406,9.406,9.406,9.406,1154
09/30/2014,9.407,9.423,9.407,9.423,1384
10/01/2014,9.406,9.449,9.406,9.406,1498
10/02/2014,9.406,9.406,9.406,9.406,115
10/03/2014,9.492,9.518,9.492,9.518,606
10/06/2014,9.544,9.544,9.544,9.544,231
10/07/2014,9.475,9.475,9.475,9.475,461
10/08/2014,9.51,9.51,9.51,9.51,1121
10/15/2014,9.536,9.536,9.536,9.536,219
10/16/2014,9.536,9.536,9.536,9.536,115
10/20/2014,9.544,9.544,9.544,9.544,2076
10/27/2014,9.414,9.475,9.395,9.439,1961
11/11/2014,9.427,9.449,9.414,9.449,379
11/12/2014,9.484,9.484,9.484,9.484,115
11/13/2014,9.484,9.484,9.484,9.484,287
11/18/2014,9.484,9.484,9.449,9.449,1494
11/19/2014,9.527,9.527,9.475,9.484,696
11/20/2014,9.449,9.527,9.44,9.527,5171
11/24/2014,9.527,9.527,9.501,9.501,477
11/26/2014,9.501,9.501,9.449,9.449,436
11/28/2014,9.519,9.527,9.519,9.527,2140
12/03/2014,9.449,9.449,9.44,9.44,12648
12/08/2014,9.44,9.44,9.44,9.44,460
12/09/2014,9.449,9.449,9.44,9.44,1091
12/12/2014,9.579,9.579,9.579,9.579,115
12/15/2014,9.571,9.571,9.379,9.379,9056
12/17/2014,9.388,9.388,9.388,9.388,115
12/22/2014,9.388,9.388,9.388,9.388,675
12/23/2014,9.432,9.432,9.432,9.432,1150
12/24/2014,9.571,9.571,9.571,9.571,126
12/26/2014,9.412,9.414,9.404,9.412,3454
12/29/2014,9.44,9.562,9.4,9.475,20668
12/31/2014,9.519,9.519,9.379,9.38,4370
01/02/2015,9.449,9.51,9.379,9.405,11545
01/05/2015,9.579,9.579,9.379,9.397,15047
01/06/2015,9.432,9.545,9.397,9.398,4830
01/07/2015,9.484,9.484,9.44,9.44,805
01/08/2015,9.44,9.545,9.405,9.475,1495
01/09/2015,9.432,9.501,9.405,9.405,1525
01/12/2015,9.466,9.51,9.44,9.475,3459
01/14/2015,9.51,9.527,9.44,9.466,3335
01/15/2015,9.458,9.501,9.449,9.466,1878
01/16/2015,9.501,9.501,9.449,9.484,2070
01/20/2015,9.536,9.536,9.444,9.453,805
01/21/2015,9.501,9.51,9.432,9.492,1725
01/22/2015,9.484,9.484,9.484,9.484,214
01/23/2015,9.614,10.041,9.501,9.658,32837
01/26/2015,10.441,10.441,9.484,10.249,58986
01/27/2015,9.91,10.223,9.701,9.701,83196
01/28/2015,9.78,9.927,9.771,9.788,30115
01/29/2015,9.701,10.241,9.701,10.006,63676
01/30/2015,9.832,9.962,9.719,9.961,15250
02/02/2015,10.18,10.241,9.745,10.163,54340
02/03/2015,9.788,10.101,9.788,9.814,19625
02/04/2015,9.832,9.893,9.797,9.797,1497
02/05/2015,9.775,9.832,9.766,9.766,1601
02/09/2015,10.443,10.478,9.823,9.893,4275
02/10/2015,10.129,10.434,9.867,9.998,5623
02/11/2015,10.216,10.434,9.91,10.015,2640
02/13/2015,9.902,9.902,9.622,9.622,2379
02/17/2015,10.216,10.487,9.945,10.365,46803
02/18/2015,10.216,10.216,9.832,9.91,1260
02/19/2015,9.823,9.972,9.823,9.849,1231
02/20/2015,10.059,10.059,10.041,10.041,2152
02/23/2015,10.041,10.565,9.91,10.277,65482
02/24/2015,10.268,10.382,9.954,10.382,5898
02/25/2015,10.059,10.146,10.024,10.129,7329
02/26/2015,10.041,10.225,10.041,10.225,10769
02/27/2015,10.085,10.871,10.085,10.496,72938
03/02/2015,10.827,10.845,10.6,10.6,37383
03/03/2015,10.723,10.723,10.565,10.575,6994
03/04/2015,10.321,10.391,10.321,10.382,687
03/06/2015,10.347,10.565,10.007,10.155,6303
03/11/2015,10.391,10.391,10.007,10.199,689
03/12/2015,9.683,10.391,9.683,9.814,27728
03/16/2015,9.867,10.129,9.858,10.041,2294
03/17/2015,10.129,10.129,9.814,10.041,1722
03/18/2015,10.138,10.138,9.998,10.085,4586
03/19/2015,9.972,10.19,9.867,10.05,689
03/23/2015,10.216,10.391,10.216,10.303,917
03/24/2015,9.884,10.303,9.884,10.144,6507
03/25/2015,10.172,10.172,10.138,10.138,345
03/30/2015,10.251,10.251,10.129,10.129,939
04/01/2015,10.478,10.478,10.478,10.478,481
04/07/2015,10.347,10.347,10.347,10.347,213
04/15/2015,10.95,10.95,10.557,10.557,688
04/17/2015,10.391,10.391,10.05,10.05,5540
04/20/2015,10.129,10.129,10.111,10.111,951
04/23/2015,10.05,10.05,10.042,10.042,344
04/24/2015,10.295,10.295,10.13,10.199,18829
04/27/2015,10.103,10.199,10.103,10.19,1776
04/28/2015,10.199,10.286,10.199,10.277,4049
04/29/2015,10.303,10.95,10.303,10.749,24354
04/30/2015,10.74,11.002,10.74,10.775,10846
05/01/2015,10.784,10.871,10.679,10.679,8656
05/05/2015,10.67,10.775,10.67,10.775,344
05/06/2015,10.67,10.696,10.628,10.628,2483
05/07/2015,10.591,10.732,10.478,10.67,1825
05/08/2015,10.574,10.644,10.513,10.644,2387
05/11/2015,10.705,10.705,10.687,10.687,1142
05/12/2015,10.434,10.583,10.434,10.583,411
05/13/2015,10.381,10.732,10.372,10.679,22651
05/14/2015,10.661,10.758,10.609,10.609,9580
05/15/2015,10.653,10.653,10.513,10.6,685
05/18/2015,10.565,10.565,10.565,10.565,228
05/19/2015,10.513,10.574,10.302,10.302,2157
05/20/2015,10.355,10.513,10.337,10.434,12606
05/21/2015,10.6,10.6,10.477,10.477,11178
05/22/2015,10.469,10.469,10.381,10.381,685
05/27/2015,10.478,10.513,10.46,10.513,5250
05/28/2015,10.749,10.749,10.478,10.478,775
05/29/2015,10.451,10.767,10.294,10.337,6393
06/01/2015,10.346,10.346,10.346,10.346,114
06/02/2015,10.337,10.513,10.337,10.451,5488
06/03/2015,10.442,10.574,10.328,10.328,9908
06/04/2015,10.425,10.425,10.32,10.337,2072
06/05/2015,10.311,10.329,10.311,10.329,228
06/08/2015,10.381,10.434,10.25,10.302,4980
06/09/2015,10.206,10.372,10.206,10.372,3425
06/10/2015,10.232,10.39,10.232,10.25,3195
06/11/2015,10.223,10.556,10.162,10.18,8701
06/15/2015,10.486,10.504,10.364,10.486,2604
06/16/2015,10.486,10.486,10.18,10.486,2337
06/17/2015,10.495,10.513,10.25,10.504,1482
06/18/2015,10.513,10.513,10.443,10.504,1056
06/19/2015,10.513,10.67,10.215,10.495,15625
06/23/2015,10.46,10.46,10.46,10.46,228
06/24/2015,10.259,10.346,10.25,10.346,342
06/25/2015,10.337,10.443,10.337,10.443,1255
06/29/2015,10.451,10.451,10.451,10.451,342
06/30/2015,10.335,10.346,10.256,10.291,3174
07/06/2015,10.285,10.294,10.25,10.25,855
07/07/2015,10.285,10.294,10.25,10.285,2738
07/08/2015,10.311,10.311,10.311,10.311,342
07/09/2015,10.372,10.372,10.372,10.372,114
07/10/2015,10.259,10.294,10.252,10.285,1484
07/13/2015,10.247,10.267,10.203,10.203,4797
07/14/2015,10.206,10.206,10.135,10.135,1268
07/15/2015,9.961,9.987,9.943,9.943,3343
07/16/2015,9.943,9.987,9.943,9.987,3880
07/17/2015,9.575,9.952,9.549,9.952,4622
07/20/2015,9.978,9.978,9.978,9.978,228
07/21/2015,9.856,9.856,9.856,9.856,128
07/22/2015,9.838,9.856,9.838,9.856,1255
07/23/2015,9.733,9.899,9.724,9.724,4634
07/27/2015,9.724,9.891,9.715,9.882,6250
07/28/2015,9.707,9.707,9.707,9.707,114
07/30/2015,9.707,9.768,9.707,9.768,3082
07/31/2015,9.899,9.969,9.698,9.733,3195
08/03/2015,9.768,9.768,9.768,9.768,792
08/04/2015,9.899,9.899,9.899,9.899,571
08/06/2015,9.908,9.908,9.908,9.908,227
08/11/2015,9.776,9.776,9.452,9.492,3892
08/12/2015,9.741,9.741,9.741,9.741,521
08/13/2015,9.741,9.741,9.557,9.557,1138
08/14/2015,9.609,9.609,9.557,9.565,1251
08/18/2015,9.6,9.609,9.6,9.609,1251
08/19/2015,9.644,9.644,9.583,9.583,455
08/20/2015,9.583,9.644,9.565,9.565,1365
08/21/2015,9.554,9.565,9.536,9.536,3749
08/24/2015,9.539,9.539,9.539,9.539,569
08/25/2015,9.583,9.583,9.583,9.583,228
08/26/2015,9.653,9.653,9.539,9.539,1251
08/27/2015,9.557,9.557,9.539,9.539,569
08/28/2015,9.592,9.592,9.592,9.592,114
08/31/2015,9.592,9.592,9.592,9.592,114
09/01/2015,9.653,9.653,9.539,9.539,1751
09/02/2015,9.539,9.644,9.539,9.644,3158
09/03/2015,9.565,9.6,9.539,9.6,1024
09/08/2015,9.627,9.636,9.627,9.636,1194
09/09/2015,9.557,9.557,9.539,9.557,4247
09/10/2015,9.653,9.653,9.653,9.653,227
09/11/2015,9.495,9.539,9.495,9.539,454
09/15/2015,9.618,9.618,9.618,9.618,341
09/17/2015,9.513,9.513,9.513,9.513,114
09/18/2015,9.504,9.504,9.46,9.46,2524
09/21/2015,9.495,9.504,9.493,9.495,1696
09/23/2015,9.574,9.583,9.574,9.583,362
09/24/2015,9.671,9.671,9.671,9.671,227
09/30/2015,9.557,9.557,9.451,9.451,228
10/01/2015,9.477,9.477,9.477,9.477,227
10/05/2015,9.495,9.504,9.477,9.477,1479
10/07/2015,9.653,9.653,9.653,9.653,171
10/08/2015,9.671,9.715,9.671,9.715,443
10/20/2015,9.935,9.935,9.935,9.935,200
10/21/2015,9.891,9.891,9.847,9.847,1576
10/23/2015,9.715,9.715,9.715,9.715,256
10/27/2015,10.102,10.154,10.102,10.154,1931
10/28/2015,10.154,10.154,10.154,10.154,218
11/02/2015,10.55,10.55,10.541,10.541,966
11/04/2015,10.55,10.55,10.55,10.55,2060
11/12/2015,10.55,10.55,10.281,10.364,791
11/13/2015,10.532,10.532,10.532,10.532,339
11/16/2015,10.621,10.683,10.621,10.683,365
11/17/2015,10.721,10.745,10.721,10.745,2825
11/19/2015,10.621,10.621,10.621,10.621,195
11/20/2015,10.458,10.497,10.458,10.497,1121
11/23/2015,10.736,11.152,10.692,10.839,6441
11/24/2015,10.815,10.886,10.621,10.793,23687
11/25/2015,10.807,10.807,10.807,10.807,452
11/27/2015,10.851,10.886,10.851,10.851,3244
11/30/2015,10.877,10.877,10.877,10.877,833
12/01/2015,10.712,10.895,10.712,10.886,1320
12/03/2015,10.709,10.709,10.709,10.709,1921
12/07/2015,10.683,10.683,10.683,10.683,339
12/09/2015,10.709,10.709,10.709,10.709,452
12/10/2015,10.709,10.709,10.709,10.709,565
12/14/2015,10.276,10.276,10.276,10.276,1015
12/17/2015,10.888,10.957,10.888,10.888,9611
12/18/2015,10.886,10.886,10.886,10.886,295
12/24/2015,10.869,10.877,10.869,10.877,452
12/28/2015,10.656,10.656,10.656,10.656,113
12/29/2015,10.877,10.877,10.877,10.877,452
12/31/2015,10.877,10.886,10.877,10.886,4167
01/04/2016,10.453,10.453,10.453,10.453,124
01/05/2016,11.099,11.099,11.063,11.063,565
01/08/2016,10.49,10.939,10.455,10.939,616
01/11/2016,10.426,10.426,10.397,10.397,565
01/15/2016,10.311,10.311,10.178,10.311,2867
01/19/2016,10.023,10.382,10.005,10.041,6382
01/20/2016,10.231,10.267,10.231,10.267,2486
01/21/2016,10.196,10.196,10.196,10.196,254
01/27/2016,10.267,10.966,10.178,10.178,30247
01/29/2016,10.205,10.205,10.205,10.205,337
02/01/2016,10.143,10.267,10.143,10.187,3051
02/02/2016,10.178,10.178,10.178,10.178,717
02/04/2016,10.063,10.285,10.063,10.285,17925
02/11/2016,10.351,10.374,10.351,10.374,385
02/12/2016,10.658,10.658,10.427,10.427,1238
02/16/2016,10.116,10.116,10.116,10.116,563
02/18/2016,10.214,10.214,10.214,10.214,844
02/22/2016,10.258,10.391,10.209,10.31,3489
02/26/2016,10.125,10.125,10.119,10.119,619
03/04/2016,10.391,10.569,10.391,10.525,1464
03/07/2016,10.525,10.525,10.525,10.525,637
03/08/2016,10.249,10.249,10.214,10.214,2813
03/09/2016,10.054,10.054,10.054,10.054,113
03/11/2016,10.125,10.258,10.125,10.216,338
03/18/2016,10.356,10.356,10.356,10.356,706
03/21/2016,10.48,10.48,10.055,10.055,873
03/24/2016,10.134,10.258,10.134,10.152,4479
03/30/2016,10.169,10.169,10.08,10.08,1013
04/08/2016,10.091,10.16,10.091,10.16,450
04/11/2016,10.383,10.383,10.383,10.383,563
04/13/2016,10.128,10.128,10.125,10.125,461
04/14/2016,10.125,10.125,10.125,10.125,2251
04/15/2016,10.125,10.125,10.089,10.089,6383
04/20/2016,10.169,10.445,10.089,10.089,3186
04/22/2016,10.196,10.196,10.196,10.196,563
04/25/2016,10.249,10.747,10.249,10.498,18805
04/26/2016,10.427,10.738,10.267,10.4,31533
04/27/2016,10.311,10.498,10.303,10.498,2365
05/03/2016,10.303,10.347,10.303,10.338,678
05/04/2016,10.436,10.462,10.436,10.462,901
05/10/2016,10.507,10.516,10.507,10.516,224
05/11/2016,10.315,10.338,10.315,10.338,2237
05/12/2016,10.516,10.516,10.516,10.516,335
05/16/2016,10.498,10.498,10.498,10.498,112
05/17/2016,10.534,10.534,10.516,10.534,1677
05/23/2016,10.462,10.462,10.302,10.365,5814
05/25/2016,10.444,10.498,10.373,10.373,1903
05/31/2016,10.373,10.462,10.373,10.462,671
06/03/2016,10.445,10.999,10.445,10.731,16176
06/06/2016,10.722,11.178,10.641,10.641,4697
06/07/2016,10.641,10.641,10.641,10.641,111
06/08/2016,10.507,10.722,10.507,10.552,5701
06/13/2016,10.588,10.704,10.588,10.704,447
06/14/2016,10.507,10.91,10.507,10.579,2050
06/15/2016,10.597,10.597,10.543,10.552,336
06/17/2016,10.507,10.507,10.08,10.285,4759
06/20/2016,10.275,10.275,10.275,10.275,114
06/23/2016,10.328,10.328,10.328,10.328,112
06/24/2016,10.597,10.597,10.391,10.462,1898
06/27/2016,10.588,10.614,10.301,10.614,664
06/28/2016,10.301,10.319,10.284,10.284,1006
06/29/2016,10.078,10.149,9.593,10.149,1454
06/30/2016,9.836,10.462,9.836,10.462,462
07/05/2016,10.096,10.096,10.096,10.096,168
07/06/2016,10.096,10.176,9.926,10.105,3544
07/07/2016,10.006,10.167,9.935,10.015,4032
07/08/2016,10.015,10.105,10.015,10.105,671
07/11/2016,10.102,10.132,10.058,10.132,1758
07/14/2016,10.185,10.185,10.167,10.167,448
07/15/2016,10.641,10.641,10.105,10.185,6039
07/19/2016,10.462,10.462,10.193,10.23,1230
07/20/2016,10.495,10.498,10.443,10.443,2127
07/21/2016,10.409,10.758,10.373,10.373,3495
07/25/2016,10.373,10.373,10.373,10.373,280
07/26/2016,10.462,10.462,10.462,10.462,224
07/27/2016,10.713,10.713,10.462,10.462,336
07/28/2016,10.507,10.507,10.507,10.507,134
08/01/2016,10.641,10.641,10.641,10.641,559
08/08/2016,10.578,10.578,10.578,10.578,111
08/09/2016,10.512,10.785,10.512,10.785,557
08/12/2016,10.732,10.767,10.681,10.767,1221
08/15/2016,10.812,10.901,10.587,10.901,3566
08/17/2016,10.767,10.767,10.767,10.767,783
08/19/2016,10.543,10.543,10.543,10.543,557
08/22/2016,10.677,10.677,10.677,10.677,446
08/23/2016,10.892,10.901,10.892,10.901,1560
08/24/2016,10.817,11.233,10.781,11.17,1435
08/26/2016,10.677,10.677,10.677,10.677,669
08/29/2016,10.677,10.677,10.677,10.677,669
08/31/2016,10.686,10.686,10.677,10.677,557
09/01/2016,10.946,10.946,10.946,10.946,334
09/02/2016,10.767,10.767,10.767,10.767,557
09/06/2016,10.857,10.884,10.677,10.677,7717
09/07/2016,10.677,11.431,10.57,10.57,1188
09/08/2016,10.587,10.946,10.498,10.946,1551
09/09/2016,10.516,10.767,10.498,10.74,1417
09/12/2016,10.408,10.408,10.408,10.408,724
09/14/2016,10.587,10.587,10.534,10.534,444
09/15/2016,10.946,10.946,10.534,10.534,1037
09/16/2016,10.462,10.498,10.435,10.435,2776
09/19/2016,10.803,10.848,10.471,10.767,6081
09/20/2016,10.758,10.767,10.573,10.573,2107
09/21/2016,10.767,10.767,10.767,10.767,111
09/22/2016,10.767,11.135,10.767,10.866,6188
09/23/2016,10.889,11.296,10.405,11.296,1782
09/26/2016,10.816,10.857,10.771,10.857,1281
09/27/2016,10.771,10.771,10.759,10.759,668
09/28/2016,10.771,11.135,10.591,11.135,1114
09/29/2016,10.769,10.991,10.769,10.949,3471
09/30/2016,10.91,11.574,10.866,11.574,1002
10/03/2016,10.815,10.991,10.815,10.967,2563
10/05/2016,10.857,11.216,10.857,11.157,2173
10/07/2016,10.901,10.901,10.866,10.875,1784
10/10/2016,11.117,11.126,10.884,11.108,3683
10/11/2016,10.928,10.928,10.928,10.928,669
10/12/2016,10.91,11.009,10.857,11.009,1114
10/14/2016,11.009,11.574,10.767,11.574,4636
10/17/2016,10.991,10.991,10.991,10.991,892
10/18/2016,10.991,11.485,10.991,11.305,1387
10/19/2016,11.305,11.35,11.036,11.35,840
10/21/2016,10.767,11.485,10.767,11.485,1003
10/24/2016,11.485,11.485,10.776,10.776,1317
10/26/2016,10.848,10.991,10.785,10.991,780
10/27/2016,10.991,11.045,10.991,11.045,1159
10/28/2016,10.991,10.991,10.857,10.991,2663
10/31/2016,10.893,10.991,10.866,10.991,1225
11/01/2016,10.991,10.991,10.991,10.991,1338
11/02/2016,10.991,10.991,10.991,10.991,334
11/03/2016,11.027,11.342,11.027,11.342,444
11/07/2016,10.977,11.297,10.977,11.027,2332
11/09/2016,11.195,11.252,11.195,11.252,333
11/10/2016,11.342,11.342,11.342,11.342,222
11/11/2016,11.342,11.342,11.252,11.342,3545
11/14/2016,11.288,11.288,11.252,11.252,388
11/15/2016,11.342,11.342,11.342,11.342,543
11/16/2016,11.654,11.765,11.654,11.654,1761
11/17/2016,11.657,11.657,11.342,11.351,2011
11/22/2016,11.729,11.756,11.711,11.711,555
11/28/2016,12.242,12.242,12.225,12.225,297
11/29/2016,12.468,12.468,12.468,12.468,1111
11/30/2016,12.558,12.612,12.544,12.612,2999
12/01/2016,12.603,12.738,12.576,12.738,6250
12/02/2016,12.619,12.639,12.601,12.601,10257
12/05/2016,12.603,12.855,12.603,12.738,6326
12/06/2016,13.035,13.863,12.828,13.17,8528
12/07/2016,13.008,13.233,13.008,13.233,4941
12/08/2016,13.098,13.278,13.098,13.278,555
12/09/2016,13.224,13.233,13.224,13.233,2221
12/12/2016,13.231,13.233,13.188,13.197,3041
12/13/2016,13.233,13.278,13.233,13.278,1995
12/15/2016,13.143,13.143,13.134,13.143,1659
12/16/2016,13.278,13.287,13.221,13.278,5861
12/19/2016,13.503,13.503,13.143,13.351,3776
12/23/2016,13.062,13.323,13.062,13.323,3166
12/27/2016,13.323,13.326,13.323,13.326,444
12/28/2016,13.323,13.323,13.19,13.19,444
12/30/2016,13.26,13.26,13.26,13.26,128
01/03/2017,13.204,13.269,13.204,13.269,222
01/05/2017,13.053,13.098,12.99,12.99,4319
01/06/2017,13.053,13.053,13.008,13.053,5919
01/09/2017,13.053,13.053,12.964,12.972,2961
01/10/2017,13.008,13.008,13.008,13.008,222
01/11/2017,13.053,13.062,13.053,13.053,3666
01/13/2017,13.112,13.125,13.103,13.116,467
01/19/2017,13.116,13.116,13.116,13.116,833
01/23/2017,13.116,13.116,12.695,12.695,2100
01/24/2017,13.305,13.305,12.963,12.972,2776
01/25/2017,13.305,13.323,13.251,13.323,6610
01/26/2017,13.062,13.062,13.062,13.062,1194
01/30/2017,13.066,13.17,13.057,13.147,3849
01/31/2017,13.37,13.395,13.318,13.37,3332
02/01/2017,13.282,13.314,13.282,13.301,6993
02/02/2017,13.06,13.06,13.058,13.058,222
02/03/2017,13.08,13.08,12.963,13.053,7674
02/06/2017,13.278,13.278,13.145,13.145,1182
02/07/2017,13.152,13.152,12.99,12.99,2471
02/08/2017,12.963,13.008,12.963,13.008,2309
02/09/2017,13.098,13.107,13.072,13.107,1992
02/10/2017,13.107,13.107,13.052,13.107,7302
02/13/2017,13.098,14.002,13.098,13.897,1858
02/14/2017,13.785,13.785,13.4,13.4,1793
02/15/2017,13.677,13.677,13.677,13.677,111
02/16/2017,13.577,14.011,13.577,13.921,3672
02/17/2017,13.658,13.658,13.658,13.658,221
02/23/2017,13.83,13.83,13.83,13.83,277
02/24/2017,13.921,13.921,13.921,13.921,111
02/27/2017,13.875,13.875,13.875,13.875,111
02/28/2017,13.731,13.731,13.731,13.731,111
03/01/2017,13.785,13.785,13.695,13.695,2102
03/02/2017,13.758,13.758,13.733,13.733,771
03/08/2017,13.586,13.586,13.586,13.586,553
03/09/2017,13.884,13.884,13.469,13.55,840
03/10/2017,13.803,13.803,13.697,13.697,225
03/14/2017,13.469,13.469,13.469,13.469,111
03/15/2017,13.51,13.532,13.465,13.474,1631
03/16/2017,13.406,13.514,13.356,13.514,6999
03/17/2017,13.487,13.487,13.487,13.487,111
03/28/2017,13.785,13.785,13.785,13.785,138
03/30/2017,13.559,13.559,13.559,13.559,111
03/31/2017,13.514,13.514,13.514,13.514,221
04/03/2017,13.559,13.559,13.559,13.559,111
04/04/2017,13.568,13.568,13.198,13.198,4779
04/05/2017,13.17,13.17,13.17,13.17,129
04/07/2017,13.216,13.333,13.053,13.053,10921
04/10/2017,13.188,13.188,13.188,13.188,606
04/11/2017,13.432,13.559,13.432,13.559,3531
04/12/2017,13.199,13.199,13.197,13.197,443
04/19/2017,13.199,13.559,13.199,13.544,2455
04/21/2017,13.378,13.378,13.378,13.378,111
04/24/2017,13.56,13.758,13.56,13.678,8530
04/26/2017,13.668,13.668,13.668,13.668,111
05/01/2017,13.695,13.785,13.396,13.785,31518
05/03/2017,13.649,13.649,13.396,13.559,1283
05/04/2017,13.832,13.832,13.705,13.705,319
05/05/2017,13.868,13.878,13.832,13.832,2370
05/08/2017,13.923,13.923,13.878,13.878,6044
05/09/2017,13.878,13.878,13.878,13.878,143
05/10/2017,13.923,13.923,13.923,13.923,715
05/11/2017,13.923,13.923,13.787,13.787,939
05/15/2017,13.856,13.923,13.833,13.833,1595
05/16/2017,13.832,13.832,13.832,13.832,110
05/17/2017,13.796,13.796,13.787,13.787,2577
05/18/2017,13.787,13.787,13.787,13.787,549
05/19/2017,13.723,13.896,13.723,13.882,2146
05/22/2017,13.768,13.768,13.768,13.768,659
05/24/2017,13.878,13.878,13.878,13.878,1868
05/25/2017,13.878,13.878,13.809,13.832,550
05/30/2017,13.959,13.987,13.947,13.969,12432
05/31/2017,13.978,13.978,13.887,13.941,3297
06/01/2017,13.878,13.941,13.878,13.941,2132
06/05/2017,13.923,13.923,13.923,13.923,159
06/06/2017,13.896,13.941,13.859,13.923,4247
06/07/2017,14.037,14.196,14.037,14.05,2308
06/08/2017,13.878,14.187,13.878,13.969,1577
06/09/2017,14.151,14.314,14.151,14.286,6270
06/13/2017,14.242,14.242,14.184,14.184,989
06/15/2017,14.017,14.078,14.017,14.078,385
06/16/2017,14.175,14.175,14.175,14.175,484
06/20/2017,14.242,14.242,14.094,14.205,1100
06/21/2017,14.205,14.205,14.178,14.178,5545
06/22/2017,14.196,14.196,14.196,14.196,824
06/23/2017,14.132,14.132,14.132,14.132,989
06/26/2017,14.697,14.697,14.651,14.651,441
06/27/2017,14.642,14.642,14.642,14.642,110
06/28/2017,14.338,14.578,14.32,14.578,1013
06/29/2017,14.578,14.578,14.544,14.544,1209
06/30/2017,14.61,14.651,14.515,14.651,2235
07/03/2017,14.46,14.46,14.46,14.46,275
07/05/2017,14.451,14.451,14.451,14.451,439
07/06/2017,14.462,14.462,14.462,14.462,1099
07/07/2017,14.46,14.46,14.46,14.46,110
07/10/2017,14.469,14.469,14.469,14.469,275
07/11/2017,14.351,14.351,14.351,14.351,149
07/13/2017,14.606,14.606,14.606,14.606,175
07/17/2017,14.633,14.651,14.633,14.651,660
07/18/2017,14.606,15.334,14.606,15.056,2335
07/19/2017,14.742,14.742,14.742,14.742,440
07/20/2017,14.678,14.678,14.371,14.371,5343
07/21/2017,14.56,14.651,14.56,14.651,660
07/24/2017,14.651,14.651,14.651,14.651,440
07/25/2017,14.387,14.387,14.387,14.387,376
08/01/2017,14.669,14.669,14.669,14.669,110
08/03/2017,14.788,14.788,14.788,14.788,438
08/07/2017,14.761,14.761,14.761,14.761,1094
08/09/2017,14.751,14.77,14.66,14.66,2568
08/11/2017,14.742,14.742,14.706,14.706,1527
08/14/2017,14.669,14.669,14.669,14.669,110
08/15/2017,14.487,14.487,14.478,14.478,679
08/16/2017,14.797,14.797,14.797,14.797,2189
08/18/2017,14.523,14.523,14.523,14.523,1423
08/24/2017,14.578,14.578,14.578,14.578,219
08/25/2017,14.487,14.514,14.487,14.514,4508
08/28/2017,14.523,14.523,14.523,14.523,141
08/30/2017,14.541,14.541,14.427,14.427,10504
08/31/2017,14.619,14.619,14.619,14.619,268
09/07/2017,14.054,14.13,14.054,14.13,1206
09/08/2017,14.075,14.514,14.06,14.514,2156
09/11/2017,14.087,14.087,14.087,14.087,223
09/12/2017,14.094,14.094,14.094,14.094,109
09/13/2017,14.276,14.276,14.276,14.276,334
09/15/2017,14.139,15.345,14.139,15.345,668
10/03/2017,14.797,14.797,14.797,14.797,532
10/05/2017,13.795,14.094,13.795,14.024,952
10/09/2017,14.139,14.139,14.139,14.139,328
10/10/2017,14.158,14.158,14.158,14.158,182
10/12/2017,14.039,14.039,14.039,14.039,219
10/17/2017,14.386,14.386,14.386,14.386,109
10/20/2017,13.893,14.167,13.893,14.167,439
10/25/2017,14.153,14.386,14.153,14.336,10719
10/30/2017,14.158,14.158,14.158,14.158,109
11/01/2017,14.642,14.642,14.642,14.642,109
11/03/2017,14.761,14.761,14.761,14.761,109
11/06/2017,14.715,14.734,14.67,14.67,349
11/09/2017,14.348,14.348,14.21,14.21,759
11/13/2017,14.028,14.028,13.532,13.532,1543
11/14/2017,14.486,14.669,14.486,14.669,335
11/21/2017,14.44,14.44,14.44,14.44,273
11/28/2017,13.798,13.798,13.798,13.798,109
11/30/2017,13.89,13.89,13.753,13.753,3233
12/01/2017,13.771,13.78,13.762,13.762,545
12/04/2017,13.771,14.147,13.771,13.982,872
12/07/2017,14.002,14.11,14.002,14.11,323
12/08/2017,13.844,13.844,13.844,13.844,286
12/12/2017,13.846,13.918,13.846,13.918,1527
12/13/2017,14.11,14.11,14.11,14.11,109
12/19/2017,14.046,14.046,14.046,14.046,436
12/21/2017,14.092,14.092,13.995,13.995,803
12/22/2017,14.101,14.101,14.101,14.101,218
12/26/2017,14.211,14.44,14.211,14.44,436
12/27/2017,14.33,14.33,14.33,14.33,436
12/29/2017,14.157,14.202,14.157,14.202,663
01/02/2018,14.22,14.22,14.22,14.22,164
01/03/2018,14.2,14.532,14.118,14.268,13774
01/04/2018,14.233,14.358,14.233,14.358,253
01/05/2018,14.394,14.541,14.394,14.541,5379
01/09/2018,14.486,14.486,14.486,14.486,109
01/10/2018,14.669,14.669,14.669,14.669,1746
01/11/2018,14.711,14.743,14.711,14.738,1116
01/12/2018,14.679,14.679,14.679,14.679,113
01/16/2018,14.761,14.761,14.761,14.761,109
01/17/2018,14.761,14.807,14.737,14.807,2455
01/18/2018,14.807,14.853,14.798,14.82,12433
01/19/2018,14.899,14.926,14.886,14.912,4145
01/22/2018,14.926,16.393,14.871,15.357,15060
01/23/2018,15.128,16.503,14.807,15.489,15648
01/24/2018,15.494,15.595,15.366,15.467,1646
01/25/2018,15.262,16.246,14.917,15.583,18499
01/26/2018,15.354,16.549,14.939,15.638,18277
01/29/2018,15.66,15.724,15.66,15.687,1287
01/30/2018,15.43,15.623,15.403,15.513,794
01/31/2018,15.174,15.632,15.109,15.492,3271
02/02/2018,15.705,15.705,15.587,15.587,654
02/05/2018,15.549,15.559,15.549,15.555,327
02/06/2018,15.082,15.082,15.082,15.082,582
02/07/2018,15.649,16.187,15.334,15.891,8531
02/09/2018,15.307,15.764,14.21,15.732,9914
02/13/2018,15.229,15.57,14.64,15.303,4694
02/14/2018,14.879,15.478,14.879,15.478,218
02/16/2018,15.294,15.294,15.294,15.294,658
02/20/2018,14.75,14.75,14.75,14.75,137
02/21/2018,14.65,14.75,14.429,14.648,1955
02/22/2018,14.379,14.75,14.333,14.75,1848
02/26/2018,14.697,15.128,14.354,14.826,13876
02/27/2018,14.73,15.939,14.531,15.137,12649
03/01/2018,16.309,16.492,14.962,15.331,56448
03/02/2018,15.635,15.635,14.981,15.082,1194
03/05/2018,15.202,15.202,15.202,15.202,327
03/06/2018,15.404,15.404,15.198,15.198,1125
03/07/2018,15.119,15.285,14.686,15.219,5946
03/08/2018,15.091,15.091,15.091,15.091,326
03/09/2018,14.981,15.847,14.746,14.852,15159
03/12/2018,14.511,15.883,14.511,15.386,30303
03/13/2018,15.57,15.662,14.787,14.787,27247
03/14/2018,15.156,15.156,14.879,14.879,1721
03/15/2018,14.739,15.165,14.739,15.165,1699
03/16/2018,15.063,15.202,14.75,15.017,6318
03/20/2018,14.557,14.575,14.557,14.566,434
03/23/2018,15.045,15.045,14.999,15.017,1741
03/26/2018,15.11,15.202,15.11,15.202,1194
03/28/2018,15.478,16.031,14.833,15.321,13099
03/29/2018,14.701,15.119,14.701,15.054,3902
04/02/2018,15.423,15.423,14.419,14.42,1569
04/03/2018,14.611,14.611,14.611,14.611,475
04/04/2018,14.373,14.4,14.373,14.373,760
04/05/2018,14.483,14.52,14.483,14.483,662
04/06/2018,14.483,14.483,14.483,14.483,109
04/10/2018,14.695,14.704,14.638,14.638,1302
04/11/2018,14.833,14.971,14.741,14.925,3327
04/13/2018,14.741,14.971,14.741,14.971,518
04/17/2018,14.879,14.879,14.879,14.879,111
04/18/2018,14.879,14.879,14.879,14.879,435
04/20/2018,14.688,14.741,14.688,14.741,2913
04/24/2018,14.686,14.686,14.686,14.686,1085
04/26/2018,14.723,14.815,14.723,14.815,3254
04/27/2018,15.008,15.017,14.612,14.612,7818
05/02/2018,14.824,14.824,14.824,14.824,271
05/04/2018,14.852,14.852,14.852,14.852,108
05/07/2018,14.796,14.796,14.629,14.796,3388
05/08/2018,14.972,14.972,14.652,14.81,581
05/10/2018,14.658,15.047,14.658,14.992,323
05/15/2018,15.242,15.242,15.242,15.242,108
05/21/2018,15.316,15.316,15.316,15.316,109
05/22/2018,15.158,15.158,14.995,14.995,1076
05/24/2018,14.805,14.805,14.545,14.747,10635
05/25/2018,15.13,15.316,14.713,14.963,2477
05/29/2018,14.759,14.759,14.703,14.703,754
05/30/2018,15.223,15.223,14.945,15.043,3900
05/31/2018,15.037,15.037,15.037,15.037,263
06/01/2018,15.037,15.037,15.037,15.037,323
06/04/2018,15.316,15.316,15.316,15.316,1834
06/06/2018,15.362,15.752,15.362,15.752,507
06/07/2018,15.107,15.334,15.107,15.334,1355
06/08/2018,15.455,15.78,15.316,15.52,10981
06/11/2018,15.316,15.316,15.316,15.316,754
06/12/2018,15.39,15.39,15.39,15.39,431
06/13/2018,15.428,15.437,15.312,15.312,4735
06/14/2018,15.362,15.362,15.346,15.346,2134
06/15/2018,15.316,15.316,15.316,15.316,1216
06/18/2018,15.529,15.529,15.32,15.32,521
06/19/2018,15.319,15.413,15.319,15.32,663
06/21/2018,15.316,15.316,15.316,15.316,539
06/22/2018,15.409,15.409,15.316,15.362,18555
06/26/2018,15.075,15.075,14.713,14.713,754
06/27/2018,15.037,15.037,15.037,15.037,129
06/29/2018,15.386,15.409,15.362,15.362,750
07/05/2018,15.061,15.149,14.713,15.103,1292
07/06/2018,15.339,15.362,15.339,15.339,646
07/09/2018,15.269,15.316,15.269,15.316,2586
07/10/2018,15.149,15.149,15.149,15.149,646
07/13/2018,15.316,15.316,15.316,15.316,108
07/16/2018,15.316,15.316,15.316,15.316,646
07/17/2018,15.251,15.251,15.251,15.251,108
07/19/2018,15.186,15.186,15.186,15.186,114
07/23/2018,15.27,15.27,15.27,15.27,269
07/24/2018,15.297,15.297,15.181,15.181,677
07/26/2018,15.316,15.316,15.316,15.316,216
07/27/2018,15.316,15.316,15.315,15.315,615
07/30/2018,15.223,15.223,15.223,15.223,377
08/01/2018,15.205,15.205,15.205,15.205,108
08/02/2018,15.223,15.223,15.223,15.223,1508
08/07/2018,15.288,15.288,15.288,15.288,215
08/08/2018,15.316,15.316,15.27,15.272,2737
08/10/2018,15.186,15.195,14.896,14.896,4868
08/21/2018,15.335,15.335,15.316,15.316,220
08/23/2018,15.344,15.344,15.344,15.344,431
08/27/2018,15.111,15.111,15.111,15.111,309
08/30/2018,15.092,15.297,15.092,15.297,214
08/31/2018,15.158,15.158,14.896,14.946,964
09/10/2018,14.934,14.934,14.934,14.934,1072
09/14/2018,15.158,15.158,15.09,15.139,1668
09/19/2018,14.93,15.018,14.93,15.018,214
09/21/2018,14.934,14.934,14.934,14.934,154
09/25/2018,14.934,15.111,14.934,15.111,282
09/27/2018,15.111,15.111,14.943,15.111,2144
09/28/2018,15.014,15.102,15.014,15.102,944
10/01/2018,14.924,14.924,14.924,14.924,214
10/05/2018,15.102,15.111,15.027,15.06,8550
10/08/2018,15.006,15.027,15.006,15.027,3052
10/10/2018,15.018,15.018,15.018,15.018,163
10/11/2018,14.999,15.391,14.999,14.999,7134
10/15/2018,15.363,15.363,15.363,15.363,107
10/16/2018,15.062,15.083,15.016,15.016,712
10/17/2018,15.027,15.027,15.018,15.018,433
10/18/2018,14.924,14.924,14.924,14.924,174
10/19/2018,14.85,14.85,14.85,14.85,845
10/22/2018,14.709,14.728,14.383,14.728,4824
10/23/2018,14.386,14.402,13.405,13.405,1206
10/24/2018,14.271,14.271,11.566,13.593,3957
10/25/2018,13.898,13.898,13.898,13.898,107
10/26/2018,13.152,13.152,13.152,13.152,107
10/29/2018,13.18,13.18,13.18,13.18,107
10/30/2018,13.059,13.059,11.426,11.837,8174
10/31/2018,12.303,12.359,12.126,12.238,3825
11/01/2018,12.369,12.369,12.369,12.369,214
11/02/2018,12.448,12.499,12.415,12.499,2852
11/05/2018,12.639,12.816,12.527,12.816,3792
11/06/2018,12.878,13.105,12.865,13.105,1821
11/07/2018,13.166,13.208,13.105,13.105,1179
11/08/2018,13.416,13.603,13.276,13.603,1385
11/09/2018,13.481,13.481,13.481,13.481,107
11/12/2018,13.492,13.603,13.492,13.603,959
11/13/2018,13.512,13.668,13.512,13.512,1493
11/14/2018,13.696,13.696,13.696,13.696,533
11/15/2018,13.837,13.837,13.204,13.696,11934
11/16/2018,13.734,13.734,13.686,13.686,217
11/19/2018,13.794,13.809,13.719,13.809,1386
11/20/2018,13.867,13.875,13.848,13.848,10051
11/21/2018,13.884,13.931,13.884,13.931,789
11/27/2018,13.95,13.95,13.95,13.95,270
11/28/2018,14.119,14.119,14.087,14.119,320
11/29/2018,14.522,14.897,14.522,14.888,1737
11/30/2018,14.888,15.366,14.888,15.366,1172
12/03/2018,14.822,14.822,14.822,14.822,176
12/04/2018,14.606,14.879,14.54,14.606,25655
12/06/2018,14.542,14.606,14.374,14.449,5862
12/07/2018,14.85,14.916,14.85,14.85,937
12/10/2018,14.425,14.447,14.399,14.447,1225
12/11/2018,14.541,14.541,14.541,14.541,213
12/13/2018,14.785,14.785,14.785,14.785,330
12/14/2018,14.625,14.625,13.021,14.325,4240
12/18/2018,14.076,14.109,13.232,13.715,2132
12/19/2018,14.072,14.072,13.668,13.668,214
12/20/2018,13.903,13.912,13.837,13.837,2717
12/21/2018,13.884,13.953,13.837,13.906,3493
12/24/2018,13.959,13.959,13.959,13.959,107
12/26/2018,13.842,13.842,13.842,13.842,661
12/27/2018,13.837,13.837,13.837,13.837,339
12/28/2018,13.967,14.062,13.967,14.062,427
12/31/2018,13.856,14.072,13.856,14.072,6707
01/02/2019,13.856,13.856,13.856,13.856,108
01/03/2019,13.856,14.072,13.856,13.931,1205
01/04/2019,14.072,14.072,13.889,13.889,869
01/11/2019,13.94,13.94,13.94,13.94,214
01/15/2019,14.072,14.072,13.997,13.997,320
01/16/2019,13.837,14.034,13.837,14.034,912
01/17/2019,14.034,14.034,14.034,14.034,172
01/18/2019,14.061,14.156,14.06,14.156,4129
01/22/2019,14.25,14.306,14.25,14.265,7425
01/23/2019,14.428,14.428,14.428,14.428,458
01/24/2019,14.606,14.606,14.515,14.515,214
01/28/2019,14.606,14.606,14.54,14.54,4031
01/29/2019,14.541,14.541,14.541,14.541,106
01/30/2019,13.612,14.56,13.612,14.56,559
02/01/2019,14.651,14.681,14.651,14.679,1105
02/04/2019,14.698,14.711,14.698,14.698,2485
02/05/2019,14.71,14.71,14.71,14.71,320
02/06/2019,14.719,14.719,14.719,14.719,311
02/08/2019,14.87,14.87,14.87,14.87,251
02/11/2019,14.453,14.719,14.453,14.719,1537
02/12/2019,14.918,14.983,14.675,14.983,5708
02/13/2019,15.149,15.21,15.045,15.14,2650
02/14/2019,15.21,15.21,15.21,15.21,150
02/15/2019,15.221,15.758,15.221,15.758,530
02/19/2019,15.446,15.975,15.437,15.975,2204
02/20/2019,15.72,15.72,15.72,15.72,106
02/21/2019,16.001,17.41,15.737,16.124,11781
02/22/2019,16.834,16.938,15.98,16.094,2451
02/25/2019,16.437,16.806,16.315,16.315,2838
02/26/2019,16.297,16.683,16.118,16.146,4606
03/01/2019,16.302,16.494,16.268,16.405,5790
03/04/2019,16.409,16.409,16.305,16.318,657
03/07/2019,16.333,16.333,16.239,16.333,1900
03/08/2019,16.579,16.579,16.579,16.579,306
03/11/2019,16.475,16.475,16.475,16.475,106
03/12/2019,16.496,16.532,16.496,16.532,2237
03/14/2019,16.541,16.541,16.541,16.541,17043
03/15/2019,16.617,16.617,16.617,16.617,122
03/18/2019,16.636,16.649,16.636,16.636,3799
03/19/2019,16.636,16.994,16.636,16.711,13255
03/20/2019,16.938,16.938,16.938,16.938,212
03/22/2019,16.815,16.815,16.815,16.815,106
03/25/2019,16.466,16.466,16.466,16.466,279
03/26/2019,16.333,16.371,16.332,16.371,2119
03/27/2019,16.289,16.289,16.285,16.285,233
04/01/2019,16.379,16.379,16.379,16.379,1144
04/02/2019,16.381,16.57,16.324,16.57,14829
04/03/2019,16.381,16.381,16.381,16.381,212
04/04/2019,16.381,16.381,16.343,16.343,10855
04/05/2019,16.298,16.324,16.298,16.298,13902
04/09/2019,16.239,16.239,16.211,16.211,564
04/10/2019,16.119,16.173,16.063,16.063,12623
04/11/2019,16.05,16.05,16.05,16.05,445
04/15/2019,16.107,16.107,16.048,16.048,1195
04/22/2019,16.11,16.22,16.054,16.22,2912
04/30/2019,16.267,16.267,16.106,16.106,29513
05/01/2019,16.173,16.173,16.173,16.173,106
05/06/2019,16.239,16.239,16.239,16.239,130
05/07/2019,16.249,16.249,16.201,16.201,741
05/08/2019,16.192,16.192,16.192,16.192,280
05/09/2019,16.331,16.331,16.331,16.331,530
05/16/2019,16.239,16.239,16.239,16.239,105
05/21/2019,16.36,16.592,16.36,16.592,335
05/22/2019,16.315,16.315,16.249,16.249,517
05/28/2019,16.392,16.392,16.392,16.392,252
05/30/2019,16.354,16.411,16.354,16.411,681
06/03/2019,16.525,16.525,16.525,16.525,105
06/04/2019,16.363,16.363,16.333,16.333,313
06/07/2019,16.468,16.468,16.468,16.468,105
06/11/2019,16.334,16.334,16.334,16.334,105
06/12/2019,16.363,16.363,16.363,16.363,1048
06/13/2019,16.339,16.497,16.339,16.434,603
06/17/2019,16.601,16.993,16.601,16.993,261
06/18/2019,16.446,16.64,16.446,16.64,1153
06/20/2019,16.64,16.888,16.64,16.888,313
06/21/2019,16.373,16.373,16.373,16.373,105
06/24/2019,16.697,16.697,16.501,16.501,786
06/25/2019,16.936,16.936,16.936,16.936,105
06/26/2019,16.375,16.621,16.375,16.621,471
06/27/2019,16.506,16.506,16.506,16.506,105
06/28/2019,16.602,16.602,16.602,16.602,612
07/02/2019,16.554,16.554,16.554,16.554,173
07/03/2019,16.498,16.621,16.483,16.483,612
07/05/2019,16.523,16.563,16.523,16.55,1027
07/10/2019,16.408,16.497,16.408,16.497,786
07/11/2019,16.525,16.525,16.525,16.525,106
07/12/2019,16.373,16.373,16.373,16.373,711
07/15/2019,16.412,16.42,16.412,16.412,533
07/16/2019,16.315,16.315,16.291,16.291,210
07/17/2019,16.554,16.983,16.554,16.936,785
07/18/2019,16.43,16.449,16.43,16.449,494
07/24/2019,16.42,16.859,16.412,16.859,524
07/25/2019,16.707,16.707,16.707,16.707,148
07/29/2019,16.888,16.888,16.716,16.878,379
07/30/2019,16.503,16.506,16.408,16.408,314
07/31/2019,16.554,16.936,16.554,16.688,909
08/01/2019,16.621,16.955,16.602,16.955,1153
08/02/2019,16.554,16.554,16.554,16.554,156
08/05/2019,16.506,16.506,16.249,16.334,3206
08/08/2019,16.315,16.315,16.315,16.315,112
08/14/2019,16.603,16.603,16.507,16.507,259
08/15/2019,16.315,16.315,16.315,16.315,104
08/19/2019,16.315,16.315,16.315,16.315,208
08/21/2019,16.315,16.315,16.315,16.315,250
08/22/2019,16.32,16.431,16.099,16.224,12491
08/27/2019,15.96,15.96,15.96,15.96,479
08/28/2019,15.964,16.018,15.858,16.018,2229
08/29/2019,15.452,15.452,15.452,15.452,104
09/04/2019,15.377,15.605,15.377,15.502,1630
09/05/2019,15.375,15.375,15.375,15.375,250
09/06/2019,15.269,15.404,15.269,15.404,667
09/09/2019,15.138,15.384,15.138,15.215,687
09/10/2019,15.336,15.336,15.336,15.336,255
09/12/2019,15.208,15.327,15.131,15.198,2449
09/13/2019,15.183,15.183,14.991,14.994,6907
09/16/2019,14.895,14.895,14.703,14.737,734
09/18/2019,14.511,14.511,14.511,14.511,104
09/19/2019,14.645,14.645,14.645,14.645,208
09/20/2019,14.636,14.636,14.636,14.636,2273
09/24/2019,15.241,15.5,14.693,14.693,771
09/25/2019,15.49,15.49,15.384,15.413,3658
09/30/2019,15.356,15.356,15.356,15.356,1980
10/01/2019,14.895,14.895,14.895,14.895,471
10/02/2019,14.809,15.068,14.809,15.068,967
10/03/2019,14.709,14.943,14.709,14.943,940
10/04/2019,14.713,15.384,14.713,15.384,1510
10/09/2019,14.936,15.087,14.936,15.087,1354
10/10/2019,14.645,14.645,14.645,14.645,1045
10/11/2019,15.154,15.154,15.154,15.154,141
10/14/2019,15.26,15.49,15.26,15.49,1146
10/15/2019,14.636,15.26,14.636,15.26,1670
10/16/2019,14.17,14.809,14.17,14.809,1006
10/18/2019,14.799,14.799,14.799,14.799,155
10/21/2019,14.687,14.981,14.687,14.981,1586
10/22/2019,14.261,14.866,14.261,14.693,1040
10/28/2019,14.837,14.837,14.837,14.837,155
10/29/2019,14.953,14.953,14.953,14.953,339
11/05/2019,15.116,15.116,15.116,15.116,122
11/07/2019,15.502,15.502,14.975,15.362,1238
11/08/2019,15.029,15.029,15.029,15.029,388
11/11/2019,15.029,15.434,15.029,15.434,646
11/13/2019,15.434,15.434,15.434,15.434,414
11/15/2019,15.502,15.589,15.502,15.589,460
11/18/2019,15.434,15.434,15.434,15.434,104
11/19/2019,15.195,15.84,15.195,15.746,2091
11/20/2019,15.319,15.676,15.318,15.676,1526
11/21/2019,15.183,15.567,15.183,15.567,730
11/22/2019,15.222,15.222,15.222,15.222,311
11/25/2019,15.28,15.463,15.28,15.463,208
11/27/2019,15.232,15.599,15.232,15.464,1144
12/02/2019,15.222,15.406,15.222,15.406,829
12/03/2019,15.183,15.502,15.183,15.183,6006
12/04/2019,14.836,14.836,14.836,14.836,373
12/05/2019,15.164,15.164,14.871,15.161,2225
12/06/2019,14.678,14.678,14.678,14.678,278
12/09/2019,15.261,15.599,15.241,15.599,3118
12/10/2019,15.212,15.212,15.212,15.212,207
12/11/2019,15.859,15.859,15.406,15.406,5384
12/12/2019,15.213,15.415,15.213,15.301,1925
12/17/2019,15.55,15.55,15.55,15.55,1139
12/26/2019,15.425,15.55,15.425,15.55,1263
12/27/2019,15.744,15.744,15.556,15.556,388
12/30/2019,15.473,15.473,15.473,15.473,414
01/03/2020,15.705,15.706,15.705,15.706,1135
01/08/2020,15.729,15.85,15.729,15.85,2358
01/09/2020,15.908,15.917,15.888,15.917,2015
01/13/2020,16.294,16.294,16.178,16.181,995
01/15/2020,16.375,16.391,16.288,16.288,1242
01/17/2020,16.091,16.091,16.091,16.091,711
01/21/2020,15.993,16.236,15.993,16.236,1681
01/22/2020,16.323,16.41,16.323,16.41,2622
01/23/2020,16.478,16.478,16.478,16.478,310
01/27/2020,16.043,16.043,16.043,16.043,154
01/29/2020,16.226,16.226,16.178,16.178,207
01/30/2020,16.352,16.352,16.352,16.352,1553
01/31/2020,16.352,16.381,16.352,16.352,7108
02/04/2020,16.198,16.198,16.198,16.198,243
02/05/2020,16.362,16.362,16.231,16.231,838
02/06/2020,16.275,16.275,16.275,16.275,112
02/07/2020,16.353,16.353,16.353,16.353,103
02/10/2020,16.294,16.294,16.188,16.27,1104
02/12/2020,16.353,16.353,16.353,16.353,385
02/14/2020,16.372,16.411,16.347,16.347,8182
02/18/2020,16.275,16.275,16.207,16.275,2989
02/19/2020,16.314,16.314,16.314,16.314,111
02/24/2020,16.297,16.304,15.9,15.9,2929
02/25/2020,16.003,16.003,16.003,16.003,464
02/26/2020,15.904,16.003,15.894,15.941,4196
02/27/2020,16.119,16.119,16.119,16.119,109
02/28/2020,15.886,15.886,15.886,15.886,116
03/02/2020,15.891,15.954,15.891,15.954,338
03/04/2020,16.051,16.051,16.02,16.02,210
03/05/2020,15.884,15.925,15.884,15.925,797
03/09/2020,15.449,15.449,14.817,14.817,1491
03/10/2020,14.821,14.895,14.821,14.821,1091
03/11/2020,14.536,14.652,14.297,14.482,3364
03/12/2020,14.331,14.38,14.283,14.332,5732
03/13/2020,14.089,14.234,14.089,14.234,1750
03/16/2020,13.36,13.603,13.36,13.36,609
03/17/2020,13.36,13.506,13.36,13.506,509
03/18/2020,13.358,13.389,13.358,13.389,1027
03/19/2020,13.214,15.439,13.117,15.439,918
03/20/2020,13.991,13.991,13.263,13.263,449
03/23/2020,13.114,13.476,13.114,13.114,11943
03/24/2020,13.334,13.476,12.829,13.072,618
03/25/2020,13.02,13.02,12.873,12.873,309
03/26/2020,12.922,12.923,12.728,12.848,1714
03/27/2020,12.733,12.796,12.689,12.689,2757
03/30/2020,12.923,12.923,12.642,12.709,926
03/31/2020,12.706,12.738,12.706,12.738,1214
04/02/2020,12.709,12.709,12.709,12.709,412
04/03/2020,12.714,13.098,12.714,12.714,3834
04/06/2020,12.696,12.923,12.631,12.631,721
04/07/2020,13.894,13.894,13.894,13.894,103
04/13/2020,13.132,13.593,13.132,13.539,2639
04/14/2020,13.204,13.204,13.204,13.204,395
04/15/2020,13.234,13.234,13.234,13.234,438
04/16/2020,13.185,13.185,12.894,12.894,1487
04/17/2020,12.884,13.185,12.821,13.185,777
04/21/2020,12.641,13.185,12.641,13.185,500
04/22/2020,12.684,12.748,12.646,12.709,1436
04/23/2020,12.689,12.689,12.689,12.689,309
04/24/2020,12.649,13.039,12.649,13.039,206
04/29/2020,13.185,13.185,13.057,13.057,206
05/04/2020,13.204,13.204,13.204,13.204,110
05/11/2020,12.842,12.842,12.842,12.842,627
05/12/2020,12.749,13.097,12.73,12.73,5311
05/14/2020,13.091,13.459,13.02,13.459,783
05/15/2020,12.725,12.725,12.725,12.725,102
05/18/2020,12.725,12.823,12.725,12.744,2062
05/19/2020,13.273,13.273,12.971,12.971,228
05/22/2020,12.97,13.214,12.725,13.214,1452
05/26/2020,12.847,12.847,12.782,12.845,919
05/27/2020,12.739,13.048,12.739,13.048,1123
05/28/2020,12.862,12.862,12.852,12.852,552
05/29/2020,12.735,12.735,12.725,12.725,1400
06/02/2020,12.725,13.087,12.725,13.033,4009
06/03/2020,13.136,13.136,13.136,13.136,204
06/05/2020,13.126,13.126,12.925,12.925,5654
06/08/2020,13.014,13.175,13.011,13.175,914
06/09/2020,12.832,12.94,12.832,12.859,752
06/10/2020,12.862,12.862,12.862,12.862,255
06/11/2020,12.725,12.735,12.725,12.725,1489
06/12/2020,12.813,12.813,12.722,12.722,608
06/15/2020,12.722,12.725,12.722,12.725,1755
06/17/2020,13.015,13.015,13.015,13.015,715
06/19/2020,13.214,13.214,13.214,13.214,102
06/22/2020,13.283,13.283,13.283,13.283,106
06/23/2020,12.852,13.058,12.842,13.058,1467
06/25/2020,12.774,12.774,12.774,12.774,102
06/26/2020,12.822,12.911,12.724,12.724,1830
06/29/2020,12.901,12.901,12.901,12.901,345
06/30/2020,12.823,12.921,12.823,12.921,306
07/02/2020,12.744,12.793,12.744,12.793,204
07/06/2020,13.048,13.048,12.723,12.723,2175
07/07/2020,12.739,13.204,12.729,13.199,1104
07/08/2020,12.737,13.087,12.737,12.996,1508
07/09/2020,12.861,13.195,12.861,13.195,566
07/10/2020,12.774,12.774,12.774,12.774,370
07/14/2020,12.774,12.774,12.774,12.774,204
07/15/2020,12.725,12.725,12.725,12.725,802
07/16/2020,12.725,12.735,12.725,12.735,787
07/20/2020,12.725,12.725,12.725,12.725,102
07/21/2020,12.725,12.725,12.725,12.725,102
07/23/2020,12.73,13.087,12.73,13.087,204
07/31/2020,12.788,13.39,12.788,13.39,410
08/05/2020,12.784,12.784,12.784,12.784,1635
08/07/2020,12.922,12.922,12.922,12.922,101
08/10/2020,12.833,13.168,12.833,13.168,248
08/11/2020,13.158,13.158,13.158,13.158,407
08/13/2020,12.831,12.931,12.831,12.931,568
08/14/2020,12.833,12.833,12.833,12.833,406
08/17/2020,12.826,12.941,12.826,12.9,4300
08/18/2020,13.06,13.06,13.06,13.06,101
08/21/2020,12.892,12.892,12.892,12.892,130
08/24/2020,13.06,13.06,13.06,13.06,130
08/25/2020,12.843,12.872,12.843,12.872,2028
08/26/2020,13.05,13.287,13.05,13.287,2029
08/28/2020,13.277,13.277,13.277,13.277,101
08/31/2020,13.05,13.05,12.84,12.84,1236
09/01/2020,13.36,13.592,13.36,13.592,709
09/02/2020,12.932,13.188,12.932,13.188,482
09/08/2020,13.79,13.79,13.598,13.682,1272
09/09/2020,13.77,13.77,13.77,13.77,101
09/10/2020,13.78,13.78,13.78,13.78,101
09/11/2020,13.77,13.77,13.77,13.77,101
09/14/2020,13.711,13.711,13.711,13.711,101
09/15/2020,13.77,13.77,13.77,13.77,101
09/16/2020,13.75,13.75,13.75,13.75,101
09/17/2020,13.75,13.75,13.75,13.75,101
09/18/2020,12.931,12.931,12.931,12.931,1402
09/24/2020,13.01,13.01,13.01,13.01,101
09/25/2020,12.936,13.001,12.936,12.965,507
09/28/2020,13.02,13.198,12.941,12.971,2834
09/29/2020,13.063,13.089,12.926,12.926,3243
09/30/2020,13.198,13.247,13.135,13.135,710
10/01/2020,13.139,13.139,13.001,13.018,1511
10/05/2020,13.198,13.198,13.198,13.198,143
10/06/2020,13.198,13.198,13.198,13.198,151
10/07/2020,13.04,13.04,13.04,13.04,101
10/09/2020,13.099,13.099,13.099,13.099,253
10/13/2020,13.227,13.227,13.135,13.135,608
10/16/2020,13.287,13.287,13.287,13.287,304
10/20/2020,13.139,13.139,13.139,13.139,203
10/22/2020,13.366,13.366,13.143,13.143,304
10/23/2020,13.277,13.277,13.267,13.267,507
10/26/2020,13.375,13.375,13.273,13.273,1115
10/27/2020,13.312,13.312,13.312,13.312,203
10/28/2020,13.557,13.809,13.557,13.809,2716
10/29/2020,13.716,14.086,13.716,14.022,3996
11/02/2020,14.036,14.036,13.864,13.943,1231
11/04/2020,13.918,13.918,13.869,13.869,1013
11/05/2020,13.912,13.967,13.912,13.967,259
11/06/2020,14.007,14.086,14.007,14.031,605
11/09/2020,14.195,14.504,14.195,14.32,3143
11/10/2020,14.275,14.275,14.206,14.206,213
11/11/2020,14.504,14.504,14.504,14.504,201
11/12/2020,14.405,14.533,14.355,14.435,902
11/13/2020,14.504,14.782,14.504,14.752,698
11/16/2020,14.762,14.762,14.762,14.762,114
11/20/2020,15.278,15.278,15.278,15.278,101
11/23/2020,15.189,15.189,15.189,15.189,1007
11/27/2020,14.946,15.02,14.901,14.901,1811
11/30/2020,15.298,15.298,15.298,15.298,101
12/03/2020,15.288,15.288,15.288,15.288,646
12/04/2020,15.646,15.865,15.646,15.865,2351
12/07/2020,15.894,15.944,15.845,15.845,6604
12/08/2020,15.004,15.139,14.755,14.755,605
12/09/2020,14.861,14.861,14.603,14.603,404
12/10/2020,14.702,14.752,14.702,14.752,202
12/11/2020,14.802,14.802,14.802,14.802,101
12/14/2020,15.269,15.269,14.663,14.663,367
12/15/2020,14.603,14.802,14.603,14.638,2543
12/16/2020,14.603,14.603,14.206,14.206,3170
12/17/2020,14.538,14.603,14.156,14.37,5543
12/18/2020,14.325,14.444,14.325,14.444,3253
12/21/2020,14.305,14.305,14.265,14.265,3015
12/22/2020,14.255,14.255,14.255,14.255,2829
12/23/2020,14.592,14.762,14.592,14.762,2682
12/28/2020,14.911,14.911,14.911,14.911,201
12/31/2020,14.315,14.792,14.231,14.231,4103
